-0.374099 1.000000 0.657764
-0.425734 0.987513 0.644145
-0.468721 0.977012 0.622992
-0.515780 0.983813 0.627813
-0.561530 0.978917 0.623414
-0.610647 0.942653 0.604331
-0.653863 0.904377 0.603407
-0.699052 0.878043 0.599510
-0.739405 0.817786 0.592800
-0.786061 0.797220 0.598385
-0.818239 0.721810 0.603306
-0.864003 0.697299 0.614315
-0.891073 0.616937 0.631068
-0.934535 0.577627 0.646917
-0.948408 0.485215 0.669938
-0.981061 0.431486 0.688880
-0.984170 0.341440 0.723532
-1.000000 0.274844 0.760353
-0.987983 0.198781 0.806314
-0.992876 0.134607 0.850426
-0.960482 0.076444 0.894539
-0.933973 0.039609 0.942689
-0.894124 0.007182 0.969848
-0.852807 -0.021736 1.000000
-0.809864 -0.072064 0.999879
-0.769712 -0.123970 0.977924
-0.736641 -0.166871 0.934735
-0.714810 -0.191463 0.873608
-0.703211 -0.182132 0.807017
-0.709888 -0.184825 0.745548
-0.717976 -0.222122 0.690407
-0.712363 -0.258794 0.637275
-0.688316 -0.249599 0.586453
-0.672155 -0.290623 0.541577
-0.643257 -0.301967 0.500577
-0.620577 -0.293017 0.453552
-0.596874 -0.322615 0.412734
-0.568437 -0.325934 0.370690
-0.559716 -0.339944 0.316553
-0.529495 -0.359395 0.274329
-0.495143 -0.308333 0.260689
-0.459813 -0.325662 0.232968
-0.425921 -0.293479 0.207758
-0.399499 -0.310046 0.161556
-0.359190 -0.351615 0.145767
-0.313123 -0.342066 0.111397
-0.269360 -0.355614 0.076986
-0.231151 -0.333333 0.035425
-0.203635 -0.285073 -0.018250
-0.190280 -0.237846 -0.068710
-0.180221 -0.156125 -0.083937
-0.184495 -0.104818 -0.147233
-0.236721 -0.102288 -0.154827
-0.278872 -0.077450 -0.157418
-0.304402 -0.146386 -0.197513
-0.288975 -0.238309 -0.180459
-0.272382 -0.258658 -0.126141
-0.314375 -0.248130 -0.101574
-0.336739 -0.307707 -0.138194
-0.318534 -0.380560 -0.124655
-0.338682 -0.378601 -0.061880
-0.382647 -0.363557 -0.066320
-0.391052 -0.440083 -0.101172
-0.371321 -0.499905 -0.063025
-0.400521 -0.473898 -0.008045
-0.441190 -0.505563 -0.016944
-0.433318 -0.578389 0.017426
-0.418639 -0.654207 0.015458
-0.408436 -0.697897 -0.037936
-0.392073 -0.742947 -0.087573
-0.402910 -0.797573 -0.128090
-0.390706 -0.825730 -0.185722
-0.431548 -0.868740 -0.197091
-0.462245 -0.808673 -0.216275
-0.443479 -0.796512 -0.278808
-0.451149 -0.882831 -0.305164
-0.498582 -0.886232 -0.309081
-0.538388 -0.884708 -0.336742
-0.580598 -0.852825 -0.333969
-0.622563 -0.882940 -0.342045
-0.669492 -0.886477 -0.323765
-0.695209 -0.915993 -0.271657
-0.709485 -0.913518 -0.201711
-0.737620 -0.920020 -0.151231
-0.741146 -0.946843 -0.090706
-0.725733 -0.950271 -0.017989
-0.716321 -0.970293 0.046393
-0.680919 -1.000000 0.091590
-0.633960 -0.981555 0.127005
-0.593305 -0.980277 0.159065
-0.549657 -0.970483 0.144984
-0.507390 -0.979624 0.160752
-0.473024 -0.929487 0.144742
-0.431203 -0.923148 0.148419
-0.400060 -0.872004 0.130902
-0.357175 -0.873228 0.117704
-0.329241 -0.818249 0.101031
-0.300560 -0.794227 0.063588
-0.263618 -0.754373 0.061318
-0.240002 -0.697707 0.037132
-0.208600 -0.683887 -0.003887
-0.164765 -0.691504 -0.005213
-0.159008 -0.656873 -0.063387
-0.168693 -0.574281 -0.051475
-0.139494 -0.563019 -0.005353
-0.102293 -0.582170 -0.036469
-0.102494 -0.522103 -0.079317
-0.103991 -0.453766 -0.042677
-0.070459 -0.475829 0.003104
-0.036093 -0.510895 -0.042677
-0.034668 -0.485595 -0.102016
-0.036151 -0.400637 -0.097737
-0.000187 -0.391278 -0.063106
0.027948 -0.428793 -0.102036
0.022781 -0.375636 -0.148117
0.033790 -0.305911 -0.116821
0.074374 -0.330803 -0.101252
0.089614 -0.336135 -0.160029
0.082174 -0.258032 -0.176079
0.107128 -0.222014 -0.132891
0.146229 -0.255420 -0.146812
0.148042 -0.236867 -0.207155
0.140890 -0.153486 -0.201852
0.176767 -0.134498 -0.169531
0.207032 -0.165565 -0.206974
0.195375 -0.130988 -0.261453
0.194195 -0.047988 -0.246989
0.234792 -0.042901 -0.224009
0.254681 -0.066569 -0.276659
0.241167 -0.003346 -0.310929
0.259056 0.056830 -0.278808
0.300747 0.031013 -0.279049
0.307770 0.026116 -0.341141
0.299466 0.109388 -0.350502
0.327025 0.147148 -0.309121
0.367651 0.116652 -0.320430
0.369767 0.149650 -0.378303
0.366831 0.233412 -0.371996
0.388173 0.283033 -0.327059
0.347792 0.345276 -0.349899
0.312792 0.316684 -0.392606
0.270482 0.300525 -0.385876
0.265560 0.341195 -0.450679
0.277951 0.304415 -0.507669
0.238131 0.243668 -0.513414
0.197332 0.213825 -0.520967
0.203232 0.139966 -0.492482
0.213061 0.168857 -0.435935
0.172852 0.200087 -0.424806
0.150287 0.128186 -0.428744
0.172119 0.083544 -0.386479
0.163254 0.132349 -0.339232
0.119303 0.130988 -0.341864
0.114856 0.049729 -0.334090
0.135061 0.047907 -0.278065
0.105674 0.098425 -0.250063
0.069884 0.051090 -0.259102
0.085671 -0.015343 -0.229312
0.090449 0.023314 -0.174071
0.047736 0.043146 -0.166076
0.034093 -0.034794 -0.163083
0.060688 -0.059523 -0.115133
0.039691 -0.015452 -0.070438
0.001684 -0.066324 -0.071081
0.010405 -0.147039 -0.056537
0.004332 -0.147746 0.004369
-0.039619 -0.130879 0.000954
-0.050628 -0.198944 -0.030945
-0.035805 -0.254087 0.010235
-0.061911 -0.231970 0.056577
-0.099227 -0.250551 0.029057
-0.090621 -0.332463 0.017587
-0.085944 -0.354362 0.077489
-0.128528 -0.320901 0.093539
-0.160778 -0.319514 0.050390
-0.159354 -0.228080 0.049245
-0.140055 -0.177997 0.093720
-0.129434 -0.094779 0.118809
-0.095903 -0.040861 0.153702
-0.091801 0.044125 0.126021
-0.127736 0.088033 0.100790
-0.133838 0.147610 0.056035
-0.093010 0.165374 0.039462
-0.084217 0.089502 0.016823
-0.115849 0.085176 -0.024437
-0.101530 0.149732 -0.057582
-0.059364 0.127397 -0.069855
-0.065897 0.051226 -0.096592
-0.094651 0.076253 -0.140404
-0.067308 0.133709 -0.164710
-0.033344 0.080933 -0.178128
-0.054615 0.033461 -0.217862
-0.066415 0.093501 -0.255928
-0.027861 0.127397 -0.267941
-0.009412 0.059713 -0.293111
-0.037273 0.051906 -0.340257
-0.030610 0.126908 -0.365909
0.013614 0.127941 -0.370208
0.018147 0.062706 -0.406707
-0.006231 0.091406 -0.453813
0.017629 0.161539 -0.464199
0.055564 0.122528 -0.475588
0.041950 0.078239 -0.524361
0.031790 0.144618 -0.558390
0.072762 0.177725 -0.558370
0.091859 0.112625 -0.584665
0.069869 0.115781 -0.638018
0.082404 0.193667 -0.652903
0.125549 0.179766 -0.654591
0.122613 0.120787 -0.699266
0.105487 0.170761 -0.741792
0.138587 0.224925 -0.743158
0.171572 0.170190 -0.756657
0.150201 0.136919 -0.813164
0.127966 0.203406 -0.843516
0.156893 0.276341 -0.816599
0.200138 0.299219 -0.809949
0.190726 0.386028 -0.824232
0.151971 0.411681 -0.797013
0.165527 0.388041 -0.734801
0.195504 0.434533 -0.706116
0.165211 0.478223 -0.671083
0.148762 0.405071 -0.639244
0.191273 0.370249 -0.618874
0.198757 0.403547 -0.559455
0.196814 0.412334 -0.497886
0.165556 0.471395 -0.495877
0.134313 0.419761 -0.518235
0.136054 0.363612 -0.473218
0.124599 0.416279 -0.428302
0.085642 0.436954 -0.451242
0.068502 0.361762 -0.452045
0.069797 0.350254 -0.392164
0.043433 0.412253 -0.375210
0.008376 0.384287 -0.407752
0.004504 0.309992 -0.378866
-0.004562 0.341576 -0.323805
-0.040885 0.381920 -0.340337
-0.061983 0.314345 -0.362112
-0.063652 0.272994 -0.308558
-0.087426 0.327539 -0.276679
-0.121721 0.319840 -0.315167
-0.130240 0.237166 -0.313038
-0.138170 0.240458 -0.246286
-0.174795 0.271988 -0.224933
-0.191777 0.199353 -0.205528
-0.161656 0.184689 -0.161415
-0.171788 0.249980 -0.125659
-0.215911 0.227455 -0.117182
-0.212270 0.132757 -0.106295
-0.185085 0.116570 -0.058626
-0.202815 0.060448 -0.002320
-0.229957 0.013521 0.033175
-0.252565 -0.063984 0.048864
-0.279333 -0.114530 0.081868
-0.288572 -0.182459 0.124615
-0.298646 -0.234881 0.170595
-0.277879 -0.196360 0.225094
-0.248967 -0.129764 0.203600
-0.228071 -0.134280 0.149242
-0.198685 -0.113333 0.092514
-0.184250 -0.080579 0.031608
-0.171413 -0.058299 -0.031648
-0.195749 -0.004271 -0.085725
-0.235224 0.019859 -0.118649
-0.273850 0.073723 -0.113868
-0.314721 0.092304 -0.142031
-0.357678 0.114149 -0.147394
-0.362456 0.049729 -0.199060
-0.354167 -0.029816 -0.218806
-0.373422 -0.018853 -0.275916
-0.353131 0.054082 -0.298756
-0.310907 0.053320 -0.279371
-0.297566 -0.015126 -0.308900
-0.299898 0.013140 -0.365568
-0.271346 0.077478 -0.357111
-0.237426 0.033924 -0.332905
-0.230763 -0.012242 -0.384771
-0.225064 0.047036 -0.427639
-0.190021 0.086564 -0.407189
-0.163167 0.021274 -0.407089
-0.165758 0.002367 -0.465585
-0.151107 0.076389 -0.488866
-0.114065 0.096031 -0.453311
-0.094564 0.011453 -0.447686
-0.107905 -0.020811 -0.514117
-0.122771 0.014445 -0.567349
-0.093615 0.076906 -0.574802
-0.057061 0.031503 -0.572090
-0.065523 -0.022144 -0.617549
-0.066487 0.033788 -0.663168
-0.026278 0.066623 -0.656358
-0.002950 -0.004162 -0.660155
-0.017399 -0.029326 -0.714995
-0.005023 0.036753 -0.747336
0.037590 0.031230 -0.734419
0.044900 -0.048641 -0.756074
0.033675 -0.037351 -0.813545
0.064314 0.022199 -0.825819
0.099227 -0.024429 -0.812360
0.093082 -0.086210 -0.853801
0.094262 -0.036889 -0.902514
0.135061 -0.007019 -0.893957
0.158375 -0.080497 -0.892068
0.145955 -0.103838 -0.953738
0.155626 -0.031693 -0.990599
0.201793 -0.014554 -0.978426
0.241153 0.020050 -1.000000
0.287291 0.042765 -0.979731
0.329688 0.055034 -0.968603
0.365550 0.044914 -0.934032
0.359449 0.111075 -0.895523
0.321960 0.068908 -0.864187
0.329831 0.000789 -0.829656
0.329731 0.035257 -0.772506
0.288471 0.064719 -0.774454
0.268180 -0.008297 -0.784097
0.281966 -0.045866 -0.732732
0.262466 0.008542 -0.694846
0.221092 -0.000027 -0.714472
0.217566 -0.082021 -0.703806
0.223797 -0.080171 -0.642638
0.191360 -0.027667 -0.626849
0.158303 -0.070296 -0.654269
0.161973 -0.139503 -0.620743
0.152806 -0.102941 -0.567530
0.112453 -0.073587 -0.582013
0.093730 -0.145787 -0.593283
0.099170 -0.180935 -0.537860
0.075151 -0.126853 -0.506182
0.037316 -0.139639 -0.536776
0.033920 -0.220925 -0.524763
0.032107 -0.214396 -0.464379
-0.004361 -0.168802 -0.462230
-0.032855 -0.219184 -0.493406
-0.026955 -0.287603 -0.459759
-0.040410 -0.254142 -0.405502
-0.081713 -0.214043 -0.424646
-0.111273 -0.263038 -0.452045
-0.130701 -0.298049 -0.403915
-0.146905 -0.227727 -0.379649
-0.171629 -0.200332 -0.427498
-0.196253 -0.268451 -0.431295
-0.212572 -0.268560 -0.373984
-0.232950 -0.194945 -0.377640
-0.261085 -0.220245 -0.422095
-0.279218 -0.286324 -0.394434
-0.298300 -0.247123 -0.347107
-0.333530 -0.215621 -0.377339
-0.351749 -0.301559 -0.382481
-0.351764 -0.325444 -0.315127
-0.371465 -0.349846 -0.260669
-0.342035 -0.432139 -0.259524
-0.302143 -0.471150 -0.252734
-0.270842 -0.532142 -0.240863
-0.231712 -0.564760 -0.231321
-0.216098 -0.541908 -0.286281
-0.216515 -0.460703 -0.276157
-0.188021 -0.461710 -0.229292
-0.153611 -0.491499 -0.261794
-0.152518 -0.431649 -0.304601
-0.146027 -0.367910 -0.266213
-0.107862 -0.395740 -0.241907
-0.086002 -0.400528 -0.295100
-0.090780 -0.319133 -0.312476
-0.069495 -0.285155 -0.264486
-0.031689 -0.326097 -0.272702
-0.024249 -0.293153 -0.329128
-0.022364 -0.214097 -0.310929
0.011513 -0.224979 -0.269970
0.042396 -0.247178 -0.310889
0.056154 -0.175603 -0.332423
0.085584 -0.155200 -0.286743
0.114640 -0.226285 -0.308759
0.123519 -0.220817 -0.373824
0.155367 -0.165429 -0.386419
0.190654 -0.213798 -0.375873
0.183617 -0.267826 -0.421733
0.188294 -0.212193 -0.466730
0.230417 -0.192524 -0.453934
0.248190 -0.267553 -0.460141
0.234476 -0.285889 -0.518677
0.238447 -0.204494 -0.552203
0.278887 -0.165102 -0.524100
0.321643 -0.147855 -0.527495
0.319024 -0.081422 -0.490232
0.307942 -0.126935 -0.440113
0.343517 -0.174297 -0.436799
0.371163 -0.110504 -0.429929
0.353059 -0.083109 -0.377239
0.359520 -0.151391 -0.343190
0.403226 -0.156370 -0.347348
0.410811 -0.078484 -0.325071
0.390951 -0.092331 -0.268564
0.420956 -0.156615 -0.251208
0.459266 -0.119590 -0.248154
0.488336 -0.075056 -0.218364
0.518054 -0.014391 -0.208240
0.556046 -0.054544 -0.216175
0.564077 -0.020866 -0.273485
0.568221 0.059795 -0.251067
0.601451 0.040915 -0.210590
0.630636 0.007481 -0.249761
0.632564 0.079736 -0.283549
0.644869 0.131478 -0.237649
0.681279 0.086618 -0.222844
0.700390 0.087353 -0.278246
0.701872 0.172148 -0.282525
0.725891 0.183520 -0.230176
0.761840 0.139340 -0.248054
0.772202 0.184635 -0.297550
0.776937 0.258467 -0.265671
0.811677 0.229495 -0.228750
0.840085 0.208765 -0.274871
0.843482 0.286052 -0.298193
0.858707 0.322098 -0.242550
0.897376 0.277075 -0.236704
0.916704 0.299627 -0.289334
0.918661 0.384368 -0.277764
0.950537 0.372181 -0.225877
0.988501 0.330232 -0.254603
1.000000 0.407247 -0.288551
