-0.964407 -0.836673 0.652288
-0.983427 -0.830472 0.671267
-0.989010 -0.848159 0.705727
-0.988439 -0.817512 0.736477
-0.999959 -0.785441 0.759973
-1.000000 -0.809354 0.792797
-0.985313 -0.788262 0.823063
-0.981004 -0.763815 0.849944
-0.958486 -0.794920 0.870540
-0.934719 -0.782544 0.879278
-0.910597 -0.777868 0.878451
-0.889393 -0.788059 0.892410
-0.867785 -0.747170 0.895300
-0.854040 -0.785187 0.873906
-0.862691 -0.742418 0.850134
-0.853602 -0.672889 0.859386
-0.829124 -0.695480 0.859301
-0.827495 -0.709203 0.830147
-0.833449 -0.636955 0.821066
-0.813651 -0.605799 0.833817
-0.795111 -0.642876 0.819754
-0.802430 -0.619624 0.791865
-0.804497 -0.533932 0.798303
-0.782210 -0.509866 0.814058
-0.760139 -0.484759 0.823006
-0.742136 -0.504886 0.843012
-0.751885 -0.459321 0.865966
-0.773750 -0.511391 0.874562
-0.767317 -0.578709 0.889291
-0.768987 -0.561734 0.918549
-0.794623 -0.562521 0.921440
-0.799494 -0.633041 0.908565
-0.787329 -0.672279 0.930387
-0.801842 -0.653473 0.954054
-0.822971 -0.694616 0.946666
-0.812932 -0.765746 0.951173
-0.809525 -0.751693 0.982742
-0.831985 -0.723180 0.996235
-0.854619 -0.770676 0.994361
-0.843232 -0.858553 1.000000
-0.838990 -0.932987 0.998669
-0.834938 -0.937053 0.965731
-0.828727 -0.884220 0.945164
-0.808607 -0.919518 0.932470
-0.820309 -0.980305 0.919272
-0.834326 -0.935630 0.900692
-0.814553 -0.902390 0.887437
-0.803554 -0.966709 0.876701
-0.822748 -0.989327 0.859624
-0.821681 -0.922161 0.843041
-0.797766 -0.926202 0.833941
-0.800586 -0.994053 0.819973
-0.817323 -0.964549 0.800642
-0.801429 -0.911412 0.788281
-0.782797 -0.955121 0.779029
-0.797468 -0.998323 0.761162
-0.803438 -0.935706 0.743409
-0.779539 -0.915757 0.735089
-0.773056 -0.982440 0.723194
-0.791456 -0.976951 0.702484
-0.782094 -0.910827 0.689562
-0.759262 -0.937968 0.682915
-0.767771 -0.998069 0.667445
-0.779349 -0.951691 0.647714
-0.758923 -0.909861 0.638615
-0.744947 -0.970928 0.630979
-0.762338 -1.000000 0.612285
-0.763860 -0.935020 0.594761
-0.735148 -0.920713 0.591851
-0.718981 -0.971690 0.581021
-0.719105 -0.946506 0.553465
-0.708064 -0.875605 0.557525
-0.685753 -0.904601 0.567366
-0.680022 -0.947777 0.544241
-0.679551 -0.890014 0.524425
-0.661142 -0.845237 0.536815
-0.643371 -0.899976 0.536302
-0.643760 -0.912403 0.507367
-0.637036 -0.838325 0.499684
-0.614899 -0.835580 0.514051
-0.605083 -0.894588 0.499579
-0.606794 -0.864169 0.472603
-0.592587 -0.800892 0.476882
-0.571748 -0.840002 0.483310
-0.569812 -0.878324 0.457865
-0.569291 -0.812912 0.440340
-0.548303 -0.780765 0.452150
-0.533062 -0.840637 0.445513
-0.536676 -0.838071 0.416683
-0.529010 -0.764959 0.412366
-0.505607 -0.773497 0.422207
-0.499123 -0.826508 0.402154
-0.503746 -0.783433 0.378021
-0.487835 -0.723790 0.384097
-0.466508 -0.766712 0.386436
-0.467856 -0.798452 0.359593
-0.468468 -0.731719 0.344275
-0.446371 -0.704222 0.353916
-0.432081 -0.762519 0.344180
-0.437953 -0.755276 0.315853
-0.429774 -0.681173 0.313096
-0.405345 -0.694845 0.320341
-0.400235 -0.748593 0.299536
-0.406462 -0.701986 0.276830
-0.391022 -0.641428 0.283210
-0.369306 -0.680182 0.279521
-0.372316 -0.698022 0.251489
-0.374094 -0.623740 0.241895
-0.351320 -0.600335 0.250710
-0.337435 -0.649051 0.235201
-0.346242 -0.625875 0.209081
-0.338874 -0.550476 0.211382
-0.313957 -0.563690 0.213464
-0.312353 -0.599853 0.187430
-0.319796 -0.539320 0.171208
-0.301371 -0.491086 0.178777
-0.282318 -0.535889 0.169515
-0.289653 -0.538379 0.141531
-0.287983 -0.460490 0.136149
-0.263339 -0.454645 0.140913
-0.256624 -0.505623 0.120470
-0.267044 -0.469714 0.097696
-0.253548 -0.404455 0.099884
-0.230723 -0.436754 0.097525
-0.234726 -0.467072 0.071291
-0.239481 -0.401126 0.057085
-0.217194 -0.368445 0.061963
-0.203533 -0.424200 0.048889
-0.213605 -0.418838 0.022407
-0.207246 -0.345167 0.017130
-0.181941 -0.356247 0.020230
-0.179501 -0.411824 -0.000490
-0.187713 -0.370529 -0.023558
-0.167287 -0.321533 -0.023168
-0.148416 -0.381253 -0.026553
-0.150284 -0.419601 -0.051969
-0.138765 -0.369970 -0.070102
-0.116056 -0.372943 -0.056286
-0.111831 -0.449689 -0.060299
-0.113873 -0.450071 -0.089415
-0.095630 -0.395916 -0.094587
-0.076908 -0.435407 -0.080543
-0.078223 -0.498100 -0.097668
-0.073592 -0.460845 -0.122524
-0.050552 -0.438736 -0.114356
-0.040414 -0.510197 -0.110780
-0.044846 -0.532509 -0.138764
-0.030986 -0.475941 -0.151477
-0.009179 -0.497541 -0.138470
-0.008402 -0.572483 -0.148454
-0.011503 -0.548824 -0.177968
-0.005640 -0.476525 -0.188504
-0.024437 -0.415789 -0.188114
-0.021055 -0.337543 -0.185861
-0.043937 -0.316654 -0.195369
-0.057590 -0.351774 -0.174659
-0.046492 -0.311267 -0.153341
-0.053587 -0.239095 -0.160225
-0.078653 -0.252970 -0.159332
-0.078553 -0.275587 -0.130806
-0.069970 -0.206897 -0.120289
-0.088965 -0.162120 -0.129684
-0.106645 -0.201459 -0.114479
-0.097392 -0.188549 -0.087988
-0.098078 -0.107940 -0.089300
-0.122101 -0.089668 -0.101452
-0.138285 -0.149617 -0.087513
-0.129288 -0.178435 -0.059187
-0.119811 -0.123569 -0.040483
-0.139980 -0.083239 -0.032115
-0.150127 -0.148499 -0.014952
-0.125029 -0.178740 0.000071
-0.109465 -0.136275 0.017833
-0.114783 -0.175436 0.043659
-0.098260 -0.239196 0.039447
-0.076213 -0.278306 0.040217
-0.077528 -0.305244 0.012556
-0.075188 -0.234800 -0.000242
-0.051884 -0.218917 0.008705
-0.041414 -0.277874 -0.005957
-0.048320 -0.251267 -0.032410
-0.036907 -0.181840 -0.031478
-0.012959 -0.209794 -0.027238
-0.013480 -0.253478 -0.053890
-0.013752 -0.205550 -0.076854
0.010693 -0.187101 -0.077481
0.019194 -0.259908 -0.081693
0.007310 -0.271801 -0.107186
0.019855 -0.215461 -0.121307
0.043176 -0.244813 -0.117398
0.039149 -0.311572 -0.130977
0.034708 -0.277697 -0.156783
0.057152 -0.244482 -0.159541
0.072062 -0.307531 -0.157791
0.061981 -0.347429 -0.179785
0.065984 -0.295867 -0.200333
0.091570 -0.290860 -0.196254
0.095953 -0.364964 -0.204165
0.087013 -0.362829 -0.231436
0.104016 -0.307353 -0.239138
0.125302 -0.347861 -0.235572
0.118984 -0.403642 -0.254656
0.117686 -0.354595 -0.277010
0.141469 -0.326514 -0.276592
0.150996 -0.401812 -0.282050
0.138409 -0.422727 -0.306364
0.144917 -0.366285 -0.325695
0.169230 -0.391494 -0.329203
0.162672 -0.458025 -0.344569
0.147696 -0.417593 -0.366648
0.161027 -0.368725 -0.382718
0.170553 -0.418101 -0.402182
0.147216 -0.439194 -0.413184
0.139327 -0.369157 -0.421038
0.158868 -0.351622 -0.438990
0.155776 -0.411647 -0.456933
0.132166 -0.395078 -0.465424
0.136979 -0.322957 -0.475874
0.154601 -0.344786 -0.495719
0.139575 -0.392333 -0.510495
0.122300 -0.339703 -0.518549
0.137880 -0.292868 -0.533278
0.144802 -0.347912 -0.552790
0.121721 -0.362702 -0.564295
0.117123 -0.290022 -0.573690
0.136747 -0.293300 -0.593011
0.130123 -0.353655 -0.609185
0.107166 -0.321559 -0.616383
0.115138 -0.253478 -0.628811
0.129635 -0.288624 -0.649255
0.110689 -0.331139 -0.661521
0.096606 -0.268243 -0.669137
0.114113 -0.234851 -0.686662
0.114932 -0.295765 -0.705593
0.089775 -0.294926 -0.713105
0.088295 -0.220747 -0.723175
0.104520 -0.235867 -0.746157
0.088212 -0.290276 -0.760049
0.065322 -0.244838 -0.765622
0.076180 -0.193479 -0.789564
0.082589 -0.252640 -0.814876
0.056482 -0.277010 -0.828302
0.053563 -0.234775 -0.859149
0.065826 -0.251649 -0.886495
0.066455 -0.322575 -0.909373
0.056631 -0.355485 -0.933544
0.069895 -0.421735 -0.950441
0.070300 -0.479651 -0.970124
0.091727 -0.543614 -0.977379
0.100782 -0.630856 -0.966682
0.103114 -0.709152 -0.958742
0.113261 -0.777157 -0.944032
0.131297 -0.816444 -0.924026
0.138467 -0.879798 -0.907338
0.159125 -0.895147 -0.886686
0.165650 -0.899086 -0.852502
0.166030 -0.937307 -0.827257
0.179237 -0.922923 -0.803371
0.180105 -0.944804 -0.775834
0.183686 -0.905872 -0.751311
0.188242 -0.919061 -0.723841
0.180460 -0.874487 -0.701296
0.173919 -0.870268 -0.674814
0.157785 -0.868134 -0.653733
0.158587 -0.837156 -0.628868
0.145885 -0.827042 -0.605553
0.142875 -0.773040 -0.586526
0.126493 -0.758961 -0.566891
0.106067 -0.735709 -0.552695
0.108374 -0.690017 -0.530226
0.092422 -0.660284 -0.512730
0.094076 -0.616142 -0.490698
0.078727 -0.579827 -0.474781
0.074080 -0.511086 -0.463038
0.079910 -0.477262 -0.438306
0.073401 -0.425776 -0.417339
0.073385 -0.397975 -0.390629
0.055977 -0.453247 -0.381406
0.072335 -0.516830 -0.383060
0.091603 -0.485394 -0.363330
0.074137 -0.437644 -0.341517
0.063643 -0.406844 -0.316196
0.048427 -0.344278 -0.304528
0.039281 -0.356069 -0.277847
0.054563 -0.306464 -0.263622
0.045839 -0.240492 -0.275850
0.021104 -0.246871 -0.269366
0.023651 -0.255969 -0.240497
0.034650 -0.186694 -0.236275
0.017747 -0.139681 -0.246849
-0.001216 -0.165754 -0.228973
0.009039 -0.149795 -0.203109
0.013008 -0.072693 -0.207968
-0.011809 -0.056480 -0.212523
-0.021187 -0.076708 -0.186460
-0.003424 -0.026391 -0.171645
0.009940 0.036124 -0.183417
0.034931 0.007154 -0.198517
0.044375 0.024739 -0.224504
0.066538 0.056708 -0.216944
0.077727 -0.010178 -0.208586
0.076205 -0.044841 -0.235068
0.088064 0.006900 -0.251309
0.109755 0.006112 -0.236190
0.114791 -0.069110 -0.239946
0.114626 -0.074014 -0.268709
0.131463 -0.018081 -0.275052
0.150681 -0.050101 -0.259220
0.152236 -0.118410 -0.273996
0.154767 -0.090914 -0.301162
0.176615 -0.051778 -0.295552
0.189565 -0.119833 -0.290551
0.185555 -0.154979 -0.316338
0.196876 -0.102680 -0.332627
0.220519 -0.111600 -0.321787
0.222793 -0.189210 -0.331191
0.218989 -0.180468 -0.359945
0.240200 -0.130405 -0.363282
0.259460 -0.187355 -0.361647
0.278539 -0.231395 -0.372772
0.298932 -0.276324 -0.378686
0.323211 -0.282220 -0.387824
0.314437 -0.321889 -0.415152
0.301181 -0.284990 -0.435634
0.320342 -0.280187 -0.457123
0.321193 -0.359474 -0.467079
0.291679 -0.368775 -0.473364
0.267019 -0.380948 -0.477719
0.261759 -0.400516 -0.449849
0.264397 -0.329056 -0.439485
0.244881 -0.297950 -0.454584
0.226556 -0.345243 -0.446531
0.227027 -0.329233 -0.417891
0.222313 -0.253529 -0.419878
0.199481 -0.260492 -0.433447
0.186588 -0.305701 -0.414971
0.186911 -0.257087 -0.392360
0.174457 -0.198257 -0.405796
0.153816 -0.234190 -0.413707
0.146538 -0.258205 -0.387529
0.142329 -0.186694 -0.377488
0.125203 -0.158842 -0.398055
0.107472 -0.213936 -0.394937
0.102048 -0.192844 -0.367400
0.094911 -0.119249 -0.373000
0.076494 -0.137698 -0.392274
0.062022 -0.176199 -0.373751
0.058483 -0.117140 -0.354668
0.047344 -0.067204 -0.372667
0.026099 -0.116860 -0.378354
0.018913 -0.140418 -0.348924
0.022154 -0.065628 -0.333245
0.018880 0.000724 -0.316471
0.044375 0.030050 -0.307809
0.065934 -0.009390 -0.307457
0.068340 0.021741 -0.337932
0.076875 0.083595 -0.358338
0.089296 0.127889 -0.377079
0.105719 0.156123 -0.357416
0.117107 0.087026 -0.351672
0.124541 0.068525 -0.378534
0.138608 0.134242 -0.382632
0.155329 0.120748 -0.361466
0.162623 0.048856 -0.370138
0.170496 0.072185 -0.396829
0.188375 0.123620 -0.389422
0.202301 0.069415 -0.375235
0.205542 0.020012 -0.397618
0.215507 0.065476 -0.417995
0.236520 0.083493 -0.403152
0.244699 0.006925 -0.401469
0.245055 -0.013176 -0.429111
0.262024 0.039097 -0.437231
0.280829 0.014473 -0.419897
0.282061 -0.058767 -0.430147
0.285220 -0.045628 -0.458664
0.306498 -0.003037 -0.456695
0.320367 -0.058894 -0.444115
0.316447 -0.121129 -0.462572
0.324303 -0.088169 -0.487846
0.349467 -0.076962 -0.481693
0.354206 -0.159121 -0.484451
0.350526 -0.175258 -0.513738
0.361277 -0.221992 -0.538584
0.337758 -0.248675 -0.552837
0.318448 -0.250708 -0.571607
0.303587 -0.303287 -0.557649
0.299577 -0.260035 -0.533696
0.288280 -0.200137 -0.547978
0.268474 -0.241916 -0.557886
0.260006 -0.264736 -0.531756
0.256020 -0.193276 -0.521925
0.239084 -0.173606 -0.541864
0.221991 -0.229972 -0.536149
0.218559 -0.212056 -0.508042
0.210975 -0.137648 -0.512340
0.190343 -0.157114 -0.527202
0.178980 -0.200188 -0.507376
0.178732 -0.145093 -0.486904
0.164690 -0.093379 -0.501928
0.144231 -0.137038 -0.507671
0.137359 -0.153658 -0.481132
0.133836 -0.077826 -0.472774
0.116933 -0.061054 -0.493579
0.098492 -0.109033 -0.483224
0.098053 -0.058614 -0.457703
0.108407 0.018335 -0.460879
0.133720 0.041588 -0.463304
0.155718 0.080088 -0.471310
0.177293 0.070075 -0.494159
0.193295 0.123823 -0.504486
0.214366 0.099173 -0.489605
0.218443 0.037547 -0.507728
0.224091 0.082248 -0.531148
0.244253 0.115996 -0.519566
0.256988 0.048754 -0.516742
0.258576 0.030559 -0.544954
0.275181 0.090685 -0.550089
0.293780 0.060444 -0.533116
0.295442 -0.009568 -0.546229
0.303381 0.017166 -0.571826
0.326354 0.038996 -0.563553
0.332606 -0.035387 -0.556850
0.329232 -0.067026 -0.582989
0.346391 -0.023164 -0.596624
0.366453 -0.048475 -0.581373
0.363865 -0.123925 -0.589341
0.366486 -0.111752 -0.617829
0.389402 -0.079529 -0.617867
0.400772 -0.145805 -0.607911
0.394124 -0.194114 -0.629448
0.403898 -0.149287 -0.651727
0.427789 -0.155716 -0.643977
0.428054 -0.230937 -0.652126
0.420851 -0.228777 -0.679682
0.440401 -0.182933 -0.688411
0.458941 -0.231700 -0.682088
0.451763 -0.290225 -0.698975
0.453624 -0.251242 -0.724012
0.478929 -0.234800 -0.721150
0.486851 -0.312156 -0.719267
0.475596 -0.336933 -0.746443
0.486669 -0.295485 -0.768255
0.500141 -0.278027 -0.795745
0.498181 -0.220289 -0.815133
0.480847 -0.242602 -0.841358
0.464465 -0.264202 -0.861307
0.447173 -0.314392 -0.872175
0.440566 -0.380796 -0.887608
0.426665 -0.418660 -0.914280
0.418461 -0.481252 -0.932375
0.388575 -0.463920 -0.929027
0.364287 -0.455839 -0.919091
0.367950 -0.478507 -0.891012
0.383034 -0.419728 -0.883234
0.366528 -0.363947 -0.889376
0.348665 -0.385548 -0.870121
0.362658 -0.375993 -0.846416
0.366528 -0.299145 -0.848889
0.342091 -0.276121 -0.851446
0.334276 -0.301661 -0.824993
0.351568 -0.250022 -0.810227
0.353222 -0.184788 -0.834749
0.349451 -0.121587 -0.853168
0.359565 -0.118715 -0.882216
0.366420 -0.064815 -0.908346
0.375922 -0.081003 -0.940714
0.378494 -0.082273 -0.969829
0.401881 -0.119300 -0.969230
0.394000 -0.186160 -0.956422
0.376302 -0.207964 -0.976048
0.393015 -0.217494 -1.000000
0.407504 -0.278306 -0.992307
0.419263 -0.348623 -0.985899
0.433198 -0.406945 -0.974155
0.440616 -0.360415 -0.949652
0.438573 -0.307251 -0.924492
0.439268 -0.234495 -0.904172
0.439838 -0.186592 -0.881170
0.450506 -0.132031 -0.863323
0.447099 -0.177113 -0.837735
0.443312 -0.226007 -0.812490
0.431626 -0.254622 -0.788699
0.425275 -0.190989 -0.774056
0.403402 -0.170989 -0.787872
0.388914 -0.229997 -0.779314
0.393330 -0.225245 -0.750370
0.384026 -0.154623 -0.746709
0.360656 -0.167101 -0.756417
0.354801 -0.218536 -0.736126
0.359614 -0.175512 -0.712211
0.341562 -0.123162 -0.718392
0.322310 -0.174470 -0.715996
0.326858 -0.194928 -0.688345
0.322798 -0.123772 -0.677895
0.298973 -0.116657 -0.686053
0.291125 -0.177113 -0.669755
0.298146 -0.149337 -0.643863
0.283715 -0.083849 -0.645879
0.261387 -0.121917 -0.648893
0.259651 -0.162603 -0.624009
0.254829 -0.097826 -0.608111
0.232824 -0.069389 -0.623619
0.215747 -0.118105 -0.615889
0.199241 -0.083874 -0.595360
0.197694 0.001842 -0.594152
0.183107 0.049567 -0.611059
0.191715 0.080240 -0.638615
0.197835 0.101257 -0.665819
0.212505 0.105043 -0.688659
0.226076 0.168524 -0.679920
0.238332 0.133022 -0.657394
0.249479 0.078284 -0.673131
0.262992 0.125297 -0.690503
0.276744 0.165042 -0.671923
0.287015 0.097826 -0.660979
0.298650 0.073252 -0.685083
0.312866 0.137597 -0.688126
0.325055 0.133200 -0.662139
0.335053 0.060825 -0.665030
0.347193 0.075488 -0.690113
0.362046 0.130659 -0.679283
0.374276 0.083366 -0.660599
0.384059 0.036149 -0.680348
0.397142 0.090583 -0.695790
0.408761 0.140265 -0.675242
0.417386 0.077369 -0.655464
0.421347 0.005095 -0.668681
0.430965 0.020216 -0.694915
0.448530 0.069821 -0.686015
0.461637 0.020495 -0.669499
0.467095 -0.030050 -0.690712
0.479185 0.020648 -0.708551
0.497296 0.044891 -0.690028
0.506616 -0.027357 -0.685369
0.513273 -0.040393 -0.713143
0.529250 0.019072 -0.717869
0.545301 -0.003799 -0.693888
0.559897 -0.062299 -0.702037
0.583292 -0.083442 -0.711774
0.572616 -0.136072 -0.734452
0.563999 -0.097775 -0.757805
0.561865 -0.084789 -0.788252
0.554199 -0.054929 -0.813830
0.534633 -0.105678 -0.817662
0.521865 -0.083366 -0.793539
0.517987 -0.009568 -0.802030
0.504499 -0.027814 -0.825165
0.486165 -0.064917 -0.810769
0.478598 -0.003138 -0.795089
0.470262 0.038386 -0.817967
0.453037 -0.013608 -0.826030
0.439904 -0.020012 -0.801203
0.433032 0.055539 -0.798902
0.418875 0.053862 -0.823643
0.402302 -0.002198 -0.813802
0.395050 0.036861 -0.789602
0.384837 0.096733 -0.803951
0.367380 0.052820 -0.817472
0.355719 0.021563 -0.793720
0.340809 0.079300 -0.785514
0.321880 0.061588 -0.803542
0.316637 -0.008831 -0.791476
0.311063 0.022554 -0.764975
0.290836 0.063341 -0.773846
0.277943 0.002884 -0.784049
0.277455 -0.036709 -0.758842
0.264397 0.014523 -0.743381
0.243947 0.018081 -0.760972
0.237339 -0.058487 -0.758861
0.233709 -0.062350 -0.729061
0.216218 0.002884 -0.728034
0.202053 0.040571 -0.748392
0.208991 0.110177 -0.763482
0.213076 0.169540 -0.781292
0.227126 0.223898 -0.793786
0.214035 0.285981 -0.781244
0.223975 0.275181 -0.752005
0.249653 0.296578 -0.754877
0.261892 0.362270 -0.737771
0.284939 0.332766 -0.717460
0.300635 0.259196 -0.727872
0.323029 0.230429 -0.737790
0.347152 0.208905 -0.741955
0.372201 0.229641 -0.734414
0.389162 0.183035 -0.747527
0.401657 0.237748 -0.762417
0.419635 0.249895 -0.741631
0.429832 0.178308 -0.738864
0.439102 0.174013 -0.766382
0.454145 0.235334 -0.762541
0.468799 0.209819 -0.740804
0.476737 0.145627 -0.755038
0.488166 0.184026 -0.776842
0.504896 0.224660 -0.761809
0.516250 0.160189 -0.751197
0.523031 0.129287 -0.777260
0.536676 0.190531 -0.786617
0.553951 0.188549 -0.765222
0.561634 0.114954 -0.771631
0.570267 0.130024 -0.798008
0.588510 0.179045 -0.790648
0.600791 0.131599 -0.772163
0.605049 0.070762 -0.790895
0.617198 0.110481 -0.811529
0.636251 0.134446 -0.794071
0.644090 0.063798 -0.786341
0.650400 0.042604 -0.813650
0.667791 0.095691 -0.816873
0.682553 0.071727 -0.794737
0.688143 0.001995 -0.805872
0.700266 0.032719 -0.829415
0.717037 0.080012 -0.816103
0.730500 0.021232 -0.803409
0.741259 -0.000241 -0.831003
0.760122 0.049949 -0.836356
0.785055 0.047458 -0.854071
0.804853 0.100418 -0.860442
0.824791 0.138588 -0.872689
0.836856 0.207456 -0.869152
0.858225 0.178969 -0.887922
0.854363 0.176046 -0.916923
0.858647 0.195842 -0.945630
0.834615 0.148702 -0.955604
0.814115 0.105475 -0.963829
0.799213 0.048068 -0.975800
0.775735 0.066619 -0.989883
0.757343 0.053023 -0.963458
0.743748 0.039504 -0.939050
0.736520 0.003977 -0.914070
0.722545 -0.048881 -0.899750
0.708172 -0.003647 -0.882968
0.696338 0.033456 -0.905798
0.685364 -0.029212 -0.916904
0.672489 -0.045400 -0.892315
0.659704 0.021995 -0.891877
0.648291 0.014422 -0.917617
0.636557 -0.052337 -0.910695
0.623441 -0.020673 -0.888920
0.611392 0.034828 -0.904200
0.599773 -0.013329 -0.922352
0.587187 -0.054040 -0.902375
0.574692 0.005985 -0.888834
0.562659 0.037217 -0.912635
0.548303 -0.024866 -0.916952
0.535601 -0.014142 -0.891402
0.527290 0.061664 -0.895738
0.506500 0.051524 -0.912207
0.491615 0.048754 -0.885801
0.491689 0.127991 -0.879697
0.492086 0.202043 -0.883738
0.506955 0.255664 -0.896071
0.515745 0.285397 -0.870682
0.528952 0.222958 -0.861621
0.544367 0.217494 -0.884499
0.553951 0.290022 -0.881323
0.562932 0.282068 -0.854194
0.578479 0.223288 -0.860109
0.592265 0.259323 -0.880838
0.599988 0.318865 -0.864388
0.610863 0.278052 -0.843307
0.627750 0.240721 -0.860166
0.639418 0.304151 -0.871415
0.645885 0.336324 -0.845684
0.659108 0.275765 -0.835662
0.675863 0.271420 -0.857380
0.684876 0.343363 -0.855288
0.692468 0.335841 -0.827199
0.708321 0.274571 -0.830280
0.723322 0.311038 -0.849545
0.729723 0.370224 -0.832486
0.740052 0.328344 -0.810778
0.759080 0.296985 -0.825878
0.770484 0.365777 -0.831830
0.770029 0.389995 -0.800490
0.784013 0.353071 -0.781035
0.802951 0.349106 -0.761019
0.814487 0.284075 -0.772972
0.822194 0.321356 -0.798464
0.845688 0.347886 -0.810407
0.841611 0.312842 -0.841938
0.840131 0.328242 -0.875361
0.838370 0.314545 -0.905817
0.829992 0.301940 -0.933116
0.821309 0.229819 -0.929066
0.802752 0.252386 -0.910486
0.790447 0.298154 -0.929237
0.785750 0.240721 -0.948549
0.772154 0.196198 -0.930254
0.755020 0.251013 -0.923303
0.746196 0.258459 -0.950964
0.735048 0.189439 -0.953056
0.718352 0.204000 -0.930834
0.706435 0.264431 -0.943167
0.698158 0.225016 -0.965969
0.682329 0.179273 -0.950736
0.667576 0.237113 -0.940714
0.660307 0.263034 -0.967775
0.650301 0.194623 -0.976476
0.632819 0.197876 -0.955633
0.621944 0.266286 -0.962878
0.616304 0.242678 -0.991813
0.598616 0.182882 -0.986374
0.580067 0.184356 -0.966976
0.572409 0.144204 -0.943271
0.549692 0.201687 -0.946923
0.529961 0.248930 -0.954225
0.532814 0.336400 -0.953721
0.551024 0.380135 -0.965293
0.564421 0.443692 -0.978615
0.587658 0.426157 -0.987173
0.606240 0.443133 -0.964866
0.601452 0.431468 -0.936749
0.620398 0.377187 -0.932831
0.640452 0.425064 -0.937557
0.639187 0.463768 -0.912140
0.653592 0.413400 -0.896765
0.676698 0.436500 -0.914175
0.685464 0.510654 -0.915173
0.704343 0.503234 -0.895757
0.716698 0.446309 -0.911132
0.719336 0.483361 -0.936682
0.732617 0.544987 -0.927963
0.751505 0.502853 -0.917332
0.758435 0.466208 -0.941836
0.762429 0.527655 -0.959160
0.782111 0.555736 -0.944508
0.796715 0.486919 -0.948254
0.794797 0.477770 -0.978596
0.801760 0.555558 -0.985452
0.809335 0.618810 -0.969059
0.794152 0.689356 -0.963211
0.802967 0.751896 -0.947740
0.794011 0.808668 -0.964932
0.769111 0.794412 -0.959626
0.768524 0.797995 -0.930844
0.777951 0.873369 -0.927858
0.761379 0.913292 -0.945810
0.737992 0.880307 -0.934124
0.733039 0.895961 -0.906511
0.707180 0.922949 -0.907215
0.692972 0.900078 -0.931861
0.674481 0.864881 -0.948054
0.693866 0.835682 -0.968545
0.706865 0.773014 -0.959721
0.715143 0.698428 -0.960168
0.716342 0.701884 -0.926774
0.697777 0.711999 -0.906929
0.706063 0.643918 -0.889871
0.728524 0.665621 -0.877348
0.744137 0.674388 -0.853738
0.766134 0.690830 -0.840283
0.766713 0.626688 -0.823833
0.767432 0.574059 -0.845209
0.788346 0.602038 -0.858093
0.803695 0.594109 -0.835006
0.802173 0.518100 -0.830442
0.810641 0.497363 -0.856914
0.833135 0.535635 -0.856828
0.843455 0.497313 -0.833865
0.843753 0.426488 -0.846996
0.860144 0.449842 -0.868866
0.881884 0.469130 -0.854156
0.890915 0.397263 -0.842622
0.904452 0.362219 -0.863865
0.928724 0.401939 -0.858226
0.941922 0.376831 -0.834483
0.951680 0.309996 -0.848309
0.964168 0.351088 -0.872888
0.984552 0.399982 -0.869161
1.000000 0.366895 -0.891430
0.983213 0.377873 -0.917902
0.971759 0.450223 -0.919395
0.991317 0.496830 -0.927221
0.991524 0.472739 -0.957839
0.967178 0.511950 -0.966511
0.952483 0.570730 -0.976076
0.929584 0.537897 -0.970190
0.931337 0.537947 -0.940580
0.933562 0.616498 -0.938023
0.911415 0.637082 -0.950441
0.896952 0.595253 -0.931861
0.904469 0.632864 -0.907852
0.897456 0.704781 -0.914879
0.873102 0.685798 -0.916685
0.869827 0.664553 -0.889386
0.876939 0.732252 -0.876825
0.858920 0.776267 -0.889491
0.838924 0.736979 -0.879259
0.843885 0.744756 -0.851028
0.842240 0.823179 -0.851076
0.818365 0.828922 -0.861088
0.807383 0.786254 -0.840055
0.814445 0.830752 -0.817634
0.802223 0.893978 -0.826886
0.778522 0.861831 -0.827913
0.777381 0.840256 -0.799739
0.781392 0.910268 -0.787929
0.760850 0.943304 -0.800176
0.743550 0.900179 -0.785561
0.749859 0.921627 -0.757406
0.740465 1.000000 -0.762778
0.713332 0.976570 -0.772097
0.707585 0.940712 -0.744332
