0.560382 0.563123 -0.098580
0.577613 0.493613 -0.103090
0.590297 0.438262 -0.125494
0.593312 0.372800 -0.104158
0.603146 0.310758 -0.093851
0.611894 0.256371 -0.072625
0.640425 0.215114 -0.046545
0.675084 0.155169 -0.041941
0.685380 0.094029 -0.015264
0.712462 0.036663 0.004816
0.714570 -0.027393 0.034258
0.739807 -0.078738 0.060025
0.746891 -0.129727 0.092673
0.756280 -0.188707 0.109280
0.748456 -0.246849 0.124740
0.725163 -0.295425 0.151952
0.718705 -0.355580 0.166579
0.699069 -0.378317 0.124284
0.741257 -0.364033 0.096538
0.772160 -0.404178 0.124080
0.747154 -0.459467 0.121126
0.745112 -0.457223 0.070017
0.774104 -0.422405 0.040087
0.764105 -0.369277 0.014729
0.776872 -0.322839 -0.017227
0.789671 -0.267907 -0.040025
0.771815 -0.209787 -0.072013
0.799687 -0.153030 -0.053049
0.823820 -0.086939 -0.067001
0.857656 -0.025589 -0.061172
0.871740 0.042515 -0.083733
0.847607 0.094406 -0.068980
0.802883 0.089519 -0.100324
0.799539 0.016381 -0.103435
0.775290 -0.046060 -0.118518
0.777564 -0.117184 -0.123043
0.755226 -0.178178 -0.143593
0.757730 -0.246765 -0.146044
0.744288 -0.309080 -0.151763
0.741175 -0.373073 -0.145604
0.743958 -0.436710 -0.156068
0.730434 -0.488999 -0.184396
0.725014 -0.552489 -0.201002
0.739527 -0.543826 -0.249660
0.767466 -0.567318 -0.289363
0.752492 -0.502276 -0.320267
0.752475 -0.431298 -0.326159
0.759690 -0.371794 -0.305530
0.770480 -0.317931 -0.282560
0.759081 -0.262160 -0.263958
0.769294 -0.204795 -0.242464
0.767284 -0.152673 -0.214514
0.747879 -0.094993 -0.190240
0.746495 -0.024729 -0.188135
0.743613 0.034440 -0.154041
0.733037 0.105250 -0.137670
0.737979 0.156218 -0.095108
0.754188 0.186505 -0.054966
0.758702 0.118086 -0.028728
0.787069 0.065881 0.000762
0.786772 0.014976 0.039129
0.815979 -0.027141 0.068556
0.804810 -0.079074 0.103530
0.837032 -0.134279 0.102807
0.887225 -0.105607 0.128243
0.923713 -0.082031 0.159006
0.962672 -0.090253 0.128291
0.948093 -0.036391 0.098423
0.961189 0.027288 0.102933
0.946182 0.038153 0.052374
0.891903 0.016486 0.061172
0.866222 0.031881 0.102273
0.813376 0.044172 0.124881
0.788699 0.073704 0.164002
0.765406 0.125889 0.181505
0.797727 0.171236 0.166280
0.785751 0.165132 0.118518
0.736117 0.176836 0.122116
0.741685 0.235753 0.141629
0.769689 0.263041 0.106059
0.736216 0.251400 0.067252
0.686962 0.268012 0.094527
0.687950 0.307654 0.134277
0.708690 0.361348 0.117544
0.675233 0.371814 0.079821
0.634017 0.376785 0.110694
0.650095 0.424502 0.139603
0.655580 0.468402 0.104944
0.604448 0.467752 0.094134
0.587283 0.487300 0.137482
0.612240 0.544875 0.137215
0.586196 0.563626 0.095218
0.537699 0.534975 0.085084
0.530500 0.469304 0.072248
0.522379 0.408855 0.061769
0.531637 0.333914 0.073081
0.553760 0.263125 0.064534
0.553365 0.191476 0.076977
0.556182 0.121358 0.057134
0.551273 0.052059 0.055249
0.564138 -0.008998 0.023716
0.551783 -0.083982 0.026293
0.549493 -0.135957 0.056411
0.561898 -0.173920 0.091982
0.611729 -0.156491 0.104944
0.636735 -0.099377 0.090741
0.626093 -0.039600 0.120891
0.590561 0.000923 0.136492
0.598699 0.000692 0.185087
0.648069 0.015983 0.179996
0.637592 0.076389 0.160687
0.602669 0.099020 0.195551
0.619702 0.068125 0.240281
0.642632 0.013864 0.260328
0.671955 0.010487 0.310463
0.704769 0.027330 0.344745
0.747929 0.027791 0.314202
0.714653 0.055163 0.270572
0.690339 0.103845 0.250383
0.662186 0.139270 0.213744
0.635022 0.191015 0.199997
0.609406 0.206410 0.241019
0.646372 0.218743 0.272394
0.672235 0.259685 0.243596
0.635055 0.304067 0.239794
0.630031 0.316295 0.287540
0.678363 0.334732 0.294610
0.677687 0.382742 0.260093
0.640491 0.418441 0.278035
0.660983 0.433228 0.320974
0.703698 0.457726 0.304618
0.678659 0.506932 0.279794
0.655976 0.534031 0.316575
0.699053 0.547161 0.342655
0.716663 0.589488 0.303126
0.672432 0.629507 0.291924
0.650918 0.658934 0.330998
0.627345 0.731275 0.335899
0.604580 0.786773 0.321272
0.601153 0.760765 0.271672
0.587678 0.687459 0.287713
0.550960 0.630807 0.287902
0.524899 0.565682 0.300188
0.493501 0.506303 0.285293
0.473783 0.437276 0.292788
0.447245 0.379638 0.269676
0.421432 0.312436 0.269629
0.411877 0.245989 0.244318
0.390429 0.177738 0.240783
0.377201 0.123938 0.202888
0.347121 0.075026 0.174984
0.340713 0.025862 0.137435
0.298592 -0.026701 0.134292
0.263899 -0.031546 0.099759
0.251594 0.033391 0.099602
0.265810 0.061245 0.147898
0.272235 0.103341 0.189816
0.304802 0.121190 0.233556
0.327321 0.132747 0.276637
0.367844 0.137299 0.310636
0.337929 0.187659 0.340424
0.303879 0.153386 0.369742
0.287686 0.125343 0.409758
0.253225 0.082514 0.386945
0.255844 0.055540 0.343787
0.221415 0.059169 0.309332
0.195503 0.035657 0.269488
0.192043 0.092120 0.240909
0.196162 0.124819 0.200138
0.208665 0.172976 0.170083
0.211136 0.222392 0.131480
0.215304 0.256224 0.088887
0.227872 0.323259 0.065791
0.226637 0.390020 0.038642
0.249996 0.455419 0.030032
0.273355 0.503723 0.005915
0.313434 0.506303 0.046372
0.322115 0.438765 0.061392
0.302446 0.382218 0.043701
0.305659 0.331606 0.076286
0.276254 0.303794 0.121880
0.253274 0.290811 0.169973
0.216473 0.282904 0.204255
0.245663 0.274388 0.248843
0.295956 0.287749 0.256872
0.337979 0.305850 0.280800
0.363710 0.361705 0.302654
0.408302 0.376135 0.332522
0.443242 0.408163 0.361650
0.501211 0.419175 0.364730
0.554073 0.424104 0.390512
0.577877 0.355412 0.381321
0.590034 0.292363 0.380959
0.556610 0.271682 0.414440
0.516695 0.277408 0.385893
0.534124 0.233886 0.353041
0.542262 0.182436 0.381588
0.492875 0.177234 0.391910
0.472844 0.173018 0.346662
0.500321 0.119995 0.335428
0.486731 0.080081 0.371517
0.436817 0.083457 0.357267
0.437394 0.068838 0.309834
0.456190 0.008767 0.319136
0.413722 -0.011788 0.343928
0.380298 0.004048 0.304713
0.391731 -0.041215 0.270682
0.389194 -0.098286 0.244224
0.396310 -0.169285 0.244711
0.417297 -0.225518 0.210303
0.436554 -0.281436 0.191199
0.471279 -0.314177 0.152989
0.508426 -0.339010 0.123216
0.538819 -0.276066 0.134622
0.514719 -0.255763 0.187051
0.492678 -0.227447 0.229173
0.495215 -0.151939 0.216682
0.473717 -0.101831 0.185888
0.456223 -0.115842 0.138409
0.401944 -0.088219 0.137136
0.415386 -0.015500 0.141080
0.418153 0.051576 0.145871
0.445367 0.108711 0.163185
0.440260 0.178598 0.180201
0.468759 0.236865 0.190523
0.466107 0.304948 0.206281
0.481575 0.374373 0.201662
0.479384 0.441848 0.216745
0.499119 0.508295 0.207648
0.503122 0.574071 0.228466
0.519463 0.639344 0.219432
0.530121 0.703882 0.237311
0.539873 0.770665 0.225371
0.560036 0.836420 0.239197
0.561156 0.902867 0.242166
0.581204 0.952598 0.268090
0.556643 1.000000 0.236023
0.503352 0.977033 0.234844
0.479812 0.919878 0.250807
0.482975 0.864442 0.222417
0.469747 0.798477 0.199934
0.481525 0.729450 0.180358
0.478297 0.665709 0.159807
0.491986 0.594375 0.155612
0.483140 0.526396 0.135015
0.488526 0.452608 0.141551
0.489268 0.385322 0.126452
0.503072 0.319651 0.140514
0.505164 0.252323 0.122729
0.509052 0.184219 0.140687
0.509909 0.116010 0.117764
0.490602 0.049227 0.119461
0.476238 -0.004677 0.093411
0.471362 -0.065650 0.073678
0.476485 -0.110619 0.038155
0.486682 -0.133901 -0.010707
0.466337 -0.195608 -0.014588
0.434264 -0.244919 -0.023041
0.405156 -0.293370 -0.009765
0.438119 -0.341087 -0.023700
0.468643 -0.331418 0.017385
0.432436 -0.346142 0.056050
0.388041 -0.381106 0.058847
0.339494 -0.354972 0.057841
0.286088 -0.358433 0.078187
0.248447 -0.315016 0.087991
0.270142 -0.263817 0.109453
0.313253 -0.268201 0.082555
0.283683 -0.244332 0.044109
0.269813 -0.187344 0.062099
0.316415 -0.168656 0.072453
0.336397 -0.176689 0.028335
0.304110 -0.133230 0.007581
0.316267 -0.078885 0.033583
0.364155 -0.081905 0.021218
0.356412 -0.080815 -0.027016
0.334734 -0.023680 -0.028728
0.372819 0.013759 -0.013661
0.406952 -0.010886 -0.048037
0.378964 0.004468 -0.087818
0.376065 0.067370 -0.079224
0.425451 0.075361 -0.080308
0.429701 0.053820 -0.127018
0.400148 0.101454 -0.146201
0.426489 0.151918 -0.131009
0.470060 0.135474 -0.151606
0.451347 0.133062 -0.198159
0.432716 0.193489 -0.202605
0.476666 0.224343 -0.192251
0.503649 0.197747 -0.229016
0.473800 0.221700 -0.264916
0.477802 0.284288 -0.254531
0.529446 0.287434 -0.256667
0.527172 0.267047 -0.305985
0.482366 0.276444 -0.333354
0.442896 0.227489 -0.328075
0.397216 0.267697 -0.318507
0.366065 0.321077 -0.305844
0.326810 0.269249 -0.283581
0.333860 0.229545 -0.245261
0.322395 0.207521 -0.201254
0.322428 0.199971 -0.146830
0.311836 0.164083 -0.104519
0.298526 0.185477 -0.060198
0.253982 0.149632 -0.050174
0.267243 0.085890 -0.046356
0.291080 0.110431 0.003857
0.314126 0.133733 0.043135
0.359130 0.144011 0.022475
0.344469 0.186211 -0.013221
0.324949 0.231411 0.016206
0.368273 0.242465 0.042680
0.398106 0.251484 -0.001877
0.391319 0.304004 -0.028210
0.432831 0.336556 -0.010676
0.468215 0.287266 -0.024502
0.449485 0.284770 -0.077245
0.446685 0.349498 -0.095658
0.452978 0.396963 -0.054039
0.470538 0.416763 -0.007534
0.526184 0.382050 -0.004533
0.566658 0.342765 0.011681
0.580776 0.275332 -0.004077
0.593674 0.204732 0.011524
0.615320 0.139879 0.008021
0.621036 0.070579 0.023481
0.639420 0.009879 0.008571
0.640161 -0.057260 0.024596
0.671642 -0.122197 0.023213
0.696862 -0.179122 0.012451
0.732180 -0.225518 -0.000746
0.703682 -0.282400 -0.017133
0.679697 -0.325671 -0.048037
0.631579 -0.316798 -0.030991
0.635022 -0.248778 -0.048713
0.635252 -0.231999 -0.095155
0.586607 -0.206662 -0.096789
0.593790 -0.160727 -0.060261
0.632699 -0.132726 -0.082571
0.605733 -0.119051 -0.122964
0.571090 -0.082199 -0.101848
0.602965 -0.038446 -0.082586
0.624496 -0.018374 -0.124598
0.579475 0.002391 -0.144190
0.570217 0.048011 -0.110458
0.612553 0.081234 -0.115564
0.604283 0.097678 -0.162918
0.561782 0.133398 -0.151025
0.575817 0.177570 -0.119351
0.607462 0.213185 -0.149061
0.563990 0.241227 -0.173822
0.545952 0.285316 -0.142981
0.521819 0.347652 -0.128888
0.518508 0.406297 -0.097905
0.500881 0.466388 -0.072704
0.521819 0.503618 -0.037825
0.512874 0.548860 0.006795
0.496598 0.590348 0.041564
0.467853 0.608910 0.082131
0.441183 0.666506 0.093349
0.396294 0.657235 0.115313
0.360432 0.612832 0.122069
0.332658 0.645028 0.154717
0.318656 0.693878 0.125604
0.300453 0.657634 0.090096
0.265398 0.626780 0.116004
0.242286 0.679321 0.133522
0.229536 0.701911 0.089248
0.205288 0.650188 0.070080
0.172358 0.648594 0.108479
0.152557 0.708539 0.100811
0.137633 0.695786 0.055484
0.108195 0.644126 0.070080
0.078560 0.674434 0.102430
0.059962 0.718502 0.072343
0.042155 0.675672 0.040009
0.011762 0.643665 0.071086
-0.016358 0.697087 0.082508
-0.030607 0.710510 0.037369
-0.051693 0.651257 0.031399
-0.085034 0.654571 0.068383
-0.110502 0.707763 0.053238
-0.123120 0.674749 0.010754
-0.140318 0.614049 0.035170
-0.184812 0.621809 0.057873
-0.208698 0.594668 0.015955
-0.177811 0.526984 0.015311
-0.147912 0.486880 0.040983
-0.093748 0.477127 0.052672
-0.057771 0.438052 0.073097
-0.013623 0.457013 0.053395
-0.011152 0.511735 0.080811
-0.006886 0.479183 0.124473
0.035219 0.447155 0.115470
0.062614 0.500766 0.103954
0.056766 0.528221 0.148134
0.076962 0.481133 0.175613
0.122280 0.482644 0.152596
0.133580 0.545189 0.161017
0.128704 0.541540 0.210193
0.164517 0.497913 0.216258
0.203542 0.529480 0.195095
0.202767 0.576798 0.225858
0.209736 0.544791 0.266880
0.255416 0.519307 0.254672
0.278330 0.578308 0.245465
0.268380 0.601527 0.295317
0.299942 0.575917 0.327337
0.340120 0.579504 0.358005
0.379573 0.557732 0.383065
0.352640 0.544560 0.423286
0.322165 0.498815 0.400064
0.360761 0.458565 0.389145
0.374944 0.450091 0.435053
0.332361 0.426264 0.452084
0.329693 0.375422 0.421447
0.373857 0.347631 0.438164
0.359097 0.341737 0.484481
0.318030 0.305158 0.475699
0.345046 0.256476 0.455038
0.372968 0.242402 0.494678
0.333860 0.233257 0.526619
0.312989 0.183632 0.501936
0.352047 0.143151 0.504843
0.356709 0.140047 0.551584
0.309563 0.115129 0.558026
0.315476 0.061560 0.530971
0.356495 0.036999 0.553752
0.333251 0.035573 0.596801
0.293847 -0.003859 0.583462
0.330862 -0.053086 0.570940
0.382604 -0.048975 0.588034
0.417494 -0.005915 0.563415
0.467952 0.020618 0.562409
0.505346 0.068964 0.549133
0.556083 0.043543 0.533076
0.597595 0.020534 0.505424
0.590676 -0.041173 0.537758
0.567927 -0.088533 0.561734
0.548159 -0.096839 0.604453
0.555539 -0.088345 0.653676
0.538671 -0.121149 0.691069
0.538687 -0.132726 0.738878
0.548126 -0.175493 0.776036
0.495906 -0.171739 0.795769
0.462812 -0.201208 0.755752
0.425187 -0.227258 0.724063
0.419768 -0.257629 0.670173
0.416852 -0.255805 0.615466
0.424463 -0.279422 0.563949
0.428367 -0.300334 0.518135
0.426324 -0.341800 0.473892
0.448299 -0.356734 0.422594
0.471131 -0.363781 0.378901
0.498526 -0.305976 0.390056
0.534898 -0.267802 0.408926
0.507009 -0.210668 0.406993
0.467589 -0.238857 0.440851
0.489581 -0.242045 0.485518
0.476880 -0.195944 0.520319
0.437707 -0.151016 0.514285
0.411828 -0.177864 0.556800
0.396046 -0.158231 0.606652
0.376130 -0.179898 0.653252
0.360959 -0.172389 0.699569
0.343267 -0.192084 0.744393
0.309546 -0.204501 0.783656
0.283420 -0.239277 0.815188
0.247953 -0.235459 0.769641
0.235648 -0.263167 0.718564
0.208269 -0.265579 0.672530
0.192076 -0.303501 0.626637
0.162623 -0.277849 0.578215
0.122362 -0.240011 0.557256
0.108344 -0.194433 0.590658
0.108607 -0.139795 0.618561
0.129940 -0.171236 0.660715
0.182884 -0.179122 0.650785
0.236735 -0.176081 0.649733
0.230558 -0.216331 0.603746
0.217593 -0.218218 0.554318
0.198699 -0.267425 0.515715
0.195206 -0.294524 0.464842
0.177679 -0.365375 0.447984
0.177498 -0.428467 0.453718
0.166741 -0.434633 0.505424
0.141142 -0.385804 0.529196
0.112940 -0.352560 0.567892
0.100305 -0.310695 0.601420
0.126513 -0.364075 0.628538
0.175752 -0.399815 0.639065
0.202504 -0.367137 0.685397
0.237839 -0.362460 0.728650
0.275579 -0.329194 0.761770
0.307256 -0.332320 0.806264
0.330105 -0.307675 0.852534
0.351520 -0.315058 0.898002
0.383164 -0.301193 0.937406
0.422618 -0.339703 0.914201
0.416605 -0.355685 0.861693
0.378486 -0.384861 0.837891
0.353744 -0.413659 0.793287
0.302710 -0.423705 0.765289
0.263059 -0.457453 0.735139
0.208681 -0.456551 0.715893
0.168289 -0.478281 0.687408
0.122461 -0.492648 0.663009
0.091986 -0.517692 0.631256
0.118162 -0.516706 0.588333
0.172638 -0.505778 0.591789
0.221250 -0.505590 0.573784
0.265925 -0.526774 0.602520
0.324339 -0.529689 0.605741
0.374516 -0.558026 0.622945
0.402026 -0.591061 0.591679
0.358241 -0.625144 0.575010
0.317799 -0.623257 0.610706
0.272482 -0.621977 0.631665
0.235697 -0.591753 0.665522
0.197381 -0.599241 0.708053
0.230129 -0.558760 0.746907
0.267787 -0.539925 0.773412
0.323548 -0.517042 0.763985
0.373314 -0.500136 0.760717
0.418615 -0.457936 0.750395
0.468462 -0.436605 0.725351
0.506499 -0.421734 0.697668
0.486929 -0.443379 0.649952
0.440063 -0.453762 0.633927
0.400346 -0.468171 0.599566
0.352854 -0.445225 0.575010
0.298773 -0.455901 0.557413
0.252994 -0.431760 0.529777
0.236752 -0.469807 0.495228
0.272053 -0.460033 0.454033
0.303550 -0.395893 0.462171
0.324800 -0.385993 0.510185
0.375669 -0.371458 0.527342
0.409423 -0.375653 0.574711
0.437361 -0.353126 0.620180
0.455432 -0.348554 0.668382
0.475892 -0.307381 0.710629
0.502397 -0.318686 0.759539
0.535821 -0.303291 0.794559
0.519908 -0.350400 0.828700
0.523318 -0.410953 0.793129
0.559180 -0.461984 0.789312
0.576312 -0.522768 0.790537
0.617280 -0.511630 0.821048
0.588535 -0.509659 0.865606
0.566164 -0.568136 0.867271
0.611251 -0.600835 0.869266
0.632419 -0.575833 0.910713
0.594234 -0.603415 0.940281
0.611416 -0.666821 0.928105
0.664360 -0.663276 0.938867
0.665810 -0.661766 0.991657
0.660835 -0.735113 1.000000
0.720287 -0.751788 0.986897
0.776427 -0.768903 0.977721
0.833012 -0.779307 0.965011
0.880586 -0.777083 0.923659
0.913006 -0.775993 0.877860
0.953793 -0.737819 0.841630
0.971320 -0.694381 0.802163
0.992258 -0.631353 0.770301
1.000000 -0.587789 0.729672
0.960020 -0.534765 0.707927
0.957812 -0.458712 0.714589
0.930121 -0.410701 0.674776
0.886484 -0.388573 0.645192
0.833951 -0.391111 0.630549
0.782506 -0.388489 0.623400
0.747434 -0.452315 0.613769
0.695363 -0.480441 0.594853
0.667556 -0.497934 0.550406
0.634972 -0.508295 0.512133
0.586822 -0.520335 0.490216
0.572029 -0.551461 0.450073
0.540483 -0.588754 0.424527
0.561404 -0.646014 0.434991
0.545985 -0.648971 0.481292
0.496186 -0.647545 0.470875
0.496071 -0.699499 0.441558
0.514719 -0.741238 0.474756
0.478280 -0.733813 0.508551
0.440491 -0.753739 0.480208
0.457870 -0.811796 0.469681
0.464492 -0.833169 0.515904
0.412734 -0.827380 0.526540
0.390561 -0.863708 0.490860
0.411301 -0.923926 0.501874
0.379227 -0.938713 0.545362
0.330203 -0.957107 0.518873
0.289745 -1.000000 0.503350
0.272613 -0.991149 0.447685
0.268248 -0.977998 0.398619
0.279516 -0.938167 0.362813
0.238069 -0.947648 0.334486
0.206013 -0.912578 0.362357
0.232436 -0.857311 0.361368
0.231875 -0.852675 0.313228
0.181534 -0.853451 0.304917
0.172836 -0.801749 0.333354
0.205288 -0.760723 0.310023
0.183659 -0.767666 0.265607
0.137534 -0.749124 0.279009
0.151981 -0.693290 0.298632
0.173857 -0.671120 0.257532
0.129446 -0.673973 0.231357
0.102545 -0.634813 0.262559
0.136546 -0.585502 0.261585
0.136134 -0.579294 0.212440
0.087093 -0.564885 0.211466
0.085726 -0.516140 0.242480
0.120468 -0.480672 0.217578
0.094309 -0.477945 0.175691
0.050408 -0.452587 0.197719
0.074162 -0.399878 0.215221
0.092365 -0.381463 0.173115
0.046932 -0.374982 0.153256
0.029026 -0.332445 0.185967
0.065069 -0.288693 0.174403
0.047278 -0.284141 0.126264
0.001680 -0.265579 0.137576
0.018466 -0.213793 0.164222
0.049320 -0.185561 0.130977
0.012865 -0.182205 0.097072
-0.021036 -0.148541 0.125965
0.013969 -0.099356 0.131716
0.021448 -0.086394 0.084173
-0.026999 -0.072907 0.077716
-0.028482 -0.025274 0.111527
0.011531 0.008662 0.085336
-0.014365 0.007907 0.036144
-0.059188 0.040565 0.045225
-0.090833 0.094679 0.038092
-0.137946 0.089939 0.068886
-0.163380 0.115129 0.115580
-0.199885 0.144535 0.140184
-0.233424 0.195084 0.166925
-0.245350 0.262642 0.168496
-0.267243 0.335046 0.159792
-0.298542 0.382826 0.121566
-0.313170 0.417287 0.076538
-0.318475 0.440023 0.022915
-0.302347 0.441576 -0.031195
-0.271081 0.425803 -0.074291
-0.231052 0.404765 -0.104991
-0.187036 0.350358 -0.113538
-0.138193 0.321287 -0.123231
-0.096499 0.265809 -0.110081
-0.059221 0.216121 -0.098329
-0.042468 0.147304 -0.102775
-0.013590 0.091847 -0.108541
-0.009752 0.028861 -0.119555
0.001137 0.001426 -0.077245
-0.042814 0.022443 -0.054243
-0.073338 -0.007635 -0.083545
-0.055300 -0.068020 -0.072531
-0.065794 -0.068691 -0.025052
-0.114966 -0.050716 -0.028854
-0.126728 -0.101915 -0.055532
-0.113632 -0.146549 -0.023481
-0.144354 -0.124861 0.013520
-0.187678 -0.125574 -0.011493
-0.182407 -0.190301 -0.022145
-0.179376 -0.214779 0.022129
-0.224001 -0.187302 0.037809
-0.253225 -0.211276 0.004109
-0.240985 -0.273633 0.012970
-0.256107 -0.274535 0.059664
-0.304192 -0.259538 0.046922
-0.312330 -0.308157 0.016536
-0.303583 -0.357741 0.049231
-0.340334 -0.340500 0.079994
-0.378634 -0.344401 0.047283
-0.370167 -0.405625 0.035311
-0.379013 -0.428907 0.079884
-0.427395 -0.408960 0.081298
-0.443588 -0.439877 0.041658
-0.430607 -0.500094 0.057747
-0.463290 -0.500178 0.094983
-0.504143 -0.491516 0.067818
-0.499596 -0.542715 0.038768
-0.498822 -0.588502 0.073222
-0.545639 -0.576442 0.090206
-0.570579 -0.587977 0.048242
-0.553035 -0.648510 0.041313
-0.573511 -0.675273 0.080355
-0.621366 -0.661892 0.066309
-0.621514 -0.691507 0.022758
-0.610098 -0.750005 0.041816
-0.649485 -0.756235 0.071636
-0.685331 -0.748558 0.036270
-0.668726 -0.800763 0.011100
-0.672284 -0.847935 0.044392
-0.720698 -0.842104 0.059475
-0.735656 -0.845649 0.007895
-0.709167 -0.867127 -0.030551
-0.672399 -0.833610 -0.058360
-0.636126 -0.823143 -0.095124
-0.605502 -0.773098 -0.068902
-0.560596 -0.729534 -0.066090
-0.523548 -0.685005 -0.041360
-0.480751 -0.633534 -0.048776
-0.436900 -0.597290 -0.052766
-0.410329 -0.541058 -0.080638
-0.388732 -0.494536 -0.117371
-0.389968 -0.425971 -0.143656
-0.402306 -0.373765 -0.174827
-0.425896 -0.322399 -0.194718
-0.429503 -0.277765 -0.228764
-0.403657 -0.230887 -0.204805
-0.357565 -0.266628 -0.207617
-0.351948 -0.258930 -0.258788
-0.335360 -0.195000 -0.258741
-0.308179 -0.139250 -0.260611
-0.341438 -0.109529 -0.226235
-0.327337 -0.122722 -0.181348
-0.306054 -0.121358 -0.138519
-0.266667 -0.138809 -0.112076
-0.276402 -0.183128 -0.071604
-0.316943 -0.225727 -0.072091
-0.340466 -0.277828 -0.083828
-0.344848 -0.330788 -0.116067
-0.378140 -0.374793 -0.082681
-0.419932 -0.423768 -0.070489
-0.459287 -0.466430 -0.064864
-0.486187 -0.527445 -0.082398
-0.519068 -0.579315 -0.099806
-0.525509 -0.642658 -0.110977
-0.560036 -0.689494 -0.136539
-0.573017 -0.757640 -0.136508
-0.598369 -0.813306 -0.167035
-0.605881 -0.866560 -0.191183
-0.615106 -0.838937 -0.238599
-0.588930 -0.769197 -0.239699
-0.569129 -0.711202 -0.229424
-0.546364 -0.660990 -0.207884
-0.546710 -0.601884 -0.176728
-0.549741 -0.533570 -0.158221
-0.555523 -0.490887 -0.113443
-0.560563 -0.453363 -0.073301
-0.578058 -0.436940 -0.031116
-0.623606 -0.417874 -0.046529
-0.637691 -0.477127 -0.060512
-0.635565 -0.502381 -0.015955
-0.668149 -0.463012 0.006324
-0.707619 -0.479539 -0.021815
-0.706103 -0.544120 -0.014635
-0.714653 -0.544015 0.033127
-0.763726 -0.532857 0.027628
-0.773610 -0.588103 0.003496
-0.754715 -0.628269 0.038155
-0.785916 -0.609623 0.074605
-0.827922 -0.624242 0.052876
-0.817709 -0.687250 0.044125
-0.808780 -0.703442 0.091212
-0.854131 -0.688697 0.108620
-0.878972 -0.726870 0.077323
-0.855333 -0.782096 0.094480
-0.864608 -0.777419 0.144489
-0.917140 -0.775489 0.140514
-0.922527 -0.832896 0.113223
-0.945260 -0.885836 0.115549
-0.955358 -0.918703 0.070457
-1.000000 -0.882816 0.043088
-0.974269 -0.846047 -0.002506
-0.982637 -0.842859 -0.050802
-0.988008 -0.773916 -0.064550
-0.959542 -0.702855 -0.072280
-0.923318 -0.691570 -0.112501
-0.935442 -0.631835 -0.148637
-0.900980 -0.570694 -0.130647
-0.853571 -0.598003 -0.122603
-0.806655 -0.626801 -0.125054
-0.760366 -0.642700 -0.109076
-0.720929 -0.632695 -0.078690
-0.686830 -0.677287 -0.103357
-0.699316 -0.647084 -0.156539
-0.701870 -0.626696 -0.204443
-0.720633 -0.630367 -0.252284
-0.689235 -0.572708 -0.265529
-0.653538 -0.539275 -0.288640
-0.615501 -0.491285 -0.298648
-0.573281 -0.461061 -0.304037
-0.518573 -0.457286 -0.306488
-0.468940 -0.445561 -0.307588
-0.421563 -0.442436 -0.327730
-0.408039 -0.365522 -0.327698
-0.370250 -0.312394 -0.342687
-0.352805 -0.257021 -0.370700
-0.314043 -0.203809 -0.382452
-0.305708 -0.138285 -0.402170
-0.277901 -0.083122 -0.409695
-0.276929 -0.014535 -0.423254
-0.236241 0.006964 -0.447544
-0.256948 0.011410 -0.491646
-0.274491 0.074627 -0.485817
-0.230409 0.101370 -0.499485
-0.215485 0.073348 -0.544608
-0.246981 0.044697 -0.576534
-0.257656 -0.022170 -0.569212
-0.265794 -0.088093 -0.570925
-0.279137 -0.141662 -0.547986
-0.267655 -0.214653 -0.550547
-0.280010 -0.271494 -0.512699
-0.277259 -0.323217 -0.475290
-0.295511 -0.328691 -0.428533
-0.309200 -0.357929 -0.387480
-0.337567 -0.394677 -0.353229
-0.347731 -0.399585 -0.303456
-0.367515 -0.431781 -0.263282
-0.371749 -0.451559 -0.216117
-0.319183 -0.464249 -0.216667
-0.285578 -0.439436 -0.257469
-0.290289 -0.463913 -0.308798
-0.299959 -0.482602 -0.356827
-0.343415 -0.489544 -0.388485
-0.322066 -0.441806 -0.426742
-0.338852 -0.389517 -0.465313
-0.348423 -0.324601 -0.486476
-0.359723 -0.280701 -0.523461
-0.346495 -0.208423 -0.529368
-0.356478 -0.136544 -0.535559
-0.332691 -0.068398 -0.532086
-0.345375 0.005936 -0.545661
-0.350844 0.059882 -0.573376
-0.381122 0.107788 -0.601656
-0.378717 0.171991 -0.568914
-0.338621 0.214800 -0.549133
-0.303846 0.241164 -0.513830
-0.266041 0.237200 -0.482250
-0.223260 0.246114 -0.461433
-0.176015 0.237284 -0.450482
-0.137056 0.226944 -0.424857
-0.096269 0.240724 -0.403270
-0.049633 0.230426 -0.394817
-0.005766 0.233907 -0.369600
0.034182 0.268893 -0.386993
0.075546 0.297166 -0.362452
0.074327 0.364872 -0.392979
0.059171 0.432053 -0.387008
0.055267 0.493487 -0.379718
0.024479 0.532248 -0.423003
-0.035780 0.545861 -0.432037
-0.074244 0.593557 -0.432178
-0.120616 0.569352 -0.467906
-0.166658 0.530214 -0.473797
-0.223277 0.499004 -0.461653
-0.269204 0.531556 -0.462328
-0.317470 0.531640 -0.484261
-0.344848 0.586740 -0.491740
-0.394531 0.607693 -0.508661
-0.422354 0.658829 -0.523162
-0.463520 0.692976 -0.543996
-0.497883 0.742958 -0.549463
-0.501886 0.750068 -0.495950
-0.468396 0.717746 -0.459893
-0.461890 0.648845 -0.453137
-0.444988 0.586404 -0.438369
-0.441117 0.525201 -0.458039
-0.440623 0.461774 -0.447701
-0.425550 0.404556 -0.467403
-0.430607 0.342723 -0.464402
-0.413508 0.284078 -0.473892
-0.415897 0.222141 -0.500947
-0.419142 0.151771 -0.506226
-0.414134 0.088303 -0.530342
-0.421333 0.017556 -0.523241
-0.414233 -0.053590 -0.529950
-0.435434 -0.120960 -0.530154
-0.423507 -0.192168 -0.539031
-0.437246 -0.260021 -0.547232
-0.424627 -0.326216 -0.566541
-0.403163 -0.376177 -0.526257
-0.391648 -0.440443 -0.504293
-0.349378 -0.488265 -0.488566
-0.354501 -0.536464 -0.453404
-0.394860 -0.563249 -0.430450
-0.424117 -0.609057 -0.410811
-0.460654 -0.654487 -0.414425
-0.485578 -0.630430 -0.372900
-0.492579 -0.562431 -0.399137
-0.509678 -0.557166 -0.447858
-0.558059 -0.531955 -0.438903
-0.567548 -0.468759 -0.443506
-0.536051 -0.417937 -0.451283
-0.522296 -0.350819 -0.428518
-0.516745 -0.281373 -0.415650
-0.503797 -0.226713 -0.378870
-0.501573 -0.149170 -0.373182
-0.478906 -0.082828 -0.362970
-0.472712 -0.013298 -0.374141
-0.479170 0.044801 -0.354643
-0.528326 0.055394 -0.338146
-0.560596 0.001468 -0.336936
-0.601516 -0.033433 -0.321288
-0.591170 -0.081675 -0.360221
-0.578651 -0.137194 -0.382688
-0.559872 -0.180087 -0.419609
-0.570200 -0.229943 -0.455667
-0.553513 -0.287141 -0.482517
-0.565374 -0.334543 -0.515935
-0.563726 -0.377541 -0.552762
-0.574944 -0.412547 -0.593219
-0.621827 -0.427984 -0.612041
-0.630969 -0.464039 -0.653315
-0.663866 -0.503073 -0.680244
-0.626901 -0.511651 -0.721156
-0.586031 -0.546364 -0.699176
-0.553727 -0.593095 -0.686654
-0.516152 -0.619607 -0.663668
-0.470867 -0.645846 -0.665035
-0.437196 -0.699100 -0.669922
-0.399786 -0.678398 -0.636865
-0.378486 -0.675105 -0.592763
-0.381303 -0.609350 -0.584908
-0.430525 -0.602114 -0.571113
-0.428976 -0.614133 -0.522298
-0.401763 -0.550265 -0.514474
-0.437526 -0.502800 -0.542896
-0.460555 -0.434654 -0.545362
-0.487522 -0.380057 -0.566541
-0.495462 -0.307171 -0.579582
-0.520979 -0.243975 -0.587846
-0.497290 -0.190595 -0.561749
-0.509134 -0.115444 -0.559738
-0.495412 -0.050024 -0.533280
-0.499959 0.017493 -0.518323
-0.478939 0.075613 -0.490609
-0.486369 0.136816 -0.467953
-0.453109 0.183191 -0.440600
-0.427378 0.224448 -0.411644
-0.386146 0.251463 -0.391062
-0.361684 0.235187 -0.344729
-0.334108 0.208843 -0.309599
-0.358603 0.152254 -0.308562
-0.344321 0.136607 -0.354737
-0.294276 0.137299 -0.347447
-0.294556 0.091910 -0.312961
-0.316580 0.045452 -0.340550
-0.279631 0.044088 -0.375822
-0.241348 0.023261 -0.344839
-0.264476 -0.023093 -0.308672
-0.303616 -0.059001 -0.335962
-0.349181 -0.101621 -0.352915
-0.378568 -0.151813 -0.368610
-0.414760 -0.196950 -0.355209
-0.432551 -0.264803 -0.366914
-0.465415 -0.315162 -0.365939
-0.477275 -0.385343 -0.369255
-0.521341 -0.429683 -0.378587
-0.549938 -0.497682 -0.369789
-0.556214 -0.572310 -0.366725
-0.562392 -0.636156 -0.365232
-0.567614 -0.699876 -0.374392
-0.595075 -0.756067 -0.379813
-0.568487 -0.815488 -0.382531
-0.566922 -0.875684 -0.401117
-0.516745 -0.913187 -0.396498
-0.471345 -0.946368 -0.410057
-0.425533 -0.935105 -0.441118
-0.413096 -0.874761 -0.453891
-0.379079 -0.854836 -0.419138
-0.333877 -0.878033 -0.435101
-0.327798 -0.839377 -0.474316
-0.333531 -0.782117 -0.449838
-0.293501 -0.791304 -0.420882
-0.257211 -0.792919 -0.454771
-0.267606 -0.733771 -0.472478
-0.258331 -0.703274 -0.430827
-0.208945 -0.719173 -0.426758
-0.194992 -0.689557 -0.467702
-0.211828 -0.630073 -0.455164
-0.183939 -0.621537 -0.415383
-0.139494 -0.623991 -0.440898
-0.148126 -0.573946 -0.470074
-0.158455 -0.530256 -0.434881
-0.113829 -0.533234 -0.412476
-0.088708 -0.509575 -0.452257
-0.114669 -0.454244 -0.459296
-0.094737 -0.424985 -0.416876
-0.038992 -0.431781 -0.431298
-0.040178 -0.409212 -0.483696
-0.007924 -0.383330 -0.530060
0.015238 -0.353105 -0.572716
0.059797 -0.334312 -0.606919
0.091541 -0.299222 -0.641217
0.136743 -0.295845 -0.673362
0.162194 -0.254525 -0.709954
0.197183 -0.247247 -0.755108
0.235088 -0.203788 -0.782744
0.266288 -0.174801 -0.822164
0.299827 -0.124400 -0.842479
0.324487 -0.087506 -0.883375
0.344601 -0.053212 -0.918411
0.342212 -0.021876 -0.964901
0.347797 0.025337 -1.000000
0.326579 0.073432 -0.965859
0.324767 0.061812 -0.913808
0.291162 0.009124 -0.895708
0.262038 -0.039369 -0.873728
0.245169 -0.105690 -0.888356
0.231612 -0.169285 -0.890335
0.236439 -0.236550 -0.896117
0.228614 -0.298110 -0.908277
0.204036 -0.359062 -0.902276
0.205436 -0.427208 -0.905277
0.185257 -0.486314 -0.906156
0.190347 -0.556138 -0.883532
0.188502 -0.618789 -0.864474
0.239766 -0.603394 -0.839258
0.215435 -0.553831 -0.801551
0.197018 -0.523796 -0.759507
0.197743 -0.456090 -0.767709
0.173627 -0.443002 -0.813790
0.229388 -0.427502 -0.836807
0.264970 -0.383392 -0.867083
0.297801 -0.336389 -0.880704
0.323894 -0.291797 -0.914248
0.374220 -0.262349 -0.915080
0.419422 -0.224322 -0.920627
