-0.975176 0.242960 -1.000000
-0.987207 0.324024 -0.967992
-0.992377 0.400789 -0.940763
-0.987008 0.476899 -0.897541
-1.000000 0.544824 -0.854082
-0.955190 0.612920 -0.809654
-0.932321 0.696970 -0.807114
-0.897819 0.758752 -0.762708
-0.814895 0.826653 -0.749578
-0.763158 0.892976 -0.733864
-0.682785 0.934867 -0.684701
-0.574042 0.965151 -0.670322
-0.488035 1.000000 -0.649443
-0.384926 0.982418 -0.608416
-0.291330 0.969158 -0.580993
-0.215896 0.910849 -0.553570
-0.149940 0.865606 -0.526191
-0.165087 0.787263 -0.487101
-0.152824 0.715597 -0.471538
-0.182620 0.667561 -0.425755
-0.180167 0.602380 -0.397772
-0.232666 0.546646 -0.371727
-0.224049 0.493607 -0.325340
-0.260076 0.431097 -0.303449
-0.266638 0.388234 -0.249056
-0.276448 0.318803 -0.227337
-0.287518 0.269553 -0.177313
-0.236511 0.195289 -0.211968
-0.131910 0.191646 -0.242899
-0.070396 0.158618 -0.193435
-0.001127 0.109902 -0.175978
0.034270 0.070415 -0.124770
0.125414 0.021577 -0.139278
0.190574 0.043458 -0.080428
0.253049 0.057641 -0.030727
0.306509 0.106138 0.008771
0.387578 0.054848 0.016865
0.477761 0.017837 0.012323
0.548986 -0.029421 0.036280
0.583853 0.016526 0.086412
0.512396 0.004092 0.134284
0.483694 -0.012446 0.200818
0.437591 -0.022136 0.260722
0.411077 -0.014777 0.325448
0.421649 -0.012883 0.393467
0.358611 -0.013806 0.453953
0.414291 -0.038941 0.505763
0.467155 -0.023034 0.561556
0.532116 -0.078744 0.565237
0.599629 -0.053051 0.522596
0.624321 0.011086 0.562848
0.646957 -0.021602 0.624431
0.738897 -0.047902 0.615046
0.839586 -0.042972 0.619954
0.934376 -0.057204 0.597417
0.948064 -0.123040 0.630673
0.877204 -0.164082 0.590529
0.922776 -0.164519 0.528279
0.963476 -0.179285 0.470785
1.000000 -0.158982 0.412883
0.907298 -0.159420 0.384513
0.867559 -0.102010 0.419017
0.936265 -0.052905 0.398418
0.915783 -0.058394 0.333843
0.816983 -0.039743 0.337674
0.833024 0.028766 0.363181
0.887114 0.054047 0.311371
0.818209 0.042633 0.264575
0.744763 0.088896 0.289178
0.783110 0.156408 0.270043
0.767500 0.138267 0.198343
0.671119 0.110582 0.188376
0.571457 0.098100 0.176279
0.465432 0.103345 0.204090
0.366598 0.103977 0.220277
0.281851 0.108882 0.254243
0.204958 0.087269 0.291029
0.109373 0.064951 0.303514
0.017897 0.070439 0.334661
0.024228 -0.005913 0.359802
0.121205 0.009848 0.400248
0.165783 0.010090 0.470656
0.202274 0.012470 0.537341
0.132474 -0.030417 0.573567
0.096314 -0.087536 0.610224
0.005038 -0.093850 0.572792
0.042689 -0.130496 0.516547
0.021444 -0.187226 0.467599
0.026946 -0.225329 0.410300
-0.062210 -0.263263 0.418178
-0.122199 -0.203084 0.419254
-0.092470 -0.175302 0.361610
-0.123459 -0.235481 0.325878
-0.220569 -0.235043 0.342797
-0.240455 -0.166365 0.321660
-0.219508 -0.182928 0.257945
-0.292357 -0.237302 0.251230
-0.372995 -0.188902 0.269138
-0.377569 -0.140161 0.217543
-0.435503 -0.084743 0.172965
-0.400736 -0.019319 0.146015
-0.349894 0.008439 0.202475
-0.382739 -0.004651 0.266857
-0.339984 0.004553 0.328634
-0.422213 0.013272 0.366324
-0.459366 -0.055916 0.357111
-0.379425 -0.094603 0.377453
-0.378994 -0.064708 0.439057
-0.471265 -0.084694 0.460044
-0.457146 -0.158424 0.452704
-0.379756 -0.163864 0.495776
-0.427184 -0.139117 0.548749
-0.501359 -0.190067 0.547759
-0.438751 -0.249299 0.554840
-0.397322 -0.231692 0.612958
-0.487803 -0.227758 0.643072
-0.519091 -0.298233 0.633127
-0.442099 -0.329270 0.665027
-0.457146 -0.296509 0.723231
-0.550974 -0.319386 0.736297
-0.534270 -0.393674 0.732745
-0.464503 -0.395592 0.782446
-0.529630 -0.369461 0.829263
-0.598668 -0.422160 0.823753
-0.533408 -0.476947 0.838777
-0.501989 -0.452565 0.898251
-0.596248 -0.450064 0.928688
-0.617858 -0.527048 0.915708
-0.534370 -0.566292 0.947522
-0.458074 -0.597037 0.984653
-0.359903 -0.605148 1.000000
-0.336703 -0.643859 0.943432
-0.363582 -0.591403 0.898466
-0.301936 -0.535912 0.915880
-0.216161 -0.569716 0.890846
-0.253314 -0.572169 0.823021
-0.272504 -0.499727 0.802831
-0.267599 -0.441783 0.758554
-0.262926 -0.357975 0.750008
-0.216393 -0.343695 0.689264
-0.220536 -0.327351 0.624302
-0.124287 -0.349183 0.609213
-0.129358 -0.422087 0.621181
-0.207444 -0.433768 0.581553
-0.163728 -0.412228 0.525136
-0.087034 -0.460798 0.525523
-0.142914 -0.523599 0.530991
-0.199191 -0.515002 0.477070
-0.118984 -0.516969 0.435936
-0.081466 -0.583243 0.451714
-0.165551 -0.620448 0.433999
-0.162667 -0.594827 0.367616
-0.079411 -0.626374 0.338578
-0.024460 -0.664210 0.289932
0.052466 -0.706320 0.259861
-0.008783 -0.721984 0.200194
-0.032712 -0.724291 0.125782
-0.056841 -0.707632 0.055201
-0.032083 -0.715014 -0.017941
-0.027907 -0.715889 -0.084475
0.004044 -0.762832 -0.141818
0.033707 -0.783790 -0.205231
0.019190 -0.860118 -0.243567
-0.037949 -0.873426 -0.296755
-0.123260 -0.830441 -0.274800
-0.116366 -0.826871 -0.200129
-0.130850 -0.817667 -0.130474
-0.082858 -0.820339 -0.065684
-0.064298 -0.824856 0.001453
0.021112 -0.806278 0.042609
0.083123 -0.795495 0.096056
0.122663 -0.730265 0.141473
0.161806 -0.676838 0.179271
0.156271 -0.605246 0.211451
0.170622 -0.537150 0.237626
0.134562 -0.483334 0.277081
0.082792 -0.447125 0.231233
0.016108 -0.505822 0.222321
-0.020184 -0.513934 0.283367
-0.056576 -0.444697 0.289458
-0.119515 -0.445887 0.238508
-0.179869 -0.500820 0.259861
-0.211587 -0.470682 0.315977
-0.252585 -0.408876 0.289716
-0.314099 -0.440665 0.245569
-0.371006 -0.480420 0.287413
-0.405707 -0.425584 0.324329
-0.450650 -0.387432 0.275295
-0.509181 -0.442341 0.250713
-0.564364 -0.456888 0.306011
-0.600888 -0.385611 0.309842
-0.643610 -0.381628 0.245784
-0.694120 -0.448922 0.249508
-0.784138 -0.450938 0.282247
-0.864676 -0.404651 0.293957
-0.920191 -0.365722 0.333498
-0.944584 -0.293983 0.347317
-0.921550 -0.296485 0.417274
-0.814629 -0.295368 0.421342
-0.718613 -0.269553 0.431631
-0.616664 -0.272564 0.431889
-0.596215 -0.285241 0.496701
-0.647985 -0.350033 0.501652
-0.595353 -0.387942 0.455847
-0.502519 -0.378058 0.480923
-0.519952 -0.410698 0.538847
-0.539275 -0.477919 0.514782
-0.450451 -0.489260 0.481849
-0.392019 -0.485957 0.535898
-0.435868 -0.542687 0.569994
-0.419130 -0.593904 0.524921
-0.316552 -0.585380 0.519130
-0.293385 -0.604177 0.580735
-0.338327 -0.677081 0.568444
-0.360268 -0.702265 0.506452
-0.451544 -0.664088 0.476812
-0.497150 -0.654593 0.410795
-0.471563 -0.635626 0.347145
-0.369714 -0.631449 0.354335
-0.358279 -0.704693 0.368670
-0.397256 -0.729998 0.313437
-0.327323 -0.699156 0.273121
-0.251293 -0.740004 0.297358
-0.289871 -0.807881 0.283280
-0.299218 -0.799745 0.218167
-0.199092 -0.791318 0.209191
-0.168898 -0.857422 0.234655
-0.220105 -0.901111 0.193241
-0.173538 -0.874665 0.138159
-0.078782 -0.893704 0.156971
-0.097541 -0.968332 0.164290
-0.123492 -0.983243 0.102298
-0.027277 -0.951114 0.078276
0.061879 -0.984336 0.088393
0.084217 -1.000000 0.024808
0.106920 -0.925809 0.006232
0.202373 -0.907887 0.023000
0.242079 -0.915148 -0.040241
0.216227 -0.841831 -0.059398
0.301505 -0.805986 -0.036539
0.385689 -0.751515 -0.048722
0.402194 -0.739858 0.028833
