0.896078 0.583673 1.000000
0.880827 0.537247 0.933103
0.854445 0.502830 0.873765
0.801563 0.527112 0.809527
0.842144 0.472888 0.746783
0.811614 0.382337 0.710477
0.720780 0.331041 0.685204
0.682478 0.369143 0.619603
0.740589 0.313734 0.563057
0.705062 0.206535 0.548772
0.619283 0.211964 0.510796
0.655102 0.226474 0.440207
0.675845 0.120986 0.418054
0.592667 0.116840 0.383792
0.607596 0.086700 0.326608
0.566460 0.049092 0.279358
0.584954 0.000428 0.232482
0.568037 -0.048335 0.178441
0.594537 -0.135562 0.172002
0.577620 -0.218347 0.151146
0.570170 -0.311135 0.162266
0.603740 -0.393952 0.144267
0.590329 -0.490392 0.143234
0.597371 -0.593643 0.170090
0.569732 -0.652211 0.114532
0.572975 -0.685312 0.050931
0.496195 -0.637405 0.031658
0.523453 -0.542742 0.043921
0.591147 -0.547512 -0.001066
0.541684 -0.564227 -0.056140
0.489095 -0.482857 -0.049305
0.555650 -0.415636 -0.052645
0.590096 -0.441695 -0.112686
0.515682 -0.425375 -0.149475
0.509021 -0.325842 -0.132443
0.589950 -0.295505 -0.153299
0.576890 -0.323539 -0.216944
0.507881 -0.264280 -0.230130
0.552903 -0.177843 -0.220263
0.617238 -0.192584 -0.267095
0.561551 -0.206436 -0.321246
0.510949 -0.107923 -0.302170
0.539727 -0.013128 -0.301247
0.485910 0.018952 -0.351684
0.406296 0.002830 -0.322609
0.423417 0.057351 -0.267974
0.436097 0.145038 -0.301906
0.356073 0.150467 -0.329421
0.308918 0.151619 -0.273381
0.342809 0.230620 -0.242459
0.330947 0.300638 -0.290325
0.243211 0.290866 -0.301401
0.221532 0.313207 -0.234196
0.268366 0.401849 -0.221010
0.259689 0.437747 -0.295467
0.199153 0.455021 -0.344564
0.257381 0.530139 -0.376232
0.323526 0.478810 -0.406626
0.373194 0.425967 -0.455810
0.433526 0.364010 -0.483369
0.507706 0.420802 -0.466886
0.497188 0.406752 -0.400824
0.505631 0.305344 -0.402494
0.589015 0.292149 -0.426054
0.629684 0.325908 -0.370760
0.600438 0.251053 -0.330103
0.635352 0.174092 -0.361068
0.719349 0.199724 -0.350387
0.716748 0.203211 -0.282259
0.690191 0.100290 -0.277051
0.761858 0.059424 -0.306390
0.822307 0.099401 -0.263689
0.787744 0.054291 -0.209494
0.798203 -0.039945 -0.228350
0.886699 -0.041722 -0.240218
0.910394 -0.018426 -0.176836
0.867417 -0.097427 -0.145717
0.916062 -0.169091 -0.178551
1.000000 -0.137635 -0.158288
0.963012 -0.089267 -0.089896
0.927456 -0.090287 -0.025900
0.976773 -0.006054 -0.000011
0.929822 0.075645 -0.014164
0.865255 0.140004 0.004406
0.802469 0.111279 -0.042514
0.785290 0.014477 -0.013812
0.735417 0.053172 0.042294
0.656358 0.081206 0.009659
0.585217 0.089695 -0.028911
0.553546 0.106508 -0.090973
0.500635 0.185707 -0.072710
0.569002 0.247499 -0.058403
0.604762 0.247006 -0.119851
0.534351 0.285799 -0.150838
0.533124 0.373552 -0.114686
0.615602 0.403527 -0.130553
0.600847 0.409812 -0.197407
0.536133 0.477231 -0.194748
0.586648 0.548664 -0.161519
0.652794 0.554126 -0.214439
0.613235 0.604139 -0.264678
0.602688 0.693209 -0.294303
0.511884 0.720091 -0.283622
0.451669 0.653330 -0.259030
0.416200 0.705317 -0.206527
0.385640 0.781456 -0.248635
0.336382 0.736411 -0.296061
0.285487 0.675276 -0.243272
0.280988 0.687385 -0.173936
0.356599 0.642636 -0.127982
0.400424 0.695808 -0.080534
0.354320 0.652639 -0.027416
0.406004 0.564918 -0.033130
0.492367 0.599237 -0.024405
0.480973 0.616281 0.045415
0.479015 0.510365 0.061436
0.483602 0.399743 0.087764
0.440888 0.313734 0.077831
0.355255 0.329889 0.096335
0.347659 0.422842 0.069018
0.359725 0.389510 0.005857
0.292849 0.324098 0.000275
0.227113 0.389083 0.012801
0.243912 0.450447 -0.038756
0.229333 0.383983 -0.087369
0.144489 0.364833 -0.070425
0.112585 0.463017 -0.074556
0.134497 0.477362 -0.142201
0.066102 0.428468 -0.172243
-0.007669 0.416360 -0.219757
-0.090147 0.384805 -0.241602
-0.081616 0.450777 -0.294852
-0.060492 0.453475 -0.369200
-0.077613 0.541261 -0.404099
0.013659 0.559917 -0.416252
0.021167 0.493156 -0.470293
0.011175 0.441103 -0.525894
0.000570 0.356508 -0.557013
0.031364 0.273756 -0.582594
0.072296 0.224928 -0.631603
0.062070 0.192222 -0.700368
0.085326 0.126020 -0.747596
0.086699 0.057680 -0.793550
0.107005 -0.037247 -0.809637
0.184311 -0.010891 -0.841020
0.224951 0.033825 -0.788517
0.224016 -0.045933 -0.747794
0.273859 -0.105883 -0.789418
0.344387 -0.046887 -0.791704
0.358966 -0.047381 -0.725246
0.372464 -0.147276 -0.720015
0.444862 -0.151158 -0.763705
0.497655 -0.064195 -0.742520
0.454970 -0.045933 -0.668370
0.429523 -0.087161 -0.610725
0.454912 -0.013096 -0.568419
0.401592 0.060082 -0.591187
0.324023 0.014247 -0.579562
0.333957 0.001645 -0.511785
0.346315 0.097920 -0.495918
0.268103 0.132140 -0.520510
0.215602 0.074164 -0.483435
0.243941 0.100619 -0.421878
0.224922 0.198407 -0.428075
0.135315 0.191991 -0.441657
0.116149 0.138885 -0.384583
0.149602 0.197749 -0.334586
0.103908 0.286161 -0.345443
0.019969 0.232693 -0.335883
0.058593 0.182548 -0.270853
0.087810 0.207982 -0.207384
0.048338 0.111378 -0.179254
0.099321 0.033660 -0.202044
0.163859 -0.037806 -0.199077
0.230180 -0.092689 -0.225229
0.184603 -0.176987 -0.239514
0.132101 -0.130429 -0.286677
0.197371 -0.099664 -0.329290
0.228603 -0.192386 -0.341245
0.151852 -0.225158 -0.368167
0.147703 -0.159121 -0.418933
0.221941 -0.191926 -0.449547
0.194040 -0.285733 -0.462095
0.121028 -0.262997 -0.498181
0.162516 -0.209858 -0.545541
0.213790 -0.285733 -0.567804
0.147498 -0.346242 -0.588396
0.116704 -0.278758 -0.633075
0.189219 -0.268228 -0.670809
0.202717 -0.362859 -0.688259
0.119977 -0.382963 -0.715950
0.109459 -0.299191 -0.759376
0.182704 -0.306857 -0.801549
0.143876 -0.396321 -0.832361
0.066365 -0.355390 -0.865546
0.007465 -0.304784 -0.905258
-0.030166 -0.254245 -0.844492
-0.005945 -0.180409 -0.802011
-0.085209 -0.143327 -0.785287
-0.121554 -0.225619 -0.756211
-0.056928 -0.244966 -0.712126
-0.057162 -0.159384 -0.676875
-0.142707 -0.161621 -0.658766
-0.146651 -0.253225 -0.628438
-0.069286 -0.247137 -0.586748
-0.097013 -0.164221 -0.547673
-0.159360 -0.197355 -0.504731
-0.106712 -0.237661 -0.456953
-0.059966 -0.153955 -0.443108
-0.132189 -0.099434 -0.423219
-0.161113 -0.160898 -0.374232
-0.087605 -0.156653 -0.337377
-0.087517 -0.058239 -0.325246
-0.168680 -0.050638 -0.296346
-0.156409 -0.113319 -0.244459
-0.083690 -0.066926 -0.217625
-0.118224 0.024941 -0.209780
-0.181974 -0.002139 -0.166244
-0.131225 -0.050276 -0.119873
-0.072208 0.024052 -0.103983
-0.132627 0.090155 -0.084248
-0.169966 0.035174 -0.035526
-0.094734 0.021683 0.002472
-0.073318 0.118683 0.009329
-0.150829 0.143492 0.038976
-0.135812 0.084726 0.092995
-0.058652 0.124342 0.114378
-0.076649 0.225355 0.118730
-0.159798 0.214695 0.158640
-0.143233 0.118057 0.200769
-0.072559 0.044650 0.196176
-0.059820 -0.053172 0.211582
-0.143905 -0.081008 0.224856
-0.168972 -0.087359 0.159804
-0.109430 -0.157015 0.141893
-0.141451 -0.228909 0.180902
-0.223315 -0.235457 0.152640
-0.196903 -0.257798 0.091435
-0.146125 -0.342952 0.107609
-0.211161 -0.393887 0.133278
-0.261559 -0.398723 0.077589
-0.203331 -0.436233 0.032998
-0.174494 -0.518623 0.067963
-0.256124 -0.562056 0.076622
-0.271025 -0.572486 0.008626
-0.191352 -0.618617 -0.010868
-0.180367 -0.677053 0.056887
-0.225915 -0.744735 0.097808
-0.139493 -0.784845 0.123938
-0.100402 -0.724335 0.167584
-0.074662 -0.679587 0.226130
-0.060638 -0.599829 0.264898
0.028471 -0.594992 0.259777
0.028471 -0.582555 0.192352
-0.018187 -0.497104 0.190506
0.038785 -0.441333 0.225141
0.107793 -0.450513 0.183583
0.062917 -0.407344 0.130707
0.046147 -0.316991 0.158156
0.131722 -0.287378 0.161321
0.146271 -0.290471 0.094423
0.081616 -0.223250 0.080226
0.112877 -0.145565 0.114137
0.190943 -0.137668 0.082578
0.153605 -0.113517 0.023460
0.115273 -0.026849 0.045151
0.188460 0.021782 0.061964
0.227259 0.022243 -0.000033
0.157607 0.057252 -0.038514
0.134614 0.144117 0.000560
0.219429 0.187155 -0.015285
0.269213 0.150467 -0.070952
0.319056 0.064129 -0.077875
0.349208 -0.000033 -0.125872
0.398320 -0.062582 -0.082732
0.334483 -0.087622 -0.039042
0.279907 -0.129771 -0.084292
0.336352 -0.208542 -0.096050
0.342897 -0.244801 -0.033350
0.253670 -0.257535 -0.018713
0.237280 -0.317847 -0.068996
0.296385 -0.388556 -0.048931
0.260448 -0.408660 0.011087
0.183843 -0.445973 -0.011813
0.218815 -0.521058 -0.049415
0.263429 -0.565675 0.001725
0.193835 -0.590386 0.037679
0.153400 -0.647967 -0.006868
0.223665 -0.713082 -0.020032
0.237543 -0.753718 0.041503
0.134322 -0.779120 0.039218
0.082463 -0.828211 -0.003593
0.045037 -0.896848 0.039306
0.001651 -0.817123 0.077655
-0.038317 -0.759048 0.025174
-0.040801 -0.826599 -0.043393
-0.059733 -0.874408 -0.104291
-0.043138 -0.785305 -0.151211
0.059294 -0.768689 -0.148684
0.119334 -0.820479 -0.183649
0.124651 -0.756482 -0.235954
0.152524 -0.677974 -0.198703
0.232430 -0.718084 -0.175496
0.270119 -0.717294 -0.241690
0.283646 -0.613484 -0.248854
0.310029 -0.507206 -0.252503
0.317712 -0.410503 -0.268722
0.217822 -0.400895 -0.262524
0.168037 -0.486773 -0.264040
0.150771 -0.505528 -0.200132
0.088949 -0.434292 -0.190396
0.030750 -0.466011 -0.238701
0.013980 -0.555245 -0.213230
-0.018508 -0.523098 -0.154684
-0.084859 -0.464135 -0.175913
-0.123716 -0.535963 -0.221735
-0.157812 -0.608285 -0.182946
-0.216215 -0.653100 -0.142531
-0.244642 -0.700645 -0.089918
-0.255306 -0.779021 -0.047723
-0.301994 -0.838510 -0.006494
-0.343978 -0.872434 0.046668
-0.367088 -0.935740 0.093193
-0.430633 -1.000000 0.115653
-0.434022 -0.953080 0.182506
-0.474896 -0.861707 0.176309
-0.535403 -0.796493 0.198044
-0.578292 -0.706074 0.204198
-0.549806 -0.708344 0.279468
-0.518837 -0.666096 0.346629
-0.534760 -0.663332 0.414670
-0.472909 -0.602955 0.443173
-0.526842 -0.513787 0.432405
-0.616069 -0.553040 0.463920
-0.596728 -0.634180 0.515807
-0.543613 -0.591274 0.564222
-0.518837 -0.540702 0.621230
-0.436973 -0.495986 0.592044
-0.438376 -0.413530 0.554750
-0.402264 -0.352659 0.602439
-0.324169 -0.402409 0.610505
-0.297056 -0.398329 0.545585
-0.298137 -0.297842 0.541915
-0.241838 -0.275434 0.595231
-0.166577 -0.321729 0.572067
-0.189424 -0.301296 0.493610
-0.220539 -0.251283 0.439349
-0.165817 -0.290636 0.391440
-0.190885 -0.386483 0.399484
-0.278592 -0.376579 0.391418
-0.276167 -0.337984 0.327575
-0.228866 -0.412510 0.300060
-0.290395 -0.484371 0.312477
-0.356687 -0.443307 0.278963
-0.316982 -0.438833 0.219318
-0.302432 -0.537312 0.212834
-0.386371 -0.575283 0.220592
-0.426046 -0.519610 0.172199
-0.376203 -0.537839 0.116554
-0.387130 -0.641287 0.113411
-0.483836 -0.630528 0.104709
-0.477146 -0.543893 0.051942
-0.469491 -0.534088 -0.017153
-0.546125 -0.465748 -0.020405
-0.499058 -0.378488 0.002604
-0.449098 -0.293992 0.015307
-0.405127 -0.222921 0.049217
-0.475480 -0.171229 0.071831
-0.512497 -0.247532 0.107456
-0.446059 -0.261417 0.150135
-0.449478 -0.165899 0.174968
-0.532832 -0.172677 0.199648
-0.518107 -0.246677 0.243053
-0.458301 -0.196038 0.279248
-0.514309 -0.119933 0.297072
-0.575137 -0.175112 0.328235
-0.518399 -0.212819 0.374408
-0.497305 -0.126152 0.403286
-0.582295 -0.100026 0.420669
-0.601286 -0.181758 0.457173
-0.535286 -0.174947 0.503170
-0.555913 -0.086865 0.528421
-0.638040 -0.124638 0.552047
-0.625535 -0.215813 0.582484
-0.564561 -0.191267 0.632240
-0.638478 -0.133884 0.666634
-0.697699 -0.212391 0.691467
-0.730158 -0.298500 0.720323
-0.719816 -0.346901 0.648349
-0.668921 -0.377205 0.597495
-0.718677 -0.453573 0.574353
-0.790373 -0.395236 0.558903
-0.741144 -0.339892 0.509038
-0.693784 -0.410799 0.467985
-0.755109 -0.469433 0.436976
-0.763114 -0.392307 0.383858
-0.702870 -0.391485 0.334630
-0.755314 -0.428336 0.285732
-0.809013 -0.348941 0.281160
-0.739858 -0.285437 0.261535
-0.719611 -0.335450 0.205538
-0.800774 -0.333476 0.176661
-0.810679 -0.234502 0.172089
-0.738836 -0.222723 0.130575
-0.759462 -0.287082 0.080930
-0.836447 -0.243255 0.063788
-0.800950 -0.155140 0.045173
-0.745468 -0.191662 -0.002363
-0.807874 -0.238221 -0.040207
-0.859207 -0.159285 -0.055261
-0.796158 -0.109535 -0.089303
-0.781667 -0.176362 -0.138399
-0.865430 -0.183502 -0.161013
-0.871098 -0.086306 -0.180792
-0.801212 -0.088082 -0.224746
-0.831627 -0.164287 -0.263425
-0.906800 -0.114635 -0.279842
-0.865284 -0.037016 -0.309181
-0.826747 -0.093150 -0.357178
-0.900928 -0.129047 -0.386407
-0.932394 -0.031587 -0.403725
-0.854415 0.014280 -0.434932
-0.766504 -0.010727 -0.443195
-0.694982 0.050474 -0.454294
-0.735388 0.142669 -0.459414
-0.777869 0.141978 -0.400209
-0.702666 0.133489 -0.363266
-0.665941 0.219301 -0.382254
-0.728931 0.279317 -0.357288
-0.723234 0.253652 -0.293687
-0.634300 0.280008 -0.284743
-0.638449 0.375658 -0.303203
-0.695917 0.401685 -0.255382
-0.657790 0.367301 -0.198813
-0.577854 0.413201 -0.203934
-0.611920 0.506910 -0.208351
-0.653174 0.508884 -0.147388
-0.577387 0.488879 -0.107126
-0.507121 0.539352 -0.158310
-0.486670 0.629146 -0.189385
-0.394171 0.624539 -0.179474
-0.368140 0.570084 -0.233976
-0.357213 0.543926 -0.297753
-0.377839 0.495163 -0.353728
-0.321394 0.416952 -0.343113
-0.360310 0.383061 -0.286523
-0.442437 0.364273 -0.311950
-0.415587 0.298368 -0.357881
-0.375853 0.231541 -0.316323
-0.449799 0.211635 -0.279182
-0.501950 0.178731 -0.329553
-0.450062 0.100322 -0.349091
-0.452312 0.051757 -0.289446
-0.539785 0.038201 -0.288369
-0.544957 -0.015629 -0.343597
-0.490088 -0.089004 -0.324762
-0.541451 -0.125921 -0.276567
-0.614199 -0.150039 -0.314675
-0.576101 -0.204560 -0.364365
-0.540223 -0.276685 -0.319752
-0.614754 -0.298960 -0.272084
-0.699218 -0.319953 -0.299445
-0.664977 -0.423236 -0.317972
-0.649200 -0.472164 -0.253118
-0.646746 -0.511549 -0.190132
-0.598773 -0.419551 -0.168595
-0.632284 -0.327685 -0.161497
-0.598831 -0.303172 -0.100994
-0.511387 -0.304291 -0.112356
-0.510861 -0.243584 -0.166200
-0.546768 -0.161227 -0.139827
-0.496983 -0.148394 -0.083303
-0.419706 -0.137405 -0.115851
-0.438609 -0.063109 -0.161431
-0.467300 0.007107 -0.118378
-0.389175 0.012141 -0.082644
-0.343627 0.051329 -0.134245
-0.389555 0.137602 -0.140553
-0.374392 0.169387 -0.076864
-0.284873 0.169156 -0.082380
-0.283033 0.240919 -0.131300
-0.322445 0.314195 -0.097566
-0.257790 0.316333 -0.050272
-0.169469 0.280205 -0.054096
-0.088569 0.297381 -0.016450
-0.104696 0.381844 0.021043
-0.130757 0.435246 0.075765
-0.151355 0.523987 0.036009
-0.228427 0.510200 0.007703
-0.304273 0.579725 -0.018559
-0.401125 0.602922 -0.034559
-0.462567 0.588049 0.031614
-0.506683 0.545670 0.083435
-0.532569 0.457226 0.050887
-0.451085 0.424092 0.033416
-0.413396 0.426527 0.094160
-0.465284 0.356475 0.119960
-0.438580 0.281489 0.078182
-0.344767 0.290899 0.088973
-0.345994 0.290340 0.167430
-0.398583 0.216175 0.200769
-0.405361 0.118354 0.153277
-0.395165 0.037806 0.113895
-0.477759 -0.005857 0.119609
-0.523892 0.089464 0.101632
-0.516383 0.124046 0.040185
-0.593660 0.092327 0.014538
-0.650047 0.137569 0.056601
-0.621036 0.230028 0.040712
-0.643883 0.230554 -0.024515
-0.731824 0.212095 -0.015615
-0.745380 0.305903 0.019351
-0.736820 0.380363 -0.027064
-0.743101 0.481706 -0.060293
-0.722445 0.574197 -0.074644
-0.681455 0.665142 -0.062733
-0.692265 0.757272 -0.031174
-0.605113 0.793630 -0.050909
-0.614287 0.818406 -0.117016
-0.590300 0.873750 -0.178023
-0.587788 0.895466 -0.242701
-0.571368 0.946104 -0.298170
-0.593894 0.991544 -0.353178
-0.613352 1.000000 -0.416098
-0.595734 0.957982 -0.485479
-0.593835 0.935411 -0.550794
-0.533212 0.859470 -0.548838
-0.594186 0.785601 -0.532355
-0.639150 0.803764 -0.600462
-0.572712 0.784779 -0.647887
-0.562720 0.729830 -0.713532
-0.524943 0.662872 -0.771353
-0.491754 0.589826 -0.812582
-0.452779 0.530830 -0.765244
-0.524943 0.471900 -0.756827
-0.507618 0.420472 -0.820405
-0.413337 0.387339 -0.808230
-0.410240 0.321335 -0.758167
-0.416054 0.241248 -0.721818
-0.452370 0.204988 -0.666853
-0.393295 0.254508 -0.623977
-0.413016 0.352297 -0.639317
-0.500051 0.346835 -0.625669
-0.488832 0.322453 -0.561804
-0.444482 0.404712 -0.542553
-0.508816 0.470913 -0.557629
-0.572420 0.429093 -0.517477
-0.530962 0.440576 -0.457546
-0.519538 0.540142 -0.460469
-0.605668 0.561464 -0.461326
-0.629333 0.522901 -0.402626
-0.575195 0.576402 -0.363661
-0.604996 0.668038 -0.383419
-0.689752 0.653790 -0.364123
-0.671989 0.638951 -0.298236
-0.636111 0.730061 -0.289556
-0.705851 0.788234 -0.310455
-0.775677 0.717162 -0.280391
-0.787627 0.684983 -0.216043
-0.882434 0.693571 -0.216197
-0.911329 0.614175 -0.252481
-0.937156 0.522243 -0.273820
-0.941538 0.444953 -0.316191
-1.000000 0.491346 -0.359332
-0.946359 0.568472 -0.377748
-0.879541 0.511253 -0.400055
-0.929180 0.462753 -0.446975
-0.947381 0.544321 -0.483962
-0.862654 0.570611 -0.498269
-0.839223 0.480752 -0.525828
-0.900139 0.483219 -0.575825
-0.867855 0.565708 -0.605143
-0.789263 0.525039 -0.619867
-0.815353 0.448506 -0.658502
-0.857162 0.508423 -0.704412
-0.783449 0.558272 -0.724609
-0.738339 0.479468 -0.746717
-0.798641 0.445907 -0.791528
-0.805858 0.531357 -0.827284
-0.718151 0.551428 -0.842932
-0.701234 0.461009 -0.874512
-0.769688 0.488780 -0.926048
-0.737112 0.572453 -0.960727
-0.686597 0.633325 -1.000000
-0.665591 0.685444 -0.931169
-0.635147 0.686102 -0.868293
-0.623256 0.786885 -0.861832
-0.709590 0.811595 -0.866073
-0.738660 0.756285 -0.814823
-0.691622 0.800046 -0.766452
-0.721481 0.894117 -0.772408
-0.811409 0.861641 -0.757134
-0.802644 0.792248 -0.699973
-0.757242 0.829758 -0.647668
-0.819940 0.892505 -0.620790
-0.881323 0.815182 -0.601143
-0.842057 0.776816 -0.542619
-0.848338 0.863023 -0.497698
-0.946125 0.866511 -0.501676
