1.000000 1.000000 0.890839
0.926711 0.905240 0.832150
0.818717 0.878323 0.854627
0.731886 0.794235 0.768007
0.676018 0.689794 0.693481
0.621675 0.595951 0.715300
0.538238 0.544061 0.642022
0.467477 0.466941 0.681125
0.415385 0.380175 0.607321
0.321072 0.334189 0.610476
0.279544 0.235799 0.568941
0.189873 0.188896 0.518270
0.150700 0.088269 0.536475
0.083991 0.010818 0.487316
0.036714 -0.075507 0.573147
-0.014478 -0.172687 0.593389
-0.111111 -0.205031 0.660752
-0.164173 -0.315596 0.736922
-0.256027 -0.407496 0.761172
-0.351794 -0.452749 0.840300
-0.459095 -0.470571 0.857847
-0.561825 -0.486816 0.890181
-0.656657 -0.498331 0.807965
-0.695103 -0.393817 0.867442
-0.620948 -0.332649 0.775762
-0.643807 -0.365617 0.588985
-0.744909 -0.338883 0.572292
-0.727764 -0.227804 0.598515
-0.658908 -0.212586 0.447490
-0.722915 -0.246140 0.295347
-0.798421 -0.170780 0.330573
-0.738224 -0.077927 0.310331
-0.707156 -0.111555 0.113236
-0.773518 -0.179434 -0.003417
-0.796377 -0.297371 -0.005652
-0.901912 -0.306208 -0.021293
-0.911090 -0.319850 -0.233176
-0.835204 -0.325131 -0.368625
-0.883243 -0.393340 -0.503352
-0.923663 -0.467674 -0.353772
-0.871433 -0.470204 -0.163775
-0.866618 -0.487367 0.036803
-0.820414 -0.506289 0.212671
-0.805175 -0.617588 0.190392
-0.728353 -0.603836 0.047253
-0.660051 -0.546628 0.163315
-0.653470 -0.628112 0.307768
-0.613847 -0.706590 0.182702
-0.528193 -0.653636 0.123291
-0.482301 -0.634897 0.301590
-0.470802 -0.742931 0.353707
-0.412233 -0.782977 0.182242
-0.331186 -0.701383 0.185200
-0.320033 -0.668928 0.418178
-0.383797 -0.645678 0.573147
-0.357544 -0.529649 0.569138
-0.258797 -0.492244 0.487185
-0.189388 -0.414060 0.412855
-0.102868 -0.497525 0.395045
-0.111977 -0.564817 0.239090
-0.047555 -0.648355 0.102852
-0.017249 -0.703033 -0.101538
0.041493 -0.763834 -0.248160
0.066223 -0.793868 -0.458530
0.129849 -0.852176 -0.584188
0.086347 -0.834684 -0.769979
0.098677 -0.705783 -0.741391
0.117761 -0.638967 -0.579587
0.035536 -0.616818 -0.433754
-0.049321 -0.568961 -0.283780
-0.118385 -0.548242 -0.117508
-0.184227 -0.462320 0.008084
-0.258763 -0.469104 0.167981
-0.362739 -0.497965 0.168507
-0.346564 -0.533390 -0.048567
-0.266313 -0.547948 -0.171990
-0.212767 -0.484359 -0.315260
-0.142976 -0.479666 -0.484424
-0.059019 -0.446111 -0.613302
-0.100478 -0.459899 -0.794887
-0.193128 -0.378488 -0.759069
-0.193994 -0.298947 -0.582085
-0.073635 -0.281198 -0.529640
0.033631 -0.255015 -0.442823
0.146162 -0.292750 -0.389064
0.231505 -0.307309 -0.525237
0.215815 -0.435073 -0.584648
0.151254 -0.453042 -0.748554
0.137677 -0.470828 -0.947227
0.048213 -0.411566 -1.000000
-0.017595 -0.335803 -0.921136
-0.109068 -0.265320 -0.914235
-0.173975 -0.209029 -0.787395
-0.281761 -0.189263 -0.763604
-0.256061 -0.113205 -0.596215
-0.167914 -0.053467 -0.548436
-0.094174 -0.119476 -0.389656
-0.055382 -0.180315 -0.234819
-0.051365 -0.261909 -0.098383
-0.056352 -0.192563 0.063157
-0.163030 -0.175804 0.062500
-0.185439 -0.284939 0.136567
-0.143599 -0.264623 0.342206
-0.220837 -0.207122 0.449461
-0.306110 -0.171110 0.559805
-0.338182 -0.125821 0.380849
-0.405964 -0.158128 0.216746
-0.410813 -0.091496 0.055665
-0.351240 -0.157945 -0.066575
-0.411887 -0.249771 -0.050933
-0.498649 -0.199494 -0.130389
-0.459546 -0.168433 -0.306979
-0.431318 -0.275624 -0.363236
-0.527085 -0.322601 -0.352721
-0.567540 -0.253255 -0.493297
-0.503256 -0.290660 -0.640641
-0.532350 -0.398401 -0.647213
-0.640967 -0.383989 -0.688289
-0.625312 -0.353662 -0.888210
-0.608860 -0.458396 -0.964511
-0.646647 -0.563167 -0.997240
-0.629572 -0.601452 -0.805862
-0.632239 -0.559060 -0.623028
-0.620186 -0.647255 -0.492836
-0.556941 -0.715171 -0.613499
-0.461173 -0.685834 -0.544033
-0.471599 -0.761927 -0.378680
-0.454316 -0.862481 -0.294427
-0.510425 -0.848033 -0.126512
-0.604253 -0.834941 -0.216088
-0.612808 -0.934798 -0.300605
-0.599162 -1.000000 -0.126840
-0.661506 -0.930104 0.029771
-0.753741 -0.871942 -0.088591
-0.808500 -0.926180 -0.226144
-0.896058 -0.972680 -0.140641
-0.909428 -0.922659 0.071701
-0.908181 -0.874216 0.254798
-0.889651 -0.760974 0.341088
-0.928062 -0.735964 0.525105
-0.839429 -0.740805 0.635252
-0.799910 -0.635667 0.593389
-0.898137 -0.584473 0.697292
-0.924148 -0.616378 0.881703
-0.924183 -0.516924 1.000000
-0.914381 -0.407056 0.908715
-0.982717 -0.338370 0.804614
-1.000000 -0.365800 0.579324
