-0.003085 1.000000 -0.892531
-0.051203 0.986007 -0.884147
-0.099572 0.966641 -0.843001
-0.151085 0.975679 -0.862190
-0.201018 0.941761 -0.864692
-0.248974 0.958197 -0.902405
-0.299646 0.902122 -0.910123
-0.355483 0.905122 -0.896496
-0.403808 0.922779 -0.939665
-0.456192 0.890223 -0.949912
-0.501978 0.900516 -0.980864
-0.553210 0.894724 -0.995848
-0.608989 0.899679 -0.983419
-0.659395 0.926652 -1.000000
-0.713137 0.926408 -0.975595
-0.761934 0.959139 -0.986906
-0.811100 0.947170 -0.940650
-0.857697 0.977703 -0.909963
-0.902450 0.969607 -0.874326
-0.939321 0.928606 -0.805262
-0.976679 0.898493 -0.754188
-0.994613 0.816526 -0.681717
-1.000000 0.746493 -0.606531
-0.999439 0.669133 -0.545717
-0.970568 0.600495 -0.478888
-0.949328 0.542222 -0.418819
-0.901771 0.518982 -0.371099
-0.865816 0.503734 -0.319361
-0.821491 0.563996 -0.280770
-0.806996 0.572685 -0.182961
-0.789343 0.491625 -0.122733
-0.742303 0.474248 -0.114802
-0.729801 0.559948 -0.059976
-0.754111 0.540722 0.014066
-0.737284 0.444518 0.041931
-0.693520 0.473480 0.057447
-0.703557 0.552795 0.111874
-0.726554 0.490055 0.165050
-0.691483 0.422395 0.180167
-0.664044 0.497034 0.209922
-0.691542 0.530358 0.269805
-0.697063 0.433910 0.306479
-0.652841 0.418801 0.322288
-0.647838 0.508933 0.365297
-0.680207 0.485972 0.421161
-0.661786 0.389978 0.445354
-0.620753 0.437365 0.470105
-0.635956 0.527183 0.516122
-0.669432 0.457708 0.548405
-0.684517 0.372775 0.595273
-0.721063 0.327762 0.555777
-0.707675 0.204480 0.575259
-0.671764 0.180368 0.632534
-0.663026 0.125270 0.700001
-0.642081 0.099309 0.769598
-0.625358 -0.001919 0.797810
-0.608871 -0.084130 0.848138
-0.584487 -0.184137 0.845609
-0.561122 -0.172378 0.920130
-0.549299 -0.179182 1.000000
-0.499232 -0.146067 0.972427
-0.453948 -0.112185 0.955367
-0.432886 -0.224510 0.932692
-0.427159 -0.328634 0.918639
-0.466952 -0.357492 0.953904
-0.493771 -0.307000 0.899743
-0.478494 -0.362691 0.835123
-0.489048 -0.461616 0.859742
-0.533860 -0.443297 0.864665
-0.539070 -0.416428 0.786232
-0.524812 -0.510643 0.753630
-0.560192 -0.568532 0.792114
-0.597638 -0.525229 0.750196
-0.627970 -0.494522 0.691378
-0.603971 -0.401389 0.668516
-0.565993 -0.458999 0.631017
-0.553742 -0.471736 0.539622
-0.522465 -0.373264 0.520460
-0.475956 -0.345314 0.500659
-0.437875 -0.270500 0.494218
-0.393786 -0.235292 0.468854
-0.354155 -0.162538 0.482108
-0.305048 -0.155384 0.450224
-0.251557 -0.147219 0.464144
-0.210111 -0.162886 0.496214
-0.219956 -0.212785 0.566423
-0.220413 -0.315060 0.531878
-0.171011 -0.308919 0.508430
-0.141476 -0.305953 0.570894
-0.139572 -0.417021 0.579225
-0.116886 -0.427001 0.504065
-0.092989 -0.330798 0.472580
-0.117018 -0.234141 0.455414
-0.124472 -0.130225 0.456000
-0.139542 -0.029067 0.450038
-0.137668 0.083816 0.440829
-0.139292 0.136471 0.528418
-0.106539 0.116442 0.580343
-0.066598 0.130539 0.612360
-0.033624 0.061693 0.575791
-0.067144 -0.008514 0.529163
-0.078450 0.038977 0.457517
-0.070657 0.071219 0.382490
-0.056443 0.173948 0.395771
-0.015395 0.143276 0.431940
-0.000015 0.079943 0.354439
0.012177 0.153325 0.284895
0.053993 0.185882 0.266957
0.061314 0.125550 0.198132
0.033122 0.189930 0.146313
0.025284 0.294403 0.139926
-0.012339 0.354979 0.157172
-0.038524 0.437365 0.182269
-0.065978 0.345628 0.231453
-0.089476 0.255949 0.248566
-0.122244 0.261637 0.188284
-0.102672 0.235292 0.117649
-0.112561 0.129597 0.118714
-0.161727 0.164910 0.109026
-0.164133 0.213448 0.030407
-0.170996 0.218892 -0.050528
-0.137210 0.290076 -0.067561
-0.103498 0.221858 -0.042038
-0.111173 0.132040 -0.084035
-0.103395 0.173215 -0.159647
-0.056458 0.200782 -0.137797
-0.051188 0.120909 -0.064287
-0.048605 0.013050 -0.044539
-0.013387 -0.005025 0.006933
-0.033727 0.005409 0.079112
-0.063100 -0.074883 0.069584
-0.033048 -0.156326 0.056676
-0.011528 -0.142822 0.127098
-0.048708 -0.161386 0.172741
-0.060030 -0.258148 0.144370
-0.023439 -0.306337 0.177213
-0.034804 -0.286377 0.257828
-0.082494 -0.326820 0.248380
-0.095188 -0.425187 0.223602
-0.118258 -0.518634 0.228871
-0.091587 -0.606916 0.278774
-0.087292 -0.572789 0.365617
-0.135542 -0.572266 0.393668
-0.172561 -0.582420 0.452274
-0.207159 -0.566788 0.499647
-0.230967 -0.545851 0.573077
-0.267041 -0.536813 0.619572
-0.289683 -0.475923 0.566530
-0.296428 -0.553179 0.511171
-0.317934 -0.623316 0.562750
-0.353565 -0.559983 0.575259
-0.367867 -0.565811 0.497891
-0.373993 -0.671296 0.500872
-0.407159 -0.667492 0.556735
-0.436089 -0.613511 0.510799
-0.439882 -0.692058 0.456026
-0.451070 -0.777863 0.501777
-0.490052 -0.718054 0.532995
-0.509993 -0.630784 0.494005
-0.489845 -0.522751 0.504757
-0.478022 -0.485833 0.430423
-0.478952 -0.404669 0.370966
-0.429491 -0.348664 0.381958
-0.388177 -0.294961 0.351298
-0.358613 -0.204794 0.356461
-0.313727 -0.166027 0.323060
-0.268192 -0.127329 0.314863
-0.245461 -0.213693 0.280796
-0.210317 -0.281632 0.233635
-0.202406 -0.386873 0.265919
-0.235277 -0.466536 0.279971
-0.251070 -0.501884 0.352655
-0.292133 -0.529730 0.324684
-0.276605 -0.611452 0.277895
-0.255498 -0.665434 0.337831
-0.296103 -0.681066 0.379589
-0.337447 -0.673913 0.328862
-0.353299 -0.598192 0.276298
-0.379188 -0.563228 0.207713
-0.404044 -0.495464 0.164730
-0.436251 -0.486391 0.220621
-0.411764 -0.437155 0.280903
-0.392236 -0.346640 0.231213
-0.363793 -0.243597 0.233076
-0.331114 -0.182637 0.196748
-0.322893 -0.076279 0.196748
-0.278140 -0.102729 0.160126
-0.271424 -0.207516 0.133618
-0.233402 -0.284702 0.095719
-0.207188 -0.371694 0.068466
-0.230686 -0.440261 0.020640
-0.227351 -0.349012 -0.043528
-0.218376 -0.295310 -0.129173
-0.212708 -0.208319 -0.195816
-0.212694 -0.133785 -0.250749
-0.216797 -0.027287 -0.275234
-0.242908 -0.041908 -0.341690
-0.283675 -0.038593 -0.379802
-0.271292 -0.120036 -0.437103
-0.263100 -0.203085 -0.369502
-0.262672 -0.254658 -0.297830
-0.238834 -0.333450 -0.266531
-0.229210 -0.419185 -0.210161
-0.203483 -0.459627 -0.134523
-0.184251 -0.509491 -0.067454
-0.152561 -0.528474 -0.012735
-0.121934 -0.574953 -0.063249
-0.112192 -0.484542 -0.104395
-0.099616 -0.426338 -0.039775
-0.065461 -0.487368 -0.016967
-0.038598 -0.476132 -0.079804
-0.033210 -0.368902 -0.073948
-0.017284 -0.362272 0.002249
0.018790 -0.430316 -0.004857
0.036487 -0.372915 -0.072272
0.028723 -0.269349 -0.091301
-0.011897 -0.247365 -0.140591
-0.046701 -0.203364 -0.175802
-0.086996 -0.220462 -0.211306
-0.106686 -0.259578 -0.292400
-0.128369 -0.295380 -0.358697
-0.133875 -0.357352 -0.425819
-0.157077 -0.277340 -0.472527
-0.134480 -0.166795 -0.442320
-0.108207 -0.128899 -0.377913
-0.129284 -0.104229 -0.306266
-0.141875 -0.120036 -0.229936
-0.151365 -0.169900 -0.150971
-0.182362 -0.178065 -0.078233
-0.208930 -0.190069 -0.015822
-0.248251 -0.173913 0.030886
-0.240782 -0.072510 0.065804
-0.241166 0.034266 0.094335
-0.229240 0.139403 0.085499
-0.231144 0.241817 0.073975
-0.268192 0.246354 0.012735
-0.302863 0.165259 0.026947
-0.337063 0.093621 0.043741
-0.361845 0.011027 0.066337
-0.392546 -0.062740 0.049516
-0.435011 -0.096099 0.047307
-0.434450 -0.147010 0.119512
-0.441299 -0.063542 0.166647
-0.484177 -0.039535 0.139873
-0.505491 -0.133994 0.147138
-0.496871 -0.148336 0.226955
-0.514081 -0.059913 0.258360
-0.557771 -0.078861 0.238692
-0.560399 -0.181241 0.281462
-0.540133 -0.179182 0.357419
-0.563292 -0.098158 0.396623
-0.603941 -0.152593 0.406124
-0.581018 -0.246319 0.454829
-0.558111 -0.224580 0.526129
-0.543469 -0.253402 0.609219
-0.490701 -0.228278 0.591734
-0.444812 -0.191151 0.608421
-0.395410 -0.201968 0.590403
-0.352295 -0.149871 0.608235
-0.301314 -0.164736 0.581806
-0.266863 -0.098646 0.561260
-0.282066 0.023309 0.564880
-0.291277 0.134622 0.552930
-0.313948 0.187243 0.494058
-0.292059 0.241957 0.423796
-0.317712 0.201480 0.353906
-0.342052 0.216344 0.278987
-0.380945 0.155035 0.309939
-0.373461 0.098402 0.378285
-0.391616 0.165469 0.432978
-0.436399 0.150290 0.410542
-0.450494 0.059216 0.445407
-0.467380 0.099030 0.515563
-0.505491 0.145893 0.473059
-0.529624 0.052900 0.448148
-0.551675 0.025717 0.517186
-0.580738 0.035592 0.576430
-0.587882 0.057227 0.655103
-0.582982 -0.051678 0.679162
-0.539720 -0.084025 0.667638
-0.497934 -0.113337 0.690447
-0.446982 -0.096587 0.712350
-0.399823 -0.132912 0.707799
-0.352827 -0.125166 0.733456
-0.305638 -0.157094 0.711925
-0.264428 -0.085910 0.746124
-0.238037 -0.011480 0.780670
-0.275483 0.072894 0.758819
-0.304384 0.143241 0.729038
-0.341565 0.161700 0.660266
-0.376797 0.233722 0.643100
-0.384753 0.329925 0.672455
-0.394096 0.431398 0.672402
-0.390731 0.532521 0.672163
-0.410199 0.621118 0.699629
-0.406686 0.672413 0.624523
-0.429801 0.603741 0.575632
-0.468177 0.598332 0.620397
-0.477742 0.705841 0.612147
-0.477255 0.719694 0.529083
-0.501063 0.619652 0.503054
-0.519262 0.534685 0.542869
-0.489801 0.447170 0.557427
-0.500531 0.355084 0.604375
-0.469284 0.267709 0.581860
-0.445284 0.236339 0.649966
-0.433343 0.215018 0.732418
-0.446244 0.181380 0.821071
-0.426686 0.155175 0.899477
-0.434863 0.254868 0.955687
-0.476856 0.292868 0.963991
-0.521742 0.294124 0.979533
-0.528280 0.244260 0.897268
-0.518878 0.140763 0.897055
-0.536059 0.034371 0.849761
-0.497240 -0.012911 0.789213
-0.450450 -0.002826 0.817770
-0.403616 -0.056319 0.820618
-0.357299 -0.077081 0.856069
-0.314229 -0.130993 0.844066
-0.265579 -0.131377 0.865198
-0.234258 -0.195862 0.799699
-0.236782 -0.283307 0.751633
-0.259793 -0.353200 0.706948
-0.250435 -0.439633 0.752751
-0.272148 -0.404913 0.821257
-0.313343 -0.391932 0.787882
-0.317417 -0.495080 0.763051
-0.313801 -0.538872 0.837412
-0.348959 -0.488590 0.871931
-0.379646 -0.525926 0.818888
-0.370996 -0.629807 0.831184
-0.383793 -0.631761 0.909644
-0.427365 -0.601787 0.897561
-0.434731 -0.689371 0.842176
-0.404738 -0.777409 0.831557
-0.362834 -0.760276 0.779472
-0.321387 -0.785505 0.803159
-0.319424 -0.881010 0.766298
-0.326878 -0.847128 0.689888
-0.290170 -0.782050 0.687972
-0.258347 -0.856131 0.703754
-0.269830 -0.920092 0.639613
-0.262096 -0.846395 0.580955
-0.219675 -0.820085 0.593597
-0.202007 -0.918347 0.585878
-0.215867 -0.939458 0.508696
-0.198701 -0.853060 0.469333
-0.155867 -0.867018 0.491131
-0.151410 -0.963919 0.456133
-0.160310 -0.930595 0.379190
-0.125668 -0.860388 0.373095
-0.092074 -0.929409 0.388825
-0.099926 -0.995534 0.323912
-0.092177 -0.919743 0.265174
-0.049122 -0.891060 0.289047
-0.029668 -0.993370 0.281542
-0.038125 -1.000000 0.194379
-0.006332 -0.918452 0.171198
0.035247 -0.884011 0.157811
0.068192 -0.816945 0.172369
0.090672 -0.728104 0.170160
0.132118 -0.675274 0.157092
0.133565 -0.606462 0.236190
0.155026 -0.679985 0.303152
0.205432 -0.676809 0.276804
0.231764 -0.605799 0.335356
0.269210 -0.602240 0.377407
0.308561 -0.562391 0.401706
0.350214 -0.534824 0.389037
0.389653 -0.507537 0.416158
0.427351 -0.449996 0.421321
0.471129 -0.424105 0.441787
0.509092 -0.366006 0.460444
0.551483 -0.326994 0.456026
0.597594 -0.329541 0.453524
0.642495 -0.324168 0.477078
0.688959 -0.286936 0.455946
0.734229 -0.307174 0.481070
0.776827 -0.276188 0.422545
0.828531 -0.232780 0.418180
0.868620 -0.187452 0.391699
0.903764 -0.099274 0.354093
0.941107 -0.031300 0.333094
0.958745 0.084514 0.296818
0.981609 0.175518 0.272359
0.992694 0.306756 0.265067
1.000000 0.434015 0.264242
0.982347 0.548014 0.299560
