-0.396447 0.905229 -0.472250
-0.335965 0.900903 -0.474992
-0.281444 0.879744 -0.458919
-0.231413 0.824266 -0.446665
-0.180260 0.789949 -0.446041
-0.146201 0.726582 -0.423406
-0.099868 0.684868 -0.417752
-0.079628 0.615000 -0.403154
-0.032964 0.576939 -0.393321
-0.011565 0.510524 -0.387365
0.030628 0.466949 -0.373958
0.064852 0.416964 -0.393529
0.103089 0.369892 -0.378288
0.143790 0.323941 -0.385587
0.184161 0.278013 -0.384850
0.240135 0.281958 -0.382524
0.287001 0.255172 -0.394853
0.340362 0.267904 -0.400223
0.389657 0.260821 -0.426716
0.436541 0.230919 -0.443110
0.489112 0.241723 -0.459278
0.537339 0.219084 -0.477186
0.587204 0.197902 -0.460413
0.636002 0.211261 -0.438591
0.685555 0.198261 -0.414765
0.650483 0.179499 -0.357015
0.604648 0.139040 -0.350113
0.577342 0.085782 -0.328158
0.545564 0.030440 -0.327289
0.497594 0.000560 -0.314506
0.458383 -0.036043 -0.276176
0.429641 -0.100061 -0.259743
0.387559 -0.141820 -0.227653
0.374808 -0.211015 -0.193389
0.362498 -0.277161 -0.175179
0.362664 -0.343555 -0.165913
0.317619 -0.365073 -0.205151
0.306579 -0.314908 -0.249759
0.308732 -0.269451 -0.293308
0.340804 -0.229350 -0.340355
0.358947 -0.166768 -0.372747
0.388222 -0.131800 -0.419870
0.389841 -0.078071 -0.456196
0.377108 -0.062426 -0.523249
0.362848 0.008899 -0.551898
0.349379 0.071907 -0.570637
0.329175 0.137247 -0.566023
0.306027 0.124403 -0.624208
0.277102 0.099119 -0.666849
0.268417 0.071885 -0.719116
0.244809 0.078027 -0.771817
0.267165 0.008988 -0.785035
0.254138 -0.059131 -0.786283
0.294122 -0.082891 -0.823024
0.335670 -0.088719 -0.781801
0.315448 -0.145832 -0.750789
0.325476 -0.201713 -0.783844
0.388443 -0.186582 -0.774748
0.408021 -0.191110 -0.720156
0.452752 -0.199449 -0.677968
0.477298 -0.229821 -0.621088
0.516639 -0.225203 -0.567744
0.536566 -0.254993 -0.512679
0.573514 -0.243068 -0.460129
0.610150 -0.265909 -0.407768
0.631733 -0.252819 -0.346784
0.640639 -0.267209 -0.291493
0.659647 -0.274270 -0.238791
0.686788 -0.299823 -0.193332
0.684230 -0.352386 -0.154473
0.694976 -0.407505 -0.126203
0.697368 -0.473315 -0.124293
0.681451 -0.533275 -0.111567
0.683107 -0.589044 -0.081954
0.692786 -0.654271 -0.076338
0.687689 -0.717975 -0.054611
0.739063 -0.740143 -0.021084
0.772957 -0.731849 0.040070
0.807310 -0.731849 0.087476
0.849135 -0.681886 0.117070
0.881851 -0.655818 0.162642
0.920547 -0.615359 0.191858
0.964211 -0.564006 0.174253
1.000000 -0.509246 0.165819
0.987009 -0.453702 0.118961
0.982612 -0.410127 0.073767
0.978784 -0.402237 0.018380
0.963438 -0.366395 -0.026417
0.938892 -0.356757 -0.076490
0.929729 -0.370027 -0.131271
0.913923 -0.331675 -0.176597
0.889524 -0.365768 -0.230641
0.846375 -0.373882 -0.263733
0.815351 -0.349786 -0.305902
0.774944 -0.313003 -0.325814
0.730875 -0.310560 -0.358130
0.707819 -0.314124 -0.411361
0.674790 -0.307825 -0.457179
0.616939 -0.329792 -0.485298
0.566228 -0.355524 -0.505455
0.508469 -0.365073 -0.502411
0.491025 -0.328716 -0.562033
0.471429 -0.335082 -0.625135
0.443129 -0.305315 -0.679027
0.428574 -0.298859 -0.737893
0.391755 -0.295699 -0.783030
0.370502 -0.364826 -0.765917
0.382959 -0.391097 -0.709075
0.432125 -0.410194 -0.687480
0.463388 -0.439267 -0.637861
0.512903 -0.422567 -0.593537
0.550992 -0.452402 -0.540835
0.549778 -0.499361 -0.499839
0.549428 -0.568467 -0.482007
0.493086 -0.554166 -0.483879
0.448171 -0.518257 -0.481459
0.409530 -0.489274 -0.445531
0.355855 -0.474682 -0.430119
0.369380 -0.411898 -0.406312
0.377476 -0.382041 -0.462644
0.344337 -0.322709 -0.493448
0.303911 -0.292717 -0.537186
0.263154 -0.264116 -0.569030
0.234560 -0.259857 -0.620010
0.208081 -0.199718 -0.607019
0.254911 -0.163629 -0.598018
0.277102 -0.168135 -0.651022
0.234817 -0.132719 -0.677666
0.249906 -0.073118 -0.639638
0.303543 -0.075651 -0.606509
0.318190 -0.131060 -0.568330
0.368589 -0.157510 -0.534538
0.359554 -0.193307 -0.484277
0.368865 -0.240132 -0.437418
0.359112 -0.303723 -0.403381
0.350372 -0.340282 -0.345820
0.326856 -0.413288 -0.327194
0.362627 -0.382512 -0.284212
0.405224 -0.358707 -0.247679
0.465835 -0.359402 -0.223493
0.519491 -0.348060 -0.211202
0.538351 -0.357474 -0.267855
0.517319 -0.293345 -0.287484
0.558058 -0.247775 -0.271713
0.574158 -0.186224 -0.315735
0.577912 -0.172775 -0.376435
0.551305 -0.145854 -0.431178
0.541332 -0.150741 -0.497892
0.521294 -0.122207 -0.553373
0.509812 -0.132136 -0.617420
0.482708 -0.100217 -0.667209
0.465265 -0.105126 -0.727644
0.455623 -0.061484 -0.777225
0.473563 -0.030305 -0.823875
0.483371 0.037612 -0.791861
0.488063 0.006769 -0.727758
0.495754 0.006164 -0.661801
0.494724 -0.024275 -0.602670
0.513051 -0.016228 -0.540344
0.516951 -0.050367 -0.482972
0.528212 -0.039899 -0.416883
0.529335 -0.084123 -0.358452
0.512517 -0.114541 -0.300928
0.499821 -0.166162 -0.260934
0.467969 -0.182660 -0.205737
0.454795 -0.221639 -0.152941
0.411425 -0.238540 -0.106083
0.378028 -0.244413 -0.052020
0.330352 -0.260126 -0.015903
0.306009 -0.244503 0.046991
0.281058 -0.266604 0.104949
0.275648 -0.254612 0.170149
0.273845 -0.266111 0.233705
0.264644 -0.237061 0.295010
0.265804 -0.308923 0.292741
0.260118 -0.377737 0.276176
0.204825 -0.412301 0.272980
0.165503 -0.410082 0.317569
0.124120 -0.374263 0.352174
0.082922 -0.338713 0.386967
0.051696 -0.294780 0.413157
0.087614 -0.236635 0.421251
0.128960 -0.223119 0.383677
0.172219 -0.203326 0.339693
0.195385 -0.172192 0.280014
0.232646 -0.171407 0.228183
0.242472 -0.154574 0.168996
0.280340 -0.159976 0.116711
0.297784 -0.133638 0.060246
0.342644 -0.157465 0.013086
0.395619 -0.144285 -0.026001
0.447839 -0.139242 -0.054233
0.458824 -0.060319 -0.047747
0.474428 0.006411 -0.032354
0.419999 0.034654 -0.033205
0.363878 0.055074 -0.026228
0.311069 0.072423 -0.035134
0.261572 0.109116 -0.044305
0.225415 0.044404 -0.022559
0.178457 0.008114 0.012707
0.135308 -0.050254 0.016187
0.089895 -0.087149 0.044551
0.056756 -0.158608 0.049127
0.013607 -0.212248 0.039294
-0.015723 -0.273553 0.029953
-0.077880 -0.285433 0.015846
-0.082204 -0.322148 -0.033016
-0.074163 -0.271154 -0.079156
-0.046378 -0.212830 -0.043643
-0.025328 -0.147603 -0.022900
-0.013000 -0.105507 0.027741
0.008492 -0.052787 0.058336
0.036939 -0.013920 0.101318
0.033866 0.035326 0.151410
0.031732 0.069442 0.199951
0.026101 0.045996 0.266853
0.029432 0.004573 0.313390
0.048605 -0.051353 0.272280
0.087963 -0.004931 0.233232
0.147084 0.010849 0.215022
0.185467 0.051465 0.177921
0.248397 0.045009 0.156478
0.261498 0.024298 0.103984
0.263136 -0.051017 0.118223
0.218901 -0.051084 0.165441
0.181327 -0.088562 0.209065
0.145097 -0.083967 0.261785
0.120679 -0.120100 0.312369
0.103144 -0.124022 0.369230
0.057124 -0.178154 0.348373
0.036203 -0.244391 0.334928
-0.001463 -0.298276 0.305013
-0.028107 -0.335620 0.266210
-0.031640 -0.281869 0.227181
0.027279 -0.289131 0.210956
0.027775 -0.340910 0.173440
0.060620 -0.338870 0.116105
0.074402 -0.287248 0.074882
0.119005 -0.237352 0.061211
0.138914 -0.172147 0.028270
0.176138 -0.132517 -0.016168
0.204089 -0.070473 -0.044419
0.247624 -0.040571 -0.078475
0.272097 0.025127 -0.102717
0.307554 0.066841 -0.142522
0.324924 0.110730 -0.184955
0.314528 0.059445 -0.228637
0.274249 0.006881 -0.214700
0.281996 -0.042073 -0.175312
0.254285 -0.107614 -0.148517
0.231505 -0.150920 -0.096591
0.207971 -0.212853 -0.068434
0.191944 -0.244435 -0.010268
0.181879 -0.302535 0.033357
0.153064 -0.328940 0.091107
0.136669 -0.366978 0.142333
0.107339 -0.365544 0.194770
0.100844 -0.390133 0.256793
0.056223 -0.399189 0.302952
0.038779 -0.417928 0.358962
-0.026690 -0.427252 0.374619
-0.086215 -0.410262 0.381730
-0.148924 -0.409970 0.374071
-0.142042 -0.339363 0.390863
-0.126733 -0.288996 0.425089
-0.105941 -0.260888 0.481913
-0.163460 -0.255867 0.502732
-0.223740 -0.281689 0.518106
-0.287645 -0.284939 0.519581
-0.340657 -0.320848 0.538566
-0.402096 -0.328962 0.542481
-0.449385 -0.360702 0.583704
-0.489664 -0.394706 0.614375
-0.514688 -0.441844 0.644952
-0.514983 -0.501042 0.607114
-0.474134 -0.505951 0.562279
-0.431794 -0.508462 0.516934
-0.366362 -0.507610 0.504283
-0.311234 -0.483110 0.479965
-0.251451 -0.479031 0.475900
-0.205248 -0.467801 0.441371
-0.158455 -0.511376 0.407768
-0.114239 -0.507319 0.356996
-0.085682 -0.509874 0.303822
-0.070869 -0.498577 0.249003
-0.058615 -0.512115 0.194959
-0.004370 -0.554009 0.197341
-0.003229 -0.603232 0.239245
0.007149 -0.671329 0.231908
-0.015686 -0.728084 0.261161
-0.015318 -0.799139 0.269784
-0.040269 -0.786228 0.330806
-0.061135 -0.781925 0.382921
-0.076242 -0.732410 0.424881
-0.079904 -0.691368 0.480967
-0.103567 -0.650573 0.525840
-0.108001 -0.604174 0.576650
-0.143478 -0.575639 0.622733
-0.155585 -0.526147 0.665961
-0.188062 -0.493332 0.707997
-0.204530 -0.462511 0.756027
-0.176856 -0.491628 0.807311
-0.153855 -0.559321 0.796835
-0.167306 -0.616255 0.762930
-0.161234 -0.654787 0.715372
-0.157646 -0.670276 0.658983
-0.171446 -0.675722 0.598207
-0.174004 -0.714702 0.545828
-0.164472 -0.710869 0.480117
-0.168392 -0.730460 0.423539
-0.163037 -0.715240 0.364333
-0.178806 -0.691816 0.307320
-0.140865 -0.648735 0.283664
-0.139908 -0.605407 0.334134
-0.183204 -0.614641 0.378023
-0.196268 -0.590030 0.440236
-0.246778 -0.582140 0.463363
-0.284388 -0.576670 0.508897
-0.334750 -0.602179 0.538150
-0.388019 -0.580907 0.568954
-0.437664 -0.589694 0.608702
-0.458328 -0.545872 0.647183
-0.440829 -0.486293 0.670461
-0.417276 -0.444803 0.721423
-0.384799 -0.411786 0.759204
-0.342331 -0.460494 0.760698
-0.322551 -0.439423 0.703307
-0.294269 -0.380315 0.708545
-0.239289 -0.365140 0.671823
-0.187970 -0.398852 0.653688
-0.159063 -0.438482 0.610064
-0.116355 -0.488221 0.583439
-0.081597 -0.514177 0.538472
-0.043140 -0.573510 0.519638
0.005235 -0.593123 0.478207
0.044796 -0.635712 0.447422
0.093226 -0.617981 0.402889
0.148611 -0.626320 0.405083
0.154518 -0.595522 0.460053
0.100936 -0.555981 0.469395
0.058633 -0.508798 0.492181
0.000782 -0.485060 0.491160
-0.041484 -0.427050 0.507006
-0.101764 -0.405129 0.530133
-0.150470 -0.360299 0.546697
-0.210345 -0.363482 0.574173
-0.264166 -0.337951 0.592724
-0.315062 -0.343218 0.624549
-0.373097 -0.316455 0.627177
-0.425888 -0.311165 0.659437
-0.486351 -0.307937 0.663597
-0.533383 -0.288055 0.703856
-0.587370 -0.296393 0.737156
-0.621521 -0.267859 0.787644
-0.658193 -0.256831 0.831780
-0.692197 -0.207832 0.869788
-0.723680 -0.202945 0.925099
-0.765652 -0.177011 0.964507
-0.810181 -0.200323 1.000000
-0.862990 -0.182951 0.962048
-0.909212 -0.175128 0.932360
-0.886690 -0.120615 0.891818
-0.833292 -0.113375 0.868256
-0.786628 -0.115886 0.836999
-0.746810 -0.143837 0.801354
-0.687505 -0.170018 0.784789
-0.635929 -0.170421 0.749920
-0.576624 -0.191177 0.738233
-0.522361 -0.180373 0.709737
-0.464657 -0.215901 0.703326
-0.400477 -0.226033 0.703723
-0.348311 -0.274628 0.700301
-0.327132 -0.207316 0.695460
-0.314197 -0.137830 0.685154
-0.301151 -0.075718 0.654104
-0.338559 -0.018313 0.641567
-0.367834 -0.029521 0.584668
-0.425409 -0.045592 0.595333
-0.485818 -0.055253 0.579146
-0.546650 -0.064197 0.587448
-0.600361 -0.102974 0.565550
-0.660512 -0.116603 0.558176
-0.705041 -0.173089 0.538037
-0.737278 -0.218008 0.509143
-0.752312 -0.272835 0.475446
-0.804753 -0.246699 0.455761
-0.780851 -0.171452 0.451582
-0.742964 -0.129872 0.424787
-0.780115 -0.072356 0.423993
-0.770491 -0.049223 0.480608
-0.737573 -0.027257 0.521831
-0.687156 -0.013808 0.549818
-0.641007 -0.013942 0.594804
-0.595853 0.012821 0.628104
-0.565713 -0.039137 0.666679
-0.574526 -0.088427 0.708716
-0.635818 -0.072490 0.710531
-0.695215 -0.092238 0.723408
-0.752808 -0.064040 0.732012
-0.810659 -0.101585 0.748728
-0.845547 -0.151122 0.758807
-0.853956 -0.217627 0.764196
-0.882955 -0.223253 0.714256
-0.835463 -0.207518 0.679878
-0.803244 -0.260664 0.697181
-0.845547 -0.311501 0.681996
-0.857341 -0.304194 0.621788
-0.791817 -0.303880 0.602481
-0.738382 -0.290364 0.583968
-0.679961 -0.261471 0.590360
-0.630206 -0.218793 0.571828
-0.571711 -0.205344 0.568217
-0.526483 -0.158250 0.545412
-0.469257 -0.139376 0.523457
-0.428556 -0.079103 0.508746
-0.391552 -0.034138 0.468090
-0.426697 0.002129 0.437759
-0.446680 -0.049761 0.397084
-0.435437 -0.113173 0.424900
-0.441142 -0.178311 0.443186
-0.428445 -0.231659 0.484806
-0.488431 -0.251989 0.515515
-0.531506 -0.297671 0.552559
-0.585346 -0.310403 0.589471
-0.633224 -0.347343 0.616966
-0.688444 -0.355748 0.641492
-0.726091 -0.403223 0.669875
-0.769829 -0.438348 0.693247
-0.794596 -0.497389 0.709396
-0.831213 -0.499339 0.661536
-0.784807 -0.523031 0.618327
-0.779084 -0.589626 0.621202
-0.777115 -0.652075 0.608248
-0.777520 -0.711004 0.627517
-0.760923 -0.773900 0.633134
-0.781918 -0.831238 0.610215
-0.776895 -0.896107 0.631791
-0.816879 -0.939480 0.597772
-0.835058 -1.000000 0.582153
-0.884795 -0.989891 0.536430
-0.916738 -0.983749 0.489874
-0.946878 -0.964338 0.444112
-0.982391 -0.976554 0.402284
-1.000000 -0.971824 0.348562
-0.987101 -0.938516 0.294121
-0.969786 -0.952054 0.239756
-0.928385 -0.967969 0.201936
-0.954017 -0.946989 0.152488
-0.937107 -0.879654 0.147098
-0.880526 -0.886266 0.146020
-0.881078 -0.928294 0.100165
-0.906213 -0.885325 0.063404
-0.865934 -0.836259 0.064860
-0.822822 -0.877300 0.047463
-0.846724 -0.894425 -0.002799
-0.854140 -0.830655 -0.023618
-0.798754 -0.813193 -0.022446
-0.781311 -0.862619 -0.059017
-0.815701 -0.846390 -0.103871
-0.795571 -0.782552 -0.111302
-0.742412 -0.801605 -0.123594
-0.755421 -0.840786 -0.170357
-0.779379 -0.789299 -0.201293
-0.732678 -0.749737 -0.204016
-0.697736 -0.795351 -0.229526
-0.731501 -0.809114 -0.276062
-0.735678 -0.743259 -0.294272
-0.680237 -0.733105 -0.302139
-0.672178 -0.786251 -0.339296
-0.710708 -0.767444 -0.379196
-0.686714 -0.706588 -0.390712
-0.635892 -0.731782 -0.408071
-0.658340 -0.769574 -0.452924
-0.684653 -0.719028 -0.480797
-0.637640 -0.680586 -0.488323
-0.612615 -0.730729 -0.522436
-0.651698 -0.733777 -0.566798
-0.652268 -0.660704 -0.580697
-0.607224 -0.657880 -0.615926
-0.586174 -0.656826 -0.668513
-0.555703 -0.678816 -0.712516
-0.510934 -0.672360 -0.748199
-0.490547 -0.680026 -0.804833
-0.434149 -0.698182 -0.835524
-0.422833 -0.723959 -0.895259
-0.383548 -0.687490 -0.934762
-0.317196 -0.676081 -0.940737
-0.276126 -0.695403 -0.984040
-0.223335 -0.644386 -1.000000
-0.164859 -0.621657 -0.983189
-0.107670 -0.599579 -0.968307
-0.062700 -0.569498 -0.918613
-0.031934 -0.558694 -0.858177
-0.017434 -0.528209 -0.801581
-0.030885 -0.506915 -0.738007
-0.029744 -0.508327 -0.678536
-0.062847 -0.505211 -0.628255
-0.052745 -0.498196 -0.570372
-0.070189 -0.487347 -0.517917
-0.056407 -0.436823 -0.471361
-0.069213 -0.395961 -0.428644
-0.092251 -0.336023 -0.405556
-0.100292 -0.289221 -0.368209
-0.129070 -0.242620 -0.338086
-0.136761 -0.178446 -0.320368
-0.165264 -0.127496 -0.292343
-0.190730 -0.066214 -0.286292
-0.204199 -0.005716 -0.259819
-0.233088 0.037612 -0.224514
-0.251028 0.102011 -0.208744
-0.253825 0.162240 -0.180663
-0.276090 0.216327 -0.149916
-0.292374 0.278820 -0.133654
-0.296698 0.337525 -0.101299
-0.313774 0.384171 -0.062062
-0.320030 0.449353 -0.038708
-0.312762 0.507744 -0.008453
-0.324078 0.563961 0.026852
-0.332781 0.631453 0.042112
-0.328347 0.692959 0.072897
-0.335541 0.743707 0.112702
-0.328899 0.811669 0.133880
-0.313553 0.869612 0.162037
-0.302476 0.919530 0.205056
-0.308750 1.000000 0.186393
