0.774522 -0.110968 -0.328788
0.752491 -0.068193 -0.312602
0.740696 -0.024458 -0.297926
0.714166 0.016515 -0.300648
0.715803 0.069544 -0.298891
0.699432 0.115982 -0.303816
0.702152 0.162901 -0.309286
0.678741 0.199655 -0.315114
0.705091 0.233166 -0.320658
0.721707 0.208993 -0.355306
0.719271 0.166714 -0.367804
0.739394 0.123684 -0.347733
0.757854 0.081826 -0.342697
0.769997 0.048285 -0.315362
0.796153 0.008393 -0.300351
0.797314 -0.039396 -0.279859
0.792402 -0.082561 -0.263674
0.770668 -0.117183 -0.248045
0.776314 -0.110157 -0.210390
0.745504 -0.079198 -0.207061
0.714630 -0.109767 -0.202730
0.726657 -0.124375 -0.164592
0.725716 -0.079514 -0.147094
0.715571 -0.034457 -0.139249
0.714437 0.011260 -0.138247
0.750081 0.014909 -0.122370
0.770771 -0.000285 -0.152465
0.758254 0.033196 -0.175543
0.773994 0.068343 -0.155323
0.811468 0.052849 -0.159716
0.812461 0.054125 -0.197990
0.805731 0.099557 -0.200391
0.836902 0.113310 -0.179751
0.865830 0.093627 -0.200045
0.855169 0.109226 -0.237650
0.835020 0.156685 -0.228394
0.826344 0.181413 -0.194946
0.792247 0.173831 -0.175333
0.771879 0.171729 -0.142652
0.739471 0.157496 -0.124375
0.721037 0.200375 -0.125897
0.717763 0.192703 -0.168552
0.693605 0.151190 -0.171695
0.664149 0.133579 -0.195986
0.638637 0.092125 -0.203138
0.612636 0.072307 -0.235918
0.580821 0.051017 -0.259429
0.546724 0.040162 -0.272880
0.520954 0.067668 -0.246659
0.543088 0.084513 -0.212889
0.570907 0.065295 -0.190949
0.599461 0.064259 -0.162897
0.630155 0.044456 -0.143753
0.644206 0.021545 -0.113201
0.678032 0.003934 -0.094862
0.662731 -0.041483 -0.088279
0.660230 -0.057188 -0.124981
0.666817 -0.071601 -0.162228
0.664793 -0.070010 -0.199834
0.636368 -0.104497 -0.204660
0.600608 -0.083402 -0.197557
0.596947 -0.056617 -0.233542
0.608137 -0.066031 -0.270108
0.648589 -0.041258 -0.275664
0.681771 -0.039607 -0.305314
0.676705 -0.028842 -0.345840
0.666301 -0.007237 -0.378496
0.624831 -0.005555 -0.368213
0.636355 -0.001952 -0.324667
0.652920 0.027986 -0.297629
0.663465 0.062278 -0.272954
0.662047 0.106253 -0.257672
0.683498 0.150499 -0.252351
0.691890 0.190571 -0.226489
0.707024 0.234472 -0.214993
0.705954 0.271496 -0.191692
0.734031 0.295864 -0.210489
0.712297 0.298641 -0.244431
0.682119 0.322678 -0.227367
0.703041 0.360258 -0.210897
0.717853 0.383395 -0.239865
0.722262 0.414729 -0.271903
0.733180 0.377044 -0.298582
0.732587 0.343728 -0.325249
0.746484 0.310968 -0.349020
0.771377 0.291029 -0.377815
0.783043 0.268644 -0.410211
0.808426 0.251978 -0.435851
0.830160 0.253179 -0.469435
0.839570 0.221965 -0.496609
0.870290 0.213152 -0.523350
0.891290 0.197568 -0.555177
0.920746 0.204789 -0.579233
0.897271 0.193154 -0.611988
0.867815 0.225839 -0.619128
0.892218 0.258119 -0.638160
0.911554 0.233016 -0.666262
0.885978 0.226845 -0.694897
0.895711 0.264995 -0.714820
0.933302 0.254260 -0.721774
0.926624 0.213558 -0.738739
0.907532 0.232055 -0.768141
0.935648 0.260641 -0.781282
0.962461 0.228001 -0.787160
0.940675 0.201441 -0.811216
0.938316 0.232535 -0.840642
0.979374 0.232956 -0.849861
0.985510 0.191697 -0.868584
0.989249 0.159883 -0.897552
0.985768 0.118249 -0.917586
0.995810 0.076451 -0.890239
0.998530 0.047024 -0.861271
1.000000 0.078973 -0.834010
0.961765 0.093386 -0.838353
0.945058 0.053675 -0.828169
0.961997 0.052098 -0.793075
0.951027 0.094212 -0.779711
0.911503 0.087036 -0.783745
0.911258 0.049981 -0.760357
0.924136 0.072187 -0.729174
0.893417 0.102004 -0.728419
0.864141 0.071601 -0.724571
0.878643 0.055461 -0.690912
0.876052 0.095533 -0.671918
0.837147 0.103010 -0.676286
0.826190 0.064335 -0.657043
0.844675 0.073973 -0.623162
0.823702 0.113685 -0.619401
0.786730 0.097320 -0.620081
0.791306 0.070220 -0.588848
0.798564 0.106448 -0.565077
0.764583 0.128714 -0.571276
0.739793 0.095548 -0.559360
0.754515 0.089152 -0.524081
0.746600 0.133909 -0.514206
0.706960 0.132543 -0.519032
0.699844 0.098206 -0.495595
0.713509 0.121042 -0.464795
0.687958 0.156430 -0.465178
0.653346 0.131131 -0.464634
0.663053 0.109812 -0.431656
0.664845 0.148127 -0.410880
0.626532 0.160198 -0.416683
0.611759 0.122648 -0.399594
0.630013 0.131206 -0.365614
0.610676 0.171729 -0.360986
0.574040 0.152091 -0.359835
0.580253 0.123955 -0.330434
0.590605 0.157331 -0.306266
0.555077 0.177960 -0.307875
0.533614 0.142647 -0.294882
0.551442 0.137647 -0.260766
0.542650 0.181383 -0.247834
0.502017 0.176263 -0.252116
0.497944 0.143112 -0.226798
0.513014 0.167600 -0.197867
0.485788 0.201652 -0.199178
0.453753 0.174131 -0.192397
0.465226 0.158367 -0.158293
0.469300 0.199955 -0.142565
0.431555 0.213317 -0.148097
0.413572 0.178035 -0.129659
0.430820 0.187208 -0.095852
0.418445 0.231454 -0.091843
0.379501 0.222176 -0.093390
0.378005 0.193964 -0.063023
0.391077 0.225944 -0.038237
0.361930 0.256557 -0.043409
0.331223 0.230178 -0.034475
0.343560 0.220389 0.000916
0.343650 0.264725 0.012647
0.307078 0.278673 0.004801
0.288296 0.248105 0.027063
0.306202 0.257698 0.060597
0.298081 0.303896 0.059385
0.258492 0.300698 0.059533
0.256868 0.280159 0.093451
0.274606 0.314091 0.112842
0.246400 0.346385 0.104885
0.217253 0.323444 0.123954
0.239233 0.317694 0.158516
0.250035 0.355499 0.178686
0.219007 0.349328 0.204821
0.228907 0.306644 0.216416
0.264435 0.318189 0.229855
0.249662 0.346370 0.256274
0.225529 0.317769 0.274427
0.255192 0.288252 0.284661
0.274619 0.320336 0.305289
0.243551 0.327498 0.329431
0.239516 0.284183 0.341880
0.275843 0.283387 0.356865
0.269565 0.315262 0.383631
0.242404 0.288507 0.401104
0.263558 0.249681 0.406437
0.291338 0.269289 0.428278
0.265041 0.283567 0.455687
0.257693 0.234877 0.462753
0.292847 0.213993 0.468507
0.301651 0.239171 0.500445
0.265672 0.217987 0.519997
0.274980 0.170753 0.519923
0.283939 0.129495 0.535403
0.297320 0.084828 0.540415
0.299963 0.040598 0.553321
0.318255 0.003003 0.566611
0.298557 -0.028541 0.545018
0.320924 -0.017011 0.512968
0.360048 -0.024007 0.525454
0.363361 -0.069634 0.532817
0.369961 -0.079709 0.494481
0.400900 -0.052624 0.486599
0.424142 -0.071901 0.513265
0.424181 -0.115217 0.498070
0.440579 -0.101929 0.463557
0.473399 -0.079408 0.477330
0.486316 -0.118490 0.496783
0.482346 -0.152286 0.468482
0.519640 -0.131597 0.449735
0.552783 -0.143533 0.478568
0.546414 -0.193829 0.484062
0.566872 -0.243600 0.480337
0.560968 -0.287171 0.500532
0.544494 -0.328849 0.526085
0.512640 -0.357285 0.549361
0.483712 -0.392748 0.547740
0.476545 -0.436889 0.549287
0.454101 -0.472532 0.577563
0.418058 -0.498536 0.580149
0.397935 -0.545635 0.562478
0.389904 -0.596937 0.552789
0.347737 -0.623166 0.561637
0.325190 -0.667517 0.542308
0.304964 -0.715997 0.533485
0.279040 -0.750769 0.550834
0.240393 -0.761339 0.578120
0.212961 -0.792688 0.598488
0.190401 -0.801366 0.634485
0.182912 -0.793184 0.676063
0.187836 -0.771444 0.713483
0.181171 -0.755424 0.753700
0.187746 -0.708610 0.780689
0.187707 -0.682576 0.819556
0.210653 -0.640838 0.840234
0.221984 -0.588439 0.857769
0.236977 -0.552436 0.888445
0.260335 -0.503986 0.896166
0.273317 -0.447939 0.894100
0.288979 -0.404144 0.895634
0.282044 -0.354793 0.873150
0.259884 -0.303281 0.871467
0.250164 -0.261977 0.853277
0.210988 -0.227475 0.847981
0.171322 -0.213317 0.836720
0.128640 -0.203588 0.836287
0.096812 -0.168321 0.835755
0.051461 -0.150754 0.824840
0.011280 -0.153382 0.829852
-0.033040 -0.136071 0.828553
-0.075709 -0.130411 0.836361
-0.106287 -0.101359 0.855220
-0.146146 -0.069289 0.852720
-0.174713 -0.039201 0.865181
-0.200353 0.009984 0.865156
-0.211697 0.059050 0.860503
-0.229680 0.107319 0.864352
-0.219084 0.161790 0.869660
-0.209338 0.216215 0.873125
-0.191420 0.262773 0.875736
-0.162286 0.297831 0.884931
-0.132675 0.340980 0.875563
-0.097444 0.366654 0.869747
-0.062354 0.395736 0.857880
-0.022521 0.403033 0.859637
0.007322 0.418948 0.832513
0.047027 0.434922 0.821920
0.083070 0.443570 0.790378
0.116290 0.459605 0.772868
0.154757 0.445672 0.747030
0.174055 0.468193 0.713904
0.206747 0.494167 0.695738
0.243087 0.512529 0.679070
0.284854 0.534539 0.675172
0.325423 0.545515 0.685529
0.373970 0.539059 0.677734
0.416176 0.535560 0.676645
0.452000 0.507680 0.691642
0.478465 0.474469 0.712431
0.497080 0.433946 0.732701
0.505769 0.392883 0.757511
0.506014 0.362210 0.787470
0.485220 0.319375 0.810783
0.470344 0.286660 0.835730
0.431645 0.257173 0.849317
0.416176 0.214218 0.864537
0.380094 0.175272 0.863597
0.348098 0.147451 0.847448
0.333711 0.104782 0.820101
0.334356 0.081390 0.780528
0.352081 0.073853 0.745483
0.353280 0.076015 0.703101
0.361131 0.086795 0.665978
0.353151 0.109616 0.633285
0.350547 0.116162 0.593946
0.367731 0.151565 0.570992
0.346035 0.148067 0.532396
0.330437 0.156144 0.496325
0.324662 0.154868 0.459264
0.358720 0.178966 0.451418
0.386268 0.150379 0.464374
0.377374 0.115367 0.441345
0.384554 0.136461 0.408269
0.422918 0.149073 0.414518
0.436324 0.103175 0.417005
0.432393 0.084393 0.381119
0.447759 0.129480 0.360281
0.474559 0.163381 0.358882
0.469223 0.176203 0.321648
0.424890 0.181173 0.334282
0.407693 0.213933 0.353450
0.382311 0.249140 0.350468
0.409936 0.279318 0.338613
0.421667 0.255011 0.306873
0.386384 0.257578 0.290130
0.383896 0.303761 0.288955
0.417607 0.311133 0.269861
0.407242 0.287005 0.238715
0.377103 0.315652 0.229867
0.396891 0.355499 0.225684
0.422312 0.340740 0.199847
0.394493 0.330125 0.173836
0.377309 0.371729 0.170866
0.409782 0.395706 0.158924
0.414036 0.368651 0.125910
0.372140 0.379821 0.115008
0.363503 0.421019 0.100381
0.351450 0.447594 0.071561
0.387635 0.470325 0.067614
0.405528 0.427821 0.053693
0.379475 0.404384 0.029624
0.370954 0.434127 0.001114
0.407513 0.435418 -0.013290
0.413353 0.389956 -0.019180
0.384283 0.386488 -0.044573
0.400217 0.416560 -0.069705
0.432805 0.390932 -0.075348
0.415119 0.352811 -0.088601
0.397961 0.374642 -0.118151
0.433746 0.386412 -0.133012
0.446199 0.342602 -0.138457
0.418135 0.333639 -0.164171
0.427855 0.367465 -0.189180
0.465007 0.347587 -0.195553
0.453315 0.305593 -0.209152
0.428293 0.321703 -0.239457
0.449602 0.330441 -0.271507
0.446367 0.322483 -0.309224
0.481559 0.344539 -0.317564
0.502469 0.308220 -0.298235
0.488830 0.268629 -0.312973
0.493638 0.283778 -0.352336
0.503319 0.279694 -0.393023
0.490738 0.292981 -0.426892
0.510410 0.262278 -0.452829
0.529411 0.221755 -0.447285
0.511673 0.197252 -0.475325
0.524139 0.223512 -0.503675
0.563611 0.217026 -0.495397
0.564088 0.171248 -0.500384
0.550153 0.172014 -0.536282
0.581298 0.197147 -0.549324
0.608794 0.165228 -0.539994
0.594679 0.130726 -0.561946
0.600608 0.153847 -0.594219
0.640854 0.155093 -0.588007
0.645985 0.109256 -0.588539
0.631650 0.104046 -0.623608
0.661493 0.131402 -0.638098
0.691890 0.105518 -0.627234
0.680211 0.067322 -0.647206
0.683550 0.087921 -0.681075
0.721862 0.099962 -0.679181
0.735501 0.056738 -0.676001
0.721011 0.043285 -0.710006
0.741933 0.072787 -0.730770
0.777410 0.057023 -0.719497
0.772743 0.012702 -0.731179
0.767239 0.019953 -0.768661
0.801155 0.042399 -0.773190
0.826963 0.009999 -0.760939
0.815142 -0.019848 -0.788311
0.827440 0.006561 -0.817181
0.865559 0.004054 -0.808209
0.869748 -0.042654 -0.808593
0.858211 -0.047519 -0.845308
0.886391 -0.019008 -0.860206
0.917678 -0.042775 -0.849490
0.908641 -0.082892 -0.866134
0.907571 -0.064995 -0.901413
0.945484 -0.050582 -0.902737
0.964421 -0.090564 -0.894731
0.948152 -0.112184 -0.926929
0.958787 -0.082411 -0.956096
0.984556 -0.046768 -0.964300
0.967914 -0.006381 -0.978543
0.968391 0.040147 -0.988640
0.930465 0.050657 -1.000000
0.914597 0.052879 -0.962407
0.928442 0.090894 -0.943523
0.901306 0.123069 -0.951950
0.868614 0.100893 -0.939106
0.882420 0.093416 -0.903826
0.887551 0.138413 -0.895486
0.849187 0.149959 -0.900238
0.835291 0.121192 -0.873608
0.857386 0.138443 -0.844788
0.841981 0.180812 -0.845060
0.804249 0.168861 -0.838465
0.811803 0.146310 -0.805388
0.826576 0.181788 -0.785638
0.792724 0.206801 -0.786306
0.772936 0.175512 -0.765270
0.797378 0.175858 -0.735411
0.791732 0.221665 -0.728110
0.753046 0.219383 -0.721786
0.757055 0.188244 -0.692657
0.779524 0.214954 -0.670173
0.753033 0.248855 -0.665322
0.726374 0.221470 -0.647317
0.749114 0.210224 -0.617049
0.752362 0.254545 -0.604131
0.713083 0.260731 -0.598154
0.709654 0.227100 -0.572947
0.735552 0.242429 -0.547864
0.718149 0.282681 -0.540328
0.683202 0.265566 -0.527756
0.697653 0.241168 -0.498862
0.715881 0.276661 -0.481401
0.681577 0.300278 -0.475363
0.658915 0.270475 -0.456380
0.683833 0.266992 -0.426211
0.682261 0.312214 -0.416436
0.643085 0.312469 -0.410001
0.643484 0.280745 -0.382369
0.668055 0.302545 -0.358462
0.644193 0.339719 -0.354465
0.610676 0.318234 -0.342511
0.627396 0.296134 -0.312676
0.638972 0.331867 -0.292147
0.602336 0.347872 -0.285069
0.585655 0.308160 -0.271036
0.611592 0.302004 -0.242229
0.603883 0.342647 -0.224509
0.566550 0.329510 -0.217406
0.571307 0.290173 -0.199017
0.592912 0.308130 -0.170210
0.562477 0.337512 -0.158021
0.531499 0.308100 -0.152193
0.551016 0.280369 -0.128174
0.559937 0.310968 -0.100802
0.521444 0.319075 -0.092734
0.508734 0.275910 -0.084802
0.535057 0.269319 -0.055957
0.525479 0.305698 -0.033398
0.486535 0.294062 -0.032347
0.490557 0.250372 -0.018524
0.504003 0.261512 0.015963
0.473322 0.287111 0.026729
0.444227 0.255221 0.019948
0.458884 0.224953 0.045897
0.456731 0.254335 0.076152
0.416885 0.261902 0.072786
0.405102 0.218587 0.076325
0.419631 0.213948 0.111073
0.398889 0.247969 0.128533
0.363077 0.228526 0.124091
0.369562 0.188710 0.141514
0.380532 0.205855 0.175543
0.345159 0.226695 0.181384
0.321040 0.189700 0.180171
0.339590 0.169882 0.210179
0.332538 0.203423 0.235992
0.292821 0.201276 0.234978
0.290552 0.159928 0.252252
0.306911 0.175783 0.284945
0.279466 0.207792 0.292184
0.248721 0.177749 0.293323
0.262772 0.151055 0.321598
0.267451 0.184145 0.348129
0.227734 0.193844 0.353017
0.218078 0.148683 0.370304
0.235404 0.138728 0.403653
0.205651 0.149223 0.426929
0.179960 0.116403 0.413602
0.202081 0.078192 0.417153
0.205226 0.080550 0.454982
0.166798 0.078403 0.464399
0.158547 0.038631 0.445701
0.184098 0.010900 0.464052
0.167661 0.016440 0.498131
0.131837 0.000180 0.489086
0.142253 -0.042234 0.476254
0.157361 -0.056707 0.509207
0.123110 -0.052068 0.528251
0.100035 -0.079003 0.505989
0.120751 -0.117439 0.510890
0.117180 -0.118835 0.549139
0.077798 -0.124420 0.547617
0.076289 -0.162841 0.527001
0.098346 -0.190181 0.548941
0.072474 -0.190121 0.577563
0.039202 -0.205525 0.560498
0.055947 -0.243675 0.545847
0.065757 -0.263028 0.579963
0.027909 -0.264034 0.593043
0.012002 -0.289047 0.564335
0.037449 -0.324645 0.562837
0.032486 -0.336927 0.599626
-0.007000 -0.348172 0.593823
-0.005737 -0.376804 0.564632
0.018653 -0.408408 0.582302
-0.005595 -0.418227 0.611840
-0.040607 -0.429202 0.590383
-0.024725 -0.460056 0.566723
-0.012698 -0.488657 0.595035
-0.048522 -0.497530 0.609130
-0.064855 -0.515427 0.577365
-0.038493 -0.549553 0.571103
-0.041909 -0.572029 0.605009
-0.081162 -0.579266 0.602559
-0.082671 -0.603303 0.570150
-0.057030 -0.635223 0.582104
-0.079886 -0.650777 0.610664
-0.110580 -0.664034 0.588353
-0.088845 -0.693927 0.567391
-0.077914 -0.719856 0.597807
-0.113815 -0.732858 0.611605
-0.127880 -0.749133 0.578961
-0.097573 -0.777839 0.570794
-0.105256 -0.805660 0.601012
-0.145282 -0.816305 0.592622
-0.139404 -0.827280 0.552529
-0.115169 -0.863599 0.545327
-0.151109 -0.894122 0.547716
-0.175705 -0.885699 0.516941
-0.196705 -0.892155 0.484384
-0.194978 -0.846033 0.472702
-0.160997 -0.830538 0.457420
-0.168229 -0.853314 0.420284
-0.212613 -0.841679 0.415371
-0.221159 -0.794445 0.431990
-0.179354 -0.770948 0.436952
-0.155647 -0.746070 0.415718
-0.131205 -0.716433 0.441494
-0.118121 -0.724510 0.477615
-0.077862 -0.715142 0.467394
-0.074394 -0.666827 0.469732
-0.056308 -0.619938 0.472925
-0.040542 -0.578110 0.474336
-0.015289 -0.541701 0.474719
0.008714 -0.504752 0.486141
-0.005917 -0.460581 0.496746
0.015353 -0.437985 0.523363
0.053318 -0.457803 0.538880
0.079538 -0.415689 0.527719
0.100911 -0.377599 0.517782
0.120351 -0.346866 0.496634
0.148763 -0.316688 0.488158
0.173527 -0.279829 0.482292
0.172779 -0.227731 0.479001
0.196022 -0.191817 0.491053
0.236371 -0.194715 0.502685
0.247290 -0.149313 0.484297
0.235314 -0.113985 0.506299
0.240651 -0.083297 0.534030
0.233599 -0.063599 0.570299
0.197272 -0.040387 0.575620
0.167494 -0.011050 0.597857
0.148454 0.022671 0.616592
0.182808 0.046348 0.624251
0.191897 0.057293 0.587636
0.158354 0.081706 0.583465
0.164954 0.112199 0.611741
0.199219 0.127708 0.597250
0.183762 0.143713 0.565671
0.156678 0.171849 0.581473
0.186302 0.200090 0.599762
0.213412 0.208002 0.566215
0.191910 0.222356 0.534413
0.167726 0.247954 0.512053
0.134609 0.256707 0.492514
0.145411 0.232520 0.460167
0.142446 0.186893 0.483876
0.109548 0.177629 0.503997
0.090289 0.151700 0.478345
0.117683 0.113940 0.480857
0.107602 0.100848 0.520814
0.073479 0.067608 0.512869
0.045235 0.034922 0.511978
0.009849 0.018407 0.500792
-0.028012 0.003093 0.507115
-0.023591 -0.039471 0.488764
-0.014335 -0.065851 0.521309
-0.036624 -0.103911 0.528585
-0.043495 -0.144479 0.555388
-0.080737 -0.161609 0.558729
-0.076831 -0.198003 0.535861
-0.054155 -0.220284 0.562454
-0.080788 -0.222446 0.591026
-0.110154 -0.243690 0.571710
-0.089258 -0.281976 0.565028
-0.086125 -0.294437 0.601099
-0.125250 -0.298611 0.608412
-0.134480 -0.330441 0.582414
-0.108118 -0.362736 0.593724
-0.121447 -0.366849 0.629721
-0.157942 -0.382239 0.618485
-0.145553 -0.420284 0.600666
-0.130239 -0.440192 0.631998
-0.165238 -0.443375 0.650089
-0.184175 -0.469890 0.624078
-0.157800 -0.505713 0.626293
-0.167520 -0.511388 0.665941
-0.207185 -0.519826 0.664691
-0.204066 -0.557316 0.642256
-0.190479 -0.587884 0.668762
-0.225246 -0.602567 0.681842
-0.233032 -0.626800 0.648369
-0.200392 -0.654500 0.648691
-0.208436 -0.671932 0.683079
-0.243332 -0.690954 0.675914
-0.228868 -0.719330 0.648629
-0.201088 -0.741085 0.669740
-0.225736 -0.757976 0.696530
-0.249326 -0.782704 0.673737
-0.217073 -0.807957 0.659172
-0.208152 -0.827040 0.695392
-0.242301 -0.848104 0.705650
-0.242107 -0.878898 0.676199
-0.207624 -0.902980 0.693214
-0.224588 -0.916823 0.729582
-0.263378 -0.941566 0.721316
-0.250396 -0.988980 0.720623
-0.269875 -0.999520 0.761855
-0.307762 -1.000000 0.778894
-0.347505 -0.991022 0.789821
-0.388615 -0.972104 0.797518
-0.428409 -0.945665 0.806106
-0.457105 -0.907695 0.818517
-0.475191 -0.865160 0.835049
-0.480528 -0.820794 0.854861
-0.467921 -0.784476 0.881428
-0.453882 -0.757856 0.912538
-0.414023 -0.732062 0.933698
-0.379990 -0.710682 0.956232
-0.336238 -0.697575 0.975511
-0.303637 -0.656197 0.979681
-0.267941 -0.643045 1.000000
-0.236384 -0.600736 0.998107
-0.245833 -0.550454 0.979397
-0.270068 -0.501104 0.986599
-0.305828 -0.471271 0.984371
-0.347466 -0.463178 0.972665
-0.395666 -0.467262 0.966094
-0.436363 -0.472127 0.974892
-0.481057 -0.486180 0.957135
-0.517126 -0.479438 0.936693
-0.545099 -0.462353 0.911078
-0.551236 -0.422356 0.895808
-0.560221 -0.386683 0.874177
-0.523700 -0.351130 0.880686
-0.503358 -0.307034 0.861716
-0.488288 -0.263794 0.853623
-0.451678 -0.247909 0.877840
-0.425754 -0.212086 0.888123
-0.384245 -0.182614 0.890511
-0.348033 -0.166684 0.872865
-0.311165 -0.141851 0.866060
-0.289701 -0.111013 0.832933
-0.277210 -0.085489 0.798656
-0.259858 -0.073778 0.760506
-0.250332 -0.066061 0.715909
-0.248566 -0.074334 0.671126
-0.244118 -0.095518 0.635475
-0.246039 -0.126702 0.603549
-0.235945 -0.153007 0.572044
-0.221005 -0.176263 0.538695
-0.245923 -0.181908 0.500445
-0.249726 -0.171414 0.461850
-0.233458 -0.165348 0.424454
-0.256752 -0.166384 0.391192
-0.272260 -0.149824 0.355319
-0.290075 -0.107620 0.329444
-0.286014 -0.069124 0.302764
-0.274451 -0.074304 0.260382
-0.273162 -0.083732 0.222244
-0.269076 -0.131777 0.198943
-0.280033 -0.137978 0.158095
-0.255553 -0.159027 0.127778
-0.238124 -0.210585 0.127209
-0.238189 -0.258644 0.121962
-0.240444 -0.305893 0.139472
-0.260052 -0.344283 0.132876
-0.271357 -0.392478 0.135054
-0.277326 -0.439907 0.117841
-0.262450 -0.491750 0.131763
-0.260800 -0.539944 0.136019
-0.236500 -0.585707 0.154296
-0.212535 -0.623632 0.177189
-0.184007 -0.652293 0.201072
-0.148879 -0.664950 0.223407
-0.119204 -0.666451 0.260605
-0.084901 -0.648390 0.281035
-0.057443 -0.621004 0.313741
-0.037771 -0.579356 0.329716
-0.025215 -0.543968 0.351445
-0.000980 -0.495233 0.362013
0.010119 -0.446288 0.359823
0.026581 -0.404519 0.372482
0.052531 -0.359042 0.377333
0.065809 -0.309842 0.391303
0.111817 -0.301209 0.381268
0.122994 -0.259995 0.349762
0.124927 -0.207207 0.364525
0.170536 -0.189265 0.366851
0.198304 -0.156985 0.338291
0.224124 -0.130170 0.312936
0.222062 -0.084228 0.285143
0.228430 -0.048345 0.259046
0.219007 -0.029758 0.215055
0.198626 -0.020569 0.180270
0.152089 -0.002387 0.179726
0.144432 0.046768 0.159679
0.125714 0.048135 0.116258
0.079474 0.033901 0.119178
0.045119 0.060596 0.127877
0.015379 0.101314 0.114500
-0.022495 0.078072 0.093241
-0.058861 0.068659 0.123336
-0.092906 0.106674 0.131020
-0.131682 0.082366 0.117421
-0.171374 0.075054 0.142219
-0.192864 0.063329 0.176397
-0.224846 0.063314 0.211602
-0.227966 0.064169 0.251671
-0.236964 0.089408 0.292642
-0.239723 0.094167 0.330941
-0.226741 0.130831 0.364859
-0.220334 0.147797 0.400040
-0.203189 0.167855 0.432399
-0.227798 0.179581 0.460984
-0.231640 0.181052 0.498812
-0.242404 0.143383 0.527991
-0.220657 0.176053 0.551453
-0.199760 0.218272 0.548149
-0.183956 0.257218 0.534760
-0.156897 0.293837 0.534302
-0.175241 0.330996 0.516186
-0.189409 0.345154 0.549696
-0.149807 0.351715 0.560783
-0.139185 0.383455 0.533015
-0.169273 0.413422 0.541875
-0.159153 0.413407 0.579072
-0.121215 0.429652 0.571388
-0.132391 0.468058 0.553643
-0.156150 0.482006 0.582327
-0.127699 0.479438 0.610479
-0.101324 0.507995 0.592276
-0.126049 0.543353 0.590234
-0.135795 0.543818 0.627506
-0.096103 0.548367 0.639125
-0.089142 0.587298 0.620613
-0.120764 0.611351 0.635364
-0.110838 0.604444 0.671942
-0.076483 0.626409 0.668403
-0.089851 0.666391 0.653381
-0.113300 0.673883 0.687398
-0.081936 0.670535 0.714288
-0.054027 0.700668 0.699636
-0.080079 0.740110 0.704574
-0.078790 0.743653 0.747748
-0.038171 0.762405 0.755432
-0.045480 0.811486 0.772509
-0.038557 0.840868 0.801725
-0.029508 0.875955 0.824568
0.005350 0.915682 0.825558
0.027510 0.957916 0.813926
0.057829 0.991667 0.802826
0.100950 0.987433 0.780132
0.107267 0.979851 0.734371
0.100189 1.000000 0.699562
0.138038 0.989896 0.683352
0.136542 0.943112 0.681594
0.102484 0.934930 0.662699
0.114847 0.953742 0.628855
0.143439 0.921102 0.621368
0.116716 0.885639 0.621244
0.093383 0.901013 0.593501
0.121241 0.901013 0.565857
0.127970 0.855672 0.567725
0.090715 0.842940 0.560251
0.089941 0.862668 0.525256
0.118843 0.838135 0.509491
0.103670 0.796292 0.516891
0.069844 0.805615 0.496337
0.088961 0.812026 0.462407
0.107331 0.770783 0.460996
0.072551 0.746551 0.463421
0.055625 0.763922 0.432238
0.083728 0.750319 0.408405
0.081639 0.704962 0.416436
0.042927 0.700638 0.407204
0.048032 0.714691 0.370848
0.071778 0.680820 0.360689
0.046911 0.646663 0.369933
0.018628 0.660821 0.344751
0.041857 0.657158 0.313221
0.049992 0.612311 0.318641
0.012195 0.597328 0.318925
0.006884 0.611230 0.282062
0.035012 0.583995 0.266978
0.021116 0.544028 0.280825
-0.014051 0.546761 0.264119
0.000116 0.548547 0.228295
0.019633 0.507800 0.230288
-0.011937 0.481601 0.239284
-0.032550 0.492891 0.207741
-0.005015 0.475160 0.183896
-0.003519 0.432355 0.197236
-0.042721 0.424743 0.192273
-0.040994 0.431079 0.153678
-0.011808 0.400916 0.144793
-0.031751 0.365228 0.161672
-0.064636 0.368411 0.140350
-0.044345 0.362120 0.106742
-0.029830 0.320967 0.115527
-0.064907 0.300533 0.121343
-0.077798 0.307650 0.085433
-0.049798 0.283432 0.068282
-0.055393 0.243600 0.086732
-0.094427 0.239607 0.076919
-0.084978 0.237340 0.038893
-0.061052 0.200255 0.040600
-0.086783 0.171414 0.056304
-0.113570 0.175407 0.029018
-0.089155 0.161204 0.000248
-0.084385 0.118475 0.016606
-0.122285 0.105398 0.020071
-0.131373 0.107950 -0.016668
-0.105230 0.074003 -0.026110
-0.119320 0.040538 -0.002933
-0.156188 0.042775 -0.017151
-0.145270 0.031229 -0.052740
-0.126732 -0.009699 -0.044251
-0.158831 -0.027205 -0.026914
-0.184072 -0.023797 -0.055796
-0.163111 -0.050552 -0.079159
-0.160004 -0.088177 -0.056427
-0.200327 -0.091555 -0.051675
-0.209080 -0.096059 -0.088700
-0.186495 -0.134389 -0.093154
-0.202803 -0.159988 -0.065733
-0.240509 -0.155589 -0.077996
-0.232890 -0.174116 -0.113374
-0.220412 -0.215404 -0.098401
-0.253684 -0.223106 -0.077439
-0.277829 -0.222386 -0.107595
-0.260413 -0.258509 -0.124759
-0.264448 -0.289318 -0.096359
-0.304152 -0.282666 -0.090704
-0.313124 -0.295744 -0.126169
-0.297810 -0.338008 -0.124573
-0.320060 -0.349613 -0.093427
-0.355626 -0.341956 -0.110726
-0.349980 -0.371939 -0.139138
-0.344037 -0.408393 -0.115119
-0.379720 -0.402702 -0.097040
-0.402228 -0.407477 -0.128780
-0.389646 -0.450221 -0.137232
-0.401957 -0.466557 -0.103240
-0.440591 -0.452669 -0.104774
-0.449280 -0.477171 -0.135945
-0.441223 -0.518790 -0.120638
-0.464968 -0.512379 -0.089974
-0.498086 -0.506253 -0.112335
-0.496629 -0.548893 -0.127605
-0.498447 -0.570348 -0.094392
-0.531706 -0.548157 -0.081028
-0.554806 -0.564837 -0.108226
-0.548722 -0.609729 -0.098451
-0.561226 -0.604444 -0.061959
-0.597772 -0.586457 -0.071611
-0.610225 -0.623662 -0.090655
-0.607840 -0.650221 -0.058853
-0.629304 -0.625313 -0.033794
-0.663491 -0.627851 -0.053556
-0.666585 -0.673838 -0.048520
-0.665618 -0.672862 -0.009194
-0.696724 -0.642129 -0.002586
-0.725923 -0.668598 -0.015975
-0.720070 -0.701299 0.010902
-0.728978 -0.670655 0.040427
-0.766620 -0.661362 0.031047
-0.779885 -0.704662 0.036801
-0.768966 -0.705412 0.074605
-0.790223 -0.668403 0.086175
-0.826331 -0.682787 0.075991
-0.823457 -0.718294 0.102609
-0.818365 -0.692065 0.134918
-0.853725 -0.670821 0.134250
-0.874673 -0.710697 0.139658
-0.860080 -0.716463 0.174937
-0.871424 -0.675955 0.190083
-0.910807 -0.685624 0.188895
-0.908087 -0.720982 0.215216
-0.891186 -0.697500 0.243615
-0.922280 -0.668749 0.247154
-0.949235 -0.701629 0.258885
-0.927617 -0.712394 0.290242
-0.928506 -0.669905 0.304398
-0.969036 -0.670460 0.308197
-0.968236 -0.706028 0.333960
-0.945252 -0.683087 0.358499
-0.971150 -0.649185 0.364253
-0.996648 -0.675175 0.385623
-0.967450 -0.683492 0.414097
-0.959342 -0.639652 0.419232
-0.995321 -0.627340 0.432634
-0.989661 -0.650357 0.466602
-0.957691 -0.625118 0.475808
-0.974489 -0.583380 0.469720
-1.000000 -0.588004 0.499134
-0.967966 -0.590061 0.524749
-0.952148 -0.550845 0.511768
-0.986851 -0.527138 0.522336
-0.982030 -0.535801 0.559335
-0.943756 -0.519075 0.560808
-0.955436 -0.478072 0.546837
-0.979555 -0.466737 0.575447
-0.948900 -0.466917 0.600010
-0.924407 -0.438390 0.579060
-0.954868 -0.403783 0.579456
-0.953489 -0.398439 0.616616
-0.913591 -0.389836 0.615552
-0.917703 -0.354643 0.589356
-0.940005 -0.329675 0.614723
-0.912470 -0.326372 0.641217
-0.885115 -0.310157 0.615453
-0.908332 -0.272427 0.605912
-0.911438 -0.255266 0.642368
-0.870767 -0.254696 0.646154
-0.866203 -0.227130 0.615911
-0.891251 -0.192673 0.625130
-0.871863 -0.183755 0.658071
-0.836245 -0.176488 0.641093
-0.850812 -0.144118 0.613993
-0.862800 -0.115307 0.641303
-0.827350 -0.113085 0.658689
-0.809418 -0.097951 0.625736
-0.833086 -0.059665 0.620304
-0.823740 -0.042925 0.654989
-0.783739 -0.043000 0.648567
-0.786356 -0.016755 0.617483
-0.805680 0.018137 0.634782
-0.774548 0.024262 0.658578
-0.747412 0.032055 0.631020
-0.767780 0.066632 0.614550
-0.770565 0.092501 0.645907
-0.729313 0.093041 0.652020
-0.719168 0.109016 0.616084
-0.741495 0.145935 0.619264
-0.722610 0.160904 0.650807
-0.685393 0.160408 0.634609
-0.696711 0.189776 0.605937
-0.708365 0.223992 0.629139
-0.673031 0.227626 0.647330
-0.652521 0.234622 0.614785
-0.674345 0.271932 0.602225
-0.666495 0.297005 0.632629
-0.626906 0.294963 0.630983
-0.623181 0.307980 0.593625
-0.642569 0.349163 0.598995
-0.618089 0.364747 0.626442
-0.584469 0.359748 0.605987
-0.596844 0.385767 0.576919
-0.604450 0.424293 0.597436
-0.567027 0.428541 0.612793
-0.546273 0.426154 0.580347
-0.566408 0.463118 0.566079
-0.556740 0.493386 0.592969
-0.517551 0.487321 0.584530
-0.518931 0.499167 0.547901
-0.535122 0.540395 0.551280
-0.505833 0.556280 0.575199
-0.473966 0.546956 0.552467
-0.488662 0.569252 0.520653
-0.488701 0.610495 0.537532
-0.449770 0.610900 0.546553
-0.436569 0.602778 0.510753
-0.452503 0.641814 0.497340
-0.432096 0.671541 0.519787
-0.395666 0.655702 0.509627
-0.401119 0.660641 0.471242
-0.408248 0.705713 0.471799
-0.373223 0.716583 0.487774
-0.349748 0.696975 0.462407
-0.367074 0.722183 0.433389
-0.354427 0.763366 0.446716
-0.315406 0.754943 0.449970
-0.310301 0.738293 0.414283
-0.322509 0.777644 0.396810
-0.293272 0.803693 0.410459
-0.263300 0.777749 0.397899
-0.275186 0.781413 0.361209
-0.270790 0.828692 0.358647
-0.231575 0.827761 0.367903
-0.219948 0.795886 0.342511
-0.233702 0.822040 0.312515
-0.208423 0.857503 0.318047
-0.174764 0.832970 0.317416
-0.181378 0.812957 0.283931
-0.183904 0.852113 0.264132
-0.146791 0.867517 0.272385
-0.129401 0.829367 0.257338
