0.769745 0.593732 -0.322979
0.755389 0.594531 -0.439254
0.772011 0.547689 -0.551963
0.781357 0.625759 -0.632766
0.867891 0.559914 -0.712763
0.886224 0.435840 -0.726377
0.806689 0.347716 -0.772128
0.732443 0.279509 -0.696311
0.619621 0.312223 -0.755944
0.600612 0.248891 -0.859104
0.564424 0.135861 -0.782520
0.547522 0.032542 -0.722734
0.679353 -0.003751 -0.738840
0.746361 0.077289 -0.666398
0.838145 0.113925 -0.589201
0.915494 0.163776 -0.507785
1.000000 0.159739 -0.421000
0.903285 0.112135 -0.343496
0.801957 0.048080 -0.392813
0.703014 0.108746 -0.461037
0.586057 0.157873 -0.508629
0.519725 0.250566 -0.544485
0.416368 0.191766 -0.571253
0.388332 0.169564 -0.457777
0.379623 0.282708 -0.424605
0.287322 0.308719 -0.498198
0.211405 0.232972 -0.449149
0.216138 0.284689 -0.341924
0.159707 0.383628 -0.375671
0.050386 0.333930 -0.387253
0.040722 0.307767 -0.272818
0.054800 0.417255 -0.226492
-0.052772 0.459870 -0.286010
-0.144079 0.397338 -0.226415
-0.218444 0.350229 -0.146188
-0.244969 0.259592 -0.071522
-0.223177 0.131976 -0.027765
-0.264495 0.021117 0.040497
-0.235982 -0.088866 0.116084
-0.284896 -0.186244 0.197921
-0.273801 -0.280995 0.279069
-0.353694 -0.364968 0.350284
-0.418118 -0.462993 0.373907
-0.501432 -0.444180 0.264688
-0.422612 -0.352096 0.183464
-0.440627 -0.240551 0.109373
-0.423407 -0.112059 0.083794
-0.451881 0.000095 0.019597
-0.413783 0.128130 -0.014765
-0.441860 0.247634 -0.076929
-0.427305 0.351753 -0.138020
-0.495427 0.438429 -0.207739
-0.503659 0.539616 -0.263959
-0.557027 0.647124 -0.300621
-0.539967 0.722642 -0.395805
-0.683926 0.722261 -0.412908
-0.805058 0.725727 -0.439370
-0.789986 0.633985 -0.524390
-0.802314 0.538131 -0.458851
-0.843116 0.434774 -0.415900
-0.861728 0.348554 -0.340811
-0.786805 0.254718 -0.375441
-0.684045 0.283622 -0.442514
-0.570628 0.237961 -0.429705
-0.518532 0.140469 -0.390973
-0.438956 0.064151 -0.308636
-0.510817 -0.043624 -0.323593
-0.507357 -0.176762 -0.351127
-0.513958 -0.281604 -0.408191
-0.460192 -0.393530 -0.431354
-0.553050 -0.460099 -0.349632
-0.605424 -0.496239 -0.253758
-0.484689 -0.480130 -0.190405
-0.446870 -0.358798 -0.241448
-0.387020 -0.246035 -0.222772
-0.353655 -0.115524 -0.251381
-0.267080 -0.011254 -0.238073
-0.217569 0.109088 -0.283863
-0.111708 0.188910 -0.336401
-0.115207 0.258754 -0.449149
-0.165195 0.214845 -0.548435
-0.267040 0.168460 -0.598251
-0.209616 0.112478 -0.686071
-0.148453 0.038635 -0.617004
-0.245804 -0.007331 -0.560899
-0.295633 -0.057143 -0.657156
-0.204724 -0.128206 -0.682467
-0.207270 -0.185749 -0.577849
-0.320687 -0.226917 -0.588894
-0.296190 -0.293334 -0.686263
-0.211445 -0.359750 -0.635949
-0.282868 -0.401489 -0.549624
-0.363636 -0.453739 -0.621990
-0.285532 -0.526172 -0.674298
-0.247276 -0.583068 -0.579077
-0.358586 -0.620199 -0.543833
-0.389724 -0.677590 -0.644040
-0.294401 -0.750595 -0.650138
-0.312296 -0.803416 -0.549279
-0.424242 -0.844584 -0.570371
-0.394496 -0.907763 -0.666705
-0.304820 -0.978483 -0.611367
-0.362284 -1.000000 -0.491601
-0.472282 -0.961498 -0.436455
-0.421578 -0.848925 -0.369880
-0.361767 -0.756726 -0.325088
-0.265927 -0.693890 -0.290689
-0.180705 -0.644801 -0.224114
-0.117036 -0.548870 -0.199877
-0.010300 -0.585506 -0.235964
-0.039330 -0.595255 -0.349018
-0.068401 -0.484396 -0.366122
0.035871 -0.435345 -0.332566
0.107691 -0.486033 -0.412065
0.049869 -0.450121 -0.512387
0.059453 -0.334654 -0.490719
0.181063 -0.330960 -0.474766
0.208661 -0.361578 -0.584906
0.156168 -0.267247 -0.634568
0.224887 -0.188111 -0.580495
0.332816 -0.228288 -0.617464
0.322795 -0.206962 -0.731055
0.329357 -0.085363 -0.714143
0.462260 -0.102081 -0.690750
0.508709 -0.152313 -0.806220
0.466993 -0.058895 -0.894347
0.460709 0.034522 -0.970471
0.335282 0.020317 -1.000000
0.303985 0.052688 -0.871568
0.250537 0.072491 -0.755522
0.191840 0.074433 -0.654318
0.108367 0.099111 -0.570870
0.038455 0.175581 -0.499041
0.015509 0.074395 -0.404778
-0.053289 0.014414 -0.309135
-0.100414 -0.095721 -0.237920
-0.187346 -0.182093 -0.190021
-0.225642 -0.297408 -0.136371
-0.336117 -0.372127 -0.090083
-0.380379 -0.476360 -0.008168
-0.450410 -0.592018 0.022358
-0.447467 -0.709008 0.094071
-0.429333 -0.804825 0.158690
-0.302951 -0.816022 0.129276
-0.259127 -0.692823 0.142928
-0.323590 -0.590533 0.152861
-0.260280 -0.493573 0.130542
-0.199992 -0.410743 0.035358
-0.094528 -0.326923 -0.005446
-0.041040 -0.249424 -0.103697
0.055913 -0.183579 -0.174950
0.090154 -0.105813 -0.280603
0.178955 -0.043472 -0.362901
0.263024 -0.024240 -0.449916
0.327010 -0.127368 -0.429245
0.274238 -0.225089 -0.370686
0.242225 -0.237504 -0.256596
0.200032 -0.316564 -0.152401
0.121411 -0.318430 -0.036700
0.071383 -0.323229 0.077044
-0.026963 -0.278634 0.167894
-0.098147 -0.204562 0.242177
-0.055396 -0.087800 0.180012
-0.075718 0.013005 0.084867
-0.033405 0.115791 0.002876
-0.063072 0.209018 -0.094953
-0.025571 0.333778 -0.104771
-0.009942 0.425786 -0.029682
-0.033246 0.356513 0.078156
0.036666 0.266942 0.113553
0.070628 0.313594 0.218707
-0.040126 0.320677 0.266490
-0.072178 0.209513 0.252186
0.012964 0.164994 0.323669
-0.023741 0.212065 0.422841
-0.132665 0.153722 0.421499
-0.093772 0.044157 0.416667
-0.034121 0.043357 0.523048
-0.141374 0.039206 0.590160
-0.183647 -0.076528 0.564734
-0.241032 -0.187654 0.567917
-0.270341 -0.255365 0.473769
-0.285890 -0.359446 0.535818
-0.401535 -0.311233 0.591310
-0.473753 -0.275016 0.491947
-0.554084 -0.250643 0.398642
-0.615883 -0.191081 0.320141
-0.665991 -0.115448 0.398182
-0.560407 -0.066245 0.429130
-0.516862 -0.038140 0.320908
-0.596954 0.042672 0.293143
-0.553130 0.118305 0.375863
-0.436491 0.123293 0.340735
-0.456971 0.161605 0.232628
-0.506641 0.260049 0.268101
-0.417124 0.303121 0.331723
-0.333174 0.307805 0.247584
-0.389843 0.381077 0.175564
-0.393025 0.470381 0.254794
-0.273881 0.483634 0.276461
-0.237970 0.494602 0.154241
-0.287680 0.597997 0.120724
-0.293128 0.709008 0.063545
-0.354052 0.814117 0.072174
-0.277261 0.876802 0.002378
-0.292850 0.805015 -0.099555
-0.414738 0.745568 -0.071177
-0.540523 0.748005 -0.054264
-0.561521 0.619057 -0.105077
-0.615446 0.491479 -0.090620
-0.624075 0.364320 -0.088280
-0.642170 0.249310 -0.049778
-0.598783 0.129463 -0.061512
-0.635926 0.001047 -0.034936
-0.589477 -0.127559 -0.006519
-0.592619 -0.266714 0.002800
-0.553329 -0.384961 0.062625
-0.624592 -0.483177 0.139630
-0.720512 -0.522250 0.197231
-0.805019 -0.446960 0.150713
-0.778931 -0.503475 0.034054
-0.712161 -0.596816 0.010700
-0.632705 -0.534893 -0.061052
-0.667939 -0.421787 -0.106266
-0.675376 -0.314089 -0.159610
-0.728187 -0.192490 -0.114550
-0.787044 -0.104404 -0.066076
-0.849439 -0.048765 0.014113
-0.949654 0.002951 0.051503
-1.000000 0.102005 0.090888
-0.994790 0.076566 0.206512
-0.870158 0.068683 0.210884
-0.847809 0.176267 0.172266
-0.908057 0.234229 0.257823
-0.839696 0.192109 0.344646
-0.731170 0.234305 0.304073
-0.763740 0.347792 0.304916
-0.787322 0.354076 0.418853
-0.678955 0.324485 0.457969
-0.614412 0.409486 0.408920
-0.675853 0.500962 0.460692
-0.650799 0.468629 0.573362
-0.527798 0.470952 0.571368
-0.516106 0.587296 0.550008
-0.568838 0.627778 0.649294
-0.491370 0.577737 0.725763
-0.393104 0.636841 0.685573
-0.433747 0.747625 0.703099
-0.455818 0.739361 0.820908
-0.338225 0.708894 0.855538
-0.287203 0.814346 0.820026
-0.355683 0.888189 0.890359
-0.323193 0.843175 1.000000
-0.191044 0.870518 0.980864
-0.195260 1.000000 0.989799
