-0.699228 -1.000000 1.000000
-0.716288 -0.909196 0.934044
-0.760652 -0.909804 0.860039
-0.749721 -0.931213 0.777930
-0.769481 -0.817236 0.718462
-0.719417 -0.724547 0.658617
-0.637805 -0.597068 0.633043
-0.615517 -0.428050 0.605395
-0.576554 -0.426651 0.510391
-0.484141 -0.375502 0.436817
-0.434333 -0.375441 0.349540
-0.333776 -0.266877 0.292952
-0.266695 -0.148887 0.223362
-0.147964 -0.077849 0.176412
-0.082340 0.021044 0.098153
0.052036 0.039533 0.049723
0.085426 -0.095305 0.005303
0.131504 -0.233731 0.058876
0.062966 -0.188542 0.129274
0.005015 -0.268824 0.208717
-0.097857 -0.250943 0.275211
-0.155894 -0.324048 0.351882
-0.260137 -0.302579 0.412804
-0.304072 -0.315229 0.499596
-0.417574 -0.280319 0.551823
-0.458337 -0.244070 0.644053
-0.458123 -0.216944 0.723254
-0.376340 -0.060333 0.775992
-0.269696 0.092446 0.780569
-0.187913 0.122430 0.708475
-0.112473 0.006082 0.659613
-0.001886 0.014232 0.598342
0.060994 -0.122795 0.533839
0.171839 -0.203321 0.482959
0.222546 -0.365892 0.507484
0.237634 -0.290719 0.591100
0.239949 -0.084783 0.587439
0.222160 0.101083 0.580816
0.236434 0.263289 0.540166
0.366567 0.297348 0.561245
0.421303 0.157280 0.506676
0.413845 0.232028 0.426964
0.457865 0.259640 0.342702
0.483155 0.454568 0.360496
0.471153 0.625775 0.396113
0.404072 0.709099 0.333091
0.285341 0.590196 0.350966
0.219674 0.625471 0.420907
0.123146 0.723574 0.384241
0.069396 0.584053 0.340521
0.030519 0.490451 0.411377
-0.042220 0.641710 0.449523
-0.149636 0.695293 0.411081
-0.238020 0.594697 0.454612
-0.205615 0.680574 0.528401
-0.229018 0.861696 0.505330
-0.355765 0.851660 0.477656
-0.410116 0.756781 0.550073
-0.339691 0.701618 0.620928
-0.339863 0.584722 0.687530
-0.466395 0.533086 0.693991
-0.463781 0.403479 0.632154
-0.368581 0.294186 0.677758
-0.407801 0.227162 0.751575
-0.474025 0.067206 0.714478
-0.350407 -0.002311 0.663032
-0.271153 -0.128026 0.614090
-0.157480 -0.150833 0.553545
-0.100900 -0.274723 0.489420
0.002872 -0.296436 0.426102
0.048907 -0.368021 0.345017
0.163652 -0.364250 0.283207
0.195585 -0.381705 0.186857
0.265366 -0.270344 0.127551
0.351736 -0.133560 0.104507
0.384098 0.040567 0.155495
0.358165 0.183676 0.205244
0.263009 0.261039 0.160959
0.179769 0.117443 0.158510
0.164766 0.104002 0.240107
0.104929 0.265418 0.253567
-0.000086 0.231602 0.206402
-0.037548 0.077789 0.248533
-0.055294 0.158740 0.321892
-0.139777 0.287374 0.301863
-0.230090 0.162085 0.276611
-0.244792 0.061063 0.346578
-0.291985 0.200097 0.394120
-0.398071 0.243219 0.350293
-0.452508 0.072132 0.349890
-0.463909 0.040749 0.430221
-0.551907 0.178385 0.443816
-0.645778 0.133500 0.391321
-0.664509 -0.042817 0.421580
-0.700257 0.008454 0.498277
-0.804372 0.114524 0.479190
-0.873382 -0.015266 0.439105
-0.878697 -0.148583 0.507915
-0.874839 -0.028768 0.590292
-0.946935 0.153205 0.573790
-0.977668 0.267607 0.488747
-1.000000 0.394782 0.424676
-0.951222 0.556927 0.458273
-0.826747 0.503832 0.468583
-0.810459 0.462109 0.388925
-0.827347 0.632283 0.358908
-0.729361 0.714086 0.399666
-0.632490 0.611665 0.370026
-0.654608 0.644812 0.289856
-0.639649 0.831833 0.289560
-0.515859 0.835361 0.315727
-0.463395 0.731115 0.254617
-0.503000 0.835361 0.189253
-0.449764 1.000000 0.209013
-0.324432 0.926286 0.205594
-0.334976 0.719499 0.165294
-0.353322 0.565503 0.120713
-0.257351 0.455115 0.157191
-0.331633 0.386814 0.219485
-0.412945 0.285914 0.154606
-0.336477 0.273689 0.078420
-0.250364 0.218465 0.018845
-0.163352 0.207031 -0.044123
-0.132705 0.138061 -0.121763
-0.001672 0.130824 -0.134119
0.109258 0.042939 -0.190788
0.185126 -0.029984 -0.248964
0.231504 -0.078032 -0.322888
0.305529 -0.168349 -0.379368
0.390441 -0.209403 -0.438701
0.458594 -0.205024 -0.519195
0.541492 -0.202165 -0.582593
0.632705 -0.054555 -0.586846
0.653793 -0.024450 -0.487590
0.625547 0.008819 -0.404135
0.471624 0.046162 -0.416895
0.357865 0.111057 -0.450681
0.438834 0.268398 -0.496635
0.563223 0.224608 -0.515103
0.682297 0.226128 -0.570963
0.786498 0.258241 -0.617294
0.857994 0.342416 -0.673020
0.885126 0.417103 -0.752517
0.945135 0.426590 -0.831180
0.980797 0.500851 -0.910085
1.000000 0.518733 -1.000000
