-0.177805 0.365207 -0.161622
-0.209634 0.384749 -0.146070
-0.212002 0.417288 -0.108357
-0.221784 0.461050 -0.088692
-0.252863 0.488674 -0.068695
-0.266940 0.521272 -0.045846
-0.311877 0.539581 -0.035835
-0.353138 0.561293 -0.022474
-0.396406 0.574467 -0.014692
-0.439104 0.586761 -0.019060
-0.480883 0.588654 -0.026142
-0.519997 0.594537 -0.047145
-0.565438 0.586717 -0.059767
-0.606092 0.583666 -0.044215
-0.635605 0.616719 -0.021086
-0.631943 0.670618 -0.012399
-0.607825 0.710170 -0.004986
-0.585467 0.756631 -0.019965
-0.549381 0.779180 -0.032791
-0.518742 0.801787 -0.066364
-0.478903 0.811587 -0.081254
-0.437564 0.816076 -0.105479
-0.412721 0.814359 -0.144491
-0.373620 0.821797 -0.166016
-0.338453 0.817866 -0.201220
-0.296673 0.819744 -0.212989
-0.255670 0.816956 -0.240831
-0.212727 0.819230 -0.244372
-0.164245 0.816868 -0.255236
-0.122582 0.824438 -0.244894
-0.074023 0.816149 -0.235787
-0.028465 0.813626 -0.231266
0.010558 0.802051 -0.202035
0.053683 0.823807 -0.187936
0.088682 0.815386 -0.154438
0.126088 0.810780 -0.126036
0.156042 0.816355 -0.092131
0.170171 0.831729 -0.046928
0.180211 0.838331 -0.005967
0.183459 0.852679 0.033198
0.173367 0.857770 0.078961
0.165836 0.871736 0.118101
0.162783 0.861144 0.163176
0.176550 0.869858 0.204048
0.156728 0.883135 0.246512
0.151345 0.880890 0.287180
0.152846 0.896177 0.323237
0.134188 0.940320 0.346011
0.101841 0.965744 0.365994
0.061705 0.989701 0.376591
0.018308 1.000000 0.382399
-0.026369 0.986268 0.398180
-0.067929 0.994293 0.414559
-0.100198 0.965128 0.441064
-0.112503 0.952834 0.484853
-0.127900 0.946805 0.525801
-0.129556 0.905258 0.556624
-0.106913 0.892715 0.598069
-0.086470 0.879291 0.637629
-0.078073 0.855921 0.673699
-0.046735 0.832698 0.702344
-0.025282 0.819846 0.737905
-0.013793 0.796344 0.778127
-0.002627 0.763776 0.810644
0.016018 0.721040 0.832309
0.041779 0.712884 0.865437
0.069895 0.667977 0.872073
0.117601 0.665190 0.882020
0.161722 0.669796 0.869640
0.195285 0.705695 0.871181
0.232769 0.691083 0.850612
0.267911 0.697817 0.817178
0.308668 0.719441 0.804951
0.343201 0.708174 0.773784
0.374837 0.694546 0.752718
0.388086 0.659820 0.717717
0.418246 0.635996 0.688741
0.417431 0.584429 0.672719
0.407818 0.532099 0.665905
0.376726 0.502479 0.641297
0.349800 0.475104 0.622460
0.315137 0.461974 0.608602
0.289363 0.438134 0.588771
0.260238 0.434100 0.563731
0.221577 0.423860 0.559146
0.227930 0.379746 0.548001
0.234593 0.357799 0.582021
0.198080 0.362185 0.598286
0.179991 0.339607 0.568469
0.199089 0.299997 0.573093
0.187845 0.294276 0.610513
0.148550 0.294408 0.604145
0.147955 0.258729 0.580862
0.164219 0.228757 0.605240
0.136168 0.232733 0.633579
0.104015 0.220395 0.613149
0.117950 0.179816 0.601470
0.125843 0.162461 0.637247
0.086056 0.164647 0.647908
0.068757 0.141013 0.618066
0.089381 0.101828 0.628013
0.064862 0.099099 0.662529
0.029216 0.131066 0.649907
-0.002381 0.146294 0.628752
-0.024623 0.168667 0.659969
-0.012822 0.216390 0.652926
-0.021841 0.259140 0.643208
0.012887 0.280368 0.650977
0.032425 0.262382 0.619543
0.008307 0.281468 0.592656
0.016652 0.324453 0.604221
0.056012 0.322692 0.596859
0.051496 0.313391 0.558636
0.031364 0.350845 0.549670
0.059700 0.379849 0.561209
0.088165 0.366719 0.536067
0.068576 0.375389 0.501946
0.060114 0.418447 0.509995
0.100496 0.431239 0.512135
0.101401 0.418007 0.468117
0.068097 0.406681 0.445216
0.047485 0.366777 0.449585
0.009394 0.354454 0.441472
0.015294 0.308843 0.444414
0.029552 0.303987 0.480968
-0.001462 0.324145 0.497093
-0.028737 0.293630 0.484229
-0.012395 0.257687 0.502480
-0.016536 0.275043 0.539137
-0.056478 0.282627 0.540283
-0.065638 0.239188 0.533800
-0.048068 0.224811 0.567998
-0.071150 0.246684 0.592783
-0.105451 0.226645 0.581894
-0.095165 0.184217 0.594516
-0.086703 0.201734 0.635388
-0.106085 0.245232 0.645832
-0.108336 0.287116 0.630573
-0.129155 0.324820 0.619505
-0.156042 0.345681 0.596745
-0.147230 0.388328 0.608692
-0.106577 0.385849 0.593229
-0.108518 0.360909 0.557809
-0.134550 0.381169 0.534297
-0.112619 0.418755 0.528081
-0.078758 0.397218 0.514466
-0.095786 0.378822 0.483388
-0.109177 0.416862 0.467378
-0.072884 0.435010 0.461137
-0.057616 0.402118 0.438084
-0.085926 0.403585 0.410331
-0.080298 0.447802 0.402256
-0.041896 0.444457 0.391315
-0.049685 0.418197 0.360798
-0.073376 0.446585 0.341132
-0.045583 0.478963 0.336394
-0.016717 0.454067 0.317914
-0.037833 0.450458 0.282735
-0.035439 0.498372 0.271425
0.007401 0.498606 0.270062
0.040395 0.491829 0.249454
0.075692 0.485271 0.271043
0.081799 0.464101 0.315302
0.109281 0.421234 0.323008
0.150944 0.428481 0.327772
0.159160 0.410378 0.366135
0.174117 0.383502 0.392270
0.171141 0.358840 0.424596
0.180108 0.355334 0.465251
0.161308 0.308873 0.464270
0.145018 0.267766 0.460233
0.118209 0.235564 0.463595
0.102708 0.202776 0.485261
0.120072 0.168417 0.466780
0.157827 0.174960 0.477988
0.149546 0.170295 0.517331
0.131937 0.130509 0.516045
0.163495 0.107990 0.501054
0.190071 0.117569 0.528807
0.169330 0.102796 0.560178
0.162214 0.060560 0.547517
0.201871 0.049909 0.547008
0.207758 0.056878 0.585434
0.181040 0.028094 0.599165
0.197718 -0.008626 0.581473
0.233364 -0.003785 0.601852
0.222237 -0.001790 0.640915
0.204989 -0.044554 0.641145
0.239303 -0.071475 0.634369
0.265025 -0.062643 0.670630
0.234994 -0.070448 0.707553
0.227645 -0.124259 0.716889
0.247066 -0.169459 0.737918
0.253419 -0.184217 0.775453
0.245281 -0.207793 0.810147
0.234917 -0.216434 0.849555
0.236159 -0.198932 0.891993
0.225898 -0.185347 0.931069
0.222418 -0.153497 0.960440
0.221176 -0.100097 0.973406
0.234503 -0.056129 0.986894
0.238138 -0.002377 0.974030
0.245190 0.049190 0.972489
0.268519 0.093554 0.952199
0.300930 0.123130 0.938189
0.324505 0.162872 0.911786
0.351392 0.196101 0.888249
0.383130 0.225089 0.863820
0.425764 0.239496 0.842511
0.453789 0.274382 0.820146
0.493925 0.280617 0.791641
0.532690 0.280705 0.768842
0.569747 0.299982 0.748718
0.602650 0.302711 0.711846
0.632733 0.288789 0.683290
0.660603 0.285591 0.642864
0.687088 0.282686 0.604145
0.716589 0.246905 0.583167
0.734742 0.228434 0.541633
0.764915 0.215524 0.518376
0.777518 0.176119 0.486827
0.786303 0.136113 0.454349
0.792837 0.109149 0.421042
0.789952 0.069597 0.393353
0.794131 0.022945 0.370682
0.808558 -0.023810 0.371777
0.819918 -0.076521 0.378591
0.836467 -0.119022 0.377547
0.842457 -0.157356 0.411706
0.861943 -0.207896 0.416712
0.846080 -0.256352 0.434034
0.864104 -0.307127 0.432493
0.859459 -0.356302 0.441192
0.854245 -0.404935 0.450311
0.845356 -0.449974 0.470461
0.829376 -0.485960 0.494928
0.810266 -0.535165 0.506671
0.777802 -0.564242 0.518121
0.738455 -0.593422 0.534908
0.699367 -0.613374 0.531151
0.659348 -0.635731 0.545021
0.613027 -0.621780 0.553389
0.570342 -0.597970 0.546065
0.529378 -0.585617 0.540283
0.495439 -0.567352 0.515192
0.461294 -0.558653 0.491642
0.434666 -0.544540 0.463519
0.405062 -0.520627 0.444605
0.370140 -0.509477 0.426557
0.344185 -0.502597 0.396040
0.320934 -0.485535 0.367077
0.290851 -0.478610 0.342750
0.269890 -0.483950 0.309596
0.251556 -0.475764 0.275730
0.222495 -0.476850 0.250422
0.201509 -0.496244 0.222592
0.188518 -0.507233 0.187261
0.162382 -0.518998 0.161176
0.141693 -0.549850 0.142886
0.135469 -0.580541 0.115286
0.117665 -0.602650 0.086934
0.098969 -0.637301 0.070402
0.096407 -0.674594 0.047692
0.089666 -0.702086 0.016997
0.065690 -0.727877 -0.010208
0.058509 -0.755736 -0.044661
0.042284 -0.767047 -0.081890
0.015281 -0.759228 -0.121068
0.013120 -0.762837 -0.164653
0.011244 -0.736312 -0.205640
0.022591 -0.722977 -0.248384
0.032942 -0.711490 -0.288517
0.041766 -0.682765 -0.327924
0.063258 -0.641820 -0.342266
0.103640 -0.636201 -0.364109
0.133114 -0.606302 -0.384577
0.178245 -0.582888 -0.385723
0.215832 -0.569406 -0.399938
0.253510 -0.544862 -0.393875
0.300749 -0.544276 -0.402549
0.336201 -0.528872 -0.416750
0.381435 -0.512734 -0.409350
0.423098 -0.508230 -0.409401
0.469290 -0.513952 -0.391824
0.507252 -0.515037 -0.371000
0.543326 -0.524837 -0.339973
0.561013 -0.546696 -0.299968
0.578700 -0.584194 -0.269820
0.574262 -0.632108 -0.245658
0.580434 -0.670031 -0.221459
0.574987 -0.708101 -0.185643
0.575983 -0.749824 -0.155203
0.587188 -0.778211 -0.116343
0.600774 -0.795024 -0.075280
0.621463 -0.803386 -0.035644
0.637753 -0.792486 0.008272
0.643860 -0.767869 0.043196
0.649605 -0.748460 0.082948
0.667538 -0.722889 0.118712
0.675974 -0.676662 0.137664
0.687813 -0.657869 0.175963
0.706885 -0.616660 0.192330
0.716007 -0.576756 0.225152
0.721894 -0.530104 0.232667
0.714532 -0.480826 0.252651
0.710960 -0.436213 0.267081
0.705125 -0.381272 0.262675
0.690103 -0.336028 0.276583
0.677708 -0.283507 0.272902
0.641622 -0.246993 0.279793
0.617711 -0.211123 0.293892
0.576785 -0.179288 0.286021
0.527734 -0.178349 0.290784
0.495504 -0.180374 0.321900
0.450826 -0.177176 0.334700
0.422555 -0.203201 0.362976
0.407753 -0.236136 0.388869
0.392537 -0.252641 0.424876
0.411001 -0.292222 0.445993
0.409383 -0.317968 0.484636
0.422348 -0.345622 0.516656
0.407481 -0.385746 0.546409
0.401025 -0.436594 0.565247
0.402293 -0.480987 0.588160
0.379055 -0.524925 0.606717
0.354911 -0.571093 0.610487
0.334545 -0.613564 0.624116
0.293167 -0.645047 0.624065
0.256925 -0.672349 0.616002
0.225303 -0.707015 0.621530
0.177792 -0.715964 0.621848
0.137371 -0.729168 0.605737
0.097300 -0.752773 0.599916
0.051962 -0.753594 0.586899
0.011684 -0.755443 0.561222
-0.031157 -0.752963 0.559757
-0.072380 -0.737002 0.539162
-0.108958 -0.745349 0.515472
-0.156559 -0.732542 0.508721
-0.196812 -0.737897 0.495730
-0.243430 -0.733540 0.507932
-0.291032 -0.717314 0.506556
-0.325682 -0.698433 0.526515
-0.363826 -0.665557 0.536615
-0.382095 -0.634543 0.563566
-0.397428 -0.586409 0.583957
-0.394814 -0.539684 0.603189
-0.378317 -0.502318 0.624867
-0.379301 -0.453817 0.635413
-0.358909 -0.429963 0.664822
-0.324350 -0.390529 0.679558
-0.291317 -0.353838 0.691684
-0.262399 -0.316164 0.710215
-0.221383 -0.297943 0.723716
-0.180470 -0.291576 0.745929
-0.134628 -0.291048 0.737077
-0.094802 -0.282627 0.757035
-0.060929 -0.306393 0.767823
-0.018153 -0.329411 0.754514
0.012719 -0.358635 0.748311
0.046929 -0.375535 0.717654
0.076727 -0.398201 0.697976
0.099473 -0.411155 0.659676
0.137436 -0.411904 0.647322
0.154877 -0.411654 0.607290
0.189489 -0.406109 0.580123
0.192050 -0.403585 0.537392
0.203217 -0.364269 0.511307
0.213606 -0.336835 0.480828
0.211303 -0.296461 0.458717
0.226429 -0.256690 0.442020
0.237453 -0.221774 0.421998
0.230026 -0.192154 0.382399
0.210216 -0.144064 0.382157
0.200603 -0.101447 0.398842
0.198080 -0.056657 0.410051
0.229249 -0.017663 0.423704
0.252552 0.017546 0.446184
0.292934 0.021360 0.460679
0.336305 0.043014 0.474065
0.358223 0.090326 0.485987
0.376920 0.125242 0.505359
0.392692 0.156211 0.532985
0.398476 0.211857 0.538844
0.406588 0.259683 0.534093
0.407779 0.315372 0.534067
0.415633 0.363916 0.536220
0.457632 0.388695 0.526999
0.483083 0.429376 0.521878
0.516413 0.462018 0.515026
0.560612 0.483437 0.508492
0.585183 0.502142 0.476077
0.619845 0.529561 0.457418
0.633690 0.557743 0.417183
0.640690 0.565812 0.373878
0.645270 0.596561 0.332879
0.640069 0.617100 0.292784
0.645982 0.624494 0.250091
0.633315 0.639062 0.204430
0.639629 0.650989 0.165239
0.629265 0.654275 0.117400
0.630520 0.666510 0.076235
0.644352 0.651473 0.034395
0.647767 0.652148 -0.013635
0.653435 0.633370 -0.051921
0.660874 0.628528 -0.097060
0.675224 0.606831 -0.135282
0.686778 0.588771 -0.171506
0.710326 0.550775 -0.194291
0.717883 0.527316 -0.237290
0.733086 0.500543 -0.267998
0.737239 0.448624 -0.284683
0.743359 0.420383 -0.320244
0.758316 0.391893 -0.347730
0.766183 0.338082 -0.360174
0.776146 0.305205 -0.387698
0.801959 0.257379 -0.395951
0.814108 0.207881 -0.397212
0.839003 0.174784 -0.417934
0.849341 0.119345 -0.416533
0.840219 0.065973 -0.413502
0.851269 0.020671 -0.421131
0.835613 -0.032348 -0.422481
0.819646 -0.075084 -0.450184
0.788813 -0.108518 -0.456985
0.754163 -0.132416 -0.483808
0.730886 -0.138504 -0.524757
0.691759 -0.161904 -0.541085
0.675663 -0.146338 -0.578009
0.665688 -0.172378 -0.611812
0.638154 -0.191406 -0.649118
0.622770 -0.214483 -0.681609
0.600140 -0.253565 -0.705656
0.584290 -0.290447 -0.732466
0.571791 -0.337275 -0.745114
0.547867 -0.383340 -0.738669
0.528498 -0.420515 -0.762538
0.518587 -0.463881 -0.746528
0.500847 -0.514465 -0.738746
0.460685 -0.545904 -0.738733
0.426048 -0.572164 -0.725461
0.379986 -0.591705 -0.730594
0.340031 -0.607417 -0.727754
0.290929 -0.600625 -0.735307
0.247558 -0.587275 -0.740312
0.210462 -0.563274 -0.731830
0.173160 -0.546080 -0.746184
0.140127 -0.502802 -0.748222
0.116760 -0.461461 -0.740822
0.090804 -0.423303 -0.752883
0.069805 -0.373936 -0.745216
0.077594 -0.331744 -0.765187
0.074217 -0.275409 -0.768639
0.067010 -0.226733 -0.777694
0.077452 -0.173083 -0.774739
0.099706 -0.138269 -0.793551
0.117691 -0.089431 -0.784266
0.146829 -0.050496 -0.787030
0.161373 0.000704 -0.777822
0.198481 0.037028 -0.768664
0.210475 0.078649 -0.750374
0.237271 0.105730 -0.719016
0.255256 0.136846 -0.687366
0.239691 0.173303 -0.660351
0.246510 0.189015 -0.616474
0.245177 0.211857 -0.580009
0.209181 0.218634 -0.547568
0.221641 0.232014 -0.505512
0.217837 0.241271 -0.467862
0.203152 0.263805 -0.439370
0.199827 0.303459 -0.423157
0.211420 0.332654 -0.397339
0.198429 0.352576 -0.366313
0.181350 0.387683 -0.350405
0.185245 0.416437 -0.322269
0.152302 0.420442 -0.300630
0.116307 0.404920 -0.292529
0.091270 0.412505 -0.264305
0.056038 0.409219 -0.249887
0.023109 0.428687 -0.242092
0.001747 0.454008 -0.219485
-0.027922 0.471598 -0.202787
-0.051665 0.506763 -0.207805
-0.047240 0.553327 -0.208875
-0.062029 0.589651 -0.191298
-0.056814 0.635262 -0.181759
-0.057513 0.677924 -0.166271
-0.072729 0.710360 -0.132824
-0.075472 0.743208 -0.101085
-0.087531 0.774016 -0.071841
-0.110730 0.794613 -0.035083
-0.129957 0.822370 -0.003522
-0.164012 0.814712 0.028180
-0.175075 0.833593 0.069447
-0.203786 0.830057 0.100893
-0.215392 0.819362 0.146554
-0.228473 0.800584 0.183185
-0.236508 0.762103 0.217256
-0.240105 0.755193 0.255873
-0.248192 0.717094 0.288938
-0.253070 0.689543 0.326816
-0.270602 0.654979 0.353525
-0.300413 0.625829 0.371917
-0.309755 0.581260 0.400396
-0.330728 0.548647 0.429410
-0.364926 0.519116 0.438479
-0.398799 0.481251 0.427907
-0.432000 0.448565 0.434492
-0.465227 0.419987 0.420788
-0.491234 0.406857 0.387112
-0.510228 0.371501 0.359142
-0.521834 0.354219 0.323492
-0.526958 0.350185 0.281003
-0.542213 0.324717 0.247467
-0.548009 0.307274 0.210798
-0.558800 0.301127 0.173008
-0.587460 0.288950 0.144517
-0.616326 0.266226 0.119604
-0.605859 0.263277 0.073535
-0.632111 0.226938 0.051577
-0.650381 0.201074 0.025569
-0.652322 0.161962 -0.003980
-0.671627 0.133017 -0.029224
-0.671251 0.084399 -0.048915
-0.703534 0.050408 -0.045922
-0.694386 0.000029 -0.060391
-0.712850 -0.043703 -0.037236
-0.733707 -0.080350 -0.018054
-0.740306 -0.115706 0.018398
-0.746128 -0.145913 0.051004
-0.760374 -0.176501 0.077343
-0.791129 -0.205842 0.087762
-0.817369 -0.251907 0.079649
-0.850065 -0.284197 0.070364
-0.883124 -0.295259 0.044699
-0.916622 -0.288290 0.010310
-0.943470 -0.280793 -0.021837
-0.970952 -0.250323 -0.043311
-0.987385 -0.222067 -0.082667
-0.996274 -0.190658 -0.117120
-1.000000 -0.146544 -0.141014
-0.997102 -0.108591 -0.176498
-0.987863 -0.071035 -0.208786
-0.982778 -0.025468 -0.233176
-0.990205 0.017179 -0.263362
-0.967446 0.060046 -0.282990
-0.944609 0.088669 -0.318881
-0.942332 0.132049 -0.349437
-0.911486 0.159219 -0.380756
-0.893540 0.193034 -0.410305
-0.866666 0.214629 -0.448579
-0.835768 0.235872 -0.473963
-0.808221 0.246714 -0.514300
-0.784181 0.264568 -0.545569
-0.746633 0.265463 -0.576608
-0.725465 0.255927 -0.616410
-0.687153 0.255560 -0.643921
-0.663178 0.235447 -0.682526
-0.622149 0.225882 -0.700230
-0.597539 0.207632 -0.736746
-0.562773 0.217343 -0.759481
-0.519945 0.211255 -0.783196
-0.478722 0.213250 -0.800009
-0.444616 0.226865 -0.824540
-0.397687 0.244733 -0.826743
-0.353074 0.260959 -0.820897
-0.312743 0.285664 -0.829889
-0.276657 0.291239 -0.804492
-0.231954 0.298955 -0.785553
-0.182954 0.296784 -0.783018
-0.146648 0.296755 -0.757545
-0.110122 0.269321 -0.736542
-0.076339 0.236826 -0.728098
-0.044885 0.207426 -0.715195
-0.029526 0.155566 -0.722799
-0.016704 0.108444 -0.716979
-0.016652 0.053533 -0.710470
-0.045648 0.012543 -0.719628
-0.039114 -0.040667 -0.708496
-0.061925 -0.085837 -0.718048
-0.072897 -0.135453 -0.702421
-0.104908 -0.174447 -0.691021
-0.129905 -0.215715 -0.685162
-0.136064 -0.270025 -0.675037
-0.168515 -0.301904 -0.653588
-0.199956 -0.336057 -0.641144
-0.226675 -0.368464 -0.622855
-0.265336 -0.382988 -0.606017
-0.305110 -0.395634 -0.589561
-0.333653 -0.400798 -0.553478
-0.374837 -0.387257 -0.539455
-0.399834 -0.356288 -0.509154
-0.436451 -0.330981 -0.492189
-0.453724 -0.281263 -0.474587
-0.455782 -0.237427 -0.453572
-0.470804 -0.190144 -0.441523
-0.456312 -0.141189 -0.424952
-0.449442 -0.094082 -0.402294
-0.438146 -0.074981 -0.365141
-0.416305 -0.041239 -0.334153
-0.399834 -0.022402 -0.301611
-0.379766 -0.026554 -0.260891
-0.380245 -0.024955 -0.216555
-0.361691 -0.054648 -0.188789
-0.338013 -0.062159 -0.147981
-0.322072 -0.083138 -0.117629
-0.313313 -0.112537 -0.090246
-0.316211 -0.138299 -0.058328
-0.304333 -0.163855 -0.029721
-0.303208 -0.204492 -0.013724
-0.316276 -0.237559 0.008680
-0.317130 -0.265859 0.040878
-0.333523 -0.307655 0.031581
-0.343188 -0.351989 0.032485
-0.336784 -0.390558 0.010400
-0.362027 -0.425694 0.004286
-0.352763 -0.465964 -0.026015
-0.354458 -0.505824 -0.047756
-0.345983 -0.561161 -0.046266
-0.334403 -0.607696 -0.028613
-0.350771 -0.656505 -0.012590
-0.358159 -0.694824 0.009826
-0.371473 -0.717094 0.052023
-0.390493 -0.753066 0.079241
-0.412941 -0.751599 0.118432
-0.433087 -0.767414 0.151624
-0.460271 -0.761282 0.191591
-0.490082 -0.729916 0.216058
-0.522313 -0.717153 0.243506
-0.547298 -0.693519 0.272966
-0.582336 -0.680785 0.299713
-0.592247 -0.644974 0.333248
-0.627479 -0.629350 0.358836
-0.654276 -0.620445 0.390805
-0.669802 -0.596371 0.429652
-0.686791 -0.574922 0.469416
-0.696883 -0.556863 0.507511
-0.692367 -0.520128 0.546142
-0.695175 -0.485344 0.576837
-0.674150 -0.444766 0.602743
-0.681033 -0.405273 0.635579
-0.676595 -0.364034 0.661472
-0.657200 -0.322604 0.684436
-0.646279 -0.276099 0.699033
-0.635812 -0.229931 0.711349
-0.620583 -0.187357 0.725869
-0.618008 -0.138284 0.731575
-0.610103 -0.094625 0.750387
-0.586360 -0.055322 0.770689
-0.578325 -0.009418 0.783540
-0.538564 0.020612 0.793450
-0.514226 0.054413 0.810109
-0.469846 0.074335 0.805256
-0.435843 0.097970 0.813013
-0.389665 0.109031 0.806021
-0.348700 0.120929 0.802378
-0.304747 0.117643 0.804429
-0.261545 0.101080 0.812032
-0.221926 0.083431 0.797322
-0.188065 0.063919 0.785935
-0.164931 0.025409 0.761379
-0.139415 -0.005487 0.742860
-0.123371 -0.024353 0.701058
-0.085616 -0.034446 0.677368
-0.055533 -0.039552 0.650481
-0.060411 -0.035825 0.602820
-0.044225 -0.014700 0.569628
-0.030083 0.005296 0.537659
-0.015009 0.041429 0.519497
-0.000893 0.082448 0.510836
0.010222 0.085998 0.470804
0.002420 0.101769 0.434938
0.020236 0.116939 0.402612
0.028685 0.128646 0.367536
0.052907 0.140851 0.339884
0.076947 0.167919 0.324651
0.103471 0.184584 0.304591
0.134861 0.205944 0.298032
0.154916 0.241858 0.293625
0.188130 0.253110 0.275220
0.220399 0.275116 0.282123
0.248683 0.302784 0.266457
0.287267 0.294936 0.273348
0.320351 0.299997 0.250817
0.349710 0.284534 0.227585
0.383092 0.296843 0.208951
0.405877 0.291004 0.177135
0.413355 0.266196 0.142619
0.440876 0.263262 0.114280
0.434329 0.245746 0.074096
0.440540 0.247095 0.032714
0.432958 0.237031 -0.008005
0.456273 0.207676 -0.028294
0.424742 0.181151 -0.039630
0.407429 0.213118 -0.062645
0.437745 0.221495 -0.086667
0.439324 0.178496 -0.101046
0.401723 0.177132 -0.115299
0.405424 0.212399 -0.138785
0.436348 0.196893 -0.159380
0.417768 0.159395 -0.173034
0.389030 0.183367 -0.191846
0.413381 0.208747 -0.213995
0.430758 0.170662 -0.230909
0.396315 0.153409 -0.246486
0.385058 0.189308 -0.267005
0.418544 0.190159 -0.288619
0.412941 0.150651 -0.305954
0.377437 0.161376 -0.321709
0.392602 0.197626 -0.341578
0.422645 0.172848 -0.361142
0.397467 0.145531 -0.380259
0.374047 0.176736 -0.396817
0.407313 0.195748 -0.416712
0.414675 0.157899 -0.439319
0.377618 0.151385 -0.454909
0.376674 0.196174 -0.468308
0.410444 0.200634 -0.495756
0.395383 0.202673 -0.534144
0.392149 0.232630 -0.566635
0.378188 0.260930 -0.596668
0.376881 0.286471 -0.630497
0.367927 0.319876 -0.658785
0.355959 0.341881 -0.693174
0.356865 0.360968 -0.730734
0.358159 0.391380 -0.765989
0.352841 0.414163 -0.800455
0.381940 0.424447 -0.837990
0.405191 0.408221 -0.878772
0.423771 0.383428 -0.911951
0.437499 0.346737 -0.940966
0.450127 0.300628 -0.960669
0.461953 0.251379 -0.969941
0.465486 0.208820 -0.986652
0.480016 0.154554 -0.982755
0.492023 0.112171 -0.998510
0.517448 0.067631 -0.987836
0.526686 0.019057 -0.999452
0.557584 -0.019365 -1.000000
0.570743 -0.073822 -0.998535
0.590125 -0.115119 -0.986626
0.616456 -0.159498 -0.979494
0.641414 -0.202556 -0.962312
0.666373 -0.237105 -0.949206
0.692406 -0.268896 -0.918791
0.714415 -0.312130 -0.903622
0.744278 -0.323191 -0.871016
0.772264 -0.357623 -0.856713
0.806009 -0.369873 -0.829392
0.836480 -0.375418 -0.801932
0.857622 -0.380289 -0.759239
0.882063 -0.390001 -0.728149
0.902403 -0.402089 -0.685519
0.905754 -0.438501 -0.648201
0.903257 -0.456194 -0.608322
0.895882 -0.490758 -0.571781
0.895131 -0.524646 -0.543174
0.884017 -0.561117 -0.508594
0.847025 -0.592806 -0.496048
0.842186 -0.636304 -0.472868
0.815493 -0.675650 -0.449840
0.797379 -0.703495 -0.420253
0.783676 -0.725280 -0.381597
0.779627 -0.743252 -0.340075
0.779213 -0.736459 -0.297688
0.783715 -0.752083 -0.256166
0.803123 -0.738102 -0.221548
0.821380 -0.730063 -0.177848
0.846184 -0.705108 -0.152515
0.862267 -0.676677 -0.114369
0.877677 -0.658324 -0.077904
0.903490 -0.614606 -0.067842
0.901122 -0.574702 -0.036408
0.907035 -0.541606 -0.001114
0.914992 -0.493648 0.009317
0.899026 -0.452585 0.036637
0.895118 -0.425870 0.072631
0.894510 -0.372660 0.076286
0.875374 -0.332008 0.103619
0.873989 -0.306261 0.139995
0.899880 -0.272358 0.156209
0.917774 -0.224136 0.166436
0.943496 -0.190628 0.191859
0.965673 -0.144915 0.179415
0.977124 -0.099847 0.200099
0.989972 -0.056379 0.214645
0.997865 -0.005883 0.213473
0.997335 0.037879 0.229037
1.000000 0.083196 0.234450
0.986608 0.131741 0.235928
0.975158 0.179684 0.239035
0.958234 0.225222 0.226426
0.933197 0.260343 0.208607
0.900436 0.287865 0.193757
0.866226 0.306261 0.168805
0.836001 0.312555 0.138136
0.797987 0.304134 0.118585
0.764928 0.278050 0.097633
0.743799 0.235726 0.078757
0.707519 0.204786 0.067332
0.691539 0.155683 0.059155
0.665403 0.123467 0.080579
0.647172 0.099451 0.113821
0.615446 0.099627 0.151878
0.591070 0.103442 0.187057
0.569889 0.121340 0.222809
0.564480 0.157899 0.254141
0.570989 0.203788 0.269820
0.558464 0.252597 0.291154
0.552033 0.296770 0.307418
0.567573 0.344023 0.302324
0.561517 0.398421 0.297267
0.552564 0.448272 0.297000
0.530943 0.497506 0.307113
0.512751 0.539552 0.292848
0.475604 0.572032 0.286823
0.443166 0.605085 0.300604
0.409564 0.641174 0.296096
0.381953 0.667273 0.272647
0.346371 0.701939 0.270813
0.331168 0.738484 0.247238
0.317091 0.768910 0.212314
0.302185 0.804838 0.180867
0.302328 0.828957 0.142097
0.314076 0.844155 0.103186
0.319627 0.869154 0.067090
0.324608 0.872557 0.018296
0.336810 0.889781 -0.018538
0.360164 0.883443 -0.061359
0.380840 0.864811 -0.103033
0.405036 0.857227 -0.144822
0.436451 0.840722 -0.170983
0.450878 0.813655 -0.211944
0.465965 0.796755 -0.249135
0.474491 0.754929 -0.280913
0.483290 0.732205 -0.318283
0.459637 0.706619 -0.352443
0.445444 0.707500 -0.395926
0.403587 0.713030 -0.415616
0.366206 0.735491 -0.443013
0.342399 0.759961 -0.476854
0.297786 0.774661 -0.496418
0.258556 0.777038 -0.517497
0.217359 0.799396 -0.536959
0.176291 0.831920 -0.533431
0.135301 0.852312 -0.538360
0.087777 0.865677 -0.530527
0.041999 0.881888 -0.534360
-0.000647 0.893698 -0.540703
-0.047938 0.889018 -0.539786
-0.092150 0.893301 -0.543594
-0.128301 0.885482 -0.566049
-0.166419 0.854483 -0.579295
-0.204368 0.848732 -0.601686
-0.237737 0.810765 -0.611876
-0.268984 0.784520 -0.626421
-0.292261 0.737897 -0.636789
-0.316418 0.699504 -0.634560
-0.347329 0.680770 -0.599992
-0.386520 0.674066 -0.580136
-0.400235 0.645399 -0.542868
-0.432699 0.647336 -0.515879
-0.453401 0.622851 -0.481070
-0.469122 0.583622 -0.463213
-0.485153 0.549234 -0.429729
-0.496539 0.508568 -0.413922
-0.486667 0.477143 -0.376375
-0.499217 0.446218 -0.350710
-0.496642 0.414911 -0.311074
-0.492916 0.412681 -0.263604
-0.483445 0.392715 -0.226923
-0.489681 0.387345 -0.184701
-0.513282 0.369609 -0.152986
-0.522559 0.320037 -0.135193
-0.553263 0.294481 -0.113834
-0.577859 0.260196 -0.097569
-0.601253 0.223241 -0.115311
-0.620881 0.194413 -0.141842
-0.652762 0.161948 -0.152885
-0.672882 0.145634 -0.189541
-0.694282 0.113975 -0.223840
-0.701295 0.108136 -0.265145
-0.710055 0.091735 -0.310080
-0.707558 0.051009 -0.341744
-0.714118 -0.000924 -0.356213
-0.740021 -0.045185 -0.348023
-0.770725 -0.084209 -0.341438
-0.775965 -0.131609 -0.316614
-0.798491 -0.153938 -0.287269
-0.799501 -0.206531 -0.270049
-0.785682 -0.250000 -0.242538
-0.783198 -0.286031 -0.210798
-0.748910 -0.322663 -0.196584
-0.713302 -0.336204 -0.174804
-0.671846 -0.350200 -0.166054
-0.628825 -0.347031 -0.186853
-0.586761 -0.333783 -0.184841
-0.549510 -0.317719 -0.197896
-0.514705 -0.316413 -0.217892
-0.475863 -0.326991 -0.225076
-0.436115 -0.325480 -0.228515
-0.398864 -0.320389 -0.239914
-0.363386 -0.339138 -0.242945
-0.330573 -0.359178 -0.232833
-0.297605 -0.380523 -0.232616
-0.280047 -0.418065 -0.224757
-0.266034 -0.448140 -0.200571
-0.238358 -0.471935 -0.185796
-0.225562 -0.510504 -0.170958
-0.203527 -0.535547 -0.148592
-0.171413 -0.531028 -0.172333
-0.166380 -0.485241 -0.168984
-0.162679 -0.487486 -0.129500
-0.131626 -0.517076 -0.129182
-0.107884 -0.488806 -0.150184
-0.109139 -0.453700 -0.125692
-0.093509 -0.479799 -0.097009
-0.059674 -0.491682 -0.114878
-0.046929 -0.449181 -0.121514
-0.047252 -0.438560 -0.082846
-0.021569 -0.471598 -0.071446
0.008320 -0.460756 -0.095226
0.010662 -0.416041 -0.082591
0.020987 -0.432692 -0.044712
0.052544 -0.459906 -0.053080
0.075459 -0.428496 -0.070618
0.076184 -0.399962 -0.038216
0.096278 -0.438311 -0.016857
0.127525 -0.459715 -0.043247
0.160739 -0.425855 -0.049081
0.198546 -0.446511 -0.025671
0.226739 -0.482205 -0.031619
0.264715 -0.507951 -0.041579
0.302871 -0.530339 -0.035682
0.338000 -0.560061 -0.037261
0.355739 -0.607681 -0.043464
0.379495 -0.644768 -0.044699
0.386068 -0.696218 -0.062798
0.379598 -0.743516 -0.075293
0.373840 -0.779664 -0.113388
0.362648 -0.807993 -0.149382
0.339617 -0.825362 -0.186267
0.325630 -0.847295 -0.221484
0.297450 -0.851637 -0.261885
0.263097 -0.860601 -0.287320
0.232523 -0.853134 -0.324524
0.201599 -0.847882 -0.361855
0.157776 -0.838390 -0.375827
0.121223 -0.818174 -0.403886
0.082549 -0.809944 -0.422481
0.035892 -0.792530 -0.435880
-0.005913 -0.776202 -0.443713
-0.042853 -0.761736 -0.460793
-0.092499 -0.752567 -0.459813
-0.140101 -0.737075 -0.460933
-0.186875 -0.720806 -0.454170
-0.231255 -0.708130 -0.444720
-0.274225 -0.693519 -0.428850
-0.316004 -0.682633 -0.409019
-0.350137 -0.682472 -0.381406
-0.383519 -0.660099 -0.351322
-0.414986 -0.654700 -0.319900
-0.433372 -0.666143 -0.280213
-0.449752 -0.677806 -0.237087
-0.469704 -0.692961 -0.200685
-0.460504 -0.723784 -0.159992
-0.451615 -0.748841 -0.122533
-0.434433 -0.781366 -0.089762
-0.407455 -0.803885 -0.060200
-0.371822 -0.826932 -0.044470
-0.337948 -0.850904 -0.016118
-0.302522 -0.870034 0.001191
-0.261972 -0.891350 0.005165
-0.221641 -0.910173 -0.004388
-0.175786 -0.928848 0.005789
-0.133645 -0.933631 0.006782
-0.087880 -0.947700 0.019888
-0.049232 -0.933469 0.032116
-0.019486 -0.940452 0.066543
0.005551 -0.967050 0.099824
0.043940 -0.944017 0.119374
0.051380 -0.958644 0.163316
0.061705 -0.989980 0.201093
0.081113 -1.000000 0.239901
0.102022 -0.984039 0.274978
0.092939 -0.980298 0.319735
0.093703 -0.996993 0.364351
0.087000 -0.984948 0.407860
0.077788 -0.957822 0.443204
0.042620 -0.948917 0.474969
0.023238 -0.969852 0.508823
-0.017687 -0.963514 0.532947
-0.066091 -0.972669 0.537774
-0.104248 -0.987868 0.560955
-0.139131 -0.977011 0.594375
-0.176692 -0.980327 0.612423
-0.209725 -0.959421 0.638050
-0.237698 -0.940540 0.672133
-0.259487 -0.918197 0.708802
-0.265983 -0.893771 0.746209
-0.255813 -0.861085 0.778408
-0.273901 -0.843451 0.816248
-0.251634 -0.810575 0.846421
-0.246173 -0.787645 0.881358
-0.229314 -0.752274 0.910232
-0.233532 -0.711505 0.943564
-0.224126 -0.667963 0.961115
-0.225717 -0.615442 0.976437
-0.237737 -0.578032 1.000000
-0.245708 -0.525175 0.991607
-0.262450 -0.479520 0.997656
-0.288211 -0.434936 0.981328
-0.302172 -0.393844 0.969470
-0.312368 -0.365383 0.929312
-0.341791 -0.375271 0.894133
-0.357111 -0.355598 0.852344
-0.360306 -0.367525 0.807358
-0.368833 -0.345593 0.770600
-0.369286 -0.353002 0.725359
-0.360345 -0.337187 0.679431
-0.350072 -0.362934 0.636776
-0.370709 -0.397365 0.601228
-0.400973 -0.418461 0.573806
-0.439259 -0.441465 0.554701
