0.468629 0.216114 -0.361724
0.504685 0.230300 -0.380007
0.541806 0.290927 -0.400133
0.565165 0.325021 -0.430796
0.591133 0.395012 -0.459946
0.623769 0.472322 -0.471704
0.664138 0.464484 -0.490503
0.698411 0.492751 -0.509068
0.730714 0.547863 -0.536176
0.766105 0.588339 -0.549120
0.798049 0.601554 -0.582764
0.830991 0.632006 -0.604861
0.864678 0.675014 -0.624704
0.892802 0.642099 -0.652505
0.923495 0.663603 -0.686524
0.941117 0.689304 -0.721025
0.968096 0.740497 -0.753402
0.986144 0.764602 -0.786013
0.994184 0.767758 -0.824609
0.989751 0.810315 -0.865705
0.999734 0.838929 -0.899068
1.000000 0.791655 -0.937194
0.987356 0.723051 -0.968926
0.953655 0.663048 -0.986129
0.909000 0.643799 -0.990424
0.869470 0.641301 -1.000000
0.863440 0.532082 -0.991961
0.865557 0.523897 -0.955161
0.836328 0.597392 -0.947662
0.806341 0.545019 -0.965089
0.807871 0.455570 -0.944822
0.799579 0.503572 -0.913290
0.764654 0.549216 -0.923124
0.745741 0.458622 -0.931773
0.749215 0.415060 -0.898446
0.728278 0.492751 -0.881101
0.693712 0.483629 -0.900405
0.687217 0.383498 -0.890466
0.685181 0.403094 -0.854874
0.654182 0.470276 -0.856810
0.627309 0.403475 -0.871502
0.628720 0.332686 -0.844183
0.617859 0.400562 -0.817158
0.582082 0.429072 -0.831533
0.567042 0.330431 -0.830066
0.571195 0.314408 -0.794451
0.547623 0.396088 -0.784417
0.513376 0.359323 -0.799860
0.512006 0.266371 -0.782610
0.510502 0.307991 -0.748872
0.475736 0.362895 -0.753683
0.452630 0.276845 -0.761123
0.459112 0.225930 -0.730143
0.444830 0.303968 -0.708868
0.406871 0.303517 -0.722668
0.398885 0.202414 -0.714348
0.404435 0.211570 -0.678462
0.375925 0.284510 -0.672501
0.344806 0.225652 -0.685139
0.349385 0.144249 -0.662221
0.346657 0.199397 -0.631370
0.309242 0.238624 -0.636662
0.289224 0.147544 -0.641697
0.300551 0.104051 -0.609508
0.286349 0.177962 -0.587012
0.247192 0.171892 -0.596904
0.241575 0.070581 -0.587704
0.250905 0.082235 -0.551877
0.223620 0.157117 -0.543921
0.191902 0.096178 -0.552265
0.199715 0.015677 -0.529147
0.197439 0.073391 -0.498847
0.158574 0.104883 -0.503424
0.142190 0.006902 -0.503928
0.154967 -0.023169 -0.470601
0.137039 0.053517 -0.451614
0.098480 0.032984 -0.461917
0.099106 -0.069194 -0.449455
0.106306 -0.044915 -0.414907
0.074575 0.018174 -0.408547
0.047476 -0.058269 -0.416245
0.058444 -0.131208 -0.391531
0.053386 -0.068396 -0.362287
0.012764 -0.053101 -0.368554
0.002742 -0.157013 -0.366242
0.016943 -0.173418 -0.332797
-0.004552 -0.098536 -0.315571
-0.041341 -0.140330 -0.324935
-0.034233 -0.243965 -0.313505
-0.028643 -0.212923 -0.277573
-0.064966 -0.161106 -0.271494
-0.093875 -0.239248 -0.275707
-0.083493 -0.304280 -0.248048
-0.082947 -0.231652 -0.221597
-0.122438 -0.201512 -0.226279
-0.139940 -0.296476 -0.221620
-0.125140 -0.317182 -0.189279
-0.141152 -0.228947 -0.173179
-0.180602 -0.259954 -0.180278
-0.180549 -0.356271 -0.164694
-0.169515 -0.325160 -0.131496
-0.201619 -0.260093 -0.126779
-0.230235 -0.335010 -0.130898
-0.217857 -0.396608 -0.103309
-0.223500 -0.320928 -0.077985
-0.263616 -0.304176 -0.084157
-0.274890 -0.405452 -0.077726
-0.261340 -0.409372 -0.043871
-0.283994 -0.327657 -0.031280
-0.319944 -0.373405 -0.038497
-0.315791 -0.460981 -0.018042
-0.310147 -0.411487 0.013513
-0.346577 -0.360086 0.012656
-0.370295 -0.447073 0.011201
-0.357291 -0.494069 0.041642
-0.369270 -0.413395 0.062835
-0.408854 -0.414123 0.055313
-0.416374 -0.515538 0.064877
-0.406990 -0.501214 0.099964
-0.434169 -0.422655 0.106583
-0.467471 -0.481236 0.098310
-0.462479 -0.558477 0.122484
-0.463864 -0.489803 0.150941
-0.501664 -0.453385 0.145120
-0.519832 -0.547170 0.148582
-0.508851 -0.567911 0.182555
-0.524197 -0.478219 0.197458
-0.563515 -0.498751 0.187601
-0.567561 -0.588547 0.206072
-0.559309 -0.547621 0.238683
-0.589349 -0.475721 0.238495
-0.619736 -0.547829 0.236442
-0.611950 -0.601519 0.266741
-0.614758 -0.518903 0.289378
-0.654581 -0.497329 0.281703
-0.669795 -0.592085 0.293086
-0.655313 -0.584663 0.326414
-0.674346 -0.495665 0.336283
-0.712160 -0.538152 0.331518
-0.708367 -0.616329 0.355986
-0.699236 -0.554488 0.384455
-0.734481 -0.503226 0.384208
-0.757440 -0.588651 0.390569
-0.740404 -0.616641 0.421866
-0.748283 -0.525631 0.439527
-0.789238 -0.532256 0.438283
-0.791327 -0.624792 0.456836
-0.772108 -0.594027 0.486713
-0.799779 -0.517619 0.495033
-0.832242 -0.582408 0.499774
-0.815298 -0.638700 0.526154
-0.809988 -0.557297 0.548134
-0.849651 -0.531146 0.551032
-0.861657 -0.622988 0.565431
-0.838444 -0.616711 0.594874
-0.853724 -0.524036 0.607032
-0.891870 -0.561668 0.611667
-0.882420 -0.641475 0.634280
-0.866675 -0.578628 0.659182
-0.900708 -0.523203 0.665577
-0.924400 -0.606964 0.674754
-0.900642 -0.642689 0.701873
-0.900535 -0.553794 0.721307
-0.941330 -0.555494 0.726576
-0.943952 -0.650388 0.742981
-0.918810 -0.622399 0.769924
-0.941703 -0.542661 0.782645
-0.975856 -0.598987 0.788947
-0.957781 -0.667696 0.812053
-0.945682 -0.588547 0.834760
-0.982724 -0.550430 0.843385
-0.994090 -0.643140 0.858101
-0.961827 -0.654446 0.882334
-0.965314 -0.556118 0.899349
-1.000000 -0.590490 0.916740
-0.972715 -0.689789 0.928640
-0.931188 -0.642827 0.946723
-0.904954 -0.609600 0.977269
-0.878441 -0.715351 0.984592
-0.836767 -0.715663 0.964795
-0.802454 -0.649417 0.973690
-0.772028 -0.723953 0.990506
-0.752289 -0.780175 0.961099
-0.729463 -0.705813 0.939131
-0.690917 -0.681257 0.952250
-0.671578 -0.773273 0.939518
-0.682931 -0.763665 0.904653
-0.663406 -0.671407 0.897589
-0.624727 -0.706056 0.902612
-0.627363 -0.786453 0.877299
-0.635136 -0.720588 0.848877
-0.603391 -0.655418 0.850168
-0.575188 -0.732103 0.846061
-0.588804 -0.763249 0.813356
-0.583094 -0.668979 0.796809
-0.543044 -0.658921 0.803193
-0.531611 -0.747641 0.786001
-0.546119 -0.720241 0.753472
-0.523945 -0.633497 0.748895
-0.487515 -0.683165 0.750843
-0.493172 -0.745838 0.722069
-0.499122 -0.668355 0.698400
-0.462612 -0.620491 0.703446
-0.440358 -0.702483 0.691969
-0.456224 -0.709281 0.659111
-0.444791 -0.614283 0.647670
-0.404275 -0.629093 0.652164
-0.401879 -0.711501 0.628823
-0.416134 -0.659059 0.599721
-0.388689 -0.580119 0.599826
-0.355494 -0.641059 0.596599
-0.365756 -0.684795 0.565185
-0.370322 -0.594964 0.546303
-0.333054 -0.557055 0.551032
-0.314021 -0.641579 0.536023
-0.332229 -0.632179 0.502931
-0.320955 -0.532533 0.495819
-0.280493 -0.555008 0.497368
-0.280706 -0.623370 0.469193
-0.294788 -0.557956 0.444444
-0.265426 -0.484288 0.447988
-0.234521 -0.550603 0.439104
-0.247644 -0.570789 0.405648
-0.248536 -0.470970 0.393890
-0.208526 -0.455258 0.399511
-0.195070 -0.531007 0.376393
-0.213158 -0.491260 0.346879
-0.195177 -0.396296 0.348041
-0.157403 -0.435003 0.344943
-0.162022 -0.479849 0.312285
-0.172789 -0.390816 0.295058
-0.137638 -0.339761 0.301817
-0.110858 -0.407811 0.286832
-0.127855 -0.402747 0.253657
-0.123822 -0.297066 0.249045
-0.083134 -0.295123 0.252636
-0.075654 -0.359739 0.224402
-0.092224 -0.293493 0.199735
-0.068000 -0.210807 0.205837
-0.033275 -0.260995 0.197634
-0.043350 -0.283088 0.163439
-0.050272 -0.183165 0.152197
-0.013736 -0.143903 0.160458
0.006695 -0.209073 0.137540
-0.012338 -0.173592 0.107651
-0.001624 -0.072697 0.110127
0.038665 -0.091530 0.108413
0.038985 -0.138249 0.076177
0.022214 -0.056534 0.057941
0.051629 0.013769 0.065710
0.082535 -0.038846 0.049586
0.065338 -0.038152 0.016740
0.062982 0.065795 0.013055
0.103152 0.085773 0.015707
0.114598 0.025111 -0.012128
0.092264 0.077102 -0.037077
0.109181 0.173072 -0.031796
0.146968 0.141267 -0.041724
0.136759 0.109046 -0.075121
0.122451 0.201963 -0.085741
0.156431 0.258775 -0.081576
0.178992 0.197593 -0.104752
0.156218 0.215039 -0.134794
0.158348 0.328073 -0.133010
0.204028 0.315032 -0.120571
0.242453 0.308373 -0.127800
0.280213 0.343334 -0.124490
0.302268 0.433581 -0.127600
0.336275 0.500000 -0.130006
0.311984 0.593438 -0.123188
0.297609 0.679523 -0.102792
0.253713 0.662077 -0.107475
0.217364 0.673141 -0.092407
0.178246 0.637278 -0.093780
0.140100 0.665753 -0.087067
0.104017 0.620248 -0.084216
0.065738 0.640365 -0.078513
0.026873 0.611265 -0.074124
-0.013443 0.621566 -0.084040
-0.030080 0.590559 -0.047744
-0.029615 0.691974 -0.029167
-0.044042 0.771261 -0.009664
-0.038918 0.877324 -0.003256
-0.054664 0.925222 0.031233
-0.065139 1.000000 0.057402
-0.093462 0.938887 0.083383
-0.106666 0.908678 0.123763
-0.109394 0.843126 0.156069
-0.115543 0.777643 0.182015
-0.109833 0.680945 0.202680
-0.105814 0.629890 0.231701
-0.102167 0.571310 0.259466
-0.125885 0.502983 0.277232
-0.132873 0.441315 0.303718
-0.150974 0.385856 0.327704
-0.156298 0.362757 0.361396
-0.149683 0.317945 0.393397
-0.162394 0.224334 0.408664
-0.163858 0.197766 0.443540
-0.178379 0.087021 0.452905
-0.139861 0.057644 0.474403
-0.144745 0.024972 0.510347
-0.130783 -0.036626 0.534721
-0.138064 -0.018035 0.573904
-0.170966 0.051783 0.588150
-0.190278 0.079460 0.618051
-0.204307 0.145359 0.643210
-0.203934 0.215420 0.672395
-0.244303 0.191627 0.697496
-0.244769 0.145637 0.736785
-0.245035 0.172655 0.770922
-0.252715 0.103011 0.807957
-0.244916 0.021053 0.834408
-0.208952 -0.051262 0.852163
-0.180709 -0.081090 0.875281
-0.179577 -0.182020 0.903281
-0.162714 -0.282048 0.913525
-0.141058 -0.356895 0.929872
-0.153144 -0.472635 0.947251
-0.150282 -0.590386 0.957496
-0.165615 -0.701235 0.959726
-0.172430 -0.799320 0.972364
-0.204786 -0.898273 0.975415
-0.221703 -1.000000 0.983947
-0.261380 -1.000000 1.000000
