-0.203484 -0.639194 -0.337223
-0.172711 -0.674498 -0.290143
-0.128998 -0.697981 -0.259592
-0.089568 -0.738409 -0.241920
-0.073689 -0.779635 -0.191009
-0.026714 -0.745857 -0.176944
-0.049565 -0.685613 -0.155464
-0.070534 -0.716817 -0.099357
-0.025853 -0.746404 -0.071270
0.004095 -0.687185 -0.063431
-0.032574 -0.653566 -0.022958
-0.035334 -0.703128 0.025825
0.017985 -0.706841 0.044169
0.019204 -0.638739 0.065693
-0.023380 -0.641950 0.112930
-0.002877 -0.691239 0.153762
0.044385 -0.657507 0.168992
0.017035 -0.602934 0.198334
-0.006569 -0.639650 0.248550
0.040729 -0.664135 0.279436
0.056555 -0.601089 0.313190
0.028936 -0.543965 0.334289
0.032180 -0.491351 0.275472
0.041554 -0.422064 0.236096
0.091826 -0.414388 0.200797
0.132170 -0.412179 0.154008
0.166528 -0.461285 0.177481
0.134267 -0.517293 0.166932
0.125557 -0.505768 0.100567
0.178984 -0.510870 0.081573
0.183680 -0.578540 0.098372
0.146096 -0.603776 0.056353
0.169162 -0.577333 -0.001030
0.216765 -0.615210 0.006294
0.198161 -0.681673 0.015567
0.168750 -0.676138 -0.047663
0.174324 -0.627236 -0.097229
0.134500 -0.582093 -0.118687
0.162728 -0.555626 -0.172285
0.145415 -0.610746 -0.217573
0.095017 -0.599950 -0.246713
0.124804 -0.577743 -0.309830
0.151562 -0.637372 -0.334647
0.145039 -0.649284 -0.417161
0.117169 -0.656846 -0.480704
0.083976 -0.597444 -0.496293
0.053956 -0.542598 -0.520864
0.023559 -0.484472 -0.511277
-0.022950 -0.521097 -0.495935
-0.004275 -0.555080 -0.440186
0.007734 -0.498799 -0.403790
-0.043543 -0.470442 -0.404842
-0.065785 -0.527975 -0.370036
-0.033793 -0.534262 -0.314601
-0.043059 -0.470100 -0.288933
-0.097633 -0.479529 -0.280556
-0.092203 -0.536790 -0.236903
-0.062433 -0.504766 -0.187493
-0.098028 -0.451810 -0.174816
-0.142798 -0.494312 -0.161534
-0.118477 -0.527907 -0.108115
-0.107204 -0.473152 -0.068269
-0.160416 -0.452106 -0.064304
-0.178142 -0.502283 -0.022488
-0.146275 -0.485770 0.034941
-0.167263 -0.417281 0.045961
-0.221443 -0.439420 0.069232
-0.263632 -0.477115 0.089659
-0.243021 -0.523534 0.149193
-0.189827 -0.516109 0.173002
-0.149232 -0.491100 0.212915
-0.104480 -0.453678 0.222187
-0.069405 -0.498912 0.191189
-0.092938 -0.496999 0.129146
-0.087561 -0.427302 0.119986
-0.032180 -0.430468 0.121374
-0.024760 -0.476591 0.070374
-0.050461 -0.435502 0.022398
-0.012053 -0.384004 0.025511
0.030424 -0.425890 0.006518
0.007823 -0.446777 -0.053419
0.006300 -0.382660 -0.080857
0.061448 -0.369814 -0.076220
0.077578 -0.423271 -0.114767
0.047791 -0.412748 -0.172330
0.065857 -0.346832 -0.185903
0.124732 -0.370292 -0.188770
0.123316 -0.431288 -0.232804
0.108028 -0.415413 -0.296862
0.108871 -0.415914 -0.372186
0.080499 -0.353005 -0.392255
0.065964 -0.303055 -0.452192
0.042073 -0.286019 -0.390396
0.011211 -0.297908 -0.336305
-0.029707 -0.318931 -0.293794
-0.077632 -0.312257 -0.247967
-0.120216 -0.311187 -0.205120
-0.177138 -0.322871 -0.196027
-0.226551 -0.284766 -0.171792
-0.274493 -0.260714 -0.139136
-0.303385 -0.216071 -0.102135
-0.319748 -0.264449 -0.052814
-0.265837 -0.266408 -0.021771
-0.249581 -0.204410 0.009452
-0.266876 -0.215069 0.074160
-0.229257 -0.269004 0.084194
-0.185633 -0.221378 0.077295
-0.198627 -0.176941 0.129527
-0.197713 -0.224544 0.178444
-0.145218 -0.243745 0.167559
-0.123173 -0.183182 0.183865
-0.140881 -0.187373 0.250118
-0.114749 -0.244975 0.268865
-0.063401 -0.220558 0.259838
-0.068097 -0.167898 0.306852
-0.083761 -0.202701 0.363048
-0.037611 -0.249530 0.358322
0.010117 -0.240010 0.321634
0.016552 -0.246888 0.247071
0.054458 -0.214340 0.206038
0.055945 -0.267000 0.157973
0.003289 -0.255384 0.137837
0.006981 -0.186484 0.124913
0.045604 -0.192885 0.076937
0.017788 -0.232015 0.031939
-0.020459 -0.181792 0.021726
0.013039 -0.131547 -0.000381
0.034169 -0.168946 -0.053889
-0.013756 -0.175779 -0.088853
-0.020011 -0.106060 -0.097185
0.027646 -0.090799 -0.130154
0.019383 -0.141136 -0.181737
-0.031176 -0.161157 -0.200820
-0.055659 -0.225706 -0.190741
-0.110161 -0.204820 -0.209465
-0.169700 -0.220080 -0.234125
-0.223826 -0.203362 -0.243398
-0.282666 -0.241422 -0.243689
-0.326989 -0.287043 -0.237956
-0.287219 -0.353574 -0.240083
-0.248040 -0.404093 -0.235985
-0.267396 -0.426505 -0.302686
-0.281430 -0.439374 -0.368267
-0.318601 -0.440741 -0.422425
-0.351041 -0.482058 -0.481264
-0.390704 -0.507271 -0.527381
-0.366705 -0.584052 -0.523663
-0.374842 -0.614914 -0.455103
-0.385739 -0.678598 -0.425673
-0.370093 -0.681354 -0.355589
-0.365379 -0.692469 -0.292651
-0.356328 -0.677641 -0.229153
-0.320483 -0.681582 -0.183058
-0.309765 -0.682197 -0.117432
-0.262485 -0.690123 -0.090152
-0.244921 -0.708914 -0.030820
-0.235548 -0.696409 0.036755
-0.204685 -0.704654 0.090040
-0.213413 -0.716088 0.157502
-0.161796 -0.695202 0.178847
-0.175812 -0.621770 0.167604
-0.210707 -0.612500 0.222613
-0.243201 -0.615711 0.272896
-0.280641 -0.651243 0.304970
-0.336488 -0.649216 0.306784
-0.375272 -0.645093 0.354671
-0.430528 -0.659670 0.360091
-0.432212 -0.656459 0.429659
-0.416440 -0.589313 0.438910
-0.458451 -0.563575 0.394271
-0.501644 -0.592775 0.440858
-0.469832 -0.586307 0.508321
-0.469653 -0.538088 0.560105
-0.488579 -0.507978 0.616324
-0.536325 -0.486522 0.588483
-0.555430 -0.552301 0.578382
-0.552778 -0.569885 0.646001
-0.586167 -0.518136 0.670034
-0.629576 -0.536562 0.633592
-0.632049 -0.604186 0.656573
-0.640276 -0.586512 0.722714
-0.685064 -0.546015 0.715636
-0.715479 -0.598765 0.687907
-0.711841 -0.644091 0.741170
-0.732613 -0.603321 0.789863
-0.780610 -0.591272 0.759715
-0.796077 -0.659238 0.758797
-0.794804 -0.670421 0.827290
-0.829108 -0.619060 0.844558
-0.871943 -0.644774 0.807445
-0.875779 -0.707183 0.839116
-0.890439 -0.674316 0.900777
-0.936662 -0.637349 0.879253
-0.968259 -0.693107 0.854033
-0.973421 -0.738979 0.909916
-1.000000 -0.764329 0.965776
-0.942719 -0.778952 0.983448
-0.891479 -0.759455 1.000000
-0.872284 -0.830427 0.995274
-0.896855 -0.838786 0.920308
-0.896730 -0.838923 0.853294
-0.911265 -0.864023 0.792864
-0.905154 -0.901422 0.735391
-0.920585 -0.849810 0.691648
-0.870061 -0.811705 0.704101
-0.826402 -0.855186 0.677694
-0.793729 -0.836850 0.621139
-0.745732 -0.838468 0.668780
-0.702270 -0.847692 0.711336
-0.661944 -0.834186 0.759021
-0.617801 -0.845187 0.709275
-0.610309 -0.795670 0.659888
-0.565108 -0.764648 0.687527
-0.531486 -0.820087 0.692925
-0.529801 -0.833183 0.626201
-0.506484 -0.771618 0.608753
-0.462251 -0.775285 0.648554
-0.442948 -0.833935 0.618496
-0.437965 -0.810133 0.554147
-0.401600 -0.759592 0.571662
-0.362332 -0.801683 0.599525
-0.354823 -0.839538 0.542612
-0.339194 -0.786149 0.502833
-0.296162 -0.766106 0.540507
-0.268400 -0.827535 0.537796
-0.265156 -0.831225 0.469864
-0.237035 -0.769409 0.464018
-0.192964 -0.789703 0.501355
-0.179450 -0.845711 0.463458
-0.169610 -0.806375 0.404596
-0.127080 -0.768361 0.433736
-0.099641 -0.836554 0.464779
-0.067237 -0.893861 0.449325
-0.023362 -0.889123 0.503864
-0.050784 -0.912629 0.572513
-0.062810 -0.985537 0.581450
-0.006855 -1.000000 0.620602
-0.027879 -0.979865 0.697203
-0.045712 -0.971301 0.765046
-0.052791 -0.930235 0.822541
-0.084424 -0.864638 0.861827
-0.123997 -0.804735 0.880642
-0.150272 -0.739207 0.885927
-0.201728 -0.683267 0.880977
-0.228773 -0.620426 0.864089
-0.271715 -0.574782 0.818106
-0.309855 -0.518159 0.797904
-0.322705 -0.469485 0.729635
-0.341345 -0.452858 0.662374
-0.353156 -0.461103 0.590364
-0.335215 -0.394982 0.563353
-0.282146 -0.400654 0.583779
-0.264511 -0.460465 0.552086
-0.259367 -0.434637 0.488140
-0.224185 -0.382546 0.508052
-0.186637 -0.425298 0.538155
-0.172604 -0.462948 0.483661
-0.155344 -0.405141 0.448406
-0.118083 -0.381293 0.494904
-0.089586 -0.443406 0.501243
-0.073976 -0.450557 0.436916
-0.048597 -0.388628 0.437252
-0.014329 -0.403865 0.492284
0.009615 -0.462561 0.463077
0.028022 -0.426528 0.409210
0.055999 -0.376898 0.445472
0.090769 -0.420606 0.480480
0.112975 -0.448826 0.425673
0.130163 -0.389402 0.392098
0.162011 -0.361933 0.451721
0.202391 -0.409377 0.469528
0.237573 -0.390063 0.412099
0.263668 -0.330251 0.432750
0.308134 -0.294788 0.434273
0.334713 -0.235158 0.446234
0.348245 -0.173000 0.421618
0.373408 -0.113849 0.437566
0.373874 -0.041989 0.453244
0.410777 -0.004703 0.397070
0.371258 0.042923 0.349430
0.355396 0.113007 0.376979
0.409952 0.148083 0.353887
0.407855 0.208988 0.299662
0.412031 0.271464 0.271732
0.403877 0.331572 0.234081
0.412246 0.390996 0.198916
0.401780 0.464861 0.197326
0.411064 0.525789 0.157323
0.392962 0.598834 0.182700
0.396421 0.677482 0.164132
0.386617 0.747794 0.164535
0.383302 0.819996 0.119269
0.372279 0.879215 0.078012
0.377943 0.934927 0.024324
0.405561 0.974558 -0.029610
0.415132 0.993668 -0.111497
0.436693 1.000000 -0.182364
0.473578 0.985651 -0.240845
0.524030 0.969024 -0.290523
0.559588 0.935838 -0.337290
0.611707 0.900762 -0.365041
0.667393 0.870241 -0.358972
0.721949 0.817103 -0.351513
0.770035 0.776879 -0.346921
0.814376 0.711601 -0.338276
0.868376 0.664340 -0.334625
0.891461 0.583915 -0.338567
0.934134 0.532645 -0.344413
0.961251 0.456753 -0.368871
0.975966 0.389949 -0.420454
0.997455 0.339521 -0.467064
1.000000 0.265884 -0.517459
0.999624 0.197167 -0.554461
0.983547 0.127447 -0.604430
0.971413 0.065631 -0.659843
0.979891 -0.019782 -0.674894
0.958653 -0.086905 -0.723834
0.950552 -0.160656 -0.743768
0.925370 -0.237140 -0.773915
0.909867 -0.312963 -0.782807
0.893773 -0.393707 -0.777409
0.877840 -0.463176 -0.751450
0.852569 -0.540115 -0.748180
0.821007 -0.594985 -0.694156
0.792008 -0.649512 -0.657984
0.748833 -0.667392 -0.594082
0.703578 -0.665592 -0.546017
0.662249 -0.670102 -0.492866
0.638232 -0.619515 -0.446503
0.580002 -0.583186 -0.423903
0.527130 -0.571115 -0.386947
0.520589 -0.505768 -0.336641
0.465369 -0.467868 -0.309875
0.423448 -0.465499 -0.264631
0.379609 -0.465408 -0.224427
0.348801 -0.435456 -0.175488
0.310106 -0.428441 -0.128094
0.264367 -0.401405 -0.095617
0.257288 -0.358152 -0.041011
0.224955 -0.334214 0.012476
0.232053 -0.266772 0.043004
0.218593 -0.203726 0.074204
0.208986 -0.134622 0.086725
0.209237 -0.070369 0.114117
0.178500 -0.010967 0.147468
0.157029 0.054266 0.163124
0.126166 0.110547 0.176137
0.077596 0.144530 0.137882
0.025961 0.178011 0.128474
-0.029402 0.191131 0.111004
-0.047629 0.250783 0.069658
-0.093117 0.258071 0.018165
-0.125091 0.252491 -0.047394
-0.172837 0.239463 -0.083365
-0.190902 0.264563 -0.145564
-0.217697 0.267660 -0.208256
-0.224776 0.244451 -0.283961
-0.248129 0.225319 -0.347033
-0.268221 0.195322 -0.408269
-0.257879 0.205366 -0.479584
-0.265658 0.176941 -0.547002
-0.238129 0.162295 -0.608708
-0.249796 0.157216 -0.677985
-0.230709 0.126217 -0.736869
-0.234831 0.110319 -0.803839
-0.239885 0.088476 -0.867718
-0.238182 0.073740 -0.937263
-0.225027 0.054197 -1.000000
