-0.349911 0.635992 0.234317
-0.334590 0.651321 0.296996
-0.287223 0.617587 0.311346
-0.248709 0.634961 0.269940
-0.248121 0.690192 0.294765
-0.228441 0.676384 0.354714
-0.187438 0.641620 0.339098
-0.165180 0.680982 0.300887
-0.164697 0.720851 0.348860
-0.136724 0.687624 0.389302
-0.097380 0.673309 0.349414
-0.089041 0.730568 0.337010
-0.086733 0.742838 0.401563
-0.046017 0.704491 0.412432
-0.013610 0.728016 0.367689
-0.015706 0.779648 0.400582
0.001380 0.766871 0.464029
0.056664 0.750511 0.470436
0.080173 0.800622 0.457889
0.093896 0.836908 0.496939
0.104498 0.893153 0.476861
0.079585 0.941710 0.465706
0.048958 0.976998 0.433082
0.022507 0.998462 0.382592
-0.002797 1.000000 0.324178
-0.031404 0.987223 0.271475
-0.057478 0.964221 0.220788
-0.074760 0.939681 0.167604
-0.072950 0.913603 0.110082
-0.053467 0.876270 0.061216
-0.036607 0.836908 0.023148
-0.001259 0.798053 0.001678
0.043529 0.769930 0.001124
0.090006 0.759198 0.029484
0.124886 0.751018 0.075048
0.143495 0.734658 0.133747
0.171061 0.714732 0.172512
0.185553 0.694789 0.234388
0.214899 0.647755 0.270083
0.233975 0.592540 0.290571
0.253776 0.536049 0.275508
0.286288 0.505881 0.237172
0.315272 0.466258 0.225036
0.336008 0.438904 0.176277
0.337893 0.421006 0.114954
0.331996 0.423051 0.049009
0.323280 0.449129 -0.006621
0.328935 0.465996 -0.060645
0.292878 0.486446 -0.107226
0.276396 0.535526 -0.140547
0.270032 0.574642 -0.177081
0.247412 0.630871 -0.180150
0.246236 0.693759 -0.191019
0.242466 0.750004 -0.180704
0.257063 0.805219 -0.162571
0.284403 0.856851 -0.162017
0.326100 0.896213 -0.171227
0.359095 0.933530 -0.195767
0.401983 0.952965 -0.229784
0.434963 0.952458 -0.282772
0.459001 0.951951 -0.333244
0.497169 0.918200 -0.364745
0.524509 0.879346 -0.393193
0.547129 0.827714 -0.387339
0.560792 0.776082 -0.392354
0.598492 0.761751 -0.344399
0.625832 0.738241 -0.302011
0.647502 0.739272 -0.238154
0.658812 0.713701 -0.177919
0.676713 0.660532 -0.148222
0.716313 0.639575 -0.130517
0.738933 0.582315 -0.120755
0.766726 0.541922 -0.159233
0.789346 0.517382 -0.208028
0.788878 0.491305 -0.270225
0.783223 0.487722 -0.333797
0.750711 0.489521 -0.387892
0.715830 0.502806 -0.430565
0.675778 0.514323 -0.466813
0.631005 0.511247 -0.500848
0.581527 0.512785 -0.534294
0.546662 0.484663 -0.577252
0.506126 0.465751 -0.616284
0.502356 0.432769 -0.673734
0.503291 0.395714 -0.718906
0.517436 0.362470 -0.771341
0.557022 0.348155 -0.815959
0.592369 0.335117 -0.856115
0.641847 0.345865 -0.883440
0.698865 0.341252 -0.883993
0.750711 0.333595 -0.899609
0.807729 0.334364 -0.883440
0.857206 0.319280 -0.887348
0.903864 0.285791 -0.876194
0.940614 0.240540 -0.879531
0.969840 0.189039 -0.891810
0.990575 0.138732 -0.914119
0.997165 0.085317 -0.936981
1.000000 0.032409 -0.962628
0.989625 -0.022495 -0.981600
0.969840 -0.076434 -0.993861
0.950055 -0.129211 -1.000000
0.943450 -0.182904 -0.999447
0.945335 -0.234143 -0.965430
0.947220 -0.282209 -0.933073
0.950055 -0.323108 -0.886777
0.927902 -0.363239 -0.845514
0.914707 -0.410781 -0.824312
0.885482 -0.460630 -0.799218
0.839774 -0.497440 -0.792526
0.794533 -0.527100 -0.809266
0.748826 -0.548564 -0.830451
0.699333 -0.562879 -0.852760
0.647035 -0.565955 -0.871732
0.599442 -0.568000 -0.891810
0.546662 -0.579763 -0.901287
0.495751 -0.599182 -0.896825
0.458051 -0.627812 -0.896272
0.419416 -0.670250 -0.871732
0.394202 -0.709611 -0.854438
0.372290 -0.757153 -0.818190
0.349429 -0.799084 -0.791419
0.350138 -0.842536 -0.756831
0.342371 -0.881898 -0.706645
0.329870 -0.922798 -0.671503
0.336234 -0.953472 -0.617962
0.345191 -0.980057 -0.561636
0.349429 -0.988237 -0.494137
0.334831 -1.000000 -0.435866
0.303254 -0.994372 -0.381200
0.259189 -0.994372 -0.345505
0.213949 -0.989268 -0.313451
0.170714 -0.972908 -0.279149
0.127359 -0.957562 -0.246239
0.092720 -0.939157 -0.200496
0.071336 -0.922798 -0.144170
0.062741 -0.912573 -0.084078
0.080641 -0.904900 -0.023701
0.104860 -0.905930 0.027467
0.147974 -0.907468 0.062091
0.193093 -0.909513 0.091182
0.244109 -0.905423 0.113705
0.283936 -0.874748 0.148079
0.304671 -0.863493 0.202388
0.315981 -0.827190 0.255234
0.307959 -0.814413 0.315540
0.276622 -0.787828 0.365316
0.235152 -0.785783 0.406436
0.181195 -0.785276 0.424997
0.128294 -0.804188 0.411736
0.086236 -0.835370 0.400171
0.039412 -0.851730 0.365726
0.003566 -0.881391 0.345648
-0.034451 -0.915141 0.351787
-0.075815 -0.929963 0.394317
-0.113983 -0.943771 0.424997
-0.148743 -0.933022 0.474630
-0.195220 -0.911051 0.502793
-0.242571 -0.903378 0.523157
-0.293361 -0.875256 0.517285
-0.344256 -0.870659 0.500848
-0.392317 -0.857881 0.476861
-0.428373 -0.831804 0.434741
-0.469602 -0.831804 0.409095
-0.511540 -0.796532 0.386643
-0.550899 -0.762274 0.368653
-0.592369 -0.732106 0.365583
-0.627717 -0.696311 0.381342
-0.648920 -0.655935 0.417180
-0.678130 -0.633947 0.444790
-0.675310 -0.612483 0.507808
-0.680015 -0.578732 0.555211
-0.676728 -0.520965 0.576413
-0.701700 -0.471885 0.594260
-0.706888 -0.417685 0.599008
-0.744106 -0.385227 0.580589
-0.781338 -0.357104 0.554657
-0.805844 -0.310838 0.531509
-0.831766 -0.268155 0.507808
-0.861459 -0.238757 0.484946
-0.905282 -0.208720 0.517571
-0.942032 -0.178421 0.533187
-0.963250 -0.150953 0.587568
-0.989640 -0.122323 0.633025
-0.993878 -0.115157 0.701629
-0.990575 -0.075288 0.749585
-1.000000 -0.041980 0.789188
-0.989640 -0.001881 0.838821
-0.993878 0.045628 0.867823
-0.975962 0.095542 0.886777
-0.996697 0.140663 0.904624
-0.991510 0.201047 0.911335
-0.987740 0.260614 0.897378
-0.989157 0.313652 0.880102
-0.984452 0.368098 0.865039
-0.975027 0.420254 0.864468
-0.952875 0.476483 0.886224
-0.923182 0.515599 0.920812
-0.883129 0.538094 0.955953
-0.835069 0.546274 0.984384
-0.781806 0.540892 1.000000
-0.728091 0.527100 0.996663
-0.680965 0.511247 0.963752
-0.652207 0.507665 0.907980
-0.645150 0.509971 0.847745
-0.647502 0.503836 0.790866
-0.655042 0.495149 0.733415
-0.647502 0.480065 0.670111
-0.650337 0.461153 0.610716
-0.649387 0.459354 0.556603
-0.615457 0.477252 0.505024
-0.592837 0.490536 0.460120
-0.544777 0.518151 0.442559
-0.497636 0.537571 0.434188
-0.445806 0.548319 0.456783
-0.399857 0.556499 0.477414
-0.360045 0.554454 0.524549
-0.317625 0.544736 0.558013
-0.285580 0.523517 0.602631
-0.251649 0.503329 0.644732
-0.232332 0.467272 0.692420
-0.197572 0.438135 0.722814
-0.179431 0.395190 0.761846
-0.156102 0.345865 0.787511
-0.139016 0.293333 0.802574
-0.110334 0.243223 0.809266
-0.084411 0.197595 0.820974
-0.069512 0.140335 0.825989
-0.043589 0.089211 0.824883
-0.017335 0.041096 0.822099
0.014515 -0.005759 0.803127
0.048958 -0.044663 0.798112
0.077052 -0.091763 0.772447
0.104498 -0.131894 0.760186
0.131355 -0.183673 0.734522
0.149150 -0.233898 0.708875
0.162466 -0.277104 0.664811
0.187559 -0.315436 0.632186
0.198281 -0.352000 0.587835
0.213482 -0.370650 0.525102
0.237037 -0.395190 0.475183
0.251408 -0.390086 0.410773
0.282051 -0.400818 0.366851
0.290993 -0.390593 0.307723
0.327291 -0.418961 0.283183
0.323989 -0.438397 0.220092
0.330579 -0.442732 0.156021
0.339069 -0.421268 0.094644
0.370873 -0.399280 0.051454
0.406929 -0.358380 0.028449
0.441327 -0.326691 0.011297
0.460418 -0.270708 0.013528
0.493399 -0.239002 0.007050
0.500004 -0.184818 -0.006907
0.540524 -0.170879 -0.029841
0.551834 -0.143280 -0.077100
0.535352 -0.145456 -0.141939
0.501889 -0.115796 -0.184327
0.499054 -0.087558 -0.228391
0.453346 -0.075730 -0.263533
0.427197 -0.050487 -0.303689
0.375352 -0.026209 -0.311774
0.361222 0.019256 -0.335189
0.310552 0.024262 -0.364191
0.254952 0.022151 -0.353037
0.207585 0.036581 -0.328229
0.170594 0.042994 -0.276633
0.176128 0.056049 -0.209152
0.197331 0.083910 -0.168157
0.187318 0.080262 -0.112384
0.204177 0.085890 -0.063447
0.192505 0.086233 -0.010316
0.178843 0.135411 -0.019097
0.135367 0.120147 -0.047402
0.114390 0.095984 -0.003909
0.112988 0.135673 0.033053
0.091770 0.168131 -0.003213
0.054371 0.136753 -0.013796
0.041825 0.133562 0.041281
0.037105 0.182511 0.052292
0.007894 0.194405 0.010744
-0.024769 0.159640 0.028449
-0.030439 0.182642 0.077636
-0.042609 0.229170 0.058807
-0.078379 0.213186 0.028234
-0.102492 0.195419 0.072853
-0.104920 0.239526 0.099516
-0.126062 0.264180 0.056879
-0.163295 0.231346 0.050954
-0.175419 0.236712 0.103710
-0.179084 0.289489 0.101408
-0.209591 0.288344 0.055987
-0.240581 0.255117 0.083597
-0.247291 0.292434 0.125627
-0.255887 0.335378 0.088719
-0.291943 0.303427 0.058735
-0.330820 0.279526 0.071603
-0.355084 0.239133 0.037783
-0.346141 0.195305 -0.006550
-0.325632 0.143346 -0.017847
-0.311261 0.101448 -0.031518
-0.286756 0.101988 -0.089522
-0.236449 0.084875 -0.109600
-0.202639 0.042258 -0.115597
-0.184377 0.017947 -0.160625
-0.138021 -0.014658 -0.142778
-0.112686 -0.036875 -0.096072
-0.118643 -0.003648 -0.039175
-0.162707 -0.019616 0.001053
-0.178375 -0.063264 0.030108
-0.204524 -0.072147 0.072085
-0.231382 -0.108515 0.083971
-0.268494 -0.127166 0.078492
-0.279216 -0.177783 0.105834
-0.316675 -0.214986 0.120291
-0.340486 -0.225963 0.175867
-0.357678 -0.191722 0.226018
-0.381474 -0.159885 0.262194
-0.388547 -0.114650 0.299352
-0.343065 -0.079689 0.310507
-0.333655 -0.030168 0.289322
-0.322571 0.010765 0.319573
-0.304671 0.052008 0.304385
-0.286756 0.096115 0.323482
-0.283227 0.142380 0.311203
-0.239284 0.163534 0.341739
-0.194978 0.187763 0.332959
-0.139438 0.179763 0.353733
-0.098315 0.137980 0.355696
-0.082089 0.086658 0.335618
-0.042428 0.086904 0.297960
-0.002330 0.092057 0.339508
-0.012449 0.044286 0.379950
-0.028207 -0.001080 0.342721
0.011936 -0.008753 0.309115
0.043348 -0.020384 0.356802
0.015781 -0.067485 0.381342
0.018435 -0.104671 0.335332
0.040935 -0.138683 0.309686
0.011876 -0.124483 0.260731
0.037648 -0.080196 0.242758
0.081591 -0.104164 0.236405
0.064792 -0.141366 0.197016
0.048128 -0.102380 0.162803
0.090488 -0.078086 0.161304
0.117572 -0.122699 0.145544
0.087352 -0.132548 0.099963
0.092358 -0.083337 0.079938
0.141851 -0.086397 0.083168
0.146089 -0.134331 0.050686
0.122639 -0.112736 0.004248
0.152090 -0.068254 0.003284
0.197105 -0.105571 0.007175
0.232090 -0.136507 -0.012689
0.270500 -0.102757 0.024754
