1.000000 -0.987577 1.000000
0.937885 -0.974888 0.968867
0.882995 -0.987444 0.924551
0.821946 -1.000000 0.890778
0.747702 -0.958845 0.871405
0.672723 -0.896697 0.852273
0.607315 -0.849928 0.838146
0.560101 -0.758748 0.810202
0.491472 -0.720948 0.784761
0.435350 -0.658667 0.771337
0.435777 -0.533640 0.771029
0.448972 -0.453356 0.724398
0.377736 -0.391241 0.700140
0.333294 -0.339722 0.744302
0.348005 -0.217651 0.757777
0.348740 -0.124878 0.723987
0.268739 -0.101792 0.716341
0.239956 -0.084918 0.769863
0.276272 0.000316 0.793487
0.251800 0.082925 0.762286
0.179049 0.078806 0.777286
0.185445 0.092093 0.831375
0.220956 0.187358 0.830637
0.164906 0.240371 0.802590
0.104473 0.225490 0.834958
0.131692 0.280132 0.882566
0.151260 0.386192 0.857142
0.087061 0.431233 0.828066
0.038780 0.478999 0.867034
0.087795 0.575659 0.885223
0.112385 0.649067 0.837769
0.100706 0.734135 0.804391
0.110845 0.791201 0.758634
0.186937 0.806946 0.761531
0.211528 0.722077 0.734684
0.187482 0.747588 0.684950
0.232493 0.830596 0.680270
0.296219 0.774925 0.684693
0.284374 0.719918 0.639280
0.287122 0.805816 0.607770
0.358002 0.838003 0.622445
0.396191 0.749315 0.603158
0.403629 0.761539 0.550132
0.478063 0.787912 0.551350
0.496399 0.678132 0.538389
0.493485 0.645347 0.484524
0.557969 0.594991 0.473723
0.541623 0.497135 0.485964
0.487752 0.474481 0.451951
0.520610 0.495009 0.405577
0.573012 0.425985 0.411080
0.528712 0.344505 0.413806
0.496044 0.356696 0.366609
0.557875 0.359154 0.338202
0.580190 0.265716 0.353769
0.523169 0.213831 0.336659
0.532053 0.244025 0.286908
0.599119 0.207620 0.279656
0.583270 0.111956 0.290200
0.532550 0.097706 0.254352
0.573344 0.122154 0.211647
0.632522 0.060537 0.219825
0.599332 -0.029878 0.221917
0.565669 -0.021275 0.172903
0.625462 -0.009849 0.143176
0.657775 -0.101294 0.154765
0.601132 -0.164704 0.133129
0.589122 -0.112122 0.079075
0.620819 -0.151816 0.034845
0.556761 -0.163010 0.004826
0.528499 -0.139759 -0.040931
0.503530 -0.123316 -0.084990
0.487823 -0.149258 -0.130969
0.476168 -0.134211 -0.178783
0.454350 -0.148262 -0.224402
0.464915 -0.161947 -0.272747
0.470696 -0.134643 -0.320578
0.476263 -0.144376 -0.369952
0.513669 -0.154507 -0.412606
0.545745 -0.103951 -0.451350
0.579385 -0.103187 -0.497536
0.626102 -0.068742 -0.537566
0.586634 -0.001578 -0.580477
0.617881 0.088173 -0.617181
0.679167 0.161416 -0.641525
0.739932 0.167760 -0.676739
0.785961 0.129694 -0.728581
0.823297 0.066715 -0.768320
0.853454 -0.028317 -0.795030
0.849142 -0.141585 -0.813922
0.840661 -0.238046 -0.827483
0.792808 -0.344173 -0.822048
0.739671 -0.424192 -0.819014
0.684521 -0.504077 -0.822528
0.604639 -0.548156 -0.803945
0.530915 -0.579944 -0.799659
0.445466 -0.554400 -0.803945
0.371221 -0.557523 -0.829180
0.304653 -0.481457 -0.843787
0.246920 -0.429772 -0.874662
0.199138 -0.355467 -0.899349
0.143301 -0.310192 -0.928939
0.105562 -0.241966 -0.965575
0.035014 -0.199581 -0.991720
-0.042144 -0.150089 -0.993760
-0.096939 -0.073425 -1.000000
-0.170828 -0.037883 -0.997891
-0.245949 0.010613 -0.971387
-0.318109 0.034396 -0.946563
-0.367455 0.062597 -0.893881
-0.415545 0.120692 -0.857330
-0.451980 0.156666 -0.808796
-0.464631 0.187225 -0.745210
-0.443191 0.206756 -0.682362
-0.409457 0.292787 -0.645057
-0.396428 0.376260 -0.610084
-0.343007 0.450997 -0.595392
-0.299867 0.535268 -0.612484
-0.260589 0.629005 -0.593334
-0.202644 0.696932 -0.596695
-0.123827 0.737556 -0.617953
-0.060623 0.770540 -0.644680
0.008339 0.813489 -0.660452
0.061049 0.885204 -0.643960
0.128210 0.935095 -0.644423
0.186013 0.984455 -0.627742
0.228561 0.983325 -0.574579
0.273666 1.000000 -0.536075
0.264759 0.968810 -0.484438
0.296219 0.972331 -0.439041
0.281129 0.936091 -0.393508
0.300933 0.937420 -0.340534
0.335592 0.852186 -0.320167
0.392779 0.920380 -0.297486
0.342604 0.962033 -0.254232
0.362740 0.923934 -0.211253
0.405927 0.971268 -0.178611
0.457216 0.980934 -0.142798
0.403914 0.979273 -0.102596
0.391690 0.875504 -0.097162
0.465484 0.857966 -0.080035
0.460841 0.894571 -0.028896
0.453473 0.904170 0.021455
0.404624 0.916959 0.062446
0.378352 0.937221 0.108237
0.329385 0.913471 0.146913
0.282787 0.958346 0.179143
0.235549 0.961170 0.218436
0.163555 0.979572 0.234071
0.108145 0.971500 0.268084
0.058443 0.936158 0.232408
0.091325 0.838501 0.227420
0.087724 0.783295 0.271633
0.028049 0.728621 0.262376
0.053753 0.684509 0.216979
0.111272 0.639966 0.240775
0.075073 0.586421 0.277925
0.034208 0.531846 0.243929
0.096181 0.487801 0.221985
0.123898 0.446480 0.266422
0.060670 0.392104 0.280222
0.000640 0.373769 0.252844
-0.070383 0.389414 0.261176
-0.092699 0.300759 0.238323
-0.059249 0.242497 0.275062
-0.091135 0.282457 0.316961
-0.157799 0.254422 0.304189
-0.145243 0.154274 0.305458
-0.125651 0.150919 0.356237
-0.188596 0.186793 0.374615
-0.231356 0.112322 0.354660
-0.200109 0.034263 0.382399
-0.216147 0.076979 0.428755
-0.288022 0.081364 0.422532
-0.296243 -0.019581 0.418760
-0.270634 -0.041305 0.467260
-0.320572 0.012805 0.493558
-0.382214 -0.029945 0.472969
-0.363925 -0.131454 0.489204
-0.367976 -0.133082 0.541201
-0.396143 -0.133813 0.589854
-0.442125 -0.042501 0.607272
-0.438146 0.060305 0.604821
-0.420591 0.157662 0.588311
-0.363214 0.233662 0.589237
-0.339430 0.328860 0.575728
-0.274140 0.325904 0.596935
-0.249218 0.242630 0.571974
-0.257865 0.278537 0.523080
-0.212309 0.358921 0.527383
-0.152705 0.307867 0.541629
-0.150668 0.246682 0.499284
-0.146499 0.320323 0.462254
-0.086539 0.367890 0.480855
-0.040557 0.288967 0.485398
-0.045793 0.261929 0.434053
-0.023619 0.348724 0.412914
0.043021 0.345933 0.435853
0.065597 0.257013 0.416703
0.057993 0.285812 0.365306
0.104804 0.362774 0.366729
0.163034 0.305941 0.379004
0.164811 0.238877 0.339522
0.168744 0.308864 0.300126
0.230456 0.356330 0.315384
0.272624 0.272691 0.313910
0.262982 0.251034 0.263867
0.291908 0.337663 0.244940
0.359329 0.326136 0.265239
0.374562 0.236618 0.237740
0.353478 0.259504 0.184526
0.391808 0.322383 0.154388
0.426135 0.253326 0.121386
0.355918 0.209613 0.105185
0.316498 0.289565 0.089019
0.356960 0.310591 0.045354
0.335923 0.217552 0.016741
0.255686 0.244723 0.012626
0.191083 0.282523 -0.000214
0.164408 0.288801 0.050274
0.229319 0.345734 0.077087
0.249976 0.437511 0.057474
0.195418 0.487037 0.092722
0.220151 0.502583 0.141753
0.255662 0.565063 0.174686
0.321804 0.514474 0.172063
0.333318 0.526033 0.119449
0.327087 0.632293 0.119672
0.326211 0.694375 0.163731
0.272126 0.724635 0.197367
0.322491 0.678065 0.241546
0.364209 0.638172 0.279451
0.383990 0.572935 0.316653
0.359590 0.631363 0.356100
0.288875 0.627942 0.345403
0.282550 0.525170 0.348831
0.304108 0.517165 0.400022
0.254928 0.580442 0.419892
0.197243 0.528458 0.404000
0.211693 0.441398 0.428309
0.212451 0.481656 0.477649
0.143727 0.521549 0.475266
0.117336 0.420305 0.471511
0.146262 0.362475 0.510068
0.126741 0.410108 0.554864
0.054250 0.412964 0.546292
0.040154 0.316869 0.532732
0.062968 0.277574 0.579002
0.022695 0.332979 0.612141
-0.041434 0.300061 0.595100
-0.029707 0.200246 0.605404
-0.009547 0.204298 0.657435
-0.059367 0.281294 0.678333
-0.125628 0.265217 0.646669
-0.123685 0.148993 0.646377
-0.048943 0.082161 0.651657
0.007628 0.018551 0.643960
-0.015067 -0.027022 0.599335
-0.014996 0.056651 0.568493
0.055174 0.078241 0.577219
0.081991 -0.009118 0.557024
0.053800 0.003737 0.508628
0.087416 0.092159 0.497724
0.155548 0.057182 0.503553
0.150787 -0.018784 0.469711
0.136833 0.039245 0.426681
0.199304 0.087741 0.426544
0.240856 0.004302 0.422583
0.212191 -0.039279 0.379758
0.227731 0.038116 0.348197
0.300057 0.067081 0.358792
0.335781 -0.030111 0.370295
0.295414 -0.094883 0.330985
0.267602 -0.057282 0.286685
0.321496 -0.001212 0.267073
0.368521 -0.080102 0.260747
0.330854 -0.148594 0.233677
0.333341 -0.109764 0.185315
0.410263 -0.145339 0.182812
0.407325 -0.251266 0.200384
0.325263 -0.293319 0.195155
0.258268 -0.331850 0.200916
0.242680 -0.300726 0.249672
0.200180 -0.222667 0.237620
0.135886 -0.271362 0.238460
0.136336 -0.292256 0.291486
0.148323 -0.198087 0.309692
0.089477 -0.158493 0.286857
0.041908 -0.215226 0.313824
0.057590 -0.172211 0.360266
0.039586 -0.076714 0.349826
-0.033213 -0.104549 0.338305
-0.049986 -0.149225 0.388810
-0.051028 -0.069838 0.424555
-0.114091 -0.017954 0.420715
-0.157349 -0.089701 0.442813
-0.120037 -0.096444 0.487695
-0.134511 -0.001379 0.502730
-0.206055 -0.015496 0.505559
-0.204918 -0.087575 0.542452
-0.163911 -0.039943 0.579482
-0.212072 0.035359 0.588534
-0.266346 -0.032303 0.608078
-0.223420 -0.107240 0.639365
-0.150455 -0.136171 0.645366
-0.145006 -0.225690 0.602626
-0.141926 -0.322084 0.574734
-0.194708 -0.371145 0.540978
-0.228371 -0.397452 0.496970
-0.234933 -0.300759 0.478540
-0.165214 -0.285878 0.468408
-0.157159 -0.364800 0.434635
-0.206268 -0.334872 0.399559
-0.176893 -0.244623 0.386616
-0.113901 -0.284815 0.373844
-0.140008 -0.349820 0.335631
-0.164764 -0.276810 0.304052
-0.100398 -0.225756 0.298686
-0.062897 -0.304280 0.281182
-0.104212 -0.325073 0.238374
-0.105562 -0.234791 0.213310
-0.035961 -0.227550 0.196904
-0.034800 -0.291624 0.154988
-0.077490 -0.241235 0.122020
-0.041979 -0.151451 0.125535
0.030181 -0.176828 0.115231
0.023098 -0.233861 0.071738
-0.008363 -0.159057 0.042576
0.045106 -0.090100 0.046999
0.104094 -0.146535 0.031879
0.085402 -0.156500 -0.019552
0.094949 -0.050373 -0.031673
0.171657 -0.048147 -0.006146
0.232280 -0.091428 -0.024558
0.265706 -0.004833 -0.038650
0.267981 0.033067 0.010346
0.303824 -0.042667 0.034587
0.362977 -0.038814 0.004295
0.380816 0.059109 0.015764
0.383280 0.037651 0.070246
0.392708 -0.060338 0.091162
0.336113 -0.131521 0.101791
0.299322 -0.218150 0.122672
0.239055 -0.261065 0.097059
0.196627 -0.330122 0.074652
0.200843 -0.289133 0.025296
0.277315 -0.310956 0.021387
0.290747 -0.409344 0.045731
0.209159 -0.451662 0.046485
0.149247 -0.470927 0.017101
0.127807 -0.552706 0.046108
0.115346 -0.499792 0.090682
0.066142 -0.433625 0.074481
0.015091 -0.506868 0.064315
0.011134 -0.554766 0.110997
-0.005188 -0.473319 0.140638
-0.067422 -0.450067 0.117871
-0.101772 -0.538324 0.127386
-0.095992 -0.545864 0.178954
-0.133161 -0.454120 0.187955
-0.195632 -0.485941 0.169491
-0.202217 -0.563801 0.204344
-0.200417 -0.508827 0.248472
-0.266701 -0.465978 0.243226
-0.302331 -0.551112 0.255484
-0.274330 -0.567388 0.303640
-0.291078 -0.476408 0.324179
-0.363356 -0.484878 0.317441
-0.369468 -0.571341 0.348214
-0.345944 -0.526797 0.394879
-0.397920 -0.462656 0.413189
-0.439638 -0.537161 0.437087
-0.387757 -0.580741 0.467517
-0.379418 -0.482786 0.494415
-0.432105 -0.407683 0.494638
-0.437032 -0.332182 0.455414
-0.500782 -0.384564 0.425652
-0.547617 -0.435153 0.391399
-0.570478 -0.484513 0.346843
-0.565313 -0.401239 0.315127
-0.494788 -0.398349 0.301309
-0.490121 -0.473917 0.266387
-0.542831 -0.438807 0.235083
-0.509973 -0.346598 0.223991
-0.442623 -0.388019 0.208887
-0.449185 -0.444387 0.165119
-0.439638 -0.374566 0.127592
-0.373733 -0.339157 0.145078
-0.339003 -0.432164 0.144804
-0.352388 -0.452359 0.093905
-0.318014 -0.370514 0.072801
-0.251682 -0.390078 0.092327
-0.248484 -0.484845 0.070246
-0.250734 -0.452658 0.020684
-0.190491 -0.394064 0.024490
-0.147091 -0.471060 0.038582
-0.157230 -0.522479 -0.007449
-0.133066 -0.450366 -0.039610
-0.066356 -0.447144 -0.017547
-0.048801 -0.544469 -0.027610
-0.058798 -0.539386 -0.082504
-0.034682 -0.444919 -0.101911
0.008244 -0.364501 -0.088847
-0.021297 -0.261032 -0.100676
-0.058206 -0.171812 -0.097950
-0.126007 -0.212038 -0.086858
-0.112196 -0.259338 -0.041102
-0.085734 -0.178389 -0.015609
-0.144722 -0.119629 -0.019158
-0.192173 -0.180881 0.004723
-0.157396 -0.185697 0.050788
-0.156780 -0.086280 0.060989
-0.228679 -0.069506 0.059909
-0.244954 -0.135905 0.097453
-0.210485 -0.094019 0.138187
-0.249408 -0.006361 0.144993
-0.315716 -0.060139 0.156839
-0.301075 -0.131023 0.192652
-0.292760 -0.073757 0.236506
-0.356368 -0.027719 0.241186
-0.395906 -0.114414 0.238649
-0.369729 -0.161549 0.281097
-0.386549 -0.087177 0.315658
-0.458092 -0.089269 0.306315
-0.468066 -0.185597 0.320836
-0.447858 -0.172477 0.370192
-0.498105 -0.101460 0.383410
-0.559580 -0.154806 0.371084
-0.532313 -0.242995 0.401737
-0.528949 -0.233529 0.453425
-0.544987 -0.252794 0.504273
-0.565882 -0.233628 0.553390
-0.551644 -0.223830 0.608267
-0.630768 -0.277707 0.624245
-0.656306 -0.396522 0.613393
-0.648797 -0.500889 0.646360
-0.704136 -0.544037 0.662355
-0.727258 -0.637442 0.666984
-0.780773 -0.687731 0.684625
-0.827419 -0.760143 0.679893
-0.892827 -0.791201 0.673344
-0.955534 -0.826012 0.687419
-1.000000 -0.907259 0.694688
