-0.167108 -0.849316 0.195672
-0.158419 -0.871693 0.137658
-0.173725 -0.762227 0.119287
-0.130398 -0.699477 0.146863
-0.081631 -0.754422 0.122574
-0.094784 -0.723085 0.066436
-0.092313 -0.604660 0.075409
-0.034139 -0.602776 0.093180
-0.010005 -0.646647 0.043636
-0.030671 -0.566864 0.005115
-0.002272 -0.475623 0.031221
0.055085 -0.512958 0.026522
0.055205 -0.521070 -0.033020
0.037766 -0.411489 -0.047136
0.083584 -0.358966 -0.018033
0.130498 -0.406836 -0.047117
0.114774 -0.370963 -0.101592
0.113877 -0.254191 -0.090686
0.171951 -0.243771 -0.073417
0.196803 -0.278760 -0.124315
0.171413 -0.197362 -0.159723
0.193336 -0.102046 -0.131605
0.252885 -0.126576 -0.139746
0.249557 -0.132844 -0.199540
0.229448 -0.021532 -0.209557
0.278355 0.034105 -0.186332
0.321681 -0.010920 -0.221198
0.296411 0.025723 -0.272464
0.297447 0.140534 -0.259797
0.358033 0.151992 -0.252758
0.372242 0.115734 -0.307736
0.338462 0.196170 -0.337904
0.367818 0.291103 -0.314408
0.423421 0.264803 -0.331387
0.413297 0.259113 -0.389323
0.398529 0.372424 -0.394525
0.451043 0.420909 -0.375555
0.486378 0.370040 -0.415430
0.457760 0.411604 -0.464026
0.462742 0.526376 -0.450103
0.524722 0.530260 -0.449078
0.530781 0.496040 -0.505332
0.495885 0.586666 -0.528480
0.527473 0.681483 -0.508078
0.580625 0.651953 -0.534842
0.550352 0.658067 -0.592644
0.525819 0.773531 -0.599780
0.565817 0.830860 -0.633118
0.527413 0.790026 -0.680787
0.483608 0.833397 -0.716794
0.433924 0.764765 -0.749050
0.390119 0.663488 -0.728706
0.347311 0.654645 -0.683204
0.306674 0.557059 -0.697321
0.319549 0.439019 -0.689760
0.347091 0.447247 -0.634472
0.299839 0.518648 -0.614148
0.258923 0.412873 -0.620162
0.282321 0.312250 -0.597672
0.295354 0.351315 -0.541939
0.236642 0.398762 -0.531091
0.211133 0.284259 -0.533837
0.242681 0.210743 -0.498197
0.243817 0.269263 -0.445481
0.183231 0.279145 -0.436141
0.172350 0.164411 -0.437553
0.206967 0.135189 -0.391025
0.177352 0.204745 -0.352504
0.120852 0.160758 -0.358982
0.135520 0.053061 -0.340611
0.153995 0.083090 -0.286426
0.101042 0.131613 -0.269215
0.066704 0.035451 -0.275113
0.096000 -0.031221 -0.234812
0.082508 0.038527 -0.188865
0.022142 0.026492 -0.192230
0.020766 -0.089895 -0.185346
0.046814 -0.089011 -0.131334
0.002730 -0.022070 -0.105305
-0.042111 -0.100738 -0.113872
-0.016621 -0.188711 -0.082409
-0.013213 -0.128691 -0.031627
-0.071387 -0.093625 -0.024878
-0.097495 -0.200438 -0.027779
-0.067541 -0.248385 0.020624
-0.084421 -0.164795 0.061447
-0.147598 -0.150608 0.048664
-0.185025 -0.213550 0.015035
-0.201826 -0.179637 -0.043269
-0.230584 -0.199516 -0.094418
-0.205672 -0.109697 -0.126036
-0.146820 -0.140957 -0.123348
-0.155370 -0.251115 -0.145896
-0.176515 -0.210128 -0.199095
-0.125854 -0.151146 -0.213773
-0.088786 -0.243425 -0.212090
-0.116906 -0.305637 -0.253880
-0.113797 -0.227584 -0.297835
-0.052395 -0.222508 -0.299208
-0.042649 -0.335781 -0.311623
-0.072802 -0.338588 -0.362927
-0.038364 -0.260112 -0.391528
0.013971 -0.316134 -0.386790
-0.002571 -0.414719 -0.415101
-0.013990 -0.361927 -0.467101
0.043307 -0.321170 -0.474682
0.072543 -0.424331 -0.473502
0.041653 -0.471047 -0.519159
0.056440 -0.389419 -0.559827
0.116468 -0.407067 -0.555225
0.116926 -0.520609 -0.570734
0.092672 -0.505960 -0.624706
0.133587 -0.430675 -0.646790
0.182295 -0.504153 -0.642401
0.161907 -0.591395 -0.678408
0.157722 -0.527338 -0.728300
0.216653 -0.492887 -0.731607
0.239931 -0.603237 -0.738182
0.204656 -0.628691 -0.790491
0.207804 -0.526146 -0.829419
0.272595 -0.499577 -0.817913
0.327281 -0.463588 -0.824488
0.357514 -0.383997 -0.794533
0.404289 -0.383344 -0.832784
0.380314 -0.301446 -0.877783
0.353110 -0.205014 -0.855622
0.401080 -0.175677 -0.819479
0.442494 -0.162719 -0.861888
0.413536 -0.074246 -0.889193
0.410587 -0.001077 -0.842608
0.472687 0.001115 -0.834563
0.487953 0.045101 -0.886737
0.459772 0.148608 -0.882057
0.499751 0.187250 -0.836748
0.553421 0.212319 -0.864750
0.542818 0.324208 -0.881438
0.557825 0.364657 -0.821877
0.619128 0.370732 -0.816056
0.638639 0.486197 -0.802056
0.595950 0.561866 -0.784071
0.573350 0.632767 -0.743152
0.518923 0.574323 -0.736519
0.551906 0.461512 -0.719772
0.582558 0.438596 -0.669919
0.550252 0.342395 -0.655995
0.570182 0.278261 -0.703548
0.628734 0.282182 -0.688928
0.620503 0.228814 -0.636038
0.595711 0.129537 -0.656537
0.641828 0.095509 -0.689682
0.683740 0.094817 -0.647196
0.655440 0.016110 -0.612717
0.650238 -0.075092 -0.650020
0.709728 -0.088896 -0.663440
0.727146 -0.109197 -0.605562
0.687108 -0.191556 -0.585160
0.690356 -0.262727 -0.637605
0.723579 -0.266226 -0.685583
0.700460 -0.188288 -0.739864
0.674074 -0.149800 -0.802732
0.613070 -0.135766 -0.814084
0.573370 -0.229083 -0.829245
0.618231 -0.298408 -0.865136
0.671483 -0.202322 -0.877900
0.705901 -0.115503 -0.900332
0.670068 -0.089934 -0.948058
0.632202 -0.012919 -0.923441
0.668434 0.079245 -0.934579
0.664109 0.069940 -0.995784
0.600415 0.068402 -1.000000
0.583455 0.164488 -0.959390
0.640572 0.243310 -0.973720
0.696196 0.305022 -0.981261
0.742053 0.220586 -0.966120
0.794727 0.152722 -0.967106
0.779899 0.121347 -0.899326
0.768998 0.110158 -0.839688
0.785061 0.119925 -0.781963
0.814656 0.093394 -0.731027
0.772964 0.010497 -0.712559
0.803257 -0.078591 -0.746014
0.851864 -0.110005 -0.709910
0.890587 -0.156298 -0.670576
0.917472 -0.032605 -0.673458
0.915519 0.086050 -0.661719
0.930845 0.193479 -0.705133
0.938259 0.263534 -0.751197
0.933874 0.182059 -0.799967
0.917153 0.070594 -0.804589
0.884888 0.071901 -0.854887
0.933336 0.098316 -0.889696
0.967176 0.004845 -0.878016
0.924707 -0.078783 -0.891030
0.919884 -0.048716 -0.949315
0.984874 -0.068171 -0.962310
1.000000 -0.173677 -0.925606
0.945991 -0.219855 -0.883101
0.894254 -0.273800 -0.862951
0.911214 -0.305214 -0.806967
0.890508 -0.197401 -0.783046
0.826753 -0.240464 -0.787629
0.770612 -0.282375 -0.791149
0.731172 -0.367887 -0.816830
0.676166 -0.335897 -0.786527
0.618770 -0.294333 -0.772062
0.570680 -0.256075 -0.738627
0.529107 -0.335512 -0.753904
0.553740 -0.432213 -0.731607
0.562509 -0.389073 -0.676416
0.504753 -0.367079 -0.664349
0.484943 -0.478853 -0.672027
0.522570 -0.530721 -0.633022
0.499791 -0.465241 -0.587732
0.441955 -0.496001 -0.590594
0.447894 -0.618887 -0.593630
0.500847 -0.640687 -0.552382
0.489706 -0.606660 -0.494310
0.477589 -0.594163 -0.437572
0.439883 -0.499385 -0.445017
0.392989 -0.557021 -0.468900
0.386133 -0.632152 -0.424461
0.370927 -0.548447 -0.385649
0.321402 -0.509382 -0.414792
0.290611 -0.611812 -0.413535
0.288977 -0.619040 -0.354090
0.259940 -0.517456 -0.344904
0.208083 -0.544986 -0.373776
0.193535 -0.638188 -0.340862
0.191881 -0.582782 -0.288069
0.145724 -0.512112 -0.301993
0.103314 -0.594317 -0.314524
0.103813 -0.644494 -0.260822
0.089962 -0.547485 -0.228876
0.035076 -0.531990 -0.256490
0.009327 -0.632113 -0.240227
0.014788 -0.611658 -0.183141
-0.018375 -0.513419 -0.181942
-0.070152 -0.564442 -0.201106
-0.077625 -0.640495 -0.156919
-0.077526 -0.560174 -0.113253
-0.126193 -0.497885 -0.134486
-0.168603 -0.581744 -0.133578
-0.163262 -0.612119 -0.076801
-0.177213 -0.501846 -0.056844
-0.231640 -0.491310 -0.081346
-0.256293 -0.583474 -0.053479
-0.247783 -0.551177 0.002137
-0.278434 -0.444786 -0.002620
-0.333479 -0.483813 -0.020759
-0.345517 -0.551292 0.027470
-0.339558 -0.468817 0.068524
-0.388106 -0.403722 0.043056
-0.434382 -0.495886 0.049032
-0.438249 -0.516226 0.110372
-0.479782 -0.440249 0.133230
-0.527832 -0.519340 0.127718
-0.504913 -0.596124 0.175290
-0.496522 -0.520840 0.222339
-0.555533 -0.489695 0.223635
-0.577296 -0.602891 0.229011
-0.543915 -0.628191 0.279754
-0.565957 -0.539795 0.312261
-0.624848 -0.569517 0.304990
-0.616956 -0.681521 0.327152
-0.595831 -0.649185 0.381569
-0.645734 -0.586743 0.395647
-0.686410 -0.677791 0.386752
-0.660163 -0.760151 0.425969
-0.666401 -0.695248 0.476383
-0.731212 -0.687289 0.473309
-0.749188 -0.813096 0.474894
-0.733424 -0.841703 0.538362
-0.796022 -0.873847 0.570482
-0.833509 -0.932444 0.606877
-0.884569 -0.961089 0.638978
-0.888335 -1.000000 0.702407
-0.923072 -0.938365 0.757984
-0.969588 -0.923254 0.803313
-0.972876 -0.860504 0.860689
-0.990753 -0.741387 0.899926
-1.000000 -0.631267 0.936939
-0.968771 -0.509920 0.957321
-0.972238 -0.398493 0.982267
-0.932619 -0.297601 1.000000
-0.887598 -0.193863 0.975615
-0.862387 -0.092356 0.978574
-0.820476 -0.009651 0.939221
-0.791956 0.086396 0.924466
-0.752137 0.146186 0.873374
-0.725213 0.237465 0.844058
-0.695279 0.261804 0.778792
-0.668992 0.316249 0.733115
-0.657752 0.339665 0.661565
-0.670865 0.357928 0.596879
-0.685992 0.388188 0.537511
-0.711282 0.401453 0.480116
-0.725332 0.430291 0.423823
-0.702852 0.489542 0.361535
-0.704964 0.526915 0.301200
-0.695279 0.610697 0.254750
-0.655739 0.686058 0.206173
-0.648843 0.738657 0.149396
-0.629791 0.865964 0.127448
-0.597764 0.959974 0.100858
-0.536700 1.000000 0.067364
