0.736913 0.221836 -0.449904
0.703226 0.170227 -0.444905
0.652463 0.136198 -0.445510
0.604912 0.110414 -0.426644
0.567891 0.062136 -0.429666
0.514790 0.032261 -0.423606
0.535465 0.001090 -0.382689
0.529244 0.049943 -0.350854
0.468275 0.060574 -0.356065
0.450690 0.003783 -0.340074
0.475432 0.005963 -0.294273
0.442050 0.055002 -0.279115
0.385147 0.029999 -0.284506
0.393442 -0.018896 -0.253357
0.406453 0.016675 -0.212538
0.351095 0.047106 -0.211917
0.315355 -0.003537 -0.205629
0.341987 -0.024694 -0.163536
0.328651 0.027943 -0.136013
0.266116 0.022247 -0.139296
0.262294 -0.035160 -0.117866
0.289699 -0.016182 -0.073699
0.250544 0.031562 -0.060338
0.198317 -0.006333 -0.051550
0.224583 -0.035324 -0.004623
0.200106 -0.007155 0.033419
0.182459 -0.018238 0.076182
0.164732 0.009931 0.113717
0.168981 0.009952 0.159207
0.132347 0.002940 0.196857
0.110208 0.038532 0.233788
0.093903 0.056996 0.279279
0.054870 0.093266 0.310526
0.048812 0.044433 0.353647
0.066783 0.023440 0.403564
0.062717 -0.021672 0.445020
0.073309 -0.028416 0.495459
0.005550 -0.025661 0.512152
-0.054707 -0.036476 0.533697
-0.113826 -0.030863 0.553445
-0.171258 -0.030184 0.574957
-0.229381 -0.010096 0.573552
-0.279676 0.024345 0.548234
-0.331964 0.047558 0.530806
-0.368355 0.056379 0.490722
-0.376710 0.119729 0.496178
-0.315314 0.131901 0.476610
-0.322694 0.111998 0.426399
-0.313342 0.113128 0.369067
-0.255179 0.067359 0.359152
-0.210901 0.023460 0.327823
-0.149647 -0.012748 0.316210
-0.096465 -0.042418 0.300399
-0.036594 -0.054837 0.291676
0.013906 -0.073918 0.266195
0.060501 -0.112080 0.253455
0.107341 -0.071821 0.268645
0.101893 -0.088023 0.319607
0.084307 -0.148638 0.337232
0.025087 -0.132538 0.361079
-0.032650 -0.138337 0.378589
-0.083189 -0.083849 0.376858
-0.120393 -0.028889 0.391428
-0.149546 0.031089 0.386642
-0.181646 0.080025 0.413593
-0.227714 0.130996 0.417840
-0.256907 0.186985 0.438895
-0.275671 0.247147 0.447731
-0.210006 0.263946 0.447160
-0.165322 0.231788 0.421891
-0.142552 0.173250 0.440871
-0.101222 0.118392 0.443599
-0.097969 0.045482 0.450165
-0.084592 -0.016593 0.462840
-0.106142 -0.085926 0.455408
-0.124947 -0.148227 0.450720
-0.156071 -0.197286 0.429551
-0.167517 -0.230410 0.473849
-0.215373 -0.197800 0.495083
-0.275610 -0.183407 0.502123
-0.273232 -0.120757 0.494838
-0.258798 -0.125609 0.445248
-0.311472 -0.153881 0.430777
-0.350261 -0.109345 0.448450
-0.325378 -0.061252 0.421041
-0.336335 -0.084610 0.376237
-0.398097 -0.091066 0.380827
-0.408547 -0.028786 0.386070
-0.383338 -0.009047 0.342442
-0.420765 -0.043097 0.312600
-0.473907 -0.015606 0.327676
-0.457175 0.043569 0.314070
-0.447803 0.031418 0.264660
-0.506394 0.009643 0.255970
-0.536075 0.063966 0.267910
-0.510317 0.101347 0.232024
-0.531725 0.068983 0.190748
-0.595113 0.074967 0.197903
-0.592165 0.142881 0.192186
-0.585822 0.147815 0.142285
-0.630324 0.157479 0.107837
-0.667385 0.161838 0.070449
-0.679380 0.180549 0.022884
-0.727053 0.203228 -0.004819
-0.752079 0.219718 -0.050750
-0.781150 0.274021 -0.070481
-0.817825 0.297378 -0.107723
-0.845677 0.355505 -0.122391
-0.886845 0.391673 -0.148035
-0.901075 0.443837 -0.178514
-0.945821 0.495199 -0.180687
-0.964545 0.554888 -0.196563
-0.979569 0.623707 -0.185162
-1.000000 0.681896 -0.202280
-0.985973 0.753984 -0.203489
-0.980565 0.818773 -0.227075
-0.954177 0.884486 -0.230538
-0.898575 0.938316 -0.238950
-0.835553 0.963175 -0.264709
-0.781110 0.953470 -0.301607
-0.730163 0.956369 -0.333736
-0.691211 0.904842 -0.367107
-0.666064 0.871471 -0.412254
-0.629124 0.808430 -0.429568
-0.617272 0.760707 -0.464539
-0.594137 0.687941 -0.474895
-0.584846 0.623419 -0.487799
-0.572323 0.556246 -0.500474
-0.542194 0.486645 -0.512430
-0.513875 0.424016 -0.529254
-0.469129 0.370597 -0.544739
-0.438126 0.301532 -0.548986
-0.400150 0.238799 -0.530087
-0.405213 0.170762 -0.539855
-0.360304 0.109407 -0.534203
-0.344813 0.046613 -0.532750
-0.294781 -0.012584 -0.525514
-0.255443 -0.065817 -0.511907
-0.220354 -0.124005 -0.484221
-0.183537 -0.181145 -0.467430
-0.125333 -0.228231 -0.450720
-0.080160 -0.279305 -0.429731
-0.015532 -0.314280 -0.408595
0.030007 -0.355752 -0.380468
0.080729 -0.377814 -0.343978
0.111692 -0.428662 -0.303420
0.141088 -0.462938 -0.261948
0.155177 -0.508235 -0.212571
0.155909 -0.532292 -0.157394
0.158775 -0.568418 -0.110565
0.120901 -0.595620 -0.062282
0.089939 -0.637483 -0.026592
0.060278 -0.656112 0.026641
0.010063 -0.701737 0.042942
-0.031125 -0.736034 0.085231
-0.080262 -0.756842 0.121999
-0.128911 -0.793811 0.139639
-0.167233 -0.834954 0.180523
-0.212934 -0.866434 0.214057
-0.256846 -0.878894 0.260527
-0.310476 -0.898386 0.294437
-0.344244 -0.886728 0.343471
-0.403993 -0.858764 0.375404
-0.451483 -0.847497 0.410424
-0.507410 -0.803557 0.433913
-0.539917 -0.752976 0.459884
-0.590437 -0.697461 0.471399
-0.617293 -0.631664 0.474470
-0.650654 -0.575511 0.486982
-0.694932 -0.528981 0.505733
-0.736709 -0.488722 0.548202
-0.765008 -0.449429 0.591699
-0.801602 -0.426771 0.637206
-0.829149 -0.409006 0.690144
-0.877330 -0.390974 0.725916
-0.890138 -0.363545 0.782496
-0.937364 -0.329475 0.822694
-0.946533 -0.284199 0.863399
-0.967818 -0.228868 0.902208
-0.972474 -0.174956 0.942357
-0.940434 -0.123347 0.982245
-0.902356 -0.060430 0.994936
-0.885483 0.007587 1.000000
-0.845047 0.063617 0.992503
-0.817378 0.125054 0.961664
-0.806522 0.176396 0.926922
-0.822684 0.228313 0.882493
-0.834435 0.255721 0.830698
-0.833398 0.278051 0.773431
-0.836712 0.313416 0.724772
-0.823558 0.359720 0.680376
-0.843054 0.388054 0.635556
-0.822318 0.444618 0.600111
-0.817114 0.490943 0.565614
-0.773547 0.549399 0.545931
-0.730102 0.592639 0.524370
-0.693305 0.638532 0.505848
-0.653662 0.699065 0.520744
-0.609059 0.750139 0.515664
-0.558052 0.790645 0.547630
-0.506516 0.833063 0.552595
-0.453191 0.870464 0.584398
-0.407876 0.887159 0.630950
-0.349204 0.929577 0.632240
-0.309642 0.962537 0.678171
-0.262620 0.974771 0.726700
-0.205676 1.000000 0.756885
-0.152168 0.997348 0.802800
-0.100429 0.984168 0.837166
-0.028075 0.970803 0.855166
0.040619 0.961530 0.861765
0.108256 0.950406 0.868969
0.175649 0.917323 0.854742
0.239342 0.907515 0.845987
0.301246 0.867133 0.827725
0.353290 0.825332 0.826958
0.394926 0.764778 0.808860
0.444734 0.720037 0.794584
0.493728 0.664748 0.801085
0.524142 0.603845 0.829865
0.568074 0.555834 0.837264
0.584399 0.483808 0.853386
0.624408 0.422782 0.852243
0.657037 0.356616 0.862304
0.664600 0.280580 0.873379
0.698794 0.222268 0.867874
0.703918 0.148514 0.851720
0.739942 0.095384 0.832315
0.744252 0.019184 0.828166
0.761390 -0.041040 0.792248
0.779422 -0.096659 0.769299
0.771128 -0.168623 0.745320
0.798004 -0.218258 0.720738
0.791315 -0.293492 0.701235
0.815447 -0.349316 0.684296
0.822745 -0.426627 0.676064
0.813454 -0.494685 0.660890
0.821728 -0.563463 0.646990
0.794039 -0.629732 0.652707
0.763179 -0.688208 0.666803
0.716319 -0.748062 0.651825
0.688264 -0.806559 0.651187
0.624510 -0.848319 0.657884
0.578564 -0.898674 0.658668
0.510134 -0.924663 0.670168
0.453516 -0.959905 0.670429
0.386225 -0.979171 0.689458
0.326902 -1.000000 0.702868
0.252638 -0.994716 0.717863
0.191710 -0.968109 0.730538
0.119742 -0.963134 0.727908
0.064303 -0.909797 0.724723
0.000224 -0.895651 0.712995
-0.057696 -0.845605 0.721652
-0.102462 -0.791303 0.724837
-0.153876 -0.748206 0.743589
-0.181301 -0.703321 0.786956
-0.219338 -0.670237 0.816145
-0.217183 -0.618156 0.861782
-0.203602 -0.576025 0.900248
-0.177133 -0.508317 0.914426
-0.174328 -0.447538 0.939156
-0.145093 -0.385895 0.934354
-0.142898 -0.322998 0.948123
-0.131635 -0.264295 0.918020
-0.150054 -0.202036 0.907517
-0.146496 -0.149337 0.879553
-0.123666 -0.110188 0.846673
-0.115839 -0.052945 0.827807
-0.114111 -0.005757 0.795988
-0.077619 0.025887 0.764611
-0.069101 0.088311 0.751723
-0.034622 0.112882 0.710970
-0.028157 0.165724 0.682777
-0.034134 0.219081 0.656235
0.013682 0.242212 0.622129
0.025514 0.276200 0.579824
0.005021 0.298221 0.528944
-0.013906 0.348514 0.499151
-0.038809 0.382358 0.458283
-0.054484 0.390686 0.409885
-0.081014 0.431438 0.378426
-0.126065 0.448360 0.344092
-0.146395 0.491724 0.311359
-0.187217 0.526761 0.284914
-0.204761 0.546808 0.234181
-0.237004 0.588013 0.204110
-0.261197 0.610548 0.158244
-0.258228 0.663678 0.122064
-0.263474 0.701306 0.079383
-0.233325 0.736980 0.038744
-0.247962 0.785751 0.002107
-0.205757 0.828498 -0.037062
-0.162780 0.852534 -0.074663
-0.130761 0.862856 -0.129267
-0.112708 0.874103 -0.181471
-0.058834 0.891498 -0.220917
-0.014353 0.901079 -0.257538
0.046697 0.895754 -0.291480
0.079530 0.910743 -0.337215
0.130253 0.937535 -0.369344
0.185570 0.969137 -0.392963
0.230499 0.989164 -0.428800
0.299681 0.982420 -0.455196
0.341052 0.966300 -0.503185
0.364634 0.980672 -0.556336
0.427169 0.959412 -0.585427
0.470085 0.946006 -0.624906
0.520015 0.940742 -0.659501
0.567098 0.964943 -0.693885
0.615971 0.971708 -0.726977
0.681921 0.962496 -0.750172
0.729208 0.959885 -0.791742
0.786294 0.951270 -0.822449
0.853158 0.942942 -0.838081
0.902682 0.929249 -0.869165
0.950233 0.876838 -0.889648
0.988839 0.844186 -0.921434
0.999959 0.770453 -0.936869
0.989408 0.715472 -0.968688
0.966537 0.662815 -1.000000
1.000000 0.597204 -0.984319
0.990181 0.549830 -0.943582
0.936063 0.501655 -0.926105
0.901380 0.452802 -0.912221
0.839232 0.447579 -0.880599
0.781943 0.424324 -0.866813
0.726057 0.407053 -0.852782
0.682165 0.411473 -0.814332
0.626746 0.407011 -0.790680
0.583443 0.424859 -0.758453
0.552522 0.419965 -0.713567
0.507166 0.403208 -0.682091
0.468662 0.423173 -0.645405
0.447885 0.362311 -0.630884
0.500112 0.345122 -0.603329
0.494663 0.388753 -0.565238
0.437659 0.372633 -0.544968
0.452540 0.313560 -0.529565
0.498628 0.328673 -0.496701
0.461140 0.363792 -0.466842
0.418732 0.320407 -0.453383
0.460144 0.280929 -0.431626
0.482771 0.322587 -0.398190
0.428226 0.334738 -0.374784
0.414950 0.275645 -0.359936
0.467218 0.267811 -0.333050
0.456179 0.316459 -0.301166
0.401614 0.295960 -0.282545
0.424546 0.240999 -0.264872
0.464718 0.267297 -0.232661
0.423164 0.299332 -0.205090
0.391165 0.249059 -0.189899
0.438960 0.219759 -0.166982
0.450141 0.266948 -0.134919
0.394052 0.265447 -0.112427
0.399358 0.205593 -0.095178
0.452825 0.214085 -0.069942
0.429954 0.260389 -0.039953
0.381996 0.227861 -0.019927
0.417817 0.181495 -0.000996
0.454959 0.218855 0.026461
0.408709 0.244536 0.054458
0.384781 0.190028 0.071429
0.443331 0.174093 0.093381
0.454756 0.228704 0.121411
0.408099 0.223954 0.152200
0.439062 0.169158 0.171180
0.476204 0.135170 0.198621
0.518815 0.085371 0.198703
0.512879 0.076838 0.254533
0.496961 0.002694 0.263010
0.554352 -0.035962 0.268498
0.568521 -0.051239 0.328232
0.523044 -0.047147 0.372186
0.511110 -0.092074 0.410294
0.492021 -0.056585 0.460243
0.446116 -0.030492 0.490347
0.391185 0.008841 0.497664
0.399805 0.055289 0.450835
0.363679 0.087859 0.406733
0.356055 0.130441 0.371974
0.327817 0.169466 0.335941
0.319787 0.196176 0.292019
0.297770 0.240711 0.263337
0.295005 0.245297 0.213322
0.298014 0.228046 0.162474
0.245949 0.262465 0.128026
0.230743 0.327933 0.137140
0.215495 0.378575 0.107559
0.182988 0.418608 0.138006
0.164508 0.475234 0.141060
0.144280 0.517960 0.174480
0.119112 0.572756 0.182042
0.117445 0.622145 0.216099
0.100714 0.677023 0.235389
0.104414 0.732271 0.263026
