0.678216 1.000000 0.830157
0.658708 0.831330 0.837787
0.638507 0.655056 0.843222
0.581787 0.485601 0.842107
0.507408 0.334985 0.845382
0.432659 0.198548 0.861164
0.310205 0.070353 0.861164
0.170276 0.038463 0.885134
0.104079 -0.075406 0.939031
0.014492 -0.204386 0.973870
-0.090720 -0.343031 1.000000
-0.197550 -0.487907 0.998885
-0.213360 -0.656969 0.954256
-0.185069 -0.811019 0.920496
-0.179244 -0.893441 0.811657
-0.136808 -0.964725 0.686966
-0.082029 -0.972379 0.568303
-0.072738 -0.956287 0.459987
-0.203883 -1.000000 0.391945
-0.278632 -0.911053 0.304567
-0.354998 -0.825197 0.244957
-0.480319 -0.709856 0.258544
-0.557610 -0.572634 0.252308
-0.559043 -0.432174 0.329060
-0.458639 -0.286906 0.341846
-0.435895 -0.142815 0.331777
-0.323056 -0.125497 0.429502
-0.161447 -0.151303 0.381040
-0.075049 -0.067164 0.308644
0.050549 -0.033999 0.295858
0.108702 0.032331 0.197331
0.232220 0.035029 0.139080
0.310389 0.120149 0.057694
0.404137 0.126772 -0.037453
0.496221 0.233037 -0.093579
0.593343 0.261394 -0.183848
0.675350 0.355689 -0.244156
0.726985 0.452632 -0.333031
0.796325 0.576068 -0.375222
0.754444 0.731688 -0.395777
0.612158 0.681107 -0.448699
0.533757 0.627042 -0.342543
0.500196 0.763136 -0.285789
0.373443 0.789972 -0.350172
0.300821 0.648138 -0.333902
0.307708 0.655399 -0.222625
0.242344 0.794535 -0.210849
0.115035 0.753177 -0.267777
0.081706 0.637001 -0.200815
0.081706 0.726341 -0.108421
-0.017543 0.829809 -0.138557
-0.126037 0.721336 -0.159774
-0.122293 0.663838 -0.057869
-0.152063 0.803758 -0.008989
-0.279695 0.838248 -0.063965
-0.341824 0.697199 -0.025050
-0.288386 0.642006 0.076612
-0.147902 0.576068 0.081106
-0.035895 0.512829 0.146709
0.103987 0.476034 0.166289
0.179845 0.359123 0.218270
0.340575 0.337487 0.206564
0.492245 0.305647 0.190781
0.577811 0.170534 0.186705
0.719034 0.107688 0.179354
0.768866 -0.044596 0.153224
0.869271 -0.155620 0.151064
0.858454 -0.303733 0.141797
0.916237 -0.446549 0.158938
0.901075 -0.591032 0.135003
0.828822 -0.619389 0.233251
0.698463 -0.546583 0.202766
0.678585 -0.646617 0.113229
0.674240 -0.786881 0.173083
0.561216 -0.756218 0.249033
0.454663 -0.708679 0.165209
0.484664 -0.834813 0.081768
0.455773 -0.985429 0.098526
0.351023 -0.946328 0.005714
0.443106 -0.880390 -0.087099
0.532694 -0.985429 -0.142703
0.408806 -0.986950 -0.223670
0.403028 -0.814502 -0.257430
0.437328 -0.704852 -0.327178
0.420363 -0.589903 -0.248545
0.548226 -0.622479 -0.186252
0.644655 -0.620910 -0.272550
0.609985 -0.463376 -0.295823
0.639940 -0.400922 -0.196147
0.782596 -0.457636 -0.192872
0.820178 -0.389246 -0.295056
0.775384 -0.232252 -0.265373
0.878655 -0.216062 -0.179737
1.000000 -0.217534 -0.261680
0.939351 -0.085218 -0.338745
0.831735 0.029387 -0.281852
0.698833 0.094687 -0.260182
0.563019 0.075798 -0.206877
0.405940 0.098317 -0.211232
0.291991 0.067851 -0.130857
0.137594 0.062111 -0.118071
0.044539 0.019673 -0.024248
-0.098440 -0.022175 0.007874
-0.185023 -0.043517 0.101766
-0.328279 -0.130599 0.088736
-0.374691 -0.282883 0.094450
-0.396186 -0.427366 0.035362
-0.352317 -0.541186 -0.055674
-0.350838 -0.674582 -0.097795
-0.384999 -0.712898 -0.223879
-0.351208 -0.737821 -0.344738
-0.291437 -0.742040 -0.463262
-0.232220 -0.779964 -0.568059
-0.129042 -0.745474 -0.666307
-0.034647 -0.781926 -0.753963
0.115729 -0.757739 -0.812215
0.250433 -0.825982 -0.847054
0.392211 -0.822941 -0.871547
0.517162 -0.738213 -0.868272
0.655102 -0.728646 -0.904749
0.786201 -0.668057 -0.888966
0.806449 -0.614041 -1.000000
0.718294 -0.467595 -0.989688
0.794152 -0.344012 -0.930321
0.849070 -0.198450 -0.940146
0.884433 -0.057499 -0.896039
0.722640 0.001276 -0.906944
0.607073 -0.118138 -0.867749
0.498394 -0.124221 -0.796955
0.392904 -0.228229 -0.790963
0.284595 -0.247903 -0.700345
0.201525 -0.204386 -0.590113
0.098301 -0.141392 -0.529945
-0.005986 -0.189226 -0.443124
-0.144297 -0.155031 -0.399993
-0.252467 -0.191532 -0.328816
-0.400717 -0.142815 -0.331185
-0.482492 -0.251239 -0.362819
-0.484664 -0.329834 -0.453332
-0.356801 -0.225973 -0.507090
-0.245949 -0.174803 -0.583040
-0.140136 -0.061227 -0.608334
-0.062013 0.016435 -0.691078
0.058038 0.115537 -0.719681
0.122616 0.211402 -0.795875
0.238553 0.300496 -0.832909
0.143187 0.447285 -0.790440
0.075558 0.571849 -0.746054
-0.042413 0.551931 -0.817650
-0.080874 0.399401 -0.777375
-0.101722 0.441152 -0.670662
-0.206564 0.549232 -0.691078
-0.304796 0.448462 -0.745253
-0.301190 0.333660 -0.659513
-0.346169 0.442329 -0.583563
-0.465157 0.502478 -0.645891
-0.541385 0.353775 -0.654357
-0.550769 0.325958 -0.527785
-0.625887 0.476034 -0.489113
-0.756246 0.513222 -0.458524
-0.811487 0.582986 -0.376302
-0.927794 0.465682 -0.374281
-0.838946 0.336506 -0.315403
-0.843985 0.357994 -0.206529
-0.899642 0.268655 -0.135108
-0.910459 0.266742 -0.029544
-0.845464 0.187411 0.051144
-0.975454 0.148506 0.107236
-0.979059 -0.013393 0.053200
-0.850503 -0.099298 0.095251
-0.901075 -0.141589 0.204404
-1.000000 -0.280969 0.167369
-0.922755 -0.423147 0.124098
-0.818005 -0.540450 0.183709
-0.833907 -0.664230 0.249834
-0.807188 -0.827896 0.189423
-0.682191 -0.926409 0.133888
