-0.541688 -0.127184 -0.378153
-0.495872 -0.127633 -0.369782
-0.450200 -0.164758 -0.383511
-0.411611 -0.204680 -0.398236
-0.361579 -0.232817 -0.385283
-0.319964 -0.276582 -0.396259
-0.272047 -0.271479 -0.400567
-0.222536 -0.292871 -0.387465
-0.177603 -0.329953 -0.386006
-0.131077 -0.350234 -0.383266
-0.077959 -0.348847 -0.383852
-0.032114 -0.378649 -0.395863
0.014282 -0.394319 -0.400185
0.049192 -0.435885 -0.421918
0.100730 -0.427474 -0.413520
0.146807 -0.468868 -0.415346
0.188612 -0.514298 -0.417705
0.235891 -0.523798 -0.423540
0.286314 -0.540514 -0.406662
0.333449 -0.548093 -0.399722
0.383742 -0.543524 -0.381234
0.430471 -0.550783 -0.362815
0.472507 -0.548456 -0.343482
0.514340 -0.524183 -0.313691
0.563865 -0.548798 -0.297249
0.603468 -0.506250 -0.283110
0.640622 -0.504008 -0.247416
0.684585 -0.497967 -0.215431
0.722797 -0.479094 -0.190004
0.748320 -0.471131 -0.145843
0.769178 -0.487186 -0.098506
0.767976 -0.488787 -0.052150
0.778623 -0.517138 -0.005235
0.771873 -0.575462 0.030145
0.746871 -0.606503 0.063753
0.719175 -0.670356 0.083208
0.708152 -0.746955 0.088048
0.676604 -0.779149 0.122542
0.634843 -0.831538 0.130846
0.606553 -0.886105 0.144998
0.566154 -0.905853 0.177651
0.537241 -0.910848 0.211286
0.488412 -0.894282 0.225752
0.443928 -0.904358 0.250770
0.413567 -0.861191 0.271085
0.364766 -0.829233 0.270758
0.319167 -0.803742 0.274753
0.290428 -0.742814 0.274453
0.245234 -0.723877 0.274534
0.208384 -0.686154 0.277725
0.162944 -0.679942 0.274521
0.155426 -0.634854 0.243599
0.161177 -0.673174 0.207660
0.121574 -0.712413 0.213399
0.088403 -0.667304 0.211245
0.096138 -0.643756 0.172525
0.087838 -0.702614 0.153137
0.045426 -0.713993 0.169375
0.028840 -0.657803 0.150260
0.040616 -0.666129 0.109181
0.016788 -0.724155 0.105036
-0.025711 -0.699732 0.112794
-0.028594 -0.654857 0.079145
-0.013660 -0.707482 0.045524
-0.038922 -0.761963 0.034712
-0.049351 -0.808183 0.006694
-0.095704 -0.839181 -0.007103
-0.119778 -0.890823 -0.026600
-0.173301 -0.895755 -0.035067
-0.219958 -0.920818 -0.037057
-0.269439 -0.910080 -0.018201
-0.316487 -0.917338 -0.015706
-0.362854 -0.903504 -0.008712
-0.410192 -0.909567 -0.001991
-0.455922 -0.901049 0.010294
-0.489136 -0.882796 0.049437
-0.523944 -0.853228 0.073978
-0.553668 -0.792577 0.093993
-0.605525 -0.766980 0.092452
-0.635495 -0.715338 0.110258
-0.672649 -0.686283 0.126769
-0.706631 -0.623048 0.130423
-0.734935 -0.560006 0.112181
-0.777623 -0.513444 0.101655
-0.783780 -0.436461 0.091143
-0.816024 -0.388384 0.063384
-0.841040 -0.343019 0.030622
-0.829886 -0.269942 0.011534
-0.859667 -0.230533 -0.017370
-0.853656 -0.154617 -0.031958
-0.835955 -0.093752 -0.063698
-0.843763 -0.039484 -0.088594
-0.826221 0.035044 -0.104055
-0.816704 0.102206 -0.113121
-0.812779 0.175154 -0.120034
-0.840837 0.243833 -0.123824
-0.860261 0.313664 -0.123156
-0.891303 0.375596 -0.103809
-0.913393 0.423097 -0.072178
-0.948143 0.471110 -0.050405
-0.972377 0.505652 -0.008439
-0.979518 0.539404 0.038980
-1.000000 0.581546 0.077046
-0.997248 0.612672 0.122883
-0.989382 0.649115 0.164971
-0.980474 0.686517 0.206187
-0.977983 0.695804 0.257996
-0.955893 0.688823 0.303193
-0.937685 0.711815 0.343604
-0.907092 0.689250 0.384765
-0.881279 0.657782 0.417282
-0.842097 0.605862 0.433030
-0.796483 0.595828 0.446350
-0.759792 0.562140 0.452417
-0.724984 0.518632 0.440242
-0.689655 0.483556 0.443160
-0.663770 0.436803 0.432580
-0.644258 0.381339 0.435279
-0.611217 0.342591 0.432675
-0.581566 0.308114 0.413410
-0.547005 0.272803 0.415701
-0.507185 0.264349 0.430726
-0.469740 0.233906 0.426295
-0.446159 0.177375 0.425354
-0.412466 0.138776 0.432362
-0.362898 0.131902 0.417051
-0.321050 0.116254 0.396163
-0.270960 0.129511 0.387901
-0.229982 0.143025 0.371609
-0.186396 0.177204 0.379816
-0.161582 0.111749 0.368009
-0.142708 0.060598 0.347531
-0.113231 0.016599 0.332315
-0.081581 -0.008678 0.308510
-0.075960 -0.049326 0.275966
-0.024610 -0.052037 0.284514
0.004418 -0.088074 0.315355
-0.012993 -0.146825 0.330502
-0.016890 -0.210294 0.351812
-0.028101 -0.272760 0.364369
-0.033026 -0.329355 0.396750
-0.029854 -0.382855 0.421400
-0.023611 -0.417226 0.455867
0.020946 -0.431466 0.445805
0.042557 -0.374913 0.460066
0.040819 -0.344492 0.498882
0.017035 -0.278631 0.490006
-0.003592 -0.229401 0.473618
-0.020149 -0.198531 0.437679
-0.023930 -0.130365 0.445341
-0.042992 -0.071315 0.421700
-0.065835 -0.024071 0.404357
-0.070514 0.035791 0.381739
-0.078466 0.087881 0.355616
-0.072643 0.126864 0.322185
-0.042992 0.168152 0.345145
-0.003433 0.136770 0.350380
0.043774 0.144263 0.361547
0.080567 0.153913 0.386074
0.064546 0.205149 0.411802
0.015702 0.177844 0.410152
-0.020250 0.137197 0.427767
-0.062185 0.106433 0.420596
-0.110812 0.078680 0.424154
-0.153427 0.067899 0.425354
-0.197448 0.111173 0.426390
-0.240773 0.136151 0.445955
-0.290689 0.160296 0.449200
-0.330827 0.190611 0.465165
-0.373602 0.219624 0.451190
-0.408859 0.231451 0.477804
-0.402268 0.219239 0.521651
-0.423880 0.257838 0.551114
-0.443319 0.196161 0.569547
-0.406397 0.153998 0.583236
-0.379845 0.114759 0.607913
-0.372052 0.056905 0.574919
-0.342025 0.014421 0.545851
-0.329321 -0.038972 0.519674
-0.293282 -0.064889 0.494301
-0.280086 -0.106540 0.457462
-0.244438 -0.144925 0.436138
-0.236080 -0.182904 0.393082
-0.235732 -0.222079 0.355602
-0.240585 -0.218770 0.306697
-0.241425 -0.204146 0.265440
-0.242714 -0.166380 0.231615
-0.285271 -0.197293 0.216453
-0.323773 -0.228846 0.210659
-0.335984 -0.227523 0.256783
-0.309549 -0.235806 0.289873
-0.293224 -0.282709 0.313241
-0.262819 -0.310526 0.336215
-0.219320 -0.329270 0.347940
-0.184933 -0.360097 0.366837
-0.167232 -0.308391 0.386742
-0.153920 -0.264840 0.424004
-0.149183 -0.230319 0.459575
-0.111942 -0.201862 0.488097
-0.112912 -0.162879 0.531672
-0.145171 -0.126907 0.548578
-0.185295 -0.156325 0.547842
-0.183107 -0.228569 0.537316
-0.213512 -0.285826 0.519510
-0.214830 -0.319428 0.482439
-0.207645 -0.259439 0.458184
-0.216858 -0.199876 0.486093
-0.232661 -0.137688 0.502222
-0.247610 -0.096271 0.540479
-0.269077 -0.029557 0.552314
-0.281447 0.028127 0.576623
-0.306029 0.091511 0.574851
-0.314300 0.163178 0.581368
-0.326989 0.221438 0.565730
-0.314242 0.255254 0.603087
-0.266267 0.240951 0.592466
-0.267093 0.200324 0.549546
-0.269816 0.185957 0.507171
-0.224419 0.157328 0.507240
-0.189264 0.105814 0.489393
-0.149198 0.062925 0.490674
-0.124718 0.006565 0.484307
-0.092836 -0.037947 0.503872
-0.081407 -0.098300 0.489025
-0.089953 -0.123897 0.450277
-0.092387 -0.190035 0.427044
-0.087288 -0.252436 0.402776
-0.099224 -0.318937 0.397513
-0.093502 -0.379034 0.374840
-0.101961 -0.441051 0.353434
-0.107813 -0.495853 0.328593
-0.133438 -0.535241 0.306479
-0.148734 -0.570338 0.341764
-0.174098 -0.511075 0.357797
-0.210122 -0.488210 0.338410
-0.242033 -0.522026 0.358356
-0.230851 -0.505225 0.398249
-0.236094 -0.438319 0.391582
-0.279405 -0.440112 0.380866
-0.297511 -0.474227 0.412620
-0.286966 -0.432063 0.442724
-0.311272 -0.381254 0.427508
-0.350962 -0.410480 0.429090
-0.350122 -0.420920 0.471246
-0.348644 -0.351195 0.477518
-0.362463 -0.309010 0.444837
-0.335477 -0.297567 0.407725
-0.362188 -0.247548 0.379244
-0.373631 -0.191081 0.359011
-0.402442 -0.231066 0.327734
-0.409439 -0.294600 0.321040
-0.386494 -0.339048 0.296908
-0.366055 -0.397948 0.314114
-0.343169 -0.450551 0.299785
-0.317255 -0.490580 0.272380
-0.305565 -0.532445 0.237464
-0.256634 -0.501233 0.233482
-0.211904 -0.486801 0.238282
-0.202706 -0.456657 0.199725
-0.217611 -0.391587 0.209555
-0.181543 -0.366417 0.234096
-0.151993 -0.322182 0.247553
-0.112202 -0.310035 0.269599
-0.104829 -0.241335 0.257533
-0.151602 -0.216016 0.274616
-0.180008 -0.162303 0.298162
-0.212092 -0.133333 0.329289
-0.238180 -0.096613 0.357129
-0.275306 -0.094307 0.386401
-0.308535 -0.054193 0.407657
-0.337853 -0.052977 0.445205
-0.373602 -0.022640 0.469842
-0.396663 -0.020228 0.514357
-0.438844 -0.001889 0.541979
-0.471725 0.034937 0.564584
-0.510415 0.068817 0.573842
-0.546570 0.082416 0.598301
-0.555638 0.012414 0.600551
-0.522046 -0.033571 0.589766
-0.509951 -0.047832 0.549955
-0.486471 -0.066106 0.515638
-0.455632 -0.039228 0.482698
-0.436743 -0.019609 0.440351
-0.408338 -0.003960 0.405898
-0.382511 -0.013930 0.372781
-0.344444 -0.032012 0.353094
-0.296164 -0.021573 0.344640
-0.256011 -0.016406 0.319649
-0.214598 -0.017324 0.300330
-0.178342 -0.039698 0.281474
-0.144388 -0.082203 0.275857
-0.112043 -0.133141 0.286191
-0.066748 -0.162943 0.277043
-0.027058 -0.197314 0.273839
0.017672 -0.205854 0.272094
0.016701 -0.269921 0.257465
0.001926 -0.257389 0.216222
0.003027 -0.246608 0.173220
-0.037531 -0.214479 0.171216
-0.028348 -0.165099 0.206828
0.008213 -0.127504 0.206228
0.040805 -0.084850 0.198416
0.071528 -0.052891 0.172757
0.123095 -0.054001 0.160268
0.165913 -0.029130 0.157473
0.214265 -0.033827 0.163281
0.231227 -0.034211 0.114826
0.263660 -0.019224 0.078327
0.297178 -0.006629 0.046792
0.271597 0.057225 0.031167
0.259893 0.126245 0.021024
0.270525 0.111087 -0.027677
0.258952 0.120417 -0.077591
0.234877 0.129725 -0.113858
0.199693 0.136898 -0.139312
0.197998 0.072446 -0.152319
0.207761 0.018200 -0.129496
0.226360 -0.043007 -0.116516
0.241497 -0.051012 -0.075028
0.254737 -0.082032 -0.038516
0.236992 -0.100434 0.005195
0.235355 -0.104683 0.052682
0.205357 -0.121591 0.088894
0.189857 -0.118559 0.132263
0.153181 -0.148277 0.163254
0.116099 -0.179232 0.175197
0.081537 -0.217937 0.162872
0.060707 -0.249576 0.123197
0.044788 -0.267615 0.083113
0.046135 -0.281556 0.040179
-0.001275 -0.263175 0.034753
0.003129 -0.196375 0.060412
0.036314 -0.151244 0.033717
0.060693 -0.083633 0.027377
0.081885 -0.027252 0.007908
0.081407 0.047340 0.008153
0.080306 0.110468 -0.013239
0.073121 0.186704 -0.003149
0.045585 0.249255 -0.014098
0.010458 0.286445 -0.026000
0.009126 0.244900 -0.066316
0.029984 0.175048 -0.053786
0.037763 0.101523 -0.064939
0.065937 0.040146 -0.057167
0.081233 -0.027935 -0.060412
0.106408 -0.083206 -0.061408
0.129164 -0.142577 -0.070611
0.109291 -0.212408 -0.054441
0.101744 -0.275429 -0.029627
0.105612 -0.327583 -0.003804
0.152500 -0.328694 -0.006203
0.161930 -0.268448 0.015447
0.151515 -0.294280 0.055300
0.175966 -0.312319 0.089085
0.150501 -0.327541 0.122965
0.133771 -0.263879 0.129400
0.176719 -0.219154 0.126510
0.176357 -0.210593 0.077114
0.186627 -0.177439 0.034726
0.187670 -0.172550 -0.009721
0.188670 -0.113969 -0.043438
0.175474 -0.056307 -0.069029
0.163089 0.000587 -0.084954
0.144330 0.047597 -0.107627
0.134828 0.103914 -0.126196
0.119532 0.167127 -0.131582
0.101237 0.217019 -0.153833
0.150603 0.229209 -0.165694
0.192146 0.227160 -0.190440
0.204516 0.300236 -0.184455
0.225158 0.324274 -0.151147
0.255084 0.367676 -0.129264
0.242308 0.339688 -0.085881
0.225259 0.310483 -0.051659
0.190162 0.267551 -0.030499
0.160510 0.252009 0.001759
0.136885 0.193493 0.024500
0.115418 0.134763 0.039961
0.114766 0.070119 0.064421
0.083362 0.008443 0.071292
0.048974 -0.031948 0.082881
0.008937 -0.077741 0.071442
-0.031129 -0.111002 0.069847
-0.069862 -0.138029 0.051087
-0.101281 -0.136578 0.084367
-0.090895 -0.067622 0.102051
-0.056391 -0.022790 0.094906
-0.019135 -0.018370 0.118180
0.022771 0.012414 0.133122
0.060345 0.049112 0.144589
0.094183 0.086451 0.140185
0.127426 0.121228 0.117757
0.163045 0.138584 0.086999
0.192943 0.158332 0.057699
0.203227 0.174599 0.010566
0.228214 0.189906 -0.029804
0.233327 0.213112 -0.068974
0.259893 0.225003 -0.107463
0.277551 0.232241 -0.144834
0.299221 0.212344 -0.179955
0.334738 0.185466 -0.200952
0.355568 0.191614 -0.238350
0.396894 0.167789 -0.213781
0.408656 0.106070 -0.200188
0.453242 0.119050 -0.217967
0.472304 0.177204 -0.229883
0.473043 0.204786 -0.268917
0.465540 0.269302 -0.255624
0.498305 0.269216 -0.227838
0.530173 0.255788 -0.258187
0.523176 0.306534 -0.283696
0.528521 0.355166 -0.253688
0.572889 0.338322 -0.245808
0.599919 0.301389 -0.271303
0.643693 0.300151 -0.263641
0.683614 0.303502 -0.249407
0.729330 0.303481 -0.259278
0.749392 0.257389 -0.283492
0.773451 0.307345 -0.302634
0.797729 0.315714 -0.266504
0.811243 0.251924 -0.258719
0.831016 0.252180 -0.301012
0.859812 0.310398 -0.291359
0.888131 0.285868 -0.264009
0.926140 0.253461 -0.264582
0.952155 0.203591 -0.257301
0.985326 0.178207 -0.231819
0.993945 0.124174 -0.265945
1.000000 0.124857 -0.308947
0.984240 0.093432 -0.344927
0.997537 0.087711 -0.386579
0.973782 0.077677 -0.423431
0.981242 0.070034 -0.465465
0.968871 0.093731 -0.503722
0.964555 0.075499 -0.546397
0.974318 0.100071 -0.584545
0.973318 0.141808 -0.621970
0.981386 0.167042 -0.663854
0.978156 0.196610 -0.703092
0.973115 0.200346 -0.747076
0.955806 0.189607 -0.792627
0.948157 0.185850 -0.836583
0.911626 0.183182 -0.875944
0.875485 0.185637 -0.905966
0.851672 0.237962 -0.936179
0.831972 0.280702 -0.971246
0.816501 0.351964 -0.986802
0.793470 0.417717 -0.996005
0.769512 0.477451 -1.000000
0.744307 0.542329 -0.981962
0.731198 0.613804 -0.976727
0.711614 0.655071 -0.936384
0.697448 0.707930 -0.909907
0.668043 0.733015 -0.868800
0.649415 0.724518 -0.825894
0.617287 0.724240 -0.787841
0.588128 0.703575 -0.748698
0.586419 0.684938 -0.704592
0.588736 0.706137 -0.655019
0.591778 0.763842 -0.621370
0.560273 0.785404 -0.581763
0.553030 0.821334 -0.542647
0.519468 0.863049 -0.512734
0.497262 0.896481 -0.472405
0.480358 0.931620 -0.429785
0.459195 0.941590 -0.388501
0.469798 0.954869 -0.338805
0.476288 0.983818 -0.295572
0.475650 0.977968 -0.245030
0.491656 1.000000 -0.201470
0.506171 0.968575 -0.158086
0.531143 0.973101 -0.113312
0.537647 0.953844 -0.067120
0.560852 0.913175 -0.028591
0.576656 0.873147 0.006013
0.593487 0.813712 0.037971
0.638348 0.792662 0.063044
0.653442 0.749239 0.102119
0.667681 0.685493 0.130205
0.703474 0.623603 0.137076
0.719929 0.580543 0.173125
0.736789 0.508406 0.189635
0.755780 0.458771 0.216781
0.754128 0.398802 0.252625
0.757952 0.364303 0.289641
0.745423 0.316653 0.328989
0.722087 0.291120 0.365214
0.720769 0.241271 0.406007
0.681413 0.241976 0.438783
0.672692 0.189479 0.476100
0.667492 0.150326 0.512598
0.640246 0.139630 0.553950
0.630714 0.100861 0.593025
0.605829 0.114033 0.630068
0.571991 0.093197 0.667098
0.534489 0.061665 0.696016
0.496364 0.051162 0.721498
0.449939 0.013652 0.733469
0.413089 -0.014037 0.755474
0.363926 -0.040466 0.754820
0.327901 -0.085597 0.771017
0.274118 -0.085192 0.764363
0.241497 -0.147828 0.756306
0.214120 -0.211084 0.761255
0.161843 -0.223637 0.761514
0.122588 -0.264178 0.768004
0.084231 -0.299339 0.778570
0.056362 -0.343659 0.802811
0.022466 -0.385118 0.822117
-0.021641 -0.415305 0.840509
-0.055160 -0.466605 0.844204
-0.089012 -0.522261 0.856052
-0.130961 -0.518440 0.889046
-0.181384 -0.548755 0.892946
-0.223999 -0.567115 0.905994
-0.276073 -0.543162 0.915469
-0.323426 -0.527257 0.928640
-0.349760 -0.458493 0.939860
-0.399545 -0.436248 0.951013
-0.423967 -0.363663 0.951258
-0.455777 -0.301645 0.963243
-0.450229 -0.224939 0.968083
-0.472188 -0.165633 0.984730
-0.476375 -0.083911 0.988016
-0.452981 -0.022192 0.993619
-0.432470 0.052315 1.000000
-0.421621 0.128380 0.983639
-0.416160 0.208608 0.981430
-0.380207 0.268085 0.966365
-0.343994 0.319023 0.966719
-0.312301 0.375233 0.942219
-0.276711 0.420023 0.926185
-0.239933 0.453348 0.893382
-0.204763 0.465026 0.859242
-0.175358 0.510605 0.835601
-0.139608 0.528516 0.798639
-0.111145 0.524588 0.754356
-0.077887 0.544997 0.720012
-0.050322 0.542649 0.678469
-0.025175 0.572836 0.640676
-0.000739 0.594377 0.605977
0.036025 0.602169 0.572124
0.058115 0.653363 0.539757
0.098441 0.646724 0.507103
0.142665 0.619760 0.503886
0.179558 0.584813 0.474791
0.213859 0.542756 0.457598
0.228982 0.466819 0.449213
0.251825 0.412444 0.431298
0.246567 0.336187 0.425177
0.258329 0.271223 0.412320
0.248247 0.199449 0.405666
0.265774 0.138136 0.398427
0.265137 0.070546 0.390328
0.277058 0.004387 0.400458
0.285373 -0.060449 0.396259
0.273741 -0.135873 0.397513
0.300162 -0.196866 0.394650
0.311721 -0.261830 0.402912
0.355887 -0.295838 0.398018
0.359436 -0.367868 0.418510
0.384741 -0.420194 0.410097
0.408584 -0.480567 0.429867
0.433919 -0.534878 0.428258
0.462165 -0.589915 0.440079
0.505475 -0.621767 0.459861
0.524132 -0.670997 0.487634
0.522887 -0.699732 0.531726
0.526856 -0.766468 0.561353
0.505838 -0.788393 0.599596
0.479996 -0.837132 0.632250
0.454719 -0.865995 0.664413
0.404803 -0.893129 0.679942
0.358161 -0.922035 0.695948
0.316748 -0.921864 0.725725
0.264051 -0.935762 0.724538
0.217683 -0.963729 0.724798
0.166855 -0.978822 0.739849
0.126803 -1.000000 0.716235
