0.907752 -0.114304 -0.213959
0.871114 -0.097511 -0.248480
0.823672 -0.063043 -0.267211
0.789506 -0.034270 -0.293149
0.730237 -0.029672 -0.307869
0.690800 -0.008029 -0.333056
0.635386 -0.017961 -0.349869
0.601578 -0.008172 -0.386548
0.575352 -0.017279 -0.425960
0.572814 -0.041221 -0.474800
0.562515 -0.061121 -0.518128
0.560905 -0.122135 -0.518128
0.547011 -0.154896 -0.474992
0.536273 -0.198380 -0.440695
0.502937 -0.221029 -0.400836
0.488375 -0.251904 -0.356358
0.470284 -0.279348 -0.316755
0.483153 -0.284755 -0.266060
0.482681 -0.316653 -0.223324
0.522151 -0.283066 -0.189842
0.556382 -0.252999 -0.166556
0.565606 -0.194213 -0.174068
0.567266 -0.142611 -0.157686
0.540080 -0.093362 -0.156248
0.554202 -0.063654 -0.201924
0.523127 -0.095589 -0.242918
0.469812 -0.089428 -0.239626
0.422484 -0.091637 -0.265820
0.368893 -0.086429 -0.268537
0.322541 -0.106437 -0.294460
0.278305 -0.113676 -0.319152
0.245408 -0.155273 -0.342518
0.212593 -0.168241 -0.382664
0.185162 -0.213306 -0.403633
0.161751 -0.257238 -0.427222
0.150915 -0.308715 -0.437051
0.190482 -0.316779 -0.467241
0.225266 -0.310331 -0.430770
0.210380 -0.351390 -0.402322
0.215928 -0.392467 -0.434558
0.264882 -0.385049 -0.441638
0.277703 -0.395341 -0.394155
0.258163 -0.446386 -0.389904
0.284975 -0.467850 -0.426695
0.329374 -0.457360 -0.405790
0.322818 -0.485416 -0.363086
0.315562 -0.536227 -0.383000
0.362434 -0.529492 -0.414213
0.409827 -0.522182 -0.398790
0.425039 -0.572886 -0.422923
0.410835 -0.558248 -0.474657
0.437111 -0.505855 -0.481369
0.476239 -0.472609 -0.497223
0.451102 -0.420846 -0.487218
0.438184 -0.366100 -0.471220
0.422614 -0.315648 -0.462926
0.414577 -0.254077 -0.478045
0.425478 -0.193423 -0.479243
0.416936 -0.136863 -0.503264
0.427935 -0.079118 -0.514963
0.404555 -0.025056 -0.535931
0.388058 0.006592 -0.499157
0.336305 -0.009376 -0.498182
0.350655 -0.065791 -0.518815
0.345205 -0.131565 -0.527093
0.357358 -0.193836 -0.516929
0.344310 -0.252299 -0.512166
0.361653 -0.311283 -0.509929
0.343919 -0.371058 -0.514963
0.343155 -0.425821 -0.522810
0.328870 -0.480997 -0.536443
0.312845 -0.534018 -0.549420
0.333133 -0.541544 -0.602401
0.356528 -0.549626 -0.644881
0.358415 -0.491055 -0.655205
0.364516 -0.448667 -0.624504
0.332677 -0.414775 -0.601585
0.314992 -0.358772 -0.582695
0.299601 -0.314929 -0.556420
0.281754 -0.256753 -0.559233
0.282502 -0.202619 -0.530258
0.271537 -0.149903 -0.520669
0.283771 -0.092428 -0.496056
0.286179 -0.047309 -0.455798
0.296396 0.002030 -0.426151
0.284162 0.031378 -0.376032
0.269487 0.060439 -0.334415
0.245375 0.066312 -0.290544
0.244074 0.124704 -0.289218
0.207939 0.140653 -0.321837
0.166371 0.119136 -0.293197
0.195168 0.130990 -0.243206
0.215619 0.168241 -0.211545
0.204181 0.130595 -0.169481
0.233173 0.079029 -0.186166
0.262767 0.036156 -0.168842
0.289921 -0.016650 -0.167707
0.307769 -0.065199 -0.144101
0.334239 -0.114178 -0.135327
0.326755 -0.169732 -0.111802
0.345725 -0.220310 -0.089203
0.342732 -0.276744 -0.075091
0.369853 -0.319994 -0.044917
0.391003 -0.369082 -0.026762
0.417994 -0.403639 -0.000839
0.429073 -0.449422 0.023645
0.397950 -0.428461 0.063504
0.356723 -0.392701 0.053340
0.365249 -0.339123 0.042488
0.356821 -0.285994 0.026170
0.372098 -0.242995 -0.010252
0.381127 -0.186597 -0.027497
0.391345 -0.151035 -0.073126
0.406866 -0.111197 -0.105409
0.412446 -0.092948 -0.155529
0.380005 -0.040556 -0.166380
0.357960 -0.014818 -0.206399
0.324380 -0.002191 -0.244292
0.326088 0.022056 -0.293885
0.312031 -0.027337 -0.326616
0.284243 -0.054494 -0.370806
0.263988 -0.098786 -0.397064
0.235223 -0.116549 -0.442149
0.211128 -0.150873 -0.473218
0.183470 -0.166535 -0.512390
0.152965 -0.193297 -0.542772
0.133539 -0.235290 -0.573793
0.099504 -0.268913 -0.590782
0.094769 -0.297291 -0.548813
0.074644 -0.256538 -0.523114
0.032474 -0.255029 -0.551530
0.015310 -0.305607 -0.544546
0.012609 -0.307026 -0.495193
-0.019930 -0.265482 -0.491406
-0.057561 -0.291203 -0.516066
-0.061027 -0.335369 -0.487027
-0.070040 -0.308679 -0.444611
-0.111527 -0.284270 -0.460800
-0.136452 -0.331417 -0.469415
-0.133116 -0.351534 -0.423386
-0.155666 -0.308876 -0.400404
-0.198666 -0.314193 -0.425176
-0.207858 -0.366334 -0.409658
-0.207110 -0.356312 -0.361312
-0.244269 -0.318557 -0.362767
-0.278760 -0.355162 -0.381226
-0.274823 -0.393653 -0.343557
-0.285170 -0.353114 -0.305136
-0.331001 -0.332136 -0.311001
-0.378964 -0.326963 -0.305599
-0.425462 -0.342787 -0.315492
-0.472253 -0.330448 -0.321230
-0.518474 -0.339644 -0.309914
-0.565460 -0.330573 -0.316147
-0.611893 -0.322024 -0.301300
-0.642154 -0.343972 -0.349454
-0.665192 -0.396221 -0.353465
-0.698674 -0.435286 -0.358803
-0.713984 -0.483655 -0.341239
-0.741804 -0.520206 -0.367705
-0.750476 -0.579460 -0.340951
-0.800569 -0.601965 -0.317154
-0.860229 -0.592589 -0.325896
-0.909396 -0.600654 -0.343109
-0.954218 -0.566258 -0.368361
-0.982201 -0.525541 -0.397879
-1.000000 -0.490624 -0.446273
-0.999951 -0.437442 -0.472547
-0.976507 -0.393886 -0.513860
-0.957049 -0.363227 -0.561631
-0.926316 -0.314265 -0.587905
-0.904710 -0.289083 -0.629490
-0.857252 -0.267817 -0.663819
-0.814057 -0.243929 -0.689902
-0.764272 -0.232775 -0.721962
-0.706125 -0.213808 -0.729377
-0.653543 -0.213557 -0.730432
-0.597495 -0.206624 -0.728418
-0.548654 -0.187693 -0.737864
-0.497714 -0.182592 -0.734571
-0.452924 -0.159853 -0.707226
-0.409322 -0.158632 -0.684548
-0.372505 -0.159009 -0.649915
-0.333263 -0.140779 -0.623960
-0.299130 -0.136971 -0.589040
-0.279460 -0.115364 -0.548254
-0.242707 -0.096217 -0.519007
-0.221736 -0.090434 -0.473474
-0.196616 -0.040143 -0.475743
-0.242968 -0.009034 -0.463086
-0.256878 -0.025828 -0.415539
-0.221427 -0.001868 -0.385126
-0.242919 0.054512 -0.390320
-0.295225 0.036227 -0.367226
-0.290946 0.038940 -0.312472
-0.326039 0.077574 -0.302259
-0.359213 0.076837 -0.272261
-0.382055 0.105054 -0.239402
-0.378313 0.116460 -0.194684
-0.395347 0.144533 -0.157047
-0.348849 0.169696 -0.152955
-0.349012 0.205834 -0.191408
-0.387180 0.238379 -0.168186
-0.359847 0.262555 -0.129941
-0.324754 0.290879 -0.108446
-0.278956 0.293574 -0.089555
-0.294298 0.294992 -0.042776
-0.315171 0.245258 -0.039835
-0.274400 0.215694 -0.049296
-0.250419 0.231590 -0.008431
-0.282405 0.215030 0.025643
-0.283967 0.160572 0.013928
-0.234735 0.152166 0.023230
-0.231709 0.172211 0.070552
-0.262865 0.134528 0.092144
-0.230229 0.089177 0.087685
-0.177451 0.121453 0.082075
-0.132352 0.133469 0.066541
-0.097796 0.163446 0.029383
-0.071472 0.182808 -0.010236
-0.068755 0.203642 -0.055386
-0.066493 0.154932 -0.080397
-0.109347 0.132175 -0.063153
-0.139461 0.171277 -0.079311
-0.126755 0.166319 -0.126649
-0.141251 0.113442 -0.131891
-0.189929 0.121722 -0.120352
-0.198747 0.160356 -0.154586
-0.189767 0.128458 -0.193885
-0.229073 0.094673 -0.187157
-0.264004 0.139324 -0.192127
-0.249866 0.187046 -0.219568
-0.212950 0.232201 -0.227256
-0.189978 0.280013 -0.243557
-0.157081 0.321287 -0.241879
-0.183844 0.354354 -0.211242
-0.179126 0.320210 -0.170232
-0.130660 0.325059 -0.160307
-0.133116 0.378511 -0.142919
-0.165574 0.366675 -0.102405
-0.142130 0.338207 -0.067420
-0.125616 0.381026 -0.040842
-0.171008 0.401358 -0.028520
-0.188742 0.356042 -0.007312
-0.154950 0.350061 0.027992
-0.164809 0.397927 0.050623
-0.214171 0.383002 0.060436
-0.211812 0.323586 0.076833
-0.157895 0.317749 0.099831
-0.113479 0.294148 0.120352
-0.063011 0.284629 0.129302
-0.020662 0.253287 0.138156
0.029675 0.250449 0.146307
0.037371 0.193746 0.141097
0.008395 0.184945 0.091505
-0.027333 0.214114 0.067068
-0.077833 0.215730 0.082827
-0.132384 0.219358 0.086934
-0.177369 0.240121 0.115941
-0.217994 0.265518 0.134352
-0.247360 0.300902 0.160051
-0.288571 0.309667 0.187445
-0.316619 0.336195 0.151981
-0.323127 0.291957 0.118994
-0.359457 0.261280 0.138492
-0.397625 0.290017 0.115781
-0.386822 0.265177 0.067484
-0.404653 0.211150 0.068059
-0.424437 0.160859 0.047283
-0.444399 0.109383 0.045269
-0.448467 0.113909 -0.008974
-0.409664 0.107048 -0.037965
-0.389474 0.079514 -0.076690
-0.345774 0.062504 -0.048401
-0.365704 0.019236 -0.018899
-0.369218 -0.027103 0.007727
-0.375710 -0.053542 0.049632
-0.332205 -0.032797 0.067516
-0.342813 0.021158 0.066461
-0.380444 0.019434 0.098888
-0.352233 0.002622 0.136926
-0.320947 0.044795 0.135775
-0.355650 0.083285 0.144325
-0.371756 0.065450 0.188340
-0.326918 0.072347 0.210123
-0.323387 0.127146 0.200901
-0.366078 0.143850 0.222061
-0.357211 0.125997 0.267754
-0.314618 0.158991 0.273236
-0.334808 0.213180 0.255416
-0.383812 0.220041 0.279565
-0.361995 0.207899 0.330723
-0.345123 0.243318 0.368760
-0.397657 0.243444 0.398950
-0.406134 0.196638 0.440263
-0.362532 0.191231 0.476702
-0.366583 0.252209 0.500132
-0.411014 0.253933 0.539703
-0.442252 0.250503 0.578300
-0.474042 0.222915 0.618430
-0.495257 0.236619 0.662045
-0.537086 0.193764 0.681463
-0.566290 0.179970 0.717886
-0.591182 0.122890 0.735818
-0.616188 0.088692 0.774926
-0.626731 0.024194 0.791419
-0.631302 -0.040951 0.801232
-0.601139 -0.095912 0.820986
-0.583747 -0.141318 0.848954
-0.545367 -0.178820 0.883475
-0.497909 -0.208887 0.898962
-0.446807 -0.218712 0.932268
-0.399333 -0.230566 0.955314
-0.339901 -0.221927 0.970929
-0.290230 -0.217850 0.989052
-0.229773 -0.201577 0.991977
-0.171952 -0.190836 1.000000
-0.108680 -0.195650 0.994262
-0.053055 -0.195937 0.985105
-0.005369 -0.192866 0.946013
0.041064 -0.168924 0.920298
0.070788 -0.165763 0.871153
0.089937 -0.127919 0.823815
0.085349 -0.085495 0.779369
0.068104 -0.037826 0.750921
0.037501 0.012016 0.741731
0.032864 0.059918 0.703087
-0.008135 0.101175 0.706795
-0.021947 0.164218 0.691995
-0.051965 0.205403 0.687217
-0.048223 0.270170 0.700370
-0.066298 0.326173 0.710055
-0.044090 0.389575 0.717806
-0.029431 0.444788 0.725590
0.002815 0.498473 0.721338
0.016351 0.557727 0.720379
0.032571 0.612885 0.709080
0.075848 0.655758 0.696295
0.102188 0.703104 0.677564
0.148572 0.725304 0.646159
0.175840 0.764405 0.613316
0.227284 0.775325 0.590861
0.268006 0.787539 0.548222
0.315529 0.773044 0.522890
0.359880 0.773960 0.490463
0.421768 0.763543 0.491502
0.477752 0.749515 0.493835
0.528789 0.729075 0.509417
0.561946 0.698398 0.541413
0.607744 0.673719 0.557843
0.629952 0.629930 0.597350
0.657220 0.599343 0.630912
0.670528 0.581849 0.683509
0.678516 0.555212 0.736202
0.660197 0.527067 0.787280
0.669259 0.479309 0.828609
0.659969 0.432035 0.861932
0.672708 0.372279 0.889900
0.680517 0.309343 0.894791
0.713674 0.251796 0.900816
0.735524 0.197051 0.884562
0.783291 0.158201 0.864249
0.818303 0.122261 0.833835
0.858342 0.108898 0.787919
0.903376 0.108449 0.757314
0.940308 0.092338 0.707482
0.968128 0.104084 0.652664
0.989897 0.106024 0.600051
1.000000 0.134564 0.543795
0.995022 0.159889 0.491981
0.989490 0.209282 0.448190
0.976507 0.249012 0.406733
0.942097 0.296447 0.374482
0.930041 0.348876 0.349789
0.903652 0.396113 0.313047
0.870284 0.452726 0.305344
0.847604 0.513237 0.300821
0.841308 0.566384 0.265485
0.802977 0.619369 0.253418
0.783161 0.674456 0.247169
0.757895 0.726417 0.220351
0.738746 0.784270 0.210826
0.713089 0.827771 0.175778
0.666103 0.872027 0.166476
0.631563 0.913715 0.154554
0.577467 0.938825 0.134896
0.528512 0.968838 0.124348
0.480111 0.994576 0.102788
0.421329 0.994288 0.086646
0.369056 1.000000 0.076114
0.307460 0.989583 0.068171
0.253901 0.969574 0.077249
0.201741 0.951343 0.085448
0.156154 0.923324 0.117939
0.111624 0.912242 0.150143
0.066363 0.878188 0.172038
0.042366 0.845158 0.219121
0.017083 0.826568 0.261633
0.002603 0.778774 0.303825
-0.009843 0.745833 0.346993
-0.015277 0.690513 0.381146
-0.012820 0.644191 0.422092
-0.013487 0.582477 0.437051
0.011210 0.527732 0.464348
0.024372 0.474370 0.481161
0.054665 0.418565 0.493451
0.080436 0.360299 0.476542
0.110209 0.315881 0.478924
0.134272 0.269057 0.442309
0.169576 0.240014 0.409866
0.184853 0.206768 0.368984
0.182722 0.183131 0.322189
0.199772 0.159063 0.282457
0.209160 0.175426 0.230916
0.216692 0.131170 0.190273
0.180347 0.145018 0.145012
0.204816 0.196476 0.115510
0.236785 0.199152 0.065071
0.204002 0.207253 0.016581
0.194159 0.272739 0.007647
0.227137 0.309200 -0.024780
0.199902 0.330106 -0.074740
0.180948 0.388049 -0.087797
0.209274 0.435753 -0.109005
0.232490 0.447033 -0.162097
0.226454 0.478483 -0.203187
0.275604 0.488092 -0.238012
0.313626 0.479937 -0.272692
0.332628 0.456588 -0.325145
0.345384 0.445758 -0.374242
0.368698 0.430904 -0.414389
0.418271 0.411506 -0.440775
0.434166 0.411183 -0.488897
0.491206 0.417613 -0.505997
0.534190 0.413859 -0.537690
0.581664 0.413374 -0.554966
0.640901 0.402238 -0.549932
0.690133 0.400101 -0.574592
0.745872 0.379930 -0.583478
0.788725 0.346523 -0.607339
0.815846 0.290664 -0.629506
0.838884 0.255837 -0.666808
0.836313 0.202978 -0.699699
0.835093 0.166750 -0.746510
0.803677 0.123159 -0.777163
0.771675 0.110011 -0.827730
0.746539 0.106958 -0.879224
0.695827 0.109437 -0.914129
0.662117 0.125278 -0.956145
0.608037 0.150603 -0.974828
0.576312 0.207378 -0.988749
0.541674 0.252946 -1.000000
0.504498 0.303488 -0.982324
0.476531 0.354533 -0.977641
0.432636 0.390671 -0.950088
0.397202 0.428281 -0.928321
0.347255 0.437100 -0.897236
0.305768 0.469053 -0.875037
0.257317 0.468963 -0.838886
0.213748 0.483817 -0.809575
0.166485 0.488559 -0.791899
0.112210 0.466628 -0.772081
0.059351 0.469700 -0.761389
0.009274 0.430329 -0.763083
-0.037436 0.407321 -0.766056
-0.073310 0.352899 -0.778826
-0.106532 0.303722 -0.784867
-0.134125 0.257346 -0.793849
-0.138664 0.190549 -0.799794
-0.160791 0.134780 -0.813123
-0.128691 0.080340 -0.825317
-0.133962 0.013776 -0.824454
-0.144651 -0.039173 -0.833915
-0.107394 -0.082836 -0.854996
-0.071911 -0.128332 -0.830879
-0.092150 -0.191321 -0.828657
-0.104482 -0.241486 -0.853525
-0.069763 -0.290682 -0.834267
-0.077849 -0.332908 -0.794584
-0.121045 -0.375296 -0.800513
-0.099032 -0.435610 -0.818493
-0.070463 -0.471981 -0.777915
-0.092183 -0.502622 -0.735946
-0.127146 -0.549896 -0.739222
-0.090279 -0.596002 -0.716959
-0.097161 -0.603258 -0.657331
-0.144668 -0.629338 -0.638216
-0.134125 -0.687298 -0.606955
-0.092817 -0.700410 -0.567975
-0.113837 -0.683670 -0.515938
-0.152054 -0.721442 -0.494986
-0.119222 -0.759070 -0.458003
-0.105735 -0.731913 -0.407021
-0.149337 -0.732093 -0.371077
-0.149174 -0.793160 -0.346737
-0.103945 -0.804979 -0.309195
-0.114309 -0.770368 -0.260834
-0.144245 -0.811409 -0.230132
-0.115806 -0.845499 -0.192335
-0.090328 -0.843972 -0.137884
-0.099813 -0.854300 -0.086247
-0.062182 -0.891928 -0.053196
-0.035142 -0.913841 -0.010780
0.008916 -0.949996 0.014568
0.061010 -0.984697 0.026442
0.118946 -0.999641 0.035856
0.174603 -1.000000 0.038748
0.230440 -0.974172 0.031908
0.273603 -0.931622 0.035488
0.306223 -0.887420 0.036399
0.310095 -0.820300 0.024412
0.292378 -0.763147 0.022175
0.274514 -0.710504 0.027561
0.255349 -0.672929 -0.016022
0.209485 -0.632481 -0.010125
0.199138 -0.579909 -0.022686
0.156333 -0.550111 -0.025004
0.146474 -0.496354 -0.037773
0.117888 -0.453175 -0.031301
0.107866 -0.399957 -0.021168
0.093321 -0.364681 0.012969
0.067892 -0.335225 0.042472
0.064459 -0.299321 0.077425
0.074335 -0.292065 0.124571
0.060734 -0.277947 0.169177
0.071097 -0.271517 0.215956
0.064573 -0.289712 0.262272
0.039844 -0.244845 0.280060
-0.004669 -0.258388 0.258101
-0.007907 -0.306541 0.288211
0.003091 -0.288580 0.335422
-0.025559 -0.236906 0.330931
-0.076304 -0.218586 0.346593
-0.110177 -0.202942 0.377422
-0.127731 -0.194339 0.423802
-0.155227 -0.216646 0.469862
-0.115139 -0.203104 0.512134
-0.078777 -0.198326 0.546448
-0.051590 -0.240660 0.529635
-0.041878 -0.219017 0.485668
-0.019214 -0.174438 0.503232
0.018433 -0.201218 0.525415
0.036866 -0.226238 0.486084
0.047409 -0.179305 0.461455
0.080241 -0.160931 0.495481
0.112422 -0.204092 0.492524
0.121744 -0.198613 0.444467
0.140503 -0.148448 0.447919
0.178313 -0.158884 0.479387
0.205271 -0.196853 0.454519
0.213683 -0.155381 0.414101
0.232230 -0.105916 0.427318
0.281363 -0.118184 0.425416
0.282372 -0.129320 0.377758
0.266851 -0.080645 0.362463
0.302741 -0.048854 0.382121
0.341544 -0.072185 0.358468
0.325209 -0.065378 0.312392
0.317368 -0.011333 0.312424
0.364337 0.004293 0.321709
0.382250 -0.018015 0.279708
0.354559 0.008585 0.247073
0.368665 0.059289 0.261633
0.417083 0.055051 0.251500
0.409599 0.047615 0.203267
0.381811 0.091494 0.192319
0.413325 0.132122 0.205744
0.445066 0.123572 0.168250
0.413552 0.131744 0.130421
0.399154 0.182413 0.142935
0.444481 0.205582 0.138971
0.452924 0.192830 0.091553
0.412820 0.218460 0.073381
0.425397 0.268841 0.090098
0.468120 0.271140 0.064016
0.450858 0.263543 0.018835
0.419686 0.309289 0.019058
0.461092 0.348085 0.024828
0.490295 0.333968 -0.018547
0.512243 0.323371 -0.062561
0.530351 0.286569 -0.096076
0.580704 0.313421 -0.091713
0.601904 0.302644 -0.045237
0.622696 0.278037 -0.006177
0.579517 0.269865 0.017524
0.562060 0.231177 -0.012346
0.599089 0.195578 -0.002789
0.592061 0.190980 0.045509
0.545270 0.171654 0.041993
0.556740 0.127218 0.015798
0.587245 0.105611 0.050175
0.553713 0.102073 0.086886
0.524412 0.065450 0.064495
0.558969 0.025199 0.061634
0.569218 0.021212 0.109916
0.522899 0.008460 0.124939
0.517839 -0.036533 0.097498
0.557016 -0.063528 0.116021
0.541674 -0.063708 0.162832
0.501017 -0.094331 0.154697
0.523729 -0.137833 0.133282
0.555845 -0.147442 0.175202
0.526430 -0.143204 0.217235
0.480127 -0.166140 0.187828
0.456341 -0.206606 0.166844
0.413081 -0.188735 0.195308
0.386415 -0.147119 0.178958
0.348101 -0.180293 0.164590
0.336191 -0.198021 0.210666
0.329163 -0.148430 0.231379
0.293273 -0.134169 0.200646
0.262458 -0.175228 0.211402
0.259335 -0.164290 0.259667
0.240836 -0.113298 0.254793
0.199138 -0.128601 0.229701
0.180948 -0.162673 0.263247
0.178492 -0.126715 0.300453
0.148475 -0.090560 0.280731
0.109363 -0.126194 0.273555
0.104222 -0.146688 0.318768
0.098804 -0.098463 0.342997
0.059302 -0.081489 0.316994
0.029008 -0.123626 0.329860
0.029919 -0.115885 0.377950
0.015065 -0.063061 0.377870
-0.029431 -0.073389 0.357589
-0.048402 -0.105880 0.392573
-0.045473 -0.068144 0.427941
-0.073326 -0.028325 0.406046
-0.115383 -0.058607 0.401555
-0.121549 -0.067210 0.449853
-0.123225 -0.015231 0.465771
-0.163264 -0.002012 0.438841
-0.195282 -0.038904 0.458818
-0.190905 -0.019326 0.505246
-0.206069 0.032402 0.496040
-0.251916 0.016794 0.477038
-0.268917 -0.010525 0.519934
-0.264687 0.040394 0.551018
-0.297226 0.074934 0.521340
