-0.083406 0.044359 -0.499020
-0.055326 0.018591 -0.512758
-0.013038 -0.003540 -0.515037
0.025085 -0.006036 -0.524270
0.062650 -0.017488 -0.535273
0.091774 -0.000348 -0.556718
0.131306 0.025207 -0.569015
0.162980 0.061073 -0.579658
0.186007 0.100693 -0.595240
0.206641 0.155324 -0.597170
0.231550 0.181904 -0.613940
0.259435 0.217829 -0.623024
0.266564 0.274027 -0.641395
0.303024 0.301052 -0.660487
0.341730 0.311054 -0.675868
0.357129 0.301323 -0.712821
0.342981 0.306779 -0.749701
0.355696 0.327265 -0.784004
0.372954 0.306237 -0.814841
0.373829 0.293933 -0.845264
0.393977 0.313511 -0.878253
0.425348 0.283622 -0.900832
0.432161 0.260195 -0.930312
0.469750 0.240327 -0.948100
0.494064 0.217113 -0.970001
0.537555 0.200592 -0.973531
0.570881 0.177668 -0.987120
0.606077 0.197845 -1.000000
0.645840 0.232415 -0.993417
0.680830 0.256132 -0.995940
0.702581 0.313994 -0.985827
0.729653 0.357521 -0.975184
0.737000 0.418343 -0.964563
0.742769 0.457924 -0.931796
0.753505 0.492629 -0.903928
0.732264 0.543701 -0.882292
0.727879 0.550723 -0.843293
0.727904 0.560106 -0.810357
0.730904 0.541070 -0.778587
0.730624 0.546874 -0.746245
0.749619 0.531204 -0.719341
0.751732 0.516366 -0.688281
0.778233 0.517198 -0.664027
0.789199 0.470982 -0.635289
0.782823 0.418982 -0.620989
0.789029 0.354484 -0.614343
0.757695 0.310918 -0.599905
0.737729 0.269442 -0.577940
0.727892 0.239167 -0.552340
0.735045 0.219879 -0.519160
0.747348 0.166080 -0.498500
0.747554 0.131626 -0.466423
0.749194 0.095992 -0.441543
0.752012 0.074422 -0.411555
0.780309 0.043237 -0.398813
0.816380 0.041670 -0.407738
0.852633 0.017005 -0.408268
0.872150 0.071442 -0.418169
0.892201 0.123191 -0.420459
0.877736 0.122572 -0.457264
0.849803 0.141066 -0.482048
0.834209 0.153331 -0.511836
0.809251 0.190590 -0.531839
0.831209 0.237812 -0.554397
0.831039 0.295771 -0.574739
0.843172 0.353923 -0.584470
0.840233 0.397431 -0.614184
0.846585 0.429602 -0.642084
0.850471 0.446529 -0.673599
0.888035 0.463263 -0.667070
0.906168 0.408883 -0.665320
0.937635 0.378821 -0.678465
0.967002 0.362377 -0.656649
0.992470 0.403583 -0.642264
0.987126 0.430241 -0.613357
0.967379 0.484659 -0.608131
0.944461 0.460593 -0.580103
0.921045 0.463418 -0.549595
0.898395 0.438288 -0.524069
0.865397 0.449354 -0.499868
0.843135 0.448522 -0.469264
0.805644 0.467751 -0.453225
0.788094 0.447922 -0.419855
0.779216 0.396909 -0.404240
0.814850 0.363944 -0.411449
0.847957 0.389809 -0.417841
0.873559 0.349919 -0.400700
0.849937 0.302465 -0.387173
0.831221 0.274723 -0.416123
0.851770 0.308578 -0.443505
0.876643 0.309177 -0.473430
0.904443 0.329200 -0.498786
0.926839 0.340227 -0.523401
0.943951 0.383792 -0.540192
0.945530 0.347829 -0.570403
0.910394 0.317341 -0.572629
0.879340 0.311538 -0.552223
0.875453 0.271415 -0.527386
0.854163 0.242204 -0.502189
0.851115 0.225025 -0.465797
0.848746 0.193009 -0.436476
0.859519 0.190532 -0.400095
0.821590 0.173547 -0.386654
0.789600 0.155092 -0.376085
0.749291 0.146715 -0.380156
0.708800 0.163197 -0.375110
0.671794 0.171709 -0.382424
0.659600 0.187863 -0.352425
0.679895 0.239031 -0.356124
0.686004 0.242184 -0.395505
0.675777 0.247446 -0.428886
0.697978 0.309293 -0.433360
0.721758 0.352240 -0.453692
0.736393 0.410063 -0.460709
0.764327 0.434090 -0.485854
0.797968 0.463418 -0.502104
0.821238 0.485143 -0.528563
0.860236 0.501760 -0.541920
0.886347 0.531127 -0.565548
0.926499 0.546796 -0.572873
0.959922 0.568637 -0.582615
0.996855 0.573493 -0.579318
1.000000 0.629150 -0.593417
0.969710 0.659580 -0.573509
0.941558 0.643446 -0.552266
0.905597 0.631316 -0.569004
0.874348 0.614505 -0.583463
0.854977 0.586880 -0.609127
0.820048 0.581870 -0.586718
0.794446 0.571694 -0.564616
0.775609 0.536195 -0.546012
0.759639 0.479358 -0.536779
0.732130 0.440455 -0.528425
0.726993 0.379150 -0.510298
0.720034 0.316084 -0.500800
0.718054 0.268920 -0.478264
0.706480 0.209897 -0.470504
0.695440 0.159715 -0.454603
0.690339 0.097636 -0.451561
0.675680 0.046177 -0.439296
0.674636 0.000406 -0.412286
0.671199 -0.041960 -0.388732
0.670737 -0.022305 -0.352107
0.631630 -0.034918 -0.341909
0.600806 -0.055831 -0.324970
0.567699 -0.059197 -0.310616
0.539438 -0.031997 -0.287295
0.513265 -0.020545 -0.264017
0.489437 0.018204 -0.244989
0.468608 -0.022595 -0.220989
0.484785 -0.045462 -0.192781
0.454557 -0.088640 -0.193269
0.424862 -0.128956 -0.200530
0.381772 -0.131181 -0.194944
0.344681 -0.168924 -0.194467
0.303521 -0.181440 -0.197541
0.275284 -0.233247 -0.204007
0.251638 -0.277103 -0.208035
0.236530 -0.328387 -0.215328
0.223850 -0.333707 -0.246155
0.235680 -0.304844 -0.271617
0.243137 -0.304070 -0.303525
0.261767 -0.296081 -0.330514
0.275175 -0.234427 -0.328139
0.285887 -0.203803 -0.302337
0.304724 -0.163662 -0.284009
0.335681 -0.147121 -0.263010
0.368813 -0.114350 -0.282228
0.402455 -0.077826 -0.289076
0.439375 -0.067922 -0.300928
0.474389 -0.029734 -0.302931
0.506853 -0.008222 -0.323761
0.545377 0.016057 -0.331330
0.573942 0.046371 -0.351428
0.603211 0.081057 -0.364393
0.599580 0.074344 -0.397117
0.580998 0.073299 -0.428558
0.552239 0.065484 -0.450310
0.576091 0.077362 -0.478613
0.603879 0.030082 -0.473504
0.593143 -0.029773 -0.476101
0.577184 -0.034241 -0.444639
0.587180 -0.021918 -0.415053
0.549202 -0.007738 -0.405926
0.529394 -0.063201 -0.410866
0.503719 -0.103923 -0.395972
0.494599 -0.162849 -0.378947
0.472932 -0.205390 -0.362517
0.475106 -0.259208 -0.337817
0.474754 -0.314555 -0.320507
0.489328 -0.351757 -0.295108
0.453038 -0.348623 -0.273101
0.412632 -0.374139 -0.280553
0.404325 -0.430879 -0.290433
0.365837 -0.413468 -0.299942
0.354093 -0.358489 -0.287030
0.376136 -0.320746 -0.311888
0.383800 -0.264393 -0.332507
0.400341 -0.221485 -0.357216
0.409827 -0.176855 -0.377559
0.439776 -0.154337 -0.393894
0.426672 -0.091716 -0.391414
0.413361 -0.087383 -0.355934
0.407373 -0.125706 -0.330132
0.376841 -0.161572 -0.326623
0.355113 -0.199799 -0.306927
0.332317 -0.259170 -0.307277
0.313213 -0.309390 -0.310330
0.314075 -0.377834 -0.317040
0.293830 -0.399288 -0.284825
0.283992 -0.417898 -0.255791
0.276778 -0.404840 -0.219166
0.282413 -0.417279 -0.182265
0.287065 -0.410779 -0.149128
0.290016 -0.468061 -0.140012
0.324059 -0.471098 -0.156888
0.333544 -0.401803 -0.162909
0.344693 -0.340227 -0.156050
0.382355 -0.342548 -0.174993
0.408284 -0.313859 -0.200943
0.439339 -0.311422 -0.223236
0.456803 -0.272208 -0.248264
0.480960 -0.261452 -0.276758
0.498849 -0.215178 -0.296825
0.513897 -0.190300 -0.327535
0.538211 -0.151455 -0.345439
0.551996 -0.140351 -0.380135
0.570262 -0.118761 -0.407516
0.563376 -0.129092 -0.439074
0.540264 -0.174282 -0.434812
0.569557 -0.216571 -0.429841
0.605300 -0.218796 -0.441692
0.642063 -0.215120 -0.440112
0.647795 -0.172019 -0.412646
0.625764 -0.167337 -0.385276
0.606393 -0.151165 -0.356008
0.588722 -0.158535 -0.320517
0.557607 -0.162985 -0.297302
0.537045 -0.177165 -0.264960
0.501060 -0.193279 -0.245519
0.470139 -0.196549 -0.221625
0.432028 -0.217655 -0.212487
0.398981 -0.219821 -0.193809
0.364914 -0.255726 -0.188753
0.327119 -0.257158 -0.175057
0.292081 -0.272595 -0.162580
0.253156 -0.271802 -0.156941
0.218798 -0.292657 -0.149224
0.185764 -0.334965 -0.153718
0.154320 -0.370173 -0.150856
0.163320 -0.437128 -0.155743
0.151442 -0.455699 -0.124217
0.135253 -0.489321 -0.096020
0.126593 -0.523331 -0.071119
0.137002 -0.575292 -0.048699
0.140548 -0.618200 -0.026830
0.157830 -0.659425 -0.008576
0.119841 -0.692448 -0.007972
0.087827 -0.729494 -0.009106
0.088932 -0.732551 0.029872
0.073605 -0.721988 0.061674
0.072827 -0.724754 0.098468
0.046740 -0.711116 0.126719
0.031049 -0.689643 0.159442
-0.001852 -0.684129 0.184195
-0.027502 -0.671729 0.207198
-0.060318 -0.656930 0.221530
-0.043995 -0.610501 0.238565
-0.040352 -0.565213 0.217607
-0.045805 -0.511569 0.203795
-0.045210 -0.466591 0.183347
-0.005423 -0.462799 0.172237
0.018114 -0.507467 0.166502
0.047359 -0.541921 0.155520
0.059565 -0.594444 0.138496
0.084438 -0.566451 0.109228
0.105595 -0.571771 0.076854
0.116804 -0.552503 0.042762
0.139503 -0.553877 0.010113
0.160101 -0.522305 -0.016993
0.176704 -0.504275 -0.049642
0.199949 -0.461445 -0.070197
0.223948 -0.432059 -0.093009
0.217207 -0.374255 -0.084560
0.211900 -0.309816 -0.070069
0.184161 -0.284048 -0.053246
0.152984 -0.288845 -0.071532
0.162712 -0.344309 -0.083712
0.157211 -0.366885 -0.048794
0.122015 -0.364234 -0.036211
0.092089 -0.388532 -0.017046
0.054428 -0.422309 -0.016017
0.028377 -0.453784 0.003551
-0.004099 -0.502844 0.002003
-0.038421 -0.532287 -0.004685
-0.071042 -0.554593 -0.014215
-0.107246 -0.552677 -0.006042
-0.111011 -0.605432 0.009911
-0.085215 -0.586570 0.037430
-0.096632 -0.532752 0.055101
-0.110513 -0.548847 0.085832
-0.075730 -0.564420 0.103472
-0.048124 -0.529347 0.082281
-0.011945 -0.492978 0.074023
0.016147 -0.448425 0.060010
0.051537 -0.414552 0.062108
0.080940 -0.377331 0.056480
0.117885 -0.356806 0.057699
0.144349 -0.315484 0.049335
0.174760 -0.345179 0.063444
0.168700 -0.405749 0.051105
0.141325 -0.432485 0.033551
0.110659 -0.458833 0.052080
0.080965 -0.491952 0.066052
0.051829 -0.494680 0.089627
0.026531 -0.526503 0.108157
-0.012649 -0.520061 0.123422
-0.046084 -0.513058 0.140118
-0.085142 -0.500464 0.137160
-0.096984 -0.556411 0.157100
-0.104526 -0.606283 0.171527
-0.099631 -0.668575 0.182446
-0.108291 -0.736323 0.183707
-0.104878 -0.796061 0.185350
-0.141398 -0.811286 0.180643
-0.140779 -0.787414 0.149807
-0.096668 -0.779173 0.142354
-0.058375 -0.798170 0.136026
-0.058982 -0.770719 0.100419
-0.040085 -0.735897 0.072857
-0.039599 -0.705312 0.039900
-0.018867 -0.661205 0.018466
-0.007827 -0.614002 -0.003689
0.022110 -0.578155 -0.017353
0.038433 -0.520545 -0.031505
0.063160 -0.483015 -0.054370
0.075487 -0.418266 -0.064769
0.076277 -0.361894 -0.079419
0.067459 -0.301478 -0.086161
0.094458 -0.286118 -0.111867
0.080491 -0.297706 -0.143266
0.073508 -0.289310 -0.175216
0.057865 -0.307088 -0.202936
0.089296 -0.334520 -0.215371
0.089612 -0.377950 -0.187608
0.062249 -0.417879 -0.187502
0.083102 -0.463863 -0.198972
0.098125 -0.473748 -0.167107
0.059383 -0.474696 -0.150474
0.032154 -0.516347 -0.154206
0.046704 -0.545674 -0.124556
0.049290 -0.556353 -0.093899
0.059067 -0.582063 -0.066338
0.052970 -0.637526 -0.044607
0.041117 -0.667763 -0.011745
0.036781 -0.697787 0.019049
0.018163 -0.706976 0.051381
0.017884 -0.735665 0.082430
-0.004147 -0.742571 0.112228
-0.006734 -0.755533 0.146616
-0.021393 -0.767314 0.176933
-0.023749 -0.767043 0.211809
-0.035530 -0.785789 0.241501
-0.057561 -0.766560 0.271426
-0.078135 -0.765902 0.297800
-0.118966 -0.762961 0.306874
-0.153507 -0.768823 0.320252
-0.189103 -0.785905 0.320104
-0.226255 -0.793159 0.307521
-0.264123 -0.787259 0.304532
-0.298178 -0.784338 0.290316
-0.305440 -0.728140 0.311804
-0.309290 -0.679041 0.331468
-0.341863 -0.716107 0.349266
-0.370756 -0.736768 0.374114
-0.407300 -0.767121 0.383156
-0.431177 -0.790354 0.411682
-0.457119 -0.829026 0.431303
-0.474984 -0.838060 0.465638
-0.490178 -0.849532 0.494694
-0.498121 -0.860036 0.525796
-0.487943 -0.912598 0.538750
-0.457265 -0.942544 0.530545
-0.428044 -0.975644 0.537754
-0.393249 -0.991623 0.536365
-0.386824 -1.000000 0.501744
-0.401289 -0.972452 0.475571
-0.405612 -0.946162 0.445423
-0.397900 -0.897953 0.421720
-0.361744 -0.912211 0.399004
-0.333131 -0.896444 0.372036
-0.294534 -0.887932 0.359167
-0.265386 -0.869438 0.333164
-0.226291 -0.877563 0.320008
-0.191302 -0.866730 0.299030
-0.160041 -0.867910 0.281168
-0.140183 -0.852898 0.254253
-0.108424 -0.885243 0.251190
-0.086855 -0.932678 0.247352
-0.087037 -0.940087 0.283256
-0.110610 -0.958311 0.305910
-0.129107 -0.949934 0.337733
-0.149875 -0.949335 0.364499
-0.177724 -0.926197 0.386696
-0.193937 -0.884798 0.411915
-0.220996 -0.861584 0.435893
-0.240853 -0.806334 0.453246
-0.254869 -0.763445 0.477310
-0.259034 -0.710361 0.493210
-0.280057 -0.712083 0.521514
-0.296113 -0.767411 0.532210
-0.323913 -0.803645 0.551386
-0.349940 -0.826066 0.525044
-0.318205 -0.849861 0.502465
-0.300837 -0.895013 0.479737
-0.271264 -0.925946 0.459225
-0.251990 -0.964114 0.437250
-0.234052 -0.983789 0.410304
-0.268580 -0.976012 0.391753
-0.296040 -0.934148 0.403424
-0.318484 -0.940881 0.430296
-0.347450 -0.920375 0.451858
-0.358283 -0.914552 0.488610
-0.366760 -0.913197 0.520952
-0.358963 -0.898495 0.556103
-0.398993 -0.874236 0.563025
-0.428603 -0.840265 0.563142
-0.459463 -0.804341 0.550867
-0.476260 -0.742107 0.551651
-0.496129 -0.693608 0.540308
-0.495157 -0.658709 0.567085
-0.457216 -0.651977 0.559188
-0.454836 -0.672367 0.521143
-0.458540 -0.670568 0.487253
-0.415000 -0.659580 0.483055
-0.377800 -0.670800 0.467239
-0.340454 -0.648843 0.462108
-0.308149 -0.679022 0.445095
-0.272831 -0.714424 0.436063
-0.247885 -0.745454 0.414926
-0.215325 -0.785905 0.407389
-0.182484 -0.804109 0.388032
-0.148430 -0.845450 0.388721
-0.117533 -0.880098 0.387619
-0.088567 -0.920819 0.393894
-0.058508 -0.889054 0.378449
-0.075827 -0.827807 0.385848
-0.085883 -0.782732 0.406922
-0.089466 -0.738567 0.383463
-0.124043 -0.760640 0.372714
-0.159956 -0.721427 0.373477
-0.201856 -0.717422 0.376244
-0.238266 -0.678770 0.379658
-0.281138 -0.678712 0.388997
-0.318909 -0.683162 0.395876
-0.351567 -0.698928 0.418339
-0.391002 -0.716610 0.423162
-0.421206 -0.727424 0.447448
-0.457726 -0.745976 0.455345
-0.490275 -0.752438 0.474331
-0.525143 -0.779211 0.480490
-0.558250 -0.792927 0.494631
-0.581083 -0.810783 0.523093
-0.602944 -0.825215 0.548736
-0.591686 -0.807301 0.584290
-0.623845 -0.770061 0.592728
-0.653491 -0.742281 0.608099
-0.676980 -0.701095 0.619431
-0.684765 -0.646096 0.640250
-0.686647 -0.592471 0.651317
-0.675826 -0.536176 0.654709
-0.690898 -0.545500 0.691567
-0.713281 -0.537820 0.716786
-0.750736 -0.546932 0.731680
-0.781645 -0.507429 0.747739
-0.822744 -0.503153 0.762199
-0.864875 -0.491701 0.767997
-0.902136 -0.500348 0.785530
-0.936761 -0.496769 0.799046
-0.969455 -0.512865 0.810919
-0.986640 -0.487387 0.782021
-0.984017 -0.519829 0.755223
-0.993466 -0.545694 0.725828
-0.993842 -0.572294 0.695966
-0.966128 -0.543662 0.675444
-0.932425 -0.517082 0.685525
-0.897678 -0.491856 0.685716
-0.859385 -0.494815 0.698701
-0.833990 -0.515360 0.668532
-0.799523 -0.518726 0.649589
-0.771516 -0.555947 0.631335
-0.731766 -0.577285 0.620321
-0.698816 -0.598913 0.600360
-0.660086 -0.628647 0.594318
-0.624416 -0.645013 0.576827
-0.589001 -0.662559 0.563725
-0.596337 -0.673683 0.531860
-0.607972 -0.677474 0.498648
-0.631412 -0.669291 0.470822
-0.649374 -0.675211 0.440992
-0.688396 -0.656717 0.453946
-0.690266 -0.643813 0.486945
-0.709577 -0.649675 0.514019
-0.736053 -0.690919 0.532867
-0.762760 -0.698851 0.559888
-0.782823 -0.732976 0.585636
-0.811923 -0.736245 0.611194
-0.819793 -0.771377 0.643611
-0.827128 -0.808926 0.668850
-0.828233 -0.855838 0.687963
-0.847192 -0.899733 0.701998
-0.854151 -0.870173 0.729899
-0.875927 -0.825408 0.714146
-0.904783 -0.851118 0.698595
-0.925357 -0.865763 0.727376
-0.921228 -0.802271 0.743870
-0.926426 -0.745531 0.731754
-0.923511 -0.685715 0.734658
-0.906617 -0.691248 0.699274
-0.893076 -0.673006 0.665002
-0.878939 -0.673508 0.630646
-0.864231 -0.641376 0.601272
-0.850277 -0.633348 0.570615
-0.837937 -0.597597 0.544305
-0.806834 -0.604987 0.525256
-0.776119 -0.566509 0.542068
-0.764824 -0.582701 0.573223
-0.802158 -0.584907 0.592156
-0.828573 -0.582373 0.622526
-0.861851 -0.586841 0.643939
-0.882303 -0.581676 0.674956
-0.917341 -0.604368 0.692299
-0.949100 -0.624042 0.705539
-0.976621 -0.668092 0.717931
-0.986045 -0.634005 0.749319
-1.000000 -0.615898 0.782446
-0.979888 -0.610288 0.812509
-0.951797 -0.588273 0.830158
-0.926693 -0.594521 0.860677
-0.901298 -0.582566 0.883903
-0.909738 -0.634102 0.902263
-0.901650 -0.677881 0.878338
-0.877834 -0.641879 0.852324
-0.848783 -0.603672 0.844215
-0.833893 -0.650991 0.818933
-0.819841 -0.671013 0.786781
-0.807368 -0.716049 0.762633
-0.797057 -0.726573 0.728828
-0.789187 -0.759692 0.700037
-0.769840 -0.753753 0.668448
-0.763185 -0.767894 0.635501
-0.734996 -0.765283 0.608883
-0.728049 -0.768630 0.572863
-0.714289 -0.774549 0.540658
-0.697784 -0.788923 0.508380
-0.673603 -0.837132 0.509079
-0.646605 -0.890834 0.505581
-0.668758 -0.886346 0.533333
-0.685481 -0.865298 0.560068
-0.688967 -0.832759 0.590120
-0.696011 -0.823358 0.627455
-0.710961 -0.790683 0.656427
-0.717702 -0.762768 0.689426
-0.738834 -0.713360 0.705761
-0.752133 -0.669059 0.729496
-0.781002 -0.636636 0.745895
-0.797154 -0.591678 0.766354
-0.830055 -0.578329 0.788583
-0.851613 -0.538691 0.808258
-0.875587 -0.515012 0.829067
-0.903897 -0.462296 0.835247
-0.921507 -0.408477 0.841512
-0.942408 -0.364389 0.824932
-0.977945 -0.349474 0.827551
-0.990879 -0.309119 0.805173
-0.962800 -0.311596 0.782562
-0.945262 -0.357908 0.767668
-0.904686 -0.350693 0.772449
-0.866636 -0.360733 0.774410
-0.853823 -0.310667 0.789177
-0.856021 -0.331676 0.819664
-0.828476 -0.374352 0.816759
-0.798830 -0.338466 0.812848
-0.802365 -0.310222 0.842826
-0.798029 -0.353904 0.865903
-0.760039 -0.359224 0.859257
-0.749060 -0.303857 0.865713
-0.759456 -0.309738 0.898595
-0.738494 -0.360133 0.906302
-0.702873 -0.339704 0.897239
-0.702569 -0.295945 0.922765
-0.694371 -0.330109 0.950771
-0.666584 -0.308616 0.968039
-0.650844 -0.287182 0.992474
-0.625971 -0.246344 1.000000
-0.597041 -0.286292 0.998876
-0.594989 -0.291515 0.965485
-0.588686 -0.234350 0.959252
-0.557425 -0.232415 0.976785
-0.538916 -0.274607 0.959919
-0.540215 -0.247543 0.931022
-0.522641 -0.198271 0.940679
-0.491380 -0.225954 0.949266
-0.483850 -0.249013 0.919775
-0.481433 -0.197768 0.904023
-0.453488 -0.175308 0.922701
-0.428894 -0.218641 0.914804
-0.428615 -0.210129 0.882705
-0.417611 -0.153834 0.884582
-0.385986 -0.165209 0.900249
-0.371606 -0.199354 0.875507
-0.372954 -0.157587 0.852557
-0.351895 -0.117194 0.868850
-0.322091 -0.153563 0.873398
-0.316225 -0.164552 0.841130
-0.312642 -0.106999 0.833042
-0.284490 -0.094696 0.854476
-0.261767 -0.137662 0.842020
-0.261767 -0.116885 0.810993
-0.247545 -0.062079 0.820268
-0.215567 -0.085700 0.835172
-0.202475 -0.119187 0.808311
-0.184938 -0.070378 0.792813
-0.148260 -0.088060 0.805661
-0.119209 -0.121547 0.795463
-0.106833 -0.182640 0.780643
-0.077078 -0.160489 0.753771
-0.045586 -0.163275 0.735369
-0.040667 -0.162791 0.702581
-0.013317 -0.179196 0.683140
-0.022741 -0.161766 0.648847
-0.018381 -0.126770 0.624201
-0.024211 -0.090265 0.600318
-0.031219 -0.093593 0.567880
-0.039186 -0.027470 0.568940
-0.001148 -0.000987 0.570764
0.011811 -0.022228 0.538263
-0.002763 0.020641 0.521387
0.003188 0.062466 0.502528
-0.007997 0.114582 0.493316
-0.007293 0.145496 0.464070
-0.018600 0.204113 0.475804
0.019608 0.228991 0.473864
0.014556 0.230113 0.436529
-0.014993 0.267624 0.421339
-0.041590 0.300801 0.410314
-0.077625 0.274046 0.392081
-0.114132 0.298944 0.402237
-0.135787 0.317999 0.372311
-0.150762 0.260137 0.357778
-0.184719 0.244951 0.377347
-0.214159 0.257003 0.353506
-0.227190 0.190861 0.341602
-0.245918 0.154898 0.370986
-0.275394 0.128279 0.385392
-0.284806 0.084462 0.407293
-0.322577 0.087441 0.406297
-0.329840 0.047860 0.382891
-0.320682 -0.001006 0.402735
-0.352356 0.008473 0.426067
-0.383727 -0.017585 0.413441
-0.412778 -0.048344 0.427169
-0.437566 -0.056991 0.393873
-0.439023 -0.110868 0.372301
-0.459657 -0.149772 0.356972
-0.451678 -0.198503 0.339005
-0.459451 -0.247891 0.324810
-0.451787 -0.303316 0.314655
-0.423587 -0.326878 0.296422
-0.398179 -0.367233 0.291472
-0.363420 -0.386133 0.293465
-0.332657 -0.398534 0.279811
-0.299161 -0.424244 0.279981
-0.266929 -0.394355 0.281126
-0.232777 -0.388842 0.286755
-0.205451 -0.354446 0.298012
-0.173898 -0.349184 0.284677
-0.144337 -0.320146 0.282440
-0.115979 -0.315910 0.264706
-0.078159 -0.313085 0.263677
-0.059152 -0.270893 0.247692
-0.032737 -0.261530 0.271299
-0.010305 -0.311422 0.262045
0.000091 -0.297415 0.229883
0.022924 -0.248007 0.233763
0.055642 -0.276793 0.246727
0.067629 -0.313047 0.218095
0.070435 -0.263619 0.192866
0.083430 -0.219396 0.174379
0.077248 -0.181459 0.149616
0.082568 -0.228411 0.124832
0.051392 -0.260833 0.120899
0.019475 -0.275845 0.106800
-0.000140 -0.260563 0.133768
0.006358 -0.202294 0.131775
-0.006661 -0.193763 0.102062
-0.041688 -0.211619 0.108528
-0.048270 -0.171767 0.132443
-0.042574 -0.123211 0.114825
-0.069099 -0.134566 0.092426
-0.097968 -0.137352 0.113097
-0.092915 -0.081521 0.125892
-0.095320 -0.052735 0.097398
-0.130929 -0.071810 0.091154
-0.147021 -0.050782 0.117867
-0.136868 0.006597 0.111782
-0.152061 0.011955 0.081041
-0.189492 -0.010234 0.092606
-0.206204 0.027180 0.112842
-0.235327 0.064730 0.119076
-0.213345 0.090478 0.145704
-0.187367 0.125261 0.133333
-0.174177 0.175114 0.122457
-0.161316 0.210555 0.099507
-0.125221 0.215585 0.111867
-0.093425 0.230094 0.122892
-0.074904 0.271802 0.133503
-0.041724 0.295597 0.139747
-0.031389 0.303006 0.169439
-0.005095 0.315078 0.186834
0.015576 0.308829 0.212127
0.024162 0.342626 0.236243
0.042016 0.346243 0.264091
0.028923 0.348777 0.298595
0.061788 0.342509 0.325319
0.076277 0.361526 0.355382
0.110768 0.327439 0.374771
0.151794 0.356187 0.376711
0.186395 0.380852 0.387491
0.207746 0.357792 0.360767
0.226644 0.370038 0.333524
0.218774 0.367562 0.298034
0.226668 0.385746 0.266232
0.189055 0.376925 0.246314
0.179266 0.438404 0.235151
0.182812 0.428964 0.201526
0.145114 0.414145 0.189346
0.111716 0.447632 0.183177
0.084244 0.465178 0.162919
0.064472 0.515089 0.156336
0.036611 0.547106 0.144231
0.041943 0.611584 0.134775
0.033466 0.667028 0.127895
0.058448 0.718351 0.135973
0.093450 0.740811 0.130111
0.117533 0.788072 0.127810
0.149438 0.815774 0.111592
0.160745 0.870405 0.121069
0.195650 0.856457 0.131775
0.214195 0.858682 0.102963
0.219879 0.919349 0.104426
0.246355 0.919833 0.130789
0.278928 0.890505 0.119171
0.288875 0.907993 0.085801
0.300922 0.885901 0.056448
0.297218 0.826588 0.062808
0.256156 0.827981 0.064409
0.239578 0.837480 0.035512
0.234186 0.778012 0.028950
0.210612 0.770177 0.054667
0.185071 0.809622 0.046420
0.176036 0.780662 0.017841
0.162980 0.728004 0.030582
0.138848 0.753269 0.057434
0.120521 0.806314 0.043229
0.088810 0.810145 0.022091
0.052885 0.796912 0.009456
0.036648 0.859553 0.002099
0.016171 0.867330 -0.025929
-0.013475 0.899269 -0.032809
-0.036502 0.928113 -0.050586
-0.035712 1.000000 -0.046653
