-0.168528 0.094016 1.000000
-0.180587 -0.044261 0.952103
-0.155709 -0.195140 0.928898
-0.189210 -0.164793 0.810662
-0.107605 -0.095226 0.760622
-0.042520 -0.223169 0.771661
-0.125149 -0.328830 0.721222
-0.176688 -0.288905 0.617619
-0.240419 -0.244694 0.529414
-0.327144 -0.346171 0.542632
-0.407196 -0.273781 0.583339
-0.443141 -0.213036 0.488452
-0.459793 -0.339265 0.425448
-0.514173 -0.421687 0.504576
-0.590723 -0.319252 0.512056
-0.617781 -0.330090 0.405476
-0.634267 -0.482331 0.402970
-0.709462 -0.481575 0.476287
-0.773787 -0.394667 0.416225
-0.778974 -0.488733 0.329218
-0.809171 -0.617079 0.385685
-0.896590 -0.556082 0.419893
-0.936864 -0.534809 0.316690
-0.925036 -0.683420 0.275910
-0.958405 -0.776377 0.365604
-1.000000 -0.756163 0.466120
-0.908484 -0.805817 0.542051
-0.837716 -0.828855 0.619108
-0.798930 -0.956092 0.573172
-0.769459 -0.897111 0.474145
-0.712006 -0.782477 0.511911
-0.647020 -0.872057 0.568560
-0.616526 -0.965267 0.485910
-0.581043 -0.853506 0.416697
-0.517147 -0.783133 0.485257
-0.464121 -0.909664 0.514816
-0.432007 -0.948732 0.412448
-0.382847 -0.814992 0.392367
-0.318422 -0.829964 0.478321
-0.277620 -0.964158 0.448689
-0.244317 -0.916973 0.350933
-0.184849 -0.809850 0.387937
-0.125017 -0.900489 0.451449
-0.092441 -1.000000 0.371922
-0.058378 -0.874175 0.297044
0.013579 -0.790442 0.360193
0.095480 -0.696628 0.406166
0.172856 -0.620356 0.450287
0.249306 -0.523315 0.463142
0.330382 -0.459646 0.500508
0.368211 -0.362051 0.570121
0.385258 -0.210818 0.586644
0.487214 -0.222967 0.583993
0.492897 -0.263195 0.475924
0.443240 -0.144830 0.434018
0.503766 -0.033070 0.474326
0.589368 -0.073146 0.421853
0.548533 -0.048747 0.315709
0.498579 0.095680 0.326857
0.582067 0.147905 0.415063
0.677911 0.174018 0.435689
0.679133 0.258708 0.531266
0.595646 0.347079 0.514308
0.571891 0.384685 0.397197
0.548764 0.412613 0.291488
0.536342 0.370973 0.182620
0.572089 0.362353 0.068523
0.544139 0.302213 -0.043540
0.549756 0.255230 -0.154441
0.504625 0.217624 -0.251870
0.576616 0.134042 -0.299731
0.648342 0.248727 -0.258298
0.612528 0.375611 -0.323771
0.572387 0.424258 -0.423015
0.630038 0.561980 -0.413901
0.732126 0.503504 -0.402607
0.705332 0.346222 -0.470114
0.669915 0.209507 -0.498112
0.615898 0.089378 -0.463178
0.668693 -0.039976 -0.436488
0.780891 -0.012502 -0.403007
0.872704 0.035489 -0.369163
0.849214 0.184252 -0.371523
0.780461 0.182386 -0.290290
0.841053 0.135958 -0.209601
0.906865 0.255583 -0.218498
0.838509 0.371528 -0.205171
0.808081 0.331300 -0.103457
0.898011 0.346877 -0.055088
0.912779 0.496144 -0.083267
0.821363 0.543328 -0.030939
0.780494 0.450219 0.057121
0.732325 0.318949 0.069032
0.688681 0.185008 0.114061
0.641106 0.137521 -0.005011
0.576715 0.040127 -0.086063
0.521706 -0.005394 -0.182076
0.493326 -0.154761 -0.253214
0.467160 -0.262741 -0.337715
0.427217 -0.410294 -0.385431
0.455266 -0.521500 -0.486746
0.463790 -0.622725 -0.594851
0.488734 -0.726017 -0.676955
0.487479 -0.867672 -0.725616
0.552960 -0.922468 -0.636248
0.549095 -0.846297 -0.529850
0.590393 -0.708676 -0.498075
0.605920 -0.577204 -0.438449
0.584545 -0.400565 -0.449561
0.562740 -0.247013 -0.479192
0.447568 -0.187881 -0.496514
0.353112 -0.128447 -0.522660
0.331109 -0.210364 -0.627714
0.313367 -0.299592 -0.722456
0.391370 -0.188637 -0.779614
0.466929 -0.092353 -0.830779
0.434386 0.051974 -0.865785
0.462601 0.149720 -0.782700
0.570504 0.105661 -0.771625
0.603938 0.050764 -0.886048
0.625512 -0.026718 -0.990885
0.530395 -0.122952 -0.990849
0.445454 -0.253264 -1.000000
0.375512 -0.337854 -0.915353
0.379840 -0.446791 -0.832704
0.419321 -0.536371 -0.754485
0.377527 -0.673035 -0.795955
0.448626 -0.667591 -0.893166
0.549194 -0.661138 -0.832268
0.643617 -0.679992 -0.789346
0.733448 -0.634421 -0.754013
0.771838 -0.602863 -0.854964
0.706588 -0.484650 -0.874138
0.722942 -0.399153 -0.783245
0.823114 -0.368554 -0.802128
0.806330 -0.262741 -0.888082
0.765759 -0.140092 -0.827656
0.731895 0.008519 -0.778016
0.687426 0.101326 -0.695149
0.713922 0.243283 -0.756881
0.667537 0.292383 -0.849517
0.596670 0.386349 -0.778887
0.651910 0.493421 -0.716864
0.705167 0.621566 -0.690791
0.797377 0.521198 -0.682620
0.842441 0.440087 -0.763781
0.938318 0.496698 -0.749001
0.954275 0.405454 -0.651391
0.919882 0.252962 -0.716465
0.955465 0.152644 -0.797226
0.956984 0.013863 -0.715920
0.872142 -0.045067 -0.673252
0.805240 -0.169582 -0.614315
0.755881 -0.281091 -0.565982
0.743657 -0.373796 -0.471349
0.727930 -0.460453 -0.381110
0.722909 -0.494278 -0.275438
0.824435 -0.505974 -0.258552
0.848421 -0.358976 -0.278633
0.788192 -0.296567 -0.200813
0.829589 -0.364269 -0.113007
0.922592 -0.309321 -0.124918
0.898308 -0.158996 -0.120960
0.855722 -0.154005 -0.020009
0.936732 -0.205928 0.037512
1.000000 -0.089126 0.012710
0.926688 0.019963 0.064820
0.842474 -0.007259 0.125935
0.744582 -0.043152 0.087733
0.645368 -0.070827 0.065945
0.562475 -0.157887 0.013037
0.480673 -0.167314 -0.068051
0.414233 -0.262842 -0.122848
0.351328 -0.279528 -0.216356
0.258425 -0.367697 -0.254993
0.185939 -0.406967 -0.345014
0.209826 -0.591218 -0.350788
0.231466 -0.735393 -0.323662
0.233778 -0.802541 -0.224708
0.300350 -0.912840 -0.254594
0.378651 -0.823562 -0.292323
0.389586 -0.733881 -0.201649
0.405511 -0.845743 -0.123429
0.488172 -0.905933 -0.175576
0.545361 -0.779201 -0.176011
0.542355 -0.757776 -0.066708
0.582529 -0.889096 -0.032355
0.672558 -0.857539 -0.078038
0.690630 -0.731209 -0.015615
0.686831 -0.802541 0.085518
0.766486 -0.898876 0.060680
0.837485 -0.784594 0.034098
0.788357 -0.667893 0.117329
0.768402 -0.629984 0.224417
0.751222 -0.480012 0.209747
0.651744 -0.479861 0.190537
0.617715 -0.465141 0.295700
0.669321 -0.303020 0.291924
0.647945 -0.256037 0.165589
0.529701 -0.294500 0.144310
0.435774 -0.300953 0.066018
0.336758 -0.332006 0.020880
0.264471 -0.271261 -0.070339
0.149564 -0.235419 -0.110175
0.054051 -0.255533 -0.153497
0.048731 -0.416999 -0.113371
0.024944 -0.533952 -0.045319
0.078631 -0.643696 -0.096703
0.169486 -0.596764 -0.062786
0.152141 -0.610072 0.045682
0.124752 -0.756566 0.049096
0.211709 -0.808691 0.004321
0.273457 -0.759490 0.083158
0.227534 -0.845239 0.166933
0.252081 -0.980945 0.117910
0.355557 -0.959470 0.112172
0.360579 -0.831981 0.211635
0.365369 -0.765388 0.319813
0.447304 -0.657307 0.293376
0.400952 -0.541413 0.232769
0.368310 -0.403791 0.202556
0.269426 -0.316177 0.173179
0.194165 -0.230831 0.091691
0.126602 -0.123204 0.041688
0.081274 -0.039472 -0.045101
0.017973 0.113676 -0.061551
-0.071098 0.181126 -0.124773
-0.156337 0.242627 -0.153315
-0.180950 0.196703 -0.261021
-0.139223 0.082875 -0.324933
-0.230210 0.044614 -0.383071
-0.259548 0.204214 -0.418004
-0.151414 0.279226 -0.426574
-0.061847 0.360185 -0.439974
0.001322 0.476080 -0.410669
-0.076021 0.587891 -0.442661
-0.179662 0.542874 -0.440954
-0.226312 0.445430 -0.518084
-0.267015 0.326965 -0.569068
-0.268865 0.184705 -0.623902
-0.380501 0.215960 -0.663520
-0.470067 0.242627 -0.722529
-0.534360 0.156526 -0.657455
-0.592474 0.149418 -0.568306
-0.576583 -0.000504 -0.541797
-0.477204 0.010082 -0.529450
-0.475882 0.116499 -0.450795
-0.531981 0.044462 -0.374936
-0.468713 -0.070726 -0.357470
-0.388628 0.017493 -0.324497
-0.436071 0.075163 -0.235783
-0.446842 -0.061854 -0.186179
-0.347165 -0.094319 -0.182330
-0.320801 0.021677 -0.114678
-0.376437 -0.021525 -0.028288
-0.333620 -0.162273 -0.017975
-0.238338 -0.115290 -0.005483
-0.249934 -0.027020 0.083630
-0.287168 -0.137622 0.146125
-0.209627 -0.238695 0.138173
-0.137472 -0.152039 0.183528
-0.188351 -0.121087 0.286586
-0.225618 -0.287594 0.309826
-0.158451 -0.408832 0.246714
-0.062971 -0.391339 0.206115
-0.011894 -0.376367 0.299949
-0.041793 -0.524827 0.336117
-0.014471 -0.614206 0.252923
0.085668 -0.556133 0.255901
0.142659 -0.468518 0.320975
0.183527 -0.321369 0.322209
0.241873 -0.171750 0.328383
0.189111 -0.082271 0.225579
0.180124 0.048697 0.145726
0.156403 0.125120 0.044920
0.113321 0.280335 0.021788
0.086924 0.417654 -0.009478
0.093828 0.564450 0.029559
-0.011068 0.587740 0.049895
-0.011927 0.473862 0.141840
0.043379 0.559258 0.223909
0.036474 0.582296 0.354855
0.025076 0.563140 0.463759
-0.045593 0.450572 0.451812
0.014107 0.348742 0.398286
0.084181 0.334426 0.477631
0.023028 0.286888 0.560280
-0.009548 0.155568 0.514816
0.087584 0.087564 0.501707
0.128320 0.099108 0.603167
0.061583 0.000252 0.650846
0.108299 -0.121944 0.578800
0.197469 -0.099410 0.519210
0.188780 0.005243 0.423742
0.216565 0.093361 0.329036
0.241674 0.222110 0.246605
0.251189 0.276856 0.127860
0.256476 0.366991 0.031883
0.215310 0.396733 -0.092527
0.281551 0.533448 -0.114714
0.359819 0.653677 -0.089731
0.400026 0.797298 -0.151681
0.412085 0.919746 -0.070593
0.429629 1.000000 0.020517
0.336197 0.984826 0.064275
0.339963 0.830065 0.074116
0.421733 0.818672 0.137628
0.386778 0.908908 0.220096
0.306958 0.818319 0.245043
0.359323 0.688411 0.271262
0.422790 0.753340 0.350643
0.361867 0.861673 0.414228
0.260539 0.787468 0.415426
0.274713 0.625750 0.409107
0.342804 0.514241 0.398359
0.355887 0.447245 0.279940
0.374917 0.381056 0.181495
0.408881 0.377577 0.054289
0.406403 0.408076 -0.065618
0.470464 0.462015 -0.170310
0.522268 0.516812 -0.262328
0.585767 0.622473 -0.180006
0.664728 0.701316 -0.119834
0.671501 0.859455 -0.180333
0.561022 0.886828 -0.231353
0.477897 0.898725 -0.296863
0.383177 0.805616 -0.345450
0.317827 0.698543 -0.382308
0.282212 0.557796 -0.400429
0.285384 0.394616 -0.418694
0.228393 0.266472 -0.454645
