1.000000 0.518427 -0.396395
0.994651 0.512036 -0.329978
0.996755 0.489433 -0.274339
0.996537 0.479497 -0.219775
0.978976 0.493965 -0.158155
0.976821 0.476747 -0.102662
0.968009 0.494098 -0.043412
0.966174 0.480786 0.010677
0.952975 0.513023 0.067082
0.938929 0.531720 0.119074
0.899216 0.543723 0.155292
0.877448 0.547705 0.204147
0.852524 0.592400 0.233854
0.812054 0.622304 0.233252
0.781627 0.637644 0.267208
0.742619 0.660001 0.267938
0.707242 0.666752 0.294143
0.671864 0.649932 0.319857
0.638025 0.664742 0.342798
0.609215 0.645798 0.382499
0.572914 0.664230 0.407719
0.531597 0.684861 0.402996
0.495411 0.673787 0.422473
0.456352 0.690417 0.416145
0.420256 0.684899 0.437992
0.382043 0.674811 0.414595
0.344202 0.662675 0.426393
0.308491 0.638896 0.426941
0.270214 0.642025 0.402777
0.231001 0.627063 0.394753
0.217673 0.608120 0.334409
0.198535 0.553678 0.315918
0.161939 0.571901 0.282983
0.176831 0.598240 0.227344
0.200190 0.555518 0.193369
0.182129 0.514748 0.160216
0.172637 0.551422 0.112053
0.209541 0.580927 0.096242
0.237466 0.540992 0.075745
0.222227 0.524571 0.022476
0.226730 0.574328 -0.007121
0.266661 0.579486 -0.004368
0.277770 0.529880 -0.034622
0.263557 0.553602 -0.092066
0.285286 0.597747 -0.114825
0.315892 0.559443 -0.134502
0.306772 0.526334 -0.178470
0.321370 0.560638 -0.217897
0.358877 0.558400 -0.198001
0.363264 0.499749 -0.200171
0.357261 0.494572 -0.256941
0.388097 0.536157 -0.269798
0.422308 0.510652 -0.255811
0.456775 0.475647 -0.252182
0.443640 0.434992 -0.210475
0.430389 0.384646 -0.189850
0.418178 0.404633 -0.139937
0.388123 0.437002 -0.160398
0.368985 0.393824 -0.186531
0.363110 0.358952 -0.142599
0.341893 0.396934 -0.113421
0.313943 0.405524 -0.150988
0.301808 0.349982 -0.154818
0.291200 0.343858 -0.101075
0.264378 0.387035 -0.101020
0.241237 0.366120 -0.141870
0.232322 0.316077 -0.117597
0.217301 0.342549 -0.071350
0.187247 0.367959 -0.099707
0.170379 0.319965 -0.120132
0.163504 0.294650 -0.070091
0.138298 0.344066 -0.056633
0.122431 0.378199 -0.100637
0.144481 0.417527 -0.133025
0.157872 0.452722 -0.175352
0.186388 0.453613 -0.226249
0.180372 0.484560 -0.274466
0.209951 0.524324 -0.269798
0.239762 0.483668 -0.284588
0.242417 0.469029 -0.338458
0.274960 0.498725 -0.352026
0.298947 0.472177 -0.313146
0.293522 0.417034 -0.333169
0.305002 0.422685 -0.386748
0.343369 0.430820 -0.377356
0.347204 0.369836 -0.357916
0.348923 0.329882 -0.399294
0.391830 0.335685 -0.400042
0.411482 0.308398 -0.359849
0.438214 0.272938 -0.330434
0.412764 0.256251 -0.288727
0.387135 0.216922 -0.267974
0.367317 0.252098 -0.232504
0.353951 0.288146 -0.269798
0.335608 0.249424 -0.302167
0.309273 0.232396 -0.264163
0.292483 0.284410 -0.254534
0.281554 0.294062 -0.306471
0.257207 0.248002 -0.310921
0.232656 0.262622 -0.270491
0.221906 0.313176 -0.293104
0.208002 0.291312 -0.342306
0.177627 0.261636 -0.324890
0.157757 0.312038 -0.307201
0.165184 0.356013 -0.352992
0.155897 0.339894 -0.405458
0.117595 0.358762 -0.401373
0.125971 0.417736 -0.393805
0.161913 0.418361 -0.434308
0.167903 0.409449 -0.490038
0.195008 0.450825 -0.503734
0.223741 0.429303 -0.469760
0.225049 0.375980 -0.491698
0.238646 0.388306 -0.542960
0.276705 0.397882 -0.528207
0.282605 0.335742 -0.513326
0.285145 0.296356 -0.553957
0.324371 0.293417 -0.557367
0.326911 0.268557 -0.505047
0.306477 0.219729 -0.517101
0.328579 0.199723 -0.558844
0.360147 0.192764 -0.524213
0.342753 0.157171 -0.484950
0.340393 0.109025 -0.517648
0.384993 0.104323 -0.512487
0.398552 0.087218 -0.461827
0.409968 0.049388 -0.422637
0.375591 0.056935 -0.390869
0.338610 0.042334 -0.376207
0.328489 0.094064 -0.353375
0.330041 0.123892 -0.401701
0.303450 0.093476 -0.430077
0.273088 0.099563 -0.394370
0.272754 0.158328 -0.391817
0.266430 0.166577 -0.446472
0.231347 0.140048 -0.446399
0.213710 0.173441 -0.408412
0.217058 0.223047 -0.436952
0.199818 0.207119 -0.483947
0.164132 0.192802 -0.458052
0.156885 0.251756 -0.440381
0.148842 0.274075 -0.492136
0.114016 0.292279 -0.519910
0.124162 0.293777 -0.582223
0.123829 0.281016 -0.637224
0.162542 0.287027 -0.650318
0.173432 0.232453 -0.623401
0.163863 0.183472 -0.649114
0.199266 0.171166 -0.671435
0.218276 0.168776 -0.622051
0.196162 0.126945 -0.598125
0.202845 0.085379 -0.635729
0.241571 0.083028 -0.628361
0.240955 0.071574 -0.573397
0.221740 0.020603 -0.578394
0.247446 -0.006988 -0.611456
0.277847 -0.002380 -0.575622
0.261197 -0.024035 -0.528043
0.255617 -0.079254 -0.547392
0.299679 -0.085606 -0.548468
0.318637 -0.087901 -0.499448
0.334838 -0.112097 -0.453876
0.305053 -0.091845 -0.417567
0.272177 -0.089209 -0.387204
0.270022 -0.030406 -0.382426
0.261120 -0.021779 -0.436825
0.229038 -0.056802 -0.438904
0.208630 -0.025400 -0.402011
0.208207 0.023466 -0.433560
0.188453 -0.000066 -0.475613
0.154807 -0.008031 -0.447274
0.148573 0.049388 -0.436806
0.147752 0.068749 -0.490476
0.113156 0.047056 -0.506232
0.089939 0.083653 -0.478549
0.104152 0.133354 -0.501910
0.094326 0.118146 -0.554960
0.055587 0.110220 -0.548541
0.047750 0.165098 -0.530158
0.062488 0.191323 -0.579324
0.055574 0.136426 -0.619881
0.035038 0.095770 -0.649716
0.060077 0.085550 -0.692863
0.082871 0.044553 -0.663430
0.070377 -0.010098 -0.660439
0.097276 -0.036835 -0.692517
0.128767 -0.021475 -0.660785
0.115619 -0.047662 -0.613754
0.115786 -0.102275 -0.632173
0.154666 -0.107319 -0.636112
0.160720 -0.098122 -0.580673
0.138670 -0.141451 -0.561853
0.158193 -0.185406 -0.584886
0.192096 -0.173138 -0.558042
0.178050 -0.174086 -0.504244
0.164697 -0.228831 -0.505320
0.204923 -0.249879 -0.507108
0.222586 -0.244968 -0.457158
0.242212 -0.259398 -0.405312
0.228615 -0.216638 -0.367563
0.208348 -0.190943 -0.325364
0.211196 -0.134663 -0.342087
0.182065 -0.145244 -0.385963
0.146559 -0.166501 -0.370882
0.129319 -0.116610 -0.356293
0.135373 -0.083976 -0.403215
0.116145 -0.119474 -0.439287
0.080896 -0.116971 -0.413810
0.076342 -0.060519 -0.421415
0.077920 -0.063231 -0.478021
0.047416 -0.098748 -0.485570
0.018683 -0.066284 -0.461243
0.022878 -0.019086 -0.497807
0.025533 -0.045083 -0.552863
0.012013 -0.112495 -0.546097
-0.016528 -0.149055 -0.530231
-0.018632 -0.178770 -0.581439
0.016913 -0.212997 -0.577518
0.020453 -0.270472 -0.567616
0.054856 -0.279100 -0.594970
0.077150 -0.261541 -0.550127
0.063835 -0.306558 -0.516390
0.075559 -0.354040 -0.540717
0.115183 -0.344483 -0.534663
0.110347 -0.333504 -0.470890
0.093595 -0.367845 -0.432521
0.125676 -0.392933 -0.410528
0.142749 -0.343213 -0.395556
0.115324 -0.324762 -0.359831
0.117749 -0.371296 -0.326476
0.157795 -0.369400 -0.313437
0.159938 -0.311261 -0.294289
0.138580 -0.294745 -0.249938
0.167647 -0.294669 -0.210931
0.191057 -0.250410 -0.241878
0.167121 -0.200823 -0.234638
0.146443 -0.156223 -0.213283
0.110321 -0.136388 -0.198895
0.100970 -0.115700 -0.249555
0.105101 -0.166804 -0.275670
0.076983 -0.195001 -0.249173
0.046377 -0.163031 -0.265239
0.050290 -0.168359 -0.320440
0.049597 -0.225986 -0.322738
0.014258 -0.233875 -0.299578
-0.006651 -0.205109 -0.338221
0.004304 -0.237629 -0.380839
-0.006228 -0.290250 -0.359320
-0.044787 -0.277906 -0.356931
-0.049405 -0.269923 -0.412734
-0.034974 -0.320325 -0.428089
-0.060090 -0.356164 -0.403817
-0.093184 -0.334319 -0.430369
-0.077689 -0.351006 -0.485698
-0.056832 -0.410454 -0.475431
-0.089028 -0.441894 -0.440673
-0.115799 -0.469105 -0.407482
-0.131564 -0.485982 -0.360542
-0.134976 -0.510956 -0.307711
-0.176870 -0.511202 -0.315042
-0.210926 -0.539267 -0.321042
-0.250781 -0.555252 -0.324835
-0.248664 -0.596913 -0.275962
-0.251871 -0.557660 -0.227836
-0.290725 -0.555100 -0.231611
-0.319240 -0.586332 -0.217168
-0.341355 -0.630628 -0.214669
-0.377669 -0.637720 -0.211533
-0.405799 -0.681581 -0.216785
-0.416318 -0.684368 -0.279810
-0.428491 -0.733879 -0.298994
-0.457121 -0.753904 -0.328081
-0.480544 -0.803586 -0.332695
-0.487984 -0.782992 -0.394589
-0.472976 -0.827118 -0.436405
-0.477504 -0.872344 -0.472313
-0.471732 -0.916356 -0.507782
-0.452029 -0.890321 -0.563476
-0.407031 -0.912146 -0.576606
-0.380927 -0.946886 -0.601298
-0.340393 -0.911843 -0.616143
-0.302591 -0.891231 -0.580947
-0.268701 -0.899498 -0.554121
-0.244944 -0.859127 -0.536377
-0.217443 -0.843161 -0.500743
-0.217571 -0.802751 -0.459164
-0.187401 -0.792057 -0.429220
-0.171572 -0.749656 -0.401665
-0.139042 -0.723810 -0.389647
-0.115606 -0.689886 -0.364280
-0.092440 -0.644774 -0.359849
-0.058345 -0.619839 -0.378760
-0.033358 -0.576092 -0.378177
-0.002726 -0.547895 -0.396395
0.034627 -0.531132 -0.389082
0.024917 -0.472670 -0.386821
0.004124 -0.477411 -0.340610
0.033832 -0.498952 -0.309444
0.058217 -0.453727 -0.313018
0.036718 -0.414815 -0.284788
0.034178 -0.443923 -0.237027
0.072430 -0.451375 -0.226578
0.084397 -0.392667 -0.228383
0.057755 -0.374236 -0.186111
0.066337 -0.397958 -0.136344
0.093646 -0.360127 -0.117251
0.070518 -0.311109 -0.112819
0.057947 -0.322297 -0.060207
0.095852 -0.298708 -0.040749
0.098341 -0.241498 -0.042026
0.099277 -0.182941 -0.028440
0.068876 -0.167809 -0.065970
0.031190 -0.155958 -0.079976
0.034063 -0.161836 -0.135724
0.041298 -0.218762 -0.135323
0.009229 -0.236378 -0.108643
-0.016169 -0.213395 -0.146064
-0.004611 -0.243015 -0.191090
-0.013078 -0.294915 -0.168075
-0.051213 -0.286003 -0.158501
-0.059410 -0.277754 -0.212627
-0.048519 -0.328801 -0.230571
-0.071493 -0.361436 -0.199095
-0.106140 -0.341317 -0.215599
-0.100740 -0.350343 -0.276053
-0.076894 -0.409335 -0.275779
-0.087361 -0.453272 -0.238650
-0.106884 -0.490533 -0.207502
-0.124688 -0.501550 -0.159067
-0.091311 -0.522921 -0.132460
-0.068722 -0.467873 -0.134995
-0.084705 -0.426212 -0.103756
-0.067004 -0.438860 -0.054025
-0.031767 -0.412350 -0.057946
-0.043363 -0.356581 -0.040184
-0.050046 -0.354628 0.014799
-0.013257 -0.344351 0.032324
-0.008216 -0.293493 0.002416
-0.037449 -0.262982 0.026069
-0.025058 -0.268235 0.078644
0.008460 -0.238483 0.071642
-0.007985 -0.184572 0.062760
-0.017836 -0.170995 0.116539
0.020633 -0.145964 0.125968
0.016028 -0.091314 0.099014
-0.006189 -0.044477 0.086304
-0.040605 -0.023314 0.067648
-0.034820 -0.034863 0.013230
-0.035064 -0.092623 0.020634
-0.069723 -0.098406 0.044013
-0.091966 -0.078590 0.002562
-0.081947 -0.117464 -0.036318
-0.089811 -0.165742 -0.007304
-0.128229 -0.155692 0.003200
-0.140889 -0.156564 -0.049557
-0.129627 -0.211878 -0.058785
-0.150676 -0.235619 -0.018027
-0.185926 -0.219767 -0.035023
-0.184066 -0.249974 -0.083459
-0.175946 -0.302842 -0.062724
-0.208271 -0.310313 -0.028458
-0.234875 -0.319737 -0.069654
-0.217853 -0.367750 -0.095404
-0.195380 -0.390145 -0.041278
-0.197329 -0.406567 0.012920
-0.162208 -0.438519 0.017078
-0.129575 -0.403002 0.017771
-0.137528 -0.381233 0.077550
-0.141877 -0.418532 0.120369
-0.105422 -0.413298 0.142855
-0.111617 -0.348314 0.152720
-0.132757 -0.321121 0.191217
-0.103113 -0.292886 0.217532
-0.097404 -0.251965 0.175954
-0.135951 -0.225569 0.188427
-0.133565 -0.193807 0.234091
-0.135104 -0.142380 0.264108
-0.118980 -0.088697 0.287031
-0.111874 -0.034047 0.302915
-0.086142 -0.022063 0.257452
-0.110450 -0.015028 0.213520
-0.134206 0.007993 0.174403
-0.167070 0.001792 0.145207
-0.151215 -0.029098 0.102005
-0.143608 -0.076087 0.135925
-0.179268 -0.086668 0.155602
-0.196778 -0.097837 0.105525
-0.173547 -0.143120 0.090115
-0.180808 -0.176797 0.133773
-0.219687 -0.178675 0.126059
-0.218328 -0.204028 0.075836
-0.200344 -0.252648 0.092176
-0.226011 -0.270586 0.129852
-0.255925 -0.275270 0.092285
-0.238762 -0.316912 0.059004
-0.231232 -0.356866 0.104886
-0.265994 -0.378673 0.122302
-0.281028 -0.434499 0.156240
-0.284863 -0.475704 0.195831
-0.247433 -0.468840 0.219374
-0.247022 -0.403514 0.227508
-0.276487 -0.375051 0.252893
-0.262133 -0.373951 0.304483
-0.232027 -0.337126 0.291244
-0.252872 -0.292507 0.268065
-0.274704 -0.277792 0.312471
-0.243469 -0.261920 0.344147
-0.232771 -0.218724 0.309371
-0.266315 -0.188630 0.307274
-0.265866 -0.173308 0.360706
-0.233900 -0.138872 0.352482
-0.247638 -0.103204 0.310702
-0.274909 -0.075177 0.341376
-0.245252 -0.046468 0.374019
-0.229808 -0.000711 0.346573
-0.221406 0.053560 0.326677
-0.236799 0.039736 0.274977
-0.270561 0.046600 0.243300
-0.257862 0.016659 0.198621
-0.252500 -0.033877 0.226924
-0.289135 -0.040058 0.245416
-0.305502 -0.042220 0.194153
-0.286159 -0.088887 0.176647
-0.300448 -0.125200 0.216183
-0.337840 -0.122697 0.198275
-0.330105 -0.146116 0.148125
-0.315161 -0.197808 0.167601
-0.347756 -0.215519 0.190944
-0.367292 -0.216733 0.142016
-0.344343 -0.257350 0.117451
-0.350462 -0.299751 0.154125
-0.390560 -0.301097 0.148873
-0.387815 -0.319092 0.092230
-0.362545 -0.368642 0.097191
-0.380581 -0.388401 0.153395
-0.409917 -0.412407 0.186622
-0.392767 -0.416731 0.238067
-0.391894 -0.351480 0.243428
-0.425092 -0.320742 0.244085
-0.429876 -0.318922 0.300180
-0.396050 -0.293019 0.312945
-0.402220 -0.244816 0.282782
-0.435430 -0.227693 0.307310
-0.420345 -0.220961 0.358335
-0.392741 -0.182202 0.344713
-0.417831 -0.141300 0.324507
-0.437457 -0.133089 0.372706
-0.406607 -0.111073 0.400936
-0.402746 -0.061733 0.368876
-0.432737 -0.028908 0.391051
-0.406902 -0.012904 0.437335
-0.382287 0.029060 0.419281
-0.365804 0.082952 0.407719
-0.365060 0.077585 0.348105
-0.378746 0.089152 0.295821
-0.358518 0.048042 0.267445
-0.373346 0.001621 0.293578
-0.410866 0.012658 0.281250
-0.408390 0.013113 0.226031
-0.393075 -0.040210 0.218244
-0.421205 -0.070816 0.243465
-0.449707 -0.055930 0.207904
-0.433198 -0.076182 0.161912
-0.431723 -0.132444 0.179273
-0.468923 -0.141489 0.190123
-0.481994 -0.131572 0.139098
-0.462727 -0.176323 0.114515
-0.477196 -0.220885 0.144715
-0.516307 -0.211177 0.134739
-0.513934 -0.224128 0.078699
-0.505481 -0.283083 0.086942
-0.532841 -0.289245 0.140484
-0.570348 -0.284789 0.158210
-0.574787 -0.333713 0.191108
-0.549273 -0.326640 0.239908
-0.556957 -0.264651 0.261646
-0.584292 -0.245120 0.296915
-0.558509 -0.224469 0.336415
-0.543103 -0.180154 0.307729
-0.575954 -0.149378 0.303900
-0.579481 -0.141622 0.359211
-0.544937 -0.113709 0.366834
-0.550838 -0.068313 0.332750
-0.582188 -0.047226 0.360779
-0.560240 -0.033308 0.407665
-0.532200 0.002513 0.380566
-0.549004 0.051967 0.365521
-0.540178 0.081662 0.414011
-0.497784 0.078932 0.406297
-0.492756 0.105043 0.353102
-0.475465 0.149814 0.318690
-0.469859 0.132065 0.264710
-0.485226 0.128310 0.212627
-0.473322 0.074324 0.198238
-0.493769 0.048269 0.240000
-0.529775 0.066777 0.228110
-0.530776 0.046126 0.176081
-0.525183 -0.010913 0.190032
-0.558150 -0.015559 0.221253
-0.584189 -0.000047 0.182610
-0.575146 -0.042846 0.148453
-0.583843 -0.088470 0.182373
-0.621619 -0.073243 0.189540
-0.630893 -0.073888 0.134812
-0.622889 -0.130567 0.126296
-0.644272 -0.148979 0.177157
-0.683139 -0.140712 0.186239
-0.691169 -0.199192 0.192731
-0.668118 -0.204615 0.243009
-0.685653 -0.147690 0.267901
-0.722173 -0.127969 0.284059
-0.705369 -0.098691 0.332184
-0.673608 -0.065658 0.310611
-0.686846 -0.030862 0.270090
-0.709563 0.002323 0.303918
-0.680176 0.020641 0.337984
-0.659293 0.046752 0.298940
-0.687154 0.083976 0.284478
-0.691220 0.109613 0.334537
-0.654585 0.130510 0.336981
-0.652520 0.157797 0.285499
-0.679509 0.198604 0.295712
-0.657779 0.230936 0.332987
-0.623864 0.237971 0.294800
-0.624852 0.258583 0.242826
-0.605726 0.310863 0.253440
-0.569476 0.281243 0.273628
-0.553801 0.251718 0.228547
-0.540140 0.234709 0.177321
-0.545002 0.213547 0.125530
-0.542103 0.157778 0.140028
-0.574633 0.158859 0.173437
-0.601711 0.175698 0.137201
-0.598851 0.128614 0.105069
-0.610370 0.090783 0.147031
-0.645709 0.114088 0.155875
-0.659357 0.104569 0.104485
-0.654573 0.046487 0.105525
-0.677110 0.035811 0.149657
-0.710038 0.059381 0.128393
-0.712937 0.023599 0.083787
-0.714528 -0.027031 0.111306
-0.745326 -0.013814 0.145481
-0.772045 -0.007595 0.105689
-0.767889 -0.066947 0.086723
-0.769583 -0.097003 0.141706
-0.788285 -0.047112 0.179674
-0.819070 -0.010591 0.181297
-0.831244 -0.010420 0.234164
-0.795186 0.016090 0.253768
-0.781999 0.057428 0.206955
-0.803075 0.102047 0.188974
-0.788939 0.141584 0.226341
-0.750470 0.136938 0.214396
-0.753382 0.151710 0.160507
-0.769698 0.203952 0.168677
-0.739605 0.225455 0.198238
-0.711603 0.220203 0.159778
-0.731024 0.251453 0.120442
-0.729356 0.301609 0.151207
-0.690271 0.305345 0.153650
-0.681087 0.301021 0.098194
-0.695966 0.352732 0.080778
-0.666374 0.382977 0.119476
-0.628136 0.378900 0.107695
-0.593053 0.392857 0.085355
-0.593591 0.350001 0.045345
-0.601891 0.325369 -0.005480
-0.602596 0.269240 0.009893
-0.633536 0.274151 0.043685
-0.658767 0.292564 0.004349
-0.654957 0.247262 -0.032069
-0.664604 0.206379 0.004641
-0.700495 0.227977 0.016404
-0.715336 0.224280 -0.035442
-0.708999 0.167259 -0.043430
-0.729087 0.146552 -0.000319
-0.763746 0.169307 -0.010878
-0.769762 0.142058 -0.060846
-0.768941 0.085398 -0.038105
-0.793172 0.088527 0.014270
-0.825022 0.125921 0.003310
-0.859746 0.143461 -0.013832
-0.877435 0.173062 -0.067593
-0.888377 0.187947 -0.118600
-0.845828 0.175148 -0.131238
-0.831167 0.124707 -0.140466
-0.806666 0.094007 -0.173309
-0.789247 0.044894 -0.187880
-0.768402 0.039774 -0.136891
-0.792685 0.016488 -0.099051
-0.786835 -0.039433 -0.116868
-0.744851 -0.034464 -0.099416
-0.734166 -0.030918 -0.046257
-0.720364 -0.085151 -0.043229
-0.692118 -0.078989 -0.082948
-0.672185 -0.033877 -0.056688
-0.667220 -0.053124 -0.000173
-0.661294 -0.117008 -0.015692
-0.627815 -0.131951 -0.038506
-0.592514 -0.152127 -0.046913
-0.549760 -0.152734 -0.039564
-0.512536 -0.163429 -0.036609
-0.477555 -0.175660 -0.014398
-0.438958 -0.170255 -0.003255
-0.399129 -0.177878 -0.007121
-0.361353 -0.194053 0.014635
-0.324063 -0.176513 -0.012939
-0.291200 -0.152924 -0.035716
-0.264480 -0.118867 -0.063162
-0.249857 -0.170198 -0.094328
-0.271382 -0.187549 -0.137931
-0.254706 -0.147519 -0.178270
-0.214133 -0.167847 -0.183412
-0.211170 -0.207953 -0.226104
-0.199767 -0.169611 -0.266771
-0.160707 -0.167657 -0.241750
-0.124919 -0.171981 -0.223076
-0.099431 -0.172265 -0.183102
-0.080139 -0.116895 -0.176865
-0.100701 -0.068256 -0.196378
-0.125086 -0.023637 -0.200427
-0.158180 -0.054299 -0.207812
-0.157231 -0.078401 -0.156441
-0.157359 -0.028719 -0.125494
-0.191236 -0.003176 -0.153249
-0.216224 -0.022082 -0.193351
-0.195341 -0.003745 -0.250595
-0.174843 0.017607 -0.294946
-0.138850 0.037252 -0.311304
-0.107666 0.046411 -0.343290
-0.095557 -0.009453 -0.361034
-0.117223 -0.058092 -0.364554
-0.116658 -0.120725 -0.371721
-0.134321 -0.171659 -0.382699
-0.139106 -0.230139 -0.389501
-0.148355 -0.276939 -0.419573
-0.157475 -0.330205 -0.436533
-0.152382 -0.381650 -0.459182
-0.150253 -0.426212 -0.495400
-0.155679 -0.477999 -0.521806
-0.114041 -0.471798 -0.545750
-0.075534 -0.472291 -0.555945
-0.041067 -0.474339 -0.581020
-0.006253 -0.497018 -0.585542
0.029291 -0.506898 -0.563695
0.051547 -0.482682 -0.604490
0.056126 -0.428620 -0.583445
0.086783 -0.452646 -0.545805
0.116325 -0.470584 -0.581968
0.157000 -0.460705 -0.570333
0.192442 -0.468631 -0.555270
0.215839 -0.471646 -0.512396
0.237607 -0.451944 -0.472951
0.264185 -0.464365 -0.436296
0.270189 -0.472253 -0.382407
0.307888 -0.501948 -0.384559
0.350629 -0.489452 -0.401738
0.388085 -0.480521 -0.396121
0.425566 -0.476273 -0.399933
0.455377 -0.506765 -0.431153
0.487035 -0.510861 -0.464380
0.507802 -0.541504 -0.499813
0.513754 -0.611438 -0.493485
0.502184 -0.662732 -0.526949
0.495052 -0.709285 -0.555015
0.473104 -0.765756 -0.549270
0.453940 -0.813769 -0.567269
0.431056 -0.860341 -0.565154
0.399142 -0.898949 -0.536432
0.372089 -0.941007 -0.531508
0.341483 -0.950603 -0.480173
0.301244 -0.947986 -0.459274
0.267072 -0.959818 -0.442587
0.245432 -0.944023 -0.387514
0.199548 -0.938770 -0.402814
0.161131 -0.962264 -0.400680
0.124021 -0.971594 -0.387696
0.093069 -0.982384 -0.343546
0.056216 -0.990879 -0.327169
0.031061 -0.982630 -0.277165
-0.005740 -1.000000 -0.260917
-0.027277 -0.986537 -0.201776
-0.053189 -0.972770 -0.155055
-0.062181 -0.942487 -0.098650
-0.064297 -0.922519 -0.045928
-0.050187 -0.882356 0.002745
-0.053176 -0.852301 0.053442
-0.030535 -0.812877 0.083495
-0.031908 -0.786121 0.133645
-0.013321 -0.741825 0.160507
-0.011230 -0.727603 0.216475
-0.000199 -0.681088 0.246729
-0.000263 -0.662713 0.301055
0.002610 -0.631842 0.347612
0.030548 -0.596496 0.384760
0.035538 -0.563918 0.430114
0.064887 -0.523623 0.455535
0.072430 -0.492183 0.501327
0.103561 -0.450655 0.510864
0.117428 -0.412180 0.547884
0.141479 -0.361569 0.546772
0.162234 -0.330129 0.583646
0.195444 -0.285756 0.559191
0.210426 -0.228338 0.547446
0.230283 -0.179869 0.537599
0.254360 -0.158992 0.494725
0.280232 -0.119493 0.475486
0.288660 -0.104057 0.420448
0.305900 -0.067611 0.384596
0.304130 -0.035830 0.337491
0.323935 -0.014952 0.294472
0.329695 0.022651 0.253914
0.327283 0.016393 0.193698
0.327155 0.035716 0.141779
0.296344 0.032834 0.096498
0.289314 0.055209 0.044396
0.256027 0.047207 0.008617
0.237825 0.065847 -0.040767
0.197252 0.082288 -0.054390
0.178666 0.093514 -0.104193
0.141197 0.109177 -0.122722
0.119993 0.113937 -0.170464
0.087745 0.152468 -0.189649
0.062719 0.160490 -0.237592
0.034012 0.194736 -0.267245
0.007203 0.208351 -0.309717
-0.002982 0.239829 -0.362676
-0.039258 0.255909 -0.399094
-0.043863 0.284163 -0.460824
-0.069479 0.298461 -0.510718
-0.079818 0.313745 -0.573014
-0.084988 0.305155 -0.640671
-0.112951 0.294100 -0.686243
-0.124214 0.305876 -0.743232
-0.141210 0.302633 -0.794677
-0.158604 0.262432 -0.843040
-0.195431 0.284865 -0.878546
-0.216455 0.295086 -0.930045
-0.251127 0.293815 -0.961685
-0.298845 0.295560 -0.969016
-0.338058 0.310768 -0.991465
-0.380042 0.290535 -1.000000
-0.425464 0.296811 -0.982110
-0.468191 0.309213 -0.988055
-0.505634 0.314560 -0.948300
-0.546502 0.337733 -0.954591
-0.579084 0.338681 -0.909511
-0.607971 0.383887 -0.876303
-0.642284 0.424581 -0.865489
-0.671146 0.447564 -0.817691
-0.693516 0.486285 -0.784556
-0.717773 0.528534 -0.760046
-0.736822 0.544842 -0.699392
-0.762040 0.597671 -0.673916
-0.767043 0.616312 -0.611292
-0.784077 0.670601 -0.586217
-0.798406 0.691119 -0.530815
-0.810232 0.746167 -0.502293
-0.822611 0.759631 -0.442806
-0.832809 0.808876 -0.409306
-0.846482 0.815608 -0.346628
-0.855705 0.849418 -0.301529
-0.867506 0.842137 -0.237355
-0.877448 0.857648 -0.178470
-0.903769 0.842535 -0.131439
-0.912197 0.806430 -0.075088
-0.925460 0.804913 -0.021273
-0.937980 0.759384 0.023425
-0.953424 0.747931 0.074395
-0.965366 0.690379 0.105069
-0.973922 0.650349 0.147651
-0.960338 0.596268 0.187278
-0.964007 0.575675 0.240218
-0.965918 0.520873 0.268193
-0.977796 0.502934 0.321808
-0.981362 0.448227 0.352573
-0.981388 0.419291 0.402960
-0.985402 0.395132 0.455426
-1.000000 0.330223 0.474227
-0.989289 0.273051 0.511065
-0.990187 0.241024 0.560102
-0.986891 0.180666 0.577445
-0.986891 0.152487 0.630732
-0.979784 0.095941 0.651576
-0.982568 0.069564 0.708656
-0.967662 0.010363 0.735372
-0.943893 -0.022385 0.779778
-0.926897 -0.055513 0.819241
-0.915686 -0.113254 0.842055
-0.894162 -0.149283 0.879221
-0.877525 -0.195893 0.904387
-0.855192 -0.252629 0.909055
-0.836823 -0.288506 0.951728
-0.819968 -0.353870 0.952002
-0.786322 -0.391624 0.964640
-0.758461 -0.425605 0.984463
-0.731062 -0.475515 0.974961
-0.702573 -0.510994 1.000000
-0.674583 -0.553868 0.980250
-0.645747 -0.594713 0.993708
-0.615744 -0.625622 0.957418
-0.578378 -0.650842 0.945346
-0.544835 -0.670943 0.926963
-0.523464 -0.687914 0.873987
-0.492474 -0.704981 0.842037
-0.481686 -0.696106 0.778702
-0.457173 -0.671910 0.737561
-0.431621 -0.645211 0.701836
-0.423642 -0.623271 0.652324
-0.404914 -0.585099 0.618969
-0.399283 -0.540082 0.588059
-0.384647 -0.514236 0.545112
-0.364405 -0.474092 0.519600
-0.365727 -0.432697 0.483546
-0.343484 -0.398223 0.453219
-0.345998 -0.349319 0.426339
-0.324205 -0.317822 0.387678
-0.345703 -0.264310 0.414540
-0.335929 -0.232339 0.462429
-0.342419 -0.173650 0.482543
-0.334787 -0.164377 0.539459
-0.302860 -0.124575 0.532073
-0.315290 -0.070266 0.561744
-0.282567 -0.047738 0.596119
-0.253334 -0.012430 0.616380
-0.213582 0.000901 0.612459
-0.182732 0.030653 0.636969
-0.146636 0.056082 0.607699
-0.113618 0.087920 0.594223
-0.095147 0.120042 0.547811
-0.071019 0.155825 0.520384
-0.059461 0.194414 0.481103
-0.046672 0.218477 0.432484
-0.034845 0.259607 0.395209
-0.033909 0.288127 0.343327
-0.011192 0.281964 0.293232
-0.017529 0.315983 0.245252
-0.001546 0.329048 0.194427
-0.004034 0.339667 0.136563
0.010448 0.292279 0.105908
-0.025405 0.269486 0.083094
-0.034345 0.307222 0.039400
-0.006908 0.291142 -0.000264
-0.020261 0.232547 -0.012191
-0.058781 0.242503 -0.035078
-0.053650 0.270302 -0.086796
-0.047070 0.222327 -0.124053
-0.088335 0.189616 -0.121463
-0.115157 0.217358 -0.168276
-0.128280 0.184003 -0.220086
-0.163683 0.187189 -0.254935
-0.185054 0.171696 -0.303754
-0.224357 0.182088 -0.321571
-0.234028 0.247452 -0.319674
-0.234554 0.302974 -0.301711
-0.205539 0.316153 -0.262522
-0.190056 0.360203 -0.236079
-0.158578 0.379242 -0.205788
-0.139324 0.399664 -0.160143
-0.116132 0.440168 -0.128393
-0.105973 0.484939 -0.095148
-0.103677 0.538091 -0.074322
-0.090901 0.595187 -0.075909
-0.114785 0.604346 -0.018191
-0.122136 0.623517 0.041150
-0.137862 0.650577 0.085410
-0.140119 0.684330 0.135943
-0.178858 0.686321 0.150204
-0.207566 0.691783 0.194901
-0.242405 0.678736 0.232650
-0.272331 0.673370 0.269652
-0.293752 0.637360 0.308350
-0.279437 0.668497 0.363423
-0.275999 0.705246 0.408850
-0.272190 0.715922 0.463395
-0.311069 0.730770 0.471255
-0.327745 0.677447 0.453146
-0.301782 0.640432 0.485315
-0.282221 0.654085 0.531417
-0.245252 0.639332 0.499558
-0.251935 0.624731 0.444612
-0.232784 0.621394 0.388407
-0.235863 0.622285 0.323194
-0.217635 0.605996 0.266862
-0.213697 0.602222 0.201831
-0.200729 0.570820 0.145079
-0.181359 0.553166 0.092723
-0.152690 0.520058 0.065277
-0.156603 0.483119 0.020908
-0.160797 0.421964 0.034494
-0.174253 0.370841 0.046968
-0.194418 0.330906 0.077933
-0.196803 0.283064 0.111707
-0.238762 0.273943 0.100692
-0.239672 0.295598 0.035534
-0.248010 0.319680 -0.016112
-0.280258 0.354249 0.009127
-0.257336 0.392402 0.045381
-0.242482 0.435333 0.080395
-0.216622 0.462904 0.115190
-0.209477 0.480881 0.177175
-0.197406 0.518180 0.223860
-0.194161 0.526789 0.286466
-0.189453 0.563956 0.335230
-0.185580 0.564184 0.396668
-0.190852 0.600838 0.450046
-0.183181 0.624409 0.504281
-0.195508 0.672346 0.542559
-0.188068 0.644376 0.598034
-0.180923 0.613771 0.649078
-0.196701 0.557035 0.622124
-0.212171 0.510197 0.597761
-0.229770 0.472841 0.555598
-0.256271 0.423387 0.540170
-0.270266 0.404841 0.490148
-0.266674 0.413526 0.433816
-0.302270 0.409620 0.390048
-0.336916 0.392895 0.361891
-0.379298 0.396555 0.355272
-0.404106 0.417091 0.316501
-0.420897 0.418817 0.257507
-0.432968 0.456268 0.210147
-0.436328 0.437077 0.154033
-0.446808 0.422211 0.102516
-0.447963 0.384968 0.060846
-0.408031 0.359881 0.059824
-0.383698 0.369704 0.103008
-0.344100 0.359786 0.132843
-0.318407 0.343952 0.184798
-0.282323 0.344730 0.214833
-0.262325 0.344825 0.269269
-0.242956 0.339250 0.319838
-0.235221 0.328043 0.374000
-0.230539 0.341904 0.426138
-0.216314 0.372870 0.473972
-0.208117 0.375335 0.528809
-0.180679 0.432299 0.522371
-0.169302 0.495160 0.536705
-0.148419 0.539380 0.559811
-0.134976 0.592893 0.560540
-0.123110 0.602052 0.506488
-0.134655 0.563254 0.465128
-0.129165 0.529861 0.408850
-0.149714 0.500128 0.356767
-0.155346 0.462563 0.307146
-0.185875 0.438841 0.265421
-0.210618 0.404746 0.226158
-0.241160 0.405713 0.177011
-0.277218 0.392933 0.140539
-0.302834 0.410776 0.090261
-0.336468 0.410530 0.057125
-0.357543 0.445554 0.018191
-0.367471 0.435845 -0.035169
-0.365329 0.491860 -0.052384
-0.371717 0.534792 -0.004751
-0.381530 0.582008 0.032616
-0.390804 0.559272 0.082656
-0.388854 0.544235 0.138788
-0.375796 0.520930 0.190050
-0.391766 0.499938 0.244158
-0.374821 0.495217 0.307091
-0.350411 0.480900 0.356220
-0.328502 0.494382 0.405513
-0.314764 0.463663 0.457523
-0.314430 0.448379 0.517867
-0.330939 0.442140 0.567962
-0.354772 0.497739 0.564716
-0.358505 0.509704 0.498591
-0.374975 0.536271 0.443481
-0.369626 0.558533 0.384231
-0.375501 0.582786 0.333570
-0.358107 0.573608 0.273828
-0.340790 0.590845 0.215472
-0.334261 0.578709 0.154106
-0.319984 0.603720 0.099324
-0.305669 0.608347 0.045855
-0.291367 0.619554 -0.003073
-0.281990 0.603739 -0.054135
-0.243521 0.591945 -0.045016
-0.253385 0.539001 -0.013978
-0.267687 0.506386 -0.060900
-0.226589 0.496677 -0.085665
-0.197599 0.477354 -0.128703
-0.169263 0.475325 -0.167565
-0.153460 0.472481 -0.227690
-0.137156 0.448872 -0.277421
-0.134642 0.473656 -0.340008
-0.139132 0.498611 -0.393149
-0.155615 0.525159 -0.436588
-0.176780 0.479117 -0.454259
-0.198984 0.473770 -0.408011
-0.214236 0.526088 -0.406680
-0.233284 0.522333 -0.456173
-0.255501 0.476235 -0.443809
-0.273678 0.498706 -0.397945
-0.287223 0.546036 -0.422327
-0.312249 0.518901 -0.457468
-0.335262 0.497890 -0.414193
-0.339136 0.554456 -0.385599
-0.370152 0.584644 -0.413117
-0.402669 0.611950 -0.390103
-0.408134 0.590769 -0.336908
-0.365727 0.594941 -0.324106
-0.363956 0.660608 -0.323030
-0.342086 0.713400 -0.297973
-0.335980 0.781741 -0.298265
-0.308645 0.837737 -0.292885
-0.291341 0.891572 -0.279791
-0.255129 0.927904 -0.269269
-0.232810 0.975462 -0.239416
-0.187363 0.993875 -0.239106
-0.148855 1.000000 -0.246692
-0.114991 0.976942 -0.265786
-0.104241 0.948118 -0.218572
-0.131756 0.901774 -0.226760
-0.112310 0.876895 -0.276636
-0.087771 0.834078 -0.258582
-0.081242 0.779276 -0.243738
-0.076817 0.789724 -0.187771
-0.114054 0.810185 -0.178306
-0.133526 0.763973 -0.195503
-0.118031 0.727375 -0.160836
-0.127998 0.751970 -0.112765
