-0.429088 -0.182526 -0.628239
-0.416492 -0.134391 -0.626763
-0.438715 -0.090930 -0.623142
-0.460119 -0.049105 -0.608465
-0.473313 0.001433 -0.621351
-0.476044 0.045414 -0.592995
-0.485995 0.096068 -0.594895
-0.496851 0.141685 -0.573166
-0.497841 0.174971 -0.539644
-0.498404 0.224684 -0.520977
-0.475583 0.248853 -0.480786
-0.474866 0.297451 -0.458156
-0.468517 0.336455 -0.434719
-0.442914 0.359538 -0.394159
-0.418728 0.400394 -0.372650
-0.376841 0.419642 -0.341560
-0.331797 0.447646 -0.327211
-0.282366 0.471945 -0.314201
-0.232799 0.484594 -0.299360
-0.193746 0.518981 -0.303269
-0.147763 0.550400 -0.305455
-0.098435 0.570662 -0.294386
-0.055575 0.597870 -0.293402
0.003175 0.617928 -0.293717
0.060901 0.618768 -0.274188
0.118508 0.641186 -0.279122
0.168280 0.642271 -0.248620
0.207145 0.650043 -0.214005
0.248451 0.636019 -0.177545
0.289740 0.619984 -0.146073
0.334033 0.601415 -0.117634
0.350624 0.572992 -0.080136
0.397819 0.563339 -0.059364
0.435865 0.543844 -0.028288
0.452814 0.505188 0.004619
0.479560 0.479847 0.042992
0.472374 0.456720 0.088034
0.506290 0.435938 0.120463
0.505556 0.402507 0.161925
0.502620 0.382679 0.202184
0.487002 0.337511 0.230034
0.494376 0.303139 0.265278
0.484476 0.297813 0.310635
0.479287 0.266596 0.353914
0.463789 0.253586 0.397343
0.452029 0.251820 0.445050
0.424207 0.254599 0.488931
0.403827 0.266509 0.527687
0.355932 0.268955 0.561318
0.327649 0.271806 0.601208
0.273098 0.289535 0.620108
0.224111 0.299347 0.644870
0.173742 0.319334 0.664863
0.120778 0.350594 0.662827
0.063052 0.371362 0.669249
0.013143 0.396327 0.653015
-0.043662 0.404113 0.628594
-0.092717 0.421654 0.618112
-0.150187 0.413115 0.595769
-0.184392 0.402290 0.560894
-0.236588 0.380523 0.538332
-0.290320 0.358366 0.526129
-0.323519 0.331476 0.493099
-0.371499 0.298754 0.495299
-0.419103 0.276018 0.489846
-0.464745 0.247305 0.496051
-0.501801 0.209980 0.509443
-0.553331 0.190385 0.522808
-0.593545 0.165651 0.544700
-0.644836 0.148444 0.551561
-0.688105 0.126894 0.582035
-0.739772 0.096632 0.576159
-0.762490 0.056399 0.602274
-0.784645 0.014892 0.625820
-0.825064 -0.019928 0.628635
-0.830440 -0.071841 0.640306
-0.842183 -0.119528 0.651730
-0.831942 -0.169443 0.657210
-0.818543 -0.214713 0.673718
-0.802738 -0.261980 0.681166
-0.777852 -0.310983 0.676110
-0.751959 -0.356282 0.681644
-0.709970 -0.391826 0.664043
-0.672163 -0.430844 0.655529
-0.641866 -0.461858 0.626613
-0.621862 -0.477922 0.581324
-0.596156 -0.503669 0.553364
-0.565859 -0.501281 0.509142
-0.537338 -0.496954 0.472764
-0.507911 -0.463088 0.442153
-0.469422 -0.454882 0.410736
-0.438476 -0.434925 0.381491
-0.397938 -0.429917 0.354255
-0.349531 -0.419526 0.336886
-0.342004 -0.381724 0.303392
-0.325926 -0.337077 0.296040
-0.294332 -0.316859 0.265524
-0.274754 -0.280027 0.249153
-0.251643 -0.253093 0.216779
-0.216516 -0.222817 0.207008
-0.201854 -0.179009 0.182478
-0.169082 -0.148328 0.168184
-0.157731 -0.102016 0.158905
-0.134108 -0.065053 0.139363
-0.111970 -0.021911 0.144788
-0.101319 0.021984 0.126244
-0.084063 0.063852 0.133719
-0.091215 0.115664 0.125314
-0.083414 0.157981 0.133350
-0.108249 0.204712 0.135646
-0.092751 0.248419 0.134580
-0.102565 0.295006 0.146195
-0.097445 0.340377 0.153712
-0.104102 0.378656 0.179922
-0.093997 0.424432 0.160107
-0.120675 0.469311 0.168553
-0.146568 0.508937 0.167787
-0.168297 0.548881 0.157019
-0.175961 0.591589 0.141385
-0.194429 0.634456 0.134621
-0.228839 0.649507 0.094034
-0.270794 0.674284 0.073918
-0.325379 0.683185 0.051561
-0.380289 0.695472 0.042008
-0.436633 0.669667 0.041079
-0.489306 0.673256 0.045247
-0.541178 0.649855 0.063422
-0.592094 0.640245 0.080614
-0.633212 0.609028 0.107084
-0.677642 0.581082 0.117716
-0.722037 0.546478 0.127364
-0.763838 0.513134 0.130630
-0.796337 0.475520 0.109722
-0.842439 0.447516 0.091164
-0.860515 0.416169 0.050645
-0.895096 0.395545 0.020526
-0.901651 0.383866 -0.031308
-0.912523 0.387122 -0.076760
-0.903033 0.389337 -0.128457
-0.887552 0.398903 -0.176028
-0.855412 0.413969 -0.211586
-0.822554 0.402912 -0.255630
-0.789066 0.387267 -0.295452
-0.741222 0.356542 -0.317263
-0.714476 0.327322 -0.342599
-0.692492 0.275743 -0.345195
-0.681960 0.230792 -0.358656
-0.680731 0.176361 -0.354010
-0.707000 0.134434 -0.327689
-0.745370 0.093796 -0.316415
-0.765119 0.058150 -0.282565
-0.816683 0.040856 -0.260031
-0.843532 0.006324 -0.228121
-0.884667 -0.007005 -0.195652
-0.910885 -0.048555 -0.169263
-0.935685 -0.078860 -0.142123
-0.958540 -0.121655 -0.125765
-0.975250 -0.172743 -0.112455
-0.986686 -0.224047 -0.117170
-1.000000 -0.277219 -0.126449
-0.998976 -0.324963 -0.155160
-0.992251 -0.370436 -0.173213
-0.977879 -0.411161 -0.206120
-0.965299 -0.439961 -0.243905
-0.941574 -0.480064 -0.276812
-0.913803 -0.510037 -0.314051
-0.881015 -0.535016 -0.351030
-0.847577 -0.562774 -0.389212
-0.794681 -0.581516 -0.417254
-0.752471 -0.617436 -0.441935
-0.690785 -0.639521 -0.451583
-0.642088 -0.672185 -0.471056
-0.581341 -0.689118 -0.485501
-0.529827 -0.727123 -0.489628
-0.471419 -0.741639 -0.498251
-0.414734 -0.774288 -0.496925
-0.373069 -0.816041 -0.498005
-0.310496 -0.840717 -0.492853
-0.250926 -0.864017 -0.487728
-0.200164 -0.898765 -0.475484
-0.137351 -0.915857 -0.467940
-0.079625 -0.942762 -0.459837
-0.016335 -0.955295 -0.459071
0.047570 -0.957726 -0.443315
0.112977 -0.968465 -0.438286
0.174663 -0.963515 -0.425713
0.229897 -0.960389 -0.396373
0.292744 -0.959347 -0.382011
0.337788 -0.953688 -0.342667
0.370611 -0.945555 -0.304622
0.398962 -0.954687 -0.258035
0.415297 -0.969420 -0.213062
0.430232 -0.981663 -0.163701
0.444365 -0.986758 -0.115543
0.442334 -0.982373 -0.065718
0.449195 -1.000000 -0.024762
0.436564 -0.984457 0.023819
0.445269 -0.988639 0.070146
0.423695 -0.970693 0.114723
0.413283 -0.960939 0.161310
0.420349 -0.931589 0.203646
0.425111 -0.914511 0.244301
0.402973 -0.878779 0.279340
0.357639 -0.863380 0.312001
0.322136 -0.866550 0.347040
0.286685 -0.836910 0.374248
0.224179 -0.837822 0.373620
0.170635 -0.843611 0.383937
0.118183 -0.867708 0.382557
0.061549 -0.862223 0.362141
0.024920 -0.887188 0.332103
-0.035708 -0.893194 0.316415
-0.089098 -0.895176 0.304758
-0.136327 -0.890849 0.269446
-0.182447 -0.876623 0.242539
-0.224418 -0.848734 0.221425
-0.263079 -0.815318 0.214469
-0.264035 -0.766227 0.198330
-0.274139 -0.726110 0.171682
-0.266032 -0.677917 0.172898
-0.259221 -0.635006 0.158303
-0.235564 -0.597768 0.147193
-0.226808 -0.552325 0.154149
-0.210917 -0.510833 0.143708
-0.199532 -0.469109 0.146441
-0.218342 -0.427457 0.149516
-0.234421 -0.387036 0.137381
-0.245857 -0.345370 0.131546
-0.286941 -0.319985 0.131710
-0.322939 -0.293529 0.114450
-0.302951 -0.257797 0.135659
-0.256012 -0.254989 0.116814
-0.276392 -0.251183 0.078099
-0.304778 -0.213584 0.086449
-0.263301 -0.187866 0.097272
-0.238295 -0.192555 0.061072
-0.278799 -0.174769 0.039316
-0.281718 -0.135404 0.058598
-0.231178 -0.124998 0.049798
-0.240514 -0.125852 0.007161
-0.281906 -0.098441 0.003594
-0.251865 -0.065082 0.019897
-0.210712 -0.061464 -0.008568
-0.243740 -0.076096 -0.048418
-0.297199 -0.091683 -0.049060
-0.337601 -0.110714 -0.072168
-0.365354 -0.144435 -0.102766
-0.408026 -0.152684 -0.123633
-0.445696 -0.166404 -0.149352
-0.491389 -0.164464 -0.168607
-0.544046 -0.157691 -0.168621
-0.583542 -0.185290 -0.182519
-0.635994 -0.188329 -0.178815
-0.666069 -0.230372 -0.168389
-0.703654 -0.257985 -0.155010
-0.733712 -0.290201 -0.139048
-0.770854 -0.320781 -0.127255
-0.810111 -0.342924 -0.095919
-0.839060 -0.384083 -0.095974
-0.851964 -0.437182 -0.086176
-0.867513 -0.485853 -0.078550
-0.854865 -0.540154 -0.088417
-0.841842 -0.588144 -0.102520
-0.835083 -0.638754 -0.117798
-0.802157 -0.677844 -0.142560
-0.758445 -0.710465 -0.167049
-0.726236 -0.738628 -0.189256
-0.666240 -0.756140 -0.200735
-0.616895 -0.791728 -0.195542
-0.563504 -0.802553 -0.204261
-0.502552 -0.818502 -0.208429
-0.453770 -0.843452 -0.186646
-0.399662 -0.848604 -0.195023
-0.337703 -0.859212 -0.198166
-0.278765 -0.866260 -0.182054
-0.226979 -0.863757 -0.164275
-0.171864 -0.855753 -0.170397
-0.120573 -0.841918 -0.144679
-0.077065 -0.810021 -0.122035
-0.037022 -0.783305 -0.105745
-0.017512 -0.741740 -0.075599
-0.029648 -0.692259 -0.056139
-0.023879 -0.647293 -0.043225
-0.035315 -0.598666 -0.062726
-0.070033 -0.565437 -0.072674
-0.113199 -0.535928 -0.074574
-0.134194 -0.494291 -0.074218
-0.100278 -0.455027 -0.051424
-0.101132 -0.409584 -0.062452
-0.130626 -0.400958 -0.020294
-0.092563 -0.388222 0.015101
-0.069828 -0.360508 0.047324
-0.027668 -0.332084 0.059104
-0.026422 -0.307640 0.098475
-0.014047 -0.300187 0.136356
0.017308 -0.285338 0.170671
0.035861 -0.266799 0.203537
0.043064 -0.247695 0.239587
0.078038 -0.226667 0.261998
0.093707 -0.194654 0.285681
0.113165 -0.153784 0.287704
0.125215 -0.159500 0.329152
0.164610 -0.188445 0.321499
0.192568 -0.165014 0.291967
0.199686 -0.131612 0.323234
0.220680 -0.154102 0.356182
0.262857 -0.169052 0.336476
0.279004 -0.124680 0.327539
0.284022 -0.111220 0.367880
0.318552 -0.143465 0.377842
0.355693 -0.135187 0.348393
0.362521 -0.091364 0.360870
0.372164 -0.100279 0.404163
0.416918 -0.126489 0.405515
0.453309 -0.088354 0.399735
0.445201 -0.059062 0.439024
0.480806 -0.083564 0.475593
0.534095 -0.061233 0.492935
0.575332 -0.042694 0.521619
0.625241 -0.029003 0.536296
0.689607 -0.021072 0.533508
0.744960 -0.009002 0.525008
0.799887 -0.003097 0.500137
0.852203 0.016600 0.478695
0.898800 0.009031 0.443588
0.939014 -0.003806 0.403165
0.965999 0.000883 0.364026
0.966443 -0.004052 0.311496
0.983785 -0.011925 0.263638
1.000000 -0.021390 0.218678
0.996859 -0.049365 0.174087
0.994470 -0.054575 0.124686
0.994640 -0.077384 0.076828
0.980917 -0.096980 0.035913
0.979449 -0.121684 -0.010441
0.956919 -0.153769 -0.049606
0.935685 -0.176144 -0.092763
0.922082 -0.194437 -0.133855
0.890471 -0.228997 -0.166093
0.879274 -0.248419 -0.209987
0.842576 -0.279173 -0.243796
0.819329 -0.315643 -0.270758
0.791302 -0.355283 -0.299019
0.764880 -0.398599 -0.312398
0.729428 -0.437284 -0.335848
0.674825 -0.463218 -0.348967
0.634680 -0.497735 -0.368167
0.573301 -0.513770 -0.372554
0.532132 -0.537635 -0.388584
0.469302 -0.534944 -0.389650
0.414307 -0.516954 -0.411323
0.361974 -0.515160 -0.436400
0.304607 -0.495159 -0.446308
0.267158 -0.465765 -0.468364
0.243672 -0.438586 -0.500191
0.187226 -0.428282 -0.524981
0.137607 -0.421697 -0.544851
0.092341 -0.402101 -0.572565
0.040094 -0.414171 -0.586941
-0.020858 -0.416125 -0.598366
-0.075273 -0.419526 -0.620231
-0.132965 -0.430033 -0.600661
-0.191203 -0.436792 -0.605977
-0.239029 -0.457849 -0.596165
-0.288562 -0.472654 -0.564857
-0.324680 -0.494218 -0.536159
-0.370167 -0.503350 -0.499412
-0.386212 -0.516216 -0.456065
-0.421339 -0.536912 -0.422898
-0.435830 -0.543555 -0.371802
-0.461877 -0.561066 -0.335411
-0.473928 -0.572427 -0.284643
-0.488146 -0.592124 -0.244042
-0.500265 -0.596726 -0.192877
-0.528889 -0.599679 -0.151976
-0.533975 -0.627509 -0.107371
-0.557410 -0.619520 -0.058680
-0.563623 -0.636902 -0.015114
-0.568334 -0.636569 0.037594
-0.583730 -0.634297 0.082787
-0.572704 -0.641634 0.135550
-0.562138 -0.646106 0.181549
-0.527574 -0.643820 0.226741
-0.522437 -0.646454 0.276252
-0.477324 -0.643559 0.313928
-0.453394 -0.637264 0.359886
-0.411781 -0.637321 0.396933
-0.380784 -0.633457 0.436591
-0.326386 -0.622024 0.462351
-0.279123 -0.601690 0.490420
-0.227474 -0.580532 0.508063
-0.184853 -0.540602 0.505767
-0.140407 -0.506332 0.514882
-0.091010 -0.480556 0.517328
-0.040640 -0.456141 0.509839
0.003243 -0.429498 0.496556
0.044515 -0.426791 0.465808
0.038490 -0.418918 0.415724
0.023043 -0.416646 0.376216
-0.008807 -0.429744 0.346931
-0.024528 -0.453782 0.315281
-0.006094 -0.424143 0.287389
0.045880 -0.433738 0.293225
0.045898 -0.477126 0.283973
0.023998 -0.469847 0.245313
0.060594 -0.441307 0.229064
0.101080 -0.468993 0.231893
0.078550 -0.500991 0.208552
0.074761 -0.474811 0.173855
0.125250 -0.464854 0.168471
0.143069 -0.507113 0.167828
0.113131 -0.518431 0.134252
0.139092 -0.486316 0.108738
0.184904 -0.510109 0.111580
0.165668 -0.553541 0.100839
0.137744 -0.533988 0.059692
0.173025 -0.522541 0.017424
0.213682 -0.555987 0.003020
0.228651 -0.572181 -0.043402
0.269770 -0.588057 -0.078004
0.290679 -0.572051 -0.122376
0.351597 -0.582775 -0.122431
0.406541 -0.598289 -0.125861
0.453309 -0.561558 -0.130494
0.501493 -0.561616 -0.098174
0.533958 -0.580199 -0.058872
0.595729 -0.588940 -0.063368
0.634526 -0.562644 -0.032060
0.647823 -0.561008 0.011001
0.655589 -0.574294 0.051957
0.674091 -0.555089 0.097805
0.688805 -0.544669 0.143572
0.697066 -0.510037 0.183106
0.699797 -0.485101 0.227219
0.712479 -0.451148 0.257789
0.705088 -0.398353 0.271865
0.715039 -0.357613 0.293156
0.705481 -0.301648 0.289876
0.698141 -0.252225 0.286938
0.696161 -0.211514 0.261302
0.674091 -0.161150 0.253266
0.663628 -0.112827 0.251394
0.654616 -0.068512 0.229173
0.653950 -0.018655 0.229324
0.648676 0.026224 0.223311
0.662536 0.070871 0.232617
0.671395 0.113261 0.249604
0.682609 0.157995 0.259252
0.700155 0.197013 0.279190
0.707427 0.234714 0.306549
0.723061 0.275888 0.324587
0.752283 0.318972 0.339305
0.769471 0.364690 0.352916
0.809890 0.399062 0.354447
0.837046 0.444057 0.336025
0.863809 0.486201 0.311058
0.901702 0.509009 0.283823
0.913820 0.540747 0.243181
0.936761 0.578274 0.216546
0.956629 0.595771 0.169987
0.956082 0.618869 0.122253
0.969942 0.654341 0.088280
0.959104 0.683720 0.044769
0.943742 0.712043 0.008910
0.923191 0.748759 -0.027031
0.879137 0.785027 -0.044687
0.837541 0.812119 -0.067235
0.789049 0.849198 -0.062275
0.738696 0.873091 -0.053296
0.697561 0.899692 -0.021646
0.651151 0.911110 0.003403
0.613310 0.916017 0.044946
0.586154 0.924816 0.083210
0.561148 0.914801 0.130289
0.530681 0.904612 0.168635
0.502654 0.918491 0.207951
0.467271 0.902036 0.249590
0.431768 0.894091 0.287266
0.389813 0.895900 0.319517
0.337071 0.906870 0.339510
0.281718 0.912500 0.336709
0.230887 0.938377 0.350333
0.181491 0.954470 0.340016
0.136634 0.976931 0.321676
0.073719 0.986338 0.311892
0.016591 0.978682 0.304389
-0.039053 0.979594 0.328919
-0.075938 1.000000 0.353736
-0.133016 0.979623 0.366746
-0.169560 0.974413 0.397439
-0.210422 0.964933 0.421750
-0.272228 0.950577 0.432314
-0.322290 0.928087 0.442290
-0.372301 0.919620 0.455942
-0.427911 0.888924 0.451077
-0.475874 0.855811 0.451131
-0.515780 0.820846 0.443315
-0.565842 0.806186 0.455327
-0.609197 0.765098 0.450161
-0.638623 0.718700 0.464770
-0.681175 0.691564 0.477479
-0.710209 0.642141 0.488849
-0.730196 0.599375 0.518626
-0.739857 0.561254 0.546614
-0.740881 0.537621 0.594129
-0.749381 0.510644 0.629879
-0.724495 0.485868 0.671682
-0.704166 0.486389 0.721097
-0.675628 0.463363 0.753321
-0.636933 0.457560 0.795042
-0.603632 0.439860 0.827867
-0.556676 0.410061 0.849664
-0.512793 0.411827 0.884197
-0.472238 0.375110 0.904655
-0.428184 0.358120 0.932327
-0.396214 0.318842 0.959112
-0.355949 0.282111 0.962993
-0.303224 0.269650 0.983642
-0.262669 0.239851 0.999467
-0.201461 0.221833 0.994096
-0.141618 0.213468 1.000000
-0.088637 0.183163 0.996324
-0.032857 0.171513 0.993058
0.020807 0.147025 0.973666
0.066260 0.123696 0.957431
0.105279 0.113203 0.916885
0.132026 0.103970 0.873756
0.162971 0.089671 0.836763
0.169167 0.069829 0.789316
0.191527 0.054648 0.751585
0.181269 0.018539 0.713308
0.182959 -0.007019 0.677695
0.170857 -0.049510 0.654613
0.156827 -0.095778 0.648655
0.121358 -0.138848 0.637285
0.120982 -0.177301 0.616760
0.110554 -0.217926 0.636356
0.066465 -0.233599 0.672065
0.025210 -0.273239 0.660285
0.018093 -0.319421 0.667172
-0.024613 -0.339363 0.689734
-0.089149 -0.335195 0.697961
-0.143615 -0.345702 0.691101
-0.197109 -0.348510 0.675782
-0.217489 -0.302806 0.693082
-0.204073 -0.264020 0.666393
-0.231570 -0.255337 0.630371
-0.264683 -0.222976 0.646482
-0.223684 -0.191137 0.652987
-0.204755 -0.184350 0.614559
-0.246898 -0.167909 0.595168
-0.248895 -0.132104 0.622158
-0.202775 -0.113970 0.612838
-0.212812 -0.109875 0.571595
-0.254527 -0.082811 0.576255
-0.228310 -0.050248 0.596302
-0.192790 -0.043967 0.565459
-0.227337 -0.034806 0.534875
-0.247888 0.001245 0.554143
-0.202929 0.024444 0.556357
-0.192688 0.024372 0.514308
-0.236844 0.040667 0.498756
-0.232628 0.079772 0.520827
-0.187277 0.091639 0.499945
-0.203287 0.089555 0.460219
-0.243740 0.119253 0.464524
-0.206394 0.153060 0.480157
-0.154096 0.153190 0.483191
-0.125523 0.138805 0.518927
-0.079489 0.132625 0.491213
-0.097428 0.136374 0.443315
-0.108352 0.131192 0.399229
-0.124243 0.112132 0.362851
-0.083892 0.081118 0.363944
-0.096011 0.057615 0.399106
-0.138700 0.037078 0.385782
-0.116596 0.008524 0.359243
-0.086316 -0.012258 0.387709
-0.127588 -0.028134 0.411474
-0.154113 -0.050639 0.377091
-0.112363 -0.077413 0.357891
-0.105433 -0.115258 0.382912
-0.103419 -0.160499 0.397029
-0.137624 -0.156505 0.438204
-0.173469 -0.151092 0.469840
-0.164388 -0.107921 0.475566
-0.181661 -0.095142 0.437042
-0.230563 -0.110468 0.442959
-0.240190 -0.083115 0.475661
-0.229949 -0.044589 0.456270
-0.267124 -0.049901 0.426670
-0.308498 -0.053707 0.452211
-0.299845 -0.012605 0.471083
-0.299298 0.014038 0.437425
-0.349019 0.002735 0.423718
-0.377302 0.024126 0.453974
-0.373052 0.065328 0.435621
-0.408026 0.051059 0.403507
-0.453872 0.058483 0.375273
-0.485756 0.032939 0.344785
-0.537713 0.039061 0.347013
-0.548176 0.054083 0.304868
-0.507382 0.044315 0.274995
-0.471931 0.033041 0.244629
-0.423183 0.025196 0.231975
-0.412788 0.068874 0.223721
-0.419649 0.084070 0.263666
-0.384522 0.058121 0.282142
-0.343848 0.071363 0.258172
-0.345725 0.114708 0.269474
-0.334511 0.105779 0.310730
-0.289842 0.082855 0.308434
-0.259409 0.112205 0.286624
-0.256815 0.145679 0.315527
-0.228242 0.117661 0.345373
-0.192807 0.091712 0.315431
-0.147354 0.074866 0.296709
-0.128254 0.048902 0.263939
-0.076997 0.032520 0.275801
-0.049755 -0.007497 0.257420
-0.068616 -0.046992 0.240243
-0.103419 -0.078339 0.231292
-0.112875 -0.094780 0.270075
-0.130814 -0.058121 0.288756
-0.172803 -0.051869 0.264527
-0.196050 -0.090597 0.274585
-0.201564 -0.082869 0.316005
-0.231826 -0.046095 0.311058
-0.270367 -0.066761 0.287813
-0.287060 -0.095156 0.316880
-0.304863 -0.064561 0.343665
-0.339973 -0.047310 0.317727
-0.368990 -0.084200 0.310170
-0.383652 -0.089136 0.349814
-0.407599 -0.049568 0.353572
-0.443085 -0.054416 0.323439
-0.466639 -0.090337 0.339879
-0.480584 -0.071378 0.376531
-0.510625 -0.037802 0.356305
-0.530681 -0.070857 0.319545
-0.557120 -0.108876 0.309869
-0.582945 -0.090250 0.275036
-0.541451 -0.083347 0.244137
-0.520132 -0.133493 0.246433
-0.500879 -0.176563 0.253840
-0.442829 -0.161295 0.269925
-0.389694 -0.156447 0.272480
-0.379589 -0.165304 0.231825
-0.408504 -0.130064 0.218719
-0.379470 -0.098456 0.238452
-0.333999 -0.108847 0.218692
-0.348593 -0.104086 0.179184
-0.360404 -0.060799 0.184022
-0.314763 -0.044662 0.196772
-0.288665 -0.056891 0.161952
-0.319900 -0.034690 0.134552
-0.308413 0.007265 0.149790
-0.256303 0.006788 0.143039
-0.263011 0.000709 0.102465
-0.293785 0.034980 0.092052
-0.258044 0.065719 0.100962
-0.223121 0.051695 0.070911
-0.257446 0.061522 0.038688
-0.277707 0.102884 0.045056
-0.223821 0.122494 0.059077
-0.180893 0.108586 0.033836
-0.144162 0.087746 0.005507
-0.152730 0.061797 -0.030229
-0.152645 0.030016 -0.065322
-0.213204 0.039510 -0.079603
-0.261389 0.030349 -0.061837
-0.299776 0.028265 -0.034342
-0.343336 0.013387 -0.016372
-0.398211 0.002620 -0.011343
-0.442112 -0.019248 -0.001011
-0.426989 -0.057195 -0.020567
-0.384573 -0.065343 0.000984
-0.405943 -0.067166 0.039726
-0.436325 -0.103666 0.030365
-0.399850 -0.133334 0.017834
-0.372062 -0.133971 0.054198
-0.418898 -0.150933 0.078086
-0.430778 -0.193699 0.067577
-0.423865 -0.218258 0.104720
-0.415707 -0.196825 0.146332
-0.457525 -0.213540 0.170985
-0.448803 -0.258115 0.170698
-0.466742 -0.255684 0.125711
-0.491269 -0.211326 0.118126
-0.509345 -0.165362 0.120873
-0.525680 -0.121221 0.120217
-0.551590 -0.085633 0.107276
-0.553843 -0.053316 0.077730
-0.560380 -0.019957 0.107522
-0.513373 -0.023576 0.124891
-0.485295 -0.015297 0.090180
-0.505812 0.025761 0.084030
-0.492174 0.044343 0.120695
-0.440917 0.036702 0.117347
-0.432929 0.057788 0.081502
-0.451124 0.097790 0.095181
-0.415365 0.103897 0.125137
-0.372130 0.101162 0.102301
-0.384932 0.133797 0.074929
-0.391930 0.168806 0.103886
-0.351375 0.149355 0.135564
-0.309864 0.136533 0.157278
-0.273866 0.126518 0.185184
-0.247393 0.135259 0.228477
-0.203287 0.139181 0.255494
-0.158755 0.146852 0.273628
-0.108369 0.171556 0.277167
-0.056736 0.179834 0.285244
-0.014730 0.207317 0.278206
0.020363 0.179689 0.299511
0.011641 0.139803 0.279122
0.023230 0.155998 0.241664
0.073463 0.164595 0.254305
0.088194 0.122567 0.262627
0.078430 0.103565 0.224992
0.111066 0.135563 0.205573
0.157526 0.121713 0.229064
0.159575 0.078108 0.217626
0.161623 0.094071 0.173240
0.206582 0.129745 0.178132
0.246437 0.156302 0.175973
0.268780 0.197983 0.185184
0.238705 0.231703 0.157647
0.211293 0.272559 0.155543
0.191988 0.267986 0.111061
0.140765 0.247015 0.113275
0.099237 0.269404 0.130097
0.084882 0.296858 0.094812
0.053817 0.263094 0.067973
0.002048 0.250315 0.080696
-0.029204 0.293587 0.065964
-0.019356 0.295628 0.015879
-0.055302 0.270706 -0.020253
-0.089149 0.277320 -0.052804
-0.078806 0.239272 -0.087747
-0.068104 0.193293 -0.103996
-0.059911 0.147633 -0.093350
-0.031816 0.130990 -0.057341
-0.014645 0.105880 -0.024803
0.014372 0.093564 0.010550
0.040828 0.061175 -0.012449
0.063461 0.103217 -0.031786
0.102685 0.127039 -0.017601
0.142506 0.155318 -0.032552
0.188984 0.156215 -0.014007
0.242545 0.162221 -0.014677
0.287760 0.145477 -0.003471
0.338283 0.152351 0.013748
0.360643 0.118312 -0.022179
0.349190 0.105808 -0.060894
0.360575 0.100511 -0.102069
0.371140 0.103058 -0.146469
0.362333 0.081480 -0.186619
0.338215 0.125635 -0.208907
0.334460 0.160890 -0.245709
0.296431 0.186709 -0.278602
0.257617 0.184480 -0.308011
0.195026 0.184552 -0.311222
0.142369 0.171831 -0.323385
0.087852 0.167677 -0.309856
0.037432 0.137937 -0.303023
-0.010941 0.118587 -0.297844
-0.046137 0.078122 -0.298814
-0.059143 0.066588 -0.251640
-0.082561 0.053707 -0.213062
-0.097155 0.019161 -0.188791
-0.132896 0.002489 -0.217954
-0.119736 0.010637 -0.259429
-0.132145 0.049365 -0.276088
-0.124618 0.083260 -0.301807
-0.126632 0.127487 -0.297215
-0.140116 0.165058 -0.315923
-0.121085 0.193178 -0.344512
-0.103163 0.225089 -0.316784
-0.060901 0.195103 -0.302094
-0.027242 0.186274 -0.338130
0.018810 0.208518 -0.338021
0.067694 0.225900 -0.339592
0.118917 0.233787 -0.312808
0.164559 0.247001 -0.293006
0.215986 0.230618 -0.268681
0.243706 0.210877 -0.236375
0.264376 0.172135 -0.217927
0.268968 0.143349 -0.177135
0.290764 0.109614 -0.152195
0.279806 0.100902 -0.104843
0.261952 0.060958 -0.098762
0.206633 0.063331 -0.106920
0.211156 0.105634 -0.135482
0.191578 0.137343 -0.164685
0.199720 0.180124 -0.178843
0.180023 0.224814 -0.198603
0.196784 0.265236 -0.216765
0.206667 0.306280 -0.237018
0.261116 0.305093 -0.227998
0.310137 0.293370 -0.215494
0.346988 0.277031 -0.190226
0.368239 0.279839 -0.145403
0.390718 0.272269 -0.109244
0.356922 0.289506 -0.077252
0.304846 0.293110 -0.084208
0.253094 0.292502 -0.076118
0.201137 0.286525 -0.083443
0.149351 0.294499 -0.090508
0.099135 0.286944 -0.097477
0.108966 0.277118 -0.139773
0.136413 0.237724 -0.130535
0.099800 0.216478 -0.109175
0.065817 0.216594 -0.143312
0.105279 0.187751 -0.166407
0.114701 0.147836 -0.147562
0.131053 0.098441 -0.144091
0.134211 0.055053 -0.134525
0.159950 0.009320 -0.136739
0.132760 -0.023011 -0.122499
0.122570 -0.048598 -0.156595
0.143325 -0.037266 -0.196116
0.145186 -0.031347 -0.244452
0.173400 -0.030291 -0.284205
0.164798 -0.024762 -0.333757
0.152338 -0.020406 -0.374057
0.120453 -0.006976 -0.408194
0.101336 -0.028641 -0.442345
0.057692 0.000767 -0.445433
0.085514 0.043287 -0.454234
0.089491 0.071450 -0.489027
0.092341 0.116445 -0.473475
0.149521 0.103261 -0.456311
0.196494 0.093521 -0.438409
0.202639 0.078426 -0.398450
0.164712 0.050364 -0.375847
0.137932 0.038916 -0.333279
0.121563 0.021347 -0.294728
0.091112 0.020884 -0.253444
0.076621 -0.003314 -0.214497
0.055610 -0.009016 -0.172338
0.023128 -0.023243 -0.142588
-0.019134 0.001201 -0.163114
-0.020568 0.006860 -0.206803
0.006845 0.035805 -0.227971
0.024476 0.060466 -0.267478
0.069538 0.074374 -0.294755
0.104938 0.101379 -0.318848
0.158004 0.107848 -0.340330
0.204107 0.132292 -0.356182
0.255978 0.136330 -0.375765
0.295509 0.141555 -0.404969
0.305870 0.089121 -0.406800
0.319371 0.046847 -0.398587
0.347859 0.055646 -0.364300
0.309096 0.074200 -0.341984
0.279499 0.037599 -0.342325
0.312800 0.010796 -0.322223
0.319542 0.035703 -0.287553
0.268899 0.034386 -0.276429
0.266902 -0.009595 -0.271715
0.306331 -0.017816 -0.245149
0.294110 0.008814 -0.212269
0.247546 -0.008380 -0.205163
0.262123 -0.051927 -0.199902
0.296789 -0.046688 -0.168676
0.265212 -0.026441 -0.141303
0.229300 -0.059149 -0.141139
0.261679 -0.092348 -0.128047
0.277621 -0.074432 -0.091779
0.227337 -0.056978 -0.073057
0.189411 -0.086849 -0.068383
0.159626 -0.113695 -0.044523
0.119293 -0.139167 -0.037458
0.069947 -0.147329 -0.030515
0.031816 -0.163480 -0.009006
-0.006213 -0.189907 -0.004018
-0.054142 -0.200834 -0.009511
-0.100278 -0.198518 0.006546
-0.145527 -0.219098 0.010468
-0.187601 -0.228982 -0.021701
-0.237049 -0.227940 -0.043334
-0.228088 -0.224337 -0.085916
-0.239524 -0.228418 -0.128334
-0.203543 -0.186332 -0.135181
-0.165771 -0.153567 -0.142711
-0.117586 -0.132553 -0.122595
-0.072661 -0.113189 -0.108601
-0.034035 -0.101611 -0.083197
0.003345 -0.082174 -0.058817
0.054039 -0.058324 -0.053283
0.095806 -0.034922 -0.039385
0.132913 0.000000 -0.028110
0.176046 -0.024675 -0.014472
0.218188 -0.052173 -0.010290
0.250755 -0.084808 0.000301
0.283066 -0.120642 0.021455
0.313261 -0.142582 -0.009211
0.344735 -0.156794 -0.039945
0.352570 -0.172526 -0.078755
0.337856 -0.215639 -0.067509
0.288016 -0.204553 -0.056262
0.275488 -0.185102 -0.092981
0.278424 -0.223367 -0.113740
0.244815 -0.248231 -0.092421
0.203970 -0.219850 -0.098912
0.202673 -0.222470 -0.141126
0.196870 -0.267986 -0.142055
0.151979 -0.269852 -0.120914
0.126564 -0.242340 -0.148204
0.131804 -0.267812 -0.181972
0.105382 -0.302792 -0.166762
0.059877 -0.281821 -0.159151
0.050113 -0.265149 -0.197592
0.050387 -0.306830 -0.216150
0.007886 -0.322358 -0.194736
-0.027532 -0.291503 -0.202484
-0.024886 -0.298421 -0.245244
-0.041630 -0.341028 -0.244766
-0.086913 -0.334761 -0.224076
-0.107669 -0.304355 -0.250109
-0.108027 -0.332098 -0.284451
-0.136925 -0.364386 -0.268736
-0.179801 -0.337800 -0.260208
-0.192244 -0.331968 -0.304020
-0.207708 -0.370421 -0.319804
-0.254237 -0.368496 -0.292828
-0.271579 -0.318046 -0.302572
-0.309318 -0.286351 -0.312944
-0.315548 -0.244714 -0.300194
-0.347637 -0.202990 -0.290532
-0.325994 -0.164551 -0.276156
-0.298940 -0.167156 -0.239327
-0.267295 -0.202353 -0.247964
-0.238995 -0.183148 -0.279682
-0.219673 -0.150339 -0.252884
-0.196767 -0.176998 -0.224609
-0.165139 -0.196593 -0.253252
-0.140407 -0.160369 -0.266549
-0.120231 -0.152525 -0.227083
-0.091505 -0.190558 -0.225771
-0.061976 -0.184740 -0.259716
-0.041204 -0.145014 -0.250697
-0.016693 -0.163726 -0.216533
0.011863 -0.197462 -0.231975
0.038285 -0.171368 -0.259101
0.060030 -0.143783 -0.230157
0.083500 -0.175000 -0.206352
0.112056 -0.192078 -0.236498
0.137368 -0.154319 -0.244930
0.158414 -0.146461 -0.207117
0.183983 -0.185232 -0.201241
0.213255 -0.181730 -0.236075
0.237220 -0.143610 -0.224923
0.256798 -0.155477 -0.187234
0.286241 -0.189762 -0.199341
0.315992 -0.168517 -0.227520
0.336457 -0.136446 -0.202785
0.358749 -0.163799 -0.174237
0.390906 -0.184842 -0.200134
0.417652 -0.148255 -0.210985
0.434107 -0.137835 -0.172283
0.460358 -0.175420 -0.164644
0.492276 -0.173278 -0.198836
0.515097 -0.132784 -0.186919
0.525168 -0.114621 -0.147808
0.493164 -0.071002 -0.146605
0.469780 -0.030464 -0.142588
0.464267 -0.016585 -0.183380
0.438015 -0.008886 -0.219867
0.478912 -0.014762 -0.246543
0.479099 -0.059583 -0.240598
0.429088 -0.066009 -0.253621
0.436240 -0.050451 -0.292664
0.473791 -0.080134 -0.303310
0.445560 -0.117516 -0.296627
0.408452 -0.106575 -0.325489
0.439807 -0.104245 -0.359367
0.454282 -0.147344 -0.356989
0.408026 -0.168213 -0.357836
0.392288 -0.148125 -0.395854
0.432639 -0.172222 -0.422297
0.417721 -0.219445 -0.424128
0.371550 -0.220429 -0.452034
0.402581 -0.204408 -0.492552
0.449263 -0.241067 -0.496939
0.482291 -0.268058 -0.515880
0.529981 -0.284267 -0.526047
0.574069 -0.293674 -0.548732
0.602096 -0.326063 -0.565732
0.646355 -0.341954 -0.583525
0.692048 -0.329841 -0.616254
0.740881 -0.320216 -0.637272
0.776981 -0.291880 -0.662881
0.786966 -0.252341 -0.698152
0.798368 -0.205581 -0.710370
0.796542 -0.158777 -0.730554
0.784611 -0.118138 -0.755015
0.758189 -0.083303 -0.787458
0.738782 -0.039119 -0.807177
0.688566 -0.022620 -0.835520
0.655555 0.023358 -0.845523
0.633332 0.065459 -0.859626
0.588595 0.090568 -0.887039
0.530954 0.107356 -0.902782
0.481728 0.138515 -0.917979
0.426665 0.153856 -0.934637
0.368665 0.159790 -0.952539
0.317528 0.161556 -0.974623
0.253555 0.158183 -0.988767
0.197877 0.150499 -1.000000
0.134586 0.149442 -0.983355
0.073993 0.142380 -0.989272
0.017581 0.139500 -0.991732
-0.037227 0.122104 -0.968364
-0.087374 0.114564 -0.936086
-0.133579 0.100583 -0.911542
-0.153515 0.089396 -0.863576
-0.182259 0.077370 -0.822879
-0.181491 0.058917 -0.780283
-0.154249 0.048888 -0.735364
-0.134603 0.032577 -0.695775
-0.085958 0.037759 -0.663018
-0.102429 0.016007 -0.626285
