0.866902 0.147849 -0.236561
0.855013 0.150172 -0.189955
0.828724 0.167259 -0.148062
0.803818 0.167859 -0.105367
0.777449 0.181485 -0.066553
0.752432 0.203771 -0.028556
0.734455 0.215691 0.014285
0.706736 0.229471 0.052092
0.689268 0.259678 0.090352
0.665347 0.276873 0.128728
0.649104 0.304834 0.164989
0.637485 0.322875 0.209056
0.617935 0.343269 0.248789
0.606332 0.371937 0.285896
0.608160 0.403497 0.326752
0.603630 0.427706 0.369010
0.586449 0.472047 0.399609
0.572350 0.508344 0.435154
0.552626 0.547578 0.463696
0.520281 0.590812 0.483993
0.497981 0.630370 0.517291
0.460106 0.669251 0.535866
0.406320 0.693059 0.531956
0.374293 0.728572 0.551246
0.318250 0.724696 0.547569
0.259680 0.720513 0.563022
0.203970 0.722389 0.554646
0.158608 0.683308 0.554194
0.140998 0.628216 0.556776
0.115535 0.582691 0.573192
0.113818 0.528830 0.563576
0.114979 0.479721 0.568639
0.122672 0.435211 0.551392
0.122195 0.393147 0.571879
0.113564 0.347683 0.574695
0.082348 0.312632 0.580502
0.064467 0.280964 0.608066
0.042485 0.240930 0.617347
0.003290 0.211646 0.619462
-0.018008 0.182408 0.647902
-0.048636 0.145173 0.616778
-0.033696 0.114028 0.584238
-0.046999 0.070933 0.562132
-0.042485 0.033098 0.532394
-0.056170 -0.003184 0.504202
-0.053277 -0.037466 0.473866
-0.055042 -0.043879 0.429186
-0.104139 -0.042972 0.425159
-0.109829 0.001123 0.442188
-0.079503 0.025316 0.415908
-0.105236 0.019687 0.377823
-0.144510 0.044110 0.395596
-0.122354 0.084883 0.405942
-0.103710 0.096987 0.365917
-0.148563 0.097541 0.346203
-0.173104 0.126840 0.372643
-0.141570 0.163460 0.365654
-0.151519 0.169212 0.322404
-0.200505 0.174995 0.326271
-0.198185 0.212769 0.355513
-0.171530 0.241776 0.329744
-0.207785 0.241160 0.295293
-0.255293 0.242145 0.318610
-0.263097 0.245467 0.365712
-0.301259 0.234116 0.394779
-0.327611 0.206570 0.367172
-0.297142 0.169074 0.371680
-0.306409 0.162783 0.415105
-0.354298 0.154386 0.410275
-0.351087 0.116535 0.381938
-0.326753 0.089266 0.410494
-0.356825 0.091220 0.446069
-0.394303 0.068549 0.421496
-0.371781 0.027669 0.404672
-0.339071 0.014181 0.442465
-0.356857 0.000738 0.482986
-0.339739 -0.047601 0.474231
-0.286207 -0.040757 0.471677
-0.240003 -0.041542 0.487918
-0.220453 -0.010243 0.457261
-0.246583 0.031145 0.479134
-0.233216 0.048263 0.519115
-0.214190 0.090235 0.504407
-0.259791 0.113982 0.507967
-0.255611 0.119196 0.556105
-0.240575 0.136837 0.596583
-0.228241 0.089697 0.613524
-0.183117 0.077562 0.591490
-0.134433 0.075763 0.583392
-0.140600 0.093803 0.537982
-0.150439 0.139713 0.538799
-0.103503 0.153571 0.536085
-0.097193 0.137468 0.493171
-0.132574 0.161753 0.473414
-0.116950 0.205355 0.484956
-0.074687 0.201956 0.463243
-0.091710 0.193774 0.421307
-0.115281 0.234424 0.417309
-0.073288 0.259909 0.420110
-0.046570 0.242668 0.385966
-0.080727 0.254326 0.354535
-0.084700 0.301927 0.365114
-0.032822 0.308433 0.358854
-0.001510 0.278134 0.335974
0.022776 0.239146 0.360167
0.004021 0.201310 0.330751
0.001558 0.163137 0.303654
-0.017849 0.123287 0.287588
-0.027449 0.076885 0.277885
-0.009219 0.045771 0.250540
-0.005563 -0.002184 0.238239
0.020233 -0.036374 0.258025
0.027131 -0.082407 0.261717
0.042867 -0.119673 0.287574
0.083286 -0.142404 0.302165
0.068933 -0.187114 0.330546
0.110449 -0.226595 0.325556
0.151249 -0.213184 0.362298
0.164155 -0.236792 0.410115
0.215875 -0.246328 0.428384
0.258440 -0.225842 0.444157
0.292374 -0.203817 0.469547
0.345270 -0.181655 0.456064
0.367458 -0.128885 0.463579
0.394955 -0.085852 0.471692
0.432609 -0.057798 0.448929
0.436725 -0.013611 0.413602
0.422500 0.029791 0.392459
0.404555 0.072240 0.372789
0.407003 0.084591 0.319413
0.360703 0.074609 0.290083
0.320666 0.109383 0.297029
0.336321 0.150248 0.273084
0.333111 0.132023 0.227237
0.276400 0.131762 0.223355
0.261190 0.185238 0.226989
0.289211 0.208016 0.185928
0.260935 0.181808 0.146370
0.243309 0.192467 0.107833
0.247552 0.178348 0.067633
0.231356 0.178932 0.027301
0.203287 0.162891 -0.003342
0.200362 0.160430 -0.047540
0.166778 0.161384 -0.082575
0.209835 0.159184 -0.116705
0.248093 0.159661 -0.143276
0.284697 0.174718 -0.167046
0.306536 0.176241 -0.205481
0.337116 0.161753 -0.237597
0.369397 0.159646 -0.272749
0.364454 0.170827 -0.315867
0.419114 0.164660 -0.321704
0.420322 0.112721 -0.309169
0.444291 0.069457 -0.331115
0.464016 0.027207 -0.334720
0.478257 -0.012119 -0.356490
0.491830 -0.054415 -0.370294
0.518676 -0.083822 -0.396603
0.544933 -0.058460 -0.436132
0.567264 -0.033975 -0.468920
0.577770 0.002953 -0.495141
0.544249 -0.008321 -0.526907
0.502956 -0.008244 -0.502962
0.508360 0.036220 -0.489582
0.504975 0.055107 -0.531372
0.460074 0.037989 -0.540302
0.436264 0.056783 -0.505195
0.447486 0.102093 -0.514796
0.431782 0.105800 -0.557652
0.385482 0.093834 -0.548299
0.375787 0.127240 -0.518094
0.380809 0.163537 -0.547452
0.344729 0.149879 -0.575848
0.308443 0.146634 -0.544928
0.309444 0.191652 -0.529665
0.300798 0.211384 -0.572652
0.261952 0.179486 -0.590571
0.235965 0.141651 -0.568581
0.208659 0.105185 -0.584019
0.223075 0.108737 -0.627590
0.268310 0.089112 -0.618412
0.254212 0.047432 -0.601938
0.230212 0.032421 -0.638986
0.268994 0.035743 -0.666214
0.299208 0.006936 -0.644983
0.271155 -0.031345 -0.646399
0.267658 -0.033529 -0.692217
0.317757 -0.035005 -0.700490
0.335018 -0.067134 -0.661093
0.321699 -0.114443 -0.661720
0.377519 -0.122533 -0.673729
0.404492 -0.104800 -0.633719
0.428619 -0.108353 -0.594788
0.430685 -0.061674 -0.585143
0.375342 -0.064350 -0.576242
0.359384 -0.087790 -0.539471
0.347114 -0.047709 -0.516532
0.299574 -0.047801 -0.534276
0.283044 -0.083852 -0.504275
0.268326 -0.102954 -0.464703
0.303595 -0.138821 -0.464878
0.344364 -0.109445 -0.450534
0.371162 -0.085729 -0.420548
0.370844 -0.043649 -0.444114
0.327135 -0.024116 -0.436424
0.341106 -0.002092 -0.398442
0.375119 0.026008 -0.420125
0.345620 0.045294 -0.450140
0.315293 0.066334 -0.421190
0.349164 0.094219 -0.402090
0.360894 0.116412 -0.441035
0.317376 0.134838 -0.449367
0.315278 0.160092 -0.411706
0.355998 0.185577 -0.417294
0.343617 0.204709 -0.456663
0.302212 0.224950 -0.441589
0.323670 0.253341 -0.410071
0.352168 0.276611 -0.442304
0.315309 0.290238 -0.472451
0.278117 0.294283 -0.432878
0.265767 0.315631 -0.394487
0.236172 0.329027 -0.361787
0.221263 0.362310 -0.334078
0.267817 0.363063 -0.305434
0.313704 0.349436 -0.312671
0.332634 0.393300 -0.308338
0.317217 0.396669 -0.263541
0.343696 0.360741 -0.247519
0.387660 0.374537 -0.261703
0.386754 0.415156 -0.237655
0.386341 0.394992 -0.196769
0.426187 0.367646 -0.201118
0.457753 0.405374 -0.210471
0.444577 0.434335 -0.170227
0.438092 0.394592 -0.134857
0.454463 0.365262 -0.102186
0.409387 0.357742 -0.083800
0.389774 0.330780 -0.114589
0.422818 0.295990 -0.109350
0.411390 0.287347 -0.066101
0.363675 0.277411 -0.072083
0.371146 0.241114 -0.101310
0.398436 0.213968 -0.072711
0.364677 0.211338 -0.040944
0.331362 0.189606 -0.066597
0.359400 0.152033 -0.077613
0.364152 0.138975 -0.032729
0.315675 0.132300 -0.025506
0.310811 0.099494 -0.058192
0.341884 0.067611 -0.042389
0.315484 0.065073 -0.002233
0.273333 0.048586 -0.023770
0.290069 0.009889 -0.043965
0.308014 -0.010643 -0.006654
0.262763 -0.012612 0.014023
0.239542 -0.038989 -0.017291
0.270837 -0.074532 -0.019713
0.265386 -0.084929 0.024923
0.217067 -0.092927 0.024543
0.220071 -0.128055 -0.005457
0.249619 -0.154739 0.019830
0.216797 -0.155754 0.055799
0.178921 -0.176272 0.030424
0.202953 -0.213968 0.013789
0.213825 -0.230702 0.055682
0.167207 -0.236885 0.068523
0.155223 -0.265815 0.034757
0.188903 -0.298836 0.042739
0.171610 -0.306941 0.084559
0.125040 -0.317815 0.074914
0.134322 -0.353404 0.046635
0.161994 -0.376244 0.082983
0.116981 -0.375844 0.116311
0.080711 -0.401267 0.095941
0.049034 -0.437933 0.083552
0.033950 -0.465018 0.048153
0.003926 -0.493702 0.078489
-0.035682 -0.462357 0.085026
-0.080059 -0.478368 0.061431
-0.128775 -0.468724 0.040419
-0.168272 -0.483151 0.016576
-0.212649 -0.466771 0.002291
-0.199345 -0.477137 -0.048707
-0.205671 -0.494655 -0.095313
-0.198137 -0.496947 -0.138636
-0.214540 -0.517479 -0.177640
-0.212982 -0.540411 -0.222232
-0.217925 -0.566204 -0.257996
-0.196627 -0.584398 -0.295599
-0.226032 -0.548378 -0.321587
-0.208468 -0.502945 -0.310322
-0.198757 -0.461788 -0.331422
-0.183991 -0.420446 -0.316378
-0.176839 -0.372153 -0.320128
-0.138121 -0.350282 -0.301903
-0.099975 -0.323136 -0.295205
-0.056854 -0.313831 -0.278687
-0.027688 -0.297667 -0.246600
-0.011094 -0.259878 -0.226143
0.024207 -0.229318 -0.212806
0.038861 -0.189683 -0.192144
0.018517 -0.160953 -0.224581
-0.027036 -0.177225 -0.218569
-0.029595 -0.163629 -0.175320
-0.026337 -0.117519 -0.184410
-0.065532 -0.116904 -0.211711
-0.097908 -0.134084 -0.182017
-0.092790 -0.098233 -0.152469
-0.106555 -0.063843 -0.181827
-0.150455 -0.084175 -0.189926
-0.166571 -0.084775 -0.147741
-0.163456 -0.038035 -0.142517
-0.195801 -0.028853 -0.174532
-0.234265 -0.052738 -0.157678
-0.236522 -0.031437 -0.116325
-0.235600 0.018333 -0.133237
-0.271775 0.011643 -0.173335
-0.289624 -0.028253 -0.199104
-0.313847 -0.039881 -0.239786
-0.305423 0.009459 -0.261994
-0.251891 0.000323 -0.277578
-0.233629 -0.000569 -0.318640
-0.188092 0.012443 -0.326373
-0.159292 0.022901 -0.355396
-0.115185 0.034005 -0.371695
-0.107731 0.072302 -0.390693
-0.076864 0.099771 -0.409488
-0.073066 0.144604 -0.421000
-0.054660 0.162783 -0.458501
-0.047985 0.201341 -0.482096
-0.065436 0.204386 -0.530117
-0.077150 0.233978 -0.564583
-0.077627 0.217552 -0.610576
-0.109209 0.190744 -0.651477
-0.136595 0.154832 -0.678515
-0.163631 0.109168 -0.696405
-0.182847 0.057260 -0.703336
-0.202460 0.006598 -0.692013
-0.221486 -0.042834 -0.675918
-0.225221 -0.091389 -0.660407
-0.221073 -0.138990 -0.638227
-0.206720 -0.175026 -0.599355
-0.190095 -0.214260 -0.571470
-0.157003 -0.262646 -0.570040
-0.117363 -0.293437 -0.557579
-0.078692 -0.324997 -0.528702
-0.037685 -0.350805 -0.519830
0.020249 -0.357065 -0.504392
0.069760 -0.357742 -0.494922
0.118030 -0.353589 -0.462718
0.149088 -0.339132 -0.428034
0.183340 -0.330719 -0.398909
0.230164 -0.303650 -0.384361
0.261237 -0.295175 -0.351208
0.307998 -0.274843 -0.351237
0.346176 -0.272705 -0.322929
0.392190 -0.250865 -0.327745
0.430304 -0.264000 -0.298576
0.478082 -0.270075 -0.309884
0.516371 -0.290577 -0.334384
0.569283 -0.298697 -0.322258
0.609225 -0.327074 -0.329744
0.657448 -0.336455 -0.319544
0.697056 -0.332903 -0.281562
0.718529 -0.350651 -0.240574
0.736236 -0.348452 -0.189678
0.742212 -0.361156 -0.144210
0.714445 -0.365462 -0.098261
0.689252 -0.376444 -0.058586
0.656606 -0.373721 -0.022982
0.626089 -0.363094 0.013016
0.587768 -0.374690 0.043352
0.540641 -0.376275 0.057389
0.490320 -0.369800 0.052253
0.442606 -0.378612 0.050210
0.400121 -0.384026 0.030701
0.353726 -0.380827 0.019480
0.309905 -0.394069 0.006260
0.275129 -0.396730 -0.023828
0.237205 -0.383119 -0.048707
0.196071 -0.383626 -0.071076
0.169480 -0.386487 -0.108314
0.145114 -0.377213 -0.146939
0.109797 -0.388763 -0.175714
0.137103 -0.419923 -0.202125
0.137803 -0.457466 -0.166141
0.093506 -0.482782 -0.164624
0.085813 -0.530183 -0.157095
0.051052 -0.563404 -0.149594
0.039608 -0.601639 -0.123504
0.005086 -0.636076 -0.115245
0.041150 -0.662560 -0.083975
0.046952 -0.651932 -0.037720
0.072637 -0.674926 -0.000204
0.095000 -0.670035 0.042287
0.116346 -0.720497 0.038201
0.154094 -0.727280 0.005807
0.192129 -0.756333 0.009601
0.221994 -0.789831 -0.006844
0.205306 -0.830096 -0.044082
0.184166 -0.867485 -0.068129
0.154206 -0.907550 -0.082735
0.122322 -0.945800 -0.090002
0.076165 -0.965564 -0.095328
0.029675 -0.981898 -0.082078
-0.015894 -0.998031 -0.066042
-0.066040 -1.000000 -0.061884
-0.112897 -0.991648 -0.048634
-0.146370 -0.992433 -0.013745
-0.198344 -0.993248 -0.002174
-0.238652 -0.976007 0.028716
-0.280596 -0.966210 0.055930
-0.309683 -0.942740 0.084982
-0.343665 -0.937280 0.118908
-0.360798 -0.890370 0.101806
-0.361784 -0.896922 0.050254
-0.341789 -0.928175 0.018488
-0.294965 -0.921669 0.002043
-0.247139 -0.919946 -0.015759
-0.195976 -0.920962 0.002962
-0.151488 -0.926714 0.017583
-0.124515 -0.933450 0.053989
-0.109988 -0.887171 0.057871
-0.161676 -0.873129 0.065371
-0.183117 -0.890986 0.102084
-0.167048 -0.857103 0.131048
-0.190556 -0.821021 0.107906
-0.234789 -0.839816 0.109890
-0.235791 -0.838786 0.154234
-0.230069 -0.791999 0.158773
-0.271918 -0.781556 0.134463
-0.305264 -0.811655 0.157065
-0.290784 -0.784417 0.198229
-0.309190 -0.741783 0.187766
-0.349990 -0.718375 0.184118
-0.388741 -0.707962 0.158743
-0.380221 -0.661637 0.157999
-0.352756 -0.660684 0.120484
-0.389917 -0.672357 0.093197
-0.421053 -0.638383 0.104987
-0.390918 -0.601547 0.094744
-0.383893 -0.610883 0.050721
-0.431401 -0.614297 0.037661
-0.441621 -0.570387 0.051071
-0.410214 -0.546133 0.024514
-0.429064 -0.562436 -0.013877
-0.476047 -0.547302 -0.006741
-0.464906 -0.500684 -0.002203
-0.449138 -0.496301 -0.043907
-0.489621 -0.511051 -0.065429
-0.517039 -0.472600 -0.049101
-0.488588 -0.435565 -0.066013
-0.495136 -0.447561 -0.111379
-0.547158 -0.443055 -0.115289
-0.557569 -0.393362 -0.121301
-0.573384 -0.391639 -0.164887
-0.606682 -0.389686 -0.196915
-0.625834 -0.400698 -0.235861
-0.642364 -0.380950 -0.273989
-0.690079 -0.377028 -0.259616
-0.677777 -0.341546 -0.227441
-0.663456 -0.311124 -0.257909
-0.708532 -0.307695 -0.275886
-0.732818 -0.292945 -0.239757
-0.704543 -0.253126 -0.234051
-0.711377 -0.233793 -0.274543
-0.760617 -0.229287 -0.270166
-0.758376 -0.200234 -0.234518
-0.731181 -0.167228 -0.255078
-0.764178 -0.157339 -0.287457
-0.802340 -0.145880 -0.260740
-0.772252 -0.109476 -0.238604
-0.752098 -0.085975 -0.281197
-0.768596 -0.045971 -0.302370
-0.718816 -0.027653 -0.304135
-0.702460 -0.056953 -0.340834
-0.743801 -0.054999 -0.371068
-0.773889 -0.035174 -0.400528
-0.822684 -0.030130 -0.413048
-0.825958 -0.056522 -0.456838
-0.819410 -0.111921 -0.450228
-0.852899 -0.129085 -0.410392
-0.890537 -0.149741 -0.384375
-0.875993 -0.145388 -0.338484
-0.897403 -0.104923 -0.317837
-0.943242 -0.121764 -0.296197
-0.935660 -0.137068 -0.249081
-0.932608 -0.100140 -0.216352
-0.984328 -0.088251 -0.201366
-1.000000 -0.126255 -0.164390
-0.967194 -0.131977 -0.123446
-0.964572 -0.098340 -0.088251
-0.989621 -0.121011 -0.050196
-0.945546 -0.150556 -0.032467
-0.914330 -0.149110 0.008536
-0.879140 -0.162998 0.039441
-0.850563 -0.146926 0.074024
-0.817725 -0.120765 0.101354
-0.783012 -0.118550 0.133339
-0.763431 -0.103170 0.174035
-0.727144 -0.069364 0.186701
-0.691811 -0.038496 0.205422
-0.663504 0.004629 0.213346
-0.646656 0.014627 0.257427
-0.681544 0.037604 0.286231
-0.709660 0.047832 0.322112
-0.751875 0.057645 0.295439
-0.760617 0.010735 0.279475
-0.769677 -0.022793 0.309359
-0.818997 -0.018425 0.307185
-0.823066 -0.029176 0.262359
-0.801163 -0.071764 0.265088
-0.832650 -0.090281 0.294388
-0.874007 -0.083345 0.270253
-0.858144 -0.109537 0.234299
-0.850817 -0.150264 0.256741
-0.898039 -0.154416 0.272121
-0.922563 -0.157569 0.231439
-0.901106 -0.203679 0.218744
-0.920608 -0.237961 0.243740
-0.947454 -0.278672 0.248424
-0.966209 -0.315846 0.269261
-0.925059 -0.342684 0.265219
-0.894971 -0.313062 0.288128
-0.921387 -0.316769 0.326140
-0.912820 -0.363571 0.331422
-0.863596 -0.360833 0.332253
-0.861927 -0.331611 0.367478
-0.884846 -0.363509 0.395085
-0.851071 -0.398545 0.390985
-0.813513 -0.371538 0.405402
-0.833890 -0.357311 0.445441
-0.838086 -0.407389 0.458341
-0.814197 -0.446393 0.442465
-0.829741 -0.475461 0.404264
-0.778355 -0.476261 0.386608
-0.733915 -0.487980 0.371461
-0.685501 -0.467925 0.364326
-0.637040 -0.464372 0.344715
-0.591916 -0.442194 0.352988
-0.562528 -0.451191 0.313051
-0.565738 -0.406927 0.282890
-0.545871 -0.362094 0.299597
-0.490893 -0.366539 0.302764
-0.466416 -0.328827 0.276513
-0.421292 -0.307418 0.306689
-0.380841 -0.291315 0.331217
-0.363930 -0.294575 0.377284
-0.335495 -0.294498 0.417061
-0.319187 -0.302035 0.459829
-0.326054 -0.310248 0.511819
-0.328454 -0.322337 0.560030
-0.359257 -0.345176 0.594729
-0.356920 -0.374644 0.638519
-0.370510 -0.384811 0.684921
-0.388820 -0.413202 0.723720
-0.413806 -0.445439 0.756056
-0.434786 -0.476461 0.789587
-0.444497 -0.510712 0.827657
-0.442908 -0.546579 0.864589
-0.467210 -0.574709 0.906409
-0.479369 -0.618588 0.929303
-0.471947 -0.669543 0.955699
-0.450442 -0.721020 0.973764
-0.418383 -0.763515 0.978317
-0.382542 -0.803996 1.000000
-0.330615 -0.832695 0.987320
-0.290212 -0.861733 0.967665
-0.235616 -0.861502 0.944668
-0.180876 -0.837140 0.943063
-0.130730 -0.806318 0.945821
-0.096986 -0.762777 0.923802
-0.056440 -0.731171 0.907693
-0.018119 -0.689491 0.889220
-0.009489 -0.642658 0.854696
0.019248 -0.603654 0.845123
0.042867 -0.566111 0.806105
0.072398 -0.534444 0.777622
0.113564 -0.507944 0.756741
0.153554 -0.479644 0.733905
0.189968 -0.437657 0.724041
0.241608 -0.435273 0.716205
0.287288 -0.401636 0.701745
0.330027 -0.367539 0.711332
0.385307 -0.355942 0.699060
0.436121 -0.348175 0.672255
0.486649 -0.339455 0.658991
0.526718 -0.336994 0.619185
0.571333 -0.329750 0.590702
0.592409 -0.324659 0.541295
0.625803 -0.313201 0.499606
0.621622 -0.292068 0.449586
0.649485 -0.263492 0.416637
0.671769 -0.233347 0.382099
0.692113 -0.216767 0.339345
0.721772 -0.176933 0.316319
0.756946 -0.177117 0.278716
0.777481 -0.152694 0.232256
0.809762 -0.119304 0.209260
0.848608 -0.128901 0.169351
0.869238 -0.122226 0.116953
0.899692 -0.119796 0.078489
0.931115 -0.139205 0.034509
0.946309 -0.166228 -0.005370
0.971883 -0.179409 -0.049656
0.982040 -0.218598 -0.084311
0.984773 -0.239468 -0.137148
1.000000 -0.258801 -0.177961
0.984916 -0.295714 -0.220481
0.981722 -0.320706 -0.267627
0.976492 -0.362109 -0.307564
0.963141 -0.400698 -0.338980
0.939697 -0.426983 -0.385061
0.914394 -0.456974 -0.416959
0.870208 -0.469201 -0.454853
0.829694 -0.486181 -0.490063
0.796332 -0.508928 -0.521537
0.743054 -0.521678 -0.543965
0.693576 -0.525815 -0.574316
0.647943 -0.548178 -0.593387
0.590470 -0.553146 -0.602259
0.542898 -0.561374 -0.626204
0.484742 -0.561328 -0.628889
0.434818 -0.549532 -0.650426
0.388296 -0.543764 -0.668870
0.335956 -0.532690 -0.682966
0.292851 -0.515849 -0.699907
0.259282 -0.495024 -0.729703
0.217926 -0.460681 -0.743054
0.187123 -0.433796 -0.773580
0.156320 -0.395915 -0.788785
0.136595 -0.361094 -0.818056
0.116552 -0.323905 -0.841271
0.085940 -0.288946 -0.855571
0.063927 -0.257402 -0.883908
0.037924 -0.216491 -0.894662
0.007709 -0.182470 -0.909021
-0.007613 -0.149848 -0.940758
-0.018326 -0.106246 -0.956342
-0.022506 -0.054461 -0.955452
-0.019645 -0.006537 -0.965855
-0.012668 0.040634 -0.968540
-0.010999 0.087682 -0.970875
0.007184 0.132700 -0.978857
0.021791 0.178225 -0.978302
0.021855 0.225919 -0.978521
0.024890 0.270198 -1.000000
0.042008 0.320614 -0.985321
0.070618 0.363432 -0.986546
0.095238 0.404220 -0.984518
0.105395 0.447869 -0.957932
0.134783 0.490718 -0.952577
0.156653 0.520233 -0.913982
0.187345 0.553346 -0.892357
0.213157 0.584737 -0.865858
0.236029 0.623233 -0.846276
0.274668 0.647380 -0.823046
0.309397 0.671358 -0.798663
0.328009 0.711331 -0.769247
0.357683 0.738215 -0.737480
0.381636 0.765392 -0.703452
0.392269 0.801012 -0.668432
0.409800 0.828650 -0.629837
0.410722 0.863594 -0.593095
0.393779 0.903844 -0.558775
0.379013 0.932174 -0.518663
0.361005 0.959335 -0.480228
0.327627 0.985650 -0.448768
0.295140 1.000000 -0.408422
0.244612 0.990372 -0.381355
0.214890 0.971793 -0.344598
0.174280 0.954352 -0.317107
0.131556 0.931020 -0.297350
0.099816 0.901675 -0.271844
0.065468 0.868515 -0.263614
0.029690 0.828850 -0.271450
-0.013367 0.798582 -0.269932
-0.035921 0.762593 -0.296329
-0.041881 0.708962 -0.305040
-0.059508 0.662468 -0.301844
-0.058300 0.614682 -0.299291
-0.070570 0.571095 -0.311650
-0.085956 0.527215 -0.299802
-0.076149 0.483843 -0.285516
-0.077834 0.444778 -0.262155
-0.070538 0.409603 -0.229834
-0.045585 0.370123 -0.217986
-0.020742 0.342931 -0.189547
0.024938 0.361110 -0.203511
0.016387 0.405066 -0.175626
0.029071 0.392316 -0.130377
0.046602 0.384318 -0.087871
0.049479 0.360325 -0.050283
0.034602 0.357542 -0.008157
0.077119 0.373199 0.010287
0.072907 0.417124 -0.007383
0.028832 0.428629 0.008886
0.042692 0.423353 0.052953
0.078597 0.455728 0.052443
0.048414 0.493702 0.036158
0.003068 0.480213 0.063416
-0.016530 0.493194 0.107789
-0.074830 0.481505 0.103061
-0.118539 0.493133 0.084895
-0.156320 0.497378 0.048911
-0.190985 0.515619 0.017174
-0.234042 0.499639 -0.009849
-0.267245 0.494532 -0.048415
-0.314165 0.481259 -0.066480
-0.345429 0.473815 -0.101602
-0.393111 0.466402 -0.114837
-0.433737 0.463649 -0.140591
-0.479433 0.462034 -0.164959
-0.524938 0.430044 -0.153695
-0.574576 0.420200 -0.156759
-0.575116 0.370907 -0.153067
-0.559238 0.377213 -0.102901
-0.581823 0.382873 -0.062613
-0.547079 0.358065 -0.039792
-0.511539 0.398068 -0.050633
-0.485775 0.441563 -0.051786
-0.482198 0.462342 -0.096495
-0.470739 0.513450 -0.101806
-0.421292 0.527215 -0.101456
-0.390473 0.525262 -0.063985
-0.353630 0.528061 -0.028352
-0.319060 0.506544 0.000481
-0.286366 0.502130 0.041834
-0.237889 0.480229 0.058411
-0.204113 0.461680 0.090615
-0.153506 0.433243 0.087346
-0.114597 0.407020 0.078766
-0.083143 0.381412 0.052661
-0.100515 0.337548 0.070449
-0.141760 0.329088 0.047029
-0.178222 0.314800 0.016372
-0.218847 0.310509 -0.008098
-0.246789 0.295006 0.025346
-0.255356 0.338824 0.042943
-0.282297 0.353358 0.008770
-0.318520 0.321383 0.012053
-0.333747 0.335948 0.052005
-0.344348 0.381350 0.040959
-0.377583 0.368000 0.009937
-0.408116 0.344838 0.037180
-0.418304 0.382134 0.063795
-0.433673 0.413633 0.030059
-0.462887 0.380873 -0.000730
-0.463539 0.330473 -0.008215
-0.426171 0.307064 -0.031022
-0.395257 0.270152 -0.035341
-0.351723 0.254280 -0.049466
-0.369222 0.233255 -0.088251
-0.380030 0.281856 -0.105411
-0.331267 0.301312 -0.108825
-0.300019 0.336071 -0.130975
-0.250922 0.359679 -0.134623
-0.221120 0.405389 -0.147143
-0.169448 0.427721 -0.157707
-0.154237 0.440364 -0.198768
-0.174598 0.394131 -0.213856
-0.177332 0.358818 -0.180689
-0.188601 0.320260 -0.153520
-0.192320 0.302958 -0.109190
-0.183403 0.267583 -0.074695
-0.185692 0.248543 -0.031912
-0.134656 0.244267 -0.024996
-0.119874 0.293483 -0.023536
-0.107636 0.340854 -0.013672
-0.091582 0.386395 -0.015832
-0.045203 0.374137 -0.030307
-0.054692 0.357111 -0.070974
-0.072986 0.402959 -0.083450
-0.065802 0.443732 -0.061825
-0.093982 0.471493 -0.035721
-0.109416 0.519464 -0.024894
-0.135880 0.558083 -0.016197
-0.175997 0.547963 -0.048970
-0.192924 0.509789 -0.069821
-0.223266 0.482705 -0.103485
-0.264098 0.452299 -0.111028
-0.296856 0.421277 -0.132610
-0.342997 0.398560 -0.139453
-0.366489 0.350990 -0.154658
-0.383368 0.307818 -0.170271
-0.387644 0.258571 -0.172693
-0.395273 0.222597 -0.201556
-0.398961 0.184285 -0.228900
-0.401186 0.162814 -0.267598
-0.431814 0.145619 -0.299203
-0.469261 0.131762 -0.321149
-0.487904 0.132684 -0.360941
-0.519725 0.163844 -0.394546
