-0.003679 -0.461646 -1.000000
-0.012079 -0.476650 -0.964072
-0.027857 -0.506071 -0.932636
-0.020679 -0.544635 -0.901111
0.010655 -0.580288 -0.870046
0.021201 -0.619790 -0.841609
0.058550 -0.638701 -0.807399
0.080342 -0.666501 -0.777019
0.107066 -0.675507 -0.739350
0.126653 -0.698422 -0.705410
0.137699 -0.683907 -0.663833
0.126753 -0.710769 -0.632521
0.179018 -0.707546 -0.600995
0.206664 -0.656518 -0.582352
0.177915 -0.640713 -0.552084
0.204198 -0.679297 -0.527836
0.266627 -0.669431 -0.531902
0.265384 -0.612405 -0.520233
0.242911 -0.625788 -0.488179
0.290765 -0.661441 -0.478622
0.334289 -0.616762 -0.480879
0.307886 -0.577944 -0.458237
0.309951 -0.615551 -0.430340
0.374285 -0.618247 -0.428969
0.384930 -0.555868 -0.425207
0.353776 -0.545944 -0.393389
0.386694 -0.582261 -0.366682
0.449745 -0.544733 -0.365727
0.478273 -0.512049 -0.343703
0.517326 -0.501167 -0.320444
0.536312 -0.486027 -0.290906
0.570353 -0.453050 -0.272049
0.615702 -0.448205 -0.248520
0.657421 -0.422691 -0.229641
0.653732 -0.366505 -0.248610
0.614258 -0.309949 -0.260549
0.577951 -0.262476 -0.269219
0.540963 -0.206212 -0.258999
0.500105 -0.157294 -0.261998
0.469011 -0.166066 -0.228114
0.489259 -0.198886 -0.200508
0.469252 -0.262496 -0.208336
0.456000 -0.325831 -0.205247
0.429015 -0.380513 -0.205079
0.446156 -0.388366 -0.168117
0.438839 -0.372308 -0.134357
0.468389 -0.423258 -0.120588
0.525726 -0.422632 -0.144510
0.535490 -0.354510 -0.149047
0.571997 -0.296215 -0.158571
0.603332 -0.240752 -0.162940
0.654494 -0.203536 -0.175496
0.678051 -0.148347 -0.181932
0.731057 -0.160713 -0.198812
0.694269 -0.191951 -0.228001
0.635890 -0.211585 -0.233650
0.619029 -0.270525 -0.214176
0.609366 -0.331985 -0.204023
0.615301 -0.378051 -0.173699
0.618669 -0.412103 -0.145060
0.614479 -0.440195 -0.113276
0.615060 -0.475888 -0.083840
0.598140 -0.517460 -0.059670
0.603613 -0.544537 -0.029942
0.667425 -0.533382 -0.019374
0.684446 -0.471199 -0.036737
0.726406 -0.423883 -0.055616
0.769269 -0.386100 -0.069902
0.827808 -0.382838 -0.086423
0.795952 -0.357226 -0.120520
0.772416 -0.330813 -0.148238
0.763896 -0.315516 -0.181235
0.770271 -0.311844 -0.221319
0.773238 -0.330833 -0.254372
0.802488 -0.390457 -0.241939
0.770993 -0.397236 -0.205483
0.742184 -0.411536 -0.175496
0.742485 -0.429353 -0.143005
0.769509 -0.447912 -0.111109
0.769008 -0.492884 -0.082166
0.767745 -0.511521 -0.043868
0.761650 -0.528303 -0.010097
0.759285 -0.530510 0.023866
0.773459 -0.540474 0.057896
0.760588 -0.539341 0.090691
0.713896 -0.499057 0.095924
0.680557 -0.496908 0.059603
0.630136 -0.471062 0.033042
0.577570 -0.481670 0.005514
0.516184 -0.489153 -0.008143
0.527711 -0.457582 -0.042622
0.542366 -0.421910 -0.067791
0.601969 -0.383150 -0.072631
0.648981 -0.333099 -0.065724
0.690961 -0.340737 -0.040129
0.746975 -0.340347 -0.021238
0.710648 -0.374515 0.008457
0.686892 -0.398466 0.039286
0.662012 -0.410012 0.070609
0.652630 -0.427321 0.103932
0.634687 -0.454886 0.132448
0.596335 -0.462486 0.162131
0.569010 -0.475341 0.192275
0.535189 -0.482413 0.221622
0.519872 -0.455101 0.252316
0.500927 -0.455336 0.285392
0.484227 -0.397079 0.287043
0.435050 -0.409758 0.263705
0.416145 -0.469558 0.259819
0.452451 -0.511990 0.239884
0.460009 -0.566222 0.214187
0.469993 -0.614027 0.191781
0.460070 -0.648176 0.160132
0.518589 -0.627116 0.138568
0.569812 -0.610823 0.121273
0.608825 -0.594608 0.096710
0.624703 -0.582672 0.058312
0.626006 -0.558994 0.027190
0.556660 -0.559150 0.026629
0.546015 -0.541314 0.066072
0.531240 -0.527580 0.098384
0.502872 -0.531409 0.127585
0.455058 -0.549929 0.151417
0.407464 -0.524747 0.175552
0.373823 -0.519922 0.210908
0.349866 -0.529436 0.242175
0.332946 -0.553836 0.271667
0.289662 -0.564620 0.294309
0.259450 -0.506344 0.296915
0.268131 -0.473993 0.261986
0.267068 -0.422007 0.234774
0.261315 -0.374906 0.211930
0.254398 -0.313465 0.206438
0.269915 -0.318056 0.169892
0.260813 -0.322647 0.133930
0.308207 -0.351951 0.118274
0.343331 -0.396005 0.106088
0.371738 -0.386452 0.142892
0.391486 -0.385006 0.176013
0.415443 -0.350134 0.204326
0.364140 -0.367678 0.232145
0.334109 -0.385748 0.264614
0.280621 -0.397138 0.287750
0.233268 -0.415189 0.306574
0.179018 -0.428962 0.316446
0.127795 -0.428493 0.334494
0.077495 -0.448869 0.347848
0.021942 -0.477568 0.351587
-0.033851 -0.488723 0.365121
-0.085133 -0.518457 0.367659
-0.096501 -0.539263 0.332753
-0.030864 -0.551590 0.317883
0.021521 -0.560186 0.290873
0.067712 -0.568567 0.267770
0.093674 -0.561983 0.234830
0.130502 -0.594413 0.212929
0.155682 -0.576381 0.182976
0.197502 -0.582300 0.156999
0.181504 -0.526056 0.143836
0.198605 -0.474305 0.134211
0.147262 -0.425973 0.137153
0.091509 -0.434764 0.164108
0.075551 -0.394735 0.197790
0.025451 -0.387585 0.213783
0.037439 -0.429099 0.240715
0.053057 -0.477060 0.261582
-0.012620 -0.482491 0.270578
-0.065426 -0.524454 0.272532
-0.111336 -0.560694 0.281663
-0.142210 -0.610491 0.285459
-0.181243 -0.655541 0.279855
-0.218993 -0.697465 0.289255
-0.189122 -0.726593 0.317052
-0.146460 -0.677617 0.333786
-0.092451 -0.653294 0.358304
-0.064444 -0.604044 0.383371
-0.036698 -0.579507 0.415672
0.018514 -0.548034 0.400824
0.073045 -0.515057 0.393322
0.113822 -0.521465 0.358528
0.144576 -0.534867 0.328148
0.115666 -0.597499 0.331855
0.056906 -0.610100 0.328822
0.005523 -0.659136 0.328979
-0.043273 -0.697817 0.324027
-0.083570 -0.742769 0.337785
-0.130722 -0.777426 0.346185
-0.173966 -0.802706 0.365301
-0.204960 -0.841954 0.383922
-0.237999 -0.896147 0.388538
-0.275248 -0.927775 0.409147
-0.275649 -0.979858 0.392075
-0.219134 -0.998574 0.403890
-0.244875 -1.000000 0.439437
-0.305861 -0.992830 0.448466
-0.330159 -0.931155 0.443087
-0.354277 -0.868933 0.441402
-0.366646 -0.811458 0.440391
-0.366185 -0.751893 0.455183
-0.329217 -0.720440 0.424690
-0.299365 -0.696352 0.397725
-0.257305 -0.667419 0.378497
-0.211295 -0.621353 0.365536
-0.157126 -0.592772 0.363885
-0.145538 -0.600918 0.402228
-0.176211 -0.664938 0.407159
-0.203617 -0.718154 0.413560
-0.237658 -0.761621 0.427184
-0.274145 -0.788288 0.453240
-0.287357 -0.838554 0.476892
-0.329257 -0.887453 0.493233
-0.369613 -0.924845 0.507968
-0.425286 -0.948464 0.514808
-0.411955 -0.943502 0.551477
-0.418230 -0.884620 0.558194
-0.442969 -0.836835 0.569380
-0.448642 -0.781529 0.571570
-0.450707 -0.735248 0.588686
-0.494111 -0.705846 0.602579
-0.538637 -0.672694 0.599490
-0.554575 -0.646593 0.626669
-0.588456 -0.666208 0.650277
-0.633805 -0.646691 0.669886
-0.593990 -0.629695 0.695066
-0.580437 -0.574779 0.681061
-0.639238 -0.554872 0.680690
-0.648660 -0.563409 0.714170
-0.602490 -0.527326 0.724817
-0.621415 -0.476689 0.707735
-0.678872 -0.477490 0.727108
-0.665340 -0.489915 0.761262
-0.629474 -0.443419 0.769921
-0.668808 -0.399346 0.764216
-0.714678 -0.420464 0.783701
-0.683824 -0.422046 0.813509
-0.669049 -0.363399 0.813396
-0.726707 -0.341949 0.813048
-0.744289 -0.368440 0.842777
-0.701386 -0.342652 0.862903
-0.719790 -0.286427 0.856512
-0.779072 -0.291214 0.866755
-0.765439 -0.307175 0.899909
-0.732320 -0.259839 0.908209
-0.776285 -0.219516 0.901133
-0.818165 -0.242061 0.923685
-0.782119 -0.234696 0.951909
-0.776285 -0.175600 0.948528
-0.837331 -0.163136 0.949584
-0.845811 -0.188376 0.982176
-0.799882 -0.156962 1.000000
-0.813975 -0.097944 0.980806
-0.848578 -0.047873 0.979874
-0.799401 -0.013118 0.967587
-0.803791 -0.027653 0.933086
-0.858281 -0.001416 0.926875
-0.836148 0.055512 0.932951
-0.790259 0.055082 0.907299
-0.827528 0.040801 0.880064
-0.868746 0.086242 0.884826
-0.823939 0.131214 0.877975
-0.806919 0.110701 0.844675
-0.866080 0.108962 0.829771
-0.881817 0.171712 0.838464
-0.847736 0.195077 0.811566
-0.867082 0.235302 0.788194
-0.871613 0.281621 0.767248
-0.897254 0.330501 0.753557
-0.934884 0.355819 0.728602
-0.943365 0.393348 0.701412
-0.987771 0.424000 0.677546
-1.000000 0.426286 0.636159
-0.996772 0.428396 0.596065
-0.987229 0.414681 0.556228
-0.950642 0.395673 0.524602
-0.925542 0.363419 0.493683
-0.869608 0.331204 0.479015
-0.824240 0.290530 0.467885
-0.775824 0.234383 0.466324
-0.738355 0.178315 0.459540
-0.696735 0.121719 0.467784
-0.691042 0.049768 0.479767
-0.677770 -0.012161 0.487764
-0.691964 -0.074051 0.509518
-0.703912 -0.136391 0.503420
-0.713976 -0.197011 0.510596
-0.745512 -0.240225 0.494109
-0.760628 -0.298911 0.490987
-0.766502 -0.353592 0.472422
-0.793446 -0.404366 0.470446
-0.782280 -0.457915 0.443165
-0.790680 -0.517656 0.433215
-0.805776 -0.546901 0.400442
-0.789998 -0.576772 0.362661
-0.774000 -0.595057 0.326666
-0.751145 -0.588474 0.287986
-0.729935 -0.579585 0.249767
-0.711531 -0.552527 0.212727
-0.690981 -0.507126 0.187558
-0.652048 -0.477333 0.156695
-0.620192 -0.432107 0.133357
-0.584447 -0.380923 0.114287
-0.550025 -0.327101 0.101708
-0.501489 -0.274256 0.091937
-0.459228 -0.219204 0.092723
-0.401309 -0.174056 0.086131
-0.361013 -0.122969 0.092196
-0.317689 -0.079736 0.116904
-0.284249 -0.030701 0.126203
-0.257686 -0.001084 0.162940
-0.247882 0.027810 0.195667
-0.238119 0.029236 0.237233
-0.208127 0.043458 0.272397
-0.199888 0.056117 0.304911
-0.206985 0.026911 0.342254
-0.213641 0.018764 0.375622
-0.208689 -0.022593 0.407776
-0.201872 -0.038339 0.441413
-0.183950 -0.063736 0.473792
-0.180942 -0.071961 0.509350
-0.164824 -0.082549 0.542841
-0.143693 -0.106559 0.576489
-0.133469 -0.100874 0.612147
-0.093694 -0.092103 0.645043
-0.073967 -0.060669 0.676468
-0.045900 -0.031072 0.703445
0.009914 -0.002549 0.724042
0.042030 0.045744 0.745572
0.097443 0.078955 0.755006
0.160173 0.120137 0.747998
0.211175 0.160772 0.739384
0.273444 0.188493 0.730815
0.342509 0.188571 0.718786
0.400186 0.206799 0.706690
0.455017 0.177436 0.683992
0.507703 0.160107 0.661923
0.532523 0.097338 0.652894
0.529616 0.047697 0.624445
0.537154 0.010266 0.599119
0.511873 -0.018276 0.573243
0.508866 -0.063756 0.553454
0.504817 -0.090657 0.524310
0.479195 -0.129963 0.505138
0.482082 -0.173411 0.482710
0.465041 -0.177104 0.448163
0.441766 -0.151648 0.418693
0.428213 -0.145768 0.387268
0.431722 -0.079560 0.369782
0.409368 -0.018100 0.361617
0.424825 0.047775 0.364312
0.404717 0.110506 0.361111
0.433546 0.174017 0.363369
0.436854 0.201289 0.333180
0.491024 0.182281 0.315985
0.489400 0.120293 0.333899
0.509147 0.055433 0.338750
0.505017 -0.000694 0.358989
0.528072 -0.061978 0.365413
0.516404 -0.119980 0.380844
0.556801 -0.168000 0.359539
0.565642 -0.189333 0.326935
0.589599 -0.187165 0.291647
0.578352 -0.201797 0.255135
0.603552 -0.205099 0.220825
0.586091 -0.213890 0.185874
0.599783 -0.225455 0.153169
0.576588 -0.230457 0.122070
0.573260 -0.223853 0.089231
0.574704 -0.202540 0.059951
0.557442 -0.199668 0.029493
0.581981 -0.192967 -0.000629
0.588015 -0.158701 -0.026326
0.622959 -0.136078 -0.049057
0.658143 -0.093626 -0.059131
0.673780 -0.044005 -0.074664
0.709646 -0.003936 -0.088770
0.757160 -0.001553 -0.056537
0.784184 -0.043536 -0.035861
0.829593 -0.069128 -0.017520
0.854633 -0.109568 0.001999
0.867764 -0.133402 0.031144
0.904351 -0.148210 0.056425
0.920450 -0.182613 0.081975
0.921272 -0.204982 0.112984
0.946392 -0.230359 0.140377
0.949640 -0.269861 0.165377
0.940658 -0.296000 0.194982
0.953970 -0.327238 0.222644
0.970068 -0.376567 0.240221
0.976023 -0.413236 0.266647
0.999779 -0.455258 0.285762
1.000000 -0.511033 0.300059
0.975722 -0.543150 0.329328
0.956235 -0.596796 0.343625
0.911308 -0.635810 0.356855
0.850503 -0.629031 0.373892
0.788114 -0.628562 0.378856
0.733283 -0.598593 0.378048
0.729413 -0.532171 0.381979
0.720332 -0.476239 0.376015
0.731759 -0.424332 0.359124
0.737633 -0.365685 0.360235
0.755355 -0.312977 0.348959
0.781197 -0.259722 0.350633
0.781217 -0.201016 0.361527
0.780034 -0.143443 0.356305
0.773418 -0.088410 0.366525
0.736951 -0.037968 0.358966
0.775944 0.010364 0.341749
0.748479 0.027770 0.311088
0.736951 0.073719 0.289491
0.695312 0.092943 0.265030
0.680978 0.128674 0.240299
0.652409 0.148718 0.213917
0.647818 0.156806 0.181471
0.632742 0.194100 0.157190
0.615060 0.197402 0.126035
0.616403 0.230593 0.098732
0.591263 0.249856 0.072159
0.599884 0.275897 0.041240
0.574543 0.326847 0.031065
0.574182 0.363575 0.005425
0.557021 0.413431 -0.010434
0.528112 0.436581 -0.037343
0.529516 0.494310 -0.049304
0.478995 0.514178 -0.071508
0.473401 0.584527 -0.072732
0.469071 0.646320 -0.083244
0.490803 0.704498 -0.071957
0.539961 0.758496 -0.077045
0.572157 0.810637 -0.080392
0.608424 0.858716 -0.076674
0.621856 0.913455 -0.054864
0.682361 0.954520 -0.057548
0.722397 0.999707 -0.054605
0.795912 1.000000 -0.062781
