0.899810 0.490428 -0.836667
0.955366 0.506293 -0.829902
1.000000 0.589648 -0.823594
0.982001 0.649606 -0.887798
0.927624 0.668218 -0.911579
0.897759 0.566826 -0.939282
0.859367 0.482806 -0.957107
0.835689 0.363423 -0.962150
0.806550 0.280378 -0.996452
0.766924 0.186520 -0.996701
0.801978 0.080298 -1.000000
0.820303 0.090401 -0.938576
0.770498 0.062262 -0.912513
0.762406 -0.061110 -0.937311
0.807439 -0.116547 -0.909795
0.791509 -0.093991 -0.849035
0.743518 -0.165293 -0.853414
0.765091 -0.287069 -0.868935
0.800544 -0.289772 -0.814464
0.799038 -0.215989 -0.760199
0.830500 -0.104228 -0.742830
0.847882 0.007179 -0.710147
0.843854 0.098156 -0.757585
0.791309 0.132101 -0.746151
0.802522 0.207746 -0.695393
0.832750 0.301516 -0.724383
0.793250 0.351547 -0.762544
0.757307 0.391430 -0.716352
0.793341 0.471063 -0.682216
0.801760 0.558672 -0.729840
0.749016 0.598156 -0.740071
0.739091 0.642914 -0.678170
0.784269 0.673092 -0.637414
0.810342 0.580519 -0.597219
0.863195 0.636400 -0.613986
0.857643 0.760791 -0.589002
0.888161 0.745546 -0.525275
0.935136 0.668306 -0.514443
0.971315 0.750111 -0.469641
0.952354 0.833555 -0.418884
0.933847 0.862581 -0.359431
0.891046 0.766729 -0.359846
0.914706 0.653505 -0.334696
0.900989 0.682841 -0.273418
0.844380 0.665249 -0.283212
0.844126 0.534831 -0.301722
0.855520 0.483382 -0.243474
0.809562 0.529159 -0.213239
0.771659 0.476070 -0.252708
0.787336 0.348356 -0.242312
0.776486 0.347558 -0.179975
0.721872 0.374590 -0.186200
0.708791 0.267438 -0.223200
0.724032 0.175086 -0.179975
0.691155 0.212133 -0.132289
0.643237 0.198573 -0.163851
0.648952 0.065674 -0.177070
0.651656 0.022911 -0.117078
0.600599 0.065851 -0.101888
0.572585 -0.010458 -0.142042
0.591309 -0.129841 -0.119278
0.577483 -0.118851 -0.057107
0.523034 -0.094611 -0.064453
0.510115 -0.206018 -0.099626
0.528749 -0.296375 -0.056879
0.495092 -0.260746 -0.009815
0.446521 -0.277763 -0.040693
0.454414 -0.408402 -0.055509
0.461199 -0.453337 0.003777
0.411975 -0.409953 0.026624
0.377846 -0.474741 -0.013364
0.396389 -0.603917 -0.003839
0.393704 -0.605912 0.064993
0.342683 -0.516707 0.082362
0.298140 -0.559559 0.047811
0.244997 -0.619206 0.047209
0.222843 -0.558274 -0.009110
0.204899 -0.593947 -0.072235
0.187735 -0.482097 -0.110396
0.199038 -0.381415 -0.149616
0.239445 -0.323850 -0.114650
0.279942 -0.411327 -0.125379
0.285639 -0.387308 -0.188940
0.298249 -0.256448 -0.183959
0.344153 -0.270850 -0.148226
0.372349 -0.345343 -0.188172
0.373782 -0.257556 -0.236730
0.400381 -0.158203 -0.207719
0.445850 -0.228264 -0.189832
0.461127 -0.262430 -0.250425
0.467114 -0.134317 -0.273127
0.503783 -0.091642 -0.226520
0.542774 -0.182841 -0.240382
0.548943 -0.143136 -0.300602
0.564565 -0.016574 -0.287861
0.611158 -0.047948 -0.256526
0.634909 -0.123770 -0.303756
0.632296 -0.030001 -0.351463
0.661907 0.065275 -0.320315
0.707321 -0.007090 -0.312264
0.716611 -0.025835 -0.374061
0.722344 0.104804 -0.388691
0.766144 0.132412 -0.350156
0.801706 0.030089 -0.371924
0.794702 0.069396 -0.438805
0.816656 0.199592 -0.441378
0.858750 0.238633 -0.482424
0.891336 0.136533 -0.504275
0.850259 0.042808 -0.510853
0.826218 0.079677 -0.565927
0.870852 0.025569 -0.604503
0.855974 -0.115661 -0.589085
0.807167 -0.136533 -0.622391
0.761281 -0.158513 -0.657460
0.708065 -0.137109 -0.670596
0.688470 -0.229638 -0.629321
0.707412 -0.164274 -0.576655
0.678164 -0.050962 -0.585578
0.627978 -0.109058 -0.582984
0.632641 -0.164318 -0.525545
0.640334 -0.049499 -0.491098
0.591763 0.012452 -0.509525
0.554513 -0.091332 -0.503486
0.557942 -0.102810 -0.439137
0.538039 0.019410 -0.425856
0.490465 0.005096 -0.456900
0.471650 -0.102544 -0.424860
0.468602 -0.046087 -0.366840
0.434764 0.057653 -0.383544
0.393359 -0.021271 -0.405499
0.381729 -0.091509 -0.353019
0.367631 0.017327 -0.319527
0.326517 0.068067 -0.356464
0.293749 -0.043118 -0.353974
0.287943 -0.046043 -0.290039
0.261308 0.076620 -0.287964
0.217618 0.039750 -0.321643
0.200853 -0.061287 -0.284976
0.195446 0.010901 -0.231231
0.155947 0.094301 -0.254762
0.117663 -0.001108 -0.269745
0.111349 -0.054241 -0.211164
0.095981 0.062749 -0.183337
0.050331 0.081627 -0.218240
0.023387 -0.033945 -0.208487
0.020285 -0.024550 -0.143411
-0.011249 0.098511 -0.145030
-0.054668 0.069441 -0.189604
-0.053488 -0.085749 -0.181469
-0.070852 -0.190020 -0.144138
-0.066443 -0.320792 -0.161548
-0.065028 -0.459009 -0.160365
-0.016692 -0.529026 -0.171633
0.026871 -0.607861 -0.165325
0.080504 -0.638660 -0.163125
0.084115 -0.691793 -0.222992
0.076785 -0.579544 -0.257045
0.121310 -0.514491 -0.234820
0.160174 -0.604449 -0.252770
0.150431 -0.599442 -0.315211
0.161825 -0.468537 -0.321311
0.215078 -0.473500 -0.303714
0.234673 -0.550651 -0.350799
0.222081 -0.466055 -0.397800
0.253035 -0.360720 -0.375202
0.301860 -0.417797 -0.377630
0.302204 -0.439954 -0.439635
0.295382 -0.308118 -0.456547
0.341196 -0.255517 -0.431708
0.377211 -0.334796 -0.464993
0.360591 -0.305947 -0.524071
0.368248 -0.171010 -0.521706
0.421156 -0.170566 -0.503611
0.441205 -0.243597 -0.553185
0.423351 -0.166091 -0.600083
0.449878 -0.053753 -0.582382
0.503402 -0.100594 -0.573874
0.505815 -0.168040 -0.636833
0.503402 -0.084774 -0.687362
0.559158 -0.074803 -0.696223
0.565835 -0.209164 -0.708280
0.528223 -0.209076 -0.760531
0.531398 -0.060223 -0.787964
0.526463 0.062040 -0.753497
0.573419 0.146371 -0.782714
0.625565 0.209696 -0.813281
0.662506 0.159975 -0.851712
0.672376 0.266374 -0.893650
0.637794 0.379154 -0.864557
0.648390 0.499956 -0.836709
0.596281 0.555260 -0.838431
0.577048 0.452761 -0.792094
0.604246 0.485819 -0.734322
0.624585 0.523043 -0.675680
0.655121 0.570859 -0.624735
0.643709 0.462953 -0.582590
0.641912 0.357573 -0.636647
0.669219 0.320349 -0.692488
0.625383 0.213862 -0.703631
0.574871 0.288664 -0.707968
0.526699 0.353408 -0.724092
0.483988 0.438181 -0.722432
0.444888 0.337676 -0.728823
0.455284 0.280333 -0.672525
0.445124 0.386112 -0.636543
0.392579 0.402818 -0.654928
0.373038 0.284720 -0.635194
0.385285 0.307675 -0.574082
0.356183 0.420721 -0.565096
0.305870 0.367500 -0.575721
0.305761 0.276256 -0.529985
0.317500 0.358725 -0.480286
0.273991 0.439245 -0.487279
0.236433 0.339670 -0.476012
0.254722 0.307764 -0.417618
0.249769 0.430249 -0.391139
0.195899 0.444917 -0.402220
0.180913 0.334751 -0.367192
0.199946 0.376894 -0.312347
0.170589 0.492555 -0.311143
0.119623 0.434370 -0.314152
0.123070 0.358460 -0.261340
0.135317 0.462599 -0.221166
0.088978 0.533147 -0.234862
0.054486 0.434326 -0.212492
0.074426 0.434459 -0.153829
0.064102 0.563547 -0.140672
0.008600 0.553975 -0.146628
-0.000290 0.457369 -0.103569
0.023006 0.520385 -0.052812
-0.010197 0.629797 -0.054098
-0.059222 0.569396 -0.046732
-0.044398 0.507533 0.008487
-0.028849 0.621865 0.041710
-0.078944 0.682531 0.042872
-0.105652 0.567712 0.069122
-0.085548 0.551139 0.128657
-0.090955 0.551272 0.194418
-0.030609 0.540149 0.208301
0.024331 0.559293 0.214194
0.039790 0.436187 0.190870
0.023914 0.460693 0.130152
0.057752 0.567580 0.121478
0.105216 0.498582 0.131231
0.098703 0.410795 0.082362
0.097142 0.500487 0.035671
0.147546 0.555570 0.046711
0.177883 0.442435 0.035900
0.162587 0.427767 -0.025088
0.179153 0.549233 -0.045985
0.232804 0.528317 -0.033368
0.239663 0.429407 -0.074829
0.226871 0.493087 -0.126873
0.264955 0.590623 -0.122764
0.309444 0.508110 -0.123677
0.300590 0.457724 -0.180535
0.302005 0.573163 -0.213717
0.352300 0.615218 -0.195953
0.380278 0.509395 -0.217535
0.367214 0.528361 -0.278398
0.385793 0.654436 -0.287466
0.439100 0.632323 -0.267732
0.452762 0.526278 -0.306640
0.428613 0.573473 -0.367421
0.435997 0.701321 -0.386387
0.489050 0.690774 -0.405935
0.480069 0.594877 -0.450550
0.444616 0.666800 -0.485267
0.476585 0.772844 -0.498589
0.518316 0.701764 -0.526478
0.488451 0.640211 -0.572588
0.469364 0.755739 -0.598174
0.519604 0.806257 -0.612243
0.533920 0.702606 -0.652874
0.491717 0.713285 -0.694978
0.497106 0.860808 -0.704669
0.555148 0.879952 -0.711724
0.611449 0.894266 -0.720502
0.667078 0.886998 -0.710936
0.674553 1.000000 -0.675949
0.658169 0.931268 -0.617950
0.691572 0.837809 -0.594210
0.709516 0.906674 -0.542872
0.659476 0.913099 -0.513509
0.650730 0.778959 -0.508944
0.697378 0.742666 -0.475161
0.690447 0.801648 -0.417971
0.640207 0.721617 -0.404814
0.641422 0.585305 -0.406620
0.654758 0.552158 -0.346337
0.609362 0.612337 -0.319361
0.569464 0.550341 -0.353849
0.584360 0.423646 -0.335443
0.578772 0.440796 -0.273314
0.523433 0.471107 -0.277091
0.508845 0.346539 -0.298174
0.530200 0.274395 -0.248973
0.497251 0.322476 -0.202843
0.455484 0.238013 -0.209898
0.482264 0.133254 -0.177070
0.476295 0.208145 -0.119900
0.420611 0.237304 -0.117804
0.395627 0.117611 -0.109732
0.407058 0.101569 -0.048786
0.385340 0.213241 -0.026935
0.332505 0.182708 -0.045902
0.327025 0.047549 -0.022785
0.349125 0.050740 0.038224
0.321110 0.157538 0.065325
0.266153 0.100106 0.046296
0.273301 -0.032128 0.069039
0.272684 -0.123770 0.115418
0.297777 -0.221218 0.079145
0.346040 -0.156076 0.070201
0.359739 -0.128601 0.129633
0.361299 -0.260347 0.146835
0.400272 -0.301870 0.107055
0.439898 -0.216077 0.128533
0.439318 -0.250332 0.189687
0.449551 -0.381902 0.182818
0.498558 -0.368076 0.154223
0.523360 -0.297926 0.201017
0.513962 -0.387574 0.248703
0.542429 -0.488434 0.221747
0.590511 -0.417265 0.222287
0.594992 -0.396570 0.285557
0.593922 -0.530444 0.301017
0.640298 -0.565674 0.267524
0.673773 -0.466941 0.299191
0.662923 -0.406098 0.357626
0.637939 -0.274661 0.363872
0.581294 -0.332935 0.397033
0.531126 -0.375476 0.422577
0.474408 -0.402996 0.419153
0.447011 -0.287645 0.439656
0.452073 -0.186830 0.394273
0.434891 -0.251352 0.339573
0.384850 -0.295533 0.359847
0.362841 -0.175530 0.373314
0.362351 -0.130152 0.312181
0.330491 -0.233404 0.289313
0.286691 -0.205929 0.331106
0.276295 -0.078924 0.311766
0.262415 -0.120979 0.252999
0.214515 -0.187716 0.278834
0.185739 -0.082558 0.310168
0.181058 0.030355 0.264308
0.156255 -0.054241 0.201971
0.117318 -0.087787 0.162461
0.112038 -0.021847 0.095518
0.120149 -0.030666 0.028616
0.072285 -0.119206 0.005831
0.016547 -0.056767 0.040631
0.001433 0.093282 0.048973
-0.031262 0.110963 -0.007885
-0.080595 0.102632 0.009234
-0.130055 0.107595 0.014879
-0.172966 0.089870 0.044179
-0.224748 0.063370 0.042187
-0.269527 0.144908 0.052355
-0.306795 0.023930 0.022909
-0.334319 0.000931 0.081262
-0.389513 0.001817 0.095725
-0.423859 0.003722 0.149035
-0.460111 -0.029292 0.192135
-0.477819 -0.100815 0.245632
-0.517300 -0.072454 0.285474
-0.536297 -0.138350 0.334800
-0.566252 -0.120004 0.384769
-0.566434 -0.134361 0.448184
-0.597641 -0.131481 0.497261
-0.600200 -0.087787 0.564163
-0.651256 -0.086546 0.603279
-0.672957 -0.157449 0.668458
-0.693786 -0.182709 0.725337
-0.733648 -0.271736 0.763976
-0.764202 -0.311353 0.814235
-0.792978 -0.441372 0.846296
-0.817527 -0.509262 0.894688
-0.864647 -0.597359 0.904669
-0.889449 -0.741425 0.917078
-0.925665 -0.784809 0.971260
-0.978681 -0.877249 0.975472
-1.000000 -1.000000 1.000000
