-0.064784 0.060972 0.562573
-0.095816 0.014969 0.591119
-0.115757 -0.022287 0.624816
-0.124473 -0.065446 0.652749
-0.161405 -0.103283 0.674088
-0.170198 -0.131940 0.717269
-0.196383 -0.172055 0.742659
-0.217282 -0.190982 0.787897
-0.231189 -0.225526 0.823603
-0.287947 -0.236636 0.855164
-0.315819 -0.266457 0.891939
-0.353440 -0.287979 0.925494
-0.411501 -0.275754 0.959395
-0.469696 -0.278133 0.985130
-0.537181 -0.257792 0.989307
-0.599054 -0.254931 1.000000
-0.661348 -0.230433 0.996074
-0.703433 -0.182384 0.982320
-0.750805 -0.158900 0.951512
-0.789805 -0.140472 0.915146
-0.812122 -0.109986 0.877084
-0.774538 -0.093321 0.829397
-0.762509 -0.118618 0.776058
-0.789461 -0.104248 0.728543
-0.742510 -0.064298 0.712040
-0.685541 -0.091109 0.711616
-0.692667 -0.128796 0.677810
-0.693740 -0.101071 0.635948
-0.636273 -0.083591 0.639764
-0.611716 -0.131757 0.641758
-0.635220 -0.146326 0.599410
-0.606965 -0.110900 0.573768
-0.551280 -0.124988 0.586220
-0.557582 -0.174966 0.571900
-0.569305 -0.163324 0.525610
-0.518255 -0.139923 0.517005
-0.484618 -0.179440 0.529850
-0.508352 -0.212570 0.497189
-0.496973 -0.184928 0.457762
-0.438817 -0.181901 0.466084
-0.431883 -0.233626 0.466178
-0.455827 -0.241609 0.420799
-0.418570 -0.209959 0.398251
-0.369186 -0.234291 0.414157
-0.384836 -0.282141 0.394969
-0.397537 -0.265642 0.348821
-0.344073 -0.248029 0.338191
-0.321546 -0.298473 0.336432
-0.346046 -0.313192 0.292074
-0.299900 -0.293766 0.268395
-0.246016 -0.294132 0.255692
-0.198548 -0.267455 0.262805
-0.179833 -0.216845 0.271928
-0.110643 -0.211622 0.260089
-0.073328 -0.219556 0.222702
-0.010497 -0.219888 0.204252
0.033848 -0.206599 0.169001
0.093939 -0.207864 0.151195
0.133112 -0.186558 0.115206
0.188376 -0.194791 0.091668
0.232434 -0.166883 0.054580
0.257720 -0.141237 0.017649
0.259252 -0.113495 -0.021261
0.224772 -0.143615 -0.053434
0.188319 -0.185128 -0.044390
0.127385 -0.175415 -0.037795
0.092368 -0.159083 -0.002151
0.053981 -0.135898 -0.030980
0.040859 -0.178209 -0.057312
0.017891 -0.205901 -0.022328
-0.025228 -0.170808 -0.010379
-0.050628 -0.167997 -0.053277
-0.065148 -0.218325 -0.054235
-0.098115 -0.219206 -0.013331
-0.138265 -0.181486 -0.032582
-0.142901 -0.156688 -0.075778
-0.105797 -0.107491 -0.073391
-0.074822 -0.062835 -0.085042
-0.021780 -0.044823 -0.063499
0.021320 -0.008083 -0.078918
0.055781 -0.006403 -0.030493
0.103689 0.003592 -0.004051
0.124320 0.008100 0.041846
0.154337 0.015152 0.085152
0.148169 -0.028174 0.121204
0.083040 -0.033796 0.126747
0.033771 -0.060739 0.113761
-0.028504 -0.068539 0.111327
-0.072178 -0.114044 0.110480
-0.122117 -0.151199 0.095751
-0.160773 -0.195024 0.098436
-0.205157 -0.226857 0.086094
-0.232051 -0.271796 0.100572
-0.266627 -0.313924 0.087366
-0.306854 -0.353208 0.097478
-0.342522 -0.391029 0.082012
-0.371772 -0.398497 0.126715
-0.388629 -0.340751 0.138115
-0.375450 -0.293667 0.123449
-0.322485 -0.273625 0.142386
-0.282794 -0.233792 0.153723
-0.220615 -0.222749 0.159564
-0.167401 -0.199232 0.174999
-0.107425 -0.187889 0.159988
-0.052697 -0.166900 0.163285
-0.001437 -0.141287 0.138963
0.063175 -0.133952 0.136985
0.111658 -0.108422 0.113651
0.174680 -0.105545 0.103822
0.228890 -0.081246 0.091260
0.291798 -0.082776 0.098546
0.299421 -0.057463 0.143658
0.317619 -0.046186 0.190387
0.271148 -0.015684 0.205131
0.228661 -0.052157 0.219483
0.227013 -0.056664 0.267264
0.177438 -0.025929 0.270876
0.137882 -0.056565 0.245831
0.133246 -0.096364 0.275508
0.098786 -0.073546 0.308451
0.049479 -0.076556 0.277439
0.048598 -0.129611 0.268913
0.062773 -0.144630 0.321232
0.036951 -0.170825 0.362309
0.017968 -0.205851 0.394168
-0.031856 -0.216728 0.365025
-0.004693 -0.233476 0.321656
0.023312 -0.278133 0.324059
-0.019807 -0.308219 0.307195
-0.024730 -0.273659 0.263700
0.029691 -0.281259 0.238278
0.063022 -0.277634 0.191329
0.112194 -0.285068 0.158543
0.144031 -0.265991 0.114813
0.184181 -0.273293 0.075480
0.210693 -0.249127 0.033226
0.239579 -0.266241 -0.012310
0.273485 -0.270316 -0.058773
0.293024 -0.287945 -0.103508
0.331565 -0.249426 -0.115316
0.363957 -0.263846 -0.067001
0.391732 -0.301334 -0.042914
0.428645 -0.271713 -0.016597
0.382940 -0.253235 0.013205
0.357846 -0.290107 0.038706
0.397402 -0.293517 0.074820
0.395449 -0.244653 0.089015
0.337330 -0.242058 0.096112
0.332120 -0.278133 0.129196
0.370546 -0.255663 0.160726
0.340434 -0.212487 0.164714
0.289461 -0.233244 0.180840
0.312888 -0.256295 0.219232
0.332369 -0.212437 0.239456
0.280113 -0.189569 0.242958
0.255670 -0.226242 0.271111
0.292487 -0.223747 0.307964
0.283024 -0.174833 0.318846
0.224983 -0.180072 0.327545
0.229714 -0.212836 0.364382
0.264462 -0.184147 0.392802
0.225500 -0.144480 0.397105
0.179890 -0.173003 0.419857
0.175887 -0.201643 0.457856
0.141924 -0.240562 0.470936
0.131848 -0.283105 0.491882
0.144682 -0.333649 0.491584
0.088997 -0.349915 0.485554
0.082963 -0.337092 0.438793
0.130067 -0.362472 0.422306
0.112118 -0.409440 0.437192
0.061911 -0.409091 0.411755
0.086603 -0.402904 0.368229
0.120182 -0.444167 0.370709
0.076412 -0.478046 0.377493
0.048655 -0.466703 0.336981
0.092732 -0.475252 0.306080
0.100912 -0.523950 0.319364
0.046721 -0.537937 0.307791
0.046510 -0.523534 0.261973
0.094303 -0.553787 0.250887
0.068826 -0.600323 0.267767
0.013179 -0.595317 0.244072
0.039346 -0.597562 0.198851
0.017604 -0.637528 0.170807
-0.014328 -0.650916 0.134284
-0.051107 -0.665868 0.103194
-0.069075 -0.703306 0.074145
-0.073883 -0.701211 0.024322
-0.074611 -0.762133 0.011761
-0.141924 -0.784137 0.015482
-0.178530 -0.788993 -0.022375
-0.178645 -0.851695 -0.023569
-0.229714 -0.879287 0.008715
-0.275783 -0.906995 0.031153
-0.242376 -0.960034 0.047483
-0.230806 -0.969763 0.103476
-0.237357 -1.000000 0.142590
-0.219274 -0.998104 0.198866
-0.227224 -0.994545 0.253666
-0.215156 -0.990038 0.302421
-0.163742 -0.975252 0.340828
-0.130067 -0.957356 0.378765
-0.085415 -0.910804 0.392064
-0.053693 -0.869890 0.413513
-0.012126 -0.834947 0.411833
0.007394 -0.793417 0.383821
0.039978 -0.756678 0.379754
0.076450 -0.724844 0.364287
0.127596 -0.724961 0.342901
0.167516 -0.691448 0.335678
0.213872 -0.679357 0.312973
0.257203 -0.649785 0.305452
0.283752 -0.614892 0.282809
0.331852 -0.595932 0.265851
0.371926 -0.557579 0.273200
0.337790 -0.526228 0.234824
0.283407 -0.514087 0.257042
0.285515 -0.467834 0.281977
0.324879 -0.427353 0.288195
0.273332 -0.390048 0.281066
0.231611 -0.373582 0.312000
0.181499 -0.339254 0.314967
0.122443 -0.352260 0.311513
0.111352 -0.349466 0.256728
0.101486 -0.351645 0.209638
0.128592 -0.362589 0.162406
0.143361 -0.344477 0.110417
0.163340 -0.349167 0.060720
0.171232 -0.318864 0.014697
0.177496 -0.315421 -0.036429
0.184986 -0.283288 -0.078777
0.198989 -0.298340 -0.124816
0.197207 -0.340718 -0.152498
0.211191 -0.315155 -0.193904
0.270650 -0.320926 -0.186917
0.285380 -0.365100 -0.205775
0.287353 -0.347121 -0.252065
0.331488 -0.312594 -0.240901
0.371849 -0.345059 -0.224241
0.378094 -0.370954 -0.264972
0.395315 -0.326681 -0.291948
0.439871 -0.303596 -0.261816
0.466554 -0.352743 -0.237603
0.456402 -0.402039 -0.233819
0.426577 -0.431377 -0.205304
0.415983 -0.475668 -0.181955
0.396713 -0.505705 -0.147756
0.434354 -0.489921 -0.114122
0.405237 -0.446013 -0.102157
0.354781 -0.468017 -0.087743
0.379473 -0.497888 -0.054125
0.400659 -0.457855 -0.029127
0.350299 -0.435070 -0.019251
0.323289 -0.475834 0.000487
0.360260 -0.484483 0.037324
0.353402 -0.436583 0.057187
0.295322 -0.437864 0.063578
0.296586 -0.480192 0.091402
0.330741 -0.462446 0.126103
0.293483 -0.425573 0.137126
0.246284 -0.453099 0.148212
0.271588 -0.479294 0.184876
0.282047 -0.438928 0.214788
0.219562 -0.423810 0.213579
0.172650 -0.443885 0.190026
0.160390 -0.434987 0.140078
0.148188 -0.423278 0.091197
0.144299 -0.422995 0.036680
0.135239 -0.387320 -0.007349
0.120010 -0.374846 -0.056025
0.109532 -0.327712 -0.089156
0.076182 -0.301484 -0.129966
0.049460 -0.269035 -0.161574
0.040897 -0.303745 -0.199432
0.007260 -0.340119 -0.174355
-0.018313 -0.344061 -0.131143
0.010018 -0.377723 -0.099520
-0.000192 -0.372484 -0.049854
-0.044288 -0.342963 -0.033822
-0.075607 -0.382447 -0.016079
-0.033752 -0.399677 0.013237
-0.030362 -0.357150 0.039114
-0.085166 -0.356152 0.054015
-0.086794 -0.402704 0.073266
-0.041261 -0.393241 0.104591
-0.068328 -0.356684 0.128474
-0.115317 -0.383728 0.140627
-0.085357 -0.419087 0.164526
-0.056701 -0.389748 0.196841
-0.107157 -0.363636 0.213155
-0.153896 -0.403802 0.214521
-0.153494 -0.456042 0.202965
-0.154222 -0.483817 0.163317
-0.139415 -0.517097 0.122680
-0.093920 -0.537771 0.089690
-0.083978 -0.567126 0.044547
-0.032852 -0.555301 0.022580
0.022048 -0.565679 0.007003
0.074324 -0.561637 -0.013551
0.116083 -0.538270 -0.047122
0.169182 -0.559691 -0.072104
0.166405 -0.555400 -0.121424
0.176021 -0.501713 -0.122978
0.209773 -0.459269 -0.124596
0.159145 -0.425373 -0.123779
0.124205 -0.457007 -0.084132
0.131484 -0.461730 -0.035628
0.108976 -0.492616 0.008589
0.114110 -0.492067 0.064017
0.102674 -0.503676 0.110213
0.107291 -0.522353 0.153896
0.132135 -0.574045 0.148007
0.165121 -0.586103 0.106962
0.223546 -0.583724 0.124580
0.287258 -0.606027 0.122743
0.340970 -0.621146 0.115441
0.323960 -0.654492 0.080269
0.304843 -0.618601 0.048441
0.356639 -0.594618 0.047530
0.390162 -0.634251 0.032048
0.370355 -0.638060 -0.012640
0.390372 -0.591840 -0.026693
0.450195 -0.604514 -0.014697
0.459390 -0.646592 -0.042945
0.467359 -0.617154 -0.082624
0.526837 -0.609304 -0.067503
0.587407 -0.604763 -0.074255
0.597483 -0.549097 -0.053607
0.565761 -0.539933 -0.003533
0.550130 -0.519193 0.042003
0.519596 -0.492067 0.077364
0.571776 -0.452583 0.074977
0.575416 -0.423477 0.035392
0.562352 -0.378888 0.015671
0.533848 -0.347703 -0.013818
0.584476 -0.330606 -0.036162
0.593422 -0.374613 -0.065525
0.534748 -0.376143 -0.088183
0.528312 -0.319146 -0.089266
0.539097 -0.280095 -0.114970
0.529040 -0.235439 -0.127469
0.529825 -0.203057 -0.159407
0.551758 -0.163873 -0.176067
0.538790 -0.119915 -0.186776
0.529519 -0.088098 -0.218557
0.539288 -0.041396 -0.205995
0.523810 0.003892 -0.203200
0.496341 0.039600 -0.232312
0.489292 0.066510 -0.181673
0.553023 0.079383 -0.159831
0.577504 0.121129 -0.155513
0.610298 0.148072 -0.132086
0.625565 0.194325 -0.132368
0.660965 0.225393 -0.117404
0.674546 0.271480 -0.115410
0.711133 0.306905 -0.115881
0.724810 0.350697 -0.099017
0.730461 0.397648 -0.115787
0.791070 0.396334 -0.110684
0.802429 0.361707 -0.146249
0.776243 0.388584 -0.181202
0.808540 0.431560 -0.176428
0.862022 0.411735 -0.183714
0.850529 0.394621 -0.228166
0.837043 0.440608 -0.247291
0.888284 0.464658 -0.235295
0.924565 0.432858 -0.260324
0.900276 0.444334 -0.303991
0.912995 0.495160 -0.301997
0.973067 0.489106 -0.295277
0.979906 0.462312 -0.340326
0.972531 0.504873 -0.369610
0.991303 0.542644 -0.398251
0.993276 0.587882 -0.418397
0.986189 0.616722 -0.458154
1.000000 0.660895 -0.486967
0.969926 0.712188 -0.503768
0.976975 0.760370 -0.521261
0.948088 0.814589 -0.523930
0.922190 0.867694 -0.506375
0.900084 0.908293 -0.472977
0.889817 0.951369 -0.444619
0.839955 0.979626 -0.410577
0.783292 1.000000 -0.387102
0.728603 0.990038 -0.349763
0.684718 0.992383 -0.313585
0.633496 0.967235 -0.280423
0.577676 0.948059 -0.260638
0.516474 0.916642 -0.258220
0.465367 0.886572 -0.252457
0.426078 0.833150 -0.256807
0.382595 0.794581 -0.267720
0.353747 0.740877 -0.286751
0.328346 0.704404 -0.318783
0.316930 0.652962 -0.348334
0.309497 0.619965 -0.391201
0.329323 0.591341 -0.440442
0.359532 0.558261 -0.476086
0.391388 0.532415 -0.520381
0.440733 0.522686 -0.556983
0.494292 0.491119 -0.583001
0.536281 0.473123 -0.615080
0.596640 0.436683 -0.629793
0.646904 0.403336 -0.646877
0.699640 0.359379 -0.642559
0.737453 0.316186 -0.657177
0.776645 0.262066 -0.653252
0.811030 0.207847 -0.634535
0.827446 0.153943 -0.624313
0.815838 0.094119 -0.608831
0.812217 0.035692 -0.612285
0.783005 -0.014885 -0.585184
0.736744 -0.052274 -0.571821
0.686346 -0.091591 -0.566671
0.649299 -0.131773 -0.547938
0.596927 -0.167698 -0.549744
0.565704 -0.202941 -0.509264
0.508984 -0.206982 -0.482084
0.451613 -0.221535 -0.468455
0.400391 -0.197602 -0.434020
0.350529 -0.150684 -0.436674
0.317888 -0.124954 -0.475646
0.256896 -0.126468 -0.473652
0.251609 -0.077005 -0.450052
0.287660 -0.044523 -0.476306
0.260497 -0.046702 -0.520240
0.210061 -0.023916 -0.504083
0.234714 0.020341 -0.488114
0.261091 0.033230 -0.530321
0.209658 0.034893 -0.555538
0.183319 0.070751 -0.527510
0.224849 0.107824 -0.533885
0.222780 0.108505 -0.582310
0.164489 0.121129 -0.583064
0.170849 0.166517 -0.557972
0.212378 0.188271 -0.588983
0.179622 0.183248 -0.632886
0.121581 0.207830 -0.620403
0.142786 0.266540 -0.620168
0.124416 0.289742 -0.672408
0.059631 0.301982 -0.689948
0.031262 0.336809 -0.723063
-0.003333 0.342747 -0.767029
-0.000862 0.333450 -0.825645
-0.026952 0.303812 -0.866910
-0.041644 0.273526 -0.910184
-0.020554 0.232345 -0.948654
-0.026914 0.189685 -0.977750
-0.014041 0.134667 -0.994159
-0.013601 0.072963 -0.987878
-0.027239 0.019808 -1.000000
0.009980 -0.027459 -0.998665
0.020765 -0.084822 -0.975363
0.031377 -0.134850 -0.960604
0.051452 -0.177278 -0.920014
0.057984 -0.214949 -0.885909
0.047142 -0.233144 -0.830779
0.029940 -0.262432 -0.788509
0.028963 -0.255962 -0.732641
-0.007605 -0.218541 -0.696558
-0.071623 -0.216096 -0.670446
-0.084342 -0.240628 -0.622554
-0.064784 -0.207132 -0.583723
-0.096755 -0.161394 -0.587429
-0.151713 -0.178658 -0.576532
-0.146387 -0.194658 -0.530069
-0.135392 -0.148272 -0.510332
-0.187150 -0.126734 -0.524903
-0.223029 -0.161677 -0.503266
-0.203394 -0.151532 -0.457652
-0.216554 -0.100605 -0.455720
-0.275209 -0.107890 -0.464733
-0.284710 -0.138376 -0.424348
-0.268351 -0.101287 -0.389787
-0.306720 -0.059991 -0.405568
-0.367022 -0.089961 -0.404108
-0.391598 -0.098776 -0.358085
-0.442629 -0.089296 -0.325770
-0.492836 -0.083076 -0.303410
-0.531434 -0.124339 -0.275681
-0.575952 -0.144430 -0.248391
-0.618707 -0.147573 -0.207534
-0.685580 -0.154692 -0.205210
-0.732243 -0.181286 -0.173084
-0.770056 -0.171773 -0.124407
-0.822351 -0.163407 -0.102472
-0.869071 -0.154060 -0.067377
-0.898686 -0.172238 -0.021433
-0.942188 -0.161311 0.016173
-0.991629 -0.191515 0.037685
-1.000000 -0.242191 0.072261
