-0.051254 0.390817 1.000000
-0.083326 0.442324 0.995286
-0.119834 0.463098 0.932477
-0.163886 0.474876 0.904670
-0.207196 0.479108 0.882179
-0.244945 0.493687 0.845546
-0.290936 0.494055 0.843515
-0.332734 0.482543 0.821701
-0.337355 0.532577 0.774061
-0.314609 0.507407 0.715439
-0.342475 0.457945 0.704281
-0.379153 0.492910 0.691870
-0.363210 0.525871 0.631192
-0.353070 0.476082 0.586987
-0.393072 0.450830 0.585808
-0.412524 0.501007 0.554717
-0.388295 0.507386 0.489801
-0.397507 0.448683 0.464803
-0.442386 0.453938 0.463850
-0.440076 0.507059 0.410192
-0.412994 0.475673 0.348561
-0.438792 0.415824 0.337830
-0.470024 0.431343 0.277603
-0.471550 0.396501 0.215345
-0.499159 0.364134 0.168859
-0.516970 0.308292 0.159030
-0.542070 0.288377 0.096421
-0.576581 0.253576 0.080950
-0.587048 0.200515 0.044568
-0.629945 0.210187 0.039729
-0.626494 0.265721 -0.000715
-0.602821 0.238813 -0.064477
-0.625553 0.192500 -0.098527
-0.653133 0.163669 -0.154341
-0.691780 0.136107 -0.128365
-0.732466 0.098770 -0.127938
-0.727318 0.059041 -0.053996
-0.717507 0.020907 0.007083
-0.683651 -0.010541 -0.023632
-0.660663 0.041988 -0.030753
-0.658780 0.062476 0.042713
-0.639428 0.011420 0.078443
-0.600083 0.020539 0.029349
-0.577750 0.073825 0.053294
-0.585408 0.065441 0.144612
-0.596703 0.065911 0.219833
-0.622857 0.122877 0.210055
-0.661561 0.102962 0.170187
-0.709278 0.120546 0.140074
-0.758906 0.125331 0.120993
-0.800305 0.149091 0.091682
-0.848364 0.140830 0.084210
-0.870397 0.194974 0.073629
-0.894826 0.232045 0.026942
-0.876529 0.290421 0.055601
-0.834046 0.294000 0.029098
-0.798665 0.337430 -0.005454
-0.758478 0.302138 0.006482
-0.735304 0.250181 0.019821
-0.736388 0.189412 0.043365
-0.691466 0.199207 0.062972
-0.672100 0.198511 0.149853
-0.677134 0.201313 0.226177
-0.701321 0.210453 0.288084
-0.693591 0.273512 0.289513
-0.712401 0.287089 0.219633
-0.752717 0.264924 0.233498
-0.760303 0.304346 0.292171
-0.752360 0.359001 0.252103
-0.785231 0.344750 0.196289
-0.820213 0.300931 0.220786
-0.823023 0.240387 0.241246
-0.834474 0.190046 0.280712
-0.823950 0.137293 0.319702
-0.846895 0.099608 0.266571
-0.816990 0.119197 0.202507
-0.777245 0.085234 0.224422
-0.740994 0.047938 0.202833
-0.712301 -0.005143 0.240118
-0.676378 -0.044422 0.268802
-0.654203 -0.094292 0.319752
-0.624483 -0.130606 0.367818
-0.598628 -0.188595 0.404852
-0.586364 -0.228507 0.479646
-0.569750 -0.294879 0.510938
-0.565486 -0.350986 0.552360
-0.557600 -0.423062 0.554617
-0.512806 -0.427275 0.602081
-0.496520 -0.436005 0.689137
-0.454978 -0.452711 0.731336
-0.418542 -0.456943 0.779803
-0.378269 -0.467412 0.812299
-0.342460 -0.511926 0.833962
-0.301375 -0.518530 0.868363
-0.298280 -0.585290 0.862145
-0.283919 -0.591936 0.784241
-0.259377 -0.607067 0.715916
-0.287798 -0.556480 0.671460
-0.312455 -0.511496 0.634727
-0.345869 -0.453795 0.638990
-0.392216 -0.417501 0.632546
-0.423833 -0.356670 0.624622
-0.450215 -0.391206 0.572770
-0.471493 -0.430628 0.511189
-0.511894 -0.384642 0.490779
-0.536337 -0.345384 0.425161
-0.563176 -0.287927 0.391613
-0.569550 -0.240449 0.321181
-0.582656 -0.173893 0.289964
-0.575069 -0.120730 0.230414
-0.563618 -0.071310 0.179791
-0.538290 -0.031969 0.144011
-0.509997 -0.011829 0.206268
-0.506489 -0.051946 0.273340
-0.492713 -0.069367 0.359393
-0.470608 -0.112061 0.423732
-0.460312 -0.137702 0.504093
-0.432018 -0.186264 0.555294
-0.413907 -0.239529 0.598496
-0.375374 -0.285535 0.617752
-0.354839 -0.342071 0.646512
-0.309903 -0.375625 0.666721
-0.281381 -0.434002 0.683144
-0.238256 -0.462014 0.711026
-0.209449 -0.499739 0.748862
-0.170004 -0.524664 0.763079
-0.187202 -0.585986 0.725368
-0.183209 -0.630826 0.651652
-0.174097 -0.658696 0.584906
-0.143136 -0.684664 0.521319
-0.122073 -0.684398 0.442788
-0.083155 -0.703168 0.394697
-0.063675 -0.692597 0.318649
-0.030632 -0.704559 0.261506
-0.009412 -0.676035 0.190823
0.028393 -0.693558 0.135185
0.064887 -0.700899 0.090027
0.088574 -0.741936 0.027719
0.125781 -0.720324 -0.000088
0.170417 -0.710141 0.006933
0.170260 -0.664278 0.065104
0.153946 -0.702269 0.125907
0.187716 -0.739401 0.160033
0.187987 -0.705724 0.232245
0.146616 -0.712083 0.251225
0.147685 -0.773691 0.264540
0.175893 -0.768538 0.325544
0.146673 -0.730772 0.366414
0.112105 -0.770174 0.366940
0.133239 -0.814892 0.407911
0.134166 -0.772423 0.470219
0.092111 -0.752896 0.481000
0.069636 -0.798411 0.517232
0.082385 -0.774365 0.589544
0.067554 -0.712431 0.583151
0.023830 -0.717870 0.568708
0.011024 -0.743347 0.635103
0.022646 -0.692802 0.676124
-0.005077 -0.651314 0.643051
-0.041727 -0.681985 0.657394
-0.036722 -0.682905 0.736626
-0.041200 -0.615593 0.738783
-0.084082 -0.611258 0.701699
-0.102507 -0.680860 0.721883
-0.126009 -0.737785 0.728026
-0.138045 -0.730608 0.640594
-0.117552 -0.766616 0.568633
-0.098685 -0.769867 0.487545
-0.073201 -0.796796 0.416436
-0.055603 -0.784466 0.330734
-0.042283 -0.799168 0.242650
-0.021605 -0.771769 0.167028
-0.008385 -0.764592 0.082229
0.015216 -0.729770 0.013678
0.015487 -0.706358 -0.070394
-0.007373 -0.728850 -0.150730
-0.015516 -0.751935 -0.219883
-0.011765 -0.795487 -0.279609
0.007387 -0.746639 -0.341666
0.012250 -0.694028 -0.385244
0.048801 -0.676607 -0.334294
0.052865 -0.706890 -0.265593
0.072816 -0.764571 -0.310023
0.092410 -0.817611 -0.337303
0.082713 -0.868341 -0.386673
0.111905 -0.913508 -0.369924
0.119763 -0.966262 -0.328578
0.148912 -0.938250 -0.280737
0.119948 -0.891160 -0.253307
0.088546 -0.931236 -0.227456
0.117624 -0.958042 -0.173347
0.153290 -0.902876 -0.169611
0.168749 -0.843927 -0.165474
0.200351 -0.872267 -0.102138
0.219817 -0.904716 -0.047001
0.182411 -0.917005 -0.000389
0.136505 -0.915737 -0.028948
0.094336 -0.908662 -0.066558
0.061906 -0.887827 -0.111540
0.028821 -0.847423 -0.126534
-0.005975 -0.798186 -0.090127
-0.036779 -0.761709 -0.050385
-0.058798 -0.805384 0.012951
-0.059625 -0.829532 0.100207
-0.068438 -0.867870 0.160108
-0.051282 -0.897744 0.233047
-0.081087 -0.864640 0.293976
-0.113745 -0.858362 0.341165
-0.126109 -0.849100 0.412925
-0.104233 -0.863863 0.492660
-0.084353 -0.888174 0.560760
-0.043895 -0.910728 0.528314
0.000813 -0.905882 0.534508
0.008614 -0.962214 0.500733
-0.008343 -0.946490 0.432734
0.015373 -0.897192 0.416436
0.053992 -0.926492 0.418818
0.048173 -0.975422 0.370200
0.041970 -0.936450 0.309446
0.076581 -0.897273 0.307867
0.107826 -0.939538 0.290566
0.093038 -0.950538 0.213289
0.102507 -0.897151 0.170363
0.111007 -0.860673 0.092083
0.117452 -0.833151 0.022303
0.113616 -0.798534 -0.056679
0.097929 -0.760645 -0.134583
0.105602 -0.712329 -0.196239
0.115313 -0.653011 -0.249470
0.101167 -0.601014 -0.201855
0.079419 -0.558668 -0.136739
0.037478 -0.575026 -0.123676
0.000841 -0.607966 -0.083508
-0.037121 -0.637942 -0.052141
-0.057029 -0.611258 0.009841
-0.098799 -0.609909 -0.021125
-0.106443 -0.670248 -0.009215
-0.098514 -0.670719 0.068514
-0.131343 -0.632564 0.086742
-0.164085 -0.665995 0.056930
-0.158638 -0.719240 0.094816
-0.161918 -0.692924 0.165699
-0.205841 -0.673868 0.153513
-0.227760 -0.729320 0.122573
-0.213827 -0.777453 0.174801
-0.228602 -0.789353 0.245910
-0.219746 -0.852269 0.244255
-0.174624 -0.851840 0.222466
-0.164913 -0.814708 0.286354
-0.194376 -0.797737 0.353576
-0.221043 -0.754020 0.381734
-0.246784 -0.731038 0.445421
-0.274507 -0.702330 0.492459
-0.253686 -0.656140 0.535937
-0.212900 -0.631787 0.498928
-0.173141 -0.613732 0.460340
-0.151935 -0.603815 0.389757
-0.106272 -0.613426 0.355055
-0.073172 -0.595187 0.296283
-0.032771 -0.605513 0.263562
0.000599 -0.578768 0.209327
0.042041 -0.599767 0.164721
0.077964 -0.556828 0.119413
0.100482 -0.522088 0.058660
0.063903 -0.507387 -0.001116
0.028151 -0.508511 -0.050711
-0.013805 -0.514543 -0.100132
-0.054320 -0.529388 -0.135786
-0.096546 -0.509758 -0.186084
-0.121816 -0.492092 -0.243628
-0.094079 -0.512171 -0.310851
-0.063603 -0.559057 -0.306789
-0.087547 -0.600708 -0.350868
-0.085808 -0.561899 -0.417514
-0.050270 -0.578686 -0.453921
-0.035210 -0.614284 -0.514148
-0.021334 -0.663726 -0.462471
-0.064602 -0.677814 -0.427719
-0.109552 -0.667406 -0.434414
-0.135549 -0.643279 -0.374337
-0.180357 -0.622770 -0.377998
-0.196472 -0.633198 -0.305184
-0.210376 -0.620173 -0.235780
-0.224223 -0.633178 -0.166025
-0.257480 -0.657898 -0.112593
-0.251319 -0.671291 -0.034263
-0.234349 -0.738685 -0.017664
-0.221072 -0.800272 -0.010669
-0.179473 -0.841330 -0.033787
-0.169904 -0.895188 0.007284
-0.157140 -0.955425 0.032182
-0.136648 -1.000000 0.078117
-0.098172 -0.955262 0.082530
-0.103106 -0.890342 0.061217
-0.107655 -0.872267 -0.018567
-0.117124 -0.842046 -0.085589
-0.140897 -0.841739 -0.162089
-0.137888 -0.778884 -0.196966
-0.100011 -0.761136 -0.231217
-0.120447 -0.767965 -0.308469
-0.163429 -0.730404 -0.294478
-0.147814 -0.677937 -0.241497
-0.134737 -0.623015 -0.206544
-0.133753 -0.577664 -0.153438
-0.146188 -0.527834 -0.105999
-0.155643 -0.471400 -0.066132
-0.165155 -0.432386 -0.008914
-0.208437 -0.443264 -0.006632
-0.203317 -0.504401 0.013728
-0.182796 -0.494587 0.081602
-0.211902 -0.456923 0.115401
-0.244688 -0.501334 0.112142
-0.225678 -0.552166 0.146944
-0.213785 -0.528059 0.213816
-0.254941 -0.508429 0.232495
-0.275463 -0.564598 0.230515
-0.242335 -0.591609 0.284498
-0.212287 -0.559793 0.329505
-0.169918 -0.541492 0.300420
-0.124069 -0.521986 0.313609
-0.082171 -0.499555 0.293926
-0.033713 -0.510065 0.284699
0.006303 -0.487001 0.259099
0.049770 -0.513010 0.239541
0.087205 -0.475571 0.197819
0.120704 -0.442630 0.167580
0.139200 -0.393291 0.131699
0.121816 -0.406214 0.060064
0.075155 -0.405028 0.081251
0.058655 -0.356159 0.117884
0.038904 -0.326777 0.055952
0.004421 -0.369041 0.055977
-0.008799 -0.364338 0.133279
-0.019466 -0.304121 0.132652
-0.054377 -0.318843 0.083157
-0.075611 -0.366035 0.123601
-0.087904 -0.343462 0.194735
-0.120233 -0.301688 0.173623
-0.151450 -0.348430 0.162139
-0.150794 -0.359001 0.248392
-0.163273 -0.343523 0.321532
-0.135920 -0.403270 0.331687
-0.083668 -0.406766 0.341817
-0.035139 -0.418605 0.319125
0.013776 -0.402186 0.317445
0.061664 -0.430669 0.306914
0.104931 -0.451464 0.306062
0.134337 -0.494525 0.282141
0.170046 -0.528917 0.267749
0.192450 -0.574044 0.227807
0.174425 -0.619049 0.290817
0.145375 -0.606412 0.350166
0.154231 -0.589686 0.424083
0.113730 -0.553311 0.431881
0.075255 -0.582510 0.437949
0.070064 -0.570425 0.514524
0.067026 -0.506282 0.506726
0.033556 -0.504688 0.457782
0.006032 -0.531228 0.508581
0.006974 -0.488125 0.563869
-0.006988 -0.441485 0.517157
-0.044337 -0.467187 0.491356
-0.063646 -0.473301 0.559857
-0.063532 -0.411121 0.577534
-0.085209 -0.391880 0.511816
-0.122230 -0.427009 0.522522
-0.134323 -0.413064 0.597392
-0.140113 -0.345731 0.574224
-0.177191 -0.358695 0.514048
-0.220131 -0.338738 0.471673
-0.255797 -0.350086 0.417539
-0.297467 -0.326061 0.374212
-0.331679 -0.343870 0.316693
-0.358703 -0.347735 0.250774
-0.387753 -0.387157 0.209603
-0.421408 -0.368264 0.162013
-0.428197 -0.310317 0.126584
-0.445352 -0.265946 0.081326
-0.442771 -0.207386 0.049608
-0.469667 -0.181050 0.105673
-0.435413 -0.198696 0.168081
-0.407989 -0.178085 0.236031
-0.371139 -0.188840 0.291820
-0.349092 -0.175120 0.371654
-0.312926 -0.175733 0.432157
-0.302558 -0.158987 0.518711
-0.282707 -0.129380 0.594659
-0.267577 -0.118686 0.674945
-0.232623 -0.167207 0.679509
-0.212872 -0.167759 0.597743
-0.189170 -0.166184 0.529819
-0.178232 -0.163956 0.452241
-0.155344 -0.177246 0.382662
-0.149340 -0.188288 0.306939
-0.178603 -0.241860 0.307792
-0.212230 -0.241655 0.370401
-0.199595 -0.254803 0.445596
-0.187345 -0.264167 0.529994
-0.171259 -0.264004 0.604739
-0.174310 -0.310521 0.671134
-0.189213 -0.352826 0.734620
-0.195388 -0.405232 0.775691
-0.232609 -0.396031 0.826816
-0.262457 -0.352131 0.786448
-0.293389 -0.311646 0.752824
-0.309061 -0.277233 0.686278
-0.324206 -0.221474 0.643628
-0.353270 -0.200577 0.576055
-0.369584 -0.167595 0.503742
-0.404039 -0.164140 0.443139
-0.416930 -0.148355 0.363480
-0.454579 -0.136965 0.309371
-0.466016 -0.121896 0.223369
-0.484513 -0.094251 0.157099
-0.488491 -0.072659 0.081853
-0.499857 -0.047898 0.011697
-0.460768 -0.082228 -0.031731
-0.440917 -0.118992 -0.099580
-0.427412 -0.088015 -0.161863
-0.465646 -0.049922 -0.161963
-0.500513 -0.082658 -0.124829
-0.532130 -0.099588 -0.075685
-0.547988 -0.146576 -0.032533
-0.587362 -0.151667 -0.073253
-0.563361 -0.189474 -0.132301
-0.547004 -0.241369 -0.078995
-0.556915 -0.297128 -0.043641
-0.515202 -0.309294 -0.015658
-0.512264 -0.253269 0.031330
-0.545934 -0.263227 0.089500
-0.528365 -0.330539 0.121770
-0.506646 -0.368305 0.194659
-0.469525 -0.392473 0.240293
-0.437480 -0.378692 0.294252
-0.393172 -0.395254 0.328126
-0.367659 -0.389713 0.396126
-0.320770 -0.411142 0.407660
-0.282379 -0.435126 0.440807
-0.250107 -0.478945 0.445396
-0.273181 -0.521843 0.505673
-0.322823 -0.522415 0.472626
-0.362967 -0.497695 0.465279
-0.401400 -0.451157 0.446524
-0.434200 -0.413432 0.419645
-0.479065 -0.402022 0.387726
-0.504264 -0.360678 0.326622
-0.541642 -0.332665 0.296383
-0.540030 -0.286025 0.229111
-0.562562 -0.222987 0.192027
-0.592268 -0.182092 0.144336
-0.623642 -0.140810 0.117382
-0.654302 -0.154141 0.046875
-0.698055 -0.140666 0.045847
-0.740010 -0.110916 0.042362
-0.776104 -0.079345 0.058635
-0.819743 -0.076810 0.072200
-0.829012 -0.037776 0.009866
-0.821055 -0.080920 -0.049483
-0.855637 -0.119667 -0.030602
-0.887040 -0.064951 -0.050335
-0.903682 -0.050760 -0.122121
-0.926913 -0.021010 -0.183527
-0.945267 -0.022052 -0.255588
-0.965517 0.032010 -0.270908
-0.980391 0.080245 -0.230816
-1.000000 0.134410 -0.214793
-0.961453 0.166471 -0.204739
-0.953267 0.159069 -0.290065
-0.987065 0.145983 -0.338056
-0.967314 0.090448 -0.363505
-0.919711 0.103923 -0.372657
-0.907875 0.068815 -0.291343
-0.890776 0.057589 -0.215771
-0.884530 0.047345 -0.131925
-0.845013 0.059552 -0.074557
-0.841362 0.094742 -0.011271
-0.863310 0.149602 -0.049809
-0.860728 0.138785 -0.140977
-0.852814 0.138397 -0.223720
-0.849619 0.104475 -0.300119
-0.851972 0.102675 -0.379803
-0.854297 0.091450 -0.457832
-0.851659 0.106622 -0.531022
-0.864365 0.171501 -0.539823
-0.859916 0.199411 -0.458785
-0.863552 0.260241 -0.404175
-0.866205 0.273369 -0.319000
-0.886726 0.255211 -0.253407
-0.920596 0.226913 -0.310048
-0.920025 0.223600 -0.388328
-0.930507 0.278521 -0.444644
-0.899276 0.267521 -0.510286
-0.883532 0.262409 -0.595838
-0.861727 0.256336 -0.666696
-0.873050 0.314304 -0.727324
-0.869798 0.381043 -0.725343
-0.867417 0.439665 -0.757463
-0.851616 0.483443 -0.688585
-0.811543 0.517222 -0.684849
-0.770372 0.548342 -0.686579
-0.759548 0.573901 -0.617251
-0.734591 0.523356 -0.590547
-0.701135 0.528631 -0.654034
-0.677918 0.585270 -0.624998
-0.641896 0.626675 -0.608124
-0.616269 0.674972 -0.598997
-0.598571 0.680758 -0.678932
-0.628918 0.644853 -0.736601
-0.654003 0.629722 -0.801968
-0.658367 0.561019 -0.777120
-0.667266 0.504831 -0.754353
-0.631243 0.475755 -0.732364
-0.601409 0.503113 -0.780280
-0.607256 0.458047 -0.836971
-0.614372 0.394027 -0.792917
-0.667636 0.395152 -0.795825
-0.714526 0.390224 -0.761550
-0.758464 0.399384 -0.729856
-0.786857 0.370370 -0.663762
-0.803328 0.402697 -0.603586
-0.760817 0.426027 -0.581019
-0.724594 0.389284 -0.627556
-0.688101 0.355668 -0.660603
-0.665326 0.321910 -0.726045
-0.625767 0.301872 -0.764960
-0.593680 0.284001 -0.818918
-0.575083 0.226688 -0.794622
-0.559753 0.187347 -0.743171
-0.528493 0.222660 -0.701222
-0.523773 0.288540 -0.717771
-0.558769 0.316676 -0.664640
-0.570491 0.358654 -0.593105
-0.611591 0.390429 -0.558528
-0.645332 0.430014 -0.572870
-0.618993 0.443346 -0.647489
-0.579290 0.420159 -0.669329
-0.538447 0.445145 -0.644105
-0.513034 0.386646 -0.650523
-0.472733 0.343134 -0.663963
-0.446351 0.289890 -0.656591
-0.406449 0.326715 -0.678305
-0.396309 0.372599 -0.616774
-0.366361 0.348348 -0.566100
-0.327087 0.325120 -0.544938
-0.277987 0.302199 -0.545690
-0.244502 0.250877 -0.534307
-0.223197 0.230205 -0.597442
-0.266949 0.230123 -0.637059
-0.304327 0.222087 -0.587714
-0.342959 0.225277 -0.552235
-0.333447 0.212784 -0.480599
-0.305225 0.163179 -0.491306
-0.336100 0.116886 -0.485539
-0.364964 0.143018 -0.413703
-0.405094 0.174772 -0.462722
-0.436368 0.219613 -0.490278
-0.461724 0.262409 -0.523626
-0.490559 0.319416 -0.491456
-0.487978 0.380614 -0.504319
-0.441188 0.379592 -0.501912
-0.428981 0.323812 -0.448530
-0.417972 0.275638 -0.397305
-0.427812 0.213929 -0.369949
-0.410428 0.164630 -0.327374
-0.401272 0.112061 -0.285752
-0.386198 0.082862 -0.225349
-0.345640 0.120117 -0.211684
-0.354140 0.188186 -0.242349
-0.334816 0.257358 -0.258572
-0.337997 0.312729 -0.306638
-0.343202 0.331950 -0.381809
-0.325761 0.265087 -0.402921
-0.310616 0.218038 -0.356685
-0.269744 0.225952 -0.308042
-0.286387 0.199636 -0.232445
-0.291506 0.163138 -0.166451
-0.306965 0.129482 -0.098351
-0.267962 0.098811 -0.074557
-0.234163 0.073845 -0.026039
-0.204429 0.033544 -0.054247
-0.171715 0.081554 -0.059863
-0.172143 0.086665 0.027995
-0.151621 0.034096 0.058735
-0.121831 -0.000501 0.107904
-0.103976 -0.045117 0.156823
-0.141881 -0.028452 0.210255
-0.179872 0.004918 0.186084
-0.178132 0.066913 0.162164
-0.169690 0.129932 0.137115
-0.127963 0.149622 0.139573
-0.118921 0.138458 0.215119
-0.137774 0.194483 0.238187
-0.122073 0.243434 0.178086
-0.166995 0.244661 0.130546
-0.196657 0.239835 0.058585
-0.225478 0.230429 -0.004526
-0.226990 0.241246 -0.093638
-0.227033 0.196957 -0.147596
-0.192365 0.162913 -0.113396
-0.166738 0.207508 -0.056303
-0.139528 0.244272 -0.004827
-0.135778 0.292855 0.054899
-0.107071 0.316880 0.108807
-0.093109 0.358879 0.163668
-0.045692 0.344259 0.130120
-0.014304 0.346201 0.071222
0.024700 0.329966 0.121469
0.013291 0.257951 0.137266
-0.003309 0.233517 0.058309
-0.006745 0.189842 -0.012499
-0.049499 0.163342 -0.020322
-0.092781 0.149070 -0.028220
-0.090941 0.143365 0.060365
-0.057600 0.165264 0.106851
-0.014261 0.146146 0.119188
0.030647 0.140850 0.138219
0.076153 0.146739 0.133154
0.112975 0.118686 0.156221
0.140769 0.151156 0.107904
0.132583 0.211127 0.144612
0.139528 0.196671 0.228108
0.180272 0.187736 0.253833
0.186090 0.250406 0.269128
0.150210 0.274902 0.304657
0.151236 0.240489 0.370050
0.189612 0.265844 0.393368
0.177947 0.326858 0.395324
0.143550 0.325079 0.444869
0.167437 0.294777 0.505197
0.200779 0.326838 0.532527
0.178589 0.366403 0.581145
0.161148 0.316901 0.625249
0.197713 0.286843 0.646562
0.219047 0.332768 0.682267
0.186004 0.342235 0.734696
0.179387 0.283429 0.765235
0.224851 0.268216 0.782110
0.246385 0.334996 0.799110
0.241493 0.396542 0.774914
0.251319 0.406071 0.689413
0.239098 0.451055 0.631793
0.202319 0.486244 0.615922
0.175893 0.466390 0.680135
0.186118 0.494484 0.747082
0.143821 0.498901 0.786498
0.104746 0.510208 0.746982
0.111092 0.468107 0.686730
0.099099 0.415476 0.726321
0.054034 0.422817 0.716191
0.054505 0.400632 0.636507
0.056131 0.334260 0.645484
0.029762 0.279809 0.633749
0.063332 0.236502 0.670056
0.096689 0.188533 0.700972
0.130487 0.162259 0.742544
0.163743 0.107971 0.754253
0.197770 0.073743 0.782135
0.234891 0.026551 0.756961
0.268318 -0.015877 0.739610
0.243661 -0.025835 0.658572
0.231111 -0.041252 0.574450
0.218177 -0.063826 0.506751
0.222969 -0.070083 0.430026
0.211774 -0.061781 0.356008
0.180058 -0.110507 0.362051
0.150709 -0.078262 0.424284
0.145646 -0.009068 0.388203
0.138887 0.044442 0.348135
0.176621 0.073763 0.401592
0.222969 0.102553 0.411120
0.249993 0.150133 0.450812
0.290123 0.197959 0.449332
0.318046 0.247626 0.495242
0.335515 0.300481 0.530370
0.350903 0.345281 0.582950
0.364992 0.405048 0.609804
0.378269 0.387014 0.685827
0.405265 0.324282 0.662609
0.409158 0.284737 0.599298
0.373863 0.238159 0.595336
0.340221 0.192664 0.585006
0.292733 0.174997 0.566050
0.250492 0.132181 0.568182
0.205271 0.107767 0.529292
0.155828 0.085336 0.525331
0.111976 0.056833 0.505472
0.064231 0.036938 0.520441
0.036451 0.039780 0.440782
0.023117 0.072782 0.372156
0.044180 0.131588 0.364082
0.023830 0.174915 0.424710
0.015502 0.221330 0.479997
-0.008072 0.211209 0.555645
-0.018582 0.196140 0.631342
0.001726 0.133224 0.619006
0.046547 0.137681 0.611208
0.092282 0.113635 0.618379
0.138901 0.119360 0.636482
0.182254 0.096439 0.638889
0.225350 0.106806 0.680311
0.265780 0.107113 0.707892
0.290579 0.116539 0.774011
0.327843 0.126905 0.719752
0.363951 0.149336 0.681339
0.398762 0.156901 0.628383
0.442842 0.173075 0.639516
0.485867 0.176551 0.640970
0.524172 0.174854 0.677578
0.555304 0.208019 0.710675
0.597459 0.217466 0.696985
0.641710 0.198491 0.698941
0.674810 0.227649 0.733793
0.693391 0.169354 0.756685
0.710162 0.154734 0.683019
0.743290 0.194115 0.668251
0.772739 0.163485 0.712054
0.768290 0.106090 0.677127
0.781795 0.125311 0.606695
0.820784 0.150236 0.626779
0.834517 0.088199 0.650950
0.823964 0.050147 0.588240
0.846111 0.071596 0.526634
0.886840 0.057937 0.553137
0.878868 -0.003466 0.567730
0.867559 -0.018597 0.493863
0.905436 0.000378 0.461970
0.929851 -0.040414 0.503266
0.909173 -0.092513 0.479621
0.917358 -0.083496 0.403272
0.961710 -0.084355 0.411195
0.960041 -0.145042 0.437748
0.938022 -0.174691 0.381508
0.966202 -0.160582 0.325067
1.000000 -0.195342 0.361274
0.973232 -0.258238 0.380129
0.938165 -0.270874 0.312932
0.927127 -0.322789 0.251426
0.875531 -0.343727 0.250599
0.830909 -0.327615 0.242525
0.790708 -0.346856 0.205040
0.749964 -0.361803 0.246938
0.711061 -0.358715 0.306388
0.675879 -0.305941 0.288986
0.632883 -0.336510 0.291444
0.593565 -0.311135 0.348135
0.554391 -0.266826 0.350743
0.517227 -0.221535 0.362653
0.491201 -0.153834 0.365988
0.472291 -0.095090 0.349665
0.438693 -0.054747 0.296734
0.403839 -0.009089 0.284724
0.385143 0.040475 0.222742
0.359060 0.085418 0.190848
0.352243 0.126128 0.120542
0.339594 0.171296 0.068263
0.353627 0.183973 -0.006431
0.367288 0.223253 -0.058259
0.389193 0.237954 -0.124704
0.421280 0.279830 -0.145891
0.416916 0.292221 -0.227380
0.380237 0.343543 -0.232546
0.393543 0.407379 -0.191826
0.427484 0.444205 -0.228935
0.423234 0.505812 -0.256090
0.451228 0.547483 -0.286178
0.455335 0.597313 -0.333793
0.469938 0.559527 -0.396377
0.427127 0.522538 -0.406281
0.399404 0.540879 -0.459738
0.412724 0.486939 -0.494139
0.383161 0.429196 -0.504068
0.361270 0.393332 -0.433787
0.319258 0.420813 -0.393192
0.276047 0.388507 -0.421225
0.260346 0.330559 -0.386999
0.217321 0.318720 -0.389131
0.182753 0.281793 -0.395148
0.145732 0.249670 -0.445270
0.106671 0.220676 -0.482304
0.077907 0.196549 -0.535586
0.059867 0.205054 -0.602984
0.006118 0.206118 -0.612737
-0.038818 0.189678 -0.610907
-0.058270 0.211270 -0.532201
-0.076281 0.230286 -0.461593
-0.048487 0.273675 -0.423231
-0.025028 0.335671 -0.400013
0.009783 0.369470 -0.355557
0.029206 0.431262 -0.345703
0.068067 0.467003 -0.313107
0.091655 0.519553 -0.279258
0.137845 0.550019 -0.259851
0.175480 0.572552 -0.202156
0.214184 0.610849 -0.172820
0.238242 0.647143 -0.107804
0.282836 0.652153 -0.092584
0.324064 0.642011 -0.124403
0.345141 0.703741 -0.080875
0.332806 0.717195 0.006131
0.327073 0.737090 0.078017
0.310573 0.759766 0.143760
0.323893 0.833458 0.127838
0.322752 0.867891 0.054473
0.293203 0.916003 0.042763
0.326189 0.961293 0.017539
0.338096 0.935346 -0.061418
0.309247 0.948964 -0.120391
0.334118 1.000000 -0.157274
0.365363 0.961130 -0.209428
0.344314 0.938761 -0.274068
0.337369 0.941276 -0.351320
0.309946 0.939742 -0.414831
0.348493 0.923200 -0.463424
0.358561 0.863311 -0.454322
0.368900 0.803605 -0.477540
0.349106 0.738746 -0.472826
0.331037 0.680820 -0.468790
0.300091 0.633157 -0.497674
0.277474 0.577234 -0.498376
0.254685 0.525769 -0.549151
0.216380 0.482973 -0.562089
0.195231 0.435024 -0.620761
0.165897 0.399650 -0.665342
0.153133 0.373233 -0.732765
0.138473 0.343523 -0.800188
0.179245 0.298151 -0.794923
0.210062 0.252615 -0.790159
0.248795 0.216546 -0.782260
0.288954 0.198900 -0.818116
0.331137 0.193809 -0.832082
0.335544 0.252512 -0.860565
0.331137 0.287252 -0.795173
0.369057 0.261918 -0.762201
0.396652 0.286046 -0.822704
0.416317 0.339249 -0.850260
0.422164 0.316430 -0.928064
0.382490 0.322994 -0.964897
0.347166 0.344095 -1.000000
0.321468 0.344095 -0.935962
0.344500 0.386094 -0.895869
0.341776 0.431773 -0.949602
0.297196 0.435188 -0.954115
0.289353 0.447599 -0.879722
0.313197 0.499944 -0.876437
0.288126 0.530369 -0.927011
0.248738 0.524255 -0.894189
0.259876 0.551839 -0.826917
0.276005 0.606514 -0.852868
0.240082 0.626614 -0.890353
0.209335 0.623199 -0.833611
0.230242 0.657060 -0.778725
0.236345 0.709589 -0.816561
0.192707 0.723329 -0.831530
0.184336 0.729095 -0.756435
0.216851 0.769908 -0.729806
0.207282 0.822968 -0.770701
0.182282 0.847403 -0.711076
0.224223 0.864496 -0.668225
0.258763 0.898991 -0.644531
0.298580 0.861205 -0.647414
0.305368 0.808921 -0.687833
0.328855 0.753652 -0.716091
0.338966 0.694662 -0.728828
0.349291 0.634875 -0.717921
0.371139 0.576478 -0.675371
0.370968 0.511864 -0.668802
0.349077 0.466778 -0.707090
0.325518 0.408054 -0.684298
0.313482 0.339679 -0.670582
0.280868 0.288622 -0.637385
0.257936 0.247503 -0.592704
0.231126 0.214706 -0.541353
0.222797 0.175754 -0.481377
0.196372 0.114985 -0.471247
0.169904 0.066341 -0.444318
0.153404 0.044667 -0.527061
0.138216 0.047264 -0.601630
0.150210 0.114698 -0.641497
0.161005 0.172543 -0.674293
0.189655 0.222353 -0.681264
0.201577 0.285637 -0.681891
0.222626 0.339740 -0.681740
0.251761 0.382434 -0.647765
0.266735 0.443428 -0.628283
0.305967 0.485201 -0.614518
0.314509 0.558770 -0.599875
0.327971 0.627677 -0.605466
0.319771 0.694580 -0.585156
0.328000 0.758887 -0.586235
0.311086 0.812356 -0.527211
0.294415 0.846646 -0.470018
0.269545 0.853905 -0.408086
0.233978 0.876356 -0.451564
0.218804 0.818286 -0.482079
0.195659 0.781501 -0.433962
0.154288 0.796775 -0.459663
0.162460 0.777351 -0.533931
0.172742 0.717379 -0.521670
0.134965 0.699713 -0.491732
0.105887 0.719117 -0.545841
0.124882 0.684255 -0.603360
0.122914 0.626614 -0.573046
0.080203 0.623056 -0.562289
0.067796 0.630785 -0.635880
0.089287 0.579586 -0.666671
0.069051 0.535808 -0.622942
0.028251 0.549855 -0.646110
0.040857 0.541145 -0.724767
0.075725 0.504831 -0.751094
0.106529 0.564230 -0.772381
0.141297 0.593939 -0.819495
0.123941 0.591895 -0.888372
0.137318 0.526750 -0.903918
0.141667 0.498287 -0.833887
0.127093 0.450911 -0.786097
0.106429 0.438296 -0.707441
0.089244 0.417889 -0.639942
0.068466 0.417153 -0.572319
0.091327 0.423737 -0.495694
0.137275 0.457230 -0.518786
0.173241 0.494934 -0.470745
0.212030 0.539857 -0.456203
0.233222 0.592754 -0.410268
0.275434 0.626880 -0.390309
0.305425 0.661783 -0.329380
0.322994 0.680717 -0.261606
0.278115 0.677855 -0.220109
0.250036 0.631296 -0.276023
0.210490 0.588276 -0.298013
0.176863 0.555315 -0.356234
0.134252 0.511047 -0.374036
0.116197 0.444062 -0.393443
0.085565 0.386196 -0.382285
0.066056 0.321460 -0.389231
0.032044 0.279237 -0.371679
0.013206 0.209267 -0.374086
0.004478 0.148845 -0.366915
0.037506 0.130525 -0.312606
0.054648 0.188022 -0.263512
0.077365 0.214562 -0.194283
0.120975 0.238261 -0.236783
0.155643 0.293141 -0.246838
0.190782 0.331602 -0.257945
0.218476 0.385501 -0.248066
0.253244 0.419750 -0.273215
0.288454 0.464284 -0.244957
0.320969 0.505096 -0.233122
0.360144 0.525421 -0.192879
0.386013 0.572817 -0.160910
0.434457 0.580853 -0.138394
0.469952 0.609152 -0.100608
0.500014 0.623772 -0.049107
0.468712 0.662028 -0.006105
0.442315 0.622811 0.032583
0.431320 0.582387 0.088523
0.418114 0.526402 0.119238
0.372850 0.559506 0.103993
0.329397 0.561019 0.052768
0.286900 0.580751 0.019871
0.245344 0.560590 -0.023005
0.203545 0.566499 -0.069191
0.161133 0.540225 -0.089851
0.119948 0.544253 -0.144111
0.076438 0.543660 -0.164772
0.040273 0.572245 -0.206519
0.014689 0.522231 -0.262208
-0.018967 0.497715 -0.319376
-0.032529 0.498880 -0.395850
-0.043752 0.426211 -0.382912
-0.077636 0.392698 -0.328879
-0.073800 0.370861 -0.243703
-0.042825 0.396972 -0.198420
-0.018753 0.419055 -0.125281
0.007729 0.443632 -0.068338
0.030960 0.429053 -0.002369
0.071076 0.464856 -0.022278
0.090457 0.521045 -0.040858
0.131471 0.508348 0.011120
0.182910 0.503318 0.018893
0.224252 0.488800 0.052517
0.274293 0.486571 0.044443
0.318217 0.466472 0.060992
0.365306 0.472585 0.050862
0.410798 0.445186 0.053470
0.461082 0.446188 0.057030
0.501326 0.414618 0.045622
0.546448 0.390613 0.043691
0.584139 0.365258 0.008161
0.623399 0.315796 -0.002520
0.641582 0.315980 -0.085639
0.676350 0.311134 -0.150705
0.685776 0.315653 -0.237811
0.725079 0.302628 -0.298264
0.765808 0.298948 -0.324014
0.809874 0.305021 -0.328778
0.808805 0.344811 -0.406055
0.809019 0.381943 -0.474381
0.839993 0.329169 -0.511039
0.852942 0.282508 -0.576832
0.876601 0.229489 -0.620611
0.876045 0.186591 -0.694478
0.872351 0.143611 -0.753852
0.858874 0.106029 -0.809641
0.871937 0.052416 -0.768996
0.836528 0.046793 -0.718072
0.791806 0.060370 -0.730759
0.792661 0.093740 -0.648593
0.780540 0.131158 -0.587814
0.787057 0.149152 -0.504820
0.762400 0.179966 -0.435391
0.757237 0.203480 -0.360547
0.730413 0.206588 -0.286504
0.720815 0.234028 -0.208024
0.712558 0.232147 -0.123500
0.703189 0.264024 -0.051865
0.692108 0.249588 0.027217
0.662973 0.249302 0.097549
0.629660 0.193359 0.074306
0.607855 0.138499 0.043214
0.584995 0.144388 -0.028220
0.571276 0.168720 -0.098527
0.580018 0.191110 -0.184755
0.573928 0.232188 -0.260453
0.581971 0.241900 -0.350191
