1.000000 -0.610367 -1.000000
0.962389 -0.590042 -0.939731
0.932453 -0.565294 -0.885874
0.884289 -0.540629 -0.852088
0.855277 -0.487375 -0.802845
0.817365 -0.472810 -0.757951
0.781886 -0.390718 -0.718581
0.746584 -0.363841 -0.666788
0.713024 -0.249697 -0.673748
0.657043 -0.283961 -0.677733
0.643914 -0.326698 -0.618738
0.653703 -0.219106 -0.583880
0.614049 -0.143358 -0.609614
0.570345 -0.218313 -0.593611
0.579921 -0.213806 -0.531076
0.576599 -0.084220 -0.525957
0.525201 -0.077167 -0.547969
0.503829 -0.156045 -0.503338
0.518948 -0.082467 -0.454520
0.492103 0.026668 -0.472971
0.441452 -0.037853 -0.472040
0.445414 -0.076917 -0.406551
0.453746 0.043446 -0.373614
0.395900 0.096490 -0.388626
0.366159 0.019240 -0.339807
0.338693 0.070907 -0.296411
0.295148 0.074538 -0.266570
0.262725 0.144902 -0.232641
0.251923 0.161053 -0.171421
0.199584 0.183548 -0.130978
0.141134 0.199992 -0.108865
0.087995 0.159426 -0.081310
0.026489 0.195234 -0.071984
-0.029065 0.215767 -0.060492
-0.026276 0.367889 -0.076070
-0.050047 0.490881 -0.083151
-0.066872 0.610701 -0.065388
-0.078775 0.733817 -0.077163
-0.023647 0.757523 -0.094966
0.006822 0.651350 -0.119143
0.028124 0.561162 -0.074492
0.045055 0.458704 -0.037995
0.023807 0.345895 0.004593
0.045499 0.231918 0.019888
0.079699 0.136347 0.016205
0.097838 0.011769 -0.010601
0.154174 0.041192 -0.046633
0.209675 0.028839 -0.072368
0.229325 -0.005175 -0.128591
0.196475 0.034431 -0.185381
0.166788 0.053253 -0.235433
0.121200 0.063061 -0.267399
0.110789 -0.062560 -0.273388
0.103487 -0.086516 -0.212572
0.063638 -0.002128 -0.201485
0.029723 -0.035975 -0.255786
0.008332 -0.157840 -0.252509
-0.043225 -0.114895 -0.229688
-0.094320 -0.058804 -0.217751
-0.088422 0.047953 -0.181152
-0.097234 0.175285 -0.179676
-0.055786 0.217687 -0.137189
-0.006733 0.205459 -0.160901
0.053476 0.259296 -0.157219
0.108426 0.329035 -0.172675
0.171016 0.351363 -0.170308
0.226980 0.364008 -0.180141
0.246984 0.369893 -0.121368
0.284986 0.340094 -0.075645
0.284169 0.361588 -0.005584
0.283440 0.365594 0.055636
0.256969 0.390843 0.108117
0.261197 0.519260 0.104313
0.229129 0.528066 0.052096
0.185442 0.473311 0.074897
0.179455 0.555653 0.121308
0.174072 0.661992 0.088573
0.128911 0.624515 0.057680
0.094516 0.597513 0.104880
0.101320 0.711615 0.141114
0.111322 0.818205 0.097860
0.079876 0.776220 0.040220
0.046210 0.670757 0.030367
0.092934 0.605400 -0.010702
0.112584 0.593590 -0.069111
0.126601 0.624515 -0.128672
0.110505 0.565043 -0.180424
0.062430 0.500438 -0.191895
0.040507 0.389717 -0.224043
0.003074 0.308793 -0.245913
-0.017357 0.201035 -0.273792
-0.067351 0.284337 -0.292122
-0.095795 0.352030 -0.340799
-0.136603 0.239973 -0.347212
-0.159646 0.117316 -0.357429
-0.117381 0.038229 -0.364692
-0.115639 -0.038730 -0.313931
-0.160232 -0.042486 -0.271870
-0.180219 -0.078127 -0.210771
-0.227601 -0.085723 -0.169196
-0.264448 -0.186595 -0.164623
-0.318262 -0.186470 -0.150380
-0.345870 -0.076666 -0.169661
-0.305577 -0.016402 -0.217690
-0.280988 0.093444 -0.258174
-0.260593 0.183298 -0.296795
-0.251213 0.332457 -0.302339
-0.250360 0.460999 -0.309440
-0.249507 0.591670 -0.293316
-0.233411 0.717332 -0.298899
-0.175422 0.668712 -0.303128
-0.159291 0.550770 -0.318261
-0.171585 0.444264 -0.273489
-0.184838 0.336797 -0.242636
-0.233962 0.256584 -0.214878
-0.269938 0.195067 -0.177592
-0.328548 0.156546 -0.179150
-0.378755 0.108384 -0.178725
-0.402153 -0.020533 -0.205673
-0.443886 -0.097700 -0.203528
-0.488265 -0.165143 -0.217286
-0.544620 -0.148199 -0.249231
-0.569137 -0.247694 -0.280327
-0.595253 -0.312424 -0.227826
-0.637092 -0.231919 -0.211075
-0.692895 -0.217311 -0.196933
-0.690923 -0.103668 -0.163794
-0.704781 0.035099 -0.166040
-0.708458 0.075372 -0.103787
-0.694832 0.070239 -0.043437
-0.661432 0.050791 0.018046
-0.633681 0.004841 0.072246
-0.590882 -0.004716 0.115218
-0.561657 -0.010392 0.168164
-0.568817 0.124703 0.176418
-0.617638 0.180836 0.155883
-0.620481 0.205167 0.088674
-0.631567 0.241601 0.028142
-0.632722 0.208798 -0.037954
-0.648978 0.198406 -0.096524
-0.612433 0.068653 -0.096767
-0.570309 -0.010475 -0.105608
-0.535150 0.074079 -0.129987
-0.529785 0.139184 -0.076212
-0.508714 0.041401 -0.044368
-0.464512 0.019866 -0.079166
-0.444188 0.138892 -0.067431
-0.439427 0.124536 -0.005827
-0.407003 0.023204 -0.006150
-0.364809 0.082259 -0.036619
-0.356885 0.186845 0.005543
-0.376499 0.143108 0.072773
-0.403077 0.006719 0.076455
-0.401851 -0.122783 0.077466
-0.456020 -0.132382 0.105891
-0.495443 -0.104169 0.062920
-0.557091 -0.140520 0.057639
-0.608400 -0.189015 0.062131
-0.661041 -0.206419 0.092377
-0.698829 -0.136096 0.040483
-0.739816 -0.070156 0.008517
-0.736280 0.070114 0.017844
-0.733544 0.135053 0.073420
-0.736102 0.168482 0.132091
-0.762734 0.162472 0.196225
-0.788228 0.158591 0.256474
-0.816103 0.030466 0.242899
-0.847016 -0.075039 0.225763
-0.877432 -0.030299 0.179473
-0.856308 -0.086516 0.128449
-0.817791 -0.191561 0.136522
-0.788370 -0.286716 0.100834
-0.750671 -0.382204 0.105204
-0.720237 -0.485414 0.086105
-0.733988 -0.599474 0.111030
-0.720291 -0.584909 0.178441
-0.730364 -0.462877 0.198207
-0.741965 -0.350069 0.241017
-0.755272 -0.243229 0.275188
-0.730559 -0.121406 0.307295
-0.709844 -0.018697 0.351825
-0.688827 0.090898 0.384377
-0.690319 0.213055 0.409201
-0.714339 0.256208 0.348588
-0.733651 0.182547 0.305272
-0.711905 0.079003 0.267622
-0.708743 -0.026084 0.225904
-0.693339 -0.171362 0.221008
-0.668272 -0.292183 0.203791
-0.660330 -0.420809 0.239985
-0.646917 -0.527607 0.278547
-0.658198 -0.608906 0.325423
-0.656688 -0.697550 0.369730
-0.677261 -0.826134 0.385065
-0.630696 -0.864446 0.425164
-0.619717 -0.913860 0.489217
-0.606339 -0.960895 0.544003
-0.605842 -0.991945 0.602998
-0.589141 -0.978089 0.661649
-0.560520 -1.000000 0.716942
-0.598557 -0.900755 0.754147
-0.622062 -0.801219 0.788339
-0.591327 -0.699971 0.764607
-0.622293 -0.682108 0.708809
-0.664292 -0.608697 0.722688
-0.709649 -0.510246 0.704945
-0.739887 -0.393932 0.694566
-0.773944 -0.308418 0.664259
-0.815304 -0.227703 0.650542
-0.851209 -0.335086 0.649349
-0.842308 -0.441467 0.688577
-0.801180 -0.532073 0.670470
-0.766607 -0.637661 0.666707
-0.711621 -0.678770 0.650603
-0.664612 -0.751680 0.645140
-0.637181 -0.635950 0.605284
-0.619841 -0.569801 0.556183
-0.647503 -0.639038 0.515133
-0.698563 -0.607529 0.533341
-0.692824 -0.481532 0.523327
-0.678878 -0.488919 0.462167
-0.723364 -0.548600 0.443574
-0.758470 -0.457535 0.461237
-0.736849 -0.361212 0.429372
-0.743156 -0.413797 0.372279
-0.798248 -0.435541 0.375658
-0.810578 -0.306331 0.384276
-0.776378 -0.195860 0.371672
-0.758861 -0.165060 0.442361
-0.753531 -0.151997 0.503621
-0.749409 -0.189141 0.566015
-0.711319 -0.215976 0.613438
-0.699344 -0.214098 0.676762
-0.705101 -0.226243 0.740633
-0.673228 -0.356287 0.761228
-0.658003 -0.466925 0.791758
-0.700304 -0.568424 0.784899
-0.755539 -0.561830 0.796188
-0.804822 -0.523643 0.811746
-0.844422 -0.447227 0.850793
-0.882691 -0.379074 0.887513
-0.880363 -0.255665 0.903476
-0.887665 -0.126831 0.934207
-0.823849 -0.093318 0.935482
-0.771972 -0.092692 0.957251
-0.774690 -0.188389 1.000000
-0.768330 -0.286048 0.955248
-0.714908 -0.245274 0.929493
-0.660277 -0.275281 0.910779
-0.610674 -0.225825 0.891681
-0.557997 -0.226284 0.857995
-0.518024 -0.132966 0.852958
-0.547746 -0.023371 0.870863
-0.603159 -0.013480 0.865461
-0.661254 0.030341 0.862204
-0.716027 0.058804 0.861455
-0.766305 0.079629 0.822853
-0.822570 0.109845 0.810411
-0.875069 0.091899 0.781339
-0.928474 0.132340 0.774662
-0.943610 0.067735 0.722141
-0.927159 -0.062017 0.748665
-0.898662 -0.104587 0.800295
-0.833923 -0.091065 0.796492
-0.773411 -0.108051 0.793396
-0.712331 -0.061684 0.787631
-0.654911 -0.052544 0.777980
-0.610550 0.053211 0.780732
-0.565992 0.126748 0.794368
-0.553876 0.248320 0.809966
-0.502141 0.300447 0.776604
-0.509301 0.414590 0.747269
-0.493649 0.536914 0.722849
-0.499174 0.659655 0.700089
-0.486738 0.768248 0.669317
-0.488212 0.895831 0.648620
-0.515945 0.910480 0.594562
-0.545206 0.978089 0.550740
-0.565299 0.870456 0.517824
-0.614067 0.841492 0.544610
-0.669586 0.815241 0.546714
-0.719616 0.793957 0.567351
-0.767033 0.719962 0.600004
-0.809263 0.630984 0.614186
-0.834260 0.538250 0.654123
-0.873239 0.472184 0.687970
-0.885640 0.591211 0.721292
-0.873203 0.711573 0.698228
-0.816423 0.751638 0.694303
-0.766127 0.813029 0.686716
-0.708423 0.804933 0.665271
-0.659264 0.819916 0.638929
-0.659815 0.665790 0.629886
-0.647627 0.544176 0.639961
-0.619948 0.568257 0.692522
-0.660899 0.615208 0.726491
-0.689076 0.505363 0.723396
-0.652371 0.429239 0.752347
-0.651412 0.494929 0.805637
-0.705385 0.478486 0.818119
-0.704177 0.352322 0.820122
-0.665482 0.344101 0.865886
-0.695507 0.413714 0.909828
-0.745732 0.341054 0.905964
-0.760939 0.234256 0.871490
-0.777551 0.269980 0.806405
-0.789365 0.278244 0.745772
-0.770817 0.338884 0.685300
-0.786079 0.394391 0.621126
-0.801499 0.449564 0.568504
-0.837902 0.522850 0.530914
-0.797218 0.638538 0.511714
-0.778030 0.756813 0.498017
-0.784568 0.853804 0.545683
-0.832324 0.884354 0.577122
-0.884929 0.886524 0.594784
-0.894754 1.000000 0.557538
-0.897330 0.942782 0.502367
-0.922522 0.897876 0.455673
-0.928971 0.809607 0.412560
-0.928367 0.790827 0.349134
-0.916499 0.654647 0.342539
-0.972498 0.604566 0.313891
-0.975767 0.653103 0.242777
-0.926146 0.610909 0.205066
-0.947963 0.492050 0.166646
-0.981488 0.565627 0.114530
-0.944676 0.637912 0.060917
-0.912449 0.592296 0.004309
-0.920355 0.576103 -0.059926
-0.950575 0.569175 -0.112972
-0.913675 0.637244 -0.163915
-0.885284 0.592546 -0.222000
-0.903264 0.536914 -0.287185
-0.920301 0.533075 -0.345412
-0.953417 0.496891 -0.398074
-0.965001 0.478945 -0.459760
-1.000000 0.463211 -0.506656
-0.966511 0.421602 -0.566501
-0.980351 0.329953 -0.624626
-0.981044 0.243688 -0.673808
-0.975003 0.152873 -0.721008
-0.934941 0.080172 -0.754026
-0.901984 -0.055632 -0.759226
