1.000000 -1.000000 0.335718
0.975491 -0.953649 0.279596
0.965025 -0.876624 0.227361
0.921597 -0.860946 0.211170
0.917321 -0.763586 0.228425
0.931029 -0.717608 0.160123
0.901126 -0.738377 0.104818
0.866138 -0.692554 0.134277
0.880753 -0.601093 0.128484
0.885099 -0.595225 0.051938
0.843990 -0.614287 0.034461
0.826803 -0.539964 0.073328
0.848531 -0.469086 0.037926
0.833413 -0.487589 -0.032505
0.791703 -0.474985 -0.013170
0.795895 -0.384611 0.011833
0.810930 -0.351795 -0.054835
0.776696 -0.377998 -0.097960
0.748959 -0.323916 -0.057459
0.768996 -0.238851 -0.065827
0.766635 -0.242235 -0.144205
0.722997 -0.240744 -0.150369
0.716108 -0.151736 -0.116824
0.739457 -0.086447 -0.165346
0.711623 -0.091259 -0.235307
0.686080 -0.017712 -0.226816
0.670081 0.057636 -0.249344
0.644189 0.126744 -0.235604
0.607831 0.164496 -0.254592
0.580513 0.234039 -0.259469
0.550038 0.299048 -0.218894
0.534975 0.371540 -0.180076
0.530922 0.472874 -0.160692
0.514378 0.551854 -0.124424
0.506190 0.639683 -0.103159
0.544574 0.670294 -0.046467
0.568440 0.624657 0.010942
0.589777 0.555580 0.044512
0.562935 0.537263 0.109744
0.519632 0.578988 0.081373
0.486069 0.528135 0.060009
0.448439 0.485168 0.064688
0.422994 0.414383 0.084740
0.400442 0.417612 0.019458
0.432468 0.391192 -0.026811
0.442305 0.309666 0.007427
0.403767 0.270176 -0.004060
0.406366 0.273560 -0.081572
0.440922 0.220441 -0.089469
0.424475 0.144503 -0.053671
0.390968 0.132488 -0.102664
0.418257 0.117648 -0.166906
0.439860 0.035408 -0.167277
0.418537 -0.008212 -0.224687
0.438965 0.052483 -0.281329
0.480577 0.033918 -0.296009
0.469399 -0.039909 -0.349780
0.450507 0.024449 -0.407214
0.431280 0.052669 -0.484082
0.414135 0.122584 -0.540872
0.390227 0.135623 -0.616775
0.379160 0.206035 -0.683171
0.358522 0.239813 -0.755261
0.355252 0.332205 -0.805590
0.344116 0.337328 -0.889736
0.362630 0.347294 -0.973362
0.402943 0.339874 -1.000000
0.427507 0.408547 -0.964203
0.400106 0.408609 -0.896816
0.417475 0.339377 -0.848369
0.418118 0.307617 -0.765757
0.437414 0.278030 -0.693593
0.433390 0.250244 -0.614126
0.456278 0.239285 -0.539907
0.450102 0.198957 -0.458360
0.463893 0.205508 -0.372852
0.469343 0.201689 -0.296603
0.511374 0.216777 -0.283309
0.530992 0.207277 -0.366886
0.542031 0.194145 -0.440833
0.530895 0.207184 -0.522800
0.573666 0.207743 -0.558078
0.614747 0.199050 -0.591400
0.629601 0.300725 -0.584171
0.611142 0.332454 -0.508788
0.613909 0.358253 -0.435609
0.572912 0.377656 -0.404639
0.535100 0.341550 -0.437738
0.489059 0.327269 -0.437243
0.485733 0.373682 -0.519285
0.479823 0.360767 -0.605833
0.486474 0.377315 -0.688444
0.482687 0.341147 -0.769025
0.486865 0.330591 -0.844581
0.483945 0.271262 -0.906447
0.511668 0.320439 -0.956404
0.549395 0.337390 -0.899787
0.553615 0.333820 -0.820988
0.543736 0.399854 -0.770065
0.547383 0.434501 -0.695450
0.523321 0.473091 -0.624697
0.511388 0.510719 -0.556791
0.479683 0.525403 -0.500347
0.505729 0.477996 -0.429990
0.526465 0.462722 -0.353889
0.541193 0.441704 -0.281304
0.550429 0.531705 -0.251622
0.502012 0.552568 -0.258776
0.469650 0.525869 -0.204931
0.421234 0.517704 -0.189929
0.384750 0.484888 -0.132841
0.335075 0.461045 -0.126405
0.288307 0.449589 -0.097440
0.245033 0.409820 -0.087463
0.218274 0.333354 -0.096821
0.232443 0.307493 -0.181339
0.278959 0.355614 -0.186711
0.319859 0.388491 -0.226420
0.357320 0.447913 -0.240630
0.394880 0.456730 -0.292989
0.435598 0.512612 -0.307249
0.466478 0.552568 -0.363222
0.504024 0.612735 -0.378051
0.534234 0.625681 -0.433703
0.532194 0.631518 -0.510001
0.534011 0.681719 -0.572981
0.522790 0.752814 -0.622642
0.506511 0.802797 -0.680274
0.508398 0.853029 -0.747784
0.464355 0.908850 -0.755038
0.445547 0.899505 -0.671486
0.449878 0.933034 -0.599916
0.490051 0.970538 -0.599693
0.511458 0.892085 -0.574343
0.500852 0.823163 -0.525375
0.491001 0.737415 -0.495098
0.468407 0.659397 -0.480121
0.428821 0.600317 -0.454127
0.406660 0.525279 -0.413626
0.364573 0.477375 -0.399985
0.342719 0.403766 -0.354310
0.304935 0.349405 -0.341759
0.285429 0.285637 -0.287543
0.250007 0.222117 -0.276056
0.222648 0.152823 -0.254840
0.226756 0.042393 -0.254444
0.221488 -0.049844 -0.230232
0.237096 -0.096351 -0.297990
0.282117 -0.047826 -0.295960
0.321829 -0.009764 -0.298039
0.320585 0.013707 -0.387186
0.298410 0.080424 -0.450859
0.298270 0.156548 -0.499084
0.326803 0.207898 -0.539857
0.320390 0.314975 -0.566866
0.309980 0.398861 -0.599198
0.287567 0.487465 -0.600510
0.323058 0.571506 -0.601500
0.338750 0.667655 -0.622122
0.350390 0.760265 -0.614373
0.349398 0.842194 -0.672229
0.329193 0.926546 -0.645418
0.368192 0.963614 -0.606625
0.405332 1.000000 -0.574442
0.395132 0.937288 -0.500842
0.385434 0.843747 -0.480220
0.395034 0.755390 -0.508046
0.378196 0.647910 -0.523716
0.364740 0.551482 -0.506040
0.332895 0.475357 -0.504753
0.319202 0.386194 -0.462272
0.302672 0.287841 -0.447789
0.289565 0.209140 -0.386196
0.286854 0.123547 -0.337253
0.281069 0.091135 -0.249567
0.283501 0.063566 -0.176239
0.305061 0.142578 -0.151730
0.267962 0.202030 -0.147596
0.245256 0.168408 -0.085508
0.228712 0.157231 -0.018691
0.208185 0.119014 0.034560
0.175195 0.098431 0.076546
0.147291 0.146272 0.116552
0.115306 0.122460 0.161460
0.084272 0.180950 0.185646
0.054090 0.207805 0.228697
0.030280 0.268282 0.262514
0.012268 0.300818 0.323142
-0.024704 0.253846 0.308932
-0.009138 0.164775 0.318463
0.002138 0.176480 0.390256
-0.037099 0.197839 0.417983
-0.056591 0.116189 0.398079
-0.031188 0.055153 0.436352
-0.037057 0.094364 0.505743
-0.079745 0.089862 0.509110
-0.085264 -0.003400 0.496336
-0.062222 -0.033700 0.557063
-0.086494 0.008398 0.610759
-0.123103 -0.033607 0.591920
-0.110346 -0.123485 0.602862
-0.100872 -0.114388 0.676239
-0.139899 -0.083560 0.698247
-0.162899 -0.158784 0.674828
-0.141129 -0.228854 0.710056
-0.140556 -0.193058 0.781255
-0.183271 -0.179181 0.787865
-0.194450 -0.270424 0.775858
-0.173197 -0.305879 0.834877
-0.192382 -0.253691 0.889192
-0.233239 -0.278745 0.877160
-0.226197 -0.376073 0.882928
-0.198865 -0.386225 0.949943
-0.214697 -0.310349 1.000000
-0.258614 -0.296627 0.983711
-0.286868 -0.340650 0.932762
-0.300995 -0.317583 0.862752
-0.335439 -0.313795 0.797569
-0.332337 -0.267040 0.728375
-0.321661 -0.172164 0.732485
-0.296384 -0.179429 0.797173
-0.258447 -0.193369 0.753132
-0.249336 -0.093991 0.744244
-0.232038 -0.007932 0.758132
-0.263198 0.054004 0.740135
-0.299849 0.057792 0.701664
-0.304977 0.151643 0.697752
-0.272308 0.169277 0.651186
-0.287385 0.116096 0.591499
-0.323953 0.164372 0.582512
-0.306920 0.250493 0.570951
-0.282788 0.225563 0.511932
-0.314982 0.195324 0.467074
-0.335746 0.279148 0.465044
-0.304111 0.332671 0.435807
-0.301288 0.280390 0.371590
-0.341223 0.292622 0.346586
-0.336962 0.388181 0.340199
-0.305061 0.389640 0.291182
-0.327823 0.341736 0.237857
-0.360590 0.403890 0.232609
-0.336431 0.478803 0.208892
-0.313277 0.438009 0.147151
-0.343515 0.372037 0.109323
-0.381424 0.418450 0.087761
-0.416608 0.420065 0.029980
-0.456879 0.402089 0.082413
-0.491127 0.386598 0.128064
-0.519115 0.337421 0.180324
-0.543918 0.248910 0.197084
-0.519730 0.226867 0.274348
-0.498016 0.214759 0.339159
-0.469175 0.176200 0.387013
-0.442836 0.113891 0.430708
-0.427983 0.206998 0.472818
-0.413199 0.292125 0.502451
-0.406422 0.393366 0.493737
-0.407470 0.488397 0.497252
-0.452701 0.501094 0.527232
-0.478272 0.442232 0.565678
-0.483051 0.502802 0.626479
-0.506931 0.572189 0.580953
-0.536358 0.506372 0.557187
-0.571808 0.475668 0.578923
-0.601291 0.411651 0.570184
-0.640164 0.401251 0.546665
-0.669676 0.340184 0.559514
-0.707752 0.315037 0.550305
-0.742056 0.276230 0.577759
-0.762275 0.191816 0.581522
-0.803203 0.167694 0.604818
-0.820348 0.077971 0.633015
-0.861037 0.100790 0.672971
-0.892253 0.044628 0.632866
-0.932636 0.019916 0.667352
-0.976833 0.008926 0.672278
-1.000000 -0.023952 0.736198
