1.000000 0.450864 -0.331290
0.909218 0.496371 -0.294891
0.843751 0.531624 -0.191150
0.742232 0.473041 -0.240060
0.699899 0.324021 -0.160544
0.630072 0.418030 -0.079600
0.533921 0.397753 -0.096394
0.447597 0.408583 -0.037323
0.352683 0.323445 -0.033881
0.252107 0.319355 -0.010034
0.169752 0.226383 0.054410
0.063743 0.218894 0.064612
-0.021833 0.173906 0.124480
-0.130218 0.159217 0.104119
-0.146520 -0.047062 0.140602
-0.197898 -0.185541 0.218313
-0.235057 -0.365899 0.232210
-0.303745 -0.476728 0.321844
-0.339049 -0.628975 0.411604
-0.423323 -0.725288 0.494941
-0.482315 -0.802016 0.609262
-0.556926 -0.858813 0.705823
-0.621091 -1.000000 0.719174
-0.719585 -0.903571 0.670221
-0.799792 -0.802016 0.645913
-0.849022 -0.644067 0.590453
-0.910389 -0.503744 0.585163
-0.933101 -0.365783 0.508586
-1.000000 -0.293664 0.589529
-0.935867 -0.255530 0.682270
-0.877135 -0.152592 0.612620
-0.949110 -0.032085 0.579999
-0.977483 0.015668 0.708132
-0.877786 0.014631 0.777153
-0.804835 0.096717 0.699903
-0.729249 0.205933 0.641337
-0.721049 0.212154 0.512196
-0.797416 0.135369 0.421722
-0.834380 0.013134 0.314329
-0.905671 -0.083986 0.242244
-0.914912 -0.236866 0.154792
-0.986789 -0.349712 0.115580
-0.944620 -0.395680 0.001721
-0.858914 -0.471025 0.076452
-0.845345 -0.493376 0.204501
-0.804315 -0.314747 0.270120
-0.730615 -0.193145 0.334145
-0.685420 -0.034562 0.378563
-0.600202 0.046544 0.457198
-0.544529 0.187903 0.520929
-0.448833 0.259274 0.558252
-0.374841 0.384505 0.599479
-0.304721 0.249136 0.670473
-0.304917 0.248329 0.539863
-0.339928 0.220853 0.420421
-0.429571 0.093260 0.398883
-0.484495 -0.058583 0.344851
-0.560700 -0.188710 0.351946
-0.603130 -0.358986 0.323355
-0.693977 -0.469182 0.358873
-0.741353 -0.644124 0.391998
-0.778609 -0.791244 0.446786
-0.685973 -0.873041 0.461564
-0.602219 -0.765495 0.489021
-0.563791 -0.655184 0.399807
-0.479842 -0.518260 0.370461
-0.442358 -0.352477 0.312650
-0.362477 -0.217684 0.293505
-0.338203 -0.019700 0.258323
-0.256532 0.115150 0.286494
-0.160154 0.079551 0.312524
-0.048287 0.091014 0.323313
-0.044024 -0.091244 0.401906
-0.046725 -0.226555 0.487216
-0.072235 -0.125922 0.589361
-0.158982 -0.070219 0.542550
-0.199557 -0.227707 0.525253
-0.196141 -0.274712 0.652168
-0.244460 -0.138306 0.703346
-0.329190 -0.152995 0.631890
-0.352488 -0.316935 0.669340
-0.363941 -0.274078 0.794912
-0.437185 -0.157143 0.777069
-0.502164 -0.272350 0.725807
-0.507468 -0.374078 0.828120
-0.542772 -0.244931 0.906419
-0.627697 -0.215092 0.844620
-0.663098 -0.380415 0.867753
-0.665376 -0.371083 0.994752
-0.733446 -0.236578 1.000000
-0.806657 -0.356048 0.949326
-0.788989 -0.541935 0.976070
-0.710246 -0.646025 0.930518
-0.640419 -0.780645 0.914438
-0.540234 -0.750346 0.885344
-0.452803 -0.809620 0.810152
-0.360427 -0.797005 0.755027
-0.334299 -0.882949 0.619925
-0.281944 -0.856912 0.511692
-0.208928 -0.743779 0.485117
-0.180295 -0.631567 0.358705
-0.144275 -0.593836 0.241992
-0.164872 -0.558353 0.097779
-0.126607 -0.358295 0.082539
-0.069404 -0.213249 0.012007
-0.044968 -0.023848 -0.018431
0.024892 0.095219 -0.101516
0.102235 0.240783 -0.132793
0.173722 0.332892 -0.232420
0.258745 0.436924 -0.295520
0.323496 0.504724 -0.381586
0.379820 0.627765 -0.450943
0.334266 0.536521 -0.576095
0.311131 0.447581 -0.688442
0.273192 0.303514 -0.780637
0.264276 0.166936 -0.870566
0.197377 0.038594 -0.899240
0.247747 -0.044988 -0.993870
0.329678 -0.083929 -0.922499
0.285394 -0.171774 -0.831731
0.244851 -0.295795 -0.906251
0.326587 -0.363710 -0.959486
0.375525 -0.410081 -0.846215
0.283832 -0.503283 -0.786725
0.267628 -0.668491 -0.827239
0.173039 -0.688249 -0.753726
0.159015 -0.543433 -0.671229
0.116748 -0.436348 -0.778286
0.030261 -0.306279 -0.820815
-0.016595 -0.192569 -0.934632
-0.107962 -0.073445 -0.962509
-0.143299 0.090495 -0.987531
-0.240653 0.038076 -1.000000
-0.240881 -0.005242 -0.858978
-0.139817 0.084677 -0.802888
-0.053330 0.168779 -0.756791
-0.008069 0.001555 -0.708132
0.039371 -0.139747 -0.657290
0.052387 -0.319355 -0.619505
0.102919 -0.420968 -0.512154
0.139101 -0.598157 -0.453923
0.157616 -0.707776 -0.340484
0.151921 -0.871659 -0.290230
0.199590 -0.847235 -0.176288
0.125923 -0.714343 -0.139343
0.045977 -0.650000 -0.196062
0.061107 -0.499309 -0.287376
0.033319 -0.317569 -0.345858
0.044935 -0.175230 -0.444687
0.044578 0.010484 -0.490869
0.088407 0.126613 -0.592678
0.113331 0.303571 -0.640539
0.160186 0.447235 -0.687098
0.180230 0.518145 -0.564381
0.190512 0.389286 -0.461648
0.113494 0.290726 -0.420169
0.078027 0.149885 -0.321466
0.025998 -0.014804 -0.285780
0.009371 -0.156970 -0.182249
-0.008395 -0.349654 -0.146480
-0.013861 -0.478283 -0.020824
-0.012430 -0.547465 0.103489
0.070380 -0.401094 0.144674
0.154980 -0.309332 0.157437
0.216770 -0.422869 0.100676
0.177139 -0.418606 -0.018263
0.193896 -0.243088 -0.033881
0.292877 -0.240783 -0.022293
0.313637 -0.360772 -0.113187
0.273062 -0.267857 -0.212351
0.339049 -0.132949 -0.206054
0.422250 -0.226152 -0.221084
0.399148 -0.298675 -0.337336
0.385807 -0.137385 -0.406398
0.463638 -0.030933 -0.415047
0.503563 -0.093318 -0.523490
0.423779 -0.071141 -0.604349
0.419549 0.107373 -0.587724
0.515309 0.146429 -0.621311
0.505873 0.088306 -0.744070
0.418866 0.205300 -0.764096
0.440081 0.380588 -0.777237
0.462369 0.552362 -0.802343
0.511860 0.694585 -0.839120
0.550386 0.857143 -0.846677
0.579215 1.000000 -0.917503
