-0.964885 1.000000 0.630762
-0.883963 0.991110 0.623149
-0.805530 0.970660 0.572904
-0.729858 0.980484 0.552335
-0.650358 0.959157 0.517150
-0.566838 0.968943 0.492872
-0.498933 0.953090 0.427954
-0.429689 0.964613 0.394458
-0.356615 0.955837 0.354926
-0.285949 0.968695 0.330233
-0.245747 0.930408 0.255156
-0.183531 0.940195 0.202087
-0.119510 0.900305 0.188329
-0.044577 0.897482 0.144229
-0.059235 0.885444 0.052737
-0.053328 0.887963 -0.030285
-0.063912 0.855036 -0.097389
-0.021331 0.808527 -0.063616
-0.077175 0.793361 -0.002021
-0.138161 0.782030 -0.059713
-0.098261 0.739908 -0.103784
-0.087704 0.702117 -0.038507
-0.170240 0.694163 -0.026188
-0.184844 0.672472 -0.104033
-0.130805 0.626822 -0.102788
-0.163731 0.600420 -0.033801
-0.242356 0.594124 -0.067076
-0.218782 0.562362 -0.134014
-0.178773 0.519019 -0.091465
-0.246732 0.501450 -0.047283
-0.297708 0.490175 -0.113141
-0.246568 0.449790 -0.147884
-0.243860 0.411980 -0.083409
-0.326505 0.402213 -0.081056
-0.332467 0.381953 -0.161614
-0.276869 0.337314 -0.153752
-0.317809 0.310015 -0.089666
-0.390445 0.302060 -0.131108
-0.356369 0.270965 -0.195609
-0.324947 0.227528 -0.148410
-0.398348 0.210969 -0.114553
-0.439698 0.200954 -0.187692
-0.385741 0.160244 -0.216400
-0.397774 0.123731 -0.150403
-0.481103 0.117493 -0.159123
-0.476399 0.095956 -0.239210
-0.427884 0.049580 -0.219998
-0.482853 0.027470 -0.162749
-0.550566 0.022053 -0.212690
-0.516190 -0.015128 -0.268555
-0.497894 -0.056696 -0.210088
-0.576601 -0.067284 -0.185976
-0.605262 -0.085235 -0.261551
-0.554121 -0.131000 -0.270631
-0.576902 -0.159424 -0.198018
-0.657769 -0.166635 -0.218974
-0.646010 -0.198684 -0.288653
-0.604250 -0.242694 -0.253938
-0.664688 -0.258260 -0.199125
-0.725483 -0.270450 -0.257758
-0.681234 -0.312247 -0.297179
-0.671799 -0.347234 -0.229300
-0.754882 -0.354082 -0.215043
-0.768091 -0.382774 -0.289455
-0.716376 -0.428100 -0.278742
-0.751709 -0.448493 -0.207181
-0.828529 -0.457497 -0.239875
-0.806733 -0.495364 -0.300280
-0.772986 -0.536551 -0.251114
-0.841601 -0.546585 -0.204191
-0.888694 -0.564994 -0.270631
-0.840590 -0.609615 -0.297401
-0.842449 -0.640423 -0.225203
-0.925532 -0.647615 -0.222407
-0.929224 -0.676898 -0.298563
-0.881939 -0.722739 -0.275946
-0.927938 -0.742865 -0.210891
-1.000000 -0.756047 -0.257315
-0.958650 -0.800668 -0.316640
-0.941065 -0.851965 -0.267198
-0.938030 -0.910473 -0.261551
-0.910600 -0.962743 -0.222324
-0.828146 -0.994353 -0.259142
-0.735164 -1.000000 -0.235307
-0.696412 -0.952995 -0.172494
-0.669447 -0.957802 -0.089694
-0.583547 -0.949790 -0.097777
-0.585106 -0.897940 -0.136561
-0.629054 -0.867570 -0.075547
-0.570530 -0.869878 -0.013454
-0.508314 -0.844163 -0.056972
-0.549636 -0.795174 -0.076212
-0.565389 -0.779473 0.005869
-0.482388 -0.775467 0.027683
-0.460975 -0.735940 -0.030977
-0.514795 -0.695078 -0.004983
-0.484138 -0.690595 0.073527
-0.406443 -0.675410 0.050937
-0.427446 -0.627451 0.006256
-0.465624 -0.600858 0.071561
-0.397282 -0.598684 0.121419
-0.350380 -0.567951 0.067492
-0.401958 -0.521499 0.062121
-0.397309 -0.508451 0.144922
-0.314172 -0.500973 0.148714
-0.313925 -0.457783 0.091687
-0.361483 -0.421137 0.137558
-0.302275 -0.416463 0.200537
-0.242958 -0.390214 0.156050
-0.288683 -0.340290 0.141683
-0.281491 -0.319477 0.224760
-0.216868 -0.333308 0.282756
-0.288355 -0.360988 0.338759
-0.309304 -0.409538 0.407054
-0.361347 -0.452194 0.465853
-0.368183 -0.493876 0.543061
-0.385249 -0.529569 0.608172
-0.364410 -0.554845 0.694820
-0.359760 -0.564002 0.779808
-0.321473 -0.501812 0.790161
-0.338484 -0.470984 0.698779
-0.278701 -0.455284 0.622263
-0.250396 -0.450382 0.536279
-0.197971 -0.420641 0.474324
-0.180249 -0.403605 0.385682
-0.116338 -0.381973 0.322703
-0.103621 -0.359596 0.239653
-0.052508 -0.336875 0.174238
-0.026746 -0.287161 0.108601
0.004157 -0.266253 0.017496
-0.041924 -0.256753 -0.052238
-0.088060 -0.310435 -0.040943
-0.051523 -0.350515 0.017745
-0.038697 -0.396471 0.070703
0.003583 -0.419496 0.150652
-0.005880 -0.427509 0.235861
-0.032270 -0.447921 0.323838
-0.063228 -0.436627 0.414362
-0.078297 -0.441950 0.510949
-0.135208 -0.436665 0.591341
-0.158891 -0.448855 0.675968
-0.225537 -0.436036 0.740110
-0.264234 -0.422339 0.818869
-0.334218 -0.405093 0.871052
-0.287590 -0.382106 0.938626
-0.252037 -0.347196 1.000000
-0.201909 -0.338630 0.928910
-0.167615 -0.351564 0.856324
-0.121643 -0.398455 0.801761
-0.066291 -0.436093 0.767627
-0.048105 -0.493724 0.741217
-0.030547 -0.483213 0.643053
0.027594 -0.478443 0.560225
0.071624 -0.452327 0.484567
0.123886 -0.409653 0.500955
0.201854 -0.389622 0.510866
0.261828 -0.363964 0.560806
0.257261 -0.309042 0.515793
0.183340 -0.291034 0.555131
0.136548 -0.263850 0.619910
0.082043 -0.290443 0.671954
0.101378 -0.261312 0.744014
0.080184 -0.207211 0.715832
0.000848 -0.219878 0.696426
-0.021085 -0.239928 0.773496
-0.006618 -0.191549 0.818647
-0.062982 -0.156448 0.772887
-0.136821 -0.198130 0.746117
-0.173604 -0.241721 0.788500
-0.221408 -0.203682 0.843064
-0.251025 -0.157669 0.781497
-0.235629 -0.185654 0.689118
-0.249029 -0.222949 0.624477
-0.235410 -0.184968 0.561360
-0.154269 -0.174628 0.581818
-0.127988 -0.228653 0.573430
-0.148772 -0.235273 0.491404
-0.106903 -0.190290 0.459762
-0.030547 -0.205055 0.483653
-0.028852 -0.256887 0.445561
-0.037877 -0.236131 0.366636
0.034431 -0.207306 0.361017
0.086392 -0.252652 0.370927
0.056227 -0.287581 0.308418
0.066045 -0.251183 0.242588
0.148690 -0.242102 0.252748
0.171143 -0.297692 0.244719
0.136137 -0.310721 0.170445
0.176530 -0.268047 0.126678
0.255620 -0.288211 0.140354
0.243833 -0.341683 0.110207
0.221873 -0.326307 0.032057
0.291883 -0.298512 0.010741
0.342942 -0.345155 0.023282
0.305940 -0.381801 -0.031642
0.315703 -0.347406 -0.100878
0.398485 -0.346375 -0.100379
0.410080 -0.406887 -0.104809
0.355986 -0.416826 -0.177532
0.357846 -0.370107 -0.236913
0.450008 -0.351049 -0.215763
0.520675 -0.381133 -0.224954
0.556090 -0.348130 -0.288736
0.575343 -0.301087 -0.232373
0.633868 -0.331095 -0.179083
0.706093 -0.341587 -0.125488
0.648936 -0.377165 -0.062176
0.603320 -0.369115 0.011101
0.558661 -0.350229 0.076073
0.549062 -0.321385 0.153282
0.499426 -0.337028 0.237633
0.441339 -0.343113 0.304460
0.363644 -0.353186 0.335936
0.333479 -0.297081 0.313401
0.361483 -0.259061 0.255599
0.418148 -0.211484 0.280348
0.484384 -0.240328 0.220995
0.529809 -0.231820 0.136561
0.595635 -0.258031 0.073831
0.630941 -0.246757 -0.020043
0.650249 -0.257364 -0.110234
0.648444 -0.229302 -0.201451
0.631297 -0.222129 -0.295324
0.634989 -0.189088 -0.377073
0.617814 -0.175601 -0.469230
0.614970 -0.122224 -0.515018
0.708582 -0.130847 -0.558924
0.781874 -0.160549 -0.524984
0.772986 -0.151526 -0.430058
0.788219 -0.179359 -0.351244
0.766723 -0.170202 -0.261385
0.750233 -0.175677 -0.176536
0.693951 -0.174037 -0.104642
0.663349 -0.158737 -0.019018
0.598835 -0.167512 0.046452
0.546382 -0.142198 0.120062
0.473856 -0.151488 0.180854
0.417027 -0.123197 0.246436
0.356615 -0.128672 0.318025
0.317371 -0.098665 0.381336
0.243943 -0.123083 0.354926
0.185035 -0.169611 0.365169
0.124651 -0.142312 0.306342
0.175327 -0.148836 0.228746
0.206749 -0.156085 0.140603
0.273205 -0.109939 0.149572
0.337691 -0.075258 0.173103
0.390335 -0.033308 0.209728
0.469152 -0.058012 0.165103
0.538642 -0.050496 0.098663
0.612618 -0.076478 0.050190
0.677296 -0.069153 -0.018049
0.750178 -0.098646 -0.063478
0.830909 -0.117512 -0.104919
0.893781 -0.150706 -0.150818
0.957939 -0.119096 -0.208897
0.980173 -0.051049 -0.205022
1.000000 0.004273 -0.212302
0.959060 0.058146 -0.202143
0.929552 0.089031 -0.289012
0.833534 0.087486 -0.296404
0.751135 0.102766 -0.295186
0.714790 0.049809 -0.309553
0.715720 0.031896 -0.226116
0.664142 0.069534 -0.189270
0.597604 0.052251 -0.235750
0.597413 -0.003739 -0.209091
0.590822 0.005628 -0.126955
0.520073 0.037314 -0.129806
0.474375 -0.004788 -0.166902
0.481595 -0.044754 -0.104642
0.448614 -0.013430 -0.043075
0.374227 -0.005990 -0.080586
0.353388 -0.062896 -0.087507
0.356069 -0.077032 -0.003571
0.295329 -0.036723 0.019932
0.228464 -0.051583 -0.043795
0.241864 -0.120183 -0.052543
0.258601 -0.176688 -0.064004
0.309577 -0.214708 -0.101846
0.261363 -0.228386 -0.168535
0.263715 -0.172396 -0.200122
0.344993 -0.168657 -0.213853
0.349450 -0.215490 -0.266728
0.293579 -0.194582 -0.322703
0.344364 -0.147882 -0.344600
0.406826 -0.180294 -0.379896
0.362714 -0.206219 -0.442045
0.332686 -0.156887 -0.479777
0.409998 -0.136379 -0.499958
0.430646 -0.180256 -0.552086
0.367391 -0.173827 -0.609473
0.387300 -0.118733 -0.634997
0.462588 -0.136894 -0.669850
0.436991 -0.177966 -0.726850
0.389515 -0.139660 -0.774908
0.461768 -0.108031 -0.806716
0.494148 -0.155876 -0.861584
0.423043 -0.150114 -0.921740
0.461850 -0.114536 -1.000000
