1.000000 0.828599 -0.003093
0.880895 0.808089 -0.008258
0.816264 0.838041 -0.078764
0.730054 0.796708 -0.109093
0.633584 0.801679 -0.133926
0.534284 0.794863 -0.105880
0.500639 0.718417 -0.185875
0.577952 0.637813 -0.208126
0.635288 0.560805 -0.234430
0.744848 0.529851 -0.216774
0.760461 0.431269 -0.199508
0.728554 0.403442 -0.300132
0.753268 0.396783 -0.393310
0.682194 0.319587 -0.412888
0.593598 0.389560 -0.402468
0.529785 0.461973 -0.399465
0.489526 0.545391 -0.365534
0.445859 0.613050 -0.301904
0.376523 0.702315 -0.293436
0.313494 0.774946 -0.262267
0.307937 0.835728 -0.338628
0.254453 0.763910 -0.396793
0.158187 0.736833 -0.361690
0.065399 0.690059 -0.396793
-0.018868 0.637469 -0.374392
-0.057967 0.628746 -0.464146
0.028242 0.566558 -0.495886
0.019891 0.483327 -0.450033
0.044946 0.378555 -0.443847
0.088817 0.292698 -0.435199
0.155937 0.318961 -0.516425
0.236522 0.372020 -0.495586
0.338583 0.373271 -0.479491
0.332379 0.404568 -0.390547
0.285610 0.318836 -0.361720
0.345026 0.246768 -0.390247
0.435053 0.269436 -0.350790
0.393840 0.270624 -0.253889
0.285439 0.216408 -0.257882
0.186446 0.179639 -0.251486
0.074739 0.153595 -0.280674
0.070478 0.051761 -0.231848
0.029538 -0.034440 -0.184043
0.056808 -0.134960 -0.156777
0.039525 -0.224100 -0.118011
0.049445 -0.311364 -0.061918
-0.007891 -0.409977 -0.052609
-0.002199 -0.500180 0.016035
0.054524 -0.560899 0.069275
0.140257 -0.603358 0.096811
0.209933 -0.618929 0.024443
0.204377 -0.569747 -0.059066
0.261407 -0.479294 -0.068374
0.257009 -0.384526 -0.055642
0.360672 -0.369581 -0.048976
0.384364 -0.407257 -0.132905
0.333197 -0.341692 -0.182451
0.383818 -0.266841 -0.152333
0.478618 -0.298263 -0.179989
0.458608 -0.303891 -0.271005
0.433553 -0.204777 -0.279893
0.504866 -0.154408 -0.218455
0.571918 -0.185580 -0.147709
0.515843 -0.189738 -0.060447
0.485981 -0.202214 0.031259
0.409453 -0.208498 0.100685
0.476470 -0.230009 0.173443
0.508173 -0.181140 0.264038
0.500810 -0.247237 0.339890
0.520274 -0.320243 0.395592
0.422611 -0.358794 0.391028
0.431610 -0.382994 0.299502
0.515536 -0.441149 0.308030
0.477902 -0.505901 0.369017
0.383068 -0.524380 0.315176
0.347378 -0.498742 0.232659
0.285541 -0.402411 0.240736
0.217262 -0.328904 0.240316
0.179561 -0.245298 0.291184
0.191014 -0.173292 0.221879
0.210922 -0.128676 0.146598
0.260146 -0.122860 0.059276
0.332958 -0.069301 -0.011471
0.343833 -0.043413 -0.118431
0.387227 -0.018713 -0.207735
0.378500 -0.011271 -0.315206
0.402158 -0.020182 -0.411357
0.369944 -0.022215 -0.508498
0.400351 -0.052855 -0.603267
0.423054 -0.040443 -0.707465
0.433928 -0.051792 -0.801784
0.430008 -0.023340 -0.896463
0.444461 -0.110260 -0.943487
0.420804 -0.184767 -1.000000
0.491197 -0.250676 -0.965137
0.431985 -0.276314 -0.886313
0.366501 -0.330842 -0.836616
0.307767 -0.379586 -0.777311
0.361320 -0.329154 -0.696835
0.453154 -0.279629 -0.710468
0.410100 -0.189676 -0.699297
0.421077 -0.203214 -0.597682
0.453938 -0.154470 -0.503904
0.500094 -0.143465 -0.409225
0.530876 -0.069520 -0.332773
0.544272 0.007676 -0.277581
0.556851 0.104851 -0.261906
0.660480 0.112386 -0.301694
0.646163 0.120703 -0.393490
0.623016 0.161724 -0.473215
0.565305 0.172292 -0.552009
0.666411 0.128644 -0.596150
0.718566 0.039380 -0.647649
0.751155 -0.039255 -0.692451
0.764517 -0.132052 -0.721758
0.781493 -0.235543 -0.722209
0.750780 -0.268404 -0.807969
0.770926 -0.301921 -0.890847
0.719487 -0.235450 -0.955949
0.702033 -0.141307 -0.918233
0.666104 -0.038317 -0.916972
0.664127 0.014992 -0.818419
0.596496 0.033126 -0.738184
0.541409 0.047384 -0.663564
0.443541 0.086216 -0.624317
0.362615 0.116232 -0.573929
0.257964 0.094408 -0.537355
0.276849 0.075023 -0.429764
0.244635 0.075273 -0.329950
0.233659 0.011115 -0.247553
0.190503 -0.037472 -0.165906
0.188799 -0.100411 -0.086211
0.133916 -0.165038 -0.022461
0.141722 -0.228540 0.051558
0.083874 -0.298107 0.100504
0.049479 -0.369738 0.150231
0.019482 -0.469320 0.173773
-0.025413 -0.464974 0.260435
-0.107123 -0.463286 0.322083
-0.070001 -0.381431 0.367455
-0.071500 -0.314928 0.287550
-0.161426 -0.270749 0.264489
-0.127883 -0.182735 0.280644
-0.053399 -0.181297 0.214882
-0.119292 -0.195366 0.144796
-0.179697 -0.118202 0.154375
-0.101430 -0.055388 0.141553
-0.085170 -0.088155 0.053510
-0.179424 -0.074617 0.012942
-0.178061 0.023809 0.009969
-0.088136 0.027373 -0.056903
-0.121644 -0.018994 -0.137319
-0.136541 -0.052261 -0.232569
-0.084079 -0.155064 -0.215933
-0.054661 -0.264902 -0.224371
-0.009869 -0.356168 -0.192241
-0.014334 -0.457314 -0.189028
0.028856 -0.540451 -0.145847
0.064103 -0.643316 -0.167137
0.105521 -0.734613 -0.164044
0.124610 -0.822127 -0.200859
0.120145 -0.871340 -0.112786
0.003562 -0.851423 -0.099123
-0.099351 -0.830506 -0.095490
-0.204377 -0.798646 -0.123656
-0.202298 -0.740272 -0.037475
-0.190401 -0.678709 0.039037
-0.222001 -0.611393 0.098463
-0.168005 -0.537668 0.059756
-0.218830 -0.536761 -0.019488
-0.312096 -0.509716 0.020389
-0.279951 -0.429237 0.062279
-0.244704 -0.384370 -0.014894
-0.333845 -0.382807 -0.062339
-0.388522 -0.332625 0.000871
-0.329856 -0.252865 -0.000450
-0.346696 -0.232604 -0.090415
-0.450972 -0.224225 -0.084169
-0.450188 -0.149311 -0.027926
-0.392579 -0.094189 -0.088253
-0.385114 -0.108134 -0.182091
-0.320482 -0.157284 -0.237373
-0.292189 -0.181265 -0.331151
-0.183788 -0.210718 -0.319110
-0.140154 -0.309800 -0.341361
-0.061512 -0.389029 -0.325026
-0.009323 -0.480701 -0.328058
0.069830 -0.546798 -0.285989
0.139609 -0.622524 -0.292445
0.220842 -0.662170 -0.234611
0.280803 -0.741460 -0.254219
0.312028 -0.787609 -0.330671
0.394522 -0.836040 -0.291154
0.324129 -0.908015 -0.250946
0.262804 -0.936248 -0.338929
0.207343 -0.966858 -0.412678
0.133098 -0.956884 -0.475197
0.056672 -1.000000 -0.426341
0.055786 -0.934310 -0.355925
0.033628 -0.857583 -0.408504
-0.060660 -0.892851 -0.437842
-0.105930 -0.902794 -0.356765
-0.097169 -0.810058 -0.333974
-0.155631 -0.774384 -0.400456
-0.243749 -0.816749 -0.368687
-0.243783 -0.773758 -0.286019
-0.251589 -0.685088 -0.318990
-0.341924 -0.696343 -0.361840
-0.396908 -0.721544 -0.286950
-0.376966 -0.637157 -0.239175
-0.415452 -0.568340 -0.303225
-0.516627 -0.580096 -0.307369
-0.553135 -0.490894 -0.268632
-0.470573 -0.414980 -0.275149
-0.394011 -0.357356 -0.306828
-0.340628 -0.437991 -0.351600
-0.370387 -0.461848 -0.437121
-0.288575 -0.396189 -0.473395
-0.190230 -0.433614 -0.450033
-0.093692 -0.470196 -0.455288
-0.008164 -0.540200 -0.456009
0.103918 -0.555802 -0.426101
0.201854 -0.595479 -0.421236
0.292393 -0.598699 -0.346436
0.390261 -0.565495 -0.298210
0.442212 -0.520096 -0.230887
0.536875 -0.566214 -0.240856
0.548942 -0.548267 -0.337998
0.486833 -0.494896 -0.396162
0.398238 -0.523379 -0.445469
0.330947 -0.449716 -0.472764
0.344923 -0.354448 -0.467359
0.306881 -0.333250 -0.551528
0.208740 -0.355918 -0.529788
0.197389 -0.288633 -0.466609
0.213069 -0.214282 -0.523182
0.131360 -0.230760 -0.576542
0.056672 -0.226289 -0.510270
0.074977 -0.137055 -0.486067
0.053263 -0.097410 -0.568735
-0.045900 -0.140901 -0.587953
-0.105282 -0.145591 -0.501261
-0.073784 -0.052230 -0.465377
-0.094476 0.040505 -0.448261
-0.115713 0.126018 -0.413278
-0.177447 0.189488 -0.374002
-0.209490 0.271968 -0.344964
-0.176868 0.369988 -0.308120
-0.162687 0.454656 -0.255871
-0.113736 0.547767 -0.251486
-0.193025 0.609611 -0.212480
-0.198446 0.580096 -0.123746
-0.164357 0.554583 -0.042220
-0.110532 0.493927 0.011831
-0.095771 0.385371 0.035734
-0.057047 0.316648 0.107591
-0.026470 0.228759 0.147078
0.015868 0.170979 0.215152
0.088885 0.084997 0.229025
0.181401 0.144621 0.275569
0.276031 0.164819 0.341931
0.378773 0.218878 0.368146
0.488061 0.224694 0.385412
0.591894 0.262620 0.367035
0.648617 0.243985 0.445469
0.732747 0.211437 0.496907
0.802219 0.199587 0.560567
0.852465 0.294042 0.566663
0.811900 0.381744 0.560747
0.787152 0.471915 0.576752
0.717816 0.543077 0.582698
0.742087 0.584411 0.498018
0.710590 0.499336 0.444538
0.607745 0.489768 0.437481
0.515331 0.455407 0.393940
0.418111 0.426142 0.371089
0.343492 0.370425 0.330040
0.287041 0.297888 0.271665
0.214365 0.272062 0.198667
0.160403 0.196586 0.148760
0.092772 0.205809 0.054651
0.006562 0.244204 -0.003333
-0.053604 0.290134 -0.068765
-0.148540 0.319587 -0.109123
-0.126894 0.432895 -0.112876
-0.043787 0.491738 -0.140712
0.051150 0.545172 -0.107291
0.149256 0.560586 -0.065281
0.233761 0.623431 -0.022581
0.303438 0.676271 0.018948
0.245317 0.730580 0.086391
0.153688 0.701377 0.125518
0.065808 0.683868 0.179449
0.016516 0.613176 0.250646
-0.052240 0.533697 0.285659
-0.101873 0.465130 0.354573
-0.181435 0.381556 0.365534
-0.184776 0.408226 0.461684
-0.100885 0.400566 0.523002
-0.136200 0.410696 0.614047
-0.182117 0.368331 0.695123
-0.254112 0.397189 0.773827
-0.304904 0.429518 0.859618
-0.364626 0.468069 0.926010
-0.427792 0.466350 1.000000
-0.501525 0.410759 0.947811
-0.467710 0.359263 0.868747
-0.443507 0.401973 0.787580
-0.397113 0.422014 0.705573
-0.304358 0.463817 0.657258
-0.250737 0.513093 0.577353
-0.151097 0.538356 0.534052
-0.084590 0.562618 0.467840
0.005812 0.576876 0.411026
0.090556 0.635500 0.379737
0.164766 0.649851 0.291364
0.252271 0.628496 0.221218
0.320823 0.609142 0.153264
0.422134 0.572905 0.126329
0.389170 0.478419 0.069425
0.397147 0.402035 -0.005675
0.389988 0.293136 -0.028317
0.428133 0.207842 -0.078974
0.513150 0.177951 -0.032791
0.585451 0.240765 -0.087772
0.522081 0.322713 -0.112516
0.495492 0.416949 -0.129121
0.411873 0.496053 -0.118521
0.330402 0.568309 -0.132875
0.247090 0.491269 -0.157738
0.147313 0.432989 -0.152934
0.075455 0.365392 -0.189358
0.012732 0.287601 -0.196535
0.071534 0.207529 -0.158849
0.133575 0.159817 -0.100534
0.221592 0.188331 -0.033451
0.250226 0.259806 0.042400
0.309131 0.325058 0.094679
0.300472 0.394500 0.165395
0.341515 0.470977 0.211369
0.330197 0.521628 0.303675
0.309778 0.556990 0.395412
0.297506 0.483359 0.453546
0.324675 0.416418 0.511621
0.352423 0.325777 0.527085
0.269315 0.299764 0.580085
0.204513 0.290009 0.503693
0.270168 0.219629 0.457720
0.273849 0.138149 0.506216
0.216853 0.063423 0.474686
0.128019 0.102725 0.438712
0.068228 0.179921 0.463636
0.031890 0.194272 0.370008
-0.041946 0.132490 0.344784
-0.124746 0.194210 0.311243
-0.102419 0.283193 0.276080
-0.106407 0.379868 0.234400
-0.064887 0.448466 0.165696
-0.075284 0.561024 0.141193
-0.115679 0.646724 0.154285
-0.170289 0.709569 0.200949
-0.275997 0.675677 0.188127
-0.285269 0.583285 0.139121
-0.332311 0.517001 0.199928
-0.403930 0.469476 0.251787
-0.447836 0.426360 0.327368
-0.473130 0.380118 0.413789
-0.504150 0.290540 0.461204
-0.566839 0.228977 0.526575
-0.651548 0.203058 0.456789
-0.710896 0.134241 0.394841
-0.764517 0.107071 0.311062
-0.783471 0.015649 0.258393
-0.777471 -0.056514 0.191340
-0.781221 -0.168071 0.186295
-0.731111 -0.267841 0.169690
-0.717714 -0.370957 0.169569
-0.694738 -0.463630 0.158879
-0.704556 -0.560836 0.164284
-0.585519 -0.564338 0.192751
-0.484959 -0.577689 0.209147
-0.376864 -0.563275 0.195003
-0.296654 -0.629778 0.227824
-0.340560 -0.729360 0.235421
-0.349525 -0.823784 0.246171
-0.425031 -0.895665 0.226473
-0.443643 -0.984805 0.246171
-0.561180 -0.988650 0.250976
-0.610063 -0.891944 0.273587
-0.687887 -0.832038 0.244940
-0.704658 -0.790392 0.334514
-0.617596 -0.738396 0.354663
-0.631914 -0.667328 0.283857
-0.701931 -0.598168 0.313915
-0.738985 -0.512030 0.338778
-0.784698 -0.448247 0.398985
-0.813196 -0.365392 0.436911
-0.816468 -0.294074 0.500931
-0.807367 -0.245392 0.590715
-0.795299 -0.194616 0.666717
-0.688500 -0.188238 0.687857
-0.612620 -0.201026 0.623026
-0.514411 -0.209061 0.576392
-0.457176 -0.166664 0.495676
-0.413714 -0.139650 0.409975
-0.386579 -0.058014 0.350760
-0.365445 -0.023371 0.259054
-0.326482 0.068614 0.215573
-0.242522 0.049666 0.169569
-0.167391 0.051855 0.247162
-0.233557 0.031063 0.326047
-0.246272 -0.008551 0.418413
-0.339265 -0.026342 0.485226
-0.417361 -0.030094 0.551048
-0.533569 -0.059671 0.569365
-0.642276 -0.054200 0.596060
-0.747541 -0.069895 0.596931
-0.850556 -0.027874 0.604949
-0.895996 -0.066300 0.510630
-0.973718 -0.126331 0.453907
-1.000000 -0.155783 0.356105
-0.980501 -0.188644 0.272026
-0.921460 -0.095971 0.243169
-0.896099 -0.052824 0.339559
-0.816127 -0.000891 0.403009
-0.757154 0.025967 0.486307
-0.652946 0.067957 0.518407
-0.566668 0.081870 0.577923
-0.463040 0.109979 0.593988
-0.364695 0.127488 0.627770
-0.347378 0.188550 0.543751
-0.346560 0.248675 0.472764
-0.366433 0.280910 0.371779
-0.354604 0.300327 0.275749
-0.452438 0.308925 0.206144
-0.544102 0.286194 0.145156
-0.623255 0.257023 0.094529
-0.589883 0.162224 0.059396
-0.527671 0.099254 0.100174
-0.486902 0.011271 0.126839
-0.487788 -0.083246 0.180950
-0.458097 -0.155690 0.249985
-0.480152 -0.238514 0.309351
-0.451177 -0.286570 0.401237
-0.434849 -0.368893 0.466248
-0.417838 -0.440086 0.530028
-0.364797 -0.538168 0.517296
-0.281792 -0.565651 0.565341
-0.234750 -0.472947 0.562218
-0.272383 -0.431770 0.472224
-0.302586 -0.391499 0.388956
-0.393568 -0.391999 0.322263
-0.466994 -0.381931 0.257732
-0.579213 -0.350853 0.240947
-0.570998 -0.248988 0.187256
-0.624312 -0.152344 0.157348
-0.636447 -0.039724 0.135367
-0.674217 0.063423 0.161252
-0.700022 0.155158 0.179238
-0.775767 0.229040 0.208846
-0.745632 0.254928 0.313375
-0.720612 0.317898 0.404720
-0.651037 0.364704 0.465107
-0.588042 0.450842 0.485136
-0.495901 0.516032 0.494715
-0.428679 0.588788 0.507777
-0.342162 0.633280 0.527296
-0.263623 0.680523 0.571227
-0.218899 0.770319 0.579004
-0.159448 0.841106 0.604588
-0.168175 0.933372 0.630413
-0.082136 1.000000 0.630563
