0.421210 0.238165 -0.627807
0.383049 0.198932 -0.630065
0.332501 0.192363 -0.624526
0.288435 0.173967 -0.647705
0.245452 0.161747 -0.661832
0.205487 0.136323 -0.681151
0.163861 0.143040 -0.711741
0.135995 0.122793 -0.756323
0.111190 0.085264 -0.802372
0.082356 0.075533 -0.848151
0.066171 0.029027 -0.892308
0.041626 -0.007781 -0.925619
0.035576 -0.057055 -0.957078
0.033540 -0.108770 -0.981086
0.028184 -0.170331 -0.981916
0.020243 -0.226731 -0.993129
0.029151 -0.284703 -1.000000
0.044023 -0.341857 -0.984020
0.048210 -0.398535 -0.965106
0.051834 -0.449808 -0.923805
0.047762 -0.495806 -0.891112
0.023809 -0.540576 -0.851586
0.016171 -0.572241 -0.800538
-0.002859 -0.582397 -0.733183
-0.031606 -0.618337 -0.698212
-0.055010 -0.607689 -0.632805
-0.082573 -0.604167 -0.573807
-0.104779 -0.577007 -0.514769
-0.131923 -0.551486 -0.471885
-0.173462 -0.517954 -0.445908
-0.211291 -0.486092 -0.418503
-0.216835 -0.455214 -0.356223
-0.253018 -0.412410 -0.338969
-0.300578 -0.398847 -0.327852
-0.335417 -0.381614 -0.292843
-0.382847 -0.397700 -0.282942
-0.427476 -0.400550 -0.262581
-0.473433 -0.415867 -0.256038
-0.517788 -0.429627 -0.254379
-0.559731 -0.456721 -0.240772
-0.604043 -0.472988 -0.261172
-0.637670 -0.502768 -0.301373
-0.677014 -0.541379 -0.295989
-0.715911 -0.569423 -0.298555
-0.765261 -0.584313 -0.282595
-0.807147 -0.599728 -0.280375
-0.861161 -0.589539 -0.287883
-0.907277 -0.566786 -0.301875
-0.946318 -0.537824 -0.318897
-0.967384 -0.505373 -0.364695
-1.000000 -0.488124 -0.414044
-0.996405 -0.448662 -0.459283
-0.986154 -0.428857 -0.527217
-0.959717 -0.404547 -0.573479
-0.913298 -0.382285 -0.599128
-0.879079 -0.376601 -0.648129
-0.827765 -0.351980 -0.650079
-0.783988 -0.326213 -0.650909
-0.743662 -0.289339 -0.627305
-0.715651 -0.249009 -0.586371
-0.698975 -0.235986 -0.524419
-0.681158 -0.227894 -0.467369
-0.675455 -0.212610 -0.406768
-0.656959 -0.186056 -0.354795
-0.652296 -0.163942 -0.298806
-0.642651 -0.128477 -0.252545
-0.630985 -0.100138 -0.202636
-0.627187 -0.054533 -0.167550
-0.611767 -0.013809 -0.135319
-0.572423 0.020673 -0.102568
-0.537958 0.061937 -0.095562
-0.502584 0.101235 -0.111658
-0.467918 0.139370 -0.130263
-0.448672 0.174393 -0.166913
-0.410612 0.203126 -0.166951
-0.395683 0.241293 -0.202057
-0.368221 0.277823 -0.217208
-0.351920 0.318022 -0.246273
-0.324098 0.351538 -0.271015
-0.299220 0.392884 -0.279816
-0.285677 0.432510 -0.312200
-0.260785 0.466730 -0.342559
-0.241669 0.512859 -0.357940
-0.248383 0.539462 -0.421803
-0.266330 0.585624 -0.451022
-0.268409 0.631950 -0.483658
-0.297185 0.667398 -0.522412
-0.318005 0.714052 -0.551998
-0.362677 0.748370 -0.554179
-0.382688 0.804574 -0.566666
-0.408764 0.848475 -0.577319
-0.450433 0.886364 -0.564099
-0.485489 0.925138 -0.567032
-0.523534 0.961816 -0.568403
-0.574646 0.971513 -0.582395
-0.627635 0.988697 -0.567418
-0.677115 1.000000 -0.555182
-0.726682 0.995495 -0.547964
-0.768337 0.982702 -0.502630
-0.807811 0.973381 -0.468315
-0.831822 0.933853 -0.422112
-0.859876 0.918979 -0.377375
-0.860468 0.874521 -0.326868
-0.857234 0.837450 -0.275145
-0.826321 0.793811 -0.243706
-0.795120 0.780117 -0.197213
-0.757031 0.776808 -0.155449
-0.715940 0.786030 -0.128796
-0.685980 0.778380 -0.086318
-0.647805 0.787570 -0.057986
-0.614669 0.779756 -0.019116
-0.592651 0.786440 0.032684
-0.557248 0.802477 0.066014
-0.558836 0.760705 0.106679
-0.533454 0.722734 0.085005
-0.492319 0.736707 0.113935
-0.500188 0.714789 0.176234
-0.492016 0.661255 0.159019
-0.479324 0.615143 0.155275
-0.483309 0.570521 0.132791
-0.466792 0.527012 0.122678
-0.428617 0.500197 0.109786
-0.430783 0.456197 0.075529
-0.382977 0.437359 0.090525
-0.366359 0.394801 0.115653
-0.328025 0.374701 0.111619
-0.296405 0.346755 0.132579
-0.255371 0.334797 0.141148
-0.220257 0.308227 0.130340
-0.231533 0.261868 0.155584
-0.282169 0.252433 0.154001
-0.318423 0.213970 0.166121
-0.368264 0.195164 0.165388
-0.404346 0.160453 0.195881
-0.426653 0.181421 0.240174
-0.394672 0.174885 0.285181
-0.354577 0.176277 0.253066
-0.304129 0.186450 0.252757
-0.262114 0.197687 0.217034
-0.214424 0.206533 0.214042
-0.171528 0.217557 0.197059
-0.127678 0.218114 0.205937
-0.110554 0.251532 0.166469
-0.126148 0.284261 0.126248
-0.085374 0.303853 0.114302
-0.069737 0.261098 0.088691
-0.100751 0.257855 0.047564
-0.092275 0.301920 0.021722
-0.051530 0.289536 0.003484
-0.063659 0.250025 -0.030214
-0.093488 0.273433 -0.066574
-0.066416 0.303214 -0.097646
-0.043921 0.256708 -0.119455
-0.060843 0.209793 -0.110712
-0.053292 0.167513 -0.082284
-0.025801 0.122989 -0.065069
-0.016229 0.066229 -0.060398
0.002960 0.021197 -0.050845
0.012547 -0.031992 -0.072692
0.023794 -0.089031 -0.056345
0.028429 -0.136029 -0.033900
0.022769 -0.116486 0.027338
0.011406 -0.065344 0.036602
-0.002844 -0.012564 0.056094
-0.015001 0.032091 0.079292
-0.027548 0.080169 0.085584
-0.024762 0.138535 0.068388
-0.055746 0.132163 0.109245
-0.090038 0.114848 0.145606
-0.126639 0.107280 0.177933
-0.155241 0.140877 0.220257
-0.192810 0.148495 0.267560
-0.234161 0.166841 0.294059
-0.274935 0.153343 0.328470
-0.326985 0.162320 0.335997
-0.366041 0.131655 0.351147
-0.367831 0.089490 0.384053
-0.371325 0.055319 0.427284
-0.350332 0.031779 0.472001
-0.370921 -0.017561 0.458819
-0.359226 -0.030436 0.403352
-0.340139 -0.049880 0.349661
-0.302180 -0.047112 0.302126
-0.281259 -0.039904 0.244208
-0.240601 -0.026636 0.208581
-0.227823 -0.009747 0.142962
-0.209645 -0.011352 0.082265
-0.208764 0.004292 0.018306
-0.200173 0.005799 -0.048818
-0.211161 0.033041 -0.104073
-0.218741 0.060970 -0.153094
-0.225267 0.101039 -0.191693
-0.211594 0.068194 -0.248396
-0.194802 0.051420 -0.307009
-0.146939 0.065164 -0.307298
-0.103797 0.078351 -0.323394
-0.061811 0.103561 -0.306082
-0.025108 0.145743 -0.310367
0.013644 0.176703 -0.316601
0.021181 0.230564 -0.346804
0.033641 0.275497 -0.328644
0.010150 0.270485 -0.273891
-0.028804 0.231023 -0.286956
-0.068452 0.206189 -0.297629
-0.088738 0.168070 -0.343080
-0.109428 0.138535 -0.385693
-0.104779 0.085968 -0.420240
-0.147502 0.053976 -0.398296
-0.160728 0.011844 -0.367822
-0.164453 -0.028634 -0.336344
-0.170835 -0.073551 -0.314671
-0.193950 -0.100482 -0.275898
-0.192969 -0.112276 -0.219697
-0.169145 -0.130852 -0.176640
-0.157811 -0.163041 -0.132366
-0.166012 -0.151263 -0.063853
-0.167701 -0.117289 -0.020757
-0.191337 -0.072585 0.008000
-0.186529 -0.084903 0.074641
-0.184609 -0.067523 0.139777
-0.183454 -0.074026 0.199529
-0.174516 -0.066393 0.255672
-0.163485 -0.089752 0.306989
-0.202945 -0.075631 0.336151
-0.234666 -0.110392 0.313127
-0.262850 -0.088835 0.356802
-0.283093 -0.042296 0.392873
-0.298932 0.001605 0.414276
-0.302512 0.050667 0.420973
-0.267831 0.051666 0.458742
-0.236601 0.043459 0.416727
-0.245178 0.081398 0.377143
-0.241886 0.120712 0.421919
-0.198412 0.122400 0.443766
-0.175917 0.122989 0.378572
-0.159962 0.103529 0.328026
-0.157291 0.077843 0.272424
-0.120950 0.047505 0.243185
-0.096015 0.032091 0.191443
-0.051877 0.018887 0.198603
-0.060439 -0.030354 0.170580
-0.066084 -0.026013 0.112160
-0.060020 -0.047325 0.049378
-0.042420 -0.051682 -0.011956
-0.044672 -0.082626 -0.072094
-0.037453 -0.119844 -0.121038
-0.054288 -0.166563 -0.105501
-0.083454 -0.203142 -0.118471
-0.070113 -0.231366 -0.066458
-0.091164 -0.205190 -0.019329
-0.126422 -0.234872 0.001457
-0.116994 -0.236199 0.062540
-0.127072 -0.224634 0.118297
-0.085489 -0.217180 0.138214
-0.081158 -0.165039 0.115634
-0.103350 -0.125414 0.098785
-0.105617 -0.107378 0.036775
-0.106411 -0.081463 -0.018325
-0.113023 -0.080808 -0.081551
-0.092102 -0.054385 -0.136554
-0.077996 -0.021443 -0.180731
-0.057522 0.012188 -0.214428
-0.080797 0.052469 -0.236681
-0.115969 0.067703 -0.189513
-0.152931 0.085329 -0.153229
-0.168914 0.093208 -0.087630
-0.196362 0.082249 -0.031314
-0.211941 0.082495 0.024289
-0.239807 0.060381 0.076475
-0.269362 0.053337 0.124261
-0.291395 0.019428 0.168650
-0.331851 0.008223 0.206149
-0.353061 -0.032598 0.243802
-0.382096 -0.060774 0.276245
-0.391149 -0.101808 0.316774
-0.419275 -0.145267 0.328161
-0.438146 -0.187252 0.347769
-0.446578 -0.216886 0.288886
-0.418539 -0.210677 0.240328
-0.390427 -0.219064 0.195939
-0.361233 -0.197556 0.157668
-0.392983 -0.191036 0.112893
-0.415232 -0.150280 0.142827
-0.415232 -0.103217 0.122794
-0.441510 -0.064754 0.127850
-0.446102 -0.015857 0.113356
-0.452772 0.000278 0.170406
-0.406180 -0.008977 0.189416
-0.382804 0.024916 0.145123
-0.345871 0.060823 0.136670
-0.322740 0.097779 0.096083
-0.279425 0.125414 0.083133
-0.256959 0.166366 0.042276
-0.217254 0.191462 0.021953
-0.194817 0.216378 -0.021008
-0.153942 0.213347 0.008308
-0.148729 0.160010 -0.008849
-0.130494 0.156423 -0.061904
-0.102960 0.121531 -0.106833
-0.066792 0.091931 -0.129838
-0.040933 0.051371 -0.144274
0.009342 0.033843 -0.139932
0.056035 0.023949 -0.139893
0.063240 0.082954 -0.146918
0.065565 0.131507 -0.160467
0.056237 0.180814 -0.191114
0.063587 0.216427 -0.146224
0.085995 0.248780 -0.110712
0.052527 0.260508 -0.073638
0.050967 0.215182 -0.051694
0.091972 0.212774 -0.030986
0.087078 0.250909 0.007150
0.054173 0.231448 0.038609
0.079512 0.193166 0.058198
0.110988 0.218671 0.086202
0.085489 0.248599 0.123489
0.055169 0.208433 0.146185
0.082198 0.166432 0.161354
0.109010 0.138207 0.194666
0.125744 0.110753 0.146108
0.149206 0.158241 0.124164
0.184248 0.180028 0.148752
0.215969 0.167251 0.107335
0.201632 0.208171 0.067886
0.214467 0.253809 0.090255
0.260656 0.251122 0.083075
0.261060 0.243538 0.018904
0.252671 0.290289 -0.007401
0.291222 0.315844 0.009717
0.325989 0.283852 -0.007517
0.322668 0.291026 -0.069855
0.330176 0.346968 -0.066092
0.368611 0.351817 -0.029384
0.402122 0.327065 -0.067057
0.411984 0.370426 -0.109709
0.430162 0.405842 -0.062830
0.479541 0.395472 -0.052119
0.521152 0.379566 -0.089579
0.543055 0.411231 -0.133293
0.579844 0.429348 -0.158402
0.601906 0.449923 -0.201247
0.637482 0.459211 -0.233130
0.667730 0.488206 -0.258702
0.683511 0.516692 -0.303129
0.715059 0.539806 -0.337425
0.747026 0.579972 -0.305677
0.791063 0.590784 -0.325343
0.820777 0.631049 -0.319515
0.871571 0.633129 -0.319534
0.918048 0.620254 -0.332214
0.955905 0.586017 -0.365602
0.982356 0.558956 -0.410918
0.999783 0.530584 -0.460865
1.000000 0.495938 -0.518590
0.979440 0.465157 -0.564446
0.956064 0.453134 -0.628328
0.923058 0.440700 -0.678565
0.874155 0.445648 -0.710506
0.832674 0.458654 -0.749877
0.786832 0.463356 -0.782667
0.735230 0.453707 -0.798975
0.695625 0.474216 -0.819491
0.641900 0.483308 -0.814859
0.594427 0.501310 -0.816827
0.544181 0.512171 -0.803819
0.503148 0.544458 -0.796080
0.468727 0.584559 -0.783111
0.416113 0.590407 -0.803897
0.364005 0.600760 -0.787685
0.322134 0.622187 -0.763869
0.295914 0.652377 -0.711336
0.261695 0.672608 -0.673894
0.234017 0.686564 -0.616382
0.214698 0.712250 -0.564601
0.194658 0.716509 -0.509384
0.184551 0.710677 -0.443380
0.183179 0.718262 -0.382489
0.190731 0.725240 -0.320518
0.175946 0.727582 -0.265051
0.193575 0.743718 -0.209739
0.183569 0.740589 -0.149775
0.192218 0.746552 -0.089656
0.189532 0.723749 -0.034382
0.198426 0.724044 0.025292
0.209500 0.714625 0.081666
0.195957 0.679750 0.134026
0.196289 0.658209 0.188490
0.173563 0.604544 0.205145
0.164597 0.562166 0.237318
0.151155 0.514874 0.257100
0.144513 0.474609 0.294290
0.130349 0.434672 0.321483
0.094196 0.394309 0.325671
0.074718 0.354438 0.349217
0.046087 0.313026 0.356145
0.014640 0.327736 0.410126
-0.028516 0.345264 0.425817
-0.076841 0.343479 0.391348
-0.112590 0.303378 0.415067
-0.149220 0.327917 0.454979
-0.193806 0.340301 0.418097
-0.228270 0.301265 0.442627
-0.257421 0.314304 0.491069
-0.292853 0.317662 0.525731
-0.312374 0.333241 0.575119
-0.318727 0.346771 0.633809
-0.333829 0.368083 0.685648
-0.332775 0.390623 0.740517
-0.300462 0.397160 0.795791
-0.270806 0.410281 0.843133
-0.230884 0.420847 0.880362
-0.196982 0.420339 0.927877
-0.156800 0.425679 0.964431
-0.106165 0.409282 0.977844
-0.057421 0.420175 0.989829
-0.011464 0.432281 1.000000
0.041207 0.427465 0.995484
0.091395 0.444239 0.994789
0.138016 0.447171 0.986104
0.183829 0.456672 0.951635
0.227967 0.487894 0.937566
0.273130 0.480326 0.899430
0.309327 0.507372 0.866080
0.350130 0.518674 0.838231
0.394268 0.516529 0.794691
0.432385 0.515808 0.751151
0.473592 0.496445 0.722375
0.507349 0.469318 0.675091
0.533526 0.427186 0.642339
0.536500 0.381761 0.605574
0.555458 0.341759 0.558656
0.566821 0.300806 0.526658
0.559342 0.246978 0.496261
0.553436 0.204256 0.459321
0.546621 0.156505 0.429021
0.538189 0.111408 0.397369
0.534493 0.075468 0.351552
0.515550 0.052436 0.292611
0.507927 0.027700 0.236893
0.483165 0.008944 0.182256
0.456598 -0.027471 0.146938
0.411464 -0.060512 0.133795
0.379859 -0.098729 0.116020
0.333425 -0.122137 0.096546
0.298614 -0.154179 0.071669
0.271470 -0.198735 0.076494
0.235331 -0.233512 0.086800
0.234970 -0.289634 0.060244
0.211276 -0.340940 0.082052
0.189662 -0.390116 0.095215
0.167312 -0.435426 0.106119
0.160656 -0.490368 0.109265
0.150101 -0.539888 0.123122
0.146044 -0.590964 0.140260
0.144499 -0.646332 0.145625
0.132400 -0.702208 0.126094
0.143416 -0.760115 0.144737
0.123044 -0.815467 0.143927
0.091366 -0.862579 0.123489
0.076408 -0.910838 0.085044
0.039705 -0.937654 0.052736
0.016734 -0.967975 -0.004063
-0.016720 -0.982292 -0.045576
-0.051877 -0.993824 -0.090699
-0.098614 -1.000000 -0.121674
-0.145019 -0.988468 -0.142653
-0.192969 -0.974855 -0.152091
-0.241438 -0.969597 -0.157881
-0.290413 -0.966107 -0.123682
-0.328949 -0.951201 -0.083654
-0.357118 -0.929529 -0.031622
-0.379137 -0.898929 0.016299
-0.403278 -0.871900 0.066516
-0.416979 -0.833404 0.117390
-0.435128 -0.799299 0.159521
-0.445510 -0.745274 0.190709
-0.463514 -0.698637 0.215162
-0.489330 -0.643875 0.211128
-0.532761 -0.612473 0.213984
-0.562186 -0.563919 0.222225
-0.602440 -0.532795 0.218501
-0.641785 -0.501376 0.220392
-0.682804 -0.475133 0.245655
-0.728169 -0.450480 0.247392
-0.771239 -0.434787 0.277017
-0.804563 -0.417996 0.327100
-0.838262 -0.395374 0.369501
-0.844990 -0.369639 0.433730
-0.866474 -0.329178 0.479045
-0.862590 -0.307539 0.537523
-0.844326 -0.283966 0.600247
-0.837352 -0.259853 0.653475
-0.797791 -0.243701 0.700702
-0.778357 -0.223651 0.752502
-0.731721 -0.231252 0.790078
-0.699278 -0.230793 0.832653
-0.646708 -0.248698 0.842766
-0.605443 -0.252842 0.863571
-0.560742 -0.280543 0.843229
-0.517817 -0.300626 0.848112
-0.472221 -0.314664 0.819413
-0.423895 -0.334420 0.836262
-0.391554 -0.373243 0.823331
-0.337973 -0.386266 0.816055
-0.287496 -0.383580 0.812118
-0.241092 -0.352062 0.817619
-0.207075 -0.321118 0.851760
-0.155790 -0.325443 0.871677
-0.118062 -0.294401 0.908037
-0.078241 -0.282344 0.935173
-0.022899 -0.284965 0.936176
0.025368 -0.279085 0.930251
0.071571 -0.275333 0.934169
0.121513 -0.286260 0.908018
0.165680 -0.298840 0.886885
0.203985 -0.330751 0.854481
0.233324 -0.339908 0.792992
0.272408 -0.347361 0.747735
0.298758 -0.371425 0.696822
0.325267 -0.379533 0.634678
0.351863 -0.363251 0.573401
0.395957 -0.351980 0.549991
0.430869 -0.359368 0.496087
0.469290 -0.359614 0.462602
0.494167 -0.366396 0.400264
0.525065 -0.368525 0.354987
0.541424 -0.384415 0.290778
0.545885 -0.398748 0.228961
0.555573 -0.391688 0.157880
0.546896 -0.380909 0.092667
0.542059 -0.380942 0.031429
0.515204 -0.378157 -0.031815
0.509313 -0.363005 -0.095852
0.485850 -0.356796 -0.156723
0.457320 -0.318989 -0.183298
