-0.842527 0.656390 -0.739961
-0.765493 0.670558 -0.669103
-0.687026 0.688755 -0.612187
-0.592542 0.673119 -0.546088
-0.507620 0.705298 -0.509528
-0.420008 0.702896 -0.435699
-0.340047 0.749083 -0.402110
-0.259995 0.744467 -0.315858
-0.159834 0.786438 -0.297122
-0.082083 0.829609 -0.263026
0.013954 0.841616 -0.210499
0.093976 0.882920 -0.172858
0.200442 0.894126 -0.163136
0.281091 0.939405 -0.142240
0.386482 0.945676 -0.162630
0.476842 0.990528 -0.163372
0.577990 0.973051 -0.175964
0.658908 0.986152 -0.263432
0.742903 1.000000 -0.322272
0.828483 0.946983 -0.372369
0.885137 0.890364 -0.431648
0.895028 0.815601 -0.512128
0.878773 0.767360 -0.607359
0.877398 0.720666 -0.689121
0.816680 0.650039 -0.730138
0.773920 0.604947 -0.803426
0.729098 0.562256 -0.871820
0.737017 0.479515 -0.901865
0.721180 0.416012 -0.959051
0.720253 0.330389 -0.941193
0.733849 0.264885 -1.000000
0.758531 0.192123 -0.967390
0.756738 0.114586 -0.966309
0.731339 0.050015 -0.911824
0.744427 -0.022906 -0.860815
0.748282 -0.107328 -0.834788
0.774846 -0.173179 -0.781585
0.867418 -0.152261 -0.776791
0.852447 -0.082861 -0.707486
0.840286 -0.120429 -0.613469
0.863922 -0.145777 -0.517900
0.909012 -0.220593 -0.451228
0.941553 -0.296263 -0.436543
0.966085 -0.373267 -0.445995
0.949561 -0.451739 -0.431311
1.000000 -0.461718 -0.344586
0.956822 -0.406566 -0.285847
0.872976 -0.440986 -0.291046
0.896462 -0.513428 -0.249827
0.925865 -0.483357 -0.159254
0.846172 -0.450512 -0.130897
0.792506 -0.518924 -0.133024
0.854419 -0.581520 -0.085830
0.914032 -0.542084 -0.012440
0.846859 -0.480289 0.032290
0.754587 -0.478127 0.010043
0.703430 -0.445362 -0.065845
0.622303 -0.479675 -0.040864
0.613070 -0.428232 0.046873
0.642563 -0.351975 -0.018483
0.597173 -0.312459 -0.092210
0.594245 -0.241538 -0.036813
0.686458 -0.227317 -0.040729
0.696229 -0.224462 -0.143928
0.659595 -0.149379 -0.152063
0.724825 -0.108716 -0.099131
0.796868 -0.135291 -0.155135
0.768123 -0.109436 -0.248004
0.762445 -0.029710 -0.224947
0.852417 -0.020105 -0.195679
0.896552 -0.053911 -0.287332
0.832696 -0.028350 -0.374867
0.740274 0.003989 -0.360756
0.656637 -0.011433 -0.409840
0.712664 -0.074029 -0.476580
0.727783 -0.169524 -0.495721
0.768033 -0.253785 -0.508549
0.751479 -0.346132 -0.504059
0.772993 -0.435063 -0.503857
0.729397 -0.521592 -0.514288
0.743919 -0.559214 -0.601992
0.668948 -0.523300 -0.660089
0.656995 -0.447363 -0.603241
0.632702 -0.360620 -0.604895
0.628698 -0.283002 -0.540012
0.591735 -0.209787 -0.507131
0.590689 -0.139000 -0.436273
0.534423 -0.076084 -0.373753
0.545658 0.000814 -0.301308
0.475946 0.061649 -0.345092
0.396851 0.099751 -0.370343
0.416542 0.115386 -0.471111
0.426134 0.034220 -0.498219
0.341660 0.013061 -0.471111
0.303502 0.061649 -0.541767
0.339240 0.036114 -0.629370
0.304189 -0.039503 -0.619377
0.212484 -0.025361 -0.603781
0.199606 0.013915 -0.698709
0.218012 -0.060475 -0.757684
0.149973 -0.116347 -0.750865
0.082502 -0.170004 -0.783340
0.011205 -0.222541 -0.763558
0.084205 -0.285724 -0.724669
0.143429 -0.301493 -0.648781
0.227186 -0.336206 -0.599764
0.295912 -0.375349 -0.531741
0.308492 -0.469883 -0.561482
0.317576 -0.541737 -0.617554
0.372139 -0.584055 -0.540316
0.325465 -0.638193 -0.477863
0.300514 -0.704657 -0.424829
0.209765 -0.697747 -0.449135
0.212305 -0.721280 -0.548012
0.248581 -0.794789 -0.523639
0.177075 -0.822218 -0.471753
0.116207 -0.818669 -0.548316
0.159744 -0.870299 -0.611073
0.164465 -0.936550 -0.546426
0.063557 -0.932228 -0.526576
-0.003586 -0.889483 -0.569888
-0.020977 -0.804261 -0.539067
-0.034513 -0.723068 -0.522356
-0.040668 -0.642008 -0.498759
-0.041893 -0.558760 -0.453118
-0.009562 -0.482717 -0.435800
0.082711 -0.505930 -0.435260
0.085251 -0.554144 -0.534746
0.051455 -0.505823 -0.609452
0.045389 -0.467855 -0.721225
-0.012311 -0.424070 -0.781112
-0.098817 -0.459290 -0.774023
-0.095739 -0.487413 -0.678656
-0.088269 -0.414784 -0.634973
-0.163718 -0.379724 -0.672445
-0.223182 -0.432368 -0.629538
-0.199367 -0.423029 -0.530458
-0.210393 -0.341676 -0.527116
-0.301052 -0.337033 -0.552300
-0.330604 -0.383033 -0.468681
-0.285245 -0.341676 -0.384252
-0.301918 -0.260376 -0.381686
-0.385705 -0.259762 -0.338611
-0.357676 -0.299759 -0.245101
-0.270663 -0.246875 -0.220592
-0.280583 -0.160479 -0.255363
-0.356900 -0.133156 -0.206650
-0.399689 -0.109409 -0.121242
-0.471135 -0.162186 -0.129851
-0.422578 -0.232253 -0.124551
-0.383225 -0.219046 -0.032458
-0.460916 -0.212775 0.025167
-0.484432 -0.292821 0.028779
-0.416004 -0.311419 0.102844
-0.437937 -0.285857 0.197502
-0.474870 -0.355577 0.232442
-0.400137 -0.402377 0.220424
-0.341481 -0.356671 0.277137
-0.382030 -0.358939 0.368149
-0.365236 -0.438051 0.385501
-0.272904 -0.430847 0.383172
-0.265165 -0.375829 0.461659
-0.301201 -0.421909 0.535083
-0.234477 -0.479568 0.526036
-0.165362 -0.430794 0.553650
-0.192434 -0.414678 0.649050
-0.193570 -0.493523 0.679095
-0.104703 -0.508411 0.659009
-0.066754 -0.457075 0.724399
-0.097890 -0.492963 0.809908
-0.057670 -0.569673 0.791847
0.035648 -0.542724 0.788978
0.058089 -0.525728 0.884919
0.116656 -0.586216 0.924483
0.162284 -0.647558 0.865136
0.254079 -0.613245 0.917596
0.316172 -0.555372 0.940046
0.276968 -0.476553 0.996017
0.195542 -0.438905 1.000000
0.103807 -0.437944 0.983323
0.115998 -0.400163 0.882623
0.154186 -0.455048 0.814229
0.181109 -0.473511 0.705899
0.219805 -0.523513 0.627648
0.201637 -0.505903 0.528905
0.151617 -0.457716 0.467702
0.162702 -0.505263 0.384319
0.109604 -0.567565 0.418618
0.033048 -0.517483 0.420947
0.035080 -0.491789 0.319875
0.018556 -0.562736 0.273728
-0.067651 -0.565671 0.312246
-0.095709 -0.495657 0.267044
-0.080679 -0.513081 0.167390
-0.137722 -0.578211 0.167086
-0.214307 -0.540003 0.196320
-0.218162 -0.481783 0.122221
-0.218281 -0.530558 0.038535
-0.289548 -0.578665 0.067162
-0.353882 -0.520338 0.070403
-0.342826 -0.498726 -0.034045
-0.340525 -0.573462 -0.084750
-0.403424 -0.623411 -0.018246
-0.443883 -0.611911 0.075601
-0.379430 -0.636165 0.163710
-0.340913 -0.682378 0.239362
-0.266390 -0.724295 0.286893
-0.219088 -0.702523 0.379323
-0.145581 -0.655296 0.401333
-0.188191 -0.632403 0.502338
-0.188699 -0.697667 0.570057
-0.150571 -0.756794 0.626365
-0.151856 -0.801059 0.527386
-0.111815 -0.816241 0.434416
-0.093468 -0.856211 0.348097
-0.028716 -0.886495 0.284260
-0.043477 -0.832677 0.205334
-0.000418 -0.767814 0.244696
0.085221 -0.797964 0.242535
0.087103 -0.817255 0.143489
0.075689 -0.740304 0.108110
0.146208 -0.703030 0.153650
0.209675 -0.751591 0.110777
0.190641 -0.733874 0.011900
0.212305 -0.655216 0.014330
0.299707 -0.663727 0.043632
0.325375 -0.716611 -0.035598
0.311600 -0.667489 -0.114558
0.372916 -0.609456 -0.089543
0.446005 -0.660072 -0.094877
0.433455 -0.694118 -0.189434
0.443943 -0.624371 -0.243582
0.531973 -0.612845 -0.227243
0.560569 -0.685793 -0.261879
0.523188 -0.682111 -0.359473
0.566784 -0.614286 -0.388539
0.653260 -0.650680 -0.367035
0.643847 -0.715143 -0.451566
0.647314 -0.764292 -0.529209
0.618628 -0.836546 -0.563136
0.692852 -0.881025 -0.534914
0.677464 -0.879184 -0.431007
0.609843 -0.935670 -0.425504
0.670561 -1.000000 -0.426753
0.715502 -0.974092 -0.332399
0.629236 -0.930227 -0.288277
0.541774 -0.946316 -0.252460
0.517391 -0.898155 -0.172588
0.471195 -0.836600 -0.220424
0.413016 -0.883613 -0.276766
0.376472 -0.927505 -0.198515
0.344230 -0.861627 -0.149295
0.289906 -0.833531 -0.222078
0.236658 -0.899943 -0.230990
0.206657 -0.906106 -0.133733
0.169934 -0.830543 -0.124010
0.110022 -0.844151 -0.200405
0.066784 -0.909682 -0.163710
0.032809 -0.867924 -0.081104
-0.015658 -0.809678 -0.130661
-0.069593 -0.863495 -0.180420
-0.106406 -0.899969 -0.097848
-0.144326 -0.831397 -0.061929
-0.196259 -0.811305 -0.142881
-0.245533 -0.879024 -0.154258
-0.292685 -0.876676 -0.066723
-0.331321 -0.800979 -0.088126
-0.372766 -0.819390 -0.178766
-0.424162 -0.883026 -0.148654
-0.473436 -0.841616 -0.080530
-0.510518 -0.787772 -0.151996
-0.551664 -0.842923 -0.210161
-0.606257 -0.872540 -0.135454
-0.649166 -0.801406 -0.111486
-0.683709 -0.788519 -0.207899
-0.732863 -0.857225 -0.217318
-0.789428 -0.840682 -0.134543
-0.827347 -0.765759 -0.174884
-0.869390 -0.788812 -0.265491
-0.950248 -0.823819 -0.217588
-1.000000 -0.739317 -0.171272
-0.964442 -0.649452 -0.203545
-0.942539 -0.571114 -0.225892
-0.882209 -0.503582 -0.214584
-0.888006 -0.451312 -0.123200
-0.798661 -0.468735 -0.072327
-0.724108 -0.429139 -0.114659
-0.699695 -0.374788 -0.036813
-0.653260 -0.433595 0.040020
-0.587492 -0.489120 -0.036611
-0.521903 -0.474979 -0.109528
-0.446991 -0.516790 -0.150409
-0.396044 -0.541657 -0.230484
-0.437758 -0.612391 -0.252696
-0.513118 -0.578558 -0.292328
-0.469252 -0.544325 -0.372031
-0.435815 -0.612791 -0.415107
-0.520857 -0.641661 -0.437725
-0.553696 -0.579305 -0.498489
-0.484043 -0.591312 -0.574749
-0.445019 -0.663380 -0.599662
-0.368224 -0.701002 -0.570158
-0.315664 -0.761170 -0.542577
-0.273890 -0.798311 -0.464866
-0.190791 -0.766373 -0.487484
-0.215144 -0.687394 -0.464292
-0.235104 -0.700388 -0.367001
-0.153589 -0.728778 -0.338813
-0.102193 -0.663967 -0.364200
-0.147523 -0.611110 -0.300397
-0.139694 -0.648705 -0.210094
-0.048856 -0.651507 -0.204017
-0.034005 -0.568526 -0.212491
-0.086087 -0.544485 -0.131268
-0.038367 -0.584135 -0.061018
0.042102 -0.549608 -0.076276
0.014672 -0.470203 -0.061423
-0.016494 -0.476687 0.044004
0.057282 -0.495044 0.105241
0.125052 -0.437838 0.097206
0.088418 -0.361394 0.095924
0.049035 -0.357685 0.188995
0.117642 -0.384260 0.248139
0.177075 -0.323479 0.227850
0.124305 -0.261043 0.255971
0.111397 -0.286044 0.354511
0.198769 -0.287245 0.383273
0.216279 -0.207279 0.363626
0.153081 -0.174327 0.425200
0.183171 -0.208133 0.515065
0.267645 -0.179263 0.509359
0.246041 -0.099324 0.511486
0.192105 -0.097883 0.595746
0.257874 -0.119228 0.663735
0.313064 -0.046600 0.639598
0.227395 0.010553 0.647599
0.168619 0.046493 0.713697
0.143728 0.106848 0.647059
0.101088 0.056392 0.579711
0.043836 0.019998 0.645843
0.000269 0.088918 0.675348
-0.029433 0.111837 0.582176
-0.076764 0.042037 0.563271
-0.134256 0.048254 0.641455
-0.170382 0.120296 0.611073
-0.203968 0.094014 0.520095
-0.258740 0.034433 0.557836
-0.308283 0.077951 0.628964
-0.344499 0.131555 0.560233
-0.392787 0.066585 0.506895
-0.462350 0.052550 0.574344
-0.542431 0.053831 0.621403
-0.595261 0.051163 0.701848
-0.608199 -0.036141 0.716432
-0.543148 -0.090038 0.671804
-0.501763 -0.164187 0.646046
-0.472390 -0.137212 0.546932
-0.420427 -0.108742 0.469052
-0.413076 -0.078885 0.376622
-0.414391 -0.083955 0.276125
-0.375306 -0.072642 0.186294
-0.388693 0.008311 0.187948
-0.335863 0.025041 0.270487
-0.257246 -0.006764 0.237944
-0.249089 0.043078 0.151186
-0.235732 0.115466 0.222955
-0.152961 0.109996 0.273323
-0.064603 0.137559 0.274639
-0.024204 0.080059 0.335640
-0.044075 0.014422 0.280749
0.002032 0.040437 0.195881
0.083607 0.050336 0.240780
0.095052 -0.028563 0.264782
0.091675 -0.059834 0.170664
0.159535 -0.012420 0.130458
0.227963 -0.035474 0.196962
0.226050 -0.114185 0.174243
0.241947 -0.103539 0.070065
0.326750 -0.069600 0.087518
0.365774 -0.130622 0.143624
0.304966 -0.199541 0.097240
0.292805 -0.240258 0.011663
0.273770 -0.310912 -0.030365
0.326361 -0.271582 -0.114862
0.407907 -0.238550 -0.148485
0.373244 -0.264698 -0.261541
0.343961 -0.256827 -0.371390
0.324957 -0.277319 -0.481948
0.348921 -0.276972 -0.600911
0.327497 -0.277372 -0.714575
0.322327 -0.247915 -0.810853
0.288054 -0.237856 -0.915942
0.370555 -0.172566 -0.921377
0.414958 -0.103966 -0.906389
0.455866 -0.043558 -0.825538
0.475796 0.018050 -0.746240
0.551844 0.045186 -0.667482
0.600699 0.107328 -0.701848
0.669037 0.068026 -0.764605
0.615192 -0.008045 -0.792995
0.593348 -0.087317 -0.832931
0.531106 -0.155409 -0.834113
0.493307 -0.223582 -0.873542
0.445616 -0.290260 -0.877694
0.461752 -0.340342 -0.792151
0.484253 -0.306482 -0.696447
0.495488 -0.293808 -0.594362
0.458435 -0.245381 -0.503958
0.468147 -0.199941 -0.404338
0.434859 -0.160185 -0.315655
0.462230 -0.126539 -0.219512
0.416841 -0.115199 -0.129277
0.491245 -0.106394 -0.070369
0.522650 -0.038249 -0.117191
0.449650 0.010980 -0.108380
0.446423 0.003375 0.000051
0.545389 0.037395 0.005283
0.549274 0.117788 -0.020103
0.563796 0.197647 0.004540
0.507650 0.228091 -0.072023
0.428554 0.191697 -0.019732
0.469521 0.181371 0.091434
0.490319 0.197567 0.185957
0.509024 0.123604 0.220727
0.497131 0.045426 0.186125
0.495129 0.012154 0.291248
0.408922 0.045800 0.327369
0.322955 0.063970 0.366900
0.253003 0.122457 0.309444
0.168679 0.150366 0.289729
0.184695 0.228811 0.262891
0.193211 0.217098 0.159727
0.093169 0.213709 0.153245
0.079394 0.300372 0.189670
0.160730 0.355124 0.168571
0.252794 0.338501 0.190750
0.301231 0.362728 0.093426
0.303741 0.325213 0.002042
0.280016 0.281268 -0.080631
0.290175 0.218085 -0.144974
0.268242 0.169631 -0.220120
0.214696 0.106981 -0.251988
0.298183 0.054978 -0.253405
0.326271 0.035927 -0.154494
0.235164 -0.015355 -0.145244
0.200592 -0.104100 -0.169381
0.153230 -0.166562 -0.126103
0.103120 -0.172512 -0.227513
0.123140 -0.124325 -0.311030
0.089643 -0.110717 -0.426450
0.014911 -0.130675 -0.491771
-0.016554 -0.206879 -0.511014
0.051874 -0.235348 -0.431142
0.015239 -0.230252 -0.335370
-0.040041 -0.261096 -0.264951
-0.118957 -0.295703 -0.229640
-0.107811 -0.272089 -0.123167
-0.115431 -0.196686 -0.088902
-0.196378 -0.203997 -0.038332
-0.171727 -0.265792 0.023107
-0.099175 -0.228278 0.068647
-0.143818 -0.165255 0.107300
-0.202833 -0.209707 0.164655
-0.145252 -0.254959 0.221808
-0.100879 -0.190923 0.265221
-0.172414 -0.152874 0.308701
-0.199337 -0.216511 0.366664
-0.122901 -0.231186 0.419023
-0.113429 -0.157063 0.460478
-0.192404 -0.149539 0.508887
-0.187832 -0.215977 0.570158
-0.108707 -0.202796 0.615495
-0.126516 -0.125285 0.654351
-0.196468 -0.148525 0.716195
-0.144236 -0.211041 0.772470
-0.043836 -0.175527 0.763794
0.049752 -0.181557 0.781585
0.142025 -0.184999 0.740906
0.235762 -0.226303 0.761026
0.311929 -0.269821 0.777298
0.380476 -0.307310 0.821993
0.453804 -0.305282 0.882150
0.528955 -0.309257 0.813993
0.524712 -0.300426 0.710524
0.549423 -0.281481 0.613098
0.537650 -0.272383 0.509629
0.503018 -0.290420 0.410617
0.511504 -0.316381 0.304144
0.513118 -0.344664 0.203815
0.489661 -0.402351 0.110642
0.481952 -0.458810 0.026922
0.409729 -0.506971 -0.038569
0.364997 -0.439705 -0.088564
0.353792 -0.404192 0.014837
0.349788 -0.368811 0.113478
0.384898 -0.396321 0.222449
0.431423 -0.426444 0.301409
0.497520 -0.469162 0.349346
0.426791 -0.470176 0.441033
0.365864 -0.450912 0.511182
0.295494 -0.413424 0.566849
0.272725 -0.374868 0.667989
0.189715 -0.347439 0.737902
0.120421 -0.303974 0.793231
0.024951 -0.299598 0.842282
-0.030867 -0.244287 0.895215
-0.104763 -0.203036 0.923673
-0.174834 -0.138813 0.928095
