0.899607 0.437404 0.953027
0.931269 0.504066 0.921952
0.933556 0.582886 0.872628
0.952377 0.661207 0.836301
0.969187 0.718855 0.783777
0.978060 0.753529 0.726441
0.994021 0.813056 0.676881
0.994212 0.848305 0.620329
0.992236 0.924363 0.571741
1.000000 0.943733 0.517337
0.966050 0.962182 0.467698
0.942481 1.000000 0.421306
0.916833 0.981321 0.371479
0.885691 0.979096 0.326341
0.838691 0.900008 0.302760
0.783044 0.908101 0.282159
0.731591 0.893180 0.265806
0.682079 0.847959 0.254031
0.629569 0.842820 0.241881
0.575273 0.854633 0.241065
0.524895 0.821341 0.236832
0.471691 0.819155 0.236471
0.422630 0.778230 0.239670
0.376445 0.742482 0.223051
0.325737 0.753260 0.211950
0.275514 0.729825 0.219915
0.233298 0.668457 0.215180
0.190891 0.632479 0.194030
0.140235 0.611384 0.207607
0.091278 0.590672 0.197996
0.054191 0.552317 0.167847
0.010433 0.490104 0.168583
-0.024903 0.407372 0.155743
-0.057761 0.483009 0.134498
-0.033309 0.468702 0.090473
-0.046427 0.350568 0.084907
-0.098452 0.364222 0.089078
-0.100879 0.440741 0.052719
-0.081036 0.368825 0.018367
-0.117966 0.282218 0.023604
-0.161465 0.348650 0.016486
-0.146353 0.393526 -0.026489
-0.141552 0.289813 -0.048956
-0.192538 0.255101 -0.041039
-0.216003 0.352332 -0.062252
-0.194305 0.340288 -0.105650
-0.215084 0.227562 -0.111733
-0.268461 0.276082 -0.110651
-0.269206 0.363455 -0.144438
-0.260489 0.294914 -0.185281
-0.313745 0.243211 -0.184842
-0.351715 0.343587 -0.193857
-0.349739 0.355055 -0.249108
-0.381869 0.375422 -0.287803
-0.395976 0.430884 -0.331499
-0.418263 0.480170 -0.371542
-0.431537 0.488033 -0.422325
-0.417257 0.538624 -0.468890
-0.394884 0.600299 -0.516223
-0.356099 0.653460 -0.559606
-0.309048 0.695919 -0.584927
-0.252899 0.685870 -0.616989
-0.197875 0.688977 -0.645916
-0.141847 0.732894 -0.648064
-0.075941 0.711491 -0.649742
-0.018717 0.704280 -0.670359
0.045232 0.717513 -0.672852
0.100359 0.694078 -0.678888
0.155538 0.665618 -0.697154
0.211323 0.596502 -0.701512
0.264596 0.560218 -0.726739
0.318909 0.489759 -0.713710
0.362650 0.410364 -0.735111
0.411989 0.333576 -0.711578
0.454396 0.224149 -0.720028
0.489281 0.126342 -0.704522
0.537754 0.041117 -0.688515
0.572258 -0.033944 -0.649491
0.612273 -0.114951 -0.631131
0.624318 -0.231896 -0.595227
0.630938 -0.329165 -0.555090
0.639828 -0.411131 -0.518199
0.621822 -0.485770 -0.469815
0.617888 -0.593510 -0.438050
0.590368 -0.632748 -0.385794
0.572085 -0.642950 -0.335638
0.529089 -0.657640 -0.291315
0.478901 -0.673519 -0.269161
0.432854 -0.690626 -0.245361
0.389772 -0.643104 -0.210884
0.343518 -0.639652 -0.185312
0.319949 -0.555078 -0.157436
0.279292 -0.519408 -0.131692
0.245013 -0.433645 -0.112376
0.254909 -0.426665 -0.061624
0.288287 -0.309643 -0.066610
0.258080 -0.214330 -0.063035
0.250957 -0.118671 -0.035614
0.207182 -0.053122 -0.012190
0.222051 0.027769 0.021723
0.200423 0.120627 -0.008098
0.153770 0.101220 0.015263
0.121016 0.095850 0.054412
0.129803 0.031183 0.097074
0.097395 0.039046 0.134012
0.116632 -0.068733 0.170637
0.178344 -0.084995 0.186159
0.191238 -0.044377 0.240611
0.208741 -0.120474 0.288885
0.227648 -0.219354 0.317232
0.271667 -0.313478 0.330590
0.283625 -0.322683 0.387707
0.272239 -0.446034 0.417621
0.263764 -0.549708 0.450107
0.249744 -0.629296 0.483283
0.209642 -0.665426 0.524408
0.188257 -0.775238 0.550246
0.158761 -0.818541 0.596513
0.135504 -0.907065 0.632088
0.119716 -0.930002 0.682573
0.085819 -0.978559 0.729765
0.061574 -0.987956 0.777945
0.039530 -0.975606 0.833306
0.012304 -0.932571 0.878758
-0.037364 -0.949448 0.918440
-0.079823 -0.947875 0.957025
-0.136700 -0.896517 0.978379
-0.198378 -0.937021 0.994779
-0.257474 -0.961568 0.994215
-0.318978 -1.000000 0.996065
-0.386132 -0.984658 1.000000
-0.441450 -0.957809 0.985309
-0.502088 -0.973305 0.960271
-0.559312 -0.989567 0.947618
-0.608929 -0.951020 0.909096
-0.664870 -0.951634 0.886221
-0.717744 -0.905071 0.853374
-0.749597 -0.842283 0.806794
-0.799854 -0.849494 0.766327
-0.827548 -0.834075 0.719401
-0.856507 -0.877301 0.667051
-0.882380 -0.888770 0.619482
-0.882866 -0.941278 0.561550
-0.907925 -0.974110 0.511959
-0.916417 -0.953437 0.452333
-0.932101 -0.954319 0.399654
-0.952810 -0.925054 0.353606
-0.967263 -0.845236 0.304642
-0.991942 -0.778728 0.259440
-0.982965 -0.680730 0.216669
-1.000000 -0.617252 0.172017
-0.991890 -0.567927 0.115370
-0.988233 -0.525851 0.067410
-0.992479 -0.535555 0.007487
-0.996517 -0.518257 -0.044064
-0.978909 -0.559067 -0.099096
-0.998839 -0.571648 -0.149236
-0.995044 -0.564207 -0.208861
-0.972982 -0.581582 -0.258719
-0.968858 -0.579626 -0.311446
-0.955600 -0.543955 -0.366791
-0.952290 -0.531375 -0.419847
-0.935619 -0.453437 -0.458291
-0.904043 -0.427777 -0.509529
-0.875466 -0.388002 -0.549916
-0.824047 -0.382364 -0.587137
-0.788434 -0.378720 -0.632025
-0.744675 -0.336415 -0.669293
-0.687226 -0.310755 -0.693328
-0.650243 -0.351987 -0.736867
-0.608738 -0.289276 -0.771642
-0.561531 -0.288585 -0.803736
-0.521169 -0.292651 -0.840847
-0.504515 -0.214867 -0.887836
-0.458468 -0.192851 -0.928490
-0.422214 -0.128836 -0.958201
-0.364920 -0.081927 -0.973017
-0.318389 -0.052048 -0.996519
-0.259744 -0.011238 -0.986814
-0.208429 0.022591 -1.000000
-0.160234 0.028613 -0.959628
-0.108868 -0.000499 -0.934934
-0.062042 -0.013194 -0.910429
-0.031628 -0.042421 -0.869225
0.008682 -0.052508 -0.837476
0.036064 -0.091132 -0.798515
0.053169 -0.088754 -0.753142
0.082422 -0.119247 -0.715905
0.099024 -0.162742 -0.674404
0.116926 -0.146824 -0.631523
0.130704 -0.181612 -0.589113
0.128018 -0.197338 -0.544586
0.166282 -0.207119 -0.513872
0.198828 -0.273665 -0.488018
0.187980 -0.359351 -0.455155
0.210994 -0.405147 -0.420522
0.193837 -0.476603 -0.381372
0.172591 -0.390265 -0.348008
0.135660 -0.389153 -0.308373
0.109873 -0.359389 -0.268895
0.095853 -0.370589 -0.217469
0.072527 -0.375460 -0.173726
0.072353 -0.333154 -0.122081
0.019271 -0.254257 -0.118177
-0.034088 -0.218165 -0.093954
-0.079320 -0.138539 -0.086146
-0.132905 -0.131098 -0.058473
-0.192330 -0.119937 -0.047827
-0.241443 -0.117367 -0.011328
-0.293000 -0.134397 0.013131
-0.326777 -0.155723 0.053660
-0.366792 -0.086990 0.073305
-0.340069 -0.058837 0.124245
-0.320330 -0.054043 0.168897
-0.274093 -0.075100 0.204205
-0.240334 -0.125192 0.237553
-0.188604 -0.137389 0.249532
-0.197095 -0.201212 0.289700
-0.219677 -0.293572 0.267891
-0.178223 -0.320459 0.240611
-0.140114 -0.336568 0.273849
-0.163943 -0.424785 0.299640
-0.172539 -0.506712 0.257418
-0.122247 -0.505600 0.231282
-0.071660 -0.547330 0.224885
-0.063862 -0.448757 0.187507
-0.064849 -0.333384 0.217297
-0.056860 -0.202823 0.221483
-0.060274 -0.094392 0.257826
-0.051107 0.041539 0.258061
-0.066218 0.157103 0.263815
-0.013933 0.198489 0.260318
-0.009046 0.148435 0.208626
-0.068749 0.110463 0.192572
-0.121917 0.087335 0.176235
-0.107516 -0.047752 0.170292
-0.098141 -0.163087 0.156668
-0.066010 -0.263079 0.148781
-0.067726 -0.373542 0.116719
-0.049235 -0.500153 0.105305
-0.034782 -0.594929 0.067034
-0.018647 -0.688478 0.034736
-0.069078 -0.687021 0.000525
-0.030952 -0.606704 -0.006608
-0.000104 -0.512964 0.005197
-0.026567 -0.413739 0.036962
-0.055959 -0.299210 0.048909
-0.090221 -0.216593 0.078965
-0.127012 -0.117789 0.088748
-0.167478 -0.073335 0.123774
-0.209417 0.008285 0.135455
-0.255637 0.057456 0.150459
-0.279084 0.049517 0.105085
-0.259935 -0.040848 0.071596
-0.210804 -0.043380 0.054553
-0.166958 -0.105631 0.023040
-0.115037 -0.158638 0.013037
-0.075733 -0.229787 -0.019324
-0.019479 -0.294722 -0.020453
0.007053 -0.387657 -0.049191
-0.005910 -0.415695 -0.096070
-0.003431 -0.463064 -0.146085
-0.066132 -0.445689 -0.152811
-0.119474 -0.437481 -0.154567
-0.125366 -0.539851 -0.129105
-0.101000 -0.501726 -0.089469
-0.132593 -0.409136 -0.080752
-0.177720 -0.474072 -0.077444
-0.161170 -0.547215 -0.042214
-0.151621 -0.465825 -0.009070
-0.199366 -0.416807 -0.006530
-0.222138 -0.520980 0.007612
-0.195085 -0.534098 0.048627
-0.211826 -0.433147 0.069056
-0.263193 -0.454127 0.068225
-0.258150 -0.555347 0.095616
-0.242500 -0.498006 0.135110
-0.284509 -0.427508 0.140801
-0.318441 -0.517298 0.146492
-0.295513 -0.565818 0.186786
-0.309187 -0.463984 0.214694
-0.357330 -0.402117 0.198765
-0.362598 -0.344431 0.152811
-0.381020 -0.303352 0.107594
-0.351264 -0.321993 0.067363
-0.333276 -0.301434 0.016894
-0.322496 -0.276657 -0.036351
-0.306327 -0.158561 -0.057564
-0.266485 -0.115488 -0.084813
-0.228862 -0.161898 -0.113661
-0.171100 -0.112918 -0.124119
-0.126354 -0.061100 -0.142040
-0.078142 0.013578 -0.134373
-0.031368 -0.079779 -0.145113
0.019843 -0.118441 -0.170998
0.070187 -0.188056 -0.176093
0.120202 -0.204396 -0.204362
0.167548 -0.271172 -0.230984
0.225655 -0.272745 -0.254502
0.268478 -0.292843 -0.292773
0.307003 -0.276273 -0.327799
0.361368 -0.299824 -0.322656
0.383828 -0.169032 -0.315585
0.400846 -0.055308 -0.312402
0.393376 0.077133 -0.305441
0.389425 0.201557 -0.310709
0.370761 0.292152 -0.284636
0.395387 0.377608 -0.310176
0.362130 0.358929 -0.348416
0.313675 0.367482 -0.328583
0.318164 0.482011 -0.313892
0.327401 0.529495 -0.358011
0.281458 0.487113 -0.380275
0.244892 0.493825 -0.336297
0.230283 0.586721 -0.309047
0.176559 0.561982 -0.307871
0.188118 0.442352 -0.283946
0.236262 0.461184 -0.251680
0.269206 0.421985 -0.207121
0.326655 0.435026 -0.184654
0.351195 0.407640 -0.135361
0.387068 0.343817 -0.109758
0.372892 0.396287 -0.066328
0.319221 0.340250 -0.069762
0.326084 0.246203 -0.113113
0.338371 0.159481 -0.148029
0.294595 0.205815 -0.179919
0.254164 0.239299 -0.210806
0.208152 0.302662 -0.225967
0.159610 0.287435 -0.256038
0.113790 0.339905 -0.281876
0.068593 0.313747 -0.306601
0.021004 0.333845 -0.332424
0.021836 0.208960 -0.358450
0.008526 0.201404 -0.311556
0.016204 0.220236 -0.262278
0.073896 0.194078 -0.247650
0.120046 0.146824 -0.222267
0.179020 0.128107 -0.221122
0.228376 0.063977 -0.210100
0.285982 0.064974 -0.223599
0.338319 0.006981 -0.225685
0.384850 -0.036706 -0.240438
0.364158 -0.150736 -0.249500
0.306362 -0.158791 -0.260616
0.267542 -0.123849 -0.230325
0.206315 -0.110924 -0.221702
0.157028 -0.043035 -0.207247
0.097291 -0.027424 -0.202966
0.053671 0.070881 -0.189593
-0.004835 0.084382 -0.201210
-0.039859 -0.005753 -0.209724
-0.087448 -0.075637 -0.223443
-0.057640 -0.149854 -0.262121
-0.027520 -0.212450 -0.293494
-0.023638 -0.130025 -0.327830
0.011698 -0.057188 -0.306241
0.053013 -0.134244 -0.309471
0.053602 -0.139422 -0.358450
0.057744 -0.025276 -0.368673
0.102820 -0.007824 -0.343446
0.132471 -0.086299 -0.369300
0.126510 -0.042766 -0.413780
0.148536 0.064360 -0.401519
0.197945 0.027040 -0.381545
0.227181 -0.042421 -0.410472
0.248635 0.040580 -0.439101
0.273105 0.095044 -0.403118
0.304871 0.009282 -0.387848
0.330520 -0.006098 -0.429772
0.354314 0.104902 -0.427342
0.378923 0.074716 -0.379569
0.420602 0.006214 -0.380949
0.470028 -0.032909 -0.375195
0.519158 -0.073105 -0.386358
