-0.938401 0.705180 0.512429
-0.949337 0.628882 0.512673
-0.963997 0.554002 0.514473
-0.950578 0.471167 0.537952
-0.965027 0.400637 0.550611
-0.960933 0.317500 0.562332
-0.975461 0.246551 0.590818
-0.992181 0.177185 0.608353
-0.980163 0.092024 0.613060
-1.000000 0.022192 0.638114
-0.982566 -0.062644 0.636483
-0.993106 -0.134779 0.653642
-0.972820 -0.215334 0.649573
-0.995404 -0.284677 0.664444
-0.969808 -0.363512 0.654768
-0.984917 -0.435577 0.664313
-0.941096 -0.510154 0.659118
-0.954567 -0.585103 0.670727
-0.918670 -0.659843 0.656774
-0.929236 -0.730768 0.659944
-0.896772 -0.799391 0.631213
-0.883512 -0.870618 0.619942
-0.870199 -0.932052 0.591831
-0.881029 -0.965131 0.527825
-0.896772 -1.000000 0.479667
-0.921602 -0.983228 0.412979
-0.942443 -0.970132 0.354656
-0.961514 -0.903440 0.313492
-0.972899 -0.860592 0.267340
-0.978763 -0.785550 0.253875
-0.985947 -0.731792 0.216837
-0.955967 -0.658099 0.214980
-0.946880 -0.596036 0.179705
-0.927571 -0.538138 0.225426
-0.836732 -0.534369 0.228051
-0.796661 -0.464630 0.199827
-0.789661 -0.408407 0.248230
-0.701807 -0.415618 0.276623
-0.627608 -0.375701 0.257588
-0.561070 -0.345484 0.230508
-0.510249 -0.400568 0.256763
-0.449628 -0.457373 0.248155
-0.416398 -0.525134 0.268446
-0.358920 -0.583172 0.245661
-0.314412 -0.640769 0.230339
-0.245444 -0.670404 0.200034
-0.239606 -0.746889 0.215243
-0.194913 -0.780293 0.253575
-0.149691 -0.790691 0.297946
-0.091236 -0.812673 0.332077
-0.065719 -0.839215 0.383349
-0.071847 -0.765475 0.407372
-0.132257 -0.714020 0.391919
-0.126393 -0.683524 0.336784
-0.175022 -0.633371 0.298452
-0.210682 -0.589802 0.261639
-0.254002 -0.521366 0.247161
-0.321015 -0.476099 0.225651
-0.352686 -0.407197 0.209148
-0.423055 -0.364465 0.193601
-0.453326 -0.296425 0.174341
-0.489883 -0.241480 0.148443
-0.492947 -0.175952 0.129389
-0.474748 -0.101607 0.130683
-0.506155 -0.029217 0.137003
-0.489276 0.047012 0.127458
-0.495906 0.119659 0.130890
-0.475672 0.186397 0.108254
-0.480982 0.253390 0.092295
-0.487347 0.297146 0.046630
-0.405991 0.303473 0.037047
-0.402161 0.247203 -0.000328
-0.427730 0.280560 -0.048112
-0.357415 0.317081 -0.055351
-0.313699 0.261137 -0.072848
-0.352184 0.251506 -0.123707
-0.334513 0.316337 -0.145405
-0.254398 0.308637 -0.141767
-0.248772 0.251064 -0.176592
-0.277088 0.285654 -0.224170
-0.219821 0.335737 -0.226214
-0.156532 0.289795 -0.229721
-0.180543 0.259532 -0.279605
-0.181336 0.318012 -0.311898
-0.103651 0.335062 -0.303478
-0.073485 0.275629 -0.327539
-0.103043 0.288748 -0.380798
-0.066353 0.350857 -0.389913
0.010117 0.327456 -0.383293
0.006604 0.278443 -0.426013
-0.009166 0.324339 -0.468227
0.057187 0.364814 -0.462301
0.110782 0.312964 -0.471040
0.086824 0.299658 -0.525162
0.100111 0.363977 -0.548042
0.180807 0.364163 -0.536133
0.198373 0.306334 -0.569196
0.171456 0.331713 -0.619849
0.222727 0.387448 -0.621274
0.291590 0.348764 -0.621912
0.277854 0.313383 -0.671439
0.273575 0.373351 -0.705477
0.353320 0.393031 -0.695838
0.390776 0.330875 -0.716842
0.358471 0.327107 -0.773815
0.405885 0.387053 -0.794931
0.479925 0.339738 -0.804945
0.506260 0.334690 -0.872683
0.585107 0.348880 -0.910977
0.635084 0.389239 -0.950585
0.698822 0.445928 -0.978527
0.747055 0.497802 -1.000000
0.779096 0.579474 -0.992930
0.806593 0.646491 -0.999269
0.791035 0.728326 -0.975396
0.771092 0.801484 -0.957655
0.720191 0.867385 -0.945428
0.641423 0.913908 -0.929843
0.583655 0.962037 -0.906420
0.493925 0.966084 -0.878159
0.427704 1.000000 -0.855636
0.346690 0.984089 -0.815710
0.291167 0.978506 -0.756805
0.233134 0.995673 -0.713822
0.191426 0.926865 -0.705646
0.230493 0.891577 -0.659175
0.207988 0.924911 -0.607246
0.129748 0.902812 -0.598376
0.143589 0.831887 -0.590950
0.193486 0.838424 -0.545998
0.140287 0.871456 -0.510310
0.084183 0.818861 -0.509935
0.134106 0.768755 -0.488518
0.151857 0.802996 -0.439515
0.075096 0.803741 -0.419562
0.063976 0.732350 -0.417780
0.126367 0.716579 -0.383368
0.100375 0.756496 -0.338641
0.030007 0.722185 -0.331364
0.059855 0.656494 -0.322831
0.104549 0.674056 -0.276885
0.040414 0.693131 -0.243186
0.000211 0.630487 -0.245061
0.060516 0.589825 -0.223176
0.064108 0.623276 -0.172016
-0.011913 0.608923 -0.155438
-0.007634 0.537812 -0.158589
0.050901 0.532113 -0.118344
0.007185 0.559515 -0.074761
-0.052195 0.510061 -0.075680
-0.005970 0.453697 -0.065384
0.018939 0.475191 -0.013156
-0.055259 0.476796 0.010811
-0.073564 0.407988 0.000703
-0.013339 0.379306 0.030634
-0.035528 0.407034 0.082225
-0.108722 0.372351 0.082168
-0.081383 0.304427 0.078305
-0.039859 0.303961 0.127589
-0.104311 0.315941 0.161645
-0.147657 0.258810 0.144955
-0.092609 0.210472 0.161008
-0.092741 0.224848 0.217437
-0.171932 0.212845 0.227451
-0.174838 0.145502 0.207648
-0.118839 0.118030 0.243561
-0.155634 0.133406 0.293257
-0.222621 0.094536 0.281911
-0.184056 0.032008 0.275441
-0.146416 0.029147 0.326376
-0.213561 0.032543 0.358275
-0.246949 -0.027146 0.335471
-0.188626 -0.073507 0.347586
-0.186724 -0.060969 0.404428
-0.263220 -0.080416 0.414686
-0.256194 -0.148712 0.393532
-0.195943 -0.170788 0.425638
-0.231470 -0.157133 0.477622
-0.291193 -0.205332 0.468283
-0.244255 -0.262393 0.461401
-0.208358 -0.259880 0.512823
-0.276903 -0.267580 0.543222
-0.298140 -0.331178 0.521674
-0.230783 -0.366698 0.536264
-0.235723 -0.354509 0.593444
-0.309948 -0.385936 0.598807
-0.282873 -0.451139 0.581479
-0.223784 -0.461281 0.620205
-0.274605 -0.453023 0.667482
-0.321544 -0.513992 0.649835
-0.259417 -0.564656 0.645222
-0.222859 -0.558422 0.702495
-0.284880 -0.587476 0.740096
-0.267183 -0.626998 0.787767
-0.267817 -0.645630 0.845528
-0.189075 -0.619903 0.880165
-0.167732 -0.560771 0.921292
-0.156189 -0.502966 0.957748
-0.128454 -0.444486 0.984585
-0.093243 -0.369467 0.981903
-0.079349 -0.303613 1.000000
-0.056580 -0.233757 0.977102
-0.052354 -0.164996 0.967406
-0.038143 -0.106865 0.936632
0.001558 -0.095210 0.891230
0.026098 -0.055037 0.852542
0.055048 -0.059597 0.801663
0.099424 -0.021889 0.767382
0.112024 -0.007793 0.711197
0.171562 0.002675 0.671514
0.189867 0.026472 0.614729
0.274262 0.064807 0.631795
0.326615 0.113773 0.654486
0.272016 0.158413 0.679616
0.254794 0.114681 0.724530
0.331423 0.117542 0.745328
0.333509 0.187932 0.752736
0.272545 0.195608 0.791218
0.317132 0.154761 0.834051
0.406017 0.151760 0.824824
0.452560 0.131057 0.779778
0.545090 0.126730 0.760425
0.561651 0.067738 0.725862
0.589334 0.026169 0.681510
0.528871 -0.038591 0.663694
0.462703 -0.085161 0.672208
0.370384 -0.091930 0.663732
0.281763 -0.098793 0.664894
0.208965 -0.087534 0.626450
0.123673 -0.058434 0.607959
0.076179 -0.026263 0.567920
0.017909 -0.088627 0.578216
-0.033652 -0.136360 0.602689
-0.029690 -0.182861 0.553986
0.059406 -0.197795 0.565801
0.137303 -0.204238 0.582867
0.214037 -0.192910 0.599276
0.302314 -0.158575 0.593200
0.377199 -0.125334 0.578760
0.435866 -0.059899 0.587930
0.476808 0.005653 0.589618
0.506128 0.067808 0.622137
0.520471 0.141850 0.629319
0.543769 0.190002 0.677647
0.596228 0.243365 0.644341
0.565587 0.276931 0.598638
0.516192 0.329177 0.614823
0.478631 0.287771 0.658593
0.444794 0.224685 0.639971
0.392995 0.175882 0.614860
0.419172 0.123822 0.574109
0.414892 0.075089 0.526175
0.449020 0.026286 0.488799
0.456548 -0.004210 0.430045
0.550267 0.012399 0.420124
0.641133 -0.013771 0.410129
0.731497 0.008816 0.400658
0.825453 -0.014678 0.410954
0.853294 -0.087464 0.378229
0.812853 -0.148270 0.357507
0.769481 -0.200261 0.385862
0.704210 -0.193794 0.339935
0.646099 -0.205936 0.297664
0.594775 -0.175557 0.250968
0.575466 -0.236758 0.222650
0.480295 -0.249971 0.223551
0.395293 -0.258345 0.225445
0.322785 -0.253251 0.248549
0.338924 -0.287818 0.298133
0.393233 -0.240271 0.317337
0.344419 -0.181977 0.315818
0.289371 -0.209565 0.353212
0.341460 -0.226616 0.399889
0.430319 -0.223127 0.399908
0.525331 -0.210426 0.414198
0.584474 -0.212915 0.461926
0.601511 -0.158901 0.508997
0.588753 -0.105934 0.547517
0.676766 -0.093768 0.550161
0.680437 -0.088720 0.482555
0.633208 -0.118961 0.436196
0.544984 -0.101072 0.408666
0.454726 -0.116797 0.407278
0.379259 -0.127219 0.427344
0.310053 -0.119472 0.383818
0.235855 -0.102887 0.363770
0.195282 -0.117100 0.411985
0.233715 -0.067296 0.444898
0.215252 -0.010328 0.412698
0.136299 -0.016120 0.419562
0.132786 -0.009491 0.476666
0.166464 0.056270 0.478654
0.115880 0.093419 0.437678
0.037588 0.087953 0.458794
0.034497 0.129777 0.510666
0.088806 0.193584 0.486999
0.146812 0.239689 0.475560
0.227772 0.240713 0.450280
0.314253 0.242388 0.441991
0.396402 0.246179 0.415605
0.483808 0.221661 0.415511
0.569364 0.229454 0.392969
0.654261 0.205099 0.393794
0.742115 0.221359 0.370596
0.826351 0.194026 0.349968
0.908474 0.191235 0.329451
0.992630 0.192305 0.327745
0.993608 0.262300 0.355744
0.926224 0.286678 0.389012
0.848777 0.301124 0.370053
0.769454 0.329573 0.390288
0.677109 0.319547 0.376241
0.584500 0.332899 0.364577
0.493396 0.315313 0.367521
0.404723 0.340576 0.369340
0.315785 0.325386 0.380686
0.234006 0.335574 0.397920
0.226531 0.260113 0.367146
0.204818 0.177604 0.371384
0.180147 0.111331 0.333165
0.144250 0.037009 0.325232
0.099054 -0.018354 0.305634
0.083892 -0.086673 0.286731
0.074568 -0.136384 0.245042
0.022030 -0.102631 0.211511
0.086032 -0.049455 0.205716
0.165038 -0.062807 0.215074
0.185720 -0.005746 0.245605
0.179988 0.062784 0.240447
0.201384 0.133592 0.246148
0.210629 0.202052 0.283599
0.232712 0.283445 0.285306
0.250647 0.357417 0.298602
0.309868 0.401917 0.314411
0.389799 0.431134 0.319418
0.473665 0.426388 0.353006
0.567964 0.437042 0.342035
0.644276 0.410570 0.314092
0.621903 0.364000 0.267115
0.543663 0.366117 0.240766
0.490095 0.331131 0.202528
0.480163 0.258950 0.187881
0.397036 0.255810 0.182799
0.401421 0.321827 0.143042
0.439141 0.338063 0.093008
0.369777 0.313173 0.047099
0.327725 0.269906 0.011149
0.389746 0.212240 0.015969
0.405040 0.226058 0.079974
0.338370 0.196353 0.118812
0.307253 0.168252 0.170778
0.230519 0.189141 0.169015
0.185852 0.129777 0.153600
0.225606 0.061527 0.157370
0.254055 -0.007327 0.161270
0.294495 -0.069204 0.166334
0.371969 -0.112587 0.150918
0.416636 -0.181837 0.130552
0.436420 -0.239387 0.099684
0.349860 -0.263346 0.103810
0.310423 -0.185862 0.096383
0.268001 -0.134802 0.062683
0.253077 -0.051408 0.067709
0.283507 -0.005560 0.025045
0.306461 0.035149 -0.027690
0.347245 -0.011352 -0.065028
0.341988 -0.051408 -0.114499
0.421100 -0.091907 -0.105160
0.415738 -0.106539 -0.036297
0.453114 -0.106865 0.019044
0.487876 -0.077066 0.065628
0.501109 -0.137198 0.094771
0.555761 -0.159994 0.055351
0.608511 -0.104236 0.051075
0.616145 -0.100328 0.114499
0.593771 -0.143897 0.157238
0.508955 -0.113448 0.181337
0.452058 -0.068459 0.211286
0.391727 -0.006862 0.186644
0.364282 0.050571 0.153113
0.358709 0.056061 0.094283
0.359501 0.084789 0.035435
0.432062 0.090209 0.008036
0.468435 0.086720 0.063790
0.526309 0.147735 0.087607
0.552433 0.187955 0.140942
0.547837 0.118868 0.180324
0.592768 0.063528 0.222275
0.600560 0.023355 0.272910
0.610888 -0.044314 0.241179
0.687358 -0.054316 0.222482
0.765968 -0.065761 0.230489
0.843045 -0.063784 0.251906
0.920889 -0.019284 0.253837
0.999709 0.002047 0.266721
1.000000 0.033590 0.202997
0.997887 0.038080 0.146961
0.952956 0.020517 0.089088
0.914787 -0.015981 0.036522
0.832638 -0.012654 0.012668
0.770009 -0.005746 0.048825
0.718870 0.021331 0.091939
0.721248 -0.022168 0.145742
0.726795 0.025053 0.191988
0.715648 0.085603 0.219519
0.658566 0.151457 0.202490
0.655027 0.233385 0.184168
0.645306 0.290586 0.145499
0.672064 0.342553 0.189044
0.752021 0.341320 0.196039
0.826166 0.361348 0.183906
0.848803 0.327363 0.129727
0.799144 0.298914 0.088451
0.824212 0.337016 0.040348
0.900787 0.303310 0.031928
0.881663 0.242806 0.002185
0.896244 0.205355 -0.044230
0.899598 0.147805 -0.074929
0.956839 0.109865 -0.034197
0.965793 0.125241 0.023245
0.952665 0.130266 0.079111
0.909187 0.114867 0.134153
0.861720 0.116658 0.186981
0.836785 0.105864 0.247874
0.824872 0.095024 0.304866
0.826034 0.081602 0.364070
0.740081 0.111959 0.374235
0.649400 0.093163 0.389856
0.567014 0.121333 0.413973
0.482883 0.110773 0.434808
0.414576 0.154900 0.468152
0.344128 0.170532 0.510516
0.271911 0.221638 0.531914
0.221855 0.275698 0.541928
0.202599 0.345996 0.539077
0.194279 0.348461 0.602558
0.265519 0.348485 0.628888
0.316789 0.360046 0.682166
0.381372 0.358906 0.718079
