0.213994 -0.745146 0.194631
0.155083 -0.713611 0.131610
0.103020 -0.803896 0.147107
0.094094 -0.791282 0.236787
0.070567 -0.688352 0.222321
0.006248 -0.717495 0.166413
-0.027164 -0.791282 0.223749
-0.029988 -0.726225 0.294413
-0.074644 -0.655358 0.247736
-0.136912 -0.723304 0.224780
-0.151433 -0.754373 0.307240
-0.164968 -0.657781 0.334083
-0.226303 -0.639824 0.276456
-0.269067 -0.722341 0.297322
-0.275409 -0.694193 0.382241
-0.310206 -0.601454 0.365501
-0.375538 -0.643210 0.324165
-0.399971 -0.707304 0.388430
-0.410708 -0.625750 0.443385
-0.462958 -0.574766 0.389461
-0.516646 -0.658247 0.380575
-0.533299 -0.667008 0.466949
-0.562661 -0.563116 0.468588
-0.626554 -0.575729 0.407445
-0.680695 -0.650480 0.384516
-0.680269 -0.704384 0.314883
-0.701078 -0.783018 0.277276
-0.661111 -0.852425 0.238003
-0.684425 -0.803896 0.164879
-0.631776 -0.724299 0.173236
-0.563487 -0.783515 0.179028
-0.571613 -0.831081 0.104661
-0.570574 -0.746140 0.061633
-0.495437 -0.713114 0.090301
-0.452540 -0.794203 0.072635
-0.473163 -0.797092 -0.010274
-0.441722 -0.705347 -0.024397
-0.363761 -0.722341 0.005673
-0.352411 -0.804859 -0.044046
-0.363868 -0.753410 -0.117964
-0.299602 -0.681548 -0.096648
-0.240744 -0.749029 -0.081759
-0.256438 -0.799049 -0.158056
-0.240665 -0.710194 -0.201745
-0.164595 -0.692236 -0.161362
-0.134674 -0.790288 -0.176040
-0.154710 -0.783018 -0.269845
-0.101688 -0.696120 -0.278519
-0.029988 -0.747103 -0.232952
-0.003344 -0.808743 -0.304754
0.026231 -0.713611 -0.357038
0.069528 -0.623792 -0.328926
0.047467 -0.549508 -0.261144
0.129265 -0.508249 -0.237607
0.122604 -0.400006 -0.247736
0.078880 -0.332028 -0.183683
0.064945 -0.297108 -0.115134
0.038088 -0.226458 -0.090380
0.046614 -0.183242 -0.012893
0.015813 -0.115544 0.037488
0.005395 -0.124771 0.118387
0.027270 -0.179855 0.197726
0.003530 -0.177432 0.261567
0.020396 -0.241029 0.333051
0.039553 -0.242241 0.410327
0.064519 -0.301457 0.458671
0.095133 -0.350980 0.537190
0.162783 -0.319415 0.597117
0.243942 -0.299034 0.622321
0.327631 -0.259235 0.587597
0.383824 -0.195638 0.579345
0.451288 -0.195638 0.515293
0.502498 -0.168702 0.460337
0.552856 -0.173051 0.398770
0.576169 -0.198558 0.314883
0.621145 -0.182527 0.254559
0.646111 -0.181067 0.176040
0.719382 -0.153385 0.157739
0.757697 -0.139808 0.083531
0.835951 -0.100258 0.093078
0.880927 -0.178644 0.035795
0.896727 -0.252928 -0.021540
0.875092 -0.336906 -0.054598
0.795159 -0.341753 0.003319
0.714400 -0.389319 0.005884
0.634467 -0.410694 0.037858
0.577422 -0.484947 0.046744
0.500420 -0.512629 0.070255
0.471271 -0.605338 0.095246
0.403408 -0.659707 0.112093
0.375085 -0.737378 0.153190
0.309727 -0.800975 0.155888
0.292248 -0.872837 0.220866
0.253960 -0.943704 0.270241
0.229794 -0.949545 0.353309
0.185058 -1.000000 0.416939
0.117808 -0.907789 0.411993
0.106990 -0.823314 0.366955
0.186284 -0.773325 0.351643
0.231472 -0.720881 0.305177
0.315135 -0.709230 0.300417
0.374685 -0.643210 0.277488
0.452114 -0.644173 0.249164
0.509559 -0.588840 0.234909
0.580752 -0.585920 0.185322
0.652772 -0.545655 0.167656
0.705234 -0.535931 0.100826
0.776827 -0.516016 0.063114
0.809307 -0.486408 -0.015590
0.863421 -0.472334 -0.078003
0.885083 -0.436916 -0.148959
0.930885 -0.435455 -0.210446
0.963337 -0.384969 -0.269421
0.912553 -0.423805 -0.327260
0.837630 -0.379625 -0.292350
0.867605 -0.283251 -0.294017
0.894249 -0.289806 -0.380152
0.818472 -0.331562 -0.415088
0.735209 -0.336906 -0.427888
0.665268 -0.361171 -0.398955
0.686930 -0.458260 -0.412602
0.741044 -0.469413 -0.350823
0.687756 -0.446112 -0.291531
0.633641 -0.514090 -0.309699
0.683572 -0.590300 -0.298354
0.701904 -0.571846 -0.219226
0.623623 -0.574269 -0.192674
0.609475 -0.663125 -0.220443
0.666946 -0.702924 -0.174374
0.636945 -0.677199 -0.098869
0.564526 -0.719918 -0.111405
0.594501 -0.805822 -0.125818
0.634467 -0.814584 -0.052694
0.566178 -0.803896 -0.008450
0.525812 -0.879641 -0.042063
0.584083 -0.945630 -0.024079
0.588239 -0.931090 0.061765
0.497489 -0.938857 0.067663
0.452940 -0.985460 0.016278
0.411321 -0.928170 -0.046215
0.360937 -0.927207 -0.115848
0.334293 -0.854382 -0.169825
0.293500 -0.772330 -0.132641
0.278100 -0.678162 -0.147927
0.310153 -0.594681 -0.122460
0.305144 -0.505825 -0.121534
0.349293 -0.437879 -0.142559
0.376337 -0.377668 -0.083213
0.442122 -0.322335 -0.099742
0.485845 -0.251219 -0.065230
0.556612 -0.194178 -0.088952
0.618640 -0.140771 -0.057719
0.689408 -0.091745 -0.090750
0.769340 -0.045391 -0.094056
0.835951 -0.015161 -0.147531
0.916710 0.003262 -0.185137
0.969173 0.056203 -0.240278
1.000000 0.013577 -0.325197
0.953373 -0.042098 -0.395253
0.864274 -0.030105 -0.444020
0.825134 -0.023426 -0.521904
0.731053 -0.035791 -0.542559
0.646963 -0.072327 -0.507015
0.581578 -0.088825 -0.432225
0.509559 -0.036288 -0.394830
0.421712 -0.056327 -0.371081
0.379668 0.002423 -0.296291
0.374685 0.081555 -0.255379
0.331788 0.172647 -0.261779
0.393416 0.264361 -0.243187
0.484167 0.305838 -0.271088
0.537029 0.337621 -0.349580
0.585335 0.374406 -0.409507
0.655276 0.355454 -0.477686
0.704408 0.311710 -0.553296
0.736861 0.248330 -0.610341
0.736861 0.143909 -0.651226
0.691086 0.046851 -0.667782
0.645285 -0.042471 -0.658684
0.601561 -0.117221 -0.596694
0.525812 -0.155839 -0.566122
0.478758 -0.179141 -0.513230
0.431304 -0.196601 -0.580588
0.490401 -0.266039 -0.615286
0.500420 -0.321838 -0.539253
0.411321 -0.339330 -0.540919
0.412973 -0.371361 -0.622321
0.479584 -0.442725 -0.610737
0.440470 -0.487371 -0.542559
0.366772 -0.501942 -0.592569
0.412973 -0.546618 -0.662387
0.473349 -0.611178 -0.618169
0.400077 -0.666511 -0.578499
0.341780 -0.730606 -0.601666
0.253107 -0.703887 -0.566122
0.191293 -0.618448 -0.552476
0.114690 -0.572809 -0.569005
0.087007 -0.463603 -0.554142
0.019357 -0.386398 -0.549593
0.021435 -0.276230 -0.530579
-0.038195 -0.200982 -0.533064
-0.060256 -0.111411 -0.485117
-0.067983 -0.018703 -0.429950
-0.074937 0.079131 -0.397739
-0.081811 0.172834 -0.346486
-0.069315 0.275018 -0.290499
-0.012403 0.370864 -0.273150
0.042458 0.455836 -0.323980
0.088659 0.527915 -0.378089
0.158600 0.573057 -0.449600
0.208558 0.608507 -0.523967
0.271439 0.610930 -0.606612
0.325553 0.598565 -0.687617
0.390912 0.563364 -0.753732
0.445879 0.501227 -0.816119
0.475427 0.427067 -0.886784
0.482914 0.334234 -0.945468
0.441696 0.239817 -0.982651
0.370502 0.169385 -1.000000
0.289344 0.118340 -0.990902
0.201897 0.109516 -0.945468
0.112186 0.095815 -0.921481
0.052023 0.107590 -0.845051
-0.001452 0.157300 -0.771901
-0.040912 0.201199 -0.702902
-0.057245 0.256594 -0.612403
-0.068276 0.326716 -0.531398
-0.054741 0.397707 -0.444628
-0.030201 0.472582 -0.364469
0.017066 0.550750 -0.298750
0.070141 0.631559 -0.250195
0.147996 0.700997 -0.213223
0.224811 0.770901 -0.195769
0.315988 0.819430 -0.190083
0.405060 0.849038 -0.223960
0.480010 0.887408 -0.267570
0.560769 0.877186 -0.331623
0.599083 0.879144 -0.418182
0.592422 0.875260 -0.514869
0.576995 0.899525 -0.600820
0.516220 0.895175 -0.681825
0.435461 0.930593 -0.716522
0.395921 0.964085 -0.780575
0.311805 0.956815 -0.824370
0.233124 0.960201 -0.857428
0.157561 1.000000 -0.890089
0.068489 0.977693 -0.865283
-0.016027 0.943704 -0.846294
-0.092123 0.873303 -0.843385
-0.157987 0.794203 -0.837593
-0.213461 0.702675 -0.807841
-0.270746 0.623792 -0.774387
-0.307355 0.520645 -0.727286
-0.338875 0.435331 -0.669845
-0.335252 0.355112 -0.590902
-0.317453 0.322335 -0.495881
-0.270506 0.328393 -0.420245
-0.191399 0.378041 -0.382030
-0.128545 0.471370 -0.379332
-0.073685 0.545158 -0.373752
-0.002092 0.546867 -0.434711
0.057432 0.548078 -0.505375
0.138830 0.515798 -0.551656
0.222307 0.446857 -0.573554
0.289344 0.379128 -0.588020
0.359285 0.356200 -0.516536
0.311805 0.348433 -0.429554
0.322649 0.244322 -0.462400
0.423391 0.212073 -0.439656
0.486245 0.278995 -0.384516
0.465436 0.363718 -0.325197
0.490401 0.266225 -0.324165
0.565778 0.300432 -0.269633
0.597405 0.323112 -0.229964
0.642780 0.376332 -0.227160
0.647789 0.437382 -0.157739
0.621145 0.387641 -0.067610
0.685251 0.349396 -0.096754
0.748531 0.420045 -0.108046
0.756844 0.435921 -0.015379
0.713574 0.394538 0.060945
0.744375 0.326778 0.101540
0.725217 0.361046 0.162182
0.646111 0.292851 0.175008
0.584909 0.217137 0.186777
0.534951 0.299344 0.240489
0.506654 0.378414 0.169534
0.442122 0.330941 0.105481
0.385077 0.295709 0.164245
0.388407 0.404511 0.177283
0.364267 0.437630 0.083107
0.296404 0.356200 0.059306
0.264351 0.368813 0.140496
0.276421 0.482275 0.110744
0.227715 0.494672 0.021276
0.143626 0.432286 0.037038
0.135286 0.416876 0.127167
0.127187 0.528661 0.141739
0.038301 0.533010 0.107861
0.001452 0.446360 0.148959
0.028922 0.457296 0.235941
0.004143 0.560941 0.238850
-0.081305 0.527915 0.221898
-0.075976 0.457762 0.293382
-0.046428 0.531333 0.352489
-0.117088 0.601951 0.330988
-0.181674 0.519899 0.342757
-0.154710 0.488613 0.428099
-0.153884 0.595396 0.456185
-0.247086 0.609967 0.435134
-0.275009 0.515798 0.487603
-0.240718 0.538851 0.573554
-0.258436 0.653152 0.583048
-0.359178 0.648305 0.568582
-0.390832 0.571846 0.635544
-0.419448 0.571131 0.707028
-0.446918 0.557772 0.771478
-0.503537 0.495386 0.813633
-0.555174 0.445521 0.862823
-0.606997 0.359835 0.897521
-0.633641 0.260074 0.923967
-0.640515 0.158480 0.962817
-0.640728 0.058626 1.000000
-0.649867 -0.037500 0.948774
-0.572013 -0.101470 0.937190
-0.562448 -0.171591 0.998334
-0.547660 -0.276230 0.951233
-0.496263 -0.339330 0.905772
-0.429866 -0.319415 0.836377
-0.337330 -0.275732 0.837197
-0.253853 -0.281325 0.861157
-0.196408 -0.270886 0.789250
-0.130570 -0.192003 0.766109
-0.075363 -0.105571 0.763226
-0.061402 0.011402 0.769018
-0.065052 0.104856 0.785124
-0.051330 0.196694 0.798770
-0.018105 0.286731 0.756192
-0.020210 0.391400 0.721071
0.006861 0.474291 0.731412
0.074111 0.513841 0.680159
0.157161 0.554385 0.646281
0.223133 0.547581 0.661990
0.224385 0.462640 0.713217
0.212741 0.363470 0.687590
0.236881 0.327555 0.759498
0.162357 0.326281 0.816939
0.108642 0.274086 0.762803
0.167553 0.199553 0.757435
0.169444 0.187653 0.810750
0.088259 0.163544 0.841322
0.083676 0.090098 0.780152
0.152792 0.041507 0.808688
0.123643 0.034455 0.893395
0.046827 -0.012023 0.871894
0.098864 -0.087613 0.830585
0.183806 -0.101221 0.857031
0.241464 -0.029857 0.816119
0.310153 0.023053 0.795041
0.332214 0.102308 0.742969
0.363015 0.142480 0.663630
0.363841 0.205922 0.591749
0.322649 0.129183 0.545864
0.246047 0.133128 0.585957
0.227715 0.229689 0.557025
0.235202 0.212757 0.466526
0.174427 0.141983 0.460337
0.111147 0.202380 0.485541
0.123430 0.276230 0.423550
0.114078 0.207879 0.352886
0.035797 0.172430 0.375207
-0.001266 0.269798 0.367140
0.025805 0.284059 0.280370
-0.013442 0.192811 0.246281
-0.101288 0.223289 0.266936
-0.099823 0.318638 0.204760
-0.088899 0.273371 0.115901
-0.145464 0.167428 0.111669
-0.230513 0.198776 0.107015
-0.282123 0.239258 0.066473
-0.330189 0.245938 0.038281
-0.380734 0.304378 0.101646
-0.413719 0.391618 0.109289
-0.400930 0.469413 0.165091
-0.332321 0.539566 0.201031
-0.333573 0.630099 0.148033
-0.427574 0.652437 0.167974
-0.420700 0.667723 0.258896
-0.385503 0.763134 0.233666
-0.467114 0.797092 0.189369
-0.534151 0.767981 0.256621
-0.499807 0.833504 0.320674
-0.530394 0.920900 0.261170
-0.629698 0.894181 0.244218
-0.701504 0.908752 0.307028
-0.725644 0.984963 0.322526
-0.816394 0.961662 0.290896
-0.890918 0.953894 0.285131
-0.946285 0.871377 0.238003
-1.000000 0.811663 0.211980
-0.972530 0.748066 0.141421
-0.967121 0.671358 0.105269
-0.917989 0.607543 0.062717
-0.907571 0.562152 -0.020456
-0.878848 0.471370 -0.059041
-0.850952 0.418212 -0.133990
-0.833473 0.320875 -0.164350
-0.796837 0.252773 -0.217878
-0.804324 0.149501 -0.239458
-0.797663 0.062851 -0.270241
-0.835152 -0.018921 -0.284496
-0.761880 -0.073539 -0.251861
-0.769367 -0.037748 -0.168185
-0.850126 -0.081058 -0.164245
-0.818073 -0.176469 -0.175511
-0.765184 -0.166496 -0.093183
-0.828890 -0.108740 -0.028390
-0.890918 -0.069904 0.018684
-0.828491 -0.026222 0.072926
-0.807655 0.055581 0.037540
-0.876770 0.106844 0.055736
-0.872614 0.088297 0.138750
-0.790176 0.120639 0.149276
-0.793507 0.204617 0.123359
-0.874266 0.233976 0.166625
-0.830143 0.221953 0.237607
-0.769367 0.285985 0.224172
-0.821403 0.363470 0.206612
-0.865953 0.360208 0.279339
-0.796837 0.372200 0.326863
-0.770193 0.460217 0.287802
-0.859691 0.490291 0.254744
-0.945033 0.505577 0.270030
-0.946711 0.566036 0.195663
-0.936720 0.492497 0.130050
-0.956703 0.455588 0.048701
-0.950868 0.369559 -0.005593
-0.943381 0.334359 -0.092707
-0.938798 0.260509 -0.155464
-0.913832 0.234101 -0.244007
-0.906745 0.174480 -0.309699
-0.848874 0.136639 -0.374387
-0.828890 0.084413 -0.448357
-0.731879 0.113276 -0.444417
-0.646963 0.080094 -0.429342
-0.598870 0.101936 -0.345031
-0.583070 0.087023 -0.266116
-0.544543 0.186007 -0.265507
-0.616988 0.251468 -0.260747
-0.659033 0.215304 -0.188337
-0.588266 0.229596 -0.131398
-0.583683 0.328207 -0.150307
-0.666120 0.350141 -0.130050
-0.659859 0.305838 -0.048119
-0.586800 0.361171 -0.026724
-0.628445 0.448659 -0.046876
-0.703156 0.434834 0.003240
-0.652372 0.409234 0.077633
-0.607823 0.495386 0.068139
-0.681521 0.554385 0.067504
-0.718556 0.511666 0.143379
-0.642594 0.525740 0.191114
-0.646137 0.624755 0.163425
-0.737714 0.643210 0.198149
-0.713574 0.595893 0.289045
-0.643420 0.675024 0.301236
