-0.406000 -0.316872 0.396676
-0.351798 -0.328392 0.350930
-0.300227 -0.317163 0.308559
-0.316403 -0.266801 0.223736
-0.344974 -0.191101 0.207157
-0.350215 -0.124807 0.153831
-0.367152 -0.038907 0.144055
-0.402773 0.025432 0.099594
-0.413029 0.114053 0.086872
-0.450212 0.181509 0.056607
-0.449986 0.271161 0.039332
-0.505113 0.316159 0.003415
-0.549778 0.374077 -0.001486
-0.622869 0.372518 0.021976
-0.679989 0.381871 0.063115
-0.729238 0.384672 0.132591
-0.787078 0.387552 0.180346
-0.828885 0.375266 0.249233
-0.837723 0.329766 0.337645
-0.851988 0.307360 0.424585
-0.822143 0.265850 0.505578
-0.812154 0.243867 0.591151
-0.761385 0.218369 0.662180
-0.729011 0.217048 0.741459
-0.673535 0.205580 0.795187
-0.604041 0.215859 0.830729
-0.548113 0.216308 0.880332
-0.484517 0.247487 0.916382
-0.416996 0.231977 0.939094
-0.351510 0.256946 0.967056
-0.279179 0.246165 0.964566
-0.212275 0.255651 0.972627
-0.142781 0.258505 0.948335
-0.075383 0.245611 0.965583
-0.018674 0.222729 0.917132
0.026505 0.229176 0.839540
0.082022 0.231157 0.788866
0.122185 0.250710 0.718345
0.165370 0.225186 0.648708
0.202841 0.233720 0.577625
0.208493 0.217312 0.485008
0.220456 0.241594 0.402381
0.226108 0.245954 0.318817
0.210918 0.208619 0.234717
0.206849 0.198156 0.153858
0.210384 0.153687 0.087890
0.236899 0.087789 0.059928
0.261914 0.044456 0.004995
0.291122 -0.021706 -0.011477
0.349948 -0.055183 -0.010486
0.387542 -0.074076 -0.069436
0.444704 -0.057086 -0.080230
0.482030 -0.005456 -0.116146
0.517363 -0.000410 -0.183587
0.547907 0.069452 -0.197541
0.588831 0.099388 -0.245618
0.623013 0.161957 -0.261580
0.629138 0.232848 -0.307460
0.682990 0.255545 -0.347877
0.709320 0.313913 -0.389337
0.762433 0.344061 -0.422763
0.825288 0.381502 -0.382588
0.888678 0.388636 -0.355992
0.939509 0.375424 -0.284534
0.974636 0.341577 -0.219209
0.991182 0.302366 -0.142582
0.992600 0.235834 -0.069945
1.000000 0.189172 -0.000362
0.975253 0.146817 0.066088
0.921750 0.116114 0.124583
0.890260 0.076612 0.183346
0.828618 0.045856 0.217066
0.785536 0.016924 0.271276
0.732177 -0.022155 0.301997
0.680996 -0.017690 0.355162
0.631645 -0.049635 0.397346
0.572470 -0.034838 0.432004
0.526366 -0.054074 0.484285
0.464867 -0.042527 0.507613
0.426287 -0.034495 0.574090
0.382773 -0.006830 0.625889
0.359773 0.026066 0.698874
0.336629 0.042712 0.773894
0.285551 0.094606 0.819051
0.266271 0.147107 0.888367
0.214844 0.202093 0.934220
0.192625 0.283263 0.976832
0.169173 0.364353 1.000000
0.148577 0.455696 0.983287
0.118897 0.535175 0.993438
0.073533 0.608497 0.970806
0.050677 0.695771 0.961593
-0.012631 0.720529 0.907249
-0.077500 0.749647 0.883144
-0.073060 0.784577 0.793125
-0.086544 0.715773 0.735915
-0.122720 0.684594 0.671581
-0.139163 0.605697 0.640968
-0.165781 0.545215 0.596775
-0.203334 0.476781 0.621362
-0.236077 0.404489 0.605908
-0.273794 0.339595 0.628835
-0.293958 0.254753 0.646566
-0.340740 0.190969 0.647503
-0.371982 0.121662 0.675224
-0.410131 0.052330 0.648682
-0.456831 -0.000568 0.672626
-0.494815 -0.069346 0.662288
-0.553703 -0.108002 0.681143
-0.589447 -0.174534 0.678572
-0.649528 -0.203493 0.687705
-0.679023 -0.278427 0.696490
-0.738343 -0.316317 0.698445
-0.729669 -0.406339 0.695338
-0.736802 -0.497312 0.727184
-0.712362 -0.576236 0.740442
-0.664944 -0.644591 0.725496
-0.621286 -0.704385 0.690116
-0.559870 -0.746185 0.648789
-0.490499 -0.773110 0.628996
-0.430459 -0.790549 0.572724
-0.354778 -0.770864 0.557779
-0.288367 -0.755037 0.541200
-0.232542 -0.709009 0.496498
-0.192975 -0.635924 0.494436
-0.163294 -0.556366 0.490150
-0.170879 -0.464944 0.464813
-0.164651 -0.380841 0.460153
-0.184814 -0.309236 0.425763
-0.171434 -0.231184 0.407309
-0.197846 -0.148878 0.396944
-0.190344 -0.071565 0.359903
-0.212337 0.014466 0.362340
-0.211843 0.092941 0.337137
-0.225450 0.174851 0.342065
-0.226601 0.253617 0.315549
-0.209110 0.333545 0.308987
-0.202635 0.408981 0.277035
-0.170344 0.456542 0.223655
-0.106174 0.509677 0.233619
-0.043072 0.511395 0.212808
0.013556 0.511844 0.228396
0.027923 0.491155 0.313139
-0.007574 0.423989 0.367830
-0.012199 0.371725 0.433530
-0.048868 0.300728 0.465456
-0.059680 0.233773 0.508283
-0.077808 0.158707 0.529147
-0.114847 0.112732 0.576929
-0.131435 0.044112 0.613327
-0.181505 -0.017848 0.619461
-0.205102 -0.083746 0.662020
-0.246046 -0.155272 0.658833
-0.271225 -0.216440 0.708114
-0.300844 -0.294334 0.708034
-0.323515 -0.350799 0.766502
-0.342199 -0.445312 0.756994
-0.355806 -0.527407 0.782733
-0.373339 -0.616583 0.789589
-0.435578 -0.672176 0.777430
-0.471034 -0.760321 0.760369
-0.526284 -0.822758 0.724773
-0.577855 -0.872987 0.680340
-0.634585 -0.915950 0.639254
-0.699660 -0.946944 0.593776
-0.764714 -0.954633 0.554752
-0.821444 -0.969191 0.483856
-0.862327 -0.955399 0.406774
-0.903025 -0.980236 0.323102
-0.918379 -0.972204 0.231422
-0.947422 -1.000000 0.149519
-0.963310 -0.993949 0.047500
-0.968696 -0.993130 -0.047179
-0.979918 -0.997305 -0.137707
-0.994450 -0.959204 -0.228449
-1.000000 -0.966866 -0.326825
-0.993628 -0.931275 -0.421370
-0.998787 -0.917430 -0.515032
-0.998191 -0.855020 -0.594606
-0.985982 -0.827699 -0.690437
-0.963393 -0.763307 -0.764788
-0.933794 -0.719340 -0.835469
-0.910362 -0.654578 -0.893134
-0.861854 -0.590319 -0.943701
-0.823356 -0.518053 -0.976297
-0.798547 -0.436672 -1.000000
-0.773512 -0.344589 -0.976564
-0.756040 -0.269285 -0.943835
-0.746976 -0.223310 -0.856976
-0.748785 -0.194721 -0.779894
-0.750635 -0.234117 -0.692955
-0.743256 -0.287517 -0.621764
-0.738240 -0.357642 -0.571786
-0.716083 -0.446369 -0.549529
-0.665704 -0.505000 -0.509649
-0.654687 -0.575734 -0.444297
-0.618491 -0.610717 -0.369678
-0.623876 -0.590794 -0.273044
-0.631214 -0.581203 -0.190390
-0.625582 -0.532638 -0.120967
-0.656845 -0.519744 -0.052348
-0.666547 -0.463385 0.002933
-0.646486 -0.392863 0.032261
-0.633619 -0.350429 0.101951
-0.638798 -0.273143 0.136609
-0.623773 -0.205237 0.189024
-0.640340 -0.135112 0.233886
-0.611173 -0.061023 0.275374
-0.611050 0.005985 0.331994
-0.574196 0.075555 0.362876
-0.554135 0.135825 0.418987
-0.520385 0.213296 0.429406
-0.487662 0.268677 0.483187
-0.463038 0.355581 0.490150
-0.454508 0.436355 0.488276
-0.495308 0.438997 0.411059
-0.538617 0.358303 0.416335
-0.576827 0.299671 0.370214
-0.574546 0.216651 0.322379
-0.585645 0.150727 0.263991
-0.572038 0.067628 0.233860
-0.571031 0.000198 0.177025
-0.561247 -0.091012 0.170115
-0.534752 -0.171046 0.138082
-0.532101 -0.263657 0.144858
-0.502174 -0.348976 0.134815
-0.482935 -0.431625 0.153402
-0.424499 -0.441692 0.100264
-0.371530 -0.481141 0.083846
-0.315828 -0.469806 0.026984
-0.267094 -0.486399 -0.015092
-0.218071 -0.450781 -0.069409
-0.179491 -0.471470 -0.133582
-0.134908 -0.430278 -0.183748
-0.118074 -0.477283 -0.262009
-0.133244 -0.454216 -0.347662
-0.120829 -0.389561 -0.418719
-0.108969 -0.358250 -0.496712
-0.094355 -0.268783 -0.538307
-0.064243 -0.200085 -0.578911
-0.036083 -0.134081 -0.613435
-0.003566 -0.053466 -0.582500
0.037871 0.008125 -0.593588
0.053719 0.089427 -0.543985
0.089607 0.156329 -0.546449
0.047162 0.220773 -0.494248
0.057192 0.289710 -0.451984
0.059577 0.368449 -0.444244
0.076041 0.436962 -0.412050
0.066627 0.507643 -0.377633
0.032774 0.583317 -0.393168
0.037316 0.642424 -0.338074
0.081693 0.687474 -0.383043
0.049423 0.701478 -0.456189
-0.000504 0.744521 -0.425308
0.036803 0.815386 -0.410496
0.090491 0.838849 -0.454153
0.152030 0.818874 -0.422790
0.161444 0.749514 -0.491088
0.185863 0.688399 -0.541655
0.211823 0.619172 -0.568063
0.251781 0.566776 -0.599534
0.238482 0.593463 -0.690410
0.182738 0.634524 -0.703025
0.140438 0.625038 -0.767118
0.120192 0.592908 -0.834719
0.131250 0.660391 -0.895303
0.182615 0.718336 -0.867315
0.228102 0.779028 -0.875377
0.268985 0.828465 -0.833407
0.295500 0.860806 -0.907356
0.241586 0.909133 -0.927578
0.208288 0.978360 -0.926613
0.154188 0.940496 -0.952808
0.144363 0.891430 -0.887295
0.145227 0.951145 -0.831318
0.096205 0.992337 -0.866029
0.053945 0.930112 -0.860110
0.057419 0.921631 -0.778099
0.042023 1.000000 -0.760020
-0.017954 0.990277 -0.801454
-0.046504 0.942372 -0.748155
-0.094869 0.931803 -0.702275
-0.135443 0.891905 -0.664966
-0.189049 0.864030 -0.654627
-0.243435 0.855231 -0.625407
-0.280495 0.811713 -0.586651
-0.333155 0.792266 -0.559037
-0.358540 0.745604 -0.503274
-0.364459 0.681899 -0.562841
-0.294369 0.663905 -0.570206
-0.275973 0.621550 -0.505979
-0.266826 0.560091 -0.462162
-0.284236 0.512742 -0.402167
-0.262181 0.503362 -0.322995
-0.247176 0.463755 -0.244653
-0.233980 0.456251 -0.163526
-0.230342 0.434743 -0.085533
-0.249417 0.426235 -0.004834
-0.196119 0.440794 0.039358
-0.158382 0.484391 0.087595
-0.106996 0.500588 0.029020
-0.122062 0.492503 -0.055107
-0.106256 0.512689 -0.140332
-0.136717 0.462936 -0.195265
-0.157868 0.442247 -0.282605
-0.203334 0.408294 -0.349109
-0.242880 0.377644 -0.410443
-0.276425 0.319277 -0.343940
-0.297062 0.262732 -0.289435
-0.250383 0.208064 -0.299238
-0.204403 0.256074 -0.267767
-0.232994 0.269629 -0.195399
-0.236961 0.191444 -0.170302
-0.175092 0.178233 -0.172499
-0.163356 0.236283 -0.116468
-0.194105 0.212556 -0.050339
-0.152770 0.156197 -0.029823
-0.108722 0.205792 0.006174
-0.154250 0.217682 0.072918
-0.158053 0.146473 0.114888
-0.135176 0.085490 0.157554
-0.095074 0.026806 0.187846
-0.106461 -0.057561 0.187123
-0.042188 -0.082214 0.177481
0.000360 -0.126181 0.229949
0.050615 -0.161772 0.266482
0.077726 -0.215727 0.318870
0.138958 -0.176780 0.322888
0.118280 -0.084645 0.328593
0.064654 -0.040730 0.303738
0.050081 -0.019037 0.227914
0.003587 0.022340 0.172579
-0.046216 0.018535 0.101817
-0.089031 0.017452 0.038474
-0.061221 -0.060151 0.003442
-0.039783 -0.134900 -0.016405
0.009835 -0.109350 -0.060892
0.041571 -0.080523 0.006120
0.046155 -0.151467 0.044420
0.076719 -0.193241 -0.012896
0.126050 -0.142457 -0.013432
0.142555 -0.150886 0.065794
0.160129 -0.229519 0.062338
0.218996 -0.216572 0.033332
0.244895 -0.201009 0.106665
0.234165 -0.276234 0.140894
0.260064 -0.323531 0.080176
0.292828 -0.303767 0.011236
0.269992 -0.298297 -0.064722
0.288285 -0.307069 -0.154929
0.266436 -0.317242 -0.233003
0.315663 -0.271610 -0.274088
0.366905 -0.273830 -0.338610
0.418312 -0.269047 -0.387570
0.445670 -0.283025 -0.467920
0.508299 -0.266511 -0.459939
0.567310 -0.289313 -0.451341
0.575902 -0.277714 -0.362956
0.522276 -0.265982 -0.311317
0.470335 -0.295866 -0.269642
0.425198 -0.247804 -0.237770
0.369906 -0.223733 -0.183962
0.299117 -0.201485 -0.168160
0.237804 -0.178682 -0.153991
0.234350 -0.130937 -0.237422
0.233446 -0.097882 -0.313085
0.260804 -0.025458 -0.294604
0.316547 -0.058566 -0.275347
0.327729 -0.087313 -0.349832
0.326023 -0.018245 -0.391587
0.372435 0.016527 -0.348359
0.417223 -0.038775 -0.367054
0.421210 -0.031826 -0.448690
0.453316 0.038722 -0.449948
0.509820 0.003765 -0.439369
0.511135 -0.035340 -0.514898
0.497898 0.031456 -0.563858
0.494301 0.111490 -0.540557
0.440757 0.151652 -0.515541
0.417757 0.242440 -0.514443
0.367029 0.292695 -0.507452
0.397840 0.353547 -0.457260
0.410172 0.439948 -0.460903
0.419401 0.518159 -0.448475
0.401663 0.601099 -0.452787
0.460181 0.639623 -0.459805
0.508258 0.678861 -0.492882
0.559171 0.620969 -0.482115
0.532368 0.536972 -0.474830
0.545091 0.451970 -0.491248
0.507908 0.401530 -0.443654
0.485956 0.314098 -0.427611
0.436544 0.248702 -0.402756
0.395908 0.188749 -0.371312
0.362466 0.253220 -0.314237
0.331552 0.310029 -0.266937
0.371941 0.311799 -0.203916
0.420593 0.341366 -0.247894
0.390379 0.409166 -0.268517
0.379752 0.438838 -0.193309
0.439647 0.442168 -0.170088
0.456111 0.492370 -0.231208
0.420059 0.554965 -0.212540
0.450808 0.570845 -0.141644
0.504291 0.599937 -0.175740
0.475761 0.669692 -0.201639
0.459914 0.697277 -0.127342
0.519378 0.698995 -0.097452
0.543940 0.750519 -0.153054
0.503242 0.814857 -0.132699
0.522666 0.821489 -0.047527
0.592346 0.836841 -0.066945
0.578882 0.921102 -0.108165
