-0.842684 -0.232915 0.205975
-0.802490 -0.243328 0.200103
-0.787938 -0.165803 0.203431
-0.788911 -0.175458 0.238489
-0.765433 -0.241784 0.242697
-0.731230 -0.207640 0.229322
-0.727714 -0.147253 0.251467
-0.723264 -0.196782 0.277916
-0.690237 -0.237807 0.265797
-0.665501 -0.171559 0.262652
-0.667260 -0.152276 0.295037
-0.650909 -0.223391 0.304515
-0.614880 -0.218812 0.286546
-0.603262 -0.146311 0.300071
-0.599340 -0.188409 0.330707
-0.574117 -0.253532 0.323536
-0.541794 -0.208948 0.309507
-0.532665 -0.168550 0.343255
-0.513068 -0.234825 0.363565
-0.472292 -0.257692 0.345628
-0.444445 -0.181266 0.357382
-0.433166 -0.148953 0.388007
-0.390415 -0.154108 0.384722
-0.382057 -0.088462 0.364037
-0.379731 -0.030010 0.395038
-0.370048 -0.080534 0.427101
-0.397407 -0.114600 0.448322
-0.420818 -0.192125 0.460152
-0.460553 -0.240450 0.472153
-0.494986 -0.277237 0.483112
-0.532462 -0.280167 0.496090
-0.562946 -0.277839 0.520167
-0.582380 -0.335531 0.546820
-0.584301 -0.410178 0.565176
-0.569600 -0.474725 0.581975
-0.604899 -0.523391 0.581685
-0.603546 -0.558242 0.552477
-0.589359 -0.636918 0.562482
-0.589183 -0.645421 0.600771
-0.605886 -0.704317 0.618976
-0.567179 -0.737546 0.628454
-0.554967 -0.660309 0.645071
-0.588142 -0.660178 0.670286
-0.593998 -0.647907 0.708371
-0.608483 -0.668760 0.743408
-0.615339 -0.686447 0.776920
-0.663392 -0.679199 0.767141
-0.707779 -0.719754 0.763513
-0.744903 -0.754291 0.762558
-0.749434 -0.839142 0.757835
-0.719342 -0.896939 0.757427
-0.741170 -0.948247 0.781772
-0.783272 -0.896180 0.782931
-0.812322 -0.845003 0.791186
-0.825914 -0.758216 0.800257
-0.838749 -0.685531 0.812891
-0.855194 -0.597514 0.804282
-0.861808 -0.503192 0.804014
-0.874561 -0.422737 0.795458
-0.876576 -0.339770 0.801523
-0.903747 -0.312951 0.777103
-0.940709 -0.336578 0.796360
-0.957993 -0.286918 0.820523
-1.000000 -0.299791 0.805752
-0.999635 -0.394401 0.812107
-0.988153 -0.469676 0.815370
-0.956073 -0.519257 0.811506
-0.924859 -0.541261 0.790370
-0.912646 -0.622894 0.786978
-0.881310 -0.686918 0.773485
-0.849758 -0.733752 0.754003
-0.810537 -0.774647 0.748893
-0.789060 -0.823234 0.719825
-0.746918 -0.845421 0.709090
-0.743821 -0.918132 0.692398
-0.751246 -0.861198 0.662321
-0.764094 -0.803532 0.641958
-0.791251 -0.762716 0.623152
-0.838546 -0.762376 0.614307
-0.880228 -0.744192 0.608682
-0.891724 -0.830560 0.615359
-0.863079 -0.867739 0.639457
-0.840074 -0.791130 0.655408
-0.849947 -0.720539 0.672841
-0.819125 -0.739927 0.700116
-0.779133 -0.712768 0.688867
-0.738060 -0.675510 0.701394
-0.701381 -0.671926 0.684036
-0.671601 -0.630403 0.666379
-0.690210 -0.626138 0.636119
-0.715771 -0.562507 0.640756
-0.688844 -0.500366 0.631986
-0.692861 -0.502355 0.598334
-0.706291 -0.468550 0.569749
-0.742239 -0.462716 0.545693
-0.776969 -0.453768 0.523699
-0.812998 -0.462847 0.542859
-0.846079 -0.440162 0.561998
-0.831851 -0.475589 0.594352
-0.806912 -0.445552 0.617591
-0.832798 -0.461800 0.644652
-0.827267 -0.548195 0.646424
-0.782636 -0.537179 0.658210
-0.748419 -0.563893 0.685496
-0.729052 -0.564129 0.717098
-0.722466 -0.604500 0.752682
-0.717651 -0.625877 0.785390
-0.726104 -0.633255 0.817260
-0.736004 -0.608870 0.848453
-0.704086 -0.564574 0.865145
-0.668964 -0.535191 0.847820
-0.634828 -0.487650 0.845630
-0.610768 -0.545264 0.825514
-0.603397 -0.530534 0.787601
-0.588845 -0.551988 0.752231
-0.568464 -0.536761 0.719481
-0.546798 -0.572475 0.688330
-0.515056 -0.564861 0.660260
-0.490590 -0.605259 0.632544
-0.464380 -0.594662 0.605397
-0.434221 -0.607535 0.580472
-0.421102 -0.514103 0.583252
-0.421575 -0.429618 0.577220
-0.445717 -0.352093 0.584766
-0.471183 -0.283987 0.585485
-0.493539 -0.234929 0.607641
-0.528905 -0.180952 0.617130
-0.566841 -0.229958 0.634444
-0.602248 -0.240999 0.657308
-0.643835 -0.280952 0.664833
-0.681190 -0.290633 0.688158
-0.723697 -0.321298 0.694041
-0.754397 -0.336107 0.718279
-0.786599 -0.369649 0.737794
-0.768706 -0.328257 0.766100
-0.735585 -0.296572 0.778895
-0.697189 -0.279435 0.787558
-0.669207 -0.270225 0.811120
-0.645702 -0.242700 0.836667
-0.609564 -0.294505 0.819095
-0.570168 -0.292046 0.793923
-0.541158 -0.321141 0.764608
-0.505630 -0.323731 0.739715
-0.476052 -0.377865 0.718558
-0.434410 -0.410335 0.702746
-0.406699 -0.438671 0.674343
-0.368492 -0.463553 0.654775
-0.367018 -0.553166 0.668268
-0.400450 -0.601256 0.675696
-0.395392 -0.587520 0.711967
-0.362650 -0.558189 0.730119
-0.381516 -0.473757 0.731729
-0.402236 -0.399424 0.747294
-0.427580 -0.324464 0.742603
-0.451491 -0.257457 0.743773
-0.480488 -0.198064 0.735851
-0.516611 -0.200078 0.763910
-0.550625 -0.170827 0.785443
-0.592050 -0.180194 0.805119
-0.620479 -0.130377 0.830420
-0.640535 -0.088776 0.853692
-0.598677 -0.107195 0.870759
-0.557090 -0.097776 0.874130
-0.553087 -0.104265 0.907760
-0.568802 -0.186264 0.907503
-0.548921 -0.222109 0.878907
-0.508700 -0.166562 0.877608
-0.479676 -0.127054 0.896908
-0.450274 -0.121115 0.869246
-0.474889 -0.062951 0.848153
-0.492470 -0.003087 0.831289
-0.525781 0.053192 0.824978
-0.532408 0.075903 0.786742
-0.503330 0.098796 0.763545
-0.469303 0.116536 0.745920
-0.429609 0.145317 0.730387
-0.423577 0.066562 0.707834
-0.413420 -0.005233 0.695726
-0.417870 -0.058974 0.725149
-0.440212 -0.054343 0.753036
-0.456861 -0.083019 0.782481
-0.502762 -0.077786 0.790102
-0.545865 -0.056620 0.799741
-0.591536 -0.059864 0.788760
-0.634382 -0.040345 0.791454
-0.656751 -0.042700 0.763127
-0.662567 -0.132104 0.768150
-0.683854 -0.138357 0.801566
-0.726889 -0.131083 0.799344
-0.768503 -0.149267 0.796822
-0.769869 -0.103637 0.765961
-0.794199 -0.172370 0.757599
-0.809577 -0.251361 0.758414
-0.800596 -0.245578 0.719427
-0.766515 -0.215751 0.703498
-0.726320 -0.209890 0.715735
-0.684909 -0.180455 0.711570
-0.639954 -0.187964 0.700793
-0.600260 -0.141575 0.690906
-0.559619 -0.147724 0.671402
-0.519938 -0.109890 0.661666
-0.480096 -0.088749 0.654399
-0.496000 -0.014260 0.641003
-0.507766 0.062899 0.645436
-0.517274 0.138828 0.634455
-0.492322 0.177054 0.657963
-0.453331 0.159655 0.637439
-0.414205 0.157509 0.622529
-0.384045 0.119388 0.597626
-0.346109 0.115071 0.583381
-0.350058 0.018315 0.582759
-0.361689 -0.058713 0.574622
-0.317289 -0.085531 0.578669
-0.308485 -0.098064 0.609906
-0.308430 -0.149215 0.635518
-0.343526 -0.116431 0.648957
-0.369831 -0.134589 0.624182
-0.361419 -0.213265 0.622991
-0.375254 -0.229356 0.652757
-0.415273 -0.203768 0.648388
-0.427323 -0.246834 0.619234
-0.418668 -0.328938 0.631685
-0.431868 -0.422711 0.628691
-0.447055 -0.502773 0.641303
-0.473644 -0.470408 0.671574
-0.511093 -0.467504 0.695082
-0.529879 -0.437441 0.728187
-0.563189 -0.439011 0.753176
-0.578661 -0.412664 0.786087
-0.603722 -0.422449 0.813256
-0.612580 -0.394715 0.849473
-0.660565 -0.361905 0.847359
-0.703086 -0.340162 0.854583
-0.743929 -0.318184 0.861292
-0.771735 -0.319492 0.889898
-0.793131 -0.257169 0.905055
-0.791914 -0.304919 0.936217
-0.787261 -0.384040 0.940435
-0.751882 -0.374516 0.959199
-0.777673 -0.344192 0.985358
-0.805492 -0.417295 0.984940
-0.806425 -0.492282 1.000000
-0.834150 -0.550105 0.979294
-0.826266 -0.622711 0.963632
-0.801259 -0.662899 0.939502
-0.834908 -0.676531 0.912172
-0.848973 -0.589901 0.901352
-0.814445 -0.538488 0.894664
-0.794619 -0.569545 0.867356
-0.821830 -0.555756 0.841991
-0.803815 -0.474725 0.837129
-0.757508 -0.495814 0.832105
-0.735639 -0.478414 0.797208
-0.723088 -0.482313 0.765134
-0.731852 -0.445055 0.729743
-0.732177 -0.446023 0.691733
-0.735328 -0.431659 0.659144
-0.689737 -0.394924 0.655022
-0.648718 -0.386787 0.635861
-0.611837 -0.337860 0.623484
-0.572832 -0.338226 0.605011
-0.550679 -0.282261 0.586988
-0.520817 -0.304945 0.555740
-0.479636 -0.340031 0.540476
-0.441443 -0.354003 0.528690
-0.396177 -0.344715 0.528379
-0.367451 -0.298535 0.503572
-0.351790 -0.221559 0.503293
-0.367194 -0.209759 0.469083
-0.370818 -0.287598 0.448258
-0.420953 -0.293773 0.446412
-0.463204 -0.316902 0.438629
-0.457104 -0.408006 0.452294
-0.470371 -0.496259 0.462427
-0.467166 -0.585374 0.472249
-0.454710 -0.655939 0.485130
-0.431462 -0.721115 0.496841
-0.412203 -0.797174 0.491947
-0.432408 -0.840895 0.520510
-0.466612 -0.871664 0.502187
-0.486195 -0.943799 0.487868
-0.525402 -0.912193 0.470864
-0.560512 -0.864103 0.468986
-0.567991 -0.788226 0.480042
-0.595945 -0.729330 0.481116
-0.604804 -0.647305 0.476618
-0.628485 -0.581188 0.483220
-0.637979 -0.504160 0.482415
-0.605237 -0.467766 0.503110
-0.565975 -0.490555 0.507597
-0.525551 -0.488148 0.518653
-0.482530 -0.508608 0.513769
-0.435654 -0.524019 0.518729
-0.416720 -0.510283 0.486021
-0.396934 -0.470591 0.461708
-0.385574 -0.428127 0.431953
-0.348747 -0.391706 0.421830
-0.329244 -0.313815 0.412481
-0.290673 -0.285139 0.409443
-0.271252 -0.354997 0.419115
-0.290335 -0.404945 0.445027
-0.291728 -0.465358 0.475888
-0.322888 -0.505364 0.497378
-0.356848 -0.483072 0.513662
-0.341335 -0.394610 0.510452
-0.304698 -0.370199 0.497002
-0.264449 -0.376766 0.513319
-0.244676 -0.385897 0.477745
-0.229380 -0.417321 0.448977
-0.215721 -0.461826 0.424932
-0.187874 -0.486656 0.405042
-0.169251 -0.411800 0.393191
-0.176148 -0.344793 0.418427
-0.135575 -0.311120 0.430053
-0.129516 -0.227289 0.424610
-0.155781 -0.215725 0.457275
-0.182343 -0.210727 0.483069
-0.219386 -0.213291 0.497893
-0.265896 -0.178074 0.498752
-0.302426 -0.141026 0.494888
-0.332382 -0.089927 0.485001
-0.345907 -0.000654 0.477788
-0.370873 0.023129 0.452917
-0.336007 0.032365 0.429945
-0.314489 -0.039927 0.440261
-0.301195 -0.116719 0.437384
-0.264557 -0.150654 0.440111
-0.246326 -0.203454 0.420102
-0.220157 -0.255625 0.408477
-0.183168 -0.270774 0.388522
-0.155416 -0.304134 0.369479
-0.120604 -0.328362 0.356115
-0.088023 -0.327865 0.333058
-0.079692 -0.400916 0.316302
-0.093176 -0.418367 0.286278
-0.100412 -0.498535 0.290625
-0.069833 -0.530952 0.314563
-0.106538 -0.534563 0.339777
-0.130558 -0.552983 0.370821
-0.099019 -0.506436 0.394093
-0.096368 -0.453401 0.426854
-0.084778 -0.381188 0.448698
-0.071916 -0.320958 0.471573
-0.047031 -0.245971 0.477455
-0.032317 -0.179749 0.492752
0.000101 -0.163448 0.473226
-0.024215 -0.150183 0.445950
-0.048262 -0.092988 0.458713
-0.014816 -0.042282 0.463114
0.001670 -0.040947 0.432103
-0.035711 -0.007195 0.418953
-0.064153 0.031031 0.440111
-0.096868 -0.025196 0.433209
-0.098194 -0.078048 0.404505
-0.073336 -0.158582 0.416538
-0.070361 -0.249477 0.429462
-0.061042 -0.311879 0.408799
-0.046206 -0.398273 0.404806
-0.036212 -0.470958 0.389101
-0.035968 -0.557117 0.382811
-0.022728 -0.597541 0.356051
-0.013869 -0.582810 0.324792
-0.024635 -0.606646 0.291656
-0.002576 -0.605913 0.263747
0.031667 -0.562925 0.275383
0.031870 -0.509105 0.304580
0.041932 -0.426923 0.324041
0.026799 -0.376400 0.351209
-0.008514 -0.347384 0.363489
-0.027651 -0.365149 0.330213
-0.008081 -0.392595 0.304440
0.017413 -0.343093 0.283143
0.045963 -0.416797 0.274524
0.076677 -0.474228 0.268105
0.108148 -0.526609 0.269554
0.135481 -0.572920 0.256233
0.116898 -0.592831 0.225339
0.088375 -0.515699 0.218448
0.053915 -0.460204 0.200704
0.027610 -0.406175 0.184442
-0.001670 -0.390999 0.162619
-0.019901 -0.332470 0.142170
-0.059933 -0.370147 0.141515
-0.064964 -0.364390 0.177776
-0.068237 -0.360413 0.210902
-0.066871 -0.384458 0.242611
-0.101372 -0.441104 0.236600
-0.083101 -0.513553 0.224674
-0.065614 -0.588278 0.222473
-0.037659 -0.540345 0.197988
-0.010150 -0.483935 0.209839
0.019130 -0.554840 0.211438
0.049520 -0.591313 0.191838
0.085900 -0.612454 0.182037
0.120698 -0.623496 0.168469
0.137360 -0.647436 0.138424
0.180016 -0.665777 0.141397
0.219048 -0.692805 0.136266
0.257200 -0.719021 0.146088
0.278298 -0.679749 0.120884
0.261366 -0.598168 0.127647
0.264152 -0.582077 0.165056
0.268439 -0.557692 0.196314
0.258120 -0.619388 0.217160
0.225688 -0.664076 0.202110
0.190579 -0.601544 0.196636
0.185629 -0.518263 0.196722
0.155213 -0.444322 0.196969
0.125905 -0.387886 0.201112
0.090120 -0.364783 0.217503
0.088997 -0.277132 0.199566
0.084805 -0.197017 0.189390
0.106606 -0.117033 0.181898
0.112300 -0.040529 0.170391
0.152305 -0.032679 0.185762
0.169264 -0.104631 0.168501
0.150844 -0.158974 0.146475
0.127109 -0.226478 0.155599
0.108121 -0.310021 0.154182
0.090566 -0.380141 0.159055
0.118846 -0.440372 0.146861
0.158513 -0.430638 0.147408
0.195502 -0.462428 0.150500
0.237563 -0.468760 0.155609
0.268655 -0.473051 0.133776
0.302547 -0.469074 0.116322
0.317613 -0.424987 0.091333
0.298206 -0.481554 0.065925
0.250965 -0.480298 0.074963
0.203170 -0.498561 0.064958
0.162989 -0.492177 0.077024
0.145029 -0.514783 0.104267
0.178488 -0.578257 0.107820
0.211352 -0.599791 0.089894
0.206524 -0.639377 0.058368
0.234790 -0.575536 0.043232
0.257930 -0.522423 0.028677
0.263922 -0.457274 0.011512
0.279137 -0.424411 -0.013316
0.315531 -0.468943 -0.015720
0.307822 -0.556463 -0.000295
0.322320 -0.644008 0.013563
0.322388 -0.699922 0.038520
0.307551 -0.723182 0.067148
0.326445 -0.724228 0.104246
0.344825 -0.735348 0.133078
0.385006 -0.711329 0.122784
0.373740 -0.629827 0.120605
0.367194 -0.552224 0.130556
0.343229 -0.540372 0.100908
0.327189 -0.609314 0.081393
0.350856 -0.575720 0.050478
0.365179 -0.548064 0.020282
0.370169 -0.515699 -0.008775
0.368533 -0.499320 -0.041730
0.374659 -0.426845 -0.055212
0.348841 -0.390241 -0.074995
0.336534 -0.335060 -0.096367
0.306551 -0.277656 -0.102518
0.314719 -0.283490 -0.137769
0.303251 -0.373522 -0.140646
0.265315 -0.386421 -0.124888
0.226040 -0.379592 -0.116515
0.194839 -0.355599 -0.099942
0.190511 -0.414181 -0.073428
0.232586 -0.462611 -0.081114
0.273984 -0.491523 -0.075317
0.266180 -0.583046 -0.064314
0.272239 -0.653140 -0.049920
0.273727 -0.689194 -0.018898
0.301073 -0.752747 -0.028966
0.332937 -0.711251 -0.049888
0.335479 -0.632732 -0.063359
0.316991 -0.611120 -0.091998
0.300154 -0.552773 -0.111384
0.271752 -0.507561 -0.131930
0.272834 -0.471716 -0.163446
0.267343 -0.434092 -0.191988
0.277284 -0.422030 -0.222205
0.321752 -0.425458 -0.218716
0.335466 -0.475563 -0.190195
0.372387 -0.512637 -0.167492
0.383288 -0.560492 -0.138274
0.376269 -0.565306 -0.105641
0.366328 -0.476426 -0.106704
0.365165 -0.430324 -0.133808
0.404751 -0.398639 -0.145895
0.391173 -0.412585 -0.182070
0.386223 -0.424699 -0.215786
0.385492 -0.449634 -0.246346
0.394418 -0.443040 -0.277669
0.377959 -0.355887 -0.280986
0.383193 -0.316614 -0.245380
0.376891 -0.247514 -0.217385
0.361013 -0.207064 -0.191827
0.345230 -0.216667 -0.164272
0.298842 -0.177734 -0.162651
0.261122 -0.141130 -0.172291
0.243338 -0.201230 -0.197044
0.223173 -0.264861 -0.211106
0.266505 -0.306934 -0.204558
0.302912 -0.273103 -0.192128
0.315855 -0.264181 -0.224867
0.332017 -0.243223 -0.254816
0.354238 -0.238462 -0.281437
0.385993 -0.207561 -0.297935
0.390469 -0.172213 -0.326821
0.416233 -0.183490 -0.351381
0.432814 -0.174359 -0.380138
0.443282 -0.211381 -0.409121
0.483517 -0.163658 -0.402863
0.495851 -0.153480 -0.370424
0.499462 -0.243511 -0.368180
0.497691 -0.325981 -0.367236
0.453831 -0.323653 -0.347592
0.425687 -0.338880 -0.321454
0.456103 -0.330508 -0.295681
0.461040 -0.305599 -0.258369
0.457970 -0.290293 -0.226424
0.432814 -0.291654 -0.199985
0.445027 -0.217373 -0.185086
0.444675 -0.163919 -0.218459
0.448340 -0.179644 -0.252068
0.481002 -0.198064 -0.268921
0.496446 -0.214966 -0.297624
0.523969 -0.225903 -0.321991
0.547555 -0.174621 -0.339971
0.573955 -0.138252 -0.360044
0.597136 -0.075641 -0.363844
0.574388 -0.010099 -0.352390
0.538886 -0.031292 -0.333391
0.500910 0.001073 -0.310924
0.472873 -0.032758 -0.288693
0.448814 -0.095761 -0.289273
0.445040 -0.097619 -0.324546
0.467707 -0.056122 -0.346175
0.454737 0.030324 -0.353593
0.499341 0.066431 -0.348623
0.538656 0.099634 -0.346379
0.571926 0.136447 -0.334679
0.601423 0.190188 -0.334217
0.612472 0.179069 -0.369737
0.571074 0.150340 -0.387642
0.540888 0.109550 -0.415046
0.516327 0.103271 -0.444920
0.505873 0.096075 -0.476715
0.485925 0.105311 -0.505622
0.482868 0.094035 -0.538050
0.517883 0.150131 -0.540916
0.557333 0.122423 -0.535431
0.565407 0.111565 -0.569770
0.588561 0.171219 -0.585109
0.603587 0.204919 -0.616765
0.616232 0.262742 -0.636892
0.626227 0.286081 -0.668622
0.665785 0.309079 -0.658768
0.676348 0.225563 -0.654507
0.673832 0.196808 -0.686559
0.683922 0.169519 -0.716991
0.677754 0.170931 -0.749977
0.653857 0.146442 -0.780785
0.638128 0.112585 -0.811871
0.602735 0.076426 -0.825235
0.566300 0.034929 -0.835991
0.566029 0.087075 -0.869106
0.562905 0.113475 -0.902597
0.557969 0.195709 -0.912967
0.570127 0.272684 -0.936056
0.580744 0.368132 -0.930946
0.607346 0.435610 -0.924012
0.620938 0.497645 -0.900236
0.644714 0.493145 -0.869106
0.683299 0.509315 -0.853402
0.699772 0.474673 -0.824752
0.674590 0.424097 -0.808586
0.662107 0.367164 -0.791047
0.629256 0.320801 -0.782234
0.645729 0.366771 -0.752167
0.639859 0.427603 -0.724451
0.641604 0.482679 -0.699988
0.614339 0.526583 -0.677886
0.606562 0.575118 -0.653476
0.580636 0.608974 -0.628744
0.556481 0.674176 -0.617978
0.530596 0.714364 -0.596842
0.495297 0.756986 -0.595940
0.467383 0.796023 -0.577585
0.431313 0.736944 -0.580172
0.443985 0.657091 -0.585743
0.455954 0.581764 -0.587203
0.478797 0.515960 -0.591389
0.487804 0.448299 -0.614715
0.530230 0.422789 -0.598592
0.573508 0.394322 -0.594534
0.611444 0.429356 -0.593643
0.617287 0.486735 -0.619588
0.585261 0.447122 -0.647229
0.593457 0.410361 -0.682952
0.586884 0.372135 -0.712858
0.585193 0.379121 -0.745984
0.565745 0.335008 -0.773195
0.557144 0.299267 -0.804937
0.551910 0.245971 -0.828928
0.585207 0.194505 -0.819514
0.593633 0.187886 -0.780892
0.616381 0.168891 -0.745887
0.625550 0.119806 -0.713384
0.650922 0.092753 -0.685131
0.649177 0.061015 -0.653895
0.666583 0.034615 -0.623839
0.662999 -0.039037 -0.601157
0.679053 -0.049686 -0.563695
0.639710 -0.048509 -0.540401
0.624211 -0.121873 -0.530880
0.608239 -0.175563 -0.504592
0.576146 -0.225746 -0.526769
0.547866 -0.265463 -0.545500
0.519654 -0.223574 -0.573044
0.494999 -0.169519 -0.588523
0.490780 -0.097043 -0.609197
0.479771 -0.027237 -0.621542
0.482151 0.036996 -0.640198
0.492051 0.119126 -0.644620
0.485032 0.199320 -0.659680
0.493715 0.284092 -0.663126
0.471508 0.354867 -0.684938
0.468248 0.407509 -0.716433
0.451640 0.446625 -0.743966
0.444553 0.496416 -0.770233
0.411270 0.447122 -0.781590
0.373861 0.408451 -0.789630
0.396596 0.331973 -0.794567
0.413528 0.259707 -0.788910
0.440726 0.190790 -0.780591
0.475727 0.124621 -0.776298
0.496014 0.055024 -0.760819
0.531366 -0.001910 -0.753208
0.551951 -0.074542 -0.735003
0.589995 -0.104108 -0.714329
0.617219 -0.159131 -0.694921
0.661092 -0.166954 -0.678991
0.640860 -0.238697 -0.678702
0.616205 -0.297724 -0.673592
0.606576 -0.346939 -0.648399
0.631339 -0.418132 -0.628261
0.616746 -0.459471 -0.597078
0.588737 -0.482522 -0.573538
0.563298 -0.410361 -0.577005
0.559619 -0.404500 -0.611891
0.535451 -0.443668 -0.633113
0.518829 -0.445761 -0.664779
0.482679 -0.422501 -0.680022
0.499990 -0.403297 -0.710346
0.524483 -0.365751 -0.731010
0.538304 -0.285008 -0.740832
0.563514 -0.256201 -0.765864
0.534639 -0.185976 -0.771499
0.515881 -0.115620 -0.770040
0.485235 -0.073914 -0.753970
0.448543 -0.025510 -0.763696
0.429934 0.060361 -0.755377
0.413515 0.130534 -0.745791
0.408633 0.220958 -0.740875
0.384505 0.284799 -0.734445
0.378379 0.364966 -0.729539
0.359323 0.351230 -0.698056
0.396664 0.325249 -0.680505
0.431313 0.298718 -0.655634
0.422103 0.207300 -0.660926
0.432855 0.119126 -0.662858
0.421968 0.039089 -0.660958
0.427012 -0.040110 -0.669953
0.414813 -0.119362 -0.673313
0.457496 -0.139116 -0.663609
0.486019 -0.175249 -0.643633
0.526660 -0.196834 -0.626018
0.559132 -0.235269 -0.612267
0.590468 -0.220408 -0.583832
0.630351 -0.228362 -0.564135
0.667584 -0.227760 -0.549257
0.703302 -0.212402 -0.567698
0.689453 -0.176504 -0.597819
0.691671 -0.133386 -0.627220
0.665839 -0.079696 -0.645758
0.640873 -0.048561 -0.676651
0.611404 0.004317 -0.692484
0.591293 0.020801 -0.723367
0.570465 0.094244 -0.740714
0.545094 0.117033 -0.770877
0.528824 0.181031 -0.790220
0.488616 0.204474 -0.811431
0.456414 0.218341 -0.839694
0.429163 0.222972 -0.864265
0.419385 0.242752 -0.895974
0.398273 0.323888 -0.906558
0.406563 0.389639 -0.929272
0.438454 0.443093 -0.909682
0.472887 0.481868 -0.894707
0.495784 0.454867 -0.866777
0.533300 0.491601 -0.859091
0.517233 0.496913 -0.823990
0.512906 0.428650 -0.807309
0.510363 0.403925 -0.769503
0.523536 0.374516 -0.736710
0.527566 0.373182 -0.703584
0.548056 0.330638 -0.679904
0.556792 0.309707 -0.647293
0.547799 0.215542 -0.641840
0.547339 0.142412 -0.622679
0.525740 0.080115 -0.605923
0.515692 0.021062 -0.581642
0.479609 -0.026478 -0.571627
0.464597 -0.089142 -0.554957
0.439035 -0.154657 -0.547024
0.413488 -0.197148 -0.527016
0.418546 -0.268080 -0.546241
0.463055 -0.280194 -0.536837
0.453615 -0.309314 -0.504592
0.445933 -0.370147 -0.484293
0.418465 -0.348012 -0.460345
0.404602 -0.268969 -0.456663
0.359147 -0.281005 -0.464864
0.318682 -0.285139 -0.472131
0.284573 -0.260335 -0.486408
0.282139 -0.189953 -0.470167
0.316721 -0.158346 -0.483885
0.303467 -0.163946 -0.515669
0.268953 -0.120670 -0.511773
0.289888 -0.052747 -0.500201
0.315274 -0.039377 -0.526296
0.281368 -0.030220 -0.546799
0.257890 0.027342 -0.532318
0.293053 0.083700 -0.533424
0.328027 0.081999 -0.550298
0.367343 0.076845 -0.539822
0.383626 0.096416 -0.568890
0.370075 0.172501 -0.571981
0.383301 0.204369 -0.543106
0.425917 0.175824 -0.544813
0.433896 0.210675 -0.576479
0.429487 0.289273 -0.570865
0.439779 0.371481 -0.563104
0.438778 0.395317 -0.529441
0.408038 0.393354 -0.505300
0.380989 0.332208 -0.494662
0.349450 0.286159 -0.480751
0.336439 0.214574 -0.468879
0.319115 0.153794 -0.454624
0.323740 0.095081 -0.432125
0.333559 0.040712 -0.455772
0.369155 0.076400 -0.464402
0.388292 0.076975 -0.435828
0.388360 -0.001256 -0.431566
0.406388 -0.028231 -0.459787
0.441700 0.016536 -0.457221
0.454832 -0.014731 -0.429334
0.456861 -0.089220 -0.439606
0.481840 -0.079016 -0.466270
0.514245 -0.057064 -0.449342
0.519330 -0.120277 -0.429398
0.526308 -0.169728 -0.455869
0.558496 -0.132391 -0.471970
0.586167 -0.122240 -0.443073
0.581014 -0.147305 -0.412728
0.564947 -0.056515 -0.406427
0.583719 0.019963 -0.408327
0.606346 0.084877 -0.418471
0.630757 0.148666 -0.416989
0.638899 0.224542 -0.422335
0.674225 0.267818 -0.422968
0.684435 0.337598 -0.410946
0.712336 0.396206 -0.409142
0.731595 0.444506 -0.386547
0.723994 0.510858 -0.408584
0.680121 0.504710 -0.418395
0.659970 0.496965 -0.386096
0.642483 0.495918 -0.354730
0.644119 0.398273 -0.356147
0.630149 0.316457 -0.359153
0.588737 0.330194 -0.372828
0.547731 0.305468 -0.391978
0.514434 0.263946 -0.403657
0.493985 0.194532 -0.407189
0.493403 0.224176 -0.441538
0.531380 0.243851 -0.457983
0.562067 0.281947 -0.440143
0.566476 0.359341 -0.430901
0.588575 0.420382 -0.418406
0.602789 0.492831 -0.408681
0.621182 0.563030 -0.422228
0.639142 0.633386 -0.431770
0.649975 0.684092 -0.454387
0.660835 0.638749 -0.481674
0.640170 0.556907 -0.479076
0.632448 0.471690 -0.495790
0.615691 0.394610 -0.489789
0.614447 0.339587 -0.466099
0.652586 0.371926 -0.451682
0.676727 0.433046 -0.461483
0.705277 0.422711 -0.490272
0.690521 0.502878 -0.506642
0.677930 0.572685 -0.521605
0.658956 0.624594 -0.540444
0.655385 0.677342 -0.562707
0.690792 0.726269 -0.550728
0.723629 0.666405 -0.532554
0.761957 0.643747 -0.507941
0.774873 0.610544 -0.478829
0.767232 0.561172 -0.450952
0.765893 0.593197 -0.418385
0.745687 0.616143 -0.390282
0.715839 0.662637 -0.410559
0.721695 0.643773 -0.445725
0.725414 0.700052 -0.472764
0.734286 0.755364 -0.500255
0.732690 0.798352 -0.528314
0.752585 0.820644 -0.556202
0.754478 0.881685 -0.578325
0.749799 0.896337 -0.610754
0.750475 0.935767 -0.640069
0.725969 0.961408 -0.666894
0.764946 0.948849 -0.688438
0.778971 0.866353 -0.677639
0.738195 0.825065 -0.676651
0.702179 0.786682 -0.682255
0.698893 0.786211 -0.642656
0.695728 0.768446 -0.608456
0.715582 0.689220 -0.608231
0.746012 0.640869 -0.592656
0.766758 0.592125 -0.573946
0.766637 0.558660 -0.542408
0.811605 0.563815 -0.538587
0.825265 0.639116 -0.553626
0.803477 0.693119 -0.573731
0.798149 0.688200 -0.607319
0.779782 0.715489 -0.635099
0.767502 0.719833 -0.667817
0.784354 0.751832 -0.694599
0.791156 0.767216 -0.725428
0.816907 0.772449 -0.747165
0.855573 0.786839 -0.732094
0.852151 0.778938 -0.694492
0.869206 0.793564 -0.656793
0.861253 0.789534 -0.621466
0.830201 0.792988 -0.599558
0.809766 0.854082 -0.620457
0.829092 0.881240 -0.648034
0.873615 0.920225 -0.654206
0.890290 0.863972 -0.685314
0.906344 0.789587 -0.704389
0.915053 0.716196 -0.723979
0.932270 0.660126 -0.742914
0.922668 0.709550 -0.774816
0.919679 0.803114 -0.762858
0.919827 0.900026 -0.765907
0.895673 0.968446 -0.742721
0.872844 1.000000 -0.717785
0.834624 0.963710 -0.733897
0.858264 0.931031 -0.765617
0.875197 0.855338 -0.782556
0.901813 0.797750 -0.808597
0.916568 0.730612 -0.831397
0.934799 0.655782 -0.854379
0.964877 0.602146 -0.877994
0.962957 0.528048 -0.898250
0.985975 0.445447 -0.899087
0.969868 0.386290 -0.913439
0.932202 0.450916 -0.905141
0.918245 0.509681 -0.873110
0.926279 0.562402 -0.836871
0.945226 0.580534 -0.800879
0.969678 0.643982 -0.772809
0.971937 0.732601 -0.756912
0.965188 0.811408 -0.740853
0.991994 0.853375 -0.768827
0.992021 0.777943 -0.796510
1.000000 0.693694 -0.820780
0.996808 0.591235 -0.817668
0.969922 0.505939 -0.831526
0.927956 0.442962 -0.839254
0.901624 0.386552 -0.867131
0.868502 0.342125 -0.895051
0.859779 0.275484 -0.927039
0.856263 0.193433 -0.947971
0.865825 0.117530 -0.935809
0.874764 0.177342 -0.905109
0.879254 0.215280 -0.865972
0.904761 0.249241 -0.839426
0.939938 0.317870 -0.841895
0.946754 0.304265 -0.880946
0.932635 0.210989 -0.888460
0.914188 0.113370 -0.881751
0.872546 0.062716 -0.896511
0.840561 0.000654 -0.912655
0.811943 -0.073940 -0.924484
0.781960 -0.145631 -0.930002
0.799433 -0.214233 -0.941498
0.841440 -0.169702 -0.930313
0.888735 -0.132889 -0.927962
0.921207 -0.059288 -0.916670
0.950338 0.019859 -0.921371
0.949094 0.105573 -0.915382
0.986773 0.139901 -0.903510
0.986408 0.160727 -0.943216
0.954463 0.134956 -0.966638
0.928050 0.050602 -0.965253
0.905965 -0.037546 -0.967851
0.881337 -0.124725 -0.972434
0.864499 -0.220931 -0.964727
0.843469 -0.308320 -0.957041
0.825184 -0.397200 -0.946425
0.816285 -0.475170 -0.920599
0.780012 -0.541732 -0.907299
0.812674 -0.591287 -0.917969
0.798892 -0.559576 -0.950773
0.777267 -0.508765 -0.970513
0.741089 -0.479827 -0.984242
0.734435 -0.560911 -1.000000
0.723048 -0.624725 -0.976084
0.710335 -0.683046 -0.953886
0.735679 -0.639639 -0.929583
0.717300 -0.569283 -0.923078
0.710578 -0.523496 -0.891691
0.708347 -0.430612 -0.905227
0.719585 -0.336604 -0.911528
0.765054 -0.313004 -0.897037
0.807453 -0.263815 -0.889072
0.854221 -0.262533 -0.876846
0.893360 -0.254526 -0.863084
0.923668 -0.268106 -0.841412
0.958764 -0.239168 -0.825321
0.976441 -0.321559 -0.821457
0.966311 -0.366902 -0.852736
0.937369 -0.353166 -0.877511
0.897323 -0.376452 -0.874924
0.853666 -0.393747 -0.875504
0.813052 -0.375353 -0.861270
0.766082 -0.398012 -0.855270
0.720667 -0.404186 -0.859327
0.685910 -0.463736 -0.857073
0.653208 -0.518707 -0.853101
0.627444 -0.573339 -0.840392
0.656413 -0.631057 -0.824902
0.696526 -0.580298 -0.819707
0.745417 -0.569885 -0.809263
0.784327 -0.526112 -0.814823
0.809063 -0.498142 -0.839952
0.783799 -0.562664 -0.859596
0.752463 -0.612637 -0.849495
0.765582 -0.686238 -0.830076
0.725022 -0.680089 -0.808060
0.690576 -0.661355 -0.787934
0.661552 -0.632679 -0.769127
0.630054 -0.633961 -0.749623
0.606616 -0.704919 -0.756847
0.640576 -0.758687 -0.770877
0.658672 -0.833700 -0.788223
0.701868 -0.858530 -0.803745
0.728457 -0.843407 -0.836055
0.744132 -0.800576 -0.862161
0.774170 -0.862873 -0.867893
0.740102 -0.916039 -0.881064
0.715312 -0.954160 -0.901266
0.676929 -0.955547 -0.880291
0.679553 -0.886054 -0.855291
0.656264 -0.824987 -0.846210
0.629621 -0.784694 -0.827994
0.597528 -0.799948 -0.803208
0.573360 -0.806541 -0.777639
0.561553 -0.842177 -0.749945
0.534193 -0.898901 -0.734574
0.508713 -0.862376 -0.709208
0.469993 -0.836813 -0.715434
0.476836 -0.760727 -0.704131
0.510918 -0.758713 -0.677746
0.534098 -0.680089 -0.688566
0.561282 -0.626845 -0.702027
0.578283 -0.595474 -0.729657
0.604547 -0.542308 -0.706643
0.632407 -0.599058 -0.690960
0.667828 -0.643302 -0.689296
0.641928 -0.700288 -0.667613
0.611458 -0.744950 -0.682383
0.648447 -0.788697 -0.701480
0.674833 -0.825039 -0.721617
0.696553 -0.822527 -0.749924
0.699069 -0.911879 -0.748313
0.658442 -0.945186 -0.735905
0.622359 -0.909733 -0.722616
0.620005 -0.894610 -0.690338
0.601382 -0.854108 -0.662997
0.612553 -0.796102 -0.638094
0.570046 -0.749921 -0.639521
0.528797 -0.755835 -0.631224
0.485722 -0.734694 -0.633489
0.451275 -0.755939 -0.616679
0.468654 -0.817399 -0.599987
0.504061 -0.868027 -0.613706
0.530068 -0.948090 -0.623012
0.561539 -0.979173 -0.644824
0.574266 -0.974437 -0.676727
0.531001 -0.936944 -0.682716
0.500193 -0.929016 -0.661505
0.475173 -1.000000 -0.650417
0.468694 -0.963108 -0.616507
0.470453 -0.931449 -0.585002
0.481448 -0.911538 -0.554935
0.472387 -0.907771 -0.524364
0.431394 -0.879670 -0.526629
0.412027 -0.912977 -0.559433
0.377094 -0.927211 -0.587449
0.374389 -0.962402 -0.623098
0.393566 -0.927289 -0.650374
0.426066 -0.906122 -0.668397
0.404778 -0.898195 -0.697004
0.381733 -0.829696 -0.680956
0.389360 -0.796232 -0.651072
0.372969 -0.839089 -0.622164
0.394716 -0.818263 -0.594362
0.380258 -0.810335 -0.562739
0.376756 -0.817373 -0.531331
0.363502 -0.850288 -0.504785
0.327392 -0.851099 -0.485613
0.329285 -0.870251 -0.454377
