0.782209 -0.110584 0.337257
0.804326 -0.117853 0.295728
0.804170 -0.119460 0.238366
0.820275 -0.114298 0.192102
0.816665 -0.102684 0.131386
0.825617 -0.088594 0.084168
0.808618 -0.124042 0.032199
0.796760 -0.079771 -0.017731
0.799241 -0.075400 -0.066840
0.778476 -0.042506 -0.101481
0.776453 -0.032419 -0.149109
0.762002 0.000974 -0.186117
0.746534 0.005899 -0.227581
0.742835 0.049011 -0.266365
0.723690 0.072002 -0.303504
0.731189 0.088120 -0.351330
0.713430 0.122567 -0.386431
0.712927 0.154486 -0.431545
0.702433 0.229544 -0.456929
0.714436 0.222012 -0.506005
0.720270 0.214848 -0.555656
0.729546 0.169024 -0.597465
0.741080 0.186432 -0.647708
0.743025 0.165916 -0.699233
0.759375 0.185431 -0.746582
0.755665 0.178241 -0.799094
0.776263 0.183508 -0.846049
0.786612 0.185326 -0.896210
0.806182 0.194385 -0.940813
0.779225 0.216823 -0.974155
0.758615 0.270101 -1.000000
0.725903 0.219694 -0.995429
0.722494 0.229228 -0.936983
0.706031 0.276053 -0.900254
0.707249 0.226225 -0.855042
0.701818 0.229675 -0.805424
0.701225 0.177451 -0.761675
0.687669 0.161492 -0.711925
0.695894 0.119907 -0.663376
0.690250 0.082800 -0.618065
0.698208 0.040083 -0.575648
0.684439 -0.023939 -0.545496
0.694553 -0.048695 -0.499363
0.682069 -0.104711 -0.465495
0.681008 -0.151747 -0.423867
0.696163 -0.240578 -0.440489
0.730518 -0.272023 -0.416206
0.753687 -0.325775 -0.394224
0.790993 -0.319323 -0.409054
0.818129 -0.309473 -0.438368
0.814385 -0.242633 -0.482149
0.820197 -0.152037 -0.489614
0.852440 -0.111269 -0.472713
0.878000 -0.140212 -0.513995
0.864242 -0.111691 -0.564961
0.865349 -0.022675 -0.557580
0.899794 -0.009692 -0.547222
0.913362 -0.032209 -0.595804
0.898676 0.036949 -0.626450
0.911495 0.107951 -0.590165
0.946734 0.093466 -0.583046
0.969265 0.117063 -0.622800
0.979201 0.183666 -0.651308
1.000000 0.242685 -0.662669
0.994635 0.315083 -0.684025
0.980475 0.378842 -0.701173
0.986231 0.457217 -0.720557
0.972808 0.515604 -0.689402
0.976094 0.600300 -0.683927
0.978463 0.669616 -0.652393
0.983750 0.752416 -0.653692
0.994110 0.824208 -0.635180
0.992993 0.906560 -0.637876
0.994077 0.987385 -0.627880
0.958614 1.000000 -0.646820
0.941548 0.932659 -0.614826
0.922135 0.884912 -0.583490
0.925644 0.819547 -0.623162
0.930942 0.756340 -0.653643
0.939738 0.712702 -0.699315
0.940408 0.659082 -0.738329
0.962303 0.589977 -0.760836
0.968606 0.538569 -0.807446
0.974473 0.494957 -0.849617
0.966326 0.454478 -0.891376
0.959251 0.383161 -0.867521
0.931959 0.409997 -0.840245
0.912512 0.432620 -0.879243
0.910154 0.354139 -0.896210
0.899470 0.310421 -0.854730
0.877710 0.383503 -0.834146
0.851859 0.429538 -0.850619
0.827808 0.410524 -0.810718
0.854184 0.416002 -0.765193
0.860152 0.430987 -0.707190
0.883544 0.426378 -0.661765
0.884818 0.455400 -0.606030
0.893077 0.410656 -0.565340
0.915284 0.441021 -0.530617
0.926919 0.523794 -0.530419
0.914312 0.584209 -0.502043
0.890126 0.639277 -0.513781
0.872066 0.716442 -0.511052
0.866500 0.716389 -0.570634
0.866299 0.722867 -0.620120
0.880124 0.733692 -0.665776
0.886405 0.744700 -0.715361
0.871361 0.726107 -0.765670
0.884225 0.732032 -0.816965
0.871775 0.678650 -0.854828
0.840627 0.629559 -0.838223
0.810283 0.619420 -0.864890
0.811893 0.530536 -0.856045
0.798381 0.509415 -0.811852
0.780890 0.448895 -0.776916
0.806908 0.441890 -0.733512
0.811926 0.464065 -0.677268
0.836100 0.459061 -0.631694
0.836246 0.477101 -0.573708
0.842728 0.428380 -0.534908
0.861795 0.456849 -0.496486
0.859470 0.545390 -0.479716
0.852328 0.635827 -0.474373
0.825371 0.673646 -0.493214
0.802382 0.744911 -0.493115
0.796972 0.751152 -0.552828
0.785360 0.766374 -0.601509
0.812407 0.783308 -0.646113
0.822532 0.766164 -0.694531
0.790099 0.739512 -0.724683
0.776240 0.784098 -0.763681
0.790166 0.733534 -0.801610
0.770283 0.662216 -0.795773
0.742879 0.639778 -0.825449
0.752100 0.554081 -0.819398
0.741505 0.524769 -0.775074
0.731122 0.453451 -0.743672
0.757788 0.460378 -0.699776
0.762728 0.475205 -0.643121
0.787405 0.470622 -0.600293
0.784913 0.488294 -0.542536
0.794324 0.439625 -0.504920
0.811468 0.479366 -0.468783
0.805064 0.569066 -0.451553
0.792077 0.656975 -0.445355
0.760102 0.681836 -0.458245
0.731390 0.739722 -0.454036
0.723410 0.748203 -0.512861
0.711228 0.759264 -0.559026
0.733961 0.786521 -0.606754
0.739169 0.776909 -0.658805
0.709451 0.745622 -0.687856
0.695459 0.789392 -0.726722
0.712871 0.740486 -0.764897
0.700264 0.658977 -0.759225
0.676928 0.619525 -0.789690
0.694117 0.542361 -0.781831
0.686305 0.510521 -0.736800
0.683008 0.432909 -0.706516
0.709921 0.447736 -0.664806
0.713341 0.460799 -0.607362
0.738174 0.463722 -0.564912
0.733145 0.484501 -0.507994
0.746545 0.441995 -0.469852
0.762337 0.487135 -0.434636
0.749999 0.569435 -0.418294
0.729311 0.648074 -0.409892
0.696252 0.657633 -0.422420
0.663070 0.700087 -0.415778
0.651659 0.702062 -0.473584
0.635654 0.713834 -0.519355
0.653548 0.755945 -0.567362
0.659505 0.751310 -0.618312
0.634000 0.706645 -0.650453
0.618678 0.740908 -0.691752
0.641030 0.697717 -0.726508
0.632995 0.613732 -0.716463
0.612251 0.565590 -0.745547
0.636224 0.497959 -0.742669
0.633844 0.456849 -0.698904
0.639555 0.377788 -0.672237
0.663930 0.407179 -0.629146
0.666233 0.422243 -0.571834
0.690329 0.439019 -0.529499
0.685724 0.454399 -0.471874
0.702388 0.418451 -0.433863
0.715431 0.468884 -0.397956
0.696029 0.542783 -0.382075
0.669351 0.609623 -0.371273
0.635185 0.598957 -0.380381
0.598158 0.622686 -0.371569
0.585674 0.619789 -0.429309
0.567513 0.629428 -0.473683
0.580120 0.682258 -0.521065
0.585909 0.679835 -0.571587
0.565959 0.613310 -0.601739
0.541293 0.626162 -0.637531
0.565859 0.615075 -0.678468
0.570396 0.528930 -0.677992
0.557097 0.472993 -0.711087
0.587954 0.422270 -0.706286
0.589206 0.385531 -0.660992
0.599320 0.310684 -0.633059
0.622612 0.347370 -0.591168
0.624456 0.362514 -0.534267
0.646998 0.388454 -0.491685
0.641455 0.397988 -0.434175
0.662220 0.368492 -0.398910
0.671743 0.422243 -0.363825
0.646942 0.484054 -0.342683
0.615392 0.535066 -0.328840
0.583070 0.508230 -0.332095
0.546010 0.511785 -0.317627
0.533470 0.503042 -0.375054
0.511509 0.501172 -0.421154
0.512414 0.562824 -0.468027
0.517879 0.573622 -0.518253
0.508569 0.519870 -0.560029
0.500344 0.559216 -0.602693
0.517499 0.524374 -0.646886
0.525423 0.440494 -0.645324
0.518226 0.385031 -0.681905
0.549150 0.337336 -0.669410
0.549787 0.299255 -0.624707
0.565155 0.227226 -0.597662
0.586513 0.270259 -0.554719
0.588994 0.283690 -0.497275
0.610821 0.311738 -0.455104
0.606373 0.314714 -0.396625
0.629642 0.294251 -0.362149
0.634537 0.348503 -0.325864
0.606328 0.396408 -0.301795
0.571503 0.432093 -0.285979
0.540399 0.402992 -0.297372
0.501987 0.408470 -0.291996
0.492520 0.421954 -0.350722
0.472515 0.419794 -0.401130
0.469173 0.459719 -0.455466
0.469028 0.437518 -0.506416
0.467050 0.357167 -0.519404
0.439400 0.366622 -0.549984
0.459137 0.403650 -0.588883
0.476505 0.333439 -0.608184
0.477790 0.276922 -0.647675
0.512135 0.240473 -0.630609
0.515487 0.204920 -0.585414
0.535146 0.137579 -0.559700
0.556817 0.181165 -0.518812
0.559477 0.191515 -0.460826
0.578667 0.223881 -0.416863
0.574431 0.221801 -0.359633
0.599890 0.208054 -0.327311
0.601098 0.262938 -0.290401
0.569994 0.303021 -0.265329
0.534163 0.329594 -0.246241
0.506915 0.277080 -0.247951
0.473688 0.260225 -0.219985
0.448061 0.250112 -0.265066
0.426033 0.251297 -0.304441
0.421540 0.330147 -0.312481
0.452789 0.342656 -0.335153
0.440495 0.280872 -0.376682
0.412342 0.286982 -0.405815
0.427352 0.298807 -0.450830
0.435454 0.221300 -0.460218
0.404697 0.198941 -0.478368
0.408028 0.244107 -0.523893
0.433834 0.201364 -0.548192
0.439914 0.152142 -0.589935
0.476583 0.144479 -0.585447
0.485390 0.102736 -0.543589
0.510257 0.038661 -0.524402
0.533112 0.080614 -0.484287
0.540399 0.085407 -0.426037
0.552224 0.125754 -0.376057
0.553811 0.119539 -0.318071
0.581785 0.109110 -0.291881
0.579147 0.166258 -0.251404
0.545529 0.179821 -0.230721
0.516370 0.170130 -0.205402
0.501618 0.116299 -0.235949
0.522886 0.051592 -0.224556
0.506558 0.034921 -0.177864
0.475611 0.000922 -0.193960
0.452487 -0.057017 -0.207901
0.438304 -0.009191 -0.248083
0.457449 0.008427 -0.288067
0.449592 -0.052487 -0.317972
0.415225 -0.037529 -0.319764
0.415695 0.039082 -0.336928
0.432135 0.022754 -0.379461
0.410777 -0.034342 -0.398285
0.382021 0.014432 -0.399321
0.395522 0.082089 -0.426843
0.420188 0.036238 -0.461483
0.416958 -0.008190 -0.505906
0.449715 0.010324 -0.526079
0.473085 -0.038345 -0.503128
0.506558 -0.083590 -0.497965
0.522260 -0.033025 -0.453477
0.537616 -0.032815 -0.399732
0.571011 -0.035264 -0.389588
0.578678 -0.095283 -0.424064
0.546055 -0.140107 -0.435310
0.519422 -0.183719 -0.450846
0.486742 -0.206157 -0.457324
0.458779 -0.261726 -0.451438
0.428279 -0.295199 -0.443629
0.432090 -0.299676 -0.392991
0.431174 -0.219931 -0.383916
0.399590 -0.209502 -0.403448
0.383440 -0.260436 -0.372029
0.392202 -0.223881 -0.328544
0.377528 -0.152933 -0.338046
0.345139 -0.180691 -0.342239
0.342815 -0.213347 -0.295580
0.349565 -0.146270 -0.268551
0.323323 -0.102684 -0.285420
0.298367 -0.151273 -0.268699
0.307576 -0.149535 -0.219574
0.304011 -0.068289 -0.213738
0.270717 -0.064813 -0.226184
0.259719 -0.115588 -0.189866
0.271409 -0.072503 -0.150901
0.252399 -0.006926 -0.161177
0.221172 -0.043138 -0.158711
0.224179 -0.070949 -0.110638
0.229778 0.000395 -0.089364
0.199747 0.032894 -0.104391
0.178669 -0.019963 -0.081538
0.190236 -0.004082 -0.034567
0.182033 0.074162 -0.034517
0.148214 0.064470 -0.041998
0.142000 0.019620 -0.000452
0.153210 0.075136 0.032775
0.131271 0.133918 0.018340
0.102704 0.094414 0.027974
0.108817 0.084617 0.076491
0.110270 0.162598 0.089216
0.077993 0.181797 0.073992
0.060089 0.131864 0.102861
0.071500 0.160623 0.146824
0.060547 0.237234 0.139870
0.027086 0.220484 0.135168
0.023688 0.187380 0.180330
0.033724 0.251508 0.207359
0.009070 0.301625 0.191000
-0.017206 0.257802 0.207326
-0.007639 0.262253 0.255382
-0.009315 0.342209 0.261695
-0.042554 0.348740 0.248921
-0.053842 0.302573 0.286833
-0.041637 0.347107 0.325124
-0.059463 0.414448 0.313188
-0.090556 0.383556 0.319304
-0.086901 0.364778 0.367968
-0.079536 0.441627 0.383587
-0.109119 0.477285 0.366604
-0.129795 0.434463 0.396230
-0.116797 0.456980 0.441015
-0.122374 0.540966 0.434274
-0.158440 0.537252 0.426136
-0.168331 0.511812 0.471989
-0.157278 0.581970 0.496535
-0.182983 0.634616 0.467139
-0.216210 0.606595 0.486194
-0.223888 0.686261 0.516593
-0.247828 0.742593 0.482824
-0.276562 0.775908 0.459691
-0.300088 0.766506 0.409909
-0.317377 0.767191 0.361639
-0.313220 0.752258 0.304540
-0.321099 0.727582 0.255300
-0.314449 0.707619 0.203775
-0.291828 0.720471 0.161358
-0.277333 0.703827 0.113893
-0.257149 0.705486 0.074633
-0.219552 0.729794 0.058307
-0.187565 0.744463 0.036408
-0.154942 0.769456 0.057041
-0.115322 0.745648 0.068517
-0.083548 0.691607 0.054328
-0.056725 0.678439 0.022302
-0.032998 0.659135 -0.009906
-0.011104 0.608175 -0.036490
-0.000699 0.576730 -0.081226
0.000911 0.537120 -0.123840
0.022336 0.498538 -0.154831
0.016267 0.481420 -0.204482
0.041559 0.437834 -0.233270
0.055037 0.385478 -0.268009
0.077256 0.317690 -0.263142
0.081145 0.249480 -0.294215
0.076775 0.173079 -0.316575
0.096077 0.126728 -0.281605
0.071690 0.107371 -0.244762
0.047181 0.054884 -0.261449
0.065610 -0.017171 -0.257569
0.063040 -0.011140 -0.202690
0.024549 0.002871 -0.194732
0.004610 -0.062205 -0.178061
0.003504 -0.014906 -0.123051
-0.012199 0.062021 -0.114666
-0.026024 0.090069 -0.067810
-0.033758 0.134629 -0.027201
-0.014725 0.096284 0.019490
0.001704 0.133839 0.061727
-0.011741 0.090569 0.106873
0.013495 0.013800 0.100527
0.034373 -0.063127 0.117658
0.053830 -0.140713 0.106183
0.080922 -0.198467 0.127490
0.110170 -0.255300 0.120453
0.138826 -0.288246 0.152332
0.133696 -0.365726 0.162213
0.113243 -0.351716 0.209677
0.096322 -0.272840 0.196574
0.067778 -0.217824 0.202673
0.055328 -0.136420 0.186644
0.031288 -0.067920 0.199221
0.014524 0.008823 0.178653
-0.020939 0.017250 0.190425
-0.052020 -0.014116 0.179969
-0.042755 -0.053357 0.136845
-0.027969 -0.118222 0.159286
-0.056557 -0.162703 0.168033
-0.059720 -0.191620 0.120338
-0.034495 -0.247083 0.123659
-0.055138 -0.300730 0.146199
-0.071656 -0.320982 0.099639
-0.047493 -0.364120 0.073383
-0.023699 -0.418214 0.053408
0.003593 -0.464723 0.068073
0.026046 -0.522135 0.073728
0.041794 -0.576888 0.101694
0.070796 -0.532354 0.105245
0.059128 -0.466672 0.128525
0.043928 -0.503753 0.168065
0.074708 -0.540281 0.184424
0.094400 -0.469279 0.192743
0.078172 -0.430934 0.230951
0.086454 -0.388902 0.279698
0.076876 -0.301572 0.266134
0.056848 -0.224803 0.278925
0.049863 -0.137710 0.264918
0.037290 -0.056464 0.279550
0.029891 0.028864 0.255580
-0.000609 0.067315 0.258325
-0.026549 0.027521 0.295777
-0.049662 0.002555 0.328133
-0.062145 -0.053831 0.357561
-0.092970 -0.062311 0.335366
-0.078720 -0.099760 0.294380
-0.065185 -0.162519 0.318038
-0.093450 -0.198941 0.333953
-0.104347 -0.225988 0.288214
-0.072718 -0.276184 0.281063
-0.068672 -0.338653 0.312103
-0.083481 -0.393880 0.282016
-0.060201 -0.385663 0.243989
-0.032115 -0.407574 0.268222
-0.042710 -0.485239 0.278153
-0.043012 -0.504359 0.225197
-0.013048 -0.471676 0.202114
0.009539 -0.483738 0.248888
0.023219 -0.541650 0.279073
0.054847 -0.493403 0.285255
0.049695 -0.436043 0.319846
0.072461 -0.396618 0.359945
0.070271 -0.307972 0.342913
0.064548 -0.220747 0.356444
0.060044 -0.133339 0.339740
0.057094 -0.043481 0.355079
0.049226 0.041663 0.331125
0.020436 0.079508 0.333607
-0.009874 0.053778 0.368248
-0.020480 0.071844 0.414857
-0.010534 0.055727 0.462519
-0.029466 0.070238 0.511019
-0.038038 -0.014643 0.531061
-0.041749 -0.090227 0.546696
-0.067063 -0.114535 0.516116
-0.048656 -0.134392 0.475836
-0.038653 -0.207421 0.493231
-0.067454 -0.248321 0.484632
-0.061743 -0.265071 0.435425
-0.038731 -0.325907 0.440637
-0.061330 -0.387559 0.449794
-0.064403 -0.412078 0.399864
-0.034775 -0.457744 0.399222
-0.010087 -0.515604 0.412490
0.024593 -0.464881 0.405486
0.056122 -0.423033 0.430098
0.090969 -0.397909 0.436411
0.084476 -0.308472 0.418458
0.087214 -0.217692 0.428635
0.083928 -0.129336 0.408594
0.087270 -0.042690 0.422206
0.089986 0.036660 0.416386
0.086733 0.113587 0.430361
0.068170 0.135472 0.389045
0.033456 0.130573 0.404122
0.035278 0.103737 0.460744
0.026694 0.115615 0.509836
0.036194 0.045824 0.530584
0.068952 0.067394 0.541369
0.061218 0.106002 0.585595
0.056636 0.034184 0.611341
0.075468 -0.022570 0.635098
0.048488 -0.083695 0.628620
0.045225 -0.117669 0.583638
0.061296 -0.186458 0.594012
0.038038 -0.211161 0.628390
0.011830 -0.214954 0.596495
0.024850 -0.269653 0.565488
0.029421 -0.326670 0.600736
-0.003481 -0.332859 0.613708
-0.019452 -0.344315 0.568282
0.008522 -0.397277 0.548077
0.016133 -0.469306 0.568167
0.009036 -0.511180 0.523860
0.041436 -0.491191 0.502996
0.072305 -0.474020 0.517826
0.095171 -0.418319 0.509753
0.128510 -0.385794 0.497258
0.118362 -0.296121 0.480259
0.123503 -0.204340 0.485503
0.147990 -0.169577 0.458113
0.172310 -0.229939 0.473584
0.163168 -0.270575 0.517497
0.157389 -0.329594 0.551776
0.140055 -0.381554 0.583918
0.135529 -0.411340 0.634999
0.124107 -0.428380 0.680967
0.121447 -0.350557 0.695337
0.095093 -0.331885 0.665036
0.073065 -0.385110 0.686179
0.074160 -0.353559 0.732706
0.064437 -0.278239 0.719784
0.034216 -0.297069 0.700071
0.021240 -0.329041 0.742752
0.024627 -0.264491 0.773052
0.005549 -0.210371 0.743689
-0.022962 -0.261331 0.722151
-0.037915 -0.309868 0.756397
-0.054188 -0.250165 0.780598
-0.071411 -0.219088 0.741223
-0.088700 -0.287219 0.730076
-0.105297 -0.293408 0.773479
-0.121715 -0.222723 0.770980
-0.137272 -0.235311 0.726738
-0.154875 -0.304100 0.744215
-0.173874 -0.273446 0.784051
-0.193042 -0.218351 0.753307
-0.213662 -0.272129 0.726064
-0.240563 -0.316715 0.713832
-0.250421 -0.388296 0.694399
-0.259373 -0.359248 0.648102
-0.226235 -0.342367 0.634095
-0.213070 -0.415659 0.636544
-0.233656 -0.449685 0.601871
-0.224849 -0.400859 0.563038
-0.190348 -0.416239 0.561887
-0.191153 -0.499723 0.554078
-0.216568 -0.545627 0.533198
-0.222323 -0.625346 0.528036
-0.191846 -0.656475 0.543177
-0.201156 -0.635248 0.597629
-0.228146 -0.671223 0.618443
-0.210108 -0.736641 0.638189
-0.188113 -0.694925 0.669179
-0.212477 -0.652682 0.696323
-0.228448 -0.716468 0.715904
-0.202497 -0.749440 0.741765
-0.197244 -0.684312 0.774137
-0.231242 -0.686340 0.794293
-0.234248 -0.764794 0.809402
-0.208454 -0.761845 0.846147
-0.228794 -0.725396 0.885161
-0.248822 -0.797135 0.903411
-0.222446 -0.844276 0.933596
-0.205067 -0.865345 0.975421
-0.177373 -0.899476 1.000000
-0.154171 -0.964157 0.991056
-0.123727 -1.000000 0.992289
-0.088924 -0.989044 0.957402
-0.057753 -0.941113 0.938857
-0.030438 -0.889205 0.919112
-0.028561 -0.900003 0.862753
-0.050500 -0.824577 0.842711
-0.038161 -0.746965 0.832765
-0.035166 -0.744674 0.780615
-0.068829 -0.738116 0.765275
-0.074819 -0.659635 0.784314
-0.052042 -0.616760 0.753520
-0.059698 -0.634274 0.704264
-0.093294 -0.602828 0.704691
-0.086476 -0.524137 0.720984
-0.066627 -0.497090 0.682151
-0.091640 -0.499065 0.644535
-0.113858 -0.442680 0.665234
-0.094009 -0.374865 0.665184
-0.090544 -0.375497 0.611818
-0.123794 -0.374180 0.593322
-0.128722 -0.292039 0.602529
-0.107074 -0.265518 0.563613
-0.120351 -0.216165 0.522281
-0.128633 -0.178136 0.475721
-0.145856 -0.110347 0.450024
-0.156138 -0.054331 0.417488
-0.177954 0.002634 0.402346
-0.201413 -0.049827 0.384804
-0.208510 -0.083959 0.430016
-0.219250 -0.014511 0.450863
-0.245615 -0.000711 0.419132
-0.262290 -0.068816 0.427007
-0.264726 -0.056095 0.477908
-0.282698 0.013405 0.474603
-0.308928 -0.021990 0.450715
-0.315533 -0.075953 0.486753
-0.322295 -0.018856 0.521887
-0.348503 0.016065 0.497374
-0.367682 -0.050723 0.494168
-0.369079 -0.064734 0.543786
-0.383574 0.006163 0.556199
-0.411694 -0.005215 0.528233
-0.422076 -0.073398 0.549672
-0.424569 -0.046852 0.596955
-0.447659 0.010482 0.588094
-0.472548 -0.036765 0.569992
-0.475096 -0.086856 0.609762
-0.484216 -0.027863 0.642397
-0.512325 -0.002370 0.619035
-0.529044 -0.074294 0.622849
-0.528687 -0.081115 0.673553
-0.545406 -0.012905 0.682595
-0.573850 -0.033104 0.658230
-0.581629 -0.097917 0.685472
-0.583260 -0.060204 0.730092
-0.609211 -0.009929 0.717400
-0.632648 -0.067683 0.706862
-0.632693 -0.100103 0.752698
-0.642505 -0.034237 0.777853
-0.672503 -0.023281 0.754129
-0.685925 -0.094388 0.767643
-0.684238 -0.081957 0.818034
-0.704522 -0.016144 0.819152
-0.731603 -0.052277 0.798453
-0.734810 -0.108820 0.833702
-0.740834 -0.059888 0.872979
-0.770429 -0.029127 0.853003
-0.786299 -0.106055 0.844586
-0.789551 -0.152669 0.886246
-0.820688 -0.130995 0.901602
-0.836704 -0.153196 0.858494
-0.826522 -0.229280 0.857048
-0.839833 -0.248979 0.902885
-0.872177 -0.233362 0.891310
-0.873183 -0.286455 0.853480
-0.864834 -0.352638 0.879983
-0.890998 -0.345000 0.913176
-0.916078 -0.345474 0.880163
-0.909081 -0.416897 0.860023
-0.911104 -0.458587 0.903460
-0.944152 -0.437018 0.913604
-0.957966 -0.466777 0.872107
-0.948053 -0.541703 0.881758
-0.962694 -0.552790 0.928121
-0.996424 -0.540755 0.921002
-0.992277 -0.614232 0.890143
-0.984275 -0.690632 0.900172
-1.000000 -0.716968 0.856374
-0.979872 -0.675621 0.823048
-0.949606 -0.702273 0.840114
-0.955440 -0.780201 0.832929
-0.960537 -0.771905 0.783048
-0.929623 -0.738853 0.771556
-0.910378 -0.798741 0.790117
-0.924069 -0.855232 0.761954
-0.916245 -0.820468 0.717219
-0.881979 -0.819757 0.723516
-0.879755 -0.901003 0.729303
-0.893155 -0.917727 0.682661
-0.869886 -0.873166 0.653758
-0.841197 -0.921624 0.671563
-0.854765 -0.991125 0.643203
