0.408193 0.148021 0.778413
0.372905 0.195184 0.765473
0.320339 0.236065 0.775125
0.281011 0.272948 0.751915
0.218036 0.298243 0.734135
0.173013 0.327463 0.714876
0.120813 0.333800 0.677837
0.065053 0.347360 0.668713
0.034518 0.354508 0.619111
-0.006215 0.355871 0.585676
0.024263 0.359537 0.534536
0.061224 0.325694 0.503378
0.103554 0.290285 0.485778
0.169819 0.278991 0.496019
0.237085 0.266832 0.491690
0.296577 0.250085 0.496984
0.355300 0.252609 0.467319
0.404826 0.245129 0.437323
0.446924 0.257344 0.402666
0.471610 0.242992 0.354814
0.505493 0.238258 0.313778
0.504839 0.234536 0.260723
0.496642 0.223556 0.210261
0.446982 0.242421 0.191998
0.412022 0.272561 0.158246
0.374906 0.303494 0.197261
0.330248 0.323925 0.230410
0.319647 0.279194 0.263196
0.302157 0.239529 0.296480
0.312970 0.188404 0.317850
0.276855 0.140578 0.340773
0.247013 0.097560 0.361781
0.198084 0.070920 0.375415
0.194890 0.095368 0.417944
0.187193 0.149716 0.403255
0.137110 0.138146 0.380648
0.107767 0.120755 0.419361
0.114713 0.168157 0.446628
0.090220 0.206164 0.412876
0.058376 0.196676 0.374947
0.072345 0.197137 0.328739
0.063302 0.212889 0.281278
0.068420 0.232362 0.239187
0.082831 0.291851 0.248356
0.111577 0.314419 0.287235
0.140996 0.346162 0.322555
0.189541 0.368528 0.353034
0.217902 0.386711 0.393361
0.273296 0.409648 0.411549
0.304793 0.419928 0.456204
0.352972 0.461675 0.474060
0.351625 0.509760 0.497949
0.303100 0.532918 0.472537
0.295384 0.504214 0.426630
0.266889 0.490507 0.384222
0.252439 0.446292 0.347138
0.235969 0.416575 0.302844
0.224366 0.354637 0.284717
0.230504 0.298925 0.267720
0.225117 0.233928 0.262623
0.247686 0.171492 0.267464
0.267889 0.117328 0.268670
0.313259 0.079763 0.277327
0.348854 0.029449 0.268731
0.397264 0.039269 0.306358
0.388529 0.018211 0.348163
0.404498 -0.006015 0.388234
0.392954 -0.020293 0.433930
0.418198 0.036450 0.450685
0.374675 0.082563 0.436207
0.323726 0.103603 0.455797
0.352779 0.164215 0.451544
0.363804 0.179285 0.401837
0.377715 0.221216 0.365989
0.391357 0.237705 0.318725
0.431589 0.280078 0.290463
0.469840 0.313811 0.271219
0.513651 0.351800 0.275005
0.485098 0.397286 0.256259
0.441191 0.398373 0.286994
0.472803 0.403679 0.325587
0.499740 0.453237 0.313476
0.448887 0.485367 0.306660
0.429569 0.476064 0.351270
0.464337 0.453901 0.388354
0.486214 0.399552 0.394628
0.511573 0.346088 0.412801
0.529948 0.296143 0.425771
0.490813 0.291021 0.465374
0.438054 0.317403 0.472522
0.380755 0.336582 0.485567
0.313817 0.333155 0.473095
0.252862 0.342864 0.457667
0.197083 0.321309 0.439630
0.141073 0.338701 0.410810
0.089681 0.347028 0.387012
0.047813 0.370296 0.354829
-0.009678 0.386564 0.337290
0.015142 0.430927 0.300974
0.023974 0.442607 0.250332
0.036654 0.472305 0.209402
0.043407 0.487265 0.163902
0.070517 0.513518 0.126531
0.080215 0.551433 0.089552
0.137995 0.580026 0.110892
0.205568 0.591761 0.111359
0.260424 0.616485 0.125777
0.326727 0.616577 0.110499
0.393570 0.613279 0.119186
0.452254 0.608582 0.119216
0.508649 0.618714 0.136228
0.536182 0.623283 0.087003
0.557116 0.615822 0.043087
0.556789 0.558194 0.044746
0.498220 0.553681 0.047837
0.489062 0.576267 0.005158
0.517769 0.539255 -0.021370
0.485502 0.494137 -0.007194
0.432147 0.512394 -0.019349
0.442076 0.519321 -0.065030
0.456583 0.463683 -0.074365
0.404248 0.439088 -0.044474
0.345679 0.442865 -0.048124
0.335540 0.386693 -0.056162
0.353607 0.368215 -0.014372
0.315298 0.398042 0.010617
0.264791 0.376081 -0.005459
0.276663 0.320591 0.008008
0.303023 0.331184 0.056811
0.271949 0.357234 0.090623
0.238662 0.312392 0.106790
0.289785 0.284739 0.121901
0.304389 0.332326 0.155562
0.243992 0.365543 0.161866
0.189348 0.385090 0.190249
0.215092 0.431093 0.221391
0.212687 0.494726 0.235537
0.239047 0.552962 0.253242
0.268928 0.599609 0.263377
0.330460 0.586271 0.262110
0.352048 0.541171 0.239398
0.394012 0.495776 0.223910
0.410463 0.457088 0.183522
0.423893 0.412743 0.154084
0.435322 0.392036 0.104588
0.440998 0.354416 0.066131
0.463125 0.342735 0.019756
0.506590 0.294264 0.038321
0.550266 0.268969 0.062617
0.581841 0.326615 0.067579
0.533912 0.372065 0.071515
0.516865 0.426690 0.098887
0.477306 0.471624 0.120921
0.444731 0.521200 0.139983
0.388259 0.542479 0.162891
0.342486 0.584760 0.176298
0.292575 0.610000 0.194577
0.250380 0.655450 0.193853
0.188232 0.628184 0.178561
0.121294 0.618346 0.177656
0.064668 0.595906 0.154250
0.054971 0.613777 0.199433
0.066919 0.622141 0.243862
0.109114 0.584631 0.275472
0.148308 0.548835 0.295922
0.126258 0.505338 0.257314
0.127489 0.463702 0.213473
0.118562 0.435846 0.169180
0.125912 0.406756 0.128069
0.107767 0.399258 0.077894
0.102188 0.403679 0.031067
0.085179 0.465434 0.038472
0.130645 0.498300 0.052256
0.166933 0.545924 0.050130
0.226444 0.568124 0.043011
0.265253 0.615011 0.053809
0.321648 0.644138 0.042393
0.371404 0.678129 0.049587
0.425394 0.698394 0.036888
0.491467 0.701895 0.034264
0.536355 0.738096 0.022516
0.585227 0.766708 0.022546
0.623728 0.805912 0.030615
0.666635 0.837581 0.018776
0.718873 0.857773 0.024220
0.755488 0.898838 0.017539
0.807958 0.920467 0.011914
0.864333 0.935814 0.025864
0.894926 0.988707 0.032289
0.933331 1.000000 0.076009
0.963173 0.987749 0.120468
0.998634 0.987380 0.159257
0.998249 0.985704 0.209537
0.976469 0.974558 0.259833
0.957632 0.946112 0.305091
0.951071 0.934266 0.349460
0.908722 0.945854 0.388777
0.851846 0.932369 0.423267
0.812903 0.928426 0.460895
0.750890 0.936366 0.477439
0.689493 0.920338 0.504826
0.636484 0.921388 0.527825
0.572028 0.938596 0.529559
0.505070 0.940309 0.547159
0.442634 0.951418 0.548878
0.383026 0.963375 0.552950
0.312431 0.960832 0.553779
0.253497 0.946075 0.551517
0.189695 0.930121 0.567202
0.133165 0.923839 0.572329
0.076232 0.884118 0.578467
0.022088 0.875625 0.593443
-0.028072 0.830507 0.602084
-0.068035 0.801601 0.624932
-0.127162 0.789239 0.634840
-0.177996 0.750182 0.653843
-0.217786 0.724500 0.678289
-0.261136 0.675329 0.694486
-0.283032 0.652392 0.730681
-0.325323 0.605007 0.752277
-0.352568 0.577870 0.787446
-0.372617 0.536307 0.828090
-0.387182 0.505707 0.867482
-0.417621 0.458377 0.899167
-0.442999 0.417957 0.930039
-0.447040 0.360237 0.960502
-0.469417 0.308266 0.978072
-0.467377 0.240671 0.991012
-0.477902 0.183264 1.000000
-0.460778 0.115375 0.997994
-0.452370 0.053621 0.998748
-0.458642 -0.009571 0.984828
-0.471072 -0.068414 0.963564
-0.495911 -0.115688 0.933175
-0.532219 -0.153861 0.912017
-0.575510 -0.170000 0.865582
-0.621727 -0.185807 0.835359
-0.665673 -0.157177 0.801683
-0.710946 -0.150453 0.757722
-0.739711 -0.161765 0.706581
-0.786235 -0.176632 0.679269
-0.808862 -0.210439 0.633212
-0.804783 -0.271861 0.608675
-0.829777 -0.334003 0.622519
-0.859562 -0.382050 0.643678
-0.850403 -0.429029 0.608343
-0.793297 -0.456664 0.614511
-0.802551 -0.481922 0.662379
-0.850519 -0.523356 0.654325
-0.823447 -0.569801 0.627647
-0.780829 -0.601194 0.661021
-0.822793 -0.630026 0.698438
-0.872896 -0.660001 0.668818
-0.859446 -0.725550 0.654054
-0.869509 -0.777503 0.676525
-0.919343 -0.813742 0.660207
-0.957439 -0.847014 0.621479
-0.989783 -0.869582 0.585887
-1.000000 -0.859358 0.529966
-0.968811 -0.855857 0.483607
-0.936063 -0.855949 0.444954
-0.911916 -0.798598 0.417597
-0.854617 -0.762470 0.433537
-0.794759 -0.780451 0.412439
-0.784080 -0.756630 0.366351
-0.729590 -0.717665 0.367542
-0.691032 -0.709283 0.402561
-0.640448 -0.728664 0.383151
-0.637600 -0.689754 0.346942
-0.639409 -0.644746 0.374691
-0.590595 -0.660922 0.398730
-0.553845 -0.659669 0.362490
-0.562504 -0.604657 0.353426
-0.545668 -0.585884 0.395563
-0.490678 -0.607513 0.393572
-0.475170 -0.575457 0.355945
-0.484136 -0.525180 0.377315
-0.445231 -0.530965 0.415093
-0.396821 -0.521422 0.388113
-0.364016 -0.475400 0.380633
-0.352856 -0.442884 0.342583
-0.345391 -0.399479 0.315015
-0.384026 -0.389327 0.274944
-0.352587 -0.338830 0.253107
-0.314221 -0.357419 0.209748
-0.269255 -0.367164 0.174474
-0.254632 -0.403274 0.130482
-0.231139 -0.441318 0.094438
-0.223443 -0.476598 0.057655
-0.197083 -0.533839 0.042665
-0.170396 -0.585166 0.026980
-0.159467 -0.616596 0.065271
-0.166490 -0.658324 0.095675
-0.162700 -0.687470 0.135006
-0.154773 -0.735075 0.160147
-0.212091 -0.749685 0.165893
-0.211302 -0.779143 0.123017
-0.171320 -0.822124 0.130030
-0.201739 -0.846830 0.170643
-0.256883 -0.867224 0.157628
-0.301791 -0.904660 0.154129
-0.358898 -0.912435 0.138219
-0.385835 -0.868643 0.164113
-0.375349 -0.820706 0.128190
-0.412753 -0.801454 0.097319
-0.423374 -0.752430 0.120363
-0.369269 -0.729290 0.118643
-0.367325 -0.722989 0.071258
-0.423624 -0.687064 0.066508
-0.437304 -0.654382 0.112852
-0.380313 -0.629639 0.130784
-0.336175 -0.596422 0.154732
-0.275316 -0.575641 0.166752
-0.233390 -0.553036 0.201303
-0.169473 -0.522582 0.206370
-0.113424 -0.499351 0.203987
-0.055914 -0.491558 0.189193
-0.021376 -0.537468 0.213504
-0.025533 -0.592793 0.191410
0.002790 -0.640398 0.210201
-0.005561 -0.691025 0.229640
0.010659 -0.729382 0.261251
-0.018837 -0.775993 0.282847
-0.078714 -0.758307 0.298003
-0.136417 -0.754880 0.299436
-0.186174 -0.724721 0.293615
-0.223308 -0.682937 0.307218
-0.287515 -0.670852 0.302392
-0.339638 -0.633932 0.292800
-0.402805 -0.621883 0.286707
-0.444462 -0.578625 0.260542
-0.473977 -0.526562 0.242867
-0.479056 -0.485515 0.200277
-0.473246 -0.440802 0.169437
-0.459335 -0.420573 0.124133
-0.426433 -0.373410 0.098118
-0.405788 -0.336103 0.067337
-0.369211 -0.292882 0.050175
-0.348219 -0.250822 0.022908
-0.309872 -0.217145 0.000452
-0.297020 -0.171105 -0.023602
-0.322360 -0.191592 -0.062843
-0.377542 -0.197211 -0.047279
-0.385469 -0.143452 -0.036195
-0.377812 -0.122136 -0.078784
-0.422200 -0.151577 -0.099505
-0.466396 -0.130666 -0.073385
-0.457237 -0.076521 -0.083112
-0.467704 -0.083558 -0.129577
-0.523406 -0.102976 -0.126666
-0.549208 -0.059571 -0.102944
-0.538972 -0.018967 -0.138565
-0.573375 -0.044833 -0.175921
-0.635272 -0.044335 -0.150932
-0.676986 0.006273 -0.155758
-0.725704 -0.004173 -0.191696
-0.771131 -0.036174 -0.159619
-0.800839 0.012869 -0.127134
-0.855367 0.051318 -0.136349
-0.909222 0.044593 -0.099053
-0.915475 0.062666 -0.049300
-0.925577 0.088256 -0.005218
-0.897331 0.123684 0.038683
-0.875551 0.154745 0.081619
-0.850711 0.151632 0.135715
-0.799126 0.155427 0.171638
-0.756181 0.160843 0.207456
-0.710523 0.120791 0.238176
-0.650280 0.091149 0.237302
-0.595174 0.070957 0.237075
-0.574837 0.012040 0.217470
-0.547380 -0.031494 0.193461
-0.567025 -0.060308 0.152395
-0.549901 -0.104782 0.120875
-0.561734 -0.149532 0.094710
-0.574029 -0.206017 0.089416
-0.583110 -0.248298 0.062210
-0.593154 -0.305115 0.060460
-0.562157 -0.352021 0.055755
-0.557674 -0.407751 0.066176
-0.556231 -0.438333 0.106020
-0.533604 -0.488905 0.129788
-0.529352 -0.537726 0.156557
-0.476786 -0.572325 0.178998
-0.424836 -0.598744 0.190867
-0.371212 -0.595759 0.221617
-0.308756 -0.607310 0.227846
-0.259943 -0.605376 0.258430
-0.197776 -0.599278 0.262186
-0.181633 -0.568235 0.301231
-0.201701 -0.535699 0.335947
-0.148154 -0.517718 0.351164
-0.133358 -0.486897 0.313069
-0.179786 -0.452279 0.315965
-0.167298 -0.433193 0.358675
-0.114713 -0.411859 0.345735
-0.132511 -0.374792 0.315543
-0.164662 -0.343085 0.344393
-0.117677 -0.325933 0.370604
-0.088200 -0.299165 0.333323
-0.129394 -0.261987 0.314170
-0.128701 -0.213884 0.339326
-0.078079 -0.192789 0.308439
-0.102938 -0.214989 0.260119
-0.128143 -0.226117 0.218511
-0.154118 -0.272690 0.201378
-0.192081 -0.294927 0.170537
-0.176438 -0.355613 0.189479
-0.175610 -0.406553 0.213926
-0.186270 -0.447453 0.169210
-0.214477 -0.496458 0.146785
-0.252978 -0.526617 0.110168
-0.288073 -0.572620 0.091980
-0.324399 -0.591319 0.050793
-0.351163 -0.617148 0.016695
-0.373502 -0.612377 -0.025970
-0.430089 -0.609982 -0.013136
-0.425259 -0.562081 0.012698
-0.400131 -0.528072 -0.019530
-0.444943 -0.531204 -0.049919
-0.487792 -0.512523 -0.021445
-0.457949 -0.460330 -0.011251
-0.411964 -0.436362 -0.032153
-0.350374 -0.449626 -0.022712
-0.290247 -0.443915 -0.025819
-0.234410 -0.438407 -0.014855
-0.230889 -0.399589 0.021732
-0.276086 -0.384077 0.047747
-0.314837 -0.363572 0.084002
-0.343332 -0.379268 0.130211
-0.388009 -0.387559 0.164746
-0.405845 -0.404766 0.209914
-0.458603 -0.416299 0.241328
-0.504993 -0.433304 0.265488
-0.559348 -0.451893 0.282847
-0.615069 -0.436657 0.302874
-0.651935 -0.481093 0.288562
-0.689012 -0.526801 0.289905
-0.717334 -0.571643 0.270812
-0.760857 -0.606702 0.249171
-0.799838 -0.644894 0.226805
-0.830720 -0.667665 0.191168
-0.877994 -0.690601 0.163826
-0.842687 -0.690178 0.115808
-0.814904 -0.716136 0.073159
-0.782368 -0.714754 0.027237
-0.760741 -0.747105 -0.012623
-0.720990 -0.737525 -0.057142
-0.686953 -0.735130 -0.096595
-0.651280 -0.723468 -0.136771
-0.664595 -0.781299 -0.158307
-0.678718 -0.833012 -0.169678
-0.699286 -0.887821 -0.162469
-0.721009 -0.938448 -0.167220
-0.767418 -0.975424 -0.162620
-0.746541 -1.000000 -0.118719
-0.765840 -0.959764 -0.085027
-0.794432 -0.945910 -0.043419
-0.805072 -0.925055 -0.001765
-0.772228 -0.966396 0.020314
-0.719739 -0.948305 0.005776
-0.722452 -0.897328 0.026075
-0.729052 -0.916138 0.068845
-0.679449 -0.947273 0.072043
-0.643373 -0.903905 0.062903
-0.661343 -0.870964 0.098450
-0.647278 -0.907553 0.132141
-0.590403 -0.912085 0.121298
-0.577935 -0.856870 0.124962
-0.593308 -0.851288 0.169497
-0.556404 -0.892059 0.186192
-0.506936 -0.862232 0.169814
-0.519039 -0.805046 0.186584
-0.540454 -0.821185 0.235869
-0.545918 -0.810518 0.287612
-0.555962 -0.787636 0.329327
-0.511112 -0.745318 0.317081
-0.534528 -0.736622 0.266001
-0.573490 -0.707846 0.237724
-0.600215 -0.677171 0.203294
-0.604256 -0.624260 0.175635
-0.649049 -0.591522 0.145548
-0.683740 -0.564532 0.111223
-0.719604 -0.568695 0.074305
-0.660805 -0.589771 0.050869
-0.625459 -0.642572 0.031459
-0.580686 -0.685093 0.020435
-0.570046 -0.747842 0.010406
-0.547515 -0.805359 0.009139
-0.561619 -0.862840 -0.007706
-0.562292 -0.920080 -0.016092
-0.572490 -0.956853 -0.055122
-0.557713 -0.991360 -0.090140
-0.528101 -0.940530 -0.112354
-0.514055 -0.898562 -0.074079
-0.521059 -0.841192 -0.070052
-0.569892 -0.798469 -0.060038
-0.610086 -0.752006 -0.055951
-0.647625 -0.718420 -0.021521
-0.693649 -0.689828 0.001991
-0.714275 -0.659945 0.042966
-0.772670 -0.637801 0.061637
-0.817578 -0.607310 0.087591
-0.875705 -0.597896 0.099762
-0.916918 -0.550272 0.109218
-0.962923 -0.517424 0.127617
-0.971793 -0.462191 0.138958
-0.929098 -0.413996 0.155833
-0.903411 -0.361877 0.166631
-0.836723 -0.366262 0.165983
-0.777154 -0.351947 0.159423
-0.748812 -0.400971 0.176841
-0.713986 -0.445850 0.176872
-0.715448 -0.504638 0.180114
-0.698420 -0.557494 0.204681
-0.687549 -0.621883 0.208527
-0.690108 -0.680616 0.224060
-0.660959 -0.738907 0.219159
-0.679391 -0.801104 0.232687
-0.704520 -0.849888 0.244480
-0.745426 -0.823948 0.273979
-0.774806 -0.790492 0.240393
-0.799915 -0.827541 0.209929
-0.852308 -0.839239 0.230198
-0.873280 -0.780672 0.213534
-0.863487 -0.777982 0.163691
-0.870048 -0.772198 0.116532
-0.854809 -0.794950 0.072103
-0.842880 -0.779972 0.024160
-0.835972 -0.796922 -0.024416
-0.813288 -0.783786 -0.069916
-0.796991 -0.796295 -0.116095
-0.781521 -0.743218 -0.132669
-0.745791 -0.699279 -0.143542
-0.717700 -0.650365 -0.151686
-0.694264 -0.609042 -0.175876
-0.649780 -0.574886 -0.188318
-0.607604 -0.536676 -0.182904
-0.562773 -0.508912 -0.203505
-0.509765 -0.503367 -0.166873
-0.450215 -0.522932 -0.181336
-0.402440 -0.492847 -0.178696
-0.349835 -0.485810 -0.159076
-0.324784 -0.469413 -0.119020
-0.268370 -0.477740 -0.137661
-0.212591 -0.465691 -0.145639
-0.171512 -0.479969 -0.176148
-0.118196 -0.473005 -0.191666
-0.082312 -0.471568 -0.231526
-0.027784 -0.498208 -0.216324
0.023397 -0.526138 -0.204576
0.071653 -0.549535 -0.184337
0.128778 -0.560534 -0.180778
0.128605 -0.606629 -0.209492
0.119216 -0.570501 -0.249774
0.179112 -0.545795 -0.246652
0.235468 -0.545040 -0.261974
0.281993 -0.515600 -0.238478
0.253112 -0.500640 -0.191742
0.267023 -0.525014 -0.151098
0.296423 -0.481812 -0.131070
0.251977 -0.444763 -0.133061
0.210263 -0.475732 -0.110590
0.238720 -0.480854 -0.070022
0.246859 -0.425971 -0.060687
0.188983 -0.412191 -0.062300
0.170589 -0.448705 -0.029227
0.202740 -0.427611 0.004977
0.177919 -0.377426 0.006394
0.122429 -0.395444 0.014387
0.133993 -0.423760 0.053071
0.149443 -0.376008 0.075979
0.099513 -0.344246 0.069735
0.063514 -0.389972 0.089175
0.081773 -0.434759 0.114707
0.095492 -0.488942 0.103834
0.133069 -0.494211 0.144719
0.155754 -0.493860 0.187383
0.194178 -0.451542 0.180672
0.154022 -0.410477 0.174142
0.129817 -0.414567 0.216987
0.180055 -0.402297 0.241313
0.193639 -0.351192 0.220245
0.151232 -0.314493 0.232476
0.179901 -0.294485 0.271053
0.230831 -0.273077 0.243575
0.200700 -0.255244 0.196356
0.173590 -0.222653 0.164158
0.197487 -0.247653 0.123349
0.157486 -0.291648 0.113742
0.117042 -0.255594 0.090592
0.118581 -0.239768 0.045138
0.140862 -0.256662 0.004932
0.171762 -0.246916 -0.040598
0.177438 -0.258320 -0.091331
0.212976 -0.257639 -0.134931
0.215496 -0.263682 -0.185272
0.259731 -0.265726 -0.225493
0.260578 -0.259020 -0.281550
0.237008 -0.262079 -0.324576
0.200316 -0.279746 -0.356669
0.193023 -0.338866 -0.345056
0.204799 -0.366943 -0.303825
0.155542 -0.365838 -0.268263
0.130491 -0.334666 -0.235145
0.075616 -0.355834 -0.238252
0.092125 -0.409906 -0.229399
0.114367 -0.400050 -0.187293
0.066535 -0.378089 -0.167702
0.031362 -0.423613 -0.174986
0.064514 -0.459962 -0.150133
0.059743 -0.432032 -0.110319
0.001135 -0.435864 -0.107890
-0.000404 -0.493031 -0.106609
0.031132 -0.498356 -0.067865
-0.007081 -0.467644 -0.041805
-0.053932 -0.501727 -0.048426
-0.028630 -0.553312 -0.034958
0.005407 -0.535755 0.006455
-0.029073 -0.487523 0.025743
-0.078675 -0.462062 0.013950
-0.080638 -0.412706 -0.015564
-0.093837 -0.366722 -0.041895
-0.098859 -0.335642 -0.086400
-0.085006 -0.281607 -0.109715
-0.088835 -0.248206 -0.153571
-0.056972 -0.207270 -0.183809
-0.051334 -0.176540 -0.225493
-0.021819 -0.135290 -0.248552
-0.055837 -0.134167 -0.286542
-0.104689 -0.109351 -0.265157
-0.069536 -0.058005 -0.254932
-0.059185 -0.029247 -0.293147
-0.091990 0.022707 -0.287069
-0.109403 0.040098 -0.243138
-0.110865 0.064435 -0.201755
-0.098974 0.063109 -0.157221
-0.152425 0.045920 -0.141974
-0.149501 -0.006255 -0.162499
-0.101303 -0.023904 -0.140707
-0.120620 -0.017640 -0.097756
-0.167895 -0.050931 -0.100636
-0.138322 -0.098242 -0.111344
-0.105593 -0.099200 -0.072148
-0.147461 -0.098942 -0.040402
-0.172224 -0.147874 -0.055438
-0.124584 -0.181551 -0.050145
-0.116118 -0.170810 -0.004751
-0.169453 -0.185623 0.010542
-0.162719 -0.240026 -0.003891
-0.115117 -0.252425 0.020661
-0.141073 -0.240984 0.061380
-0.184230 -0.280760 0.056977
-0.144691 -0.330023 0.044821
-0.105093 -0.352997 0.073958
-0.065457 -0.358119 0.036617
-0.032132 -0.326633 -0.004962
-0.022339 -0.304839 -0.053644
0.000462 -0.265174 -0.087078
0.002559 -0.246179 -0.136107
0.038231 -0.216279 -0.170477
0.042368 -0.207528 -0.219808
0.076809 -0.158596 -0.228117
0.101784 -0.112004 -0.208150
0.117830 -0.084719 -0.247919
0.062513 -0.058798 -0.254374
0.069017 -0.025249 -0.210020
0.134531 -0.027018 -0.198151
0.174706 0.000267 -0.229339
0.216151 0.024770 -0.258325
0.243165 0.047246 -0.293600
0.288477 0.044704 -0.325918
0.296481 0.109424 -0.318122
0.303061 0.162391 -0.302437
0.255921 0.185807 -0.324833
0.214534 0.157583 -0.292348
0.207377 0.183191 -0.251523
0.157062 0.213865 -0.272592
0.110096 0.181090 -0.277945
0.062148 0.155040 -0.263664
0.092240 0.105813 -0.254117
0.124526 0.125139 -0.218209
0.078137 0.140283 -0.191862
0.054490 0.088219 -0.190294
0.100783 0.061414 -0.171533
0.101457 0.091793 -0.132262
0.046543 0.079303 -0.118040
0.056029 0.022891 -0.116773
0.099148 0.023112 -0.085465
0.064110 0.044096 -0.052060
0.020453 0.006826 -0.050929
0.055914 -0.038458 -0.042649
0.077848 -0.020054 -0.002157
0.025763 -0.013882 0.020571
0.009774 -0.067456 0.016710
0.055683 -0.090706 0.038231
0.048314 -0.064048 0.078648
-0.004214 -0.087206 0.087305
0.014180 -0.141683 0.087893
0.053720 -0.133411 0.121871
0.015527 -0.115541 0.155396
-0.016797 -0.165247 0.155215
0.003752 -0.218508 0.144507
-0.004060 -0.252093 0.106428
-0.008023 -0.293601 0.067835
0.026148 -0.270185 0.027056
0.051180 -0.274183 -0.019108
0.086718 -0.258505 -0.060943
0.089508 -0.252112 -0.113154
0.127066 -0.234499 -0.154717
0.142824 -0.211562 -0.201620
0.197006 -0.197063 -0.235688
0.249899 -0.187041 -0.256485
0.276163 -0.152756 -0.214122
0.296519 -0.110346 -0.187172
0.289997 -0.067475 -0.220984
0.228984 -0.065798 -0.223216
0.223751 -0.037942 -0.179013
0.229196 -0.005776 -0.142004
0.256210 0.003602 -0.101360
0.212072 -0.011358 -0.072193
0.222250 -0.070404 -0.079478
0.289477 -0.068691 -0.073762
0.321898 -0.046270 -0.040689
0.364978 -0.042493 -0.006349
0.323822 -0.010179 0.024130
0.289727 -0.052957 0.054835
0.247225 -0.087961 0.038608
0.229523 -0.127737 0.010315
0.193312 -0.155427 -0.016393
0.239971 -0.191573 -0.030072
0.269736 -0.241242 -0.017947
0.264888 -0.262705 -0.068363
0.297924 -0.278291 -0.111932
0.292941 -0.303347 -0.160207
0.317915 -0.325362 -0.204033
0.318031 -0.344172 -0.249367
0.350355 -0.372949 -0.281444
0.363670 -0.410422 -0.313341
0.375657 -0.465655 -0.324094
0.401901 -0.516595 -0.330352
0.396110 -0.569782 -0.344257
0.360649 -0.584871 -0.308545
0.318050 -0.546385 -0.315859
0.303273 -0.565306 -0.357921
0.283339 -0.614569 -0.342613
0.241106 -0.594930 -0.313778
0.211379 -0.566503 -0.345418
0.199161 -0.609613 -0.373560
0.169396 -0.640417 -0.343488
0.127412 -0.600623 -0.331785
0.105940 -0.591853 -0.374389
0.088334 -0.644838 -0.380919
0.052700 -0.649278 -0.344333
0.015989 -0.604363 -0.354799
-0.000462 -0.626102 -0.400495
-0.008312 -0.688243 -0.392833
-0.007081 -0.725771 -0.358373
0.054432 -0.754346 -0.360801
0.106613 -0.782551 -0.361012
0.160737 -0.794232 -0.378009
0.152368 -0.848635 -0.392004
0.137725 -0.833436 -0.437790
0.196929 -0.815308 -0.452298
0.241664 -0.834855 -0.479806
0.250111 -0.782717 -0.506907
0.273507 -0.745760 -0.469340
0.314394 -0.702908 -0.458964
0.326266 -0.665085 -0.425348
0.383084 -0.655690 -0.437564
0.371289 -0.630395 -0.477635
0.339176 -0.588500 -0.460623
0.380467 -0.568180 -0.430853
0.417486 -0.550733 -0.465706
0.378774 -0.513629 -0.487875
0.363650 -0.478403 -0.449207
0.388355 -0.427224 -0.442526
0.346314 -0.390912 -0.419633
0.294133 -0.407677 -0.399907
0.237008 -0.408266 -0.377194
0.181806 -0.425842 -0.370528
0.162507 -0.408303 -0.412228
0.193235 -0.444007 -0.439102
0.163643 -0.490802 -0.425982
0.111442 -0.476082 -0.442692
0.130414 -0.470371 -0.486925
0.152560 -0.522398 -0.492505
0.100937 -0.548909 -0.485975
0.072037 -0.523503 -0.520329
0.110788 -0.543290 -0.553267
0.102111 -0.598854 -0.545032
0.045197 -0.597399 -0.554895
0.052296 -0.579197 -0.597907
0.086660 -0.620943 -0.614149
0.041598 -0.659798 -0.606277
-0.002867 -0.637230 -0.630859
0.026648 -0.639956 -0.672015
0.030516 -0.702153 -0.670402
-0.028707 -0.711678 -0.644040
-0.084198 -0.727706 -0.632156
-0.107306 -0.724058 -0.586837
-0.154715 -0.735499 -0.553809
-0.113617 -0.745318 -0.510436
-0.076405 -0.740786 -0.473729
-0.050661 -0.794655 -0.476850
-0.012468 -0.780249 -0.517268
0.034903 -0.747474 -0.502745
0.095665 -0.745852 -0.520978
0.154272 -0.725329 -0.521008
0.212418 -0.706630 -0.543283
0.257845 -0.678866 -0.561697
0.225617 -0.656371 -0.597696
0.196256 -0.617738 -0.571801
0.246051 -0.588408 -0.560762
0.263733 -0.575107 -0.603321
0.213688 -0.544764 -0.611480
0.216228 -0.507899 -0.574893
0.269467 -0.482788 -0.588753
0.251457 -0.454066 -0.625490
0.238605 -0.403716 -0.602220
0.259000 -0.387577 -0.557233
0.254709 -0.346088 -0.518791
0.262059 -0.325325 -0.476036
0.260097 -0.281939 -0.447095
0.318492 -0.266021 -0.453188
0.311623 -0.252001 -0.502654
0.275585 -0.206901 -0.510677
0.325573 -0.168913 -0.501629
0.365651 -0.193176 -0.537265
0.402671 -0.192421 -0.573128
0.427645 -0.231017 -0.599716
0.466608 -0.248151 -0.629999
0.485733 -0.280465 -0.662092
0.526600 -0.300491 -0.686735
0.542878 -0.324331 -0.724196
0.563119 -0.371107 -0.748869
0.621496 -0.381866 -0.726866
0.676293 -0.410293 -0.721346
0.732111 -0.421439 -0.732536
0.724761 -0.419007 -0.779921
0.722260 -0.355834 -0.777402
0.788429 -0.352094 -0.767524
0.846266 -0.330060 -0.774959
0.883824 -0.329434 -0.736216
0.895542 -0.330668 -0.689736
0.916784 -0.369467 -0.660297
0.920824 -0.336085 -0.622640
0.863448 -0.322672 -0.619397
0.843765 -0.375381 -0.616276
0.871202 -0.390138 -0.577381
0.847132 -0.351081 -0.549813
0.790295 -0.367717 -0.556343
0.796837 -0.420020 -0.540553
0.817944 -0.407787 -0.497512
0.772670 -0.368859 -0.483577
0.719027 -0.398226 -0.502519
0.722240 -0.456093 -0.508657
0.738537 -0.473484 -0.465706
0.693649 -0.452003 -0.440475
0.650376 -0.477298 -0.464574
0.667924 -0.533912 -0.458014
0.692687 -0.525051 -0.407311
0.677602 -0.511049 -0.363817
0.709137 -0.551322 -0.340879
0.762338 -0.530338 -0.349551
0.750794 -0.478090 -0.329387
0.738133 -0.496403 -0.285727
0.795779 -0.520943 -0.278775
0.829181 -0.469818 -0.283586
0.862101 -0.420370 -0.276452
0.834934 -0.383745 -0.311652
0.814865 -0.341667 -0.336370
0.782906 -0.318933 -0.369186
0.772747 -0.287613 -0.408488
0.735651 -0.241997 -0.427098
0.780213 -0.207472 -0.457637
0.790680 -0.184259 -0.506198
0.827256 -0.158154 -0.543690
0.830893 -0.135733 -0.588858
0.881246 -0.114786 -0.621539
0.883035 -0.082250 -0.670930
0.856964 -0.068470 -0.710427
0.817713 -0.070275 -0.743591
0.806265 -0.126816 -0.760557
0.810883 -0.176503 -0.730983
0.761645 -0.193084 -0.701755
0.735593 -0.181238 -0.661640
0.680777 -0.196898 -0.677294
0.694495 -0.251430 -0.687353
0.709407 -0.269669 -0.645216
0.656341 -0.261415 -0.625204
0.627634 -0.299533 -0.652440
0.659669 -0.347138 -0.643331
0.652800 -0.350510 -0.597545
0.593347 -0.356608 -0.598254
0.592750 -0.405945 -0.621448
0.631828 -0.437946 -0.595268
0.597310 -0.429895 -0.554850
0.541146 -0.413020 -0.548833
0.527659 -0.352923 -0.540282
0.516922 -0.298188 -0.539256
0.513574 -0.239621 -0.561772
0.537548 -0.180685 -0.557957
0.540896 -0.125563 -0.580790
0.573336 -0.068138 -0.579251
0.588940 -0.011505 -0.584771
0.602986 0.040172 -0.570127
0.553788 0.067622 -0.586113
0.511650 0.044280 -0.558334
0.533527 0.075378 -0.518037
0.523426 0.131956 -0.533510
0.496623 0.180538 -0.513905
0.479326 0.231496 -0.495084
0.465665 0.209886 -0.451092
0.472322 0.198592 -0.406497
0.465973 0.136764 -0.402591
0.462644 0.104782 -0.440927
0.516903 0.080850 -0.436931
0.505185 0.053860 -0.396408
0.459315 0.023315 -0.411745
0.486541 -0.005573 -0.444848
0.520309 -0.034018 -0.415304
0.478191 -0.059792 -0.391642
0.450984 -0.086101 -0.426389
0.496277 -0.119870 -0.438213
0.499259 -0.147081 -0.398021
0.443904 -0.166334 -0.398971
0.449657 -0.194816 -0.439012
0.494334 -0.228475 -0.425122
0.463952 -0.251725 -0.389350
0.421257 -0.275085 -0.416963
0.465973 -0.306128 -0.445361
0.489966 -0.354047 -0.430446
0.532661 -0.340672 -0.465359
0.570893 -0.288866 -0.483441
0.586535 -0.240837 -0.513211
0.614954 -0.185604 -0.517479
0.624151 -0.139823 -0.552271
0.661555 -0.093599 -0.568891
0.669540 -0.048057 -0.600546
0.703577 -0.005076 -0.587109
0.732130 0.008226 -0.547144
0.739499 0.064306 -0.555891
0.684144 0.083153 -0.542318
0.685356 0.067475 -0.494887
0.753468 0.077165 -0.487709
0.789217 0.120515 -0.479444
0.816809 0.157214 -0.453882
0.815981 0.200361 -0.425997
0.800531 0.247672 -0.456974
0.761299 0.249219 -0.493832
0.713601 0.278788 -0.465525
0.675755 0.317901 -0.445723
0.636350 0.278383 -0.422709
0.642968 0.223685 -0.406753
0.622477 0.177314 -0.428666
0.673138 0.146436 -0.427837
0.678179 0.142070 -0.382141
0.627480 0.111617 -0.378069
0.642045 0.068893 -0.405924
0.688877 0.053178 -0.381447
0.660285 0.041793 -0.342281
0.625402 0.001888 -0.361661
0.668636 -0.032452 -0.375415
0.689666 -0.040872 -0.333157
0.639909 -0.064085 -0.315603
0.638466 -0.109130 -0.346037
0.694842 -0.129635 -0.335902
0.687088 -0.130869 -0.286391
0.643315 -0.158227 -0.264930
0.621534 -0.196750 -0.234074
0.604795 -0.223556 -0.275397
0.625459 -0.252388 -0.308877
0.623939 -0.276043 -0.352657
0.595925 -0.323317 -0.360258
0.588940 -0.317274 -0.409890
0.627480 -0.269466 -0.426962
0.656168 -0.241574 -0.466083
0.696650 -0.200601 -0.486548
0.704808 -0.164583 -0.528202
0.744444 -0.126447 -0.556946
0.758528 -0.081274 -0.592191
0.810267 -0.049660 -0.618342
0.850076 -0.006899 -0.636695
0.863564 0.020422 -0.588134
0.896254 0.016129 -0.548094
0.900602 0.072541 -0.538185
0.842399 0.078713 -0.520646
0.843072 0.050931 -0.478600
0.850442 0.036690 -0.434789
0.880399 0.009405 -0.401173
0.834125 -0.015558 -0.382186
0.827237 -0.060566 -0.412379
0.883363 -0.087427 -0.402380
0.875705 -0.118839 -0.363199
0.858523 -0.163441 -0.339552
0.793239 -0.167881 -0.351677
0.785562 -0.148113 -0.400570
0.835184 -0.152903 -0.431366
0.878745 -0.195424 -0.434171
0.875782 -0.199403 -0.485794
0.908356 -0.190155 -0.526844
0.904566 -0.191592 -0.579583
0.925057 -0.192144 -0.624796
0.921863 -0.177461 -0.673659
0.947357 -0.178419 -0.715540
0.956304 -0.188515 -0.759380
0.970235 -0.220498 -0.796495
1.000000 -0.257694 -0.823943
0.997383 -0.296512 -0.856397
0.963058 -0.331147 -0.830413
0.917457 -0.296125 -0.824757
0.905220 -0.288074 -0.869533
0.891020 -0.341740 -0.877240
0.847248 -0.345167 -0.846429
0.815308 -0.303347 -0.864300
0.807977 -0.325933 -0.906165
0.779924 -0.371715 -0.893497
0.734343 -0.347746 -0.870770
0.715833 -0.316132 -0.907764
0.710446 -0.359132 -0.940565
0.662132 -0.387633 -0.928968
0.625671 -0.346107 -0.951725
0.653859 -0.351597 -1.000000
