-0.458922 0.594223 0.370689
-0.413701 0.513362 0.389254
-0.381100 0.450975 0.346240
-0.266068 0.455939 0.329229
-0.195743 0.435419 0.381020
-0.179992 0.352674 0.372922
-0.104612 0.334727 0.324316
0.003748 0.354902 0.353425
0.032532 0.289598 0.394749
0.093401 0.232542 0.355212
0.212972 0.243870 0.353212
0.261495 0.175532 0.384865
0.323360 0.112342 0.350027
0.435847 0.103564 0.332511
0.505141 0.037087 0.338531
0.575983 -0.010754 0.319617
0.611507 -0.068039 0.269458
0.683792 -0.104943 0.232037
0.747653 -0.149360 0.202773
0.773926 -0.213608 0.159274
0.806630 -0.262552 0.116669
0.812201 -0.331832 0.094454
0.767943 -0.404375 0.068297
0.768837 -0.466532 0.038721
0.697032 -0.529424 0.017729
0.676639 -0.596222 -0.006680
0.588328 -0.651325 -0.011749
0.545480 -0.712608 -0.031206
0.444410 -0.751993 -0.026196
0.339523 -0.781682 -0.057403
0.256474 -0.814035 -0.087793
0.175006 -0.832556 -0.127039
0.091062 -0.872653 -0.149274
0.005262 -0.879547 -0.186908
-0.070566 -0.857258 -0.243126
-0.116717 -0.837175 -0.298179
-0.105437 -0.808934 -0.366999
-0.114412 -0.797376 -0.429645
-0.096427 -0.741653 -0.482348
-0.066715 -0.709529 -0.540372
-0.049004 -0.677267 -0.595367
-0.006912 -0.607712 -0.636516
0.037071 -0.569062 -0.687879
0.074384 -0.493968 -0.721027
0.139173 -0.439509 -0.754272
0.188899 -0.382546 -0.794042
0.196224 -0.310508 -0.833715
0.230716 -0.251476 -0.874476
0.203239 -0.185206 -0.907138
0.198459 -0.104437 -0.934364
0.164655 -0.027229 -0.954346
0.136146 0.052529 -0.953569
0.134736 0.130357 -0.975862
0.128340 0.216204 -0.960579
0.171223 0.295365 -0.982271
0.193576 0.371975 -0.998990
0.224286 0.452975 -0.984309
0.293820 0.524874 -1.000000
0.355308 0.592684 -0.999767
0.408577 0.662056 -0.994893
0.472884 0.730325 -0.967318
0.546889 0.792573 -0.968852
0.619829 0.846527 -0.928655
0.693628 0.898665 -0.915197
0.759414 0.941129 -0.864630
0.843289 0.972219 -0.827657
0.897039 1.000000 -0.775788
0.936621 0.988327 -0.707317
1.000000 0.991130 -0.657682
0.972110 0.993842 -0.589463
0.988514 0.994163 -0.528216
0.912789 0.980468 -0.471998
0.873001 0.957880 -0.416246
0.793700 0.945909 -0.371155
0.675333 0.917829 -0.352396
0.621789 0.859556 -0.325812
0.555487 0.839564 -0.284197
0.502906 0.798663 -0.248039
0.413701 0.786300 -0.218619
0.406513 0.754659 -0.165100
0.332233 0.742457 -0.125058
0.309777 0.716836 -0.071637
0.208879 0.698224 -0.083288
0.236803 0.641352 -0.117330
0.288731 0.604931 -0.075307
0.208604 0.599049 -0.036449
0.142268 0.564995 -0.073054
0.204753 0.508881 -0.085036
0.211905 0.488407 -0.027711
0.109323 0.479377 -0.017166
0.096083 0.429766 -0.059034
0.166340 0.384246 -0.036935
0.119055 0.376502 0.016564
0.024623 0.354328 -0.005321
0.066543 0.295940 -0.029517
0.106297 0.267745 0.019594
0.011864 0.263954 0.047479
-0.035111 0.223305 0.007884
0.034492 0.170868 0.011593
0.020461 0.158965 0.070510
-0.083359 0.143730 0.065986
-0.075622 0.092144 0.024332
-0.001066 0.054574 0.056276
-0.070498 0.042993 0.101251
-0.149627 0.010432 0.065597
-0.069019 -0.036191 0.051052
-0.013033 -0.092052 0.065015
0.044121 -0.142283 0.045363
0.010007 -0.143707 -0.017963
-0.094776 -0.110940 -0.019807
-0.165618 -0.113606 0.026643
-0.225352 -0.092213 0.070938
-0.241205 -0.099244 0.129796
-0.317377 -0.148946 0.125854
-0.251109 -0.200625 0.110882
-0.186423 -0.197201 0.157391
-0.264762 -0.208645 0.198132
-0.296399 -0.271904 0.174868
-0.200316 -0.301179 0.183529
-0.196774 -0.286725 0.245689
-0.318546 -0.303316 0.257632
-0.399532 -0.351019 0.290566
-0.492383 -0.382569 0.307053
-0.544001 -0.440911 0.337172
-0.614189 -0.395597 0.378651
-0.728258 -0.370275 0.389953
-0.821280 -0.340196 0.416926
-0.932804 -0.342724 0.389215
-0.973624 -0.417197 0.412187
-0.992263 -0.486776 0.420635
-0.917569 -0.511478 0.384205
-0.839300 -0.496151 0.423994
-0.871041 -0.544728 0.465512
-0.858936 -0.605046 0.433801
-0.750060 -0.601967 0.441005
-0.764538 -0.621315 0.506078
-0.731421 -0.649785 0.565753
-0.746346 -0.668444 0.628573
-0.687369 -0.685218 0.688364
-0.675058 -0.723684 0.749922
-0.687954 -0.762908 0.799654
-0.773238 -0.800386 0.784605
-0.713780 -0.857005 0.766234
-0.683070 -0.866104 0.830764
-0.735961 -0.816517 0.873893
-0.744455 -0.744617 0.873408
-0.775233 -0.667433 0.875078
-0.774820 -0.638158 0.818743
-0.814024 -0.581884 0.776662
-0.846625 -0.565661 0.710055
-0.870456 -0.509616 0.660906
-0.918532 -0.479676 0.604843
-0.937240 -0.406030 0.574316
-0.953403 -0.339438 0.560451
-0.945700 -0.267332 0.562315
-0.967606 -0.206255 0.538042
-1.000000 -0.219789 0.479183
-0.935692 -0.270549 0.457725
-0.819801 -0.264965 0.470697
-0.811617 -0.329465 0.516118
-0.777296 -0.370482 0.566607
-0.802538 -0.403364 0.624359
-0.756525 -0.429146 0.677237
-0.804670 -0.462557 0.736077
-0.785481 -0.483030 0.805228
-0.732006 -0.534962 0.847580
-0.655490 -0.561203 0.887195
-0.610200 -0.629472 0.916712
-0.544035 -0.671822 0.956152
-0.596410 -0.730302 0.970833
-0.610853 -0.800225 0.973590
-0.656350 -0.862842 0.976387
-0.694625 -0.928905 1.000000
-0.648475 -0.985317 0.967784
-0.537811 -0.998254 0.963473
-0.498435 -0.972541 0.907138
-0.483545 -0.895655 0.918188
-0.415695 -0.836232 0.929587
-0.465903 -0.787059 0.880612
-0.506035 -0.708334 0.871369
-0.511262 -0.648728 0.831890
-0.567489 -0.642961 0.769671
-0.573782 -0.606149 0.708463
-0.605557 -0.611549 0.640904
-0.587365 -0.596176 0.575482
-0.601190 -0.627381 0.512409
-0.602944 -0.648223 0.455317
-0.614567 -0.684322 0.403837
-0.599264 -0.713481 0.351833
-0.615668 -0.720697 0.294528
-0.677465 -0.745284 0.240621
-0.698683 -0.780326 0.184675
-0.717563 -0.839358 0.156595
-0.730837 -0.890829 0.199413
-0.672650 -0.866127 0.245844
-0.581107 -0.834578 0.243359
-0.502528 -0.796020 0.259593
-0.450669 -0.728647 0.274215
-0.376526 -0.668214 0.272118
-0.298085 -0.616007 0.275012
-0.230888 -0.561433 0.251922
-0.133326 -0.522025 0.274565
-0.048282 -0.505917 0.241397
-0.071220 -0.431972 0.244660
-0.063620 -0.427698 0.312879
-0.037656 -0.403824 0.374864
-0.146876 -0.379972 0.401099
-0.227656 -0.361842 0.440209
-0.334365 -0.324916 0.448792
-0.398982 -0.287300 0.496874
-0.497713 -0.266504 0.527284
-0.514633 -0.251683 0.595192
-0.567248 -0.264000 0.656070
-0.544448 -0.270411 0.724891
-0.504694 -0.278890 0.786430
-0.395612 -0.310278 0.791324
-0.366244 -0.377031 0.768662
-0.330066 -0.437050 0.740504
-0.317480 -0.471518 0.682441
-0.313904 -0.521381 0.634709
-0.278242 -0.544636 0.578822
-0.300664 -0.599853 0.531595
-0.259466 -0.653439 0.487902
-0.268132 -0.707875 0.441102
-0.258743 -0.763207 0.402517
-0.258537 -0.817850 0.361640
-0.272568 -0.895448 0.375893
-0.285498 -0.967394 0.372009
-0.257230 -0.983892 0.429742
-0.278689 -1.000000 0.486348
-0.189621 -0.970978 0.509845
-0.222360 -0.897953 0.494388
-0.305891 -0.869827 0.524177
-0.232814 -0.832510 0.565675
-0.194711 -0.776121 0.532954
-0.151725 -0.698729 0.546023
-0.147082 -0.622671 0.552412
-0.121806 -0.563317 0.596435
-0.156952 -0.493532 0.630360
-0.170948 -0.427078 0.660556
-0.251109 -0.374342 0.677470
-0.285670 -0.304120 0.697083
-0.354208 -0.254647 0.722988
-0.393102 -0.195639 0.753903
-0.496716 -0.173487 0.754913
-0.595481 -0.141869 0.728989
-0.630971 -0.109952 0.674926
-0.546786 -0.125945 0.633525
-0.475532 -0.143409 0.590492
-0.393170 -0.192284 0.564024
-0.295712 -0.215791 0.537964
-0.235978 -0.280016 0.516001
-0.131022 -0.312553 0.504078
-0.084253 -0.382408 0.482931
-0.013928 -0.429330 0.464813
0.025173 -0.494221 0.454851
0.109564 -0.491050 0.492640
0.041404 -0.499529 0.546042
0.019567 -0.570441 0.549441
0.003370 -0.637584 0.578414
-0.008253 -0.706772 0.595833
-0.096599 -0.761759 0.611135
-0.144056 -0.824376 0.648264
-0.211321 -0.817620 0.693083
-0.155576 -0.762793 0.721066
-0.044809 -0.760932 0.697025
0.053716 -0.749443 0.682422
0.150487 -0.759760 0.651507
0.250146 -0.758795 0.631933
0.211183 -0.757853 0.574918
0.206747 -0.710586 0.523827
0.144640 -0.675659 0.471357
0.078957 -0.651509 0.429975
-0.003405 -0.640180 0.392089
-0.068159 -0.652543 0.346105
-0.119502 -0.615800 0.301188
-0.170295 -0.672143 0.272507
-0.227105 -0.698385 0.331443
-0.322742 -0.673981 0.356474
-0.417243 -0.684253 0.391584
-0.406410 -0.632046 0.448248
-0.446783 -0.587904 0.498330
-0.439699 -0.559985 0.566083
-0.469858 -0.552288 0.631350
-0.431377 -0.552931 0.696015
-0.447264 -0.564880 0.760020
-0.360260 -0.574852 0.812413
-0.350941 -0.540729 0.870009
-0.417243 -0.544888 0.918207
-0.507308 -0.497874 0.920033
-0.603666 -0.476505 0.938209
-0.685237 -0.446908 0.890496
-0.690189 -0.406949 0.841735
-0.690017 -0.395712 0.773031
-0.646618 -0.361681 0.712987
-0.654183 -0.358028 0.643681
-0.641838 -0.317080 0.587677
-0.651673 -0.317562 0.519807
-0.639121 -0.299019 0.459259
-0.529729 -0.336749 0.441316
-0.456240 -0.375882 0.398478
-0.341621 -0.372090 0.372747
-0.250593 -0.353800 0.331327
-0.132639 -0.327236 0.321112
-0.040201 -0.286197 0.307869
0.060112 -0.262368 0.328453
0.154854 -0.229923 0.321015
0.187592 -0.240332 0.380826
0.199801 -0.315747 0.377330
0.289350 -0.368253 0.386069
0.253723 -0.428457 0.415100
0.240070 -0.500747 0.419547
0.275353 -0.510926 0.488018
0.283779 -0.514028 0.551946
0.340555 -0.582205 0.559441
0.408336 -0.636159 0.563966
0.487087 -0.680507 0.533770
0.544551 -0.747650 0.538042
0.577633 -0.814610 0.536721
0.518931 -0.831384 0.586220
0.419925 -0.815529 0.562743
0.449396 -0.827891 0.495475
0.478799 -0.876835 0.454637
0.417071 -0.843494 0.408051
0.477458 -0.782601 0.396769
0.581622 -0.822422 0.388516
0.555212 -0.861141 0.334298
