-0.292106 -0.495279 1.000000
-0.243792 -0.483476 0.986481
-0.212854 -0.455587 0.952872
-0.167592 -0.431390 0.937750
-0.137573 -0.409600 0.902512
-0.119034 -0.362069 0.878907
-0.086657 -0.320244 0.874275
-0.065067 -0.282792 0.844612
-0.030903 -0.245294 0.836330
-0.011792 -0.197718 0.825626
0.013891 -0.154576 0.829692
0.033990 -0.109421 0.829948
0.054297 -0.063949 0.827888
0.076183 -0.025513 0.842309
0.074154 0.020913 0.853727
0.121029 0.056322 0.855411
0.101849 0.109815 0.856946
0.107173 0.142697 0.888091
0.126994 0.197158 0.883822
0.119659 0.247624 0.882772
0.091444 0.297576 0.873306
0.079252 0.342398 0.885128
0.078298 0.390533 0.857350
0.073287 0.429030 0.826353
0.069073 0.454497 0.786078
0.071657 0.477846 0.750059
0.083293 0.478073 0.702648
0.085096 0.503995 0.668527
0.119936 0.493629 0.627781
0.104658 0.494053 0.579145
0.098918 0.530718 0.549697
0.100773 0.541296 0.507200
0.102785 0.578612 0.479651
0.092172 0.593941 0.437720
0.099612 0.632180 0.411409
0.088773 0.654304 0.373962
0.103982 0.681723 0.341727
0.092883 0.710596 0.310097
0.100444 0.730101 0.271667
0.103860 0.771109 0.250298
0.104953 0.799528 0.216918
0.136133 0.829550 0.191401
0.123422 0.869333 0.167877
0.165667 0.909918 0.152756
0.205622 0.944268 0.130606
0.251179 0.966346 0.104349
0.298072 0.983854 0.084245
0.345432 0.983294 0.050609
0.381208 1.000000 0.024029
0.422916 0.981039 -0.007440
0.457911 0.993826 -0.039756
0.509798 0.988303 -0.055739
0.560801 0.959854 -0.070686
0.604450 0.946417 -0.091247
0.644458 0.908647 -0.102261
0.692425 0.907693 -0.127064
0.739387 0.886962 -0.143290
0.788117 0.885918 -0.165063
0.832235 0.852082 -0.175202
0.875624 0.812072 -0.183268
0.898394 0.764935 -0.163824
0.896331 0.716089 -0.158775
0.887209 0.666031 -0.179646
0.893157 0.624902 -0.202591
0.873491 0.579399 -0.213067
0.886810 0.543172 -0.243956
0.863156 0.507944 -0.267924
0.882787 0.481947 -0.302112
0.859670 0.455481 -0.338414
0.854294 0.447431 -0.381207
0.840559 0.448460 -0.422087
0.844929 0.421569 -0.459641
0.842155 0.426518 -0.502043
0.839276 0.396087 -0.538399
0.844374 0.402730 -0.580370
0.852577 0.362251 -0.613347
0.854103 0.332864 -0.646215
0.844028 0.288527 -0.666952
0.849976 0.269142 -0.704425
0.836033 0.235639 -0.733779
0.852352 0.211549 -0.769530
0.851138 0.178288 -0.801482
0.823131 0.135570 -0.826743
0.805251 0.109346 -0.861106
0.771677 0.065901 -0.878073
0.730976 0.028842 -0.886313
0.669413 0.013059 -0.895874
0.630567 -0.006643 -0.918684
0.573547 -0.025604 -0.908477
0.526446 -0.032731 -0.933091
0.477907 -0.059757 -0.930250
0.434413 -0.073861 -0.952818
0.378330 -0.094471 -0.948199
0.328524 -0.106501 -0.970242
0.281510 -0.133421 -0.977015
0.221265 -0.147222 -0.975641
0.169915 -0.149174 -0.993806
0.110190 -0.171191 -0.995260
0.055563 -0.183933 -1.000000
-0.004821 -0.192951 -0.983828
-0.059274 -0.195342 -0.982899
-0.111733 -0.209612 -0.955619
-0.164106 -0.216043 -0.947162
-0.194471 -0.249712 -0.915115
-0.234392 -0.273046 -0.894810
-0.236907 -0.316370 -0.862009
-0.248006 -0.354534 -0.836344
-0.220623 -0.385948 -0.802088
-0.220363 -0.420768 -0.770566
-0.181274 -0.455980 -0.756872
-0.159337 -0.485170 -0.721095
-0.155626 -0.521942 -0.695188
-0.131087 -0.551979 -0.670143
-0.122589 -0.597966 -0.657095
-0.124896 -0.639429 -0.633208
-0.122659 -0.685975 -0.621601
-0.155192 -0.728043 -0.631336
-0.128867 -0.777768 -0.620187
-0.155504 -0.815159 -0.589608
-0.186321 -0.851205 -0.573853
-0.189980 -0.889429 -0.540594
-0.187465 -0.921221 -0.501545
-0.181725 -0.941741 -0.458847
-0.177997 -0.966255 -0.425696
-0.133931 -0.981841 -0.391898
-0.098068 -0.994764 -0.361117
-0.051210 -0.979980 -0.332934
-0.020602 -0.986729 -0.299850
0.011862 -0.966391 -0.266550
0.034944 -0.970522 -0.227959
0.055737 -0.964454 -0.188789
0.078888 -0.968374 -0.150076
0.081680 -0.990406 -0.112010
0.095640 -0.980555 -0.069770
0.090698 -1.000000 -0.030290
0.110970 -0.997503 0.010146
0.132596 -0.971339 0.051067
0.145672 -0.960248 0.091382
0.184708 -0.926124 0.114434
0.204009 -0.892803 0.144071
0.234410 -0.857545 0.158963
0.256711 -0.807790 0.157200
0.278909 -0.773319 0.179161
0.303621 -0.727256 0.173102
0.334160 -0.696780 0.195468
0.370456 -0.658874 0.177492
0.392290 -0.618516 0.152823
0.422274 -0.589008 0.133985
0.447489 -0.584544 0.089954
0.473935 -0.570047 0.057759
0.481791 -0.586178 0.012651
0.502775 -0.589538 -0.023328
0.503694 -0.607167 -0.065299
0.538152 -0.627777 -0.093832
0.519908 -0.644558 -0.139197
0.557245 -0.647857 -0.180481
0.583900 -0.654637 -0.217052
0.613502 -0.635101 -0.256963
0.652522 -0.628730 -0.288795
0.688506 -0.591444 -0.313544
0.729537 -0.569941 -0.334455
0.767064 -0.525528 -0.337916
0.814824 -0.499486 -0.344676
0.843334 -0.452848 -0.329069
0.887139 -0.422069 -0.312938
0.917522 -0.379108 -0.296632
0.930754 -0.337071 -0.268503
0.969236 -0.312542 -0.240293
0.972600 -0.269263 -0.213538
0.979918 -0.248532 -0.166854
1.000000 -0.227877 -0.131696
0.984774 -0.190288 -0.096000
0.989144 -0.164972 -0.059119
0.972687 -0.125598 -0.029684
0.967571 -0.101326 0.010833
0.959541 -0.072937 0.045169
0.937361 -0.030915 0.067575
0.939824 -0.006583 0.104901
0.915545 0.033957 0.127899
0.915042 0.062133 0.160889
0.876405 0.094758 0.185126
0.869433 0.124478 0.220499
0.856271 0.165986 0.247174
0.855664 0.222686 0.254620
0.863832 0.271473 0.262080
0.868844 0.324799 0.246676
0.871167 0.376097 0.249530
0.876873 0.428303 0.233036
0.877341 0.476757 0.225280
0.816818 0.496625 0.228875
0.783314 0.524242 0.250284
0.721681 0.531823 0.235877
0.666690 0.541810 0.228175
0.619641 0.556458 0.198618
0.589206 0.559197 0.158788
0.541152 0.538814 0.130592
0.498699 0.521609 0.110421
0.454044 0.484762 0.105251
0.398359 0.474926 0.097562
0.366659 0.427834 0.111216
0.328593 0.414836 0.141149
0.292019 0.379820 0.141068
0.257301 0.360314 0.166894
0.227109 0.322847 0.183699
0.180026 0.342231 0.210293
0.130966 0.308819 0.213726
0.119260 0.288572 0.252668
0.077258 0.273410 0.273822
0.068518 0.258580 0.313073
0.033504 0.235700 0.338589
0.018313 0.232825 0.378365
-0.007127 0.206722 0.409457
-0.023949 0.205874 0.449017
-0.044447 0.190969 0.485441
-0.093455 0.185234 0.504642
-0.112410 0.166288 0.541012
-0.155383 0.165244 0.569154
-0.202570 0.147524 0.587911
-0.229103 0.130289 0.621843
-0.262070 0.101416 0.648720
-0.303829 0.103187 0.678437
-0.339328 0.079323 0.703914
-0.370075 0.045064 0.721297
-0.417713 0.043233 0.747958
-0.459143 0.020111 0.768439
-0.522458 0.016585 0.772101
-0.575662 0.005266 0.780598
-0.638509 0.011561 0.767227
-0.693362 0.017538 0.752981
-0.738520 0.041916 0.729471
-0.773550 0.072423 0.708411
-0.778458 0.112766 0.672378
-0.782204 0.148901 0.642997
-0.763388 0.192573 0.624671
-0.712906 0.215635 0.599949
-0.676644 0.235231 0.570662
-0.631035 0.256250 0.558422
-0.598918 0.274877 0.530199
-0.577969 0.280991 0.486599
-0.560610 0.303931 0.453340
-0.567182 0.319275 0.413873
-0.553621 0.315054 0.372468
-0.558598 0.331079 0.333109
-0.556500 0.329581 0.290007
-0.540667 0.334045 0.248736
-0.546268 0.356032 0.207586
-0.539522 0.351265 0.162491
-0.538863 0.376400 0.122863
-0.539366 0.372647 0.077755
-0.529221 0.397101 0.038086
-0.537545 0.399552 -0.006430
-0.518955 0.425337 -0.041655
-0.514706 0.447431 -0.077580
-0.491225 0.476348 -0.103298
-0.482693 0.507067 -0.131494
-0.454512 0.527737 -0.162505
-0.429939 0.571439 -0.138819
-0.373751 0.580383 -0.126445
-0.327310 0.583606 -0.104052
-0.310644 0.575510 -0.059469
-0.319419 0.551601 -0.018562
-0.311685 0.517236 0.012866
-0.316731 0.526164 0.057126
-0.320824 0.525679 0.098626
-0.350721 0.543823 0.132881
-0.348276 0.556716 0.173196
-0.375347 0.571833 0.207452
-0.370613 0.596740 0.242946
-0.388769 0.605986 0.281914
-0.385128 0.634753 0.317126
-0.390400 0.653229 0.356538
-0.403180 0.676881 0.393622
-0.396088 0.701562 0.428873
-0.391301 0.706313 0.474022
-0.419569 0.736880 0.507712
-0.449691 0.729844 0.546075
-0.483768 0.710883 0.582323
-0.520828 0.683630 0.609415
-0.563627 0.652427 0.622476
-0.612340 0.619409 0.614464
-0.644059 0.582395 0.592489
-0.671944 0.558849 0.563081
-0.668806 0.537921 0.516249
-0.669603 0.506295 0.485185
-0.671736 0.529160 0.440063
-0.637174 0.511970 0.408150
-0.633723 0.498214 0.369977
-0.605352 0.472293 0.342279
-0.585651 0.465090 0.304172
-0.557020 0.440576 0.276771
-0.517689 0.425413 0.250635
-0.500867 0.431073 0.209229
-0.479519 0.412808 0.169682
-0.459299 0.423007 0.127980
-0.453246 0.405378 0.083154
-0.430962 0.405938 0.041749
-0.437743 0.389565 -0.003683
-0.420678 0.381620 -0.045667
-0.427841 0.369984 -0.089308
-0.403527 0.357590 -0.126782
-0.410031 0.354700 -0.168955
-0.393903 0.344259 -0.209108
-0.405973 0.350236 -0.248709
-0.452483 0.361979 -0.278750
-0.472565 0.376218 -0.315052
-0.535377 0.380410 -0.321408
-0.586518 0.401807 -0.328463
-0.639428 0.407769 -0.316022
-0.671303 0.409736 -0.274104
-0.709992 0.418725 -0.247591
-0.705379 0.418422 -0.199898
-0.739578 0.444389 -0.174220
-0.753191 0.407421 -0.135951
-0.704599 0.382952 -0.114798
-0.689356 0.393590 -0.073271
-0.675135 0.369711 -0.040631
-0.658418 0.369363 -0.001959
-0.627133 0.344032 0.024446
-0.637035 0.328688 0.065434
-0.606860 0.310711 0.105076
-0.605941 0.289344 0.144488
-0.575628 0.276043 0.182231
-0.579911 0.251180 0.219665
-0.553291 0.241783 0.258794
-0.579391 0.204543 0.288176
-0.595189 0.175928 0.318566
-0.644284 0.161612 0.333513
-0.704270 0.161718 0.315577
-0.749029 0.141850 0.295864
-0.789383 0.176260 0.302139
-0.780747 0.208190 0.269203
-0.781545 0.178364 0.236267
-0.833310 0.164155 0.241519
-0.855681 0.206495 0.231420
-0.836345 0.208583 0.191684
-0.859306 0.167060 0.177074
-0.915840 0.179453 0.178071
-0.918892 0.213562 0.141068
-0.917592 0.177335 0.104335
-0.973606 0.172220 0.085861
-0.983907 0.180165 0.038760
-1.000000 0.174853 -0.001703
-0.983699 0.162233 -0.047539
-0.983716 0.139308 -0.087073
-0.983283 0.118788 -0.126337
-0.950264 0.137552 -0.166854
-0.897718 0.131590 -0.187819
-0.858404 0.107727 -0.207263
-0.809396 0.128367 -0.219584
-0.758810 0.121633 -0.229750
-0.709472 0.138914 -0.219678
-0.656475 0.135388 -0.234086
-0.606410 0.149764 -0.240711
-0.564390 0.147736 -0.267358
-0.538551 0.111192 -0.249261
-0.574310 0.076327 -0.266954
-0.567477 0.078673 -0.309249
-0.518521 0.057578 -0.314635
-0.534736 0.010063 -0.312332
-0.585131 0.015253 -0.342642
-0.575003 0.024560 -0.386041
-0.601224 0.002134 -0.418923
-0.588669 0.026935 -0.459439
-0.584056 0.026799 -0.500225
-0.551887 0.066869 -0.523965
-0.510266 0.092700 -0.542385
-0.452622 0.110844 -0.540406
-0.398914 0.111494 -0.551299
-0.346386 0.115762 -0.554908
-0.299719 0.150808 -0.547273
-0.246150 0.130864 -0.546882
-0.205778 0.155605 -0.570366
-0.158608 0.172538 -0.579940
-0.124827 0.214137 -0.582067
-0.084229 0.236547 -0.598427
-0.052546 0.275861 -0.590792
-0.016544 0.304113 -0.606224
0.022059 0.338130 -0.598266
0.045592 0.379895 -0.602346
0.090108 0.409736 -0.608513
0.110693 0.453483 -0.609078
0.146122 0.482961 -0.626354
0.170158 0.524060 -0.614182
0.201946 0.554234 -0.634689
0.232884 0.594788 -0.617077
0.265157 0.628216 -0.632063
0.286886 0.672462 -0.604635
0.337229 0.693723 -0.589002
0.379700 0.718464 -0.576210
0.402868 0.740361 -0.536757
0.438905 0.761516 -0.512721
0.464068 0.754661 -0.467680
0.496133 0.758277 -0.430839
0.506035 0.754767 -0.386512
0.480438 0.748986 -0.341767
0.475583 0.722959 -0.303862
0.460859 0.694238 -0.274077
0.418667 0.667635 -0.258848
0.393695 0.634859 -0.237762
0.363815 0.598723 -0.246393
0.321396 0.580897 -0.259468
0.279256 0.557487 -0.260195
0.260960 0.526572 -0.283665
0.222635 0.516827 -0.309585
0.179644 0.491072 -0.320263
0.144683 0.471733 -0.344352
0.092259 0.469160 -0.363136
0.043441 0.443178 -0.376292
-0.003538 0.427698 -0.398119
-0.050326 0.394316 -0.396840
-0.091773 0.365958 -0.401983
-0.126717 0.334135 -0.387050
-0.173644 0.312663 -0.389097
-0.200003 0.357454 -0.384142
-0.172309 0.398205 -0.397486
-0.132509 0.416198 -0.370650
-0.087281 0.435173 -0.354532
-0.035360 0.423158 -0.339478
0.009989 0.426049 -0.317866
0.068362 0.412702 -0.322162
0.121740 0.393015 -0.314244
0.170037 0.379078 -0.328490
0.220328 0.363114 -0.334792
0.271278 0.363643 -0.350519
0.280470 0.313101 -0.345079
0.223831 0.293581 -0.359164
0.172135 0.311815 -0.360403
0.139342 0.315235 -0.328234
0.088946 0.330398 -0.310164
0.060402 0.361146 -0.279019
0.026967 0.387038 -0.253880
0.079426 0.407512 -0.232066
0.121861 0.420495 -0.209754
0.124133 0.382165 -0.185099
0.137174 0.351916 -0.215679
0.181292 0.372511 -0.227609
0.208137 0.369863 -0.191711
0.206801 0.323028 -0.189274
0.231479 0.316491 -0.226707
0.277868 0.338705 -0.220284
0.296147 0.308184 -0.191926
0.302494 0.273137 -0.224229
0.345814 0.285879 -0.247591
0.398047 0.288481 -0.255455
0.404481 0.333833 -0.244441
0.396764 0.320864 -0.202214
0.440327 0.290766 -0.195885
0.480664 0.321863 -0.186365
0.463790 0.326993 -0.143034
0.471663 0.285591 -0.119578
0.482363 0.240149 -0.107701
0.479190 0.199231 -0.085322
0.512261 0.161703 -0.072598
0.539748 0.125174 -0.060277
0.580900 0.095485 -0.046839
0.554592 0.049316 -0.054123
0.528545 0.066204 -0.098060
0.493566 0.084166 -0.128505
0.463652 0.118349 -0.109560
0.426436 0.159343 -0.120978
0.403267 0.208886 -0.108577
0.370300 0.247987 -0.094371
0.367057 0.231100 -0.049357
0.378833 0.224290 -0.009931
0.344634 0.187973 -0.005662
0.370335 0.158995 -0.032889
0.413395 0.158722 -0.008019
0.392325 0.144453 0.027651
0.373231 0.103928 0.013862
0.423783 0.089901 0.001246
0.447628 0.091913 0.038315
0.414591 0.060090 0.054447
0.436165 0.025695 0.031583
0.485485 0.029584 0.048953
0.471924 0.021306 0.088460
0.454183 -0.023440 0.078240
0.504769 -0.039601 0.059348
0.549303 -0.028418 0.086117
0.531302 -0.064206 0.116413
0.554384 -0.108498 0.110745
0.571344 -0.115338 0.158937
0.518365 -0.133497 0.181949
0.479554 -0.152231 0.200450
0.438714 -0.150657 0.227878
0.414193 -0.170934 0.262686
0.384261 -0.189562 0.295460
0.378295 -0.203937 0.334280
0.331351 -0.231629 0.324626
0.351259 -0.253526 0.280783
0.388613 -0.245854 0.249988
0.382162 -0.213213 0.219651
0.395724 -0.186626 0.184372
0.407082 -0.138112 0.167177
0.418129 -0.097346 0.144731
0.394284 -0.066234 0.182258
0.368063 -0.042128 0.211680
0.318986 -0.048741 0.193340
0.318760 -0.095500 0.200234
0.322350 -0.090082 0.241101
0.278579 -0.064584 0.248480
0.245006 -0.096241 0.232605
0.263353 -0.130501 0.259724
0.249948 -0.110829 0.296268
0.197194 -0.116412 0.288849
0.199639 -0.163792 0.297803
0.217415 -0.158480 0.340407
0.171355 -0.139958 0.352795
0.141388 -0.160826 0.381503
0.101172 -0.140564 0.409416
0.092831 -0.087237 0.403909
0.063454 -0.060695 0.377221
0.037701 -0.054204 0.342225
0.007093 -0.021639 0.327090
-0.025701 -0.011576 0.298153
-0.046754 0.018598 0.269957
-0.095172 0.043626 0.264342
-0.136532 0.069154 0.251389
-0.178569 0.099101 0.255549
-0.206264 0.082516 0.215975
-0.188211 0.028237 0.217941
-0.161071 -0.015117 0.212313
-0.107103 -0.005296 0.216864
-0.054436 -0.031823 0.225347
0.005497 -0.029190 0.240643
0.057245 -0.025180 0.253853
0.059725 0.023803 0.237317
0.058321 0.068958 0.228929
0.064043 0.066234 0.187308
0.015174 0.046804 0.182191
-0.011307 0.083121 0.198443
0.004700 0.115293 0.172833
-0.013509 0.093971 0.139399
-0.064841 0.093729 0.152823
-0.071639 0.138733 0.157415
-0.055945 0.147630 0.117127
-0.098103 0.116412 0.099353
-0.146920 0.126037 0.128438
-0.139480 0.171040 0.155247
-0.135526 0.209688 0.137635
-0.153527 0.248351 0.119726
-0.137226 0.228936 0.079667
-0.192598 0.211140 0.070793
-0.238121 0.219024 0.049074
-0.244347 0.167635 0.039177
-0.282984 0.130349 0.048226
-0.312951 0.092019 0.052319
-0.359184 0.069835 0.061879
-0.337628 0.023758 0.063845
-0.284996 0.034774 0.088689
-0.253833 0.074829 0.095946
-0.218871 0.095106 0.068666
-0.180060 0.127247 0.053598
-0.163811 0.167892 0.023517
-0.146747 0.204860 -0.000343
-0.186858 0.192270 -0.034612
-0.223779 0.178833 -0.061583
-0.193223 0.144937 -0.079101
-0.195460 0.116231 -0.045613
-0.247451 0.112357 -0.045129
-0.254145 0.095969 -0.083424
-0.224525 0.058380 -0.076422
-0.253919 0.042098 -0.044361
-0.299702 0.033261 -0.063347
-0.282759 -0.006840 -0.081781
-0.293910 -0.033155 -0.048401
-0.349213 -0.024923 -0.051161
-0.357519 -0.034517 -0.092351
-0.322177 -0.052055 -0.122123
-0.295696 -0.027405 -0.151234
-0.269319 -0.026118 -0.194512
-0.249757 0.002330 -0.224674
-0.205900 -0.025422 -0.236860
-0.184725 -0.046910 -0.273970
-0.160499 -0.069170 -0.304872
-0.144475 -0.080852 -0.344474
-0.125988 -0.128957 -0.332732
-0.173193 -0.138914 -0.299459
-0.204616 -0.141532 -0.263561
-0.188298 -0.108150 -0.237493
-0.201252 -0.080246 -0.197635
-0.202605 -0.034774 -0.171163
-0.200714 0.004873 -0.146158
-0.147146 0.018159 -0.166302
-0.103201 0.032277 -0.188143
-0.067512 0.006749 -0.168295
-0.088357 -0.034229 -0.181814
-0.078402 -0.024212 -0.221253
-0.025805 -0.016767 -0.219207
-0.015729 -0.059666 -0.205149
-0.036869 -0.081548 -0.237264
-0.006278 -0.063798 -0.266389
0.040823 -0.075434 -0.248844
0.029256 -0.124538 -0.244077
-0.002220 -0.133769 -0.284351
0.017862 -0.091974 -0.313800
0.064286 -0.080413 -0.328773
0.104485 -0.073573 -0.356484
0.137122 -0.106410 -0.334321
0.104381 -0.145981 -0.350937
0.100427 -0.177638 -0.382499
0.073148 -0.213350 -0.359178
0.027140 -0.241738 -0.361642
-0.015694 -0.271109 -0.358020
-0.058928 -0.294852 -0.372993
-0.087316 -0.297515 -0.333499
-0.077466 -0.246883 -0.316264
-0.043632 -0.210096 -0.324047
0.005862 -0.206782 -0.309275
0.058008 -0.185416 -0.302664
0.120266 -0.188230 -0.307929
0.173748 -0.188775 -0.315914
0.175950 -0.241208 -0.326147
0.176748 -0.286771 -0.333190
0.176765 -0.299407 -0.293036
0.126752 -0.283094 -0.286102
0.104346 -0.310514 -0.313679
0.118878 -0.350387 -0.298234
0.097426 -0.342594 -0.260828
0.046910 -0.336027 -0.277753
0.040823 -0.377474 -0.296766
0.036643 -0.399401 -0.260276
-0.015174 -0.384859 -0.254701
-0.033747 -0.409630 -0.291744
-0.017446 -0.453892 -0.292417
-0.020186 -0.455072 -0.243633
-0.026620 -0.456071 -0.203197
0.004231 -0.438805 -0.171607
-0.013492 -0.453181 -0.138469
-0.014307 -0.475244 -0.104349
-0.022440 -0.518492 -0.089456
-0.031094 -0.554673 -0.065677
-0.024313 -0.598118 -0.049626
-0.081871 -0.597785 -0.033589
-0.109618 -0.570183 -0.071965
-0.130948 -0.536575 -0.098424
-0.102508 -0.496656 -0.091260
-0.089449 -0.447900 -0.105722
-0.051523 -0.407133 -0.107661
-0.019041 -0.368985 -0.114946
0.015729 -0.384601 -0.076045
0.043060 -0.398493 -0.042382
0.008914 -0.378775 -0.015249
-0.032343 -0.406816 -0.026560
-0.007301 -0.446114 -0.016192
0.003260 -0.438291 0.022534
-0.048869 -0.432979 0.030829
-0.065015 -0.474517 0.019397
-0.034580 -0.498457 0.045182
-0.053187 -0.478996 0.079788
-0.108820 -0.485428 0.074133
-0.108768 -0.534032 0.058796
-0.062240 -0.559152 0.075277
-0.047829 -0.540842 0.113518
-0.060766 -0.507702 0.139776
-0.028701 -0.473095 0.150049
-0.007145 -0.435204 0.177572
0.026949 -0.400051 0.181019
-0.015434 -0.376460 0.207532
-0.023914 -0.366987 0.250769
-0.039331 -0.353686 0.290047
-0.033799 -0.344849 0.331156
-0.089224 -0.345560 0.342265
-0.104259 -0.391260 0.316102
-0.083085 -0.414185 0.282412
-0.092449 -0.401020 0.243606
-0.087507 -0.404894 0.200194
-0.063194 -0.388733 0.157940
-0.046632 -0.374826 0.117975
-0.036591 -0.324163 0.134012
-0.028753 -0.281490 0.148420
-0.080362 -0.267901 0.142563
-0.100080 -0.297031 0.172348
-0.072194 -0.279856 0.203089
-0.088894 -0.236018 0.200679
-0.140226 -0.247246 0.207277
-0.132700 -0.269021 0.244346
-0.111664 -0.233778 0.264975
-0.157048 -0.208689 0.262753
-0.182610 -0.235488 0.291811
-0.150614 -0.224487 0.323683
-0.162649 -0.177350 0.321273
-0.212455 -0.161113 0.313867
-0.240306 -0.141668 0.284998
-0.282672 -0.123434 0.270334
-0.322385 -0.124387 0.244602
-0.351432 -0.113295 0.211357
-0.397943 -0.089674 0.196168
-0.439512 -0.071364 0.177613
-0.476901 -0.038663 0.169224
-0.517411 -0.075404 0.157186
-0.502463 -0.112887 0.193515
-0.481115 -0.149885 0.216756
-0.430442 -0.156301 0.202187
-0.379717 -0.179786 0.217174
-0.317096 -0.178682 0.208987
-0.262365 -0.178999 0.200975
-0.268972 -0.164382 0.156971
-0.271053 -0.136115 0.123779
-0.285048 -0.168921 0.095583
-0.332790 -0.177562 0.113155
-0.349837 -0.133693 0.110004
-0.345658 -0.129184 0.069339
-0.378763 -0.164109 0.061718
-0.420123 -0.144710 0.080825
-0.423592 -0.106410 0.058298
-0.427268 -0.128806 0.020972
-0.472600 -0.156543 0.031987
-0.506399 -0.120468 0.054460
-0.492300 -0.070199 0.040658
-0.474906 -0.061785 -0.001932
-0.516527 -0.082289 -0.022372
-0.561858 -0.091626 -0.040456
-0.602560 -0.115989 -0.023234
-0.655435 -0.120423 -0.024823
-0.652019 -0.152367 0.011641
-0.668927 -0.150763 0.054285
-0.683217 -0.157239 0.094021
-0.711727 -0.148644 0.128411
-0.675742 -0.174354 0.156809
-0.619676 -0.159903 0.138025
-0.601797 -0.140019 0.101588
-0.591409 -0.164669 0.067535
-0.577587 -0.173643 0.026520
-0.589900 -0.184977 -0.020056
-0.598033 -0.193602 -0.061960
-0.648498 -0.222595 -0.052292
-0.691298 -0.246217 -0.041183
-0.663447 -0.285576 -0.031650
-0.639654 -0.266358 0.002121
-0.684448 -0.255569 0.020676
-0.703819 -0.299679 0.021726
-0.662996 -0.315735 0.044469
-0.671563 -0.283548 0.075479
-0.720831 -0.295548 0.085524
-0.704460 -0.337313 0.100349
-0.684344 -0.316219 0.136113
-0.737063 -0.301571 0.148474
-0.761099 -0.342655 0.131723
-0.762347 -0.389807 0.141391
-0.779152 -0.414291 0.100403
-0.726068 -0.437958 0.098828
-0.719478 -0.480933 0.114434
-0.702778 -0.520640 0.126405
-0.723588 -0.562526 0.140355
-0.730508 -0.604624 0.155436
-0.752428 -0.647585 0.160862
-0.728305 -0.653819 0.203304
-0.738173 -0.600493 0.218318
-0.734167 -0.552751 0.226990
-0.700402 -0.535304 0.198188
-0.682575 -0.487183 0.178973
-0.656042 -0.459869 0.141014
-0.627428 -0.434962 0.109546
-0.588946 -0.471869 0.100646
-0.564356 -0.507460 0.082010
-0.528285 -0.513180 0.112939
-0.565015 -0.521533 0.142145
-0.586276 -0.559288 0.122998
-0.543840 -0.585058 0.119524
-0.534632 -0.583727 0.160970
-0.580570 -0.604882 0.172469
-0.574362 -0.643999 0.151625
-0.525891 -0.654243 0.168335
-0.539904 -0.652049 0.210158
-0.590941 -0.676987 0.211653
-0.596004 -0.709809 0.176226
-0.544378 -0.722081 0.173883
-0.498717 -0.747216 0.178905
-0.460339 -0.718949 0.160997
-0.401706 -0.713319 0.154641
-0.365965 -0.691211 0.131158
-0.330241 -0.690258 0.167635
-0.283314 -0.712926 0.179835
-0.239144 -0.730146 0.196181
-0.191835 -0.753057 0.195602
-0.189893 -0.767614 0.237991
-0.248665 -0.783624 0.244144
-0.295280 -0.777601 0.222277
-0.325784 -0.740285 0.228067
-0.368757 -0.711292 0.219853
-0.392116 -0.666500 0.201487
-0.418753 -0.626264 0.188600
-0.364005 -0.600720 0.186863
-0.317599 -0.579202 0.187900
-0.321379 -0.566688 0.228390
-0.319350 -0.611131 0.242906
-0.272406 -0.620074 0.227784
-0.246462 -0.585316 0.246716
-0.259365 -0.596952 0.285658
-0.236387 -0.639186 0.282978
-0.187691 -0.625961 0.274993
-0.182020 -0.598360 0.309074
-0.193448 -0.635933 0.338185
-0.168528 -0.678984 0.318674
-0.126006 -0.656619 0.290182
-0.085183 -0.629804 0.299836
-0.048124 -0.665335 0.286910
-0.066541 -0.668710 0.243740
-0.056378 -0.621890 0.228498
-0.004439 -0.636538 0.211181
0.026967 -0.620453 0.180535
