-0.165495 0.132280 0.342056
-0.160521 0.084597 0.316379
-0.147434 0.090445 0.270444
-0.122433 0.058436 0.247016
-0.097659 0.060160 0.198519
-0.084796 0.035384 0.157203
-0.059732 0.032516 0.110166
-0.052761 0.010270 0.064589
-0.018263 0.005066 0.022409
0.004870 0.003649 -0.023124
0.047513 -0.005179 -0.055906
0.080047 -0.000846 -0.097178
0.127762 -0.014909 -0.118045
0.153084 -0.013556 -0.167003
0.173223 -0.036834 -0.213399
0.201925 -0.035094 -0.258097
0.235490 -0.061287 -0.295258
0.267412 -0.059016 -0.340076
0.293958 -0.065137 -0.378056
0.312551 -0.051058 -0.420103
0.331208 -0.053072 -0.463028
0.356933 -0.004132 -0.443428
0.376637 0.037639 -0.428101
0.393797 0.085789 -0.426314
0.428537 0.121487 -0.419492
0.438341 0.099788 -0.374630
0.420134 0.050301 -0.364487
0.375784 0.029665 -0.358991
0.347242 -0.015263 -0.351485
0.300864 0.009674 -0.330886
0.251378 0.012815 -0.311091
0.218249 0.037494 -0.271964
0.180579 0.035287 -0.231093
0.157978 0.058500 -0.189568
0.117250 0.054199 -0.149606
0.066428 0.067135 -0.128814
0.017796 0.042568 -0.107351
-0.021306 0.008530 -0.104521
-0.058508 -0.018904 -0.117881
-0.103277 -0.019162 -0.132850
-0.125476 0.025380 -0.119058
-0.086744 0.059113 -0.099353
-0.075282 0.107714 -0.086663
-0.036550 0.137661 -0.071947
-0.053824 0.183636 -0.072632
-0.067797 0.185618 -0.028456
-0.014947 0.177869 -0.010999
0.014351 0.204240 -0.043678
0.050669 0.238778 -0.061164
0.096999 0.202178 -0.071977
0.144359 0.186697 -0.093812
0.197595 0.169766 -0.092382
0.243056 0.160214 -0.116645
0.293491 0.141060 -0.118358
0.333510 0.137451 -0.144959
0.380114 0.145329 -0.156741
0.415884 0.177305 -0.172946
0.404374 0.169186 -0.218731
0.363485 0.201759 -0.222097
0.334058 0.240453 -0.225627
0.312245 0.239068 -0.184995
0.300638 0.206527 -0.151349
0.256691 0.232157 -0.144170
0.204388 0.219785 -0.146017
0.148577 0.236458 -0.149875
0.096451 0.225246 -0.138719
0.044857 0.238875 -0.132835
0.024767 0.200857 -0.168492
0.012597 0.168703 -0.202481
0.056271 0.141930 -0.195585
0.097482 0.123420 -0.174376
0.142089 0.129542 -0.209154
0.185924 0.111886 -0.239464
0.219021 0.116928 -0.281332
0.268281 0.089108 -0.299846
0.321775 0.074787 -0.302080
0.364918 0.033531 -0.294469
0.402249 -0.001538 -0.270534
0.377281 -0.004921 -0.220608
0.365996 -0.007080 -0.174152
0.341012 0.013346 -0.126967
0.323884 0.043551 -0.092933
0.277602 0.069873 -0.077890
0.248078 0.105314 -0.060553
0.196500 0.115656 -0.041712
0.156143 0.150162 -0.032611
0.111084 0.161551 -0.008438
0.074445 0.198441 0.000231
0.032268 0.221541 0.024345
-0.009570 0.240776 0.045957
0.015543 0.257706 0.089761
0.028968 0.278020 0.133669
0.053067 0.232979 0.150843
0.067539 0.182799 0.156949
0.082865 0.186101 0.111387
0.100073 0.204192 0.067270
0.128873 0.152964 0.059242
0.160199 0.117234 0.032358
0.200187 0.079781 0.020591
0.226282 0.049528 -0.013368
0.250815 0.009915 -0.035828
0.263500 -0.003906 -0.083178
0.273948 -0.032371 -0.124167
0.297322 -0.031195 -0.168239
0.302055 -0.067344 -0.204269
0.318089 -0.101238 -0.243396
0.332673 -0.131700 -0.277728
0.352361 -0.160713 -0.313891
0.356579 -0.190450 -0.349206
0.311472 -0.220736 -0.343293
0.274157 -0.197055 -0.317019
0.235264 -0.169058 -0.305625
0.212904 -0.132828 -0.283537
0.192669 -0.106167 -0.250382
0.155161 -0.113964 -0.210212
0.147643 -0.089366 -0.163309
0.122804 -0.092636 -0.116169
0.107575 -0.067763 -0.071798
0.085988 -0.066958 -0.028039
0.062114 -0.033273 0.010136
0.047690 -0.018421 0.055459
0.022030 0.018421 0.083356
0.014979 0.041715 0.130110
-0.017845 0.072193 0.159198
-0.027697 0.096776 0.201722
-0.057043 0.137290 0.198028
-0.073978 0.169718 0.167360
-0.103776 0.204498 0.153375
-0.141429 0.215307 0.126490
-0.111615 0.222476 0.089344
-0.089513 0.176194 0.087839
-0.129806 0.149340 0.086529
-0.145631 0.166013 0.045942
-0.105804 0.149066 0.022275
-0.109893 0.100416 0.032537
-0.156030 0.091170 0.017776
-0.147240 0.104621 -0.026817
-0.111825 0.063945 -0.031837
-0.122031 0.024623 -0.000722
-0.124462 0.023415 0.045569
-0.127311 0.002473 0.090938
-0.143860 -0.008047 0.134965
-0.128534 -0.014700 0.183044
-0.137710 -0.031485 0.227444
-0.137340 -0.052121 0.267927
-0.152038 -0.081681 0.303272
-0.167814 -0.065025 0.346450
-0.187872 -0.100819 0.374794
-0.202151 -0.144201 0.394127
-0.212437 -0.133327 0.441283
-0.251201 -0.167946 0.442221
-0.266816 -0.212778 0.450487
-0.277843 -0.255693 0.436025
-0.293684 -0.299026 0.439600
-0.299882 -0.341748 0.425346
-0.330065 -0.373144 0.410690
-0.368926 -0.401931 0.419105
-0.375220 -0.443654 0.433165
-0.401557 -0.470524 0.460630
-0.404326 -0.487552 0.501262
-0.421051 -0.520140 0.527744
-0.427120 -0.534864 0.569687
-0.402217 -0.547172 0.607251
-0.406306 -0.576007 0.642401
-0.395230 -0.590860 0.684061
-0.375752 -0.627750 0.710871
-0.413743 -0.636400 0.752009
-0.446663 -0.673322 0.766590
-0.459976 -0.717558 0.779861
-0.515450 -0.726901 0.800758
-0.564967 -0.737598 0.812093
-0.620280 -0.738178 0.817380
-0.655487 -0.730075 0.862361
-0.683835 -0.711147 0.898123
-0.720410 -0.664785 0.914655
-0.757500 -0.641700 0.942865
-0.771360 -0.588556 0.968201
-0.777944 -0.531417 0.983155
-0.802510 -0.483702 1.000000
-0.798630 -0.426401 0.996068
-0.827413 -0.379572 0.998049
-0.826463 -0.324736 0.986550
-0.860784 -0.286268 0.958013
-0.907630 -0.255403 0.936356
-0.939230 -0.211135 0.919779
-0.966114 -0.161825 0.914670
-0.971523 -0.117250 0.878641
-0.989375 -0.075044 0.856806
-1.000000 -0.039347 0.811869
-0.990518 0.000620 0.779087
-0.973519 0.043245 0.756477
-0.928766 0.078959 0.735372
-0.898084 0.122099 0.728401
-0.850111 0.151402 0.708860
-0.806309 0.177241 0.696944
-0.766128 0.205480 0.662211
-0.763569 0.235991 0.615949
-0.749000 0.286026 0.588171
-0.729441 0.310431 0.547509
-0.741015 0.322578 0.493473
-0.758272 0.345582 0.447151
-0.744653 0.355489 0.394142
-0.748581 0.364897 0.345810
-0.732918 0.341119 0.297344
-0.754167 0.338091 0.245362
-0.744653 0.369762 0.198788
-0.732322 0.355666 0.145466
-0.723114 0.347611 0.096553
-0.705551 0.312397 0.054312
-0.696005 0.284109 0.011476
-0.687296 0.230192 -0.013591
-0.673388 0.191401 -0.041935
-0.664421 0.131249 -0.048667
-0.681163 0.073965 -0.036871
-0.704086 0.022287 -0.024107
-0.695410 -0.034788 -0.036409
-0.707531 -0.086498 -0.029424
-0.684238 -0.141527 -0.018089
-0.690468 -0.192722 -0.000707
-0.699193 -0.246430 -0.015572
-0.690516 -0.291648 -0.041369
-0.678829 -0.349416 -0.051929
-0.671391 -0.398613 -0.069653
-0.682773 -0.426192 -0.112817
-0.668333 -0.452305 -0.160911
-0.667737 -0.487536 -0.205192
-0.670313 -0.503081 -0.255773
-0.684672 -0.500165 -0.304567
-0.679440 -0.496170 -0.360138
-0.676639 -0.515372 -0.406341
-0.666401 -0.494253 -0.456847
-0.654843 -0.493303 -0.509350
-0.637070 -0.461100 -0.548775
-0.600979 -0.428334 -0.582347
-0.583416 -0.409181 -0.623917
-0.561056 -0.355875 -0.643235
-0.524706 -0.316054 -0.656536
-0.503006 -0.268580 -0.672711
-0.458495 -0.234799 -0.673009
-0.442864 -0.195557 -0.703349
-0.392381 -0.163693 -0.702709
-0.332512 -0.166561 -0.711809
-0.276411 -0.166625 -0.731559
-0.224141 -0.182348 -0.717603
-0.173963 -0.205061 -0.722667
-0.124880 -0.223104 -0.725646
-0.075588 -0.234670 -0.737263
-0.056206 -0.266631 -0.779549
-0.015333 -0.230836 -0.803588
0.036599 -0.246398 -0.828000
0.080562 -0.249507 -0.851712
0.139868 -0.236152 -0.848897
0.186793 -0.233623 -0.865787
0.240045 -0.230981 -0.869972
0.275429 -0.251021 -0.901191
0.329824 -0.264069 -0.898986
0.375671 -0.275781 -0.916130
0.424368 -0.309417 -0.907268
0.447871 -0.365428 -0.902636
0.473450 -0.412064 -0.902814
0.517446 -0.443026 -0.875826
0.535009 -0.496154 -0.853320
0.563680 -0.518997 -0.817395
0.585750 -0.554147 -0.775706
0.612441 -0.570143 -0.732706
0.639212 -0.564167 -0.687382
0.675979 -0.565874 -0.643980
0.715967 -0.539214 -0.611555
0.758643 -0.496025 -0.603974
0.770748 -0.444846 -0.578698
0.781775 -0.392105 -0.568168
0.789148 -0.336673 -0.569553
0.783031 -0.281661 -0.581349
0.768945 -0.230256 -0.590241
0.757065 -0.186037 -0.613953
0.760864 -0.141801 -0.643593
0.762732 -0.097033 -0.670298
0.758111 -0.061046 -0.705166
0.769316 -0.033338 -0.746915
0.793125 -0.001474 -0.784628
0.781341 0.021047 -0.829489
0.776528 0.061916 -0.867053
0.794879 0.090590 -0.911781
0.797342 0.136888 -0.943208
0.814052 0.172875 -0.980116
0.835881 0.229547 -0.982171
0.863344 0.279889 -0.991763
0.871345 0.333709 -1.000000
0.883064 0.384518 -0.974873
0.899066 0.436131 -0.958996
0.912507 0.473891 -0.915862
0.919735 0.501953 -0.873428
0.944639 0.527373 -0.831128
0.937572 0.575330 -0.796349
0.952511 0.612172 -0.758979
0.944317 0.668393 -0.736027
0.941645 0.718267 -0.721252
0.929652 0.777001 -0.705419
0.900643 0.824845 -0.694561
0.866821 0.870031 -0.696647
0.834770 0.917424 -0.672577
0.789985 0.939784 -0.654332
0.755198 0.968120 -0.614891
0.725127 0.992880 -0.581930
0.700883 1.000000 -0.528951
0.675690 0.986839 -0.487068
0.667898 0.958857 -0.437097
0.687312 0.945084 -0.384476
0.683529 0.907872 -0.347716
0.694170 0.864152 -0.309780
0.727879 0.823863 -0.293903
0.729715 0.768318 -0.272142
0.748308 0.719105 -0.254329
0.756872 0.658421 -0.248907
0.769219 0.601250 -0.260897
0.806325 0.557949 -0.247105
0.841950 0.515163 -0.220638
0.867095 0.475373 -0.192175
0.885962 0.438532 -0.153539
0.900579 0.411162 -0.109511
0.905537 0.391026 -0.061476
0.914648 0.391928 -0.011610
0.906020 0.377993 0.043573
0.896747 0.393974 0.089478
0.874387 0.401287 0.142249
0.865566 0.419700 0.187051
0.834947 0.457556 0.223348
0.828347 0.479594 0.269640
0.801029 0.526117 0.300054
0.781389 0.573494 0.318330
0.752767 0.611576 0.356087
0.713134 0.645566 0.371041
0.662779 0.671728 0.394217
0.617302 0.679863 0.433106
0.569459 0.691139 0.455254
0.517977 0.675787 0.484298
0.470714 0.668441 0.506297
0.421824 0.632727 0.521385
0.379519 0.605132 0.542147
0.319280 0.590376 0.541388
0.273079 0.550619 0.552082
0.219102 0.535041 0.548031
0.166220 0.537055 0.531200
0.110682 0.522428 0.532079
0.056818 0.530160 0.505701
0.007671 0.543386 0.483598
-0.035826 0.567437 0.463535
-0.072642 0.607565 0.440732
-0.107623 0.640959 0.422158
-0.131126 0.675819 0.383776
-0.166429 0.705347 0.354612
-0.163693 0.714352 0.299518
-0.195856 0.730735 0.259333
-0.184797 0.750244 0.214948
-0.185248 0.741496 0.160494
-0.178503 0.747924 0.109749
-0.149687 0.736116 0.063398
-0.138805 0.743317 0.013934
-0.106303 0.745330 -0.027651
-0.123866 0.772023 -0.074911
-0.088177 0.811458 -0.100976
-0.081078 0.840181 -0.149860
-0.086696 0.850185 -0.204850
-0.098866 0.887026 -0.246971
-0.091895 0.889395 -0.303108
-0.092056 0.894501 -0.350233
-0.119600 0.880212 -0.399236
-0.132865 0.882774 -0.444902
-0.148126 0.858497 -0.494441
-0.163338 0.815566 -0.531677
-0.181948 0.788165 -0.577670
-0.181867 0.737260 -0.606193
-0.190206 0.697696 -0.641805
-0.178245 0.640428 -0.656328
-0.175026 0.588830 -0.667722
-0.161052 0.540712 -0.683808
-0.123786 0.497910 -0.701160
-0.094197 0.459361 -0.719107
-0.049429 0.422261 -0.710781
-0.013820 0.380313 -0.712137
0.013836 0.340491 -0.682988
0.040913 0.291825 -0.669911
0.066847 0.265455 -0.635267
0.057977 0.221203 -0.600354
0.049220 0.166367 -0.582451
0.051747 0.124854 -0.551233
0.041895 0.076543 -0.536487
0.048753 0.039282 -0.499028
0.014029 0.006194 -0.464860
-0.007799 -0.022029 -0.430276
-0.031689 -0.031695 -0.380484
-0.070855 -0.058098 -0.364472
-0.098463 -0.084823 -0.335011
-0.140769 -0.108294 -0.330126
-0.186262 -0.118233 -0.315008
-0.186986 -0.163774 -0.279366
-0.189932 -0.176291 -0.232777
-0.179565 -0.185859 -0.187915
-0.121145 -0.193302 -0.183372
-0.070437 -0.190273 -0.176610
-0.023962 -0.207494 -0.186738
-0.025733 -0.253776 -0.165841
-0.044793 -0.283239 -0.202109
-0.008781 -0.291133 -0.231823
0.022899 -0.315168 -0.203822
-0.013369 -0.355698 -0.200262
-0.017635 -0.364752 -0.250188
0.027858 -0.374514 -0.263980
0.033009 -0.416108 -0.235875
-0.005063 -0.442220 -0.265321
0.016863 -0.446328 -0.311315
0.053341 -0.488840 -0.301559
0.014174 -0.530982 -0.294856
-0.000266 -0.546882 -0.339569
-0.006045 -0.591278 -0.377490
0.005884 -0.638011 -0.402662
0.015607 -0.676270 -0.434178
0.045759 -0.714546 -0.464563
0.057494 -0.762068 -0.493175
0.104951 -0.796412 -0.504003
0.141799 -0.836073 -0.514861
0.190769 -0.867679 -0.499296
0.224253 -0.906841 -0.501843
0.261842 -0.941427 -0.470044
0.302135 -0.964205 -0.440285
0.330082 -0.979783 -0.403540
0.365739 -0.976738 -0.357874
0.393701 -1.000000 -0.319372
0.425639 -0.981539 -0.274317
0.454165 -0.965414 -0.235666
0.492897 -0.945503 -0.206935
0.549819 -0.923030 -0.202035
0.590258 -0.886479 -0.194155
0.625544 -0.848703 -0.201305
0.646649 -0.793948 -0.199145
0.677879 -0.754964 -0.188928
0.680165 -0.703994 -0.161045
0.720136 -0.679557 -0.126237
0.741514 -0.623948 -0.131823
0.755359 -0.588975 -0.088316
0.779876 -0.556112 -0.061372
0.797857 -0.506995 -0.034860
0.831905 -0.505368 0.001586
0.870830 -0.466400 0.022915
0.912185 -0.453932 0.051408
0.945669 -0.408633 0.074077
0.970299 -0.370164 0.099874
0.992804 -0.320516 0.104328
1.000000 -0.267758 0.131465
0.995750 -0.216161 0.144274
0.970782 -0.170620 0.175314
0.932646 -0.137548 0.200947
0.899017 -0.100626 0.224048
0.846844 -0.072499 0.232106
0.806647 -0.043841 0.258767
0.757097 -0.015360 0.256280
0.718382 0.012525 0.280707
0.689952 0.047337 0.301440
0.678330 0.079072 0.338839
0.658368 0.100948 0.379322
0.641063 0.132941 0.413222
0.632145 0.172070 0.446883
0.624063 0.198747 0.489213
0.613728 0.224763 0.530932
0.611539 0.235846 0.580411
0.600367 0.244593 0.630262
0.568509 0.275732 0.661406
0.530566 0.281016 0.706656
0.482932 0.287653 0.727284
0.431869 0.271431 0.754615
0.383801 0.262458 0.770016
0.336086 0.224747 0.780189
0.295954 0.183652 0.777821
0.251797 0.158152 0.767454
0.230000 0.108874 0.740823
0.203197 0.068005 0.716635
0.187373 0.040265 0.669062
0.169842 0.008868 0.627075
0.180966 0.004132 0.572681
0.188306 -0.027539 0.530828
0.190753 -0.019001 0.479844
0.198722 -0.027990 0.432540
0.204726 -0.007966 0.390821
0.209475 -0.020644 0.345363
0.235506 -0.004261 0.310674
0.251153 -0.016697 0.268374
0.293394 -0.029343 0.244156
0.317895 -0.043583 0.208543
0.355951 -0.090686 0.218433
0.329518 -0.139417 0.238362
0.324544 -0.189597 0.239151
0.331015 -0.238005 0.245735
0.341769 -0.283835 0.232955
0.296372 -0.301040 0.234162
0.279373 -0.272881 0.199354
0.311585 -0.290231 0.167792
0.297451 -0.338220 0.171039
0.249817 -0.329279 0.158677
0.259444 -0.310480 0.116600
0.281852 -0.351719 0.100604
0.241494 -0.380877 0.106145
0.210924 -0.354844 0.080184
0.236761 -0.360032 0.041756
0.233188 -0.409326 0.038360
0.182672 -0.409922 0.035724
0.177006 -0.381763 -0.001154
0.207045 -0.411033 -0.029662
0.175058 -0.454125 -0.022349
0.128873 -0.444653 -0.039567
0.082301 -0.466030 -0.062981
0.037114 -0.447859 -0.047357
-0.002632 -0.420473 -0.056353
-0.017668 -0.414448 -0.012131
0.026232 -0.389656 0.000514
0.026232 -0.354619 -0.030913
-0.016686 -0.334209 -0.016749
-0.001103 -0.322352 0.025358
0.035794 -0.293259 0.010851
0.010053 -0.260976 -0.013189
-0.018746 -0.245576 0.020860
0.017651 -0.230901 0.049859
0.036422 -0.197845 0.020234
-0.004821 -0.170089 0.016302
-0.003984 -0.154479 0.059540
0.036969 -0.127448 0.053568
0.063466 -0.106522 0.018342
0.111181 -0.135550 0.008497
0.118779 -0.140367 -0.045718
0.127520 -0.163355 -0.092799
0.129211 -0.163822 -0.146121
0.133332 -0.188646 -0.192055
0.130338 -0.228951 -0.220042
0.150154 -0.265278 -0.180199
0.135924 -0.240147 -0.132329
0.135296 -0.239680 -0.080497
0.157591 -0.207542 -0.042382
0.182044 -0.203853 0.007201
0.196243 -0.192545 0.053404
0.204437 -0.201952 0.098072
0.211278 -0.150870 0.107917
0.159411 -0.139014 0.097089
0.136085 -0.164080 0.134682
0.115704 -0.186310 0.173422
0.105997 -0.222379 0.203554
0.061905 -0.234815 0.183625
0.083669 -0.251536 0.144796
0.113563 -0.285398 0.162073
0.075508 -0.313041 0.179321
0.055095 -0.322723 0.138927
0.093682 -0.346870 0.120577
0.093441 -0.382778 0.150917
0.046435 -0.399096 0.143827
0.052085 -0.411146 0.098966
0.088805 -0.447971 0.110866
0.064609 -0.476823 0.141444
0.028679 -0.493093 0.110866
0.069535 -0.522927 0.087661
0.088209 -0.555420 0.123675
0.038450 -0.586349 0.124197
