-0.015937 0.842319 0.639188
-0.090238 0.851588 0.626016
-0.144326 0.841010 0.572356
-0.213637 0.869207 0.575329
-0.281591 0.868712 0.577413
-0.336576 0.929987 0.560101
-0.399494 0.962888 0.585444
-0.415730 1.000000 0.506385
-0.427320 0.900800 0.468064
-0.478441 0.868959 0.529533
-0.523468 0.972688 0.514916
-0.537197 0.993455 0.429604
-0.592273 0.916684 0.425435
-0.655145 0.967063 0.452752
-0.683454 0.973006 0.361521
-0.702449 0.859973 0.337261
-0.743153 0.781964 0.312140
-0.754007 0.696667 0.268150
-0.770289 0.663341 0.186895
-0.805726 0.564247 0.228495
-0.872393 0.532371 0.211488
-0.898356 0.421708 0.210015
-0.948580 0.346176 0.184672
-0.955387 0.238343 0.151881
-0.937289 0.153117 0.097609
-0.878303 0.069094 0.066735
-0.866345 -0.051015 0.069542
-0.849741 -0.152586 0.091995
-0.846131 -0.252494 0.133568
-0.848775 -0.352650 0.162135
-0.860067 -0.436248 0.213183
-0.853812 -0.529647 0.256923
-0.836725 -0.653647 0.238943
-0.835506 -0.765407 0.255895
-0.851282 -0.866412 0.199928
-0.855996 -0.941343 0.129010
-0.887800 -0.998903 0.050340
-0.942601 -1.000000 -0.031916
-0.961435 -0.982488 -0.122591
-0.983328 -0.970105 -0.204680
-0.987076 -0.887462 -0.288602
-0.998482 -0.814017 -0.365606
-0.997355 -0.711597 -0.424546
-1.000000 -0.650605 -0.504634
-0.973439 -0.550485 -0.556766
-0.955180 -0.478667 -0.627628
-0.938714 -0.368464 -0.651387
-0.888950 -0.267848 -0.656862
-0.852156 -0.179615 -0.690875
-0.825135 -0.078327 -0.703964
-0.812878 0.016592 -0.743508
-0.775601 0.081830 -0.799669
-0.734644 0.161855 -0.835823
-0.704496 0.255643 -0.864862
-0.683385 0.340338 -0.919996
-0.626101 0.427581 -0.895152
-0.542279 0.437133 -0.904517
-0.476808 0.476792 -0.926665
-0.408647 0.512984 -0.927248
-0.348856 0.570933 -0.942699
-0.279361 0.557914 -0.966653
-0.211199 0.545249 -0.985244
-0.138025 0.563787 -0.975268
-0.067058 0.573056 -1.000000
-0.002254 0.583528 -0.929805
0.068598 0.511533 -0.935974
0.142785 0.565839 -0.912298
0.202070 0.618411 -0.874783
0.278395 0.574719 -0.884259
0.352719 0.619012 -0.853997
0.429228 0.622302 -0.820233
0.478372 0.670240 -0.744842
0.543406 0.638647 -0.681844
0.590387 0.629449 -0.605814
0.639347 0.603234 -0.543761
0.694538 0.656796 -0.472593
0.727308 0.681879 -0.382307
0.793377 0.652126 -0.334510
0.837737 0.655346 -0.251449
0.884397 0.613281 -0.179642
0.935587 0.561664 -0.126815
0.964034 0.525720 -0.036028
0.982500 0.436496 0.042753
1.000000 0.368075 0.114977
0.994619 0.293816 0.202540
0.996919 0.199922 0.270651
0.957112 0.112043 0.334843
0.954789 0.009057 0.385614
0.929079 -0.055438 0.470092
0.878579 -0.132173 0.526504
0.852846 -0.204061 0.591474
0.826078 -0.193979 0.690320
0.777992 -0.268344 0.756958
0.719214 -0.284370 0.816009
0.643325 -0.331211 0.846383
0.579671 -0.353463 0.883036
0.499414 -0.321517 0.901460
0.425618 -0.315892 0.913326
0.369714 -0.237600 0.902572
0.324273 -0.155876 0.854414
0.272232 -0.082077 0.855803
0.244567 0.016451 0.854191
0.225043 0.108151 0.893402
0.183098 0.177316 0.940004
0.151225 0.273580 0.959734
0.098057 0.333439 1.000000
0.057882 0.295868 0.919384
0.024445 0.210430 0.872921
0.042359 0.211279 0.786831
0.062573 0.175936 0.711022
0.105439 0.191219 0.637437
0.048568 0.136454 0.579747
-0.008670 0.092054 0.548374
-0.070415 0.038208 0.548346
-0.114568 -0.045213 0.534646
-0.162930 -0.109389 0.478762
-0.204323 -0.083386 0.550513
-0.235598 -0.012807 0.616401
-0.252225 0.028126 0.706493
-0.289985 0.099342 0.759764
-0.317742 0.139213 0.831710
-0.378751 0.175370 0.889956
-0.398436 0.204274 0.968737
-0.472416 0.218885 0.954898
-0.473267 0.253272 0.868558
-0.516776 0.345397 0.844187
-0.528090 0.472193 0.837018
-0.525124 0.576205 0.824735
-0.453536 0.597042 0.798308
-0.418673 0.524729 0.747760
-0.351937 0.502583 0.700240
-0.318754 0.449162 0.630407
-0.249166 0.413111 0.587473
-0.211291 0.384667 0.502994
-0.144280 0.344902 0.459894
-0.120294 0.317590 0.362716
-0.123491 0.244676 0.284156
-0.132988 0.192033 0.210765
-0.117075 0.122904 0.147268
-0.119719 0.070509 0.076183
-0.185512 0.028338 0.066763
-0.247005 0.037961 0.105973
-0.316822 0.007712 0.145322
-0.312476 0.045461 0.244863
-0.350811 0.078610 0.325589
-0.366701 0.082290 0.425713
-0.418121 0.100792 0.496603
-0.440198 0.059895 0.585750
-0.489640 0.065803 0.648747
-0.505025 -0.000248 0.726334
-0.551064 -0.082643 0.772686
-0.520846 -0.178200 0.759653
-0.559664 -0.197198 0.676925
-0.567782 -0.092231 0.646691
-0.580154 0.007394 0.596754
-0.594918 0.114307 0.593253
-0.533333 0.126053 0.525559
-0.514545 0.134225 0.436078
-0.455306 0.157610 0.373081
-0.444498 0.141442 0.274124
-0.400874 0.135215 0.208681
-0.396803 0.118163 0.114143
-0.362240 0.106241 0.034250
-0.418558 0.014611 0.010824
-0.488329 0.021085 -0.034305
-0.481775 0.032548 -0.119062
-0.441095 0.125699 -0.115505
-0.448844 0.172469 -0.024663
-0.460435 0.236362 0.049061
-0.482534 0.219097 0.146212
-0.524618 0.220618 0.222659
-0.549960 0.160157 0.298134
-0.607083 0.149579 0.364577
-0.623525 0.080415 0.450668
-0.649810 -0.020201 0.499632
-0.650868 -0.110168 0.563157
-0.698862 -0.198932 0.598227
-0.684558 -0.303297 0.592225
-0.660964 -0.289500 0.506134
-0.693664 -0.195464 0.467035
-0.711050 -0.113953 0.410874
-0.741934 -0.018927 0.377583
-0.731172 0.071712 0.332037
-0.697183 0.144697 0.283711
-0.647327 0.232541 0.261258
-0.618420 0.305385 0.188117
-0.552995 0.355586 0.145739
-0.509716 0.417958 0.085604
-0.459170 0.450824 0.136374
-0.376843 0.439150 0.129149
-0.309279 0.455459 0.172028
-0.269702 0.365952 0.134485
-0.196711 0.316529 0.109197
-0.137427 0.264275 0.092329
-0.085271 0.317024 0.144016
-0.116592 0.383323 0.214989
-0.145406 0.438300 0.279682
-0.192158 0.454115 0.363160
-0.259929 0.483620 0.411068
-0.309164 0.462287 0.479235
-0.377716 0.496957 0.523780
-0.424905 0.490589 0.601784
-0.487754 0.525366 0.641272
-0.540048 0.536652 0.703103
-0.618075 0.549282 0.713107
-0.685179 0.516982 0.726334
-0.693067 0.472087 0.636659
-0.611452 0.461685 0.604563
-0.556721 0.472228 0.544039
-0.497505 0.530921 0.506940
-0.452685 0.544117 0.430826
-0.376475 0.555438 0.398452
-0.318248 0.584094 0.332092
-0.280327 0.672752 0.338928
-0.337082 0.737848 0.368940
-0.401196 0.692280 0.336983
-0.465126 0.651206 0.323616
-0.513832 0.550343 0.309416
-0.561895 0.519352 0.392394
-0.618144 0.452841 0.436440
-0.649833 0.378016 0.507579
-0.697137 0.334359 0.562602
-0.719627 0.268945 0.625655
-0.733678 0.160546 0.645607
-0.701161 0.180217 0.724278
-0.707830 0.220229 0.811007
-0.642060 0.185028 0.844632
-0.578521 0.232435 0.853497
-0.555939 0.162563 0.917578
-0.546165 0.076488 0.853552
-0.486743 0.116571 0.807867
-0.415201 0.066334 0.820511
-0.396206 0.071782 0.721499
-0.346257 0.065803 0.645913
-0.331287 0.037395 0.561851
-0.275773 0.022182 0.492629
-0.277682 -0.005625 0.392672
-0.229688 -0.011003 0.316641
-0.183810 0.060886 0.270595
-0.127446 0.091736 0.340373
-0.092262 0.163129 0.401731
-0.084765 0.201408 0.487877
-0.072094 0.287129 0.547068
-0.148718 0.301351 0.591252
-0.197332 0.303050 0.672424
-0.248522 0.386754 0.719776
-0.276923 0.467098 0.790193
-0.328688 0.558374 0.823873
-0.355801 0.660652 0.842437
-0.404806 0.760773 0.830098
