-0.233265 0.354781 -0.338259
-0.240542 0.311559 -0.379906
-0.221638 0.267631 -0.328811
-0.321050 0.227899 -0.373012
-0.244607 0.195283 -0.281483
-0.282466 0.186160 -0.231511
-0.277106 0.233738 -0.176276
-0.269519 0.240375 -0.157424
-0.137582 0.282159 -0.149826
-0.374705 0.361555 -0.224530
-0.474713 0.383633 -0.254988
-0.555843 0.376859 -0.232789
-0.582852 0.349421 -0.180307
-0.714556 0.405369 -0.201141
-0.796489 0.362079 -0.204929
-0.828443 0.297578 -0.218341
-0.811456 0.222379 -0.224882
-0.770593 0.157171 -0.215676
-0.710905 0.100766 -0.206977
-0.644768 0.051045 -0.207836
-0.595593 -0.001437 -0.231247
-0.506875 -0.032775 -0.215236
-0.413859 -0.037428 -0.188411
-0.322112 -0.013639 -0.152623
-0.205350 0.059415 -0.079153
-0.331667 -0.066645 -0.063230
-0.419867 -0.079464 0.019182
-0.497475 -0.082862 0.047483
-0.542999 -0.119036 0.113047
-0.561722 -0.108863 0.194424
-0.619468 -0.070911 0.247941
-0.675091 -0.021554 0.287517
-0.708885 0.040279 0.316941
-0.762514 0.095429 0.342400
-0.860010 0.090822 0.348941
-0.928788 0.035284 0.367507
-0.976150 -0.005793 0.431859
-0.967242 -0.036356 0.507928
-0.992309 -0.075198 0.566071
-0.993138 -0.144877 0.603929
-0.957920 -0.208831 0.650377
-0.882254 -0.253376 0.653130
-0.798923 -0.264780 0.631106
-0.704845 -0.258371 0.642801
-0.627962 -0.244823 0.666212
-0.538234 -0.215605 0.661388
-0.469974 -0.164834 0.663459
-0.415387 -0.106560 0.670330
-0.359479 -0.052755 0.679976
-0.290105 -0.006592 0.673788
-0.229433 0.052025 0.639365
-0.184919 0.111988 0.620447
-0.119559 0.158152 0.571224
-0.074656 0.199092 0.516870
-0.029132 0.233601 0.456988
-0.002020 0.238231 0.370964
0.003625 0.254197 0.290777
0.010928 0.279126 0.145730
0.074242 0.343559 0.256200
0.113888 0.399142 0.203035
0.168915 0.436913 0.185658
0.215863 0.370267 0.152953
0.215863 0.296688 0.153130
0.189968 0.227237 0.149518
0.150297 0.160296 0.132824
0.065334 0.126882 0.100824
0.000596 0.095064 0.069000
-0.088821 0.080946 0.055059
-0.165497 0.078528 0.023015
-0.206049 0.116093 -0.028542
-0.136753 0.175509 -0.081619
-0.322759 0.150762 -0.095824
-0.378020 0.158152 -0.118641
-0.504855 0.191885 -0.150553
-0.566072 0.241310 -0.182641
-0.612580 0.314228 -0.192706
-0.628376 0.388810 -0.200106
-0.633037 0.469893 -0.204841
-0.625735 0.550953 -0.191759
-0.594790 0.622594 -0.168436
-0.533392 0.678177 -0.143880
-0.475128 0.724865 -0.120997
-0.423389 0.744115 -0.054508
-0.356216 0.772991 -0.004867
-0.288086 0.784030 0.046976
-0.219100 0.780472 0.099789
-0.153559 0.755884 0.150046
-0.079499 0.735197 0.192882
-0.031359 0.685681 0.242765
0.031152 0.638628 0.279258
0.087604 0.571275 0.287517
0.132092 0.508371 0.281306
0.157185 0.456345 0.297318
0.124013 0.380075 0.315553
0.071808 0.315049 0.289741
0.026491 0.263274 0.232789
0.032758 0.228036 0.164670
-0.012352 0.205638 0.352376
-0.067173 0.204703 0.419834
-0.149701 0.180481 0.451130
-0.213636 0.139358 0.481412
-0.292799 0.128501 0.506541
-0.376156 0.128866 0.504823
-0.459202 0.137601 0.496212
-0.523785 0.183788 0.501035
-0.581635 0.235517 0.481082
-0.617241 0.287588 0.472118
-0.594376 0.345680 0.484517
-0.506694 0.356560 0.491741
-0.428438 0.341050 0.465247
-0.365409 0.317626 0.409836
-0.345884 0.297395 0.334824
-0.330580 0.302915 0.262741
-0.332962 0.310943 0.187883
-0.326488 0.305333 0.115271
-0.231245 0.295525 0.058671
-0.471036 0.334641 0.076488
-0.528524 0.409110 0.067458
-0.550069 0.481457 0.050852
-0.560090 0.562357 0.056865
-0.533288 0.644330 0.082500
-0.452158 0.696720 0.094811
-0.364373 0.681758 0.050412
-0.327369 0.617257 0.025217
-0.319574 0.538135 0.019535
-0.328223 0.468639 0.030282
-0.327757 0.384180 0.026935
-0.409923 0.344791 0.008809
-0.461118 0.335166 0.001938
-0.553124 0.388103 0.019997
-0.638890 0.447975 0.010109
-0.686433 0.499453 0.063053
-0.687651 0.555948 0.113553
-0.629179 0.590161 0.166894
-0.541290 0.616185 0.206471
-0.521454 0.666066 0.256023
-0.460652 0.670696 0.315905
-0.410726 0.656441 0.365789
-0.413419 0.592305 0.409505
-0.448015 0.530289 0.428424
-0.508921 0.474158 0.418447
-0.571614 0.479678 0.420517
-0.611570 0.460610 0.492776
-0.686226 0.414287 0.493129
-0.764119 0.380599 0.466282
-0.802160 0.423912 0.462846
-0.783955 0.489485 0.483130
-0.726286 0.556655 0.477976
-0.707875 0.631147 0.464212
-0.647590 0.669282 0.427058
-0.598441 0.674277 0.360635
-0.567574 0.619743 0.303506
-0.568998 0.540621 0.269788
-0.619675 0.467932 0.258776
-0.706865 0.445283 0.237612
-0.723671 0.385252 0.236070
-0.811042 0.385777 0.209576
-0.843411 0.378661 0.132317
-0.867701 0.317535 0.125248
-0.885517 0.239485 0.120953
-0.875392 0.166773 0.135929
-0.856773 0.104416 0.143153
-0.817930 0.045160 0.124741
-0.768781 0.006318 0.082764
-0.711319 -0.015053 0.034577
-0.631820 -0.025568 0.001542
-0.532978 -0.015510 -0.001299
-0.427273 0.013981 -0.003832
0.004842 0.120176 -0.051359
-0.051584 0.161436 0.039995
-0.093275 0.109228 0.073382
0.021856 0.149074 0.071070
-0.029935 0.171745 0.142646
0.010721 0.260150 0.116835
-0.065955 0.320568 0.185482
-0.106818 0.365295 0.225389
-0.188647 0.402883 0.236246
-0.223451 0.415177 0.290424
-0.300722 0.408950 0.309717
-0.327757 0.361714 0.366493
-0.344537 0.313703 0.418799
-0.373281 0.248654 0.452870
-0.400445 0.184199 0.481082
-0.463734 0.130622 0.502753
-0.525805 0.072165 0.512730
-0.583059 0.020664 0.516165
-0.661962 -0.022192 0.501035
-0.723464 -0.069679 0.481765
-0.787581 -0.113516 0.434282
-0.821167 -0.168575 0.399176
-0.846674 -0.223086 0.342752
-0.827252 -0.295434 0.303176
-0.772820 -0.359593 0.310047
-0.701401 -0.411983 0.326565
-0.609550 -0.428018 0.336211
-0.533288 -0.436571 0.373012
-0.448274 -0.423730 0.404682
-0.368128 -0.404844 0.434282
-0.284900 -0.374897 0.437035
-0.210710 -0.347117 0.419482
-0.171246 -0.308275 0.360988
-0.136365 -0.245187 0.311765
-0.140819 -0.203129 0.255165
-0.187638 -0.149325 0.195106
-0.189165 -0.060396 0.140048
-0.125023 0.000182 0.119588
-0.244504 -0.119560 0.126635
-0.290882 -0.163397 0.088270
-0.256234 -0.169282 0.052130
-0.231452 -0.106195 0.104347
-0.260274 -0.048832 0.144012
-0.345159 0.004995 0.146765
-0.295776 0.094038 0.102365
-0.515990 -0.008644 0.157270
-0.600849 -0.016125 0.210259
-0.682601 -0.038135 0.232282
-0.748945 -0.035809 0.287517
-0.786778 -0.012385 0.355812
-0.832509 0.037063 0.404682
-0.905741 0.092305 0.420165
-0.958334 0.144079 0.436352
-0.987467 0.199343 0.480047
-1.000000 0.200689 0.539576
-0.987052 0.246533 0.587411
-0.976539 0.279400 0.625953
-0.975736 0.324833 0.708871
-0.943367 0.383108 0.755693
-0.898050 0.446538 0.783223
-0.847062 0.511929 0.796965
-0.781107 0.569838 0.800423
-0.711319 0.619036 0.772894
-0.639692 0.650397 0.739175
-0.556439 0.646816 0.704070
-0.491701 0.589089 0.662776
-0.468809 0.525294 0.602211
-0.467644 0.422133 0.527882
-0.191884 0.182876 0.228142
-0.597224 0.403590 0.598753
-0.657301 0.386142 0.646941
-0.706658 0.398960 0.704753
-0.720408 0.359411 0.786658
-0.673693 0.322781 0.849293
-0.602274 0.305857 0.895388
-0.564233 0.299266 0.953905
-0.487272 0.262294 0.985553
-0.408784 0.237113 1.000000
-0.325427 0.211112 1.000000
-0.239143 0.197518 0.976611
-0.158816 0.199571 0.938070
-0.079913 0.206117 0.891953
-0.030764 0.179226 0.839647
-0.024678 0.128433 0.777012
-0.057047 0.085394 0.726776
-0.110677 0.061171 0.690305
-0.132506 0.005976 0.642801
-0.173188 0.032433 0.645575
-0.172877 0.063384 0.593952
-0.269570 0.060943 0.620777
-0.341016 0.080307 0.625270
-0.385970 0.052390 0.588446
-0.459953 0.104781 0.734352
-0.468343 0.170217 0.802471
-0.466789 0.245552 0.854094
-0.451097 0.325814 0.865106
-0.423389 0.404662 0.882328
-0.361499 0.451533 0.900894
-0.277572 0.429089 0.920165
-0.190978 0.389517 0.898141
-0.134138 0.342487 0.889882
-0.127664 0.268611 0.873365
-0.190667 0.218684 0.842400
-0.246213 0.178656 0.807977
-0.250978 0.190106 0.689623
-0.354248 0.210930 0.727459
-0.401870 0.292948 0.738471
-0.385944 0.351200 0.682046
-0.335681 0.357632 0.625600
-0.284745 0.291169 0.624565
-0.307300 0.204794 0.644188
-0.334516 0.133519 0.627670
-0.332755 0.068835 0.599106
-0.342207 0.005246 0.557129
-0.334024 -0.041876 0.489341
-0.286376 -0.049722 0.406048
-0.231944 -0.042765 0.339977
-0.108838 0.028966 0.218517
-0.228319 -0.142186 0.380258
-0.182588 -0.196013 0.425671
-0.112489 -0.207759 0.464212
-0.035010 -0.175691 0.486235
0.034389 -0.135252 0.513434
0.083953 -0.075563 0.503105
0.124013 -0.024952 0.460093
0.131289 0.002577 0.389200
0.085972 -0.002577 0.311765
0.023461 0.001254 0.249482
-0.028925 0.017722 0.177223
-0.064946 0.050702 0.075188
-0.191185 -0.026024 0.096353
-0.271046 -0.017722 0.062547
-0.317839 -0.000707 0.020218
-0.381904 -0.058457 -0.038123
-0.369060 -0.126517 -0.075298
-0.373437 -0.171768 -0.065168
-0.508714 -0.244480 -0.065586
-0.565036 -0.308275 -0.041096
-0.607323 -0.370267 -0.014227
-0.647176 -0.432283 0.036647
-0.660331 -0.472197 0.095846
-0.678950 -0.504630 0.154517
-0.677940 -0.543837 0.215764
-0.658518 -0.576977 0.288706
-0.644354 -0.605123 0.353764
-0.622109 -0.617964 0.418095
-0.585493 -0.602979 0.486588
-0.571018 -0.608681 0.550940
-0.494031 -0.570203 0.591199
-0.459953 -0.508918 0.627318
-0.465805 -0.434427 0.660023
-0.513453 -0.421243 0.710941
-0.574954 -0.421586 0.711646
-0.656498 -0.412325 0.681342
-0.691302 -0.396291 0.608400
-0.709092 -0.399849 0.542682
-0.738820 -0.371704 0.483130
-0.771810 -0.331083 0.434282
-0.793666 -0.277256 0.384377
-0.812673 -0.201898 0.371647
-0.789600 -0.125810 0.369246
-0.717793 -0.053462 0.394353
-0.761892 -0.001072 0.436352
-0.730533 0.075997 0.464895
-0.725872 0.143874 0.492094
-0.692907 0.214237 0.513765
-0.644354 0.281886 0.519953
-0.580211 0.340525 0.523741
-0.510423 0.394330 0.528212
-0.429759 0.424984 0.532353
-0.330606 0.431028 0.516870
-0.243287 0.451533 0.514447
-0.157806 0.429797 0.520658
-0.091048 0.376334 0.520988
-0.047751 0.311126 0.490706
-0.016185 0.253033 0.461811
-0.030556 0.185111 0.412258
-0.044721 0.135936 0.361670
-0.075252 0.088746 0.305224
-0.123003 0.046597 0.264282
-0.155165 0.049539 0.183940
-0.095709 0.080057 0.140752
-0.214543 -0.022101 0.176364
-0.189062 -0.056313 0.119235
-0.301292 -0.152176 0.166894
-0.297201 -0.246966 0.174470
-0.273636 -0.311126 0.229353
-0.236606 -0.331790 0.295930
-0.199782 -0.316828 0.366493
-0.162959 -0.285809 0.422235
-0.124634 -0.243751 0.484870
-0.056452 -0.198682 0.520306
-0.009115 -0.137214 0.550940
0.035192 -0.062905 0.564000
0.058472 0.022808 0.568493
0.091644 0.098326 0.561952
0.106611 0.177060 0.532353
0.083150 0.256318 0.504140
0.058057 0.314866 0.468683
0.092032 0.397705 0.477624
0.110262 0.473451 0.447694
0.113085 0.538135 0.400894
0.105394 0.589089 0.345835
0.087190 0.622594 0.280976
0.068182 0.629710 0.199753
0.051169 0.600151 0.123706
0.039439 0.481115 0.059794
0.005464 0.310145 -0.019094
-0.010514 0.525294 0.173611
0.075873 0.524587 0.193741
0.104980 0.454201 0.156741
0.081518 0.413922 0.111153
-0.057255 0.132721 0.069418
-0.060077 0.078665 -0.062172
-0.122614 0.198020 -0.080760
-0.371028 0.226485 -0.155024
-0.484424 0.209721 -0.150597
-0.556439 0.179477 -0.108180
-0.558977 0.123666 -0.059287
-0.516301 0.130964 0.000595
-0.625735 0.205752 0.008303
-0.644561 0.279217 0.024182
-0.574850 0.342647 0.027882
-0.489396 0.313338 -0.006959
-0.193619 0.174323 -0.043849
-0.399306 0.268361 -0.072523
-0.407877 0.229336 -0.044708
-0.400368 0.166363 -0.082852
-0.414947 0.139768 -0.163547
-0.321853 0.089043 -0.166894
-0.215061 0.052755 -0.147712
-0.381153 0.042058 -0.231930
-0.342854 -0.016217 -0.280976
-0.312220 -0.074309 -0.310730
-0.215268 -0.043130 -0.279589
-0.139395 -0.038135 -0.207329
-0.256441 -0.131329 -0.251200
-0.175596 -0.147181 -0.223341
-0.061294 -0.096752 -0.188323
-0.046948 -0.098714 -0.143373
0.017194 -0.023424 -0.094811
-0.056659 -0.046506 -0.059948
-0.110055 -0.052915 -0.012091
-0.191392 -0.143805 0.014117
-0.159230 -0.137031 0.092565
-0.136572 -0.081608 0.147800
-0.099749 -0.066988 0.184623
-0.120569 -0.015418 0.200612
-0.115933 -0.034395 0.241576
-0.083357 0.046232 0.247941
-0.114923 0.108840 0.210941
-0.190382 0.118101 0.238140
-0.257037 0.153772 0.235718
-0.259471 0.184655 0.159494
-0.289354 0.213781 0.169141
-0.262087 0.185088 0.193389
-0.333610 0.271120 0.194093
-0.273817 0.240147 0.197000
-0.211720 0.191360 0.186165
-0.152938 0.159018 0.151588
-0.106016 0.118192 0.097036
-0.099127 0.087127 0.005902
0.001813 0.087401 -0.027177
0.014346 0.081562 -0.013677
0.076676 0.136461 -0.008523
0.096486 0.174779 0.015967
0.119559 0.165359 0.020218
0.143434 0.098577 0.034841
0.235673 0.119378 0.004911
0.302846 0.174163 -0.024380
0.237719 0.223725 -0.002709
0.208561 0.237615 -0.096463
0.180257 0.258553 -0.151147
0.131704 0.271120 -0.227899
0.066551 0.252326 -0.283905
-0.006681 0.311924 -0.287693
0.005464 0.333478 -0.271330
-0.092446 0.385777 -0.373893
-0.114716 0.456870 -0.394353
-0.065153 0.537063 -0.357530
0.013958 0.565938 -0.338964
-0.033793 0.681758 -0.371471
-0.032162 0.763366 -0.342223
-0.025093 0.834983 -0.321235
-0.029132 0.903772 -0.274083
-0.032784 0.958649 -0.257565
-0.090427 1.000000 -0.262388
-0.153974 1.000000 -0.306611
-0.205946 0.975755 -0.351165
-0.254007 0.938692 -0.398317
-0.287335 0.904479 -0.446329
-0.296191 0.837127 -0.484517
-0.297848 0.779742 -0.516870
-0.258643 0.719163 -0.542682
-0.179455 0.687460 -0.544047
-0.096512 0.653248 -0.508259
-0.035218 0.663580 -0.506541
-0.006888 0.650397 -0.422235
0.030142 0.602637 -0.367352
0.060491 0.572689 -0.328106
0.150297 0.596935 -0.320552
0.128855 0.697085 -0.295930
0.108242 0.717749 -0.209312
0.160836 0.683879 -0.202264
0.204936 0.725230 -0.201229
0.146257 0.784395 -0.177730
0.076676 0.805766 -0.120006
0.020431 0.767996 -0.056160
-0.018412 0.682100 -0.067943
0.071419 0.641479 -0.062128
0.079913 0.671768 0.016430
0.069788 0.621887 0.079747
0.090841 0.662508 0.121988
0.099334 0.723793 0.121482
0.101769 0.755520 0.163282
0.082347 0.773698 0.182729
0.000207 0.764780 0.156235
-0.065955 0.698499 0.124235
-0.073646 0.632926 0.165176
-0.094492 0.568767 0.177906
-0.073439 0.476827 0.122671
-0.055235 0.452422 0.072347
-0.074242 0.416249 0.014117
-0.139602 0.391844 -0.027573
-0.193619 0.388103 -0.079351
-0.278996 0.412873 -0.095472
-0.312971 0.415359 -0.156477
-0.243571 0.385594 -0.203718
-0.181474 0.282958 -0.200018
-0.300230 0.423023 -0.314694
-0.328948 0.486999 -0.368035
-0.331952 0.572689 -0.392459
-0.308880 0.641479 -0.417764
-0.257451 0.703836 -0.400388
-0.201492 0.755884 -0.377153
-0.122407 0.785809 -0.347223
-0.040656 0.801501 -0.321235
0.042468 0.799722 -0.291459
0.121579 0.800064 -0.265141
0.185100 0.758006 -0.211206
0.240542 0.707759 -0.167841
0.262397 0.634705 -0.126327
0.248621 0.544909 -0.102343
0.211409 0.461340 -0.086619
0.136158 0.336055 -0.041250
0.162441 0.463119 0.024865
0.071005 0.541693 0.046712
-0.007898 0.500890 0.077765
-0.023461 0.417845 0.115117
-0.075666 0.336238 0.092653
-0.134345 0.318151 0.038035
-0.139395 0.295251 -0.029908
-0.176917 0.282867 -0.075387
-0.203330 0.215377 -0.085275
-0.185618 0.139130 -0.076642
-0.104591 0.094494 -0.064000
-0.002641 0.076088 -0.047571
-0.067768 -0.044362 -0.027750
0.001398 -0.112604 -0.034577
0.089209 -0.151628 -0.038827
0.181060 -0.174802 -0.042660
0.279385 -0.166431 -0.068449
0.345340 -0.142916 -0.104546
0.378098 -0.100493 -0.171541
0.375689 -0.049722 -0.228406
0.337235 0.012385 -0.271176
0.313359 0.061696 -0.305576
0.212212 0.064821 -0.315377
0.155165 0.043746 -0.244835
0.148277 0.024063 -0.163282
0.138566 -0.068607 -0.157600
0.094078 -0.123666 -0.100625
0.093663 -0.186023 -0.095428
0.144237 -0.140065 -0.027177
0.159619 -0.086420 0.031736
0.116322 -0.089271 0.071665
0.134138 -0.125969 0.081465
0.078696 -0.098714 0.131106
0.110651 -0.129003 0.094107
0.088821 -0.139700 0.121482
0.110262 -0.056655 0.110888
0.104980 -0.003033 0.070035
0.189968 -0.094084 0.113729
0.238108 -0.026024 0.079241
0.194811 0.050611 0.036141
0.169330 0.096524 0.009382
0.304477 0.080239 0.050324
0.341689 0.137647 0.015218
0.345729 0.191953 -0.041669
0.381335 0.266832 -0.024072
0.389828 0.337310 -0.016782
0.418158 0.344608 0.035194
0.380946 0.341597 0.076488
0.289095 0.290895 0.110030
0.265220 0.233076 0.043012
0.394697 0.299539 0.165683
0.432323 0.364565 0.200612
0.391460 0.354233 0.281659
0.390243 0.294020 0.333789
0.368801 0.210702 0.332071
0.357459 0.149416 0.274259
0.316596 0.102363 0.170682
0.453375 0.158836 0.279258
0.522568 0.175258 0.247941
0.537121 0.127634 0.188059
0.503949 0.079167 0.136105
0.439599 0.057636 0.077941
0.361110 0.110711 -0.006189
0.502318 0.009967 -0.004339
0.472383 -0.029126 -0.065168
0.416138 0.012841 -0.105361
0.343320 0.047943 -0.121900
0.537924 0.034577 -0.150112
0.588109 0.107016 -0.188411
0.616412 0.178040 -0.203211
0.587306 0.252395 -0.207924
0.526607 0.302915 -0.191759
0.452961 0.330193 -0.158724
0.592951 0.391296 -0.211536
0.614004 0.475595 -0.232018
0.651216 0.540621 -0.182201
0.698967 0.552390 -0.107805
0.745889 0.504630 -0.048584
0.815496 0.485745 -0.029798
0.866484 0.466860 -0.003964
0.906129 0.390589 -0.004823
0.939301 0.331174 -0.036735
0.960354 0.262909 -0.040942
0.974105 0.188418 -0.032353
0.963591 0.105077 -0.023345
0.944170 0.046597 0.002401
0.929591 -0.016308 0.026935
0.928788 -0.022626 0.087918
0.884274 -0.012385 0.157777
0.863247 -0.005337 0.217835
0.836523 0.043746 0.275801
0.796877 0.102865 0.312448
0.748323 0.169031 0.318306
0.706243 0.230932 0.314188
0.703006 0.298102 0.279765
0.698164 0.335895 0.213012
0.681979 0.350151 0.143505
0.661729 0.349603 0.072171
0.632623 0.332953 0.004735
0.597820 0.290005 -0.052196
0.566253 0.242861 -0.100427
0.493410 0.203973 -0.142250
0.476422 0.172658 -0.179712
0.571096 0.102112 -0.218936
0.596188 0.024861 -0.237436
0.623715 -0.035284 -0.251024
0.592149 -0.108704 -0.201229
0.512028 -0.146109 -0.226248
0.455784 -0.158950 -0.242259
0.349794 -0.127406 -0.243977
0.446073 -0.240192 -0.323305
0.537121 -0.288318 -0.325530
0.601057 -0.334641 -0.275294
0.599425 -0.400214 -0.212659
0.529844 -0.441201 -0.172224
0.481291 -0.500707 -0.168194
0.431520 -0.550246 -0.165529
0.361110 -0.588017 -0.129851
0.282622 -0.620815 -0.152006
0.268457 -0.663580 -0.180835
0.253489 -0.722721 -0.199930
0.294352 -0.783323 -0.257917
0.365564 -0.836762 -0.256023
0.429888 -0.863858 -0.232634
0.516897 -0.870974 -0.202947
0.590517 -0.853161 -0.181518
0.660124 -0.818242 -0.147844
0.722428 -0.801136 -0.116262
0.785561 -0.759078 -0.075695
0.828443 -0.720600 -0.023059
0.872155 -0.684244 0.034335
0.888313 -0.617964 0.081553
0.917472 -0.579463 0.134718
0.931222 -0.505702 0.170682
0.944972 -0.430869 0.179117
0.967631 -0.368146 0.185306
0.987855 -0.305766 0.147271
1.000000 -0.261222 0.091111
0.977342 -0.227374 0.025635
0.953880 -0.187460 -0.031273
0.905327 -0.147363 -0.082148
0.834917 -0.099786 -0.110250
0.761271 -0.054876 -0.096661
0.691690 -0.012020 -0.093666
0.586477 -0.007937 -0.078668
0.508791 0.017289 -0.044355
0.408059 0.066235 -0.024314
0.578398 -0.003832 0.051799
0.622886 0.034030 0.090847
0.660926 -0.002144 0.169471
0.630189 -0.042400 0.244835
0.595385 -0.094266 0.296965
0.527410 -0.158767 0.304211
0.474817 -0.218114 0.289741
0.410881 -0.248746 0.235894
0.372453 -0.266559 0.170506
0.353834 -0.270847 0.098930
0.325919 -0.284030 0.040942
0.247404 -0.253033 -0.007995
0.200067 -0.189604 -0.054618
0.171349 -0.063087 -0.105911
0.204936 -0.282251 -0.088138
0.157185 -0.336420 -0.029512
0.066551 -0.341757 -0.003876
0.002227 -0.275477 -0.020988
0.044100 -0.170172 -0.081950
-0.021234 -0.392733 -0.053099
-0.070824 -0.454384 -0.007906
-0.095890 -0.515327 -0.001630
-0.061501 -0.565573 0.054618
-0.054432 -0.610118 0.122671
-0.029339 -0.626517 0.188587
0.012740 -0.640065 0.250165
0.076676 -0.642186 0.299718
0.151514 -0.624373 0.338259
0.215035 -0.606560 0.379553
0.282622 -0.558799 0.402964
0.337649 -0.527073 0.442541
0.407230 -0.486817 0.460093
0.474817 -0.434792 0.467647
0.523371 -0.372069 0.455953
0.557345 -0.301843 0.436682
0.589714 -0.229518 0.411554
0.600254 -0.162508 0.361670
0.580832 -0.108704 0.304541
0.546832 -0.083569 0.236929
0.476422 -0.098007 0.176695
0.412901 -0.040097 0.198388
0.375689 -0.085166 0.220742
0.444882 -0.083751 0.259811
0.389440 -0.016832 0.294212
0.346946 0.041260 0.321742
0.355051 0.072667 0.246553
0.333195 0.059780 0.162776
0.291918 0.030380 0.087323
0.242562 -0.006865 0.015835
0.165290 -0.063247 0.007092
0.073828 -0.071640 -0.020504
0.002823 -0.028419 -0.055720
0.003625 0.023173 -0.092124
-0.135355 -0.099786 -0.131635
-0.215863 -0.113334 -0.159230
-0.275500 -0.187278 -0.221006
-0.328223 -0.237341 -0.261706
-0.340109 -0.307910 -0.308506
-0.346816 -0.393805 -0.319693
-0.318797 -0.467202 -0.311941
-0.269415 -0.526731 -0.295424
-0.192092 -0.558434 -0.267542
-0.109667 -0.553462 -0.267542
-0.031774 -0.488938 -0.282518
0.028718 -0.395926 -0.278906
0.094466 -0.263001 -0.203982
0.115105 -0.492519 -0.296282
0.197659 -0.542058 -0.293530
0.247404 -0.612262 -0.278047
0.329958 -0.647181 -0.291635
0.401973 -0.653590 -0.325353
0.464303 -0.646474 -0.367352
0.539555 -0.625080 -0.412589
0.557345 -0.575541 -0.473858
0.609136 -0.528145 -0.511012
0.644742 -0.473976 -0.541977
0.630189 -0.419100 -0.595670
0.612373 -0.338906 -0.613553
0.590517 -0.258371 -0.608752
0.554108 -0.172498 -0.581553
0.566253 -0.165884 -0.581906
0.599425 -0.189764 -0.645906
0.657690 -0.157695 -0.640400
0.600254 -0.120632 -0.675153
0.613201 -0.190653 -0.635577
0.582438 -0.234855 -0.583976
0.492607 -0.258736 -0.567106
0.547634 -0.298650 -0.625953
0.502318 -0.364223 -0.567106
0.492607 -0.350675 -0.517905
0.478856 -0.284737 -0.532000
0.429500 -0.236999 -0.575012
0.427066 -0.248038 -0.687200
0.472383 -0.277256 -0.748117
0.531450 -0.279765 -0.799035
0.586477 -0.245552 -0.838964
0.626149 -0.326088 -0.883694
0.599425 -0.389517 -0.924988
0.589714 -0.445124 -0.958706
0.526607 -0.509625 -0.965599
0.482896 -0.562357 -0.966282
0.433540 -0.614383 -0.927058
0.365979 -0.671403 -0.902964
0.308931 -0.634363 -0.877505
0.312557 -0.697085 -0.838964
0.359893 -0.664994 -0.788024
0.338038 -0.602272 -0.807294
0.294352 -0.654297 -0.787341
0.347774 -0.679249 -0.756023
0.341300 -0.593012 -0.716447
0.258746 -0.547395 -0.710611
0.168527 -0.525294 -0.724376
0.092446 -0.580900 -0.753623
0.036823 -0.640065 -0.731247
-0.033793 -0.634363 -0.681342
-0.074449 -0.677835 -0.709223
-0.106223 -0.751962 -0.694424
-0.102571 -0.820386 -0.653130
-0.075071 -0.865272 -0.601859
-0.055235 -0.931576 -0.572964
0.020820 -0.966495 -0.550940
0.090012 -1.000000 -0.540611
0.180646 -0.996419 -0.540964
0.271279 -0.982894 -0.536823
0.363933 -0.955798 -0.530965
0.446902 -0.918028 -0.540611
0.524976 -0.860300 -0.551976
0.580004 -0.804694 -0.575717
0.620478 -0.728423 -0.608047
0.642308 -0.657171 -0.636964
0.632623 -0.588746 -0.689270
0.607530 -0.524587 -0.736401
0.570293 -0.471125 -0.792164
0.506357 -0.425509 -0.841717
0.441619 -0.370267 -0.876822
0.382552 -0.320386 -0.903647
0.306083 -0.275842 -0.933929
0.242147 -0.207600 -0.950447
0.189968 -0.149142 -0.966965
0.135743 -0.080718 -0.979364
0.096486 -0.014073 -1.000000
0.029935 0.023082 -0.951835
0.006267 0.050702 -0.877505
0.039853 0.067261 -0.793529
0.096486 0.062586 -0.722305
0.160033 0.071458 -0.609083
0.155165 0.168210 -0.732634
0.173784 0.252053 -0.693389
0.227180 0.251597 -0.625953
0.287076 0.225892 -0.553693
0.307300 0.296415 -0.551271
0.336018 0.314866 -0.481082
0.297175 0.231115 -0.445624
0.326721 0.229473 -0.338435
0.416138 0.303189 -0.431529
0.467514 0.312996 -0.397106
0.524173 0.353161 -0.428776
0.565450 0.342487 -0.429106
0.584872 0.306473 -0.516165
0.508791 0.291693 -0.571576
0.429888 0.313794 -0.583976
0.387420 0.341233 -0.626283
0.318228 0.315665 -0.656235
0.239325 0.273173 -0.657600
0.183883 0.221262 -0.613223
0.166507 0.184906 -0.538189
0.146257 0.176193 -0.446659
0.041873 0.174802 -0.536823
-0.017402 0.145197 -0.432564
0.030945 0.220007 -0.508942
0.100137 0.172749 -0.476259
0.128467 0.135093 -0.403647
0.098920 0.141046 -0.581906
0.171764 0.192478 -0.618729
0.229200 0.177789 -0.647976
0.283424 0.250000 -0.692023
0.331978 0.320751 -0.685835
0.387006 0.373666 -0.656235
0.456198 0.420696 -0.645906
0.486133 0.468456 -0.585341
0.554937 0.503558 -0.550940
0.538726 0.543472 -0.491741
0.467514 0.527438 -0.428071
0.435559 0.454566 -0.367683
0.423829 0.392186 -0.316764
0.443665 0.345498 -0.345483
0.539555 0.410911 -0.368718
0.484528 0.430869 -0.362705
0.524976 0.403955 -0.381447
0.631794 0.385959 -0.393670
0.727296 0.388810 -0.347553
0.798508 0.343559 -0.313659
0.835720 0.269250 -0.305753
0.868089 0.207372 -0.300577
0.842194 0.143189 -0.258600
0.786364 0.081927 -0.231335
0.712717 0.043746 -0.215412
0.677940 0.115843 -0.175417
0.618847 0.176079 -0.183588
0.529844 0.199092 -0.188587
0.430717 0.221444 -0.193058
0.486133 0.284303 -0.224288
0.436362 0.360300 -0.251376
0.336846 0.331425 -0.216976
0.304866 0.239212 -0.225477
0.332781 0.194827 -0.217989
0.303260 0.285626 -0.214377
0.273299 0.275659 -0.243800
0.270088 0.330992 -0.297318
0.238910 0.362262 -0.253271
0.222726 0.294453 -0.227195
0.227180 0.339089 -0.294212
0.225160 0.450985 -0.387306
0.211824 0.542400 -0.419482
0.250252 0.621887 -0.427741
0.327524 0.661801 -0.467317
0.397934 0.665701 -0.513082
0.457415 0.605123 -0.543012
0.412098 0.456528 -0.532000
0.452961 0.597277 -0.655552
0.461040 0.605123 -0.730212
0.471580 0.607632 -0.791459
0.536318 0.570568 -0.832071
0.581635 0.548102 -0.881624
0.645571 0.495187 -0.901577
0.658518 0.419464 -0.919482
0.626149 0.352454 -0.946329
0.571924 0.293746 -0.966282
0.512831 0.245803 -0.969035
0.458218 0.182625 -0.938070
0.449310 0.129254 -0.870612
0.464303 0.075814 -0.787341
0.564622 0.076453 -0.852024
0.643939 0.049631 -0.810047
0.719191 0.029491 -0.803176
0.787995 0.055241 -0.789411
0.823575 0.127110 -0.759129
0.868089 0.175189 -0.734683
0.881840 0.242063 -0.682046
0.918274 0.260515 -0.609765
0.923117 0.226348 -0.530635
0.898050 0.145972 -0.490706
0.893984 0.068744 -0.507928
0.931222 0.010423 -0.437365
0.918274 -0.068424 -0.401577
0.895616 -0.052573 -0.355305
0.828443 -0.004904 -0.374048
0.723257 0.020140 -0.405365
0.758034 0.084185 -0.430846
0.724862 0.133587 -0.487953
0.626149 0.123301 -0.471105
0.572727 0.076316 -0.505858
0.660124 0.065756 -0.572964
0.683585 -0.004105 -0.515152
0.604293 -0.038477 -0.496212
0.496672 -0.053462 -0.503788
0.529844 -0.088382 -0.543364
0.442836 -0.126334 -0.557129
0.364347 -0.102272 -0.576400
0.293938 -0.085348 -0.551271
0.287076 -0.062357 -0.634564
0.302846 -0.078049 -0.743977
0.355439 -0.073237 -0.814188
0.421395 -0.089454 -0.868542
0.507186 -0.099261 -0.900211
0.601859 -0.116709 -0.905717
0.685216 -0.128478 -0.904352
0.765311 -0.112262 -0.904352
0.819535 -0.040097 -0.867859
0.893984 0.004265 -0.843082
0.940933 0.054261 -0.831388
0.939301 0.138742 -0.813483
0.950644 0.117188 -0.734000
0.951446 0.040895 -0.715764
0.888313 -0.024496 -0.722988
0.821970 -0.059871 -0.771506
0.730533 -0.082497 -0.785271
0.660124 -0.075563 -0.816941
0.571096 -0.060396 -0.845153
0.491804 -0.047053 -0.858917
0.430717 -0.005177 -0.885059
0.365150 0.040005 -0.914659
0.271694 0.030563 -0.925671
0.187120 0.051501 -0.909153
0.120776 0.091894 -0.902282
0.036823 0.101747 -0.871317
-0.027112 0.114086 -0.818306
-0.072222 0.115432 -0.744681
-0.082554 0.126038 -0.662423
-0.067975 0.132903 -0.575365
-0.006267 0.187893 -0.413117
-0.156175 0.200917 -0.562987
-0.240749 0.152472 -0.544399
-0.268560 0.136689 -0.463529
-0.202424 0.069816 -0.428071
-0.111868 0.076841 -0.372330
-0.009504 0.076042 -0.296106
-0.025093 0.000981 -0.368718
0.035606 0.031817 -0.303176
0.079499 0.104735 -0.278047
0.081518 0.127338 -0.382659
0.122796 0.130873 -0.314694
0.134941 0.130440 -0.481412
0.212627 0.120655 -0.530635
0.297175 0.061970 -0.532000
0.325919 0.043472 -0.561247
0.373255 0.061263 -0.603577
0.425460 -0.002760 -0.563670
0.378926 -0.076088 -0.553341
0.373670 -0.121704 -0.599789
0.418158 -0.197427 -0.575717
0.409250 -0.239485 -0.510659
0.335629 -0.278328 -0.480729
0.319833 -0.331790 -0.496212
0.265634 -0.370267 -0.438400
0.191185 -0.358156 -0.389376
0.137763 -0.328232 -0.344800
0.100552 -0.235220 -0.288376
0.030349 -0.216677 -0.283377
0.016185 -0.093377 -0.205964
-0.078903 -0.310761 -0.278554
-0.144237 -0.363858 -0.330529
-0.113914 -0.446538 -0.362705
-0.054639 -0.513890 -0.343259
0.019421 -0.539914 -0.292494
0.069788 -0.568767 -0.240365
0.126835 -0.557020 -0.179888
0.175001 -0.570568 -0.114280
0.223140 -0.548467 -0.049002
0.261569 -0.495005 0.007268
0.264417 -0.417685 0.036559
0.251055 -0.334276 0.042748
0.227594 -0.241264 0.032264
0.201284 -0.142551 -0.002533
0.160836 -0.033323 -0.054178
0.255095 -0.169807 -0.032132
0.318228 -0.183355 -0.046998
0.267654 -0.173547 -0.037418
0.330761 -0.207052 -0.020262
0.285859 -0.271919 0.001454
0.207758 -0.308982 -0.008655
0.139783 -0.333204 -0.012641
0.045110 -0.299357 -0.021187
0.056840 -0.202240 -0.026032
0.099334 -0.079304 -0.081905
0.085972 -0.326088 -0.037594
0.077064 -0.404844 -0.074638
0.135329 -0.457235 -0.113223
0.221509 -0.461865 -0.159494
0.283839 -0.449024 -0.202947
0.327938 -0.428360 -0.249659
0.380532 -0.371704 -0.274083
0.399953 -0.314684 -0.304717
0.387808 -0.245895 -0.339647
0.338452 -0.192273 -0.371471
0.272108 -0.142916 -0.385412
0.219489 -0.082862 -0.390918
0.126447 -0.059689 -0.382482
0.104177 0.016490 -0.333965
0.078696 0.081425 -0.230300
0.041666 0.034395 -0.348258
-0.040863 0.051843 -0.387306
-0.033586 0.139791 -0.385588
0.040656 0.180276 -0.333789
