0.0041,0.2220,0.0169,0.0749,0.0687,0.0013,0.5699
0.0004,0.0124,0.0284,0.2857,0.0175,0.0001,0.9713
0.0001,0.0100,0.0000,0.8251,0.0000,0.0000,0.0432
0.0695,0.9326,0.0148,0.2850,0.0004,0.0143,0.0093
0.0049,0.8938,0.0009,0.0498,0.0000,0.0004,0.0008
0.0194,0.2300,0.0093,0.1695,0.0426,0.0228,0.5268
0.0017,0.0387,0.0001,0.9737,0.0000,0.0008,0.0928
0.0003,0.0029,0.0001,0.9959,0.0000,0.0000,0.0337
0.0001,0.0804,0.0025,0.2759,0.0050,0.0000,0.7897
0.0044,0.1590,0.0011,0.8982,0.0003,0.0018,0.4240
0.1289,0.1969,0.0182,0.8233,0.0174,0.0806,0.1526
0.0004,0.0244,0.0005,0.7273,0.0003,0.0001,0.7038
0.0000,0.0627,0.0005,0.0445,0.0001,0.0000,0.6802
0.0028,0.1876,0.0117,0.0379,0.0624,0.0191,0.6536
0.0000,0.0092,0.0001,0.7186,0.0002,0.0000,0.8834
0.0002,0.0082,0.0156,0.7927,0.0001,0.0000,0.4879
0.0004,0.3067,0.0002,0.0390,0.0068,0.0001,0.8875
0.0000,0.0171,0.0068,0.0768,0.0004,0.0000,0.8862
0.0000,0.0182,0.0013,0.0831,0.0004,0.0000,0.8082
0.0008,0.0688,0.0035,0.8614,0.0009,0.0001,0.3407
0.0001,0.1123,0.0000,0.3281,0.0012,0.0001,0.5958
0.0048,0.7995,0.0270,0.0194,0.1067,0.0007,0.4660
0.0001,0.0978,0.0026,0.7595,0.0000,0.0001,0.1486
0.0001,0.2213,0.0003,0.0151,0.0125,0.0001,0.9626
0.0176,0.0454,0.0067,0.3229,0.0660,0.0094,0.7460
0.0002,0.0807,0.0006,0.4949,0.0026,0.0000,0.6464
0.0157,0.0302,0.0155,0.3940,0.1961,0.0107,0.6420
0.0001,0.0055,0.0001,0.9976,0.0003,0.0000,0.0198
0.0438,0.0368,0.0063,0.8423,0.0004,0.0190,0.3290
0.0000,0.5089,0.0001,0.8968,0.0002,0.0000,0.1944
0.0001,0.0971,0.0013,0.3156,0.0000,0.0001,0.1634
0.0000,0.1925,0.0070,0.9350,0.0008,0.0000,0.3684
0.0000,0.0000,0.0006,0.9334,0.0028,0.0000,0.5715
0.0000,0.0006,0.0001,0.9922,0.0003,0.0000,0.3231
0.0000,0.0000,0.0355,0.9999,0.0000,0.0000,0.0004
0.0000,0.0083,0.0000,0.9602,0.0027,0.0000,0.9091
0.0000,0.0047,0.0000,0.9487,0.0007,0.0000,0.9154
0.0008,0.0119,0.0053,0.6669,0.0176,0.0000,0.8229
0.0000,0.0015,0.0002,0.9874,0.0010,0.0000,0.7739
0.0000,0.0037,0.0766,0.7289,0.0453,0.0002,0.7213
0.0000,0.0141,0.0002,0.9958,0.0010,0.0000,0.0035
0.0000,0.0190,0.0000,0.9474,0.0010,0.0000,0.8078
0.0000,0.0125,0.0002,0.8775,0.0257,0.0000,0.5464
0.0000,0.0017,0.0000,0.9869,0.0018,0.0000,0.4339
0.0000,0.0045,0.0001,0.9020,0.0113,0.0000,0.8551
0.0002,0.0199,0.0000,0.5060,0.0001,0.0001,0.9480
0.0025,0.4612,0.0004,0.9533,0.0218,0.0000,0.0523
0.0001,0.0397,0.0006,0.8487,0.0009,0.0000,0.9224
0.0000,0.0106,0.0002,0.6232,0.0016,0.0000,0.7959
0.0000,0.0064,0.3494,0.9874,0.0043,0.0000,0.0118
0.0007,0.0337,0.0004,0.9992,0.0014,0.0000,0.0049
0.0000,0.1384,0.0000,0.9354,0.0003,0.0000,0.2253
0.0000,0.0017,0.0000,0.9963,0.0018,0.0000,0.0922
0.0000,0.0000,0.6254,0.9846,0.0048,0.0000,0.0038
0.0000,0.0001,0.0000,0.9857,0.0047,0.0000,0.9183
0.0001,0.0199,0.0556,0.6059,0.0319,0.0001,0.5253
0.0000,0.0092,0.0002,0.9938,0.0010,0.0000,0.1963
0.0000,0.0740,0.0001,0.7260,0.0003,0.0000,0.9183
0.0000,0.0107,0.0000,0.7739,0.0001,0.0000,0.9831
0.0000,0.0000,0.4966,0.9537,0.0195,0.0000,0.0051
0.0000,0.0000,0.5348,0.9831,0.0054,0.0000,0.0029
0.0000,0.0037,0.0055,0.9760,0.0003,0.0000,0.3728
0.0000,0.0024,0.0014,0.9704,0.0013,0.0000,0.5371
0.0000,0.0036,0.0001,0.9930,0.0005,0.0000,0.4615
0.0070,0.0000,0.0000,0.9567,0.0000,0.0000,0.0017
0.0011,0.0012,0.0007,0.0172,0.0003,0.0012,0.1718
0.0000,0.0401,0.0013,0.0208,0.0003,0.0000,0.0960
0.0000,0.0411,0.0000,0.7488,0.0001,0.0000,0.1000
0.0000,0.0003,0.0000,0.3086,0.0000,0.0000,0.1437
0.0000,0.0005,0.0000,0.9978,0.0000,0.0000,0.0482
0.0000,0.6045,0.0029,0.0000,0.0010,0.0002,0.6599
0.2426,0.9970,0.0004,0.0002,0.0001,0.0239,0.0015
0.4393,0.6814,0.0344,0.0232,0.0961,0.6923,0.0621
0.7627,0.9876,0.0126,0.7339,0.0024,0.0114,0.0020
0.9078,0.9341,0.0159,0.5935,0.0060,0.8659,0.0029
0.0376,0.8485,0.0261,0.2872,0.0206,0.0103,0.0189
0.2121,0.7883,0.0245,0.4638,0.0022,0.1111,0.0150
0.5210,0.8820,0.0011,0.0004,0.0002,0.7803,0.0002
0.0721,0.9787,0.0000,0.0014,0.0948,0.0010,0.0010
0.0029,0.9272,0.0028,0.0035,0.0013,0.0099,0.0043
0.1666,0.6913,0.0735,0.2251,0.2548,0.1317,0.0319
0.0005,0.4571,0.0003,0.2890,0.0000,0.0000,0.0086
0.0057,0.2682,0.0095,0.4723,0.0001,0.0007,0.0083
0.1432,0.7541,0.0903,0.1834,0.2862,0.0444,0.0493
0.1766,0.5985,0.0192,0.0402,0.2898,0.5849,0.0149
0.0487,0.3449,0.0115,0.1677,0.0031,0.0412,0.1607
0.0999,0.7618,0.0934,0.0824,0.2967,0.0878,0.1602
0.0017,0.2468,0.0010,0.2303,0.0000,0.0015,0.0052
0.0047,0.3297,0.0024,0.0713,0.0000,0.0087,0.0006
0.1636,0.9996,0.0008,0.7337,0.0003,0.0374,0.0000
0.1372,0.8311,0.0714,0.0917,0.1033,0.2755,0.0426
0.1950,0.8513,0.0324,0.0800,0.0688,0.3069,0.0426
0.0046,0.9966,0.0001,0.0000,0.0001,0.0348,0.0000
0.0034,0.0391,0.0019,0.9845,0.0000,0.0011,0.0012
0.0215,0.3201,0.0231,0.1949,0.2116,0.0135,0.4520
0.0000,0.0226,0.0002,0.8707,0.0030,0.0000,0.0781
0.0002,0.0006,0.0000,1.0000,0.0000,0.0001,0.0000
0.0000,0.0003,0.0000,1.0000,0.0000,0.0001,0.0001
0.0302,0.0159,0.0001,1.0000,0.0000,0.0172,0.0001
0.0002,0.0228,0.0000,0.9999,0.0000,0.0000,0.0124
0.0647,0.1573,0.0000,1.0000,0.0001,0.0085,0.0012
0.0001,0.0004,0.0000,1.0000,0.0000,0.0001,0.0000
0.1236,0.1421,0.0004,0.9942,0.0037,0.0330,0.0294
0.0800,0.5637,0.0001,0.9949,0.0007,0.0017,0.0206
0.0007,0.0166,0.0000,0.9992,0.0001,0.0002,0.0157
0.0002,0.0028,0.0000,1.0000,0.0000,0.0001,0.0027
0.0016,0.0042,0.0001,0.9996,0.0000,0.0028,0.0004
0.0000,0.0005,0.0000,0.9999,0.0000,0.0000,0.0003
0.0002,0.0004,0.0000,1.0000,0.0000,0.0002,0.0000
0.0002,0.0005,0.0000,1.0000,0.0000,0.0001,0.0000
0.0017,0.0396,0.0001,0.9997,0.0000,0.0003,0.0066
0.0238,0.0686,0.0376,0.7265,0.2044,0.0965,0.0814
0.0347,0.0162,0.0001,1.0000,0.0000,0.0204,0.0002
0.0275,0.0140,0.0001,1.0000,0.0000,0.0141,0.0002
0.0826,0.0273,0.0002,1.0000,0.0000,0.0457,0.0002
0.0000,0.1147,0.0008,0.2062,0.0002,0.0001,0.5960
0.0329,0.0069,0.0001,0.9996,0.0005,0.0020,0.0018
0.0002,0.0491,0.0003,0.9812,0.0009,0.0000,0.0553
0.0055,0.0623,0.0000,1.0000,0.0001,0.0008,0.0001
0.0000,0.0000,0.0000,0.9967,0.0549,0.0000,0.0114
0.9992,0.0000,0.0000,0.0000,0.0000,0.9989,0.0001
0.0008,0.7114,0.0000,0.9669,0.0014,0.0007,0.1536
0.0016,0.0093,0.0000,1.0000,0.0001,0.0001,0.0089
0.0001,0.0018,0.0000,0.9998,0.0000,0.0000,0.0418
0.0000,0.0000,0.0000,1.0000,0.0000,0.0000,0.0062
0.5113,0.1016,0.0000,0.6877,0.0010,0.0000,0.0372
0.0001,0.0000,0.0000,0.9989,0.0000,0.0000,0.0440
0.0049,0.0212,0.0001,0.9966,0.0011,0.0001,0.0230
0.0000,0.0000,0.0022,0.9967,0.0000,0.0000,0.9838
0.0001,0.0006,0.0003,0.0006,0.0019,0.0000,0.9994
0.0000,0.0000,0.0000,0.5774,0.0000,0.0000,0.2717
0.0002,0.2267,0.0233,0.5426,0.5489,0.0010,0.0009
0.0002,0.8001,0.0002,0.2262,0.0000,0.0000,0.0001
0.0000,0.0000,0.9376,0.0149,0.9996,0.0002,0.0000
0.0000,0.0000,0.9314,0.0185,0.9996,0.0003,0.0000
0.0000,0.0037,0.8440,0.0193,0.9970,0.0021,0.0002
0.0000,0.0651,0.0031,0.4215,0.0267,0.0000,0.8981
0.0043,0.0085,0.0226,0.0396,0.7735,0.0219,0.0044
0.0110,0.0053,0.4657,0.0309,0.9686,0.0002,0.0001
0.0000,0.1216,0.0014,0.6475,0.0046,0.0000,0.8882
0.0001,0.1410,0.0199,0.0273,0.0269,0.0000,0.8902
0.0000,0.0031,0.9733,0.0061,0.9997,0.0012,0.0001
0.0002,0.0273,0.0027,0.5616,0.1109,0.0004,0.3717
0.0000,0.0001,0.0000,0.0574,0.0001,0.0000,0.9999
0.0000,0.0000,0.0094,0.0008,0.0057,0.0000,0.9996
0.4097,0.0181,0.9924,0.0000,0.9995,0.9999,0.0000
0.0029,0.8390,0.0065,0.1706,0.1883,0.0001,0.1332
0.0018,0.0992,0.0512,0.0094,0.0198,0.0023,0.5413
0.0041,0.5516,0.0007,0.3929,0.0000,0.0009,0.3619
0.0018,0.0073,0.0001,0.9999,0.0002,0.0003,0.0025
0.0000,0.0029,0.0032,0.3460,0.0112,0.0000,0.9531
0.0000,0.0001,0.3984,0.1269,0.0000,0.0000,0.0206
0.0008,0.0940,0.0002,0.9747,0.0021,0.0001,0.6986
0.0004,0.0042,0.0000,0.9999,0.0002,0.0002,0.0055
0.0004,0.2210,0.0001,0.9730,0.0010,0.0000,0.5882
0.0019,0.0068,0.0000,1.0000,0.0002,0.0002,0.0022
0.0516,0.2171,0.0005,0.9994,0.0006,0.0081,0.0207
0.0023,0.0749,0.0000,1.0000,0.0000,0.0002,0.0006
0.0029,0.0149,0.0000,0.9708,0.0006,0.0001,0.9786
0.0013,0.0041,0.0001,1.0000,0.0002,0.0003,0.0021
0.0000,0.0000,0.6399,0.0478,0.0000,0.0000,0.0092
0.0036,0.0095,0.0001,0.9999,0.0002,0.0003,0.0041
0.0000,0.0472,0.0001,0.8913,0.0004,0.0000,0.8460
0.0000,0.0000,0.0002,0.6657,0.0000,0.0000,0.9927
0.0004,0.0449,0.0015,0.9829,0.0003,0.0001,0.2555
0.0000,0.9291,0.0004,0.3277,0.0008,0.0000,0.5456
0.0000,0.9999,0.0000,0.0003,0.0000,0.0000,0.0515
0.0001,1.0000,0.0000,0.0016,0.0000,0.0002,0.0001
0.0000,0.0049,0.0000,0.9983,0.0000,0.0000,0.6080
0.0631,0.8207,0.0011,1.0000,0.0000,0.1240,0.0000
0.0000,0.0005,0.0036,0.2854,0.0005,0.0000,0.4839
0.0002,0.0012,0.0003,0.3391,0.0112,0.0002,0.9711
0.0000,0.0003,0.1358,0.7930,0.0000,0.0000,0.0006
0.0040,0.0062,0.0016,0.9999,0.0012,0.0009,0.0042
0.0000,0.0117,0.0002,0.7181,0.0005,0.0000,0.9628
0.0000,0.1438,0.0000,0.9433,0.0002,0.0000,0.6211
0.0000,0.0302,0.0000,0.1508,0.0000,0.0000,0.9357
0.0000,0.0301,0.0001,0.9645,0.0003,0.0000,0.4035
0.0000,0.0175,0.0000,0.9795,0.0000,0.0000,0.6478
0.0066,0.1027,0.0227,0.7995,0.0236,0.0083,0.4398
0.0000,0.0026,0.0044,0.6552,0.0012,0.0000,0.8821
0.0000,0.0634,0.0000,0.9950,0.0000,0.0000,0.0024
0.0000,0.2001,0.0001,0.6028,0.0000,0.0000,0.4393
0.0000,0.0001,0.1620,0.9529,0.0000,0.0000,0.0001
0.0000,0.0004,0.0000,0.9927,0.0001,0.0000,0.9994
0.0000,0.0115,0.0000,0.9591,0.0007,0.0000,0.4636
0.0000,0.0360,0.0000,0.9798,0.0001,0.0000,0.0448
0.0000,0.0001,0.0000,0.9939,0.0001,0.0000,0.0198
0.0780,0.0415,0.0030,0.9919,0.0033,0.0911,0.3154
0.0000,0.0065,0.0001,0.9979,0.0000,0.0000,0.0000
0.0000,0.0020,0.0002,0.9996,0.0002,0.0000,0.0258
0.0000,0.0295,0.0000,0.9880,0.0000,0.0000,0.8551
0.0000,0.1078,0.0004,0.8054,0.0000,0.0000,0.1817
0.0000,0.0000,0.8539,0.0006,0.0000,0.0000,0.9043
0.0000,0.0000,0.0000,0.0003,0.0000,0.0000,1.0000
0.0000,0.1677,0.0001,0.4377,0.0006,0.0000,0.6253
0.0092,0.3074,0.0062,0.8670,0.0001,0.0033,0.2765
0.0068,0.0812,0.0001,0.9998,0.0000,0.0033,0.0587
0.0000,0.0507,0.0000,0.2036,0.0002,0.0000,0.9995
0.0000,0.0007,0.0000,0.9992,0.0000,0.0000,0.0100
0.0008,0.0635,0.0160,0.5555,0.0162,0.0021,0.6825
0.0000,0.0004,0.0000,0.3812,0.0001,0.0000,0.5758
0.0000,0.6326,0.0002,0.0070,0.0000,0.0000,0.9885
0.0000,0.0580,0.0002,0.9883,0.0021,0.0000,0.4307
0.0016,0.1556,0.0103,0.9200,0.0210,0.0007,0.3240
0.0000,0.0121,0.0000,0.9998,0.0016,0.0000,0.0051
0.0022,0.2169,0.0065,0.1430,0.0306,0.0064,0.4573
0.0338,0.5127,0.0163,0.8139,0.0003,0.0127,0.0029
0.0001,0.0618,0.0279,0.7550,0.0028,0.0000,0.2253
0.0008,0.8845,0.0002,0.9168,0.0000,0.0000,0.0002
0.1185,0.0203,0.0308,0.8183,0.0038,0.0551,0.4619
0.0003,0.9935,0.2222,0.0026,0.0018,0.0000,0.1837
0.0000,0.0001,0.1486,0.9816,0.0000,0.0011,0.0003
0.0001,0.0037,0.0027,0.9216,0.0024,0.0000,0.8453
0.0053,0.3126,0.3190,0.3077,0.0464,0.0013,0.2157
0.0006,0.0033,0.0149,0.9051,0.0011,0.0001,0.5712
0.0000,0.0000,1.0000,0.0655,0.0033,0.0000,0.0014
0.4883,0.0391,0.0108,0.6926,0.0008,0.0151,0.7509
0.0001,0.0101,0.0496,0.9889,0.0001,0.0000,0.0703
0.0015,0.0078,0.0021,0.2308,0.0001,0.0002,0.0020
0.9876,0.8360,0.0022,0.9351,0.0000,0.9565,0.1104
0.0001,0.0060,0.0025,0.9163,0.0011,0.0000,0.7385
0.0001,0.0030,0.0005,0.1175,0.0068,0.0000,0.9986
0.0007,0.1272,0.0032,0.7085,0.0164,0.0001,0.6320
0.0000,0.0001,0.0634,0.9937,0.0004,0.0000,0.0231
0.0001,0.0022,0.0014,0.9867,0.0021,0.0000,0.2273
0.0001,0.0004,0.0014,0.9573,0.0013,0.0001,0.1229
0.4099,0.2374,0.0002,0.0840,0.0897,0.0004,0.9994
0.0168,0.1300,0.0033,0.8405,0.2674,0.0002,0.0232
0.0000,0.0000,0.0232,0.9898,0.0000,0.0000,0.0245
0.0003,0.0076,0.0498,0.1173,0.0576,0.0000,0.9203
0.0004,0.0121,0.0040,0.9681,0.0001,0.0001,0.0233
0.0002,0.0010,0.0000,0.9057,0.0071,0.0001,0.8631
0.0002,0.0267,0.0957,0.0395,0.0053,0.0000,0.9511
0.9115,0.6613,0.0283,0.9057,0.0001,0.6479,0.2474
0.0066,0.0471,0.0422,0.6190,0.0401,0.0005,0.4335
0.0009,0.0006,0.0001,0.5680,0.0000,0.0008,0.9437
0.0042,0.1824,0.0797,0.5802,0.3823,0.0007,0.0715
0.6444,0.7349,0.0541,0.8220,0.0002,0.3471,0.0808
0.0005,0.0036,0.0130,0.7701,0.0018,0.0002,0.6672
0.0002,0.0182,0.0018,0.9934,0.0000,0.0001,0.0106
0.0000,0.0000,0.4282,0.1234,0.0000,0.0000,0.9346
0.0245,0.0686,0.0350,0.4159,0.0067,0.0174,0.6767
0.0000,0.0008,0.6644,0.4374,0.0002,0.0000,0.0068
0.0000,0.0416,0.0393,0.0029,0.0020,0.0000,0.9042
0.0025,0.0040,0.0013,0.3057,0.0028,0.0003,0.8299
0.0000,0.0021,0.0237,0.0639,0.0019,0.0000,0.9604
0.0007,0.0004,0.0143,0.3487,0.0014,0.0251,0.5051
0.0000,0.0015,0.0001,0.1087,0.0002,0.0000,0.9605
0.0006,0.0008,0.0174,0.3305,0.0020,0.0708,0.1907
0.7829,0.3950,0.0195,0.8840,0.0002,0.4245,0.4448
0.0344,0.0702,0.7044,0.0481,0.9742,0.0000,0.0112
0.0024,0.0153,0.5854,0.0125,0.9886,0.0000,0.0015
0.0000,0.0038,0.0211,0.9552,0.0005,0.0000,0.2686
0.0031,0.0650,0.0111,0.8715,0.0044,0.0002,0.6555
0.0008,0.0442,0.0066,0.7123,0.0021,0.0003,0.7877
0.0038,0.1013,0.0850,0.5140,0.0856,0.0000,0.2687
0.0025,0.0377,0.0045,0.9384,0.0300,0.0004,0.3336
0.0072,0.0028,0.0167,0.2138,0.0023,0.0029,0.9155
0.0001,0.0421,0.0210,0.2951,0.0011,0.0000,0.7946
0.0013,0.0022,0.0295,0.9911,0.4892,0.0028,0.0002
0.0015,0.9792,0.0000,0.0029,0.0010,0.0003,0.1322
0.0000,0.1382,0.0000,0.1639,0.0026,0.0000,0.9914
0.0135,0.0000,0.0099,0.0006,0.0000,0.5806,0.0069
0.0000,0.0853,0.0023,0.1722,0.0013,0.0000,0.5599
0.0001,1.0000,0.0004,0.0002,0.0000,0.0000,0.0567
0.0000,0.0158,0.0000,0.0000,0.0000,0.9765,0.0000
0.0001,0.8216,0.0305,0.0673,0.0003,0.0000,0.5919
0.0000,0.9844,0.0000,0.0000,0.0000,0.9778,0.0000
0.0031,0.3362,0.0051,0.0020,0.0001,0.2195,0.0640
0.0001,0.9952,0.0023,0.8095,0.0000,0.0000,0.3774
0.0001,1.0000,0.0421,0.0009,0.0000,0.0005,0.0001
0.0000,0.0001,0.0075,0.4333,0.0008,0.0000,0.3533
0.0000,0.0001,0.0000,0.0338,0.0000,0.9746,0.0009
0.0008,0.8875,0.0000,0.1348,0.0000,1.0000,0.0000
0.0000,0.0000,0.3357,0.9998,0.0000,0.0001,0.0000
0.0000,0.0000,0.0820,0.9986,0.0000,0.0009,0.0003
0.0000,0.0111,0.2061,0.8448,0.0000,0.0001,0.0032
0.0000,0.0082,0.0289,0.2315,0.0006,0.0000,0.0001
0.0000,0.0000,0.0000,0.0738,0.0000,0.0000,0.9999
0.0000,0.0000,0.0003,0.9913,0.0021,0.0000,0.0797
0.0000,0.0019,0.0634,0.2109,0.0021,0.0001,0.4066
0.0000,0.0125,0.0043,0.5174,0.0119,0.0000,0.8246
0.1239,0.1095,0.0000,0.8960,0.1166,0.0000,0.9976
0.0000,0.0000,0.0662,0.9977,0.0265,0.0027,0.0001
0.0000,0.0687,0.2461,0.1512,0.0035,0.0000,0.0752
0.0000,0.0011,0.0033,0.9879,0.0035,0.0000,0.0067
0.0002,0.0014,0.0002,0.9942,0.0077,0.0000,0.0065
0.0000,0.0000,0.0000,0.9998,0.0274,0.0000,0.0006
0.0002,0.2184,0.0078,0.0151,0.0001,0.0004,0.7039
0.0000,0.0043,0.0001,0.0542,0.0003,0.0000,0.9984
0.0000,0.1059,0.9604,0.7662,0.0033,0.0000,0.0002
0.0000,0.0000,0.0473,0.9997,0.0000,0.0002,0.0001
0.0005,0.6663,0.0356,0.0133,0.0016,0.0001,0.9095
0.0000,0.2547,0.0004,0.0039,0.0005,0.0000,0.9996
0.0000,0.0033,0.0039,0.1919,0.0173,0.0000,0.8785
0.0000,0.0001,0.0005,0.9486,0.0015,0.0000,0.0201
0.0015,0.8077,0.0041,0.2203,0.0033,0.0000,0.9586
0.0004,0.0041,0.0001,0.9733,0.0056,0.0009,0.5854
0.0000,0.0025,0.1311,0.0926,0.0019,0.0000,0.0937
0.0014,0.1681,0.0088,0.6546,0.1390,0.0001,0.2541
0.0000,0.0237,0.0083,0.1097,0.0005,0.0000,0.8293
0.0000,0.0004,0.0000,0.0212,0.0000,0.0000,0.9995
0.0000,0.0000,0.8992,0.0858,0.0004,0.0000,0.1845
0.0000,0.0000,0.0000,0.0006,0.0001,0.0000,1.0000
0.0000,0.0113,0.0001,0.4711,0.0012,0.0000,0.9671
0.0000,0.0024,0.0000,0.9932,0.0875,0.0000,0.0031
0.0000,0.0002,0.0011,0.4238,0.0009,0.0000,0.7706
0.0000,0.0023,0.0003,0.1317,0.0007,0.0000,0.9882
0.0001,0.0029,0.0000,0.4640,0.0003,0.0001,0.9969
0.0001,0.0121,0.0003,0.0618,0.0003,0.0001,0.9982
0.0001,0.0869,0.0137,0.0537,0.0016,0.0001,0.5394
0.0009,0.0088,0.0690,0.3068,0.1142,0.0001,0.9225
0.0002,0.0102,0.0021,0.0370,0.0031,0.0001,0.9895
0.0000,0.0040,0.8168,0.0179,0.0003,0.0001,0.0264
0.0000,0.0386,0.0039,0.0235,0.0000,0.0000,0.9191
0.0003,0.0773,0.1963,0.7726,0.0005,0.0015,0.2401
0.0000,0.0010,0.0012,0.0013,0.0006,0.1441,0.9978
0.0000,0.1093,0.0003,0.2195,0.0002,0.0001,0.2548
0.0000,0.2104,0.9947,0.0240,0.2076,0.0168,0.0000
0.0716,0.4982,0.0001,0.6055,0.0017,0.0019,0.9830
0.0008,0.9834,0.0163,0.0479,0.0148,0.0006,0.3257
0.0001,0.0021,0.0004,0.6695,0.0005,0.0000,0.9846
0.0000,0.0001,0.0000,0.2211,0.0001,0.0000,0.9716
0.0000,0.0063,0.0096,0.7027,0.0048,0.0000,0.4844
0.0000,0.0000,0.0012,0.0115,0.0002,0.0000,0.9971
0.0000,0.5401,0.9796,0.0112,0.4602,0.0031,0.0000
0.0000,0.5336,0.9792,0.0116,0.4656,0.0030,0.0000
0.0001,0.1603,0.0438,0.2614,0.0001,0.0000,0.6925
0.0000,0.0002,0.0097,0.9644,0.0040,0.0015,0.3857
0.0035,0.2962,0.0267,0.4542,0.0043,0.0018,0.4421
0.0000,0.0005,0.0002,0.0048,0.0003,0.0000,0.9990
0.0000,0.0278,0.0000,0.0070,0.0000,0.0000,0.9957
0.0000,0.0119,0.0003,0.1782,0.0040,0.0000,0.8239
0.0089,0.2786,0.0005,0.6422,0.0001,0.0351,0.0025
0.0071,0.1684,0.0001,0.5381,0.0003,0.0106,0.1397
0.0001,0.0160,0.0000,0.4779,0.0048,0.0005,0.9751
0.0002,0.8825,0.0005,0.8551,0.0000,0.0001,0.1709
0.0000,0.0007,0.0000,0.9997,0.0057,0.0000,0.0220
0.0000,0.0225,0.0000,0.9650,0.0000,0.0000,0.2770
0.3771,0.8185,0.0000,0.0000,0.0000,0.9657,0.0038
0.0000,0.0010,0.0010,0.0433,0.0011,0.0000,0.7157
0.0000,0.0013,0.0051,0.3057,0.0048,0.0000,0.2849
0.0000,0.0001,0.1123,0.9864,0.0000,0.0006,0.0004
0.0000,0.0002,0.0000,0.9997,0.0051,0.0000,0.0267
0.0000,0.0017,0.0000,0.3835,0.0002,0.0000,0.9630
0.0147,0.0590,0.0081,0.5074,0.0672,0.0520,0.9395
0.0058,0.0315,0.0008,0.9673,0.0006,0.0116,0.0045
0.0011,0.2127,0.0002,0.2870,0.0035,0.0006,0.9492
0.0000,0.0013,0.0044,0.6437,0.0022,0.0000,0.0004
0.0002,0.0130,0.0017,0.9725,0.0051,0.0009,0.0275
0.0000,0.0006,0.0000,0.9998,0.0049,0.0000,0.0341
0.0000,0.0000,0.9761,0.4821,0.0004,0.0000,0.0001
0.0000,0.0063,0.0000,0.9317,0.0000,0.0000,0.0475
0.0001,0.0206,0.0002,0.8711,0.0022,0.0000,0.6319
0.0049,0.0709,0.0012,0.7166,0.0036,0.0134,0.3684
0.0042,0.0480,0.0012,0.9468,0.0027,0.0080,0.0453
0.0000,0.0043,0.0005,0.9933,0.0007,0.0000,0.2317
0.0000,0.0095,0.0001,0.9486,0.0014,0.0001,0.1015
0.0000,0.0000,0.0000,0.7167,0.0004,0.0000,0.2064
0.0000,0.0004,0.0000,0.9998,0.0051,0.0000,0.0118
0.0000,0.0000,0.0000,0.9999,0.0245,0.0000,0.0180
0.0000,0.0041,0.0000,0.8548,0.0049,0.0000,0.7878
0.0010,0.0304,0.0005,0.7276,0.0205,0.0118,0.9473
0.0000,0.0001,0.1052,0.9978,0.0000,0.0002,0.0001
0.0001,0.0009,0.0000,0.9995,0.0053,0.0000,0.0845
0.0000,0.0023,0.0000,0.9560,0.0002,0.0000,0.7179
0.0000,0.0017,0.0004,0.9972,0.0027,0.0000,0.0598
0.0023,0.0209,0.0002,0.9546,0.0034,0.0302,0.6007
0.0000,0.0005,0.0001,0.9954,0.0034,0.0000,0.0517
0.0001,0.2166,0.0001,0.9000,0.0006,0.0000,0.0708
0.0045,0.2698,0.0001,0.9089,0.0002,0.0014,0.7610
0.0001,0.0462,0.0263,0.8414,0.0096,0.0001,0.0131
0.0000,0.0002,0.0000,0.9979,0.0001,0.0000,0.0046
0.0000,0.0455,0.0010,0.8119,0.0006,0.0000,0.2647
0.0000,0.0116,0.0001,0.0623,0.0014,0.0001,0.9957
0.0016,0.0678,0.0018,0.9924,0.0017,0.0008,0.0615
0.0000,0.3573,0.0101,0.0417,0.0124,0.0000,0.6961
0.0017,0.2093,0.0013,0.5806,0.0257,0.0024,0.8626
0.0000,0.0008,0.0062,0.9313,0.0073,0.0000,0.0278
0.0014,0.0621,0.0018,0.9933,0.0016,0.0007,0.0513
0.0000,0.3788,0.0000,0.2056,0.0034,0.0000,0.9400
0.0000,0.0062,0.0000,0.4929,0.0056,0.0000,0.9873
0.0013,0.0552,0.0016,0.9945,0.0019,0.0006,0.0525
0.0000,0.0291,0.0000,0.8634,0.0034,0.0000,0.8275
0.0064,0.1608,0.0019,0.3543,0.0095,0.0083,0.8995
0.0004,0.0348,0.0003,0.4395,0.0042,0.0010,0.4918
0.0165,0.0372,0.0038,0.9786,0.0239,0.1182,0.1247
0.0001,0.9696,0.0011,0.0602,0.0009,0.0000,0.5759
0.0000,0.0031,0.0000,0.9966,0.0586,0.0000,0.1336
0.0000,0.6009,0.0004,0.0087,0.0001,0.0000,0.9808
0.0000,0.0006,0.0001,0.8793,0.0035,0.0001,0.7780
0.0008,0.0472,0.0013,0.0448,0.0037,0.0025,0.9879
0.0033,0.1183,0.0020,0.9862,0.0014,0.0018,0.0728
0.0038,0.3634,0.0059,0.5852,0.0038,0.0003,0.1555
0.0022,0.0961,0.0146,0.0804,0.0335,0.0053,0.9414
0.0000,0.1334,0.0000,0.3449,0.0007,0.0000,0.7180
0.0000,0.0345,0.0002,0.1047,0.0465,0.0000,0.9904
0.0004,0.8060,0.0112,0.0805,0.0003,0.0009,0.0665
0.0000,0.1361,0.0004,0.8578,0.0002,0.0000,0.3301
0.0000,0.0056,0.0001,0.9983,0.0086,0.0000,0.0301
0.0000,0.0340,0.0043,0.0175,0.0005,0.0000,0.9078
0.0000,0.0402,0.0000,0.7041,0.0017,0.0000,0.8189
0.0000,0.0124,0.0000,0.0073,0.0002,0.0000,0.9989
0.0002,0.1116,0.0012,0.9773,0.0022,0.0000,0.0593
0.0000,0.0281,0.0063,0.4972,0.0040,0.0488,0.0314
0.0000,0.0698,0.0101,0.8585,0.0240,0.0000,0.0161
0.0000,0.0000,0.6281,0.9984,0.0000,0.0002,0.0059
0.0004,0.0790,0.0005,0.9730,0.0077,0.0000,0.3351
0.0000,0.0044,0.9649,0.2034,0.0006,0.0000,0.0215
0.0459,0.3211,0.0132,0.8989,0.0268,0.0024,0.3306
0.0001,0.0000,0.8921,0.9560,0.0026,0.0004,0.0000
0.0005,0.1230,0.0002,0.9696,0.0031,0.0000,0.1927
0.0000,0.0005,0.0001,0.9998,0.0001,0.0000,0.0020
0.0004,0.0243,0.0004,0.9973,0.0036,0.0002,0.0207
0.0000,0.0000,0.6746,0.9992,0.0000,0.0001,0.0034
0.0000,0.0014,0.0000,0.9996,0.0002,0.0000,0.0009
0.0000,0.0034,0.0005,0.9916,0.0005,0.0000,0.0026
0.0004,0.1545,0.0213,0.0793,0.0258,0.0000,0.1502
0.0000,0.0000,0.2155,0.8751,0.0052,0.0000,0.7667
0.0000,0.0771,0.0212,0.6466,0.0004,0.0000,0.0032
0.0019,0.0880,0.0014,0.8218,0.0036,0.0003,0.3187
0.0012,0.1857,0.0128,0.9652,0.0118,0.0002,0.0146
0.0017,0.0164,0.0008,0.9699,0.0003,0.0003,0.3783
0.0007,0.0225,0.0015,0.9771,0.0017,0.0002,0.2202
0.0000,0.0171,0.0000,0.3142,0.0000,0.0000,0.5121
0.0003,0.0334,0.0003,0.1100,0.0013,0.0004,0.9641
0.0001,0.0750,0.0000,0.8757,0.0030,0.0001,0.2353
0.0013,0.0056,0.0001,0.1064,0.0448,0.0000,0.0281
0.0000,0.0296,0.0000,0.0327,0.0003,0.0001,0.9891
0.0002,0.2154,0.0000,0.5046,0.0008,0.0001,0.6765
0.0054,0.4368,0.0022,0.1943,0.0194,0.0134,0.7685
0.0000,0.9386,0.0000,0.1535,0.0007,0.0000,0.1727
0.0000,0.5084,0.0000,0.3557,0.0016,0.0000,0.5240
0.0008,0.8533,0.0267,0.0208,0.0008,0.0003,0.3878
0.0165,0.5208,0.0098,0.9472,0.0001,0.0057,0.0095
0.0000,0.2407,0.0001,0.8394,0.0000,0.0000,0.0044
0.0024,0.9712,0.0025,0.4832,0.0000,0.0001,0.0890
0.0000,0.0005,0.0000,1.0000,0.0001,0.0000,0.0006
0.0000,0.0060,0.0010,0.6664,0.0001,0.0000,0.0609
0.0000,0.0116,0.0000,0.9996,0.0000,0.0000,0.0296
0.0275,0.3911,0.0047,0.9684,0.0005,0.0111,0.0143
0.0000,0.0000,0.1392,0.0767,0.0000,0.0000,0.0011
0.0000,0.2525,0.0006,0.9868,0.0011,0.0000,0.0312
0.0000,0.0297,0.0002,0.9368,0.0006,0.0000,0.5282
0.0000,0.0002,0.0000,1.0000,0.0001,0.0000,0.0008
0.0000,0.0097,0.0020,0.7261,0.0008,0.0000,0.8142
0.0596,0.7071,0.0121,0.7765,0.0012,0.0180,0.0336
0.0020,0.0976,0.0005,0.9933,0.0006,0.0415,0.0018
0.0002,0.0067,0.0107,0.4403,0.0105,0.0001,0.5957
0.0000,0.0226,0.0004,0.9974,0.0000,0.0000,0.1109
0.0000,0.0000,0.0000,0.9999,0.0005,0.0000,0.0008
0.0061,0.0058,0.0566,0.7736,0.0357,0.0194,0.4961
0.0000,0.0004,0.0000,1.0000,0.0000,0.0000,0.0006
0.0028,0.0454,0.0004,0.9978,0.0000,0.0020,0.0452
0.0000,0.0000,0.3650,0.4259,0.0000,0.0000,0.0001
0.0362,0.0809,0.0295,0.6594,0.0185,0.0361,0.4134
0.0002,0.0937,0.0009,0.9998,0.0000,0.0001,0.0009
0.0000,0.0324,0.0001,0.9913,0.0001,0.0000,0.1582
0.0005,0.0005,0.0001,0.9996,0.0001,0.0004,0.0019
0.0000,0.0084,0.0374,0.1365,0.0000,0.0000,0.4528
0.0001,0.0644,0.0007,0.9990,0.0001,0.0000,0.0152
0.0003,0.2482,0.0045,0.9874,0.0000,0.0004,0.0015
0.0001,0.0060,0.0012,0.9997,0.0000,0.0000,0.0137
0.0003,0.0040,0.0000,0.9979,0.0001,0.0000,0.7592
0.0001,0.0384,0.0001,0.9967,0.0001,0.0002,0.0063
0.0000,0.0001,0.0000,0.9999,0.0001,0.0000,0.0023
0.0003,0.0124,0.0059,0.9981,0.0004,0.0000,0.0025
0.0000,0.0003,0.0001,1.0000,0.0001,0.0000,0.0004
0.0000,0.0008,0.0000,0.9999,0.0000,0.0000,0.0014
0.0003,0.0038,0.0008,0.9978,0.0000,0.0001,0.0523
0.0001,0.0116,0.0000,0.9962,0.0002,0.0001,0.0674
0.0002,0.0062,0.0003,0.9989,0.0001,0.0002,0.0048
0.0000,0.0000,0.1096,0.0361,0.0000,0.0000,0.0003
0.0001,0.0006,0.0001,1.0000,0.0000,0.0000,0.0012
0.0000,0.0043,0.0007,0.9997,0.0000,0.0000,0.0000
0.0000,0.0082,0.0000,0.9998,0.0000,0.0000,0.0062
0.0000,0.0008,0.0000,0.9998,0.0000,0.0000,0.0003
0.0000,0.8198,0.0012,0.0154,0.0109,0.0000,0.9852
0.0000,0.0007,0.0002,1.0000,0.0000,0.0000,0.0069
0.0006,0.0016,0.0003,0.9996,0.0000,0.0006,0.0008
0.0042,0.4912,0.0000,0.8665,0.0022,0.0002,0.1451
0.0000,0.0340,0.0000,0.9874,0.0000,0.0000,0.0981
0.0622,0.1054,0.0150,0.9552,0.0011,0.0054,0.1560
0.0026,0.3600,0.0026,0.9093,0.0004,0.0005,0.2883
0.0000,0.0005,0.0008,0.9594,0.0048,0.0000,0.0080
0.0995,0.2484,0.0193,0.9846,0.0000,0.1437,0.0031
0.0000,0.0000,0.0000,0.1695,0.0000,0.0000,0.9944
0.0016,0.1994,0.0004,0.9943,0.0010,0.0018,0.0148
0.0000,0.0498,0.0013,0.6303,0.0010,0.0000,0.8384
0.0000,0.0000,0.5203,0.2874,0.0000,0.0000,0.1048
0.0071,0.1421,0.0001,0.9823,0.0019,0.0001,0.1157
0.0004,0.0483,0.0008,0.2587,0.0012,0.0003,0.9507
0.0003,0.1338,0.0002,0.9708,0.0000,0.0001,0.0120
0.0000,0.0008,0.0001,0.9898,0.0003,0.0001,0.0501
0.0000,0.0005,0.0003,0.9993,0.0000,0.0001,0.0046
0.0052,0.0136,0.0110,0.9982,0.0000,0.0102,0.0078
0.0000,0.0375,0.0013,0.7996,0.0012,0.0000,0.5571
0.0000,0.2479,0.0027,0.9969,0.0000,0.0000,0.0050
0.0000,0.1531,0.0103,0.1462,0.0000,0.0000,0.4535
0.0191,0.0139,0.0785,0.7953,0.0506,0.0571,0.3372
0.0000,0.0565,0.0002,0.9986,0.0001,0.0000,0.0495
0.0000,0.9999,0.0000,0.0000,0.0000,0.0010,0.0021
0.0000,0.0264,0.0004,0.0418,0.0014,0.0000,0.9780
0.0001,0.3908,0.0001,0.0714,0.0042,0.0000,0.9257
0.0008,0.9839,0.0016,0.0241,0.0135,0.0001,0.1051
0.0000,0.0205,0.0067,0.0013,0.0003,0.0000,0.0018
0.9497,0.9966,0.0004,0.8455,0.0116,0.8845,0.0106
0.0000,0.0636,0.0002,0.9285,0.0012,0.0000,0.7907
0.0000,0.0177,0.0148,0.0005,0.0003,0.0000,0.0007
0.0279,0.7113,0.0006,0.9830,0.0022,0.0090,0.2072
0.2684,0.4267,0.0050,0.8120,0.0068,0.0019,0.0026
0.0000,0.8599,0.0010,0.0063,0.0003,0.0000,0.8176
0.0010,0.6597,0.0011,0.0181,0.5713,0.0003,0.2614
0.0000,0.0001,0.0000,1.0000,0.0000,0.0000,0.0000
0.0002,0.1236,0.0000,0.9177,0.0000,0.0000,0.0000
0.0000,0.0012,0.0001,1.0000,0.0000,0.0000,0.0001
0.0022,0.0509,0.0815,0.6085,0.1372,0.0024,0.2053
0.0000,0.0000,0.0000,1.0000,0.0000,0.0000,0.0000
0.0000,0.0004,0.0009,0.5497,0.0005,0.0000,0.9375
0.0008,0.0648,0.0004,0.9939,0.0017,0.0001,0.0724
0.0019,0.0494,0.1213,0.9049,0.0344,0.0027,0.1257
0.0000,0.0420,0.0016,0.1376,0.0005,0.0000,0.0075
0.6242,0.9326,0.3560,0.3341,0.0355,0.5751,0.1649
0.2317,0.0398,0.0017,0.3981,0.0008,0.1195,0.0258
0.7663,0.4145,0.4211,0.7320,0.0387,0.4103,0.1603
0.0833,0.3633,0.0186,0.9514,0.0046,0.0864,0.0206
0.0000,0.2462,0.0003,0.6774,0.0023,0.0000,0.3534
0.0000,0.9995,0.0000,0.0620,0.0000,0.0000,0.0002
0.0000,0.2569,0.0000,0.3598,0.0010,0.0000,0.4847
0.0000,0.0082,0.0005,0.0093,0.0008,0.0000,0.9496
0.0033,0.7728,0.0020,0.3450,0.0301,0.0022,0.5798
0.0000,0.1082,0.0000,0.3136,0.0007,0.0000,0.4586
0.0001,0.4310,0.0006,0.4016,0.0072,0.0000,0.4453
0.0000,0.5970,0.0008,0.0504,0.0217,0.0000,0.6707
0.0000,0.5901,0.0003,0.0801,0.0006,0.0000,0.4773
0.0000,0.0005,0.0000,0.2694,0.0002,0.0000,0.9956
0.0096,0.9998,0.0012,0.0183,0.0000,0.0007,0.0019
0.0008,0.9930,0.0000,0.9505,0.0027,0.0000,0.0046
0.0000,0.0896,0.0039,0.8785,0.0013,0.0000,0.2551
0.0018,0.6108,0.0004,0.9997,0.0000,0.0004,0.0005
0.0067,0.2470,0.0230,0.9518,0.0215,0.0004,0.0011
0.0017,0.9958,0.0000,0.9067,0.0011,0.0001,0.0046
0.0000,0.0106,0.0237,0.9962,0.0010,0.0000,0.0286
0.5605,0.7078,0.0013,0.8796,0.0000,0.6634,0.0002
0.0027,0.9936,0.0002,0.9758,0.0043,0.0001,0.0010
0.0001,0.6817,0.0371,0.9771,0.0005,0.0000,0.0064
0.0041,0.9852,0.0005,0.9546,0.0001,0.0040,0.0000
0.0058,0.1746,0.0093,0.8743,0.0156,0.0591,0.0004
0.0057,0.1888,0.1180,0.9083,0.0408,0.0001,0.0028
0.0021,0.2969,0.0120,0.9739,0.0076,0.0007,0.0050
0.0000,0.0541,0.0008,0.9341,0.0004,0.0000,0.9268
0.0051,0.7342,0.0974,0.9104,0.0012,0.0009,0.0425
0.0000,0.4054,0.0024,0.2977,0.0001,0.0000,0.5428
0.0013,0.9959,0.0000,0.9537,0.0043,0.0000,0.0047
0.0000,0.8026,0.2897,0.6122,0.0047,0.0000,0.0127
0.0014,0.9936,0.0001,0.9147,0.0065,0.0000,0.0098
0.0010,0.3229,0.5020,0.7389,0.0084,0.0009,0.0038
0.0004,0.9723,0.0026,0.9573,0.0000,0.0000,0.0029
0.0013,0.0588,0.0048,0.9629,0.0042,0.0010,0.3443
0.0000,0.0000,0.9982,0.1782,0.0000,0.0000,0.4727
0.0009,0.1316,0.0169,0.9929,0.0003,0.0009,0.0000
0.0006,0.2063,0.0275,0.9906,0.0003,0.0006,0.0000
0.0037,0.6792,0.0579,0.9654,0.0031,0.0006,0.0220
0.0016,0.6736,0.0357,0.7367,0.0034,0.0016,0.0290
0.0022,0.5255,0.0027,0.9958,0.0172,0.0005,0.0003
0.0017,0.3586,0.0112,0.9925,0.0016,0.0005,0.0107
0.0000,0.9242,0.0003,0.4194,0.0170,0.0000,0.2953
0.0002,0.0004,0.0000,0.0065,0.9995,0.0000,0.0000
0.0016,0.9978,0.0000,0.0032,0.9987,0.0000,0.0000
0.0024,0.9967,0.0000,0.9980,0.9987,0.0000,0.0000
0.0000,0.0001,0.0053,0.7485,0.0303,0.0000,0.1557
1.0000,1.0000,0.9999,1.0000,1.0000,1.0000,0.0000
0.0001,0.9911,0.0002,0.0188,0.0000,0.0040,0.0000
1.0000,1.0000,1.0000,1.0000,1.0000,1.0000,0.0000
0.0000,0.0005,0.0893,0.9957,0.0000,0.0000,0.0001
1.0000,1.0000,0.0000,0.0001,0.0000,1.0000,0.0000
0.0000,0.0003,0.0000,0.0000,1.0000,1.0000,0.0000
0.0000,0.0000,0.9679,1.0000,0.0000,0.0000,0.0009
1.0000,1.0000,0.0000,0.0001,0.0000,1.0000,0.0000
0.0000,0.0000,0.2403,1.0000,0.0000,0.0000,0.0001
1.0000,1.0000,0.0000,0.0000,0.0000,1.0000,0.0000
0.9919,1.0000,0.0000,0.0000,0.0000,1.0000,0.0000
1.0000,1.0000,0.0000,0.0001,0.0000,1.0000,0.0000
0.0000,0.0000,0.0000,0.0023,0.0000,0.9910,0.0000
0.9998,1.0000,1.0000,0.9997,0.9999,0.9986,0.0001
0.0000,0.0000,0.9996,1.0000,0.9994,0.0000,0.0000
0.9999,0.9999,0.9999,0.9990,1.0000,1.0000,0.0001
0.0000,0.0000,0.0000,0.0007,0.0001,0.9999,0.0000
0.0042,0.4179,0.0864,0.3044,0.0001,0.0729,0.0069
1.0000,1.0000,1.0000,1.0000,1.0000,1.0000,0.0000
0.9998,0.9999,0.9940,0.9973,0.0001,0.9996,0.0003
0.0000,0.0000,0.0072,0.9950,0.0000,0.0009,0.0000
1.0000,0.0000,0.0001,0.0000,0.0000,1.0000,0.0000
1.0000,1.0000,0.0007,0.0000,0.0000,1.0000,0.0000
0.0000,0.0000,0.1937,0.9944,0.0000,0.0000,0.0001
0.0000,0.0000,0.0000,0.0090,0.0001,0.9957,0.0000
0.0000,0.0000,0.1479,0.1636,0.0000,0.0000,0.0000
1.0000,0.0000,0.0001,0.0000,0.0000,1.0000,0.0000
1.0000,1.0000,0.0000,0.3970,0.0000,1.0000,0.0000
1.0000,1.0000,0.9985,1.0000,0.9999,1.0000,0.0000
0.9999,1.0000,1.0000,1.0000,1.0000,0.9999,0.0301
1.0000,1.0000,0.0000,0.0070,0.0000,1.0000,0.0000
1.0000,1.0000,1.0000,1.0000,1.0000,1.0000,0.0000
1.0000,1.0000,1.0000,1.0000,1.0000,1.0000,0.0000
0.1308,0.5238,0.6148,0.8484,0.0006,0.0162,0.0046
0.0000,0.0000,0.3031,0.7444,0.0000,0.0000,0.0036
0.0000,0.0000,0.0008,1.0000,0.0000,0.0000,0.0000
0.0000,0.2195,0.9997,0.0000,1.0000,0.0000,0.0001
0.0000,0.0000,0.0047,0.9978,0.0000,0.0000,0.0012
1.0000,0.9997,0.0000,0.0039,0.0000,1.0000,0.0000
0.0055,0.0026,0.0001,0.0195,0.0000,0.9989,0.0000
0.9998,0.9995,0.0031,0.0065,0.0000,0.9998,0.0000
1.0000,1.0000,0.0001,0.0001,0.0000,1.0000,0.0000
1.0000,0.9999,0.0000,0.0256,0.0000,1.0000,0.0000
1.0000,1.0000,0.0000,0.0247,0.0000,1.0000,0.0000
0.0000,0.0000,0.0001,0.0196,0.0000,0.9999,0.0000
0.0000,0.0026,0.0345,0.9993,0.0002,0.0038,0.0000
0.0827,0.8806,0.0034,0.0030,0.0052,0.0185,0.0170
1.0000,1.0000,0.0000,0.0013,0.0000,1.0000,0.0000
1.0000,0.9999,0.0000,0.1528,0.0000,1.0000,0.0000
1.0000,1.0000,1.0000,1.0000,1.0000,1.0000,0.0000
1.0000,1.0000,0.9999,1.0000,1.0000,1.0000,0.0000
0.0001,0.9919,0.0006,0.0001,0.9988,0.0000,0.0000
0.9849,0.9939,0.0000,0.0000,0.9995,1.0000,0.0000
0.0000,0.0001,0.0761,0.0222,0.0270,0.0000,0.0004
1.0000,1.0000,0.0000,0.0001,0.0000,1.0000,0.0000
0.0000,0.0000,0.9982,0.9998,0.0000,0.9992,0.0002
1.0000,1.0000,1.0000,1.0000,1.0000,0.9999,0.0330
1.0000,1.0000,1.0000,1.0000,1.0000,1.0000,0.0000
0.0013,0.0071,0.0617,0.4409,0.0006,0.0043,0.0174
0.0020,0.0004,0.9788,0.3625,0.0004,0.0036,0.0001
0.0000,0.0000,0.9999,1.0000,1.0000,1.0000,0.0000
0.0000,0.0000,0.6607,0.9864,0.0000,0.0000,0.0004
0.0000,0.0000,0.0105,0.6690,0.0000,0.0021,0.0006
0.0000,0.0000,0.0005,1.0000,0.0000,0.0000,0.0000
0.0000,0.0000,0.0000,0.0020,0.0000,0.9948,0.0000
0.9977,0.7734,0.0019,0.3979,0.0000,1.0000,0.0000
0.0000,0.0000,0.9985,0.9998,0.0000,0.9991,0.0003
0.0000,0.0000,0.8546,0.1729,0.0002,0.0000,0.0001
0.0000,0.0000,0.0000,1.0000,0.0000,0.0000,0.0000
1.0000,1.0000,1.0000,1.0000,1.0000,1.0000,0.0000
1.0000,1.0000,0.9999,1.0000,1.0000,1.0000,0.0000
0.9999,0.0000,0.0000,0.0000,0.0000,1.0000,0.0000
1.0000,1.0000,0.0002,0.0001,0.0000,1.0000,0.0000
0.0000,0.0000,0.0000,1.0000,0.0000,0.0000,0.0000
1.0000,1.0000,1.0000,1.0000,1.0000,1.0000,0.0000
0.0000,0.0000,0.0879,0.9432,0.0000,0.0000,0.0012
0.0000,0.0000,0.0000,1.0000,0.0000,1.0000,0.0000
1.0000,1.0000,0.0000,0.0044,0.0000,1.0000,0.0000
0.0000,0.0000,0.0001,0.0003,0.0000,0.9980,0.0000
0.0000,0.0000,0.7913,0.0106,0.0000,0.0013,0.0000
0.0000,0.0000,0.0447,0.9965,0.0000,0.0000,0.0004
0.0000,0.0970,0.3326,0.0000,0.0045,0.0000,0.0194
0.0008,0.0002,0.8273,0.0198,0.0004,0.0001,0.0010
1.0000,1.0000,0.0000,0.0028,0.0000,1.0000,0.0000
0.0000,0.0000,0.0000,1.0000,0.0000,0.0000,0.0000
0.0000,0.0061,0.4852,0.3917,0.0000,0.0000,0.0003
0.0000,0.0002,0.0063,0.9492,0.0001,0.0001,0.0134
0.9615,0.6626,0.2718,0.0005,0.0137,0.8938,0.0000
0.0000,0.0000,0.0000,0.0055,0.0000,0.9372,0.0000
0.9999,1.0000,1.0000,1.0000,1.0000,0.9999,0.0502
0.9983,1.0000,1.0000,1.0000,1.0000,0.9997,0.3518
0.0000,0.2692,0.0007,0.0000,0.0031,0.0000,0.0000
0.0001,0.0003,0.0000,0.0000,1.0000,1.0000,0.0000
0.9974,0.9966,0.8475,0.0039,0.0668,0.8955,0.0003
1.0000,1.0000,0.0000,0.0045,0.0000,1.0000,0.0000
0.0000,0.0010,0.0022,0.0001,0.9970,0.0000,0.0005
0.0000,0.0027,0.2316,0.0000,0.9979,0.0000,0.0007
0.0001,0.0536,0.3408,0.4235,0.9984,0.0000,0.0379
1.0000,1.0000,1.0000,1.0000,1.0000,1.0000,0.0000
0.0000,0.0002,0.0088,0.0075,0.0000,0.0000,0.0038
0.0000,0.9703,0.6267,0.0000,0.0010,0.0000,0.0000
0.0005,0.0005,0.9989,0.9991,0.9806,0.9979,0.0012
0.0000,0.0000,0.5893,0.8703,0.0723,0.8018,0.0000
0.0000,0.0000,0.0001,0.9793,0.0000,0.0000,0.0000
0.0939,0.2333,0.7078,0.9005,0.0010,0.0564,0.0145
0.0000,0.0000,0.6800,0.9231,0.0001,0.0000,0.0044
0.0000,0.0000,0.9999,0.9999,0.9967,0.9990,0.0005
1.0000,1.0000,1.0000,1.0000,1.0000,1.0000,0.0000
0.0000,0.0013,0.9958,1.0000,0.0000,0.0361,0.0004
0.3974,0.9519,0.0097,0.0027,0.0038,0.7448,0.0083
0.0019,0.0492,0.9962,0.9683,0.9859,0.0260,0.0046
0.0000,0.0000,0.6380,0.6166,0.0078,0.0021,0.0008
1.0000,1.0000,1.0000,1.0000,1.0000,0.9999,0.0386
0.0000,0.0000,0.0106,0.9963,0.0004,0.0000,0.0014
0.0000,0.0000,0.9969,0.9996,0.0000,0.9993,0.0002
0.0095,0.3475,0.8382,0.7878,0.0000,0.0004,0.0062
0.0000,0.0003,0.0105,0.0795,0.0302,0.0004,0.0049
0.0000,0.0000,0.9995,0.9999,0.9990,0.0000,0.0000
0.0000,0.0000,0.0000,1.0000,0.0000,0.0000,0.0000
0.0000,0.0000,0.0000,1.0000,0.0000,0.0000,0.0000
0.0000,0.0000,0.9929,0.9999,0.0000,0.0000,0.0000
0.0000,0.0000,0.0000,1.0000,0.0000,0.0000,0.0000
1.0000,1.0000,1.0000,1.0000,1.0000,1.0000,0.0000
0.0000,0.0000,0.0148,0.6640,0.0001,0.0002,0.0006
0.0000,0.0000,0.0000,1.0000,0.0000,0.9998,0.0000
0.9813,0.8983,0.2820,0.0076,0.0134,0.9851,0.0000
1.0000,1.0000,0.9999,1.0000,1.0000,1.0000,0.0000
1.0000,1.0000,0.0000,0.0001,0.0000,1.0000,0.0000
0.0000,0.0013,0.9989,0.0001,1.0000,0.0000,0.0001
1.0000,1.0000,0.0000,0.0022,0.0000,1.0000,0.0000
1.0000,1.0000,1.0000,1.0000,1.0000,1.0000,0.0000
0.1802,0.9752,0.9706,0.0440,0.0000,0.0190,0.0140
0.0000,0.0000,0.0149,0.0000,0.0000,0.1288,0.0000
0.0001,0.2722,0.9955,0.9994,0.0000,0.0001,0.0174
0.0000,0.0000,0.0000,1.0000,0.0000,0.9999,0.0000
0.9934,0.9778,0.1537,0.0655,0.0203,0.9993,0.0000
0.0158,0.1901,0.0252,0.8321,0.0004,0.2173,0.0323
1.0000,0.9999,0.0000,0.1735,0.0000,1.0000,0.0000
0.0082,0.9839,0.0016,0.0039,0.0000,0.0267,0.0000
0.0000,0.0000,0.0002,0.0001,0.0000,0.9990,0.0000
0.0000,0.0001,0.6892,0.7003,0.0000,0.1709,0.0013
1.0000,1.0000,1.0000,1.0000,1.0000,1.0000,0.0000
1.0000,1.0000,1.0000,1.0000,1.0000,1.0000,0.0000
1.0000,1.0000,0.0000,0.0003,0.0000,0.9997,0.0000
0.0000,0.0002,0.9993,0.9996,0.9991,0.0003,0.0004
0.0000,0.0000,0.0010,0.9984,0.0003,0.0001,0.0000
1.0000,1.0000,1.0000,1.0000,1.0000,1.0000,0.0386
1.0000,1.0000,0.0000,0.0849,0.0000,1.0000,0.0000
0.9999,1.0000,0.0000,0.9233,0.0000,1.0000,0.0000
1.0000,1.0000,1.0000,1.0000,1.0000,1.0000,0.0000
1.0000,1.0000,0.9998,1.0000,1.0000,1.0000,0.0000
1.0000,1.0000,0.0000,0.0016,0.0000,1.0000,0.0000
0.0000,0.0000,0.9032,0.9974,0.0027,0.0000,0.0000
1.0000,1.0000,0.0000,0.1332,0.0000,1.0000,0.0000
0.0000,0.0000,0.0001,0.5570,0.0000,0.0420,0.0000
0.0000,0.0001,0.0000,0.0066,0.0007,0.9889,0.0000
1.0000,0.9999,0.0003,0.0001,0.0000,1.0000,0.0000
0.0000,0.0000,0.0014,0.0010,0.9969,0.0001,0.0000
0.0074,0.2306,0.0001,0.0127,0.0022,0.9341,0.0001
0.0000,0.0001,0.0000,0.0000,0.0000,1.0000,0.0000
0.0000,0.0013,0.9357,0.0000,0.9600,0.0000,0.0000
0.0002,0.0153,0.9826,0.0116,0.0000,0.0000,0.0044
0.0224,0.1240,0.0098,0.0350,0.0001,0.0041,0.0066
0.0000,0.0001,0.9388,0.9972,0.0000,0.0000,0.0138
0.0000,0.0000,0.0000,0.6539,0.0020,0.0000,0.0000
0.0000,0.0000,0.0000,0.0000,0.0001,1.0000,0.0000
0.0000,0.0000,0.0000,0.0000,0.0001,1.0000,0.0000
0.0007,0.0000,0.0000,0.0088,0.0000,1.0000,0.0000
0.0012,0.9939,0.2125,0.0001,0.0000,0.0005,0.0002
0.0063,0.3715,0.0007,0.3030,0.0001,0.0049,0.0085
0.0148,0.7714,0.9973,0.0002,0.0204,0.0003,0.0019
1.0000,1.0000,0.0000,0.1103,0.0000,1.0000,0.0000
1.0000,1.0000,0.9996,1.0000,1.0000,1.0000,0.0000
0.0000,0.0000,0.7450,0.4911,0.0000,0.0000,0.0012
0.0000,0.9638,0.0000,0.0000,0.0000,0.0002,0.0000
1.0000,1.0000,0.0000,0.1518,0.0000,1.0000,0.0000
0.0000,0.0009,0.0032,0.6768,0.0000,0.0001,0.0007
0.0000,0.0000,0.0001,0.9999,0.0000,0.0000,0.0000
1.0000,1.0000,0.8247,0.0144,0.0267,1.0000,0.0000
1.0000,1.0000,0.0000,0.1907,0.0000,1.0000,0.0000
1.0000,1.0000,0.0000,0.0000,0.0000,1.0000,0.0000
0.0000,0.0000,0.9997,1.0000,1.0000,1.0000,0.0000
1.0000,1.0000,1.0000,1.0000,1.0000,1.0000,0.0000
0.0053,0.9136,0.0007,0.9700,0.0000,0.0213,0.0002
0.0914,0.6921,0.0592,0.6721,0.0003,0.3749,0.0475
0.0000,0.0006,0.0002,0.9442,0.0000,0.0000,0.0008
0.0000,0.0000,0.9998,1.0000,1.0000,1.0000,0.0000
0.0148,0.0249,0.0001,0.0365,0.0000,0.0088,0.0662
0.0008,0.0233,0.0008,0.1086,0.0199,0.0009,0.9775
0.0000,0.0104,0.0000,0.1576,0.0002,0.0000,0.9979
0.0000,0.0084,0.0000,0.9611,0.0080,0.0000,0.5192
0.0000,0.0050,0.0000,0.9820,0.0001,0.0000,0.7732
0.0000,0.0115,0.0002,0.8927,0.0020,0.0000,0.5277
0.0000,0.0000,0.0005,0.0236,0.0000,0.0000,0.9998
0.0000,0.0595,0.0013,0.8434,0.0343,0.0000,0.0598
0.0000,0.0011,0.0002,0.9923,0.0089,0.0000,0.0754
0.0001,0.0327,0.0000,0.9528,0.0031,0.0000,0.5823
0.0025,0.0129,0.1243,0.6777,0.1386,0.0014,0.1549
0.0000,0.0001,0.0000,0.0146,0.0003,0.0000,1.0000
0.0062,0.0031,0.0098,0.4861,0.0248,0.0303,0.2519
0.0000,0.0001,0.0000,0.9999,0.0013,0.0000,0.0227
0.0003,0.0132,0.0508,0.3835,0.0792,0.0006,0.6870
0.0000,0.0223,0.0000,0.5393,0.0053,0.0000,0.9968
0.0036,0.0087,0.1008,0.6984,0.1172,0.0016,0.1810
0.0000,0.0076,0.0000,0.9894,0.0009,0.0000,0.6569
0.0001,0.0017,0.0002,0.9949,0.0033,0.0001,0.0767
0.0000,0.0088,0.0000,0.9983,0.0001,0.0000,0.2003
0.0000,0.0005,0.0000,0.2636,0.0000,0.0000,0.9964
0.0000,0.0000,0.4812,0.8039,0.0000,0.0000,0.0008
0.0070,0.0282,0.0091,0.9284,0.0149,0.0058,0.2126
0.0198,0.0219,0.0016,0.9954,0.0240,0.0071,0.0315
0.0049,0.0150,0.0022,0.9826,0.0485,0.0034,0.0910
0.0000,0.0019,0.0000,0.9190,0.0001,0.0000,0.5046
0.0014,0.0238,0.0002,0.9890,0.0007,0.0005,0.1660
0.0057,0.0656,0.0004,0.9990,0.0001,0.0035,0.0286
0.0000,0.0248,0.0001,0.9996,0.0000,0.0000,0.0198
0.0849,0.0635,0.0109,0.9710,0.0228,0.1477,0.0348
0.0002,0.0260,0.0002,0.9218,0.0215,0.0007,0.1147
0.0338,0.6035,0.0088,0.0178,0.0710,0.1188,0.0041
0.0002,0.0310,0.0569,0.6231,0.0225,0.0002,0.5939
0.0347,0.8228,0.2044,0.1636,0.0352,0.0386,0.1038
0.0000,0.0035,0.0002,0.3723,0.0027,0.0000,0.6256
0.0000,0.0000,0.0026,0.1323,0.0006,0.0000,0.0851
0.0000,0.0021,0.0001,0.9557,0.0109,0.0000,0.4708
0.0000,0.0019,0.0000,0.9890,0.0000,0.0000,0.9045
0.0000,0.0569,0.0000,0.5307,0.0975,0.0000,0.6445
0.0000,0.0000,0.0000,0.5439,0.9368,0.0000,0.0007
0.0013,0.2633,0.0001,0.9922,0.0000,0.0001,0.6725
0.0000,0.0017,0.0000,0.9991,0.0000,0.0000,0.0141
0.0006,0.0364,0.0666,0.9147,0.0075,0.0004,0.1501
0.0021,0.0263,0.0000,0.9956,0.0000,0.0003,0.1551
0.0018,0.0169,0.0007,0.9771,0.0027,0.0003,0.1890
0.0000,0.0000,0.0074,0.5824,0.0000,0.0000,0.9978
0.0001,0.0438,0.0000,0.9398,0.0003,0.0000,0.3182
0.0000,0.0007,0.0000,0.9971,0.0000,0.0000,0.0629
0.0000,0.0422,0.0001,0.0972,0.0023,0.0000,0.9834
0.0000,0.0141,0.0000,0.9994,0.0000,0.0000,0.2222
0.0000,0.1903,0.0004,0.0985,0.0005,0.0000,0.8234
0.0000,0.0140,0.0000,0.9887,0.0000,0.0000,0.6313
0.0000,0.0050,0.0024,0.8954,0.0038,0.0000,0.3010
0.0000,0.0265,0.0000,0.9778,0.0041,0.0000,0.2222
0.0202,0.0482,0.0000,0.7965,0.0000,0.0362,0.0032
0.0006,0.0000,0.0000,0.7583,0.0000,0.8130,0.0001
0.0001,0.0006,0.0000,1.0000,0.0001,0.0001,0.0004
0.0000,0.0026,0.0000,0.9991,0.0000,0.0001,0.0478
0.0008,0.3485,0.0002,0.2043,0.8821,0.0002,0.4576
0.0000,0.0007,0.0002,0.3252,0.0103,0.0000,0.6502
0.0000,0.0005,0.0000,1.0000,0.0002,0.0001,0.0008
0.0118,0.0339,0.0002,0.7002,0.0006,0.3843,0.0167
0.0709,0.1465,0.0636,0.4924,0.1994,0.0659,0.2144
0.0032,0.0175,0.0005,0.8326,0.0089,0.0041,0.4585
0.0162,0.0299,0.0176,0.6552,0.1667,0.0385,0.4599
0.0001,0.0004,0.0000,1.0000,0.0001,0.0001,0.0004
0.0000,0.0000,0.0009,0.9377,0.0247,0.0000,0.0008
0.0000,0.0012,0.0000,0.9998,0.0002,0.0000,0.0437
0.0001,0.0061,0.0000,0.9943,0.0006,0.0001,0.0775
0.0001,0.0007,0.0000,1.0000,0.0002,0.0001,0.0003
0.0000,0.0039,0.0000,1.0000,0.0000,0.0000,0.0007
0.0002,0.0008,0.0003,0.9966,0.0001,0.0001,0.2149
0.0000,0.0000,0.0000,0.9997,0.0025,0.0000,0.0007
0.0116,0.0454,0.0004,0.9997,0.0002,0.0153,0.0036
0.0014,0.0034,0.0000,0.9999,0.0001,0.0008,0.0012
0.0001,0.0004,0.0000,1.0000,0.0001,0.0001,0.0009
0.0000,0.0001,0.0000,0.9999,0.0001,0.0000,0.0351
0.0001,0.0281,0.0000,1.0000,0.0000,0.0001,0.0005
0.0000,0.0045,0.0016,0.2404,0.0597,0.0002,0.0135
0.0097,0.2493,0.0000,0.9999,0.0001,0.0061,0.0040
0.0010,0.0230,0.0000,0.9957,0.0070,0.0004,0.0080
0.0061,0.0285,0.0002,0.9998,0.0002,0.0053,0.0022
0.0040,0.3269,0.0000,0.8801,0.2627,0.0001,0.0452
0.0001,0.0042,0.0000,0.8528,0.0058,0.0000,0.8268
0.0036,0.1793,0.0000,0.9228,0.0298,0.0061,0.0069
0.0065,0.0295,0.0003,0.9998,0.0002,0.0072,0.0029
0.0059,0.0291,0.0003,0.9998,0.0002,0.0063,0.0021
0.0000,0.0042,0.0000,0.6917,0.0033,0.0000,0.9372
0.0000,0.0053,0.0006,0.0392,0.0042,0.0000,0.1408
0.0000,0.0022,0.0000,0.9868,0.0001,0.0000,0.4888
0.0000,0.0000,0.0000,0.9999,0.3530,0.0000,0.0000
0.0036,0.1802,0.0000,0.9226,0.0298,0.0062,0.0069
0.0025,0.1551,0.0000,0.9991,0.0005,0.0004,0.0012
0.0000,0.0010,0.0000,0.9989,0.0005,0.0000,0.1228
0.0000,0.0005,0.0000,0.9997,0.0000,0.0000,0.0409
0.1389,0.2506,0.0175,0.5171,0.0125,0.3370,0.2648
0.0000,0.0701,0.0003,0.1591,0.0008,0.0000,0.8146
0.0005,0.0081,0.0100,0.1761,0.3373,0.0049,0.0497
0.0022,0.0010,0.0003,0.0163,0.0195,0.0001,0.3961
0.0000,0.0003,0.0000,0.0078,0.0000,0.0000,0.9997
0.0177,0.0810,0.0000,0.6331,0.0001,0.0005,0.0765
0.0000,0.5042,0.0001,0.0001,0.0000,0.0002,0.0005
0.0000,0.4522,0.0001,0.7554,0.0000,0.0000,0.0013
0.0424,0.0629,0.0020,0.9263,0.0006,0.0159,0.1999
0.0016,0.0049,0.0002,0.9777,0.0000,0.0001,0.0511
0.0000,0.0009,0.9984,0.3388,0.0012,0.0000,0.0150
0.0003,0.0038,0.0000,0.2349,0.0001,0.0001,0.9896
0.0000,0.0116,0.0866,0.0763,0.0062,0.0000,0.0869
0.0000,0.0004,0.0000,1.0000,0.0004,0.0000,0.0083
0.0720,0.4261,0.0004,0.8936,0.0178,0.0001,0.0046
0.0000,0.0154,0.0000,0.8636,0.0001,0.0000,0.9722
0.0015,0.0084,0.0002,0.9818,0.0001,0.0025,0.0718
0.0005,0.7750,0.0010,0.0434,0.0382,0.0000,0.9563
0.0000,0.0001,0.0099,0.0150,0.0000,0.0000,0.9945
0.0000,0.1679,0.0000,0.0494,0.0007,0.0000,0.9796
0.0000,0.1702,0.0045,0.0513,0.0013,0.0000,0.6575
0.0062,0.9952,0.0006,0.0010,0.0000,0.6980,0.0000
0.0012,0.9664,0.0016,0.0003,0.0038,0.1596,0.0000
0.0000,0.7531,0.0065,0.0595,0.0017,0.0156,0.0000
0.0008,0.9686,0.0085,0.2440,0.1328,0.0011,0.0000
0.0351,0.9998,0.0031,0.8476,0.0000,0.0474,0.0000
0.0020,0.9778,0.0024,0.1730,0.0384,0.0076,0.0000
0.0003,0.0037,0.0006,0.9718,0.0001,0.0005,0.0175
0.0054,0.9784,0.0246,0.4618,0.0727,0.0119,0.0000
0.9984,0.9984,0.0002,0.0000,0.0000,0.9997,0.0000
0.0000,0.0020,0.0007,0.9263,0.0603,0.0018,0.0002
0.0000,0.0057,0.0340,0.9637,0.0558,0.0000,0.0069
0.0008,0.5793,0.8495,0.9419,0.0001,0.0162,0.0005
0.0000,0.0040,0.0567,0.9727,0.0486,0.0000,0.0112
0.0144,0.0138,0.2586,0.9901,0.0000,0.4288,0.0000
0.6578,0.9790,0.1039,0.7287,0.0004,0.7074,0.0000
0.0007,0.0118,0.1878,0.1355,0.2909,0.0297,0.0144
0.6632,0.9802,0.0760,0.6147,0.0002,0.7423,0.0000
0.1441,0.4178,0.3858,0.3508,0.0538,0.3030,0.1018
0.0000,1.0000,0.0000,0.0001,0.0000,0.0000,0.0000
0.0000,0.0000,0.0000,0.0000,0.0000,1.0000,0.0000
0.0000,0.9997,0.0000,0.0000,0.0003,0.0002,0.0000
0.0000,0.0000,0.0000,0.0000,0.0000,1.0000,0.0000
0.0000,0.9995,0.0057,0.0063,0.0000,0.0001,0.0000
0.0000,0.9998,0.0001,0.0000,0.0000,0.0020,0.0000
0.0003,0.9999,0.0576,0.0015,0.0000,0.0000,0.0050
0.0031,0.6138,0.2047,0.2031,0.0015,0.0022,0.0013
0.0000,0.0000,0.0132,0.9997,0.0000,0.0021,0.0002
0.0007,0.0893,0.0405,0.3840,0.0250,0.0004,0.4383
0.0097,0.9842,0.1054,0.0426,0.0058,0.9988,0.0000
0.0000,0.0000,0.0000,0.0000,0.0000,1.0000,0.0001
0.0000,0.0008,0.0113,0.9961,0.0002,0.0000,0.0002
0.0000,0.0000,0.0000,0.0000,0.0000,1.0000,0.0000
0.0110,0.5540,0.3249,0.1772,0.0156,0.0038,0.1146
0.0010,0.9806,0.9659,0.0000,0.9998,0.0001,0.0001
0.0006,0.1851,0.2672,0.5283,0.1535,0.0020,0.0056
0.0000,0.0030,0.0283,0.8914,0.0022,0.0003,0.0360
0.0000,0.0039,0.0017,0.9804,0.0153,0.0000,0.0144
0.0182,0.4007,0.0576,0.0011,0.9880,0.0330,0.0034
0.0000,0.5668,0.5644,0.9993,0.0001,0.0003,0.0000
0.9951,0.9999,0.9987,0.0000,0.9999,0.9550,0.0006
0.0000,0.0004,0.0027,0.0358,0.0041,0.0025,0.5597
0.0000,0.1344,0.0012,0.5437,0.0787,0.0002,0.0000
0.0000,0.0331,0.0821,0.9799,0.0007,0.0000,0.0003
0.0132,0.3392,0.0110,0.0063,0.1087,0.0074,0.3885
0.0001,0.4707,0.1341,0.7542,0.0010,0.0005,0.0134
0.0000,0.0000,0.0001,0.9965,0.0001,0.0000,0.8218
0.0000,0.8821,0.0127,0.8766,0.0000,0.0000,0.0051
0.9890,0.9987,0.3679,0.9450,0.9925,1.0000,0.0000
0.9988,0.9999,0.9994,0.8314,0.9955,0.9999,0.0000
0.9995,1.0000,0.9998,0.9925,0.9912,1.0000,0.0000
0.0066,0.9280,0.2653,0.0584,0.0399,0.0020,0.0286
0.9988,0.9999,0.9995,0.8275,0.9953,0.9999,0.0000
0.2794,0.8639,0.0005,0.2516,0.8859,0.0016,0.0028
0.3088,0.8259,0.9712,0.6116,0.7202,0.0290,0.0001
0.0421,0.7076,0.8827,0.0003,0.9997,0.4520,0.0000
0.0151,0.3422,0.0014,0.9892,0.0305,0.0213,0.0156
0.0295,0.7407,0.0208,0.9743,0.0221,0.0072,0.0025
0.0000,0.0039,0.0000,0.0136,0.0011,0.0003,0.9757
0.0003,0.2810,0.0010,0.6959,0.0038,0.0003,0.3486
0.0000,0.0002,0.0000,1.0000,0.0000,0.1719,0.0000
1.0000,1.0000,0.0000,0.0004,1.0000,1.0000,0.0000
0.0000,0.0000,1.0000,0.0000,0.0000,1.0000,0.0000
0.0028,0.0000,0.9124,0.4317,0.6401,0.0000,0.0001
0.0015,0.9461,0.2779,0.0128,0.0212,0.0414,0.0001
0.1476,0.0976,1.0000,1.0000,0.0000,1.0000,0.0000
0.0010,0.0000,0.4610,0.4191,0.0616,0.0021,0.0000
0.0000,0.0000,0.0000,1.0000,0.0000,0.2914,0.0000
1.0000,1.0000,0.0000,0.0536,0.0000,1.0000,0.0000
1.0000,1.0000,0.0000,0.0000,0.0000,1.0000,0.0000
1.0000,1.0000,0.0001,0.0376,0.0001,1.0000,0.0000
0.0096,0.0005,0.8031,0.7785,0.0917,0.0015,0.0002
1.0000,1.0000,0.0000,0.0000,0.0000,1.0000,0.0000
0.0000,0.0000,0.0000,1.0000,0.0000,0.0915,0.0000
0.0000,0.0000,0.0000,1.0000,0.0000,0.0881,0.0000
0.6509,0.6467,0.8748,1.0000,0.0000,0.5681,0.0000
0.0000,0.0000,0.0000,1.0000,0.0000,0.0914,0.0000
0.0000,0.0020,0.0000,1.0000,0.0000,0.0000,0.0000
0.0042,0.0012,1.0000,0.0000,0.2114,1.0000,0.0000
0.0036,0.0927,0.0196,0.8564,0.0006,0.0003,0.0001
1.0000,1.0000,1.0000,1.0000,1.0000,0.0002,0.0002
0.0013,0.9997,0.9998,1.0000,0.0000,0.0002,0.0000
0.0000,0.0000,0.0000,1.0000,0.0000,0.0937,0.0000
0.9999,1.0000,0.0000,0.5454,0.0000,0.9999,0.0000
0.0000,0.0027,0.0500,0.9953,0.0003,0.0001,0.0000
0.0123,0.0003,0.9174,0.6630,0.5192,0.0008,0.0001
0.0000,0.0000,0.0000,1.0000,0.0000,0.0874,0.0000
1.0000,1.0000,1.0000,1.0000,0.0000,1.0000,0.0000
1.0000,1.0000,0.0001,0.0000,1.0000,0.0000,0.0001
1.0000,1.0000,1.0000,0.0000,0.9999,1.0000,0.0000
0.0172,0.0010,0.9532,0.9121,0.6916,0.0008,0.0000
0.0000,0.0001,1.0000,0.0000,0.0000,1.0000,0.0000
0.0000,0.0000,1.0000,0.0000,0.9995,0.0000,0.0001
1.0000,1.0000,0.7642,0.9818,0.0467,0.8808,0.0000
1.0000,1.0000,1.0000,1.0000,0.0000,1.0000,0.0000
0.1107,0.9907,0.0346,0.8648,0.0022,0.0529,0.0041
0.0000,0.0000,1.0000,0.0000,0.9999,0.0000,0.0001
1.0000,1.0000,1.0000,0.0000,1.0000,1.0000,0.0000
0.0060,0.9883,0.0000,0.0948,0.0000,0.0011,0.0000
0.2887,0.9950,0.0001,0.9448,0.8819,0.0001,0.0005
0.0007,0.3715,0.0181,0.9964,0.0548,0.0002,0.0000
0.0159,0.9375,0.3367,0.9209,0.0073,0.3329,0.0002
0.5265,0.9632,0.0029,0.9992,0.0132,0.8168,0.0002
0.0031,0.7922,0.0001,0.9928,0.0007,0.0004,0.0002
0.0000,0.0002,0.0000,0.5028,0.0201,0.0000,0.0010
0.3922,1.0000,0.0000,0.9454,0.8426,0.0014,0.0000
0.0184,0.1134,0.0063,0.0022,0.9940,0.0099,0.0000
0.0034,0.4103,0.0173,0.0602,0.9149,0.0087,0.0175
0.0010,0.1837,0.0053,0.0832,0.8235,0.0037,0.1476
0.0013,1.0000,0.0002,0.0058,0.0000,0.0003,0.0156
0.0000,0.7169,0.0152,0.2427,0.0001,0.0000,0.0000
0.0000,0.8238,0.0000,0.8236,0.0000,0.0000,0.0034
0.0000,1.0000,0.0001,0.0000,0.0000,0.0000,0.0001
0.0000,0.0987,0.0004,0.0000,0.0000,0.7622,0.0031
0.0000,0.0012,0.0000,0.9632,0.0004,0.0000,0.0123
0.0001,0.9923,0.0002,0.0004,0.0000,0.0000,0.0093
0.0030,0.6509,0.0218,0.0168,0.0405,0.0118,0.1890
0.0076,0.7051,0.0109,0.3440,0.0062,0.0076,0.2553
0.0002,0.7985,0.0008,0.0577,0.0023,0.0005,0.8674
0.0001,0.6816,0.0015,0.0249,0.0010,0.0002,0.1364
0.0000,0.0008,0.9634,0.9756,0.0000,0.0000,0.0045
0.0009,0.1192,0.0000,0.8317,0.0002,0.0000,0.9987
0.0001,0.8465,0.0012,0.0083,0.0010,0.0004,0.1298
0.0000,0.0000,0.0000,1.0000,0.0067,0.0000,0.0001
0.0001,0.0001,0.0417,0.0024,0.0722,0.0000,0.0002
0.0000,0.0057,0.0001,0.9871,0.0001,0.0000,0.0476
0.0000,0.0919,0.0006,0.0411,0.0157,0.0000,0.7342
0.0012,0.3084,0.0000,0.9882,0.0000,0.0020,0.0387
0.0000,0.0005,0.0000,0.0000,0.0001,0.0000,0.9985
0.0000,0.0104,0.0000,0.0002,0.0000,0.0000,0.9999
0.0000,0.0732,0.0000,0.1689,0.0006,0.0000,0.9800
0.0001,0.3802,0.0001,0.4555,0.0025,0.0005,0.1704
0.0000,0.5983,0.0000,0.0179,0.0002,0.0000,0.9965
0.0000,0.9174,0.0000,0.0331,0.0000,0.0000,0.3354
0.0048,0.6846,0.0227,0.0223,0.0182,0.0319,0.0433
0.0000,0.9958,0.0004,0.0289,0.0008,0.0000,0.0266
0.0002,0.4447,0.0595,0.3214,0.0063,0.0008,0.0378
0.0000,0.1611,0.0001,0.3941,0.0134,0.0000,0.8499
0.0000,0.0271,0.0016,0.0923,0.0021,0.0000,0.1423
0.0001,0.0816,0.0000,0.0001,0.0000,0.0301,0.8550
0.0001,0.0433,0.0152,0.1960,0.0001,0.0001,0.2408
0.0000,0.2875,0.0000,0.0000,0.0000,0.0009,0.0084
0.0004,0.9214,0.0007,0.1022,0.0032,0.0001,0.0446
0.0000,0.0248,0.0000,0.1110,0.0028,0.0000,0.9720
0.8948,0.9985,0.0005,0.7482,0.0000,0.9812,0.0003
0.0000,0.0013,0.0002,0.0210,0.0810,0.0000,0.4997
0.0000,0.1774,0.0000,0.4057,0.0003,0.0000,0.9648
0.0003,0.0015,0.0000,0.9999,0.0000,0.7477,0.0000
1.0000,1.0000,0.0000,0.0002,1.0000,1.0000,0.0000
0.0000,0.0000,1.0000,0.0000,0.0000,1.0000,0.0000
0.0032,0.0001,0.9073,0.5763,0.8726,0.0001,0.0000
0.0018,0.9284,0.2935,0.0048,0.0567,0.3326,0.0001
0.0640,0.0463,1.0000,1.0000,0.0000,1.0000,0.0000
0.0012,0.0000,0.4234,0.6323,0.1651,0.0045,0.0000
0.0001,0.0001,0.0000,1.0000,0.0000,0.8260,0.0000
1.0000,1.0000,0.0000,0.4233,0.0000,1.0000,0.0000
1.0000,1.0000,0.0000,0.0000,0.0000,1.0000,0.0000
1.0000,1.0000,0.0001,0.4010,0.0000,1.0000,0.0000
0.0094,0.0008,0.8332,0.8698,0.2108,0.0028,0.0001
1.0000,1.0000,0.0000,0.0000,0.0000,1.0000,0.0000
0.0001,0.0001,0.0000,1.0000,0.0000,0.5891,0.0000
0.0001,0.0001,0.0000,1.0000,0.0000,0.5737,0.0000
0.0851,0.0291,0.2369,0.9849,0.0005,0.3867,0.0000
0.0001,0.0001,0.0000,1.0000,0.0000,0.5874,0.0000
0.0001,0.0258,0.0000,1.0000,0.0000,0.0003,0.0000
0.0010,0.0003,1.0000,0.0000,0.0328,1.0000,0.0000
0.0017,0.1494,0.0215,0.6207,0.0034,0.0005,0.0001
1.0000,1.0000,1.0000,1.0000,1.0000,0.0001,0.0001
0.0017,0.9998,0.9998,1.0000,0.0000,0.0002,0.0000
0.0001,0.0001,0.0000,1.0000,0.0000,0.5906,0.0000
0.9999,1.0000,0.0000,0.9203,0.0000,0.9999,0.0000
0.0000,0.0050,0.0424,0.9869,0.0004,0.0001,0.0000
0.4047,0.9801,0.3047,0.2412,0.0000,0.0110,0.0000
0.0135,0.0005,0.9187,0.8485,0.7016,0.0015,0.0000
0.0001,0.0001,0.0000,1.0000,0.0000,0.5909,0.0000
1.0000,1.0000,1.0000,1.0000,0.0000,1.0000,0.0000
1.0000,1.0000,0.0001,0.0000,1.0000,0.0000,0.0001
1.0000,1.0000,1.0000,0.0000,1.0000,1.0000,0.0000
0.0186,0.0014,0.9533,0.9618,0.8239,0.0014,0.0000
0.0000,0.0001,1.0000,0.0000,0.0000,1.0000,0.0000
0.0000,0.0000,1.0000,0.0000,0.9997,0.0000,0.0000
1.0000,1.0000,0.8003,0.9933,0.0653,0.8310,0.0000
1.0000,1.0000,1.0000,1.0000,0.0000,1.0000,0.0000
0.1371,0.9931,0.0444,0.7834,0.0020,0.0444,0.0034
1.0000,1.0000,1.0000,0.0000,1.0000,1.0000,0.0000
0.0016,0.3279,0.7101,0.9062,0.1359,0.0000,0.1662
0.0000,0.0000,1.0000,0.0000,0.9999,0.0000,0.0000
0.0000,0.0005,0.0000,1.0000,0.0000,0.2008,0.0000
1.0000,1.0000,0.0000,0.0000,1.0000,1.0000,0.0000
0.0000,0.0000,1.0000,0.0000,0.0000,1.0000,0.0000
0.0015,0.0001,0.9009,0.4207,0.6546,0.0000,0.0000
0.0012,0.9695,0.2498,0.0049,0.0270,0.1377,0.0001
0.1989,0.2277,0.9999,1.0000,0.0000,1.0000,0.0000
0.0005,0.0000,0.4064,0.4217,0.0630,0.0032,0.0000
0.0000,0.0000,0.0000,1.0000,0.0000,0.3258,0.0000
1.0000,1.0000,0.0000,0.0401,0.0000,1.0000,0.0000
1.0000,1.0000,0.0000,0.0000,0.0000,1.0000,0.0000
1.0000,1.0000,0.0001,0.0327,0.0001,1.0000,0.0000
0.0047,0.0005,0.7876,0.7530,0.0941,0.0019,0.0001
1.0000,1.0000,0.0000,0.0000,0.0000,1.0000,0.0000
0.0000,0.0001,0.0000,1.0000,0.0000,0.1035,0.0000
0.0000,0.0000,0.0000,1.0000,0.0000,0.0994,0.0000
0.6978,0.6267,0.7817,1.0000,0.0000,0.5095,0.0000
0.0000,0.0001,0.0000,1.0000,0.0000,0.1030,0.0000
0.0000,0.0050,0.0000,1.0000,0.0000,0.0000,0.0000
0.0067,0.3668,0.0014,0.1899,0.9898,0.0033,0.0003
0.0112,0.0027,1.0000,0.0000,0.0563,1.0000,0.0000
0.0042,0.1733,0.0131,0.6594,0.0006,0.0008,0.0001
1.0000,1.0000,1.0000,1.0000,1.0000,0.0001,0.0002
0.0017,0.9997,0.9997,1.0000,0.0000,0.0002,0.0000
0.0000,0.0001,0.0000,1.0000,0.0000,0.1054,0.0000
0.9998,1.0000,0.0000,0.5497,0.0000,0.9999,0.0000
0.0000,0.0046,0.0246,0.9935,0.0002,0.0003,0.0000
0.0008,0.0002,0.0000,0.3625,0.0000,0.0305,0.0000
0.0060,0.0003,0.9062,0.6906,0.4927,0.0011,0.0000
0.0000,0.0000,0.0000,1.0000,0.0000,0.0993,0.0000
1.0000,1.0000,1.0000,1.0000,0.0000,1.0000,0.0000
1.0000,1.0000,0.0001,0.0000,1.0000,0.0000,0.0002
0.0597,0.9871,0.1223,0.9983,0.0000,0.6774,0.0000
1.0000,1.0000,1.0000,0.0000,0.9999,1.0000,0.0000
0.0005,0.0032,0.0048,0.9999,0.0023,0.0014,0.0000
0.0099,0.0011,0.9464,0.9224,0.6606,0.0011,0.0000
0.9170,0.4020,0.0168,1.0000,0.0592,0.0000,0.0000
0.0000,0.0003,1.0000,0.0000,0.0000,1.0000,0.0000
0.8476,0.9831,0.0973,0.0293,0.8218,0.9383,0.0026
0.0000,0.0000,1.0000,0.0000,0.9996,0.0000,0.0001
0.6841,0.9120,0.5053,0.8711,0.9855,0.8400,0.0003
1.0000,1.0000,0.7502,0.9738,0.0340,0.8108,0.0000
1.0000,1.0000,1.0000,1.0000,0.0000,1.0000,0.0000
0.0991,0.9917,0.0263,0.8666,0.0018,0.0515,0.0026
1.0000,1.0000,1.0000,0.0000,1.0000,1.0000,0.0000
0.0000,0.0000,1.0000,0.0000,0.9999,0.0000,0.0001
0.0769,0.9331,0.0537,0.8907,0.2638,0.1229,0.0003
0.9695,0.9999,0.0000,0.1685,0.0024,0.6182,0.0002
0.1636,0.8716,0.0160,0.7191,0.5623,0.1600,0.0318
0.0010,0.8488,0.0003,0.9194,0.0000,0.0265,0.0000
0.0000,0.0008,0.0001,0.9712,0.0138,0.0000,0.1039
0.0009,0.8576,0.0002,0.9057,0.0000,0.0200,0.0000
0.0030,0.8956,0.0110,0.0169,0.5955,0.0001,0.0009
0.1273,0.6822,0.0480,0.8537,0.0051,0.0118,0.0762
0.8100,0.9999,0.2050,0.2201,0.2022,0.2151,0.0000
0.0000,0.0017,0.5770,0.0492,0.0023,0.0001,0.2075
0.9225,0.9933,0.0002,0.9347,0.0001,0.3407,0.0006
0.0002,0.4469,0.0001,0.0316,0.0002,0.0050,0.0026
0.0000,0.0101,0.0002,0.9946,0.0113,0.0000,0.2934
0.0243,0.9874,0.0001,0.9968,0.0000,0.0181,0.0001
0.9265,0.9997,0.0274,0.0143,0.9961,0.0079,0.0014
0.0005,0.2036,0.0246,0.9242,0.0077,0.0002,0.0099
0.0583,0.7935,0.0097,0.9893,0.0129,0.0063,0.0748
0.9525,0.9965,0.0064,0.9202,0.0062,0.7584,0.0044
0.0093,0.9295,0.0001,0.2546,0.4919,0.0043,0.0378
0.8289,0.9942,0.0120,0.8841,0.0047,0.4474,0.0020
0.0000,0.0000,0.0034,0.7546,0.1750,0.0000,0.6396
0.0101,0.9561,0.5191,0.5461,0.0024,0.0016,0.0012
0.0000,0.0028,0.0103,0.9828,0.0149,0.0001,0.1480
0.0000,0.0185,0.0009,0.8197,0.7505,0.0000,0.5634
0.0027,0.0081,0.0083,0.9700,0.0049,0.0017,0.2222
0.0003,0.9998,0.0000,0.0005,0.0001,0.0001,0.0036
0.5391,0.2179,0.0001,0.0044,0.0001,0.6533,0.0143
0.0004,0.9997,0.0008,0.0144,0.0022,0.0000,0.0231
0.0006,0.8712,0.0006,0.5381,0.0026,0.0000,0.0806
0.0000,0.8711,0.0019,0.6981,0.0716,0.0000,0.0036
0.0609,0.9449,0.0250,0.4774,0.4614,0.0994,0.1159
0.0002,0.0133,0.0008,0.7040,0.0228,0.0006,0.7755
0.9692,0.9987,0.0001,0.9894,0.0002,0.9848,0.0004
0.8895,0.9966,0.0045,0.9444,0.0049,0.8984,0.0029
0.0000,0.0008,0.0000,0.9951,0.0425,0.0000,0.6381
0.0000,0.0041,0.0003,0.9120,0.0005,0.0001,0.6797
0.4835,0.0131,0.0000,0.7938,0.0000,0.0068,0.0061
0.0117,0.0004,0.0000,0.5408,0.0006,0.0067,0.7211
0.9867,0.0000,0.0000,0.0001,0.0000,0.9871,0.0001
0.9990,0.0000,0.0000,0.0001,0.0000,0.9818,0.0012
0.0007,0.2370,0.0221,0.9486,0.2201,0.0005,0.0008
0.1533,0.0043,0.0000,0.9892,0.0001,0.0161,0.0008
0.0713,0.0032,0.0002,0.2271,0.0004,0.0040,0.5788
0.2311,0.0244,0.0005,0.6865,0.0045,0.0358,0.2490
0.5932,0.0015,0.0000,0.2732,0.0000,0.0001,0.0621
0.0021,0.0149,0.0000,0.9944,0.0007,0.0003,0.0175
0.2933,0.0057,0.0003,0.7681,0.0010,0.0546,0.0567
0.2203,0.0034,0.0001,0.9665,0.0003,0.0177,0.0094
0.1955,0.0003,0.0005,0.9989,0.0018,0.0102,0.0004
0.1443,0.0248,0.0001,0.8929,0.0017,0.0056,0.0324
0.0041,0.0048,0.0000,0.9938,0.0002,0.0001,0.0007
0.0054,0.0015,0.0000,0.8982,0.0000,0.0001,0.2808
0.0024,0.0002,0.0000,0.8398,0.0001,0.0000,0.4721
0.0011,0.0155,0.0041,0.0038,0.0103,0.0085,0.0088
0.0019,0.2012,0.0003,0.0051,0.0017,0.0008,0.0277
0.0001,0.9890,0.0134,0.0281,0.0013,0.0002,0.0033
0.0000,0.4546,0.0071,0.0128,0.0000,0.9861,0.0000
0.0000,1.0000,0.0001,0.0000,0.0000,0.0000,0.0001
0.0000,0.9995,0.0000,0.0014,0.0000,0.0000,0.0007
0.0000,0.0676,0.0006,0.7511,0.0004,0.0000,0.0001
0.0000,0.0001,0.0000,0.0014,0.0000,0.0000,0.9963
0.0000,0.0021,0.0000,0.9940,0.0003,0.0000,0.2873
0.0000,0.0028,0.0000,0.9897,0.0183,0.0000,0.0002
0.0000,0.0000,0.0103,0.6520,0.0032,0.0000,0.0886
0.0000,0.0008,0.0014,0.8560,0.0012,0.0000,0.0001
0.0000,0.1181,0.0002,0.8045,0.0049,0.0000,0.0029
0.0000,0.0083,0.0000,0.5011,0.0001,0.0000,0.1472
0.0000,0.0010,0.0003,0.7311,0.0013,0.0000,0.3403
0.0000,0.0004,0.0005,0.9983,0.0001,0.0000,0.0000
0.0000,0.0021,0.2987,0.0056,0.0000,0.0001,0.4147
0.0000,0.0009,0.0005,0.8588,0.0039,0.0000,0.0487
0.0000,0.0000,0.7401,0.9788,0.0106,0.0000,0.0000
0.0000,0.0034,0.0000,0.9141,0.0004,0.0000,0.4370
0.0000,0.0108,0.0237,0.0478,0.0037,0.0000,0.5849
0.0000,0.0229,0.1275,0.0930,0.0009,0.0001,0.3858
0.0000,0.0033,0.6887,0.0003,0.0001,0.0012,0.0097
0.0000,0.0123,0.0000,0.0342,0.0001,0.0000,0.9995
0.0000,0.0000,0.9779,0.6689,0.0008,0.0000,0.0004
0.0016,0.7942,0.0073,0.0025,0.0027,0.0040,0.8016
0.0000,0.0471,0.0000,0.2260,0.0001,0.0000,0.4248
0.0000,0.0028,0.8562,0.0002,0.0001,0.0017,0.0020
0.0000,0.0068,0.0358,0.0005,0.0000,0.0004,0.5536
0.0000,0.0037,0.0007,0.0464,0.0053,0.0002,0.9838
0.0000,0.0000,0.9833,0.3056,0.0009,0.0000,0.0021
0.0000,0.0002,0.7643,0.0196,0.0037,0.0000,0.0557
0.0008,0.2546,0.2762,0.1437,0.0260,0.0017,0.3343
0.0012,0.7496,0.0986,0.2313,0.0039,0.0015,0.0220
0.0000,0.0250,0.0033,0.0003,0.0000,0.0000,0.9858
0.0000,0.0005,0.0098,0.0002,0.0000,0.0009,0.9834
0.0000,0.0035,0.6558,0.0003,0.0001,0.0012,0.0117
0.0010,0.0022,0.1090,0.5479,0.0422,0.0020,0.7711
0.0000,0.1399,0.0146,0.0895,0.0001,0.0000,0.5581
0.0000,0.0080,0.0001,0.8179,0.0013,0.0000,0.0026
0.0000,0.0089,0.0030,0.7301,0.0021,0.0000,0.0003
0.0000,0.0019,0.0004,0.0979,0.0000,0.0000,0.8816
0.0000,0.0000,0.0009,0.9996,0.0000,0.0000,0.1915
0.0000,0.0000,0.0001,0.8385,0.0002,0.0000,0.9752
0.0000,0.0046,0.0001,0.9971,0.0001,0.0000,0.2544
0.0000,0.0000,0.0000,0.7697,0.0000,0.0000,0.2028
0.0005,0.0035,0.0013,0.0072,0.0027,0.0067,0.9749
0.0000,0.0112,0.0001,0.9894,0.0001,0.0000,0.1882
0.0000,0.0034,0.0000,0.9250,0.0001,0.0000,0.7971
0.0012,0.9975,0.0001,0.0000,0.0001,0.0059,0.0095
0.0169,0.9950,0.0011,0.0007,0.0042,0.0577,0.0000
0.6466,0.4797,0.0002,0.0003,0.0002,0.9919,0.0004
0.0000,0.4542,0.0011,0.0043,0.0001,0.0001,0.6842
0.0000,0.0043,0.0276,0.0002,0.0034,0.0007,0.4035
0.9991,0.0000,0.0000,0.0000,0.0000,0.9997,0.0000
0.0010,0.0428,0.0000,0.0000,0.0001,0.8891,0.0002
0.0020,0.9901,0.0001,0.0033,0.0000,0.0000,0.0002
0.9889,1.0000,0.0000,0.0000,0.0002,0.8875,0.0000
0.0006,0.9975,0.0001,0.0047,0.0000,0.0000,0.0002
0.9998,0.0002,0.3181,0.0001,0.0000,0.9991,0.0000
0.9995,0.0002,0.0000,0.0000,0.0000,0.9999,0.0000
0.3603,0.9947,0.0002,0.0000,0.0000,0.0055,0.0000
0.0043,0.9721,0.0004,0.0063,0.0001,0.0002,0.0011
0.5011,0.8761,0.0000,0.0000,0.0000,0.1783,0.0000
0.0000,0.0000,0.0000,0.0000,0.0000,0.9998,0.0000
0.9940,0.0003,0.0000,0.0001,0.0000,0.9997,0.0000
0.0000,0.0000,0.0000,0.0000,0.0000,0.9999,0.0000
0.4366,0.9562,0.0000,0.0000,0.0000,0.0892,0.0000
0.0020,0.9901,0.0001,0.0033,0.0000,0.0000,0.0002
0.0022,0.0201,0.0001,0.0006,0.0001,0.9552,0.0001
0.0000,0.0002,0.0000,0.0000,0.0000,0.9999,0.0000
0.0000,0.0000,0.0000,0.0000,0.0000,0.9999,0.0000
0.0016,0.0021,0.0001,0.0001,0.0005,0.9925,0.0009
0.0005,0.0014,0.0001,0.0001,0.0002,0.9678,0.0002
0.7646,0.5138,0.0005,0.1115,0.0000,0.6528,0.0000
0.0566,0.2880,0.0004,0.0000,0.0011,0.9260,0.0007
0.0596,0.0646,0.0000,0.0000,0.0000,0.9762,0.0000
0.0093,0.0050,0.0000,0.0034,0.0000,0.5783,0.1341
0.2840,0.4476,0.0017,0.0223,0.0010,0.1541,0.0249
0.0012,0.0025,0.0001,0.0001,0.0006,0.9904,0.0006
0.9973,0.9980,0.0000,0.0000,0.0001,0.9107,0.0000
0.9983,0.9999,0.0000,0.0000,0.0000,0.0186,0.0000
0.9265,0.2018,0.0000,0.0002,0.0005,0.9923,0.0000
0.0002,0.7796,0.0067,0.0017,0.0000,0.0157,0.0000
0.9804,0.0189,0.0002,0.0025,0.0000,0.9960,0.0000
0.0007,0.8961,0.0096,0.0002,0.0000,0.0200,0.0000
0.9990,1.0000,0.0000,0.0000,0.0000,0.9981,0.0000
0.9002,0.1486,0.0000,0.0007,0.0000,0.8203,0.0000
0.0508,0.2681,0.0008,0.0016,0.0001,0.1808,0.0250
0.0002,0.7681,0.0051,0.0041,0.0000,0.0393,0.0000
0.3616,0.7139,0.0054,0.0025,0.0008,0.0835,0.0179
0.0000,0.7764,0.0000,0.0060,0.0000,0.0006,0.0000
0.9333,0.9995,0.0000,0.0001,0.0002,0.8731,0.0000
0.0799,0.9999,0.0000,0.0001,0.0002,0.0104,0.0000
0.9854,0.9915,0.0001,0.0003,0.0001,0.8841,0.0000
0.4630,0.1662,0.0341,0.0696,0.0007,0.2841,0.0003
0.9867,0.9941,0.0001,0.0006,0.0000,0.8302,0.0000
0.6089,0.9816,0.0004,0.0027,0.0002,0.0008,0.0003
0.2729,0.9762,0.0000,0.1674,0.0000,0.9574,0.0001
0.0021,0.0057,0.0001,0.0002,0.0004,0.9840,0.0003
0.9267,0.3794,0.0042,0.1940,0.0003,0.6751,0.0000
0.0009,0.9192,0.0101,0.0003,0.0000,0.0203,0.0000
0.0014,0.9767,0.0029,0.2219,0.0017,0.0046,0.0463
0.9183,0.9997,0.0000,0.0000,0.0000,0.0137,0.0000
0.9269,0.1875,0.0078,0.1958,0.0004,0.6664,0.0000
0.0094,0.9838,0.0022,0.0165,0.0023,0.0014,0.0089
0.2326,0.9994,0.0000,0.0001,0.0001,0.0474,0.0000
0.9717,0.9983,0.0001,0.0002,0.0001,0.8309,0.0000
0.1132,0.8741,0.0007,0.0001,0.0001,0.2612,0.0000
0.0048,0.9756,0.0004,0.0052,0.0001,0.0003,0.0010
0.0034,0.0118,0.0005,0.0003,0.0044,0.9840,0.0008
0.0794,0.9523,0.0055,0.0005,0.0001,0.0054,0.0274
0.0000,0.8165,0.0000,0.0183,0.0001,0.0008,0.0000
0.0047,0.0226,0.0007,0.0008,0.0036,0.9724,0.0004
0.0033,0.0155,0.0004,0.0002,0.0025,0.9792,0.0010
0.0012,0.0030,0.0001,0.0000,0.0006,0.9895,0.0006
0.6292,0.9898,0.0001,0.0001,0.0003,0.9860,0.0000
1.0000,1.0000,0.0000,0.9993,0.9226,1.0000,0.0000
1.0000,1.0000,0.0000,0.9972,0.9878,1.0000,0.0000
0.0000,0.9616,0.0001,0.0001,0.0000,0.9998,0.0000
0.3402,0.9986,0.0000,0.3376,0.0000,0.4559,0.0000
0.2362,0.7821,0.9641,0.9748,0.7428,0.6276,0.0047
1.0000,1.0000,0.0000,0.9972,0.9931,1.0000,0.0000
0.9924,0.9510,0.6796,0.0161,0.0001,1.0000,0.0000
1.0000,1.0000,0.0000,0.7326,0.0002,0.2566,0.0000
0.9920,0.9558,0.6721,0.0152,0.0002,1.0000,0.0000
1.0000,1.0000,0.0000,0.9998,0.9995,1.0000,0.0000
1.0000,1.0000,0.0000,0.9998,0.9995,1.0000,0.0000
0.0075,0.0433,0.0074,0.9956,0.1904,0.0011,0.0000
0.0776,0.6203,0.0000,0.1995,0.9665,0.0249,0.0000
0.2575,0.1493,0.0248,0.9993,0.0005,0.0040,0.0000
1.0000,1.0000,0.0000,0.9999,0.9995,1.0000,0.0000
1.0000,1.0000,0.0000,1.0000,0.9988,0.9994,0.0000
0.0007,0.2252,0.0025,0.2905,0.0000,0.8205,0.0000
1.0000,1.0000,0.0000,0.9998,0.9995,1.0000,0.0000
0.0247,0.2144,0.0000,0.3593,0.9957,0.0000,0.9966
0.0561,0.0964,0.0006,0.9790,0.0029,0.0025,0.0033
1.0000,1.0000,0.0000,0.9999,0.9997,1.0000,0.0000
0.9975,0.9747,0.0683,0.0528,0.0335,0.9992,0.0000
0.0001,0.0045,0.0024,0.9999,0.0035,0.0001,0.0000
0.9981,0.9999,0.0000,0.9844,0.9900,0.0015,0.0000
1.0000,1.0000,0.0000,1.0000,0.9980,0.9987,0.0000
0.0180,0.8418,0.2590,0.9905,0.1694,0.0007,0.0084
1.0000,1.0000,0.0000,0.9998,0.9986,1.0000,0.0000
1.0000,1.0000,0.0000,0.9998,0.9986,1.0000,0.0000
1.0000,0.9997,0.0000,0.9997,0.9945,0.9998,0.0000
1.0000,1.0000,0.0000,0.9998,0.9991,1.0000,0.0000
0.9974,0.9999,0.0001,0.9915,0.9952,0.0012,0.0000
1.0000,1.0000,0.0000,1.0000,0.9864,0.9972,0.0000
1.0000,0.9999,0.0000,1.0000,0.9986,0.9999,0.0000
1.0000,1.0000,0.0000,0.9955,1.0000,0.9999,0.0000
0.0000,0.0000,0.8901,0.2123,0.0001,0.0000,0.0000
1.0000,1.0000,0.0000,1.0000,0.9969,0.9999,0.0000
1.0000,0.9998,0.0000,0.9999,0.9975,0.9999,0.0000
0.0000,0.0011,0.0000,0.9880,0.7878,0.0315,0.0000
1.0000,1.0000,0.0000,0.9998,0.9987,1.0000,0.0000
0.0034,0.9448,0.0048,0.0021,0.9943,0.0000,0.0017
0.0021,0.0024,0.0542,0.9582,0.0228,0.0651,0.0000
1.0000,1.0000,0.0000,1.0000,0.9970,0.9999,0.0000
0.0031,0.3390,0.0410,0.4099,0.0783,0.0000,0.0425
0.9999,0.9999,0.0001,0.9998,0.9562,0.9984,0.0000
1.0000,1.0000,0.0000,1.0000,0.9992,0.9999,0.0000
0.9974,0.9994,0.0000,0.9900,0.1163,0.2000,0.0000
0.9998,0.9989,0.0000,0.0000,0.0000,0.3488,0.0000
1.0000,1.0000,0.0000,0.0003,0.0000,0.9998,0.0000
1.0000,1.0000,0.0000,0.0000,0.0000,0.9996,0.0000
0.9999,1.0000,0.0000,0.0000,0.0000,0.9990,0.0000
0.9995,0.9933,0.0000,0.0101,0.0003,0.0438,0.0000
0.0003,0.2641,0.0005,0.0043,0.0000,0.1747,0.0000
1.0000,1.0000,0.0000,0.0002,0.0004,0.9995,0.0000
0.9998,0.9996,0.0002,0.0035,0.0000,0.9997,0.0000
0.0316,0.1829,0.1216,0.7733,0.0311,0.2388,0.1283
0.0001,0.0777,0.0000,0.0257,0.0000,0.9899,0.0000
0.0002,0.0009,0.9994,0.9962,0.9956,0.0052,0.0001
0.0270,0.8626,0.0000,0.0139,0.0000,0.9991,0.0000
0.0002,0.0012,0.9994,0.9965,0.9958,0.0060,0.0001
0.0011,0.9335,0.0186,0.0020,0.0085,0.0003,0.0422
0.0000,0.0026,0.0135,0.3274,0.0001,0.7172,0.0001
0.0027,0.0883,0.9991,0.9756,0.9981,0.0207,0.0051
0.6100,0.9951,0.0083,0.0001,0.1482,0.9887,0.0000
0.0000,0.0026,0.0067,0.3502,0.0003,0.2993,0.0000
0.0028,0.1179,0.0999,0.0001,0.0812,0.9963,0.0000
0.0021,0.0278,0.2639,0.0000,0.2067,0.9962,0.0000
0.9134,0.9988,0.0012,0.0004,0.1186,0.9940,0.0000
0.0000,0.1327,0.0702,0.2418,0.0318,0.0002,0.0026
0.3967,0.9973,0.0044,0.0004,0.0551,0.9812,0.0000
0.0029,0.1180,0.1005,0.0001,0.0825,0.9963,0.0000
0.0011,0.0055,0.9982,0.9868,0.9844,0.0144,0.0005
0.0001,0.8095,0.0036,0.0478,0.0025,0.0003,0.0066
0.0392,0.2610,0.0764,0.8091,0.0038,0.0230,0.1042
1.0000,1.0000,0.5338,0.9994,0.2749,0.1978,0.0000
1.0000,1.0000,0.4887,0.2070,0.0650,0.9758,0.0000
1.0000,1.0000,0.3670,0.9962,0.0020,0.9197,0.0000
0.0000,0.9118,0.0000,0.0000,0.0000,0.1577,0.0000
0.0021,0.8654,0.0284,0.1187,0.0008,0.0093,0.0000
1.0000,1.0000,0.0398,0.4598,0.0629,0.7418,0.0000
1.0000,1.0000,0.6797,0.9999,0.0175,0.9810,0.0000
1.0000,1.0000,0.6222,0.9998,0.0146,0.9849,0.0000
1.0000,1.0000,0.4449,0.7570,0.0103,0.9042,0.0000
0.0426,0.9955,0.0101,0.0214,0.0003,0.3320,0.0000
0.0023,0.7506,0.0088,0.0248,0.0003,0.0618,0.0000
1.0000,1.0000,0.4735,0.9955,0.0196,0.8738,0.0000
0.9998,1.0000,0.6256,0.8946,0.0231,0.3087,0.0000
1.0000,1.0000,0.6754,0.9812,0.0030,0.9251,0.0000
1.0000,1.0000,0.5383,0.8655,0.1000,0.9893,0.0000
1.0000,1.0000,0.6428,0.8420,0.1475,0.9854,0.0000
1.0000,1.0000,0.7226,0.9991,0.2676,0.5968,0.0000
1.0000,1.0000,0.6743,0.9991,0.3008,0.6340,0.0000
0.9999,1.0000,0.5418,0.8421,0.1004,0.8004,0.0000
1.0000,1.0000,0.4734,0.9991,0.0226,0.7915,0.0000
1.0000,1.0000,0.3068,0.5521,0.0142,0.9767,0.0000
1.0000,1.0000,0.6604,0.8213,0.1193,0.9795,0.0000
1.0000,1.0000,0.4495,0.8660,0.0109,0.9684,0.0000
1.0000,1.0000,0.5813,0.5776,0.0224,0.9531,0.0000
0.0048,0.9388,0.0111,0.3142,0.0240,0.0011,0.1104
0.0093,0.0169,0.0004,0.0002,0.0057,0.9815,0.0065
0.0000,0.0023,0.0001,0.9868,0.0000,0.0000,0.0001
0.0000,0.1299,0.0005,0.7450,0.0000,0.0000,0.0008
0.0006,0.8227,0.0009,0.0013,0.0001,0.0007,0.0007
0.0000,0.0004,0.0037,0.9992,0.0000,0.0000,0.0000
0.0000,0.0000,0.0076,0.0746,0.3627,0.0000,0.0010
0.0000,0.1504,0.0001,0.0845,0.0608,0.0137,0.0641
1.0000,1.0000,0.0000,0.0000,0.0000,1.0000,0.0000
0.0001,0.9998,0.0000,0.0002,0.0000,0.0001,0.0005
0.0000,0.9999,0.0001,0.9998,0.0000,0.0000,0.0001
1.0000,1.0000,0.0000,0.0000,0.0000,1.0000,0.0000
1.0000,1.0000,0.0000,0.0000,0.0000,1.0000,0.0000
0.0000,0.9996,0.0000,0.0504,0.0000,0.0093,0.0000
1.0000,1.0000,0.8458,0.7326,0.0000,1.0000,0.0000
0.9999,1.0000,0.9747,0.8490,0.0041,0.9999,0.0000
0.9994,0.9996,0.8637,0.9307,0.0070,0.9991,0.0002
0.9995,0.9999,0.8478,0.5737,0.0020,0.9979,0.0001
0.2859,0.9992,0.0007,0.9983,0.0554,0.0192,0.0040
0.0107,0.1556,0.0000,0.9124,0.0000,0.0074,0.2381
0.0008,0.0529,0.0005,0.1794,0.0063,0.0001,0.8530
0.0003,1.0000,0.0001,0.0000,0.0000,0.0015,0.0000
0.5659,1.0000,0.0000,0.0000,0.0000,0.0111,0.0000
0.4964,0.9973,0.0004,0.0000,0.0000,0.8813,0.0000
0.0046,1.0000,0.0000,0.0000,0.0000,0.0106,0.0000
0.0001,1.0000,0.0000,0.0000,0.0000,0.0002,0.0000
0.9991,1.0000,0.0000,0.0000,0.0000,0.9996,0.0000
0.0000,0.0002,0.0000,1.0000,0.0000,0.0000,0.0004
0.0000,0.0001,0.0000,1.0000,0.0000,0.0000,0.0000
0.0000,0.0003,0.0000,1.0000,0.0003,0.0001,0.0014
0.0000,0.0000,0.0000,1.0000,0.0000,0.0000,0.0000
0.0000,0.0000,0.0081,0.9866,0.0000,0.0000,0.0000
0.0000,0.0000,0.0000,1.0000,0.0000,0.0000,0.0000
0.0007,0.0060,0.0000,1.0000,0.0000,0.0008,0.0001
0.0000,0.0018,0.0001,0.9988,0.0032,0.0013,0.0016
0.0000,0.0018,0.0001,0.9988,0.0032,0.0013,0.0016
0.0000,0.0000,0.0000,1.0000,0.0000,0.0001,0.0009
0.0000,0.0002,0.0000,1.0000,0.0000,0.0000,0.0020
0.0000,0.0001,0.0000,0.9999,0.0003,0.0001,0.0020
0.0000,0.0000,0.0000,1.0000,0.0000,0.0000,0.0000
0.0000,0.0000,0.0000,0.9999,0.0001,0.0000,0.0016
0.0000,0.0000,0.0000,1.0000,0.0000,0.0000,0.0000
0.0000,0.0000,0.0004,0.9956,0.0000,0.0000,0.0000
0.0001,0.0036,0.0000,1.0000,0.0000,0.0004,0.0003
0.0000,0.0001,0.0000,1.0000,0.0000,0.0000,0.0000
0.0001,0.0011,0.0002,0.5801,0.0071,0.0040,0.5340
0.0000,0.0025,0.0000,0.9953,0.0048,0.0019,0.0023
0.0000,0.0026,0.0000,0.9953,0.0048,0.0020,0.0023
0.0003,0.0053,0.0000,0.9998,0.0000,0.0009,0.0010
0.0006,0.0011,0.0000,1.0000,0.0000,0.0036,0.0001
0.0027,0.0248,0.0003,0.9995,0.0003,0.0023,0.0065
0.0005,0.0005,0.0000,1.0000,0.0000,0.0009,0.0000
0.0014,0.0154,0.0000,1.0000,0.0000,0.0016,0.0001
0.0972,0.0997,0.0004,1.0000,0.0000,0.1267,0.0005
0.0000,0.0001,0.0000,1.0000,0.0000,0.0000,0.0004
0.0000,0.0003,0.0000,1.0000,0.0002,0.0000,0.0014
0.0000,0.0000,0.0000,1.0000,0.0000,0.0000,0.0000
0.0005,0.0011,0.0000,0.9993,0.0004,0.0000,0.0090
0.0000,0.0000,0.0000,1.0000,0.0000,0.0000,0.0000
0.0000,0.0000,0.0135,0.9973,0.0000,0.0000,0.0001
0.0000,0.0001,0.0000,1.0000,0.0000,0.0000,0.0000
0.0006,0.0044,0.0000,1.0000,0.0000,0.0005,0.0001
0.0000,0.0008,0.0001,0.9996,0.0012,0.0004,0.0019
0.0000,0.0008,0.0001,0.9995,0.0012,0.0004,0.0019
0.0001,0.0598,0.0005,0.4709,0.0014,0.0001,0.9592
0.0121,0.3135,0.0007,0.9701,0.0010,0.0010,0.2807
0.0007,0.0777,0.0005,0.9916,0.0003,0.0000,0.0971
0.0005,0.0422,0.0012,0.9813,0.0004,0.0001,0.2980
0.0059,0.1104,0.0038,0.9622,0.0011,0.0025,0.1265
0.0043,0.2183,0.0037,0.9663,0.0010,0.0050,0.0290
0.1422,0.5284,0.0407,0.6901,0.1230,0.0511,0.2297
0.0000,0.0148,0.0000,0.2285,0.0000,0.0023,0.0043
0.0000,0.0005,0.0000,0.9965,0.0004,0.0001,0.1105
0.0000,0.1375,0.0000,0.9381,0.0000,0.0004,0.0013
0.0254,0.0972,0.0276,0.6526,0.0280,0.1097,0.2998
0.0000,0.0036,0.0000,0.9971,0.0000,0.0002,0.0088
0.0014,0.0128,0.0002,0.8553,0.0020,0.0167,0.2858
0.0000,0.0003,0.0000,0.9022,0.0001,0.0000,0.4618
0.0110,0.0246,0.0068,0.9480,0.0052,0.0602,0.1231
0.0032,0.0223,0.0007,0.5733,0.0056,0.0115,0.4432
0.0000,0.0000,0.0231,0.9909,0.0000,0.0000,0.0001
0.0000,0.0000,0.0117,0.6211,0.0030,0.0012,0.0847
0.0000,0.0000,0.0000,0.9996,0.0000,0.0000,0.0510
0.0000,0.0000,0.0000,0.9998,0.0006,0.0000,0.0005
0.0001,0.0012,0.0000,0.6691,0.0001,0.0001,0.8683
0.0000,0.0001,0.0000,1.0000,0.0003,0.0002,0.0011
0.0022,0.0074,0.0002,0.8335,0.0023,0.0321,0.4992
0.0000,0.0005,0.0000,1.0000,0.0003,0.0000,0.0023
0.0000,0.0024,0.0000,0.9969,0.0003,0.0000,0.0174
0.0000,0.0000,0.0072,0.7703,0.0000,0.0011,0.0002
0.0001,0.0747,0.0000,0.9979,0.0001,0.0001,0.0033
0.0099,0.2166,0.0000,0.9981,0.0000,0.0019,0.0284
0.0001,0.6946,0.0002,0.0598,0.0026,0.0000,0.9770
0.0031,0.0269,0.0004,0.9994,0.0003,0.0027,0.0077
0.0000,0.0007,0.0000,0.6989,0.0000,0.0000,0.4924
0.0000,0.0001,0.0001,0.9992,0.0005,0.0000,0.0039
0.0063,0.0878,0.0007,0.9169,0.0008,0.0113,0.0424
0.0001,0.0082,0.0000,0.9893,0.0000,0.0003,0.0738
0.0000,0.0150,0.0002,0.1165,0.0010,0.0002,0.8815
0.0000,0.0007,0.0000,0.0559,0.0009,0.0000,0.9888
0.0002,0.0022,0.0001,0.7003,0.0050,0.0046,0.8144
0.0000,0.0146,0.0093,0.5869,0.0146,0.0002,0.3305
0.0085,0.2491,0.0046,0.7702,0.0041,0.0035,0.1055
0.0025,0.0206,0.0003,0.9995,0.0003,0.0021,0.0066
0.0064,0.0584,0.0024,0.2402,0.0093,0.0186,0.7772
0.0066,0.0480,0.0005,0.9991,0.0002,0.0050,0.0088
0.0060,0.0326,0.0003,0.9964,0.0003,0.0050,0.0083
0.0704,0.1383,0.0334,0.6412,0.0445,0.2397,0.2838
0.0145,0.0202,0.0031,0.9450,0.0100,0.1176,0.0963
0.0022,0.0071,0.0009,0.8679,0.0044,0.0170,0.3661
0.0000,0.0001,0.0000,0.9962,0.0043,0.0000,0.0298
0.0003,0.0063,0.0291,0.2554,0.0058,0.0051,0.1355
0.0000,0.0087,0.0000,0.9877,0.0008,0.0000,0.2644
0.0008,0.0436,0.0001,0.9971,0.0003,0.0003,0.0080
0.0000,0.0700,0.0003,0.9434,0.0001,0.0000,0.0005
0.0010,0.0437,0.0118,0.9946,0.0000,0.0381,0.0002
0.0000,0.0003,0.0026,0.9997,0.0000,0.0000,0.0001
0.0001,0.0127,0.0001,0.8384,0.0070,0.0000,0.9663
0.0035,0.0375,0.0003,0.9997,0.0000,0.0000,0.0008
0.0000,0.0002,0.0000,1.0000,0.0000,0.0000,0.0001
0.0567,0.1923,0.0000,0.9712,0.0011,0.0001,0.9895
0.0014,0.0545,0.0002,0.9966,0.0011,0.0001,0.0522
0.0000,0.0000,0.0000,1.0000,0.0000,0.0000,0.0002
0.0000,0.0008,0.0000,1.0000,0.0000,0.0000,0.0050
0.0000,0.0002,0.0346,0.9997,0.0004,0.0000,0.0003
0.0008,0.2193,0.0000,0.9996,0.0000,0.0000,0.0005
0.0000,0.0002,0.0001,0.2251,0.0001,0.0000,0.9914
0.0231,0.8432,0.0254,0.9975,0.0001,0.0005,0.0055
0.0000,0.3638,0.0005,0.9996,0.0000,0.0000,0.0087
0.0009,0.0087,0.0001,0.9988,0.0000,0.0001,0.1528
0.0000,0.0000,0.0000,0.9990,0.0037,0.0000,0.1600
0.0000,0.0000,0.0000,0.9986,0.0000,0.0000,0.1485
0.0000,0.0000,0.4471,0.5883,0.0000,0.0000,0.9803
0.0000,0.0001,0.0004,0.9995,0.0000,0.0000,0.0098
0.0014,0.0175,0.0026,0.2951,0.0006,0.0001,0.9922
0.0007,0.0197,0.0001,0.9987,0.0001,0.0000,0.0929
0.0001,0.1393,0.0000,0.9717,0.0003,0.0000,0.1858
0.0014,0.0040,0.0022,0.4571,0.0054,0.0017,0.9677
0.0000,0.3242,0.0000,0.8907,0.0000,0.0000,0.0000
0.1304,0.3769,0.0000,0.0195,0.0000,0.0000,0.0000
0.0150,0.0039,0.0000,0.0014,0.0000,0.9933,0.0000
0.0004,0.0001,0.0001,0.0011,0.0001,0.9985,0.0000
0.0021,0.0013,0.0000,0.0007,0.0000,0.9990,0.0000
0.0002,0.9191,0.0000,0.2448,0.0000,0.0000,0.0000
0.0000,0.0248,0.0000,0.9798,0.0000,0.0000,0.0000
0.0001,0.0750,0.0158,0.0188,0.0008,0.0299,0.3615
0.0001,0.9827,0.0005,0.4232,0.0000,0.0000,0.0001
0.0000,0.0147,0.0211,0.0012,0.0084,0.3029,0.2264
0.0036,0.0030,0.0002,0.9778,0.0000,0.0014,0.0000
0.0000,0.0044,0.0035,0.1346,0.0001,0.0005,0.0279
0.0000,0.0038,0.0000,0.0312,0.0000,0.0003,0.0014
