0.9839,0.9996,0.0011,0.0158,0.0015,0.0164,0.0003
0.9955,1.0000,0.0001,0.0009,0.0001,0.0087,0.0000
0.9828,1.0000,0.0004,0.0016,0.0002,0.0110,0.0000
1.0000,1.0000,0.0000,0.0005,0.0000,1.0000,0.0000
1.0000,1.0000,0.0000,0.0000,0.0000,1.0000,0.0000
1.0000,1.0000,0.0000,0.0000,0.0000,1.0000,0.0000
1.0000,1.0000,0.0000,0.0000,0.0000,1.0000,0.0000
1.0000,1.0000,0.0000,0.0000,0.0000,1.0000,0.0000
1.0000,1.0000,0.0000,0.0000,0.0000,1.0000,0.0000
1.0000,1.0000,0.0000,0.0000,0.0000,1.0000,0.0000
1.0000,1.0000,0.0000,0.0062,0.0018,1.0000,0.0000
1.0000,1.0000,0.0000,0.0004,0.0000,1.0000,0.0000
1.0000,1.0000,0.0000,0.0000,0.0000,1.0000,0.0000
1.0000,1.0000,0.0000,0.0002,0.0000,1.0000,0.0000
1.0000,1.0000,0.0000,0.0002,0.0000,1.0000,0.0000
1.0000,1.0000,0.0000,0.0000,0.0000,1.0000,0.0000
1.0000,1.0000,0.0000,0.0003,0.0000,1.0000,0.0000
1.0000,1.0000,0.0000,0.0037,0.0016,1.0000,0.0000
1.0000,1.0000,0.0000,0.0000,0.0000,1.0000,0.0000
1.0000,1.0000,0.0000,0.0000,0.0000,1.0000,0.0000
1.0000,1.0000,0.0000,0.0000,0.0000,1.0000,0.0000
1.0000,1.0000,0.0000,0.0000,0.0000,1.0000,0.0000
1.0000,1.0000,0.0000,0.0000,0.0000,1.0000,0.0000
1.0000,1.0000,0.0000,0.0000,0.0000,1.0000,0.0000
0.9961,0.9997,0.0007,0.0524,0.0015,0.0578,0.0000
1.0000,1.0000,0.0000,0.0000,0.0000,1.0000,0.0000
1.0000,1.0000,0.0000,0.0005,0.0000,1.0000,0.0000
0.9999,1.0000,0.0000,0.0009,0.0000,0.0323,0.0001
1.0000,1.0000,0.0000,0.0000,0.0000,1.0000,0.0000
1.0000,1.0000,0.0000,0.0004,0.0000,1.0000,0.0000
0.9911,0.9998,0.0007,0.0128,0.0016,0.0116,0.0001
1.0000,1.0000,0.0000,0.0000,0.0000,1.0000,0.0000
1.0000,1.0000,0.0000,0.0000,0.0000,0.9989,0.0002
1.0000,1.0000,0.0000,0.0000,0.0000,0.9999,0.0001
0.9991,0.9998,0.0001,0.0007,0.0001,0.0129,0.0003
1.0000,1.0000,0.0000,0.0001,0.0000,1.0000,0.0000
0.9920,0.9997,0.0004,0.0093,0.0007,0.0067,0.0001
0.9995,1.0000,0.0001,0.0033,0.0002,0.0128,0.0000
1.0000,1.0000,0.0001,0.0334,0.0000,0.9940,0.0000
1.0000,1.0000,0.0000,0.0001,0.0000,1.0000,0.0000
1.0000,1.0000,0.0001,0.0005,0.0000,0.7565,0.0000
1.0000,1.0000,0.0000,0.0004,0.0000,1.0000,0.0000
1.0000,1.0000,0.0000,0.0000,0.0000,1.0000,0.0000
1.0000,1.0000,0.0003,0.7406,0.3037,0.9878,0.0000
1.0000,1.0000,0.0000,0.0000,0.0000,1.0000,0.0000
1.0000,1.0000,0.0004,0.0783,0.0438,0.9988,0.0000
1.0000,1.0000,0.0000,0.0003,0.0000,1.0000,0.0000
0.9998,0.9994,0.0014,0.2103,0.0476,0.9915,0.0000
1.0000,1.0000,0.0000,0.0074,0.0026,1.0000,0.0000
1.0000,1.0000,0.0000,0.0026,0.0001,1.0000,0.0000
1.0000,1.0000,0.0000,0.0006,0.0000,1.0000,0.0000
1.0000,1.0000,0.0000,0.9909,0.0005,0.9999,0.0000
1.0000,0.9996,0.0005,0.8479,0.0108,0.9991,0.0000
1.0000,0.9997,0.0005,0.8641,0.0096,0.9993,0.0000
1.0000,1.0000,0.0000,0.9508,0.0033,0.9999,0.0000
1.0000,1.0000,0.0000,0.7085,0.0013,0.9999,0.0000
1.0000,0.9996,0.0008,0.8504,0.0106,0.9990,0.0000
1.0000,1.0000,0.0001,0.8200,0.0013,0.9999,0.0000
0.9655,0.9850,0.0141,0.5923,0.1907,0.4845,0.0010
1.0000,1.0000,0.0004,0.9661,0.6708,0.9990,0.0000
0.9511,0.9340,0.0438,0.6638,0.1474,0.6336,0.0040
0.9999,0.9984,0.0003,0.7131,0.0030,0.9977,0.0001
1.0000,0.9995,0.0009,0.7927,0.0109,0.9991,0.0000
0.1588,0.1348,0.0256,0.8191,0.1300,0.3921,0.0299
1.0000,0.9999,0.0008,0.9707,0.6670,0.9988,0.0000
1.0000,0.9986,0.0003,0.7190,0.0030,0.9979,0.0001
0.9999,0.9985,0.0003,0.7080,0.0030,0.9978,0.0001
0.8708,0.8226,0.0894,0.7814,0.3856,0.5262,0.0204
1.0000,0.9999,0.0001,0.6993,0.0039,0.9988,0.0000
0.9208,0.8954,0.0427,0.6308,0.2334,0.4921,0.0157
0.9962,0.9950,0.0029,0.8198,0.0101,0.0107,0.0005
0.9517,0.8931,0.0167,0.4443,0.3644,0.7577,0.0102
0.9997,0.9995,0.0000,0.0345,0.0007,0.0394,0.0000
0.9999,0.9999,0.0000,0.0026,0.0007,0.0548,0.0000
1.0000,1.0000,0.0000,0.0047,0.0052,0.9733,0.0000
0.9987,0.9995,0.0011,0.0882,0.0394,0.4739,0.0008
0.9998,0.9998,0.0002,0.0286,0.0114,0.7410,0.0000
1.0000,0.9995,0.0000,0.7057,0.0001,0.0048,0.0000
0.9890,0.9892,0.0038,0.8594,0.0040,0.0095,0.0005
0.7835,0.8102,0.0970,0.4912,0.3928,0.7423,0.0151
0.9712,0.9988,0.0082,0.0689,0.0141,0.0707,0.0020
0.9814,0.9759,0.0041,0.8918,0.0054,0.0069,0.0007
0.9545,0.9163,0.0376,0.5253,0.2956,0.6401,0.0161
0.9737,0.9448,0.0254,0.3671,0.3229,0.6981,0.0158
0.9911,0.9855,0.0033,0.8304,0.0063,0.0089,0.0009
0.7402,0.6594,0.0966,0.5912,0.0841,0.0887,0.0539
0.8289,0.8385,0.0892,0.3018,0.4519,0.4685,0.0532
1.0000,1.0000,0.0000,0.5707,0.0000,0.9868,0.0000
0.9963,0.9666,0.0007,0.8483,0.0114,0.5323,0.0000
0.6596,0.9982,0.0444,0.0041,0.0052,0.2834,0.0001
0.9799,0.5352,0.0003,0.9540,0.0012,0.0258,0.0003
0.9973,0.9922,0.0025,0.7503,0.0181,0.0273,0.0007
0.9932,0.9994,0.0017,0.2840,0.0054,0.0011,0.0002
0.9995,1.0000,0.0001,0.1166,0.0000,0.9661,0.0000
0.7438,0.9988,0.0293,0.0026,0.0050,0.2135,0.0001
0.9883,0.9840,0.0176,0.3608,0.2106,0.3579,0.0068
0.9935,0.9958,0.0026,0.7204,0.0150,0.0160,0.0012
0.9704,0.8777,0.0047,0.7511,0.1214,0.4270,0.0025
0.9992,0.9998,0.0002,0.7570,0.0003,0.0387,0.0000
0.8669,0.9192,0.0704,0.4345,0.2652,0.1424,0.0276
0.9574,0.9995,0.0336,0.6398,0.0009,0.0265,0.0000
0.9693,0.9782,0.0706,0.3545,0.2431,0.2671,0.0112
0.9536,0.9212,0.0414,0.6318,0.1940,0.3426,0.0219
0.9925,0.9999,0.0013,0.0047,0.0052,0.0477,0.0006
0.8439,0.9015,0.0749,0.3934,0.3995,0.1619,0.0373
0.1578,0.9930,0.0052,0.0013,0.1087,0.0875,0.0010
0.7500,0.8139,0.0610,0.4118,0.3682,0.5425,0.0190
0.9999,1.0000,0.0000,0.3948,0.0000,0.9962,0.0000
0.9979,0.9974,0.0018,0.7378,0.0082,0.0078,0.0003
0.7606,0.8553,0.1109,0.2767,0.4592,0.1981,0.0586
0.9597,0.9407,0.0503,0.3906,0.3419,0.4949,0.0231
0.9301,0.9202,0.0268,0.4614,0.2240,0.5398,0.0109
0.0094,0.9863,0.0003,0.0000,0.2394,0.0033,0.0002
0.6955,0.9978,0.0211,0.0575,0.0101,0.0352,0.0002
0.9794,0.9610,0.0239,0.4513,0.2865,0.4539,0.0205
0.7714,0.8235,0.0553,0.2903,0.1639,0.6924,0.0157
0.7772,0.7417,0.0930,0.3846,0.2129,0.5962,0.0444
0.9947,1.0000,0.0001,0.0010,0.0002,0.2705,0.0000
0.9711,0.9983,0.0032,0.0250,0.0121,0.6552,0.0003
0.6267,0.7054,0.1009,0.2547,0.2735,0.8017,0.0157
0.9990,0.9999,0.0004,0.0085,0.0030,0.9430,0.0000
0.0001,0.9999,0.0000,0.0000,0.0000,0.0002,0.0000
0.7007,0.9692,0.0042,0.2118,0.0062,0.0466,0.0005
0.9998,0.9997,0.0000,0.0731,0.0000,0.1183,0.0000
0.7507,0.9862,0.0001,0.0041,0.0002,0.8423,0.0000
0.7301,0.9712,0.0043,0.2137,0.0097,0.0412,0.0008
0.5640,0.9435,0.0049,0.2956,0.0080,0.0287,0.0007
0.8675,0.9981,0.0073,0.0088,0.0151,0.3311,0.0012
0.2460,0.8501,0.0029,0.4352,0.0061,0.0190,0.0004
0.8359,0.8488,0.0272,0.1772,0.2350,0.8682,0.0089
0.8936,0.9198,0.0402,0.1477,0.2211,0.8495,0.0099
0.3041,0.9046,0.0001,0.0654,0.0000,0.8555,0.0000
0.8611,0.8752,0.0590,0.2460,0.1849,0.7777,0.0153
0.4954,0.7008,0.1937,0.2681,0.2224,0.5686,0.0537
0.1028,0.9248,0.0198,0.0200,0.0859,0.2170,0.0029
0.9945,0.9938,0.0011,0.1208,0.0097,0.8886,0.0001
0.9998,1.0000,0.0000,0.0000,0.0000,0.9998,0.0000
0.0093,0.9963,0.0055,0.0020,0.0014,0.0058,0.0001
0.7038,0.9997,0.0110,0.0003,0.0037,0.4629,0.0001
0.0001,0.1803,0.0000,0.1278,0.0002,0.0001,0.0883
0.4454,0.4926,0.0936,0.1781,0.1353,0.8579,0.0230
0.9976,1.0000,0.0001,0.0003,0.0000,0.9962,0.0000
0.4279,0.7730,0.1818,0.3219,0.0781,0.3651,0.0682
0.9145,0.9838,0.0057,0.2031,0.0183,0.1301,0.0005
0.0607,0.9939,0.0187,0.0037,0.0095,0.0186,0.0004
0.4219,0.9081,0.0523,0.1330,0.0319,0.3504,0.0041
0.9140,0.8931,0.0007,0.3379,0.0032,0.2056,0.0005
0.9399,0.9571,0.0401,0.1971,0.1841,0.6876,0.0186
0.6090,0.5171,0.1062,0.5533,0.2792,0.7753,0.0271
0.9886,0.9997,0.0002,0.0190,0.0006,0.3648,0.0000
0.7256,0.9998,0.0088,0.0002,0.0034,0.3722,0.0001
0.8093,0.9857,0.0044,0.2019,0.0116,0.0532,0.0004
0.8241,0.8106,0.0102,0.3461,0.0809,0.7112,0.0030
0.8567,0.8879,0.0583,0.3060,0.1360,0.5663,0.0227
0.9135,0.9672,0.0311,0.1263,0.1144,0.6170,0.0046
0.8034,0.9895,0.0036,0.1440,0.0143,0.0735,0.0008
0.8297,0.9461,0.0821,0.1642,0.1319,0.4447,0.0092
0.7447,0.8367,0.0381,0.1874,0.1475,0.7258,0.0094
0.9995,1.0000,0.0000,0.0001,0.0000,0.9999,0.0000
0.2680,0.9909,0.0089,0.0148,0.0037,0.1689,0.0000
0.3849,0.9059,0.0791,0.1702,0.0133,0.8856,0.0002
0.0811,0.9843,0.0517,0.0162,0.0271,0.0472,0.0018
0.8660,0.9918,0.0035,0.1465,0.0091,0.0459,0.0003
0.8670,0.9998,0.0016,0.0008,0.0026,0.1284,0.0002
0.8863,0.9258,0.0675,0.1685,0.2372,0.6913,0.0190
0.2345,0.9828,0.0129,0.0083,0.0050,0.1671,0.0001
0.2618,0.9165,0.1146,0.1150,0.0845,0.0578,0.0306
0.9999,0.9999,0.0002,0.0482,0.0060,0.9865,0.0000
0.6128,0.8268,0.1353,0.2723,0.2515,0.2254,0.1163
0.7006,0.8680,0.1003,0.3525,0.1958,0.2047,0.0840
0.9884,0.9987,0.0001,0.0167,0.0002,0.0115,0.0001
0.9722,0.9806,0.0065,0.3851,0.0112,0.0541,0.0045
0.7727,0.7854,0.0374,0.3145,0.1311,0.5383,0.0436
0.8617,0.8792,0.0487,0.2564,0.1226,0.4906,0.0562
0.6644,0.7845,0.1190,0.3197,0.2213,0.4114,0.1084
0.2669,0.9979,0.0188,0.0035,0.0030,0.1284,0.0014
0.9292,0.9564,0.0330,0.2422,0.0792,0.3281,0.0267
0.3373,0.9985,0.0140,0.0026,0.0027,0.1039,0.0013
0.9453,0.9982,0.0031,0.0910,0.0045,0.0070,0.0019
0.0111,0.9416,0.0590,0.0396,0.0297,0.0258,0.0070
0.9616,0.9895,0.0063,0.4194,0.0091,0.0321,0.0035
0.8192,0.7398,0.0161,0.5401,0.0489,0.2887,0.0145
0.8928,0.9535,0.0852,0.2552,0.1165,0.3089,0.0398
0.7484,0.8767,0.0993,0.3491,0.1654,0.2199,0.0698
0.5991,0.6958,0.1019,0.3476,0.2063,0.5338,0.0586
0.9121,0.9995,0.0020,0.0067,0.0016,0.0553,0.0043
0.9764,0.9932,0.0041,0.3233,0.0063,0.0265,0.0025
0.8491,0.8812,0.0795,0.2942,0.1725,0.4100,0.0721
0.8885,0.8901,0.0495,0.3404,0.1394,0.3657,0.0663
0.6606,0.7996,0.1597,0.3257,0.3513,0.2680,0.1259
0.8204,0.8034,0.1011,0.4162,0.1927,0.3761,0.0848
0.8316,0.7824,0.0595,0.3825,0.1292,0.4627,0.0668
0.9736,0.9969,0.0094,0.3432,0.0089,0.0135,0.0024
0.6917,0.7489,0.1281,0.3485,0.3160,0.4474,0.1226
0.7469,0.6705,0.0445,0.4478,0.1399,0.5463,0.0452
0.9768,0.9742,0.0117,0.7059,0.0135,0.0629,0.0057
0.9841,0.9910,0.0087,0.6798,0.0088,0.0370,0.0033
0.1343,0.8582,0.0106,0.0065,0.0950,0.2836,0.0148
0.7684,0.8565,0.1275,0.4297,0.2275,0.2497,0.0776
0.8482,0.6935,0.0198,0.7449,0.0513,0.3467,0.0117
0.9195,0.9237,0.0456,0.3809,0.1048,0.3127,0.0362
0.8926,0.9306,0.1143,0.3456,0.1720,0.3272,0.0476
0.7485,0.8551,0.1214,0.4212,0.2898,0.2459,0.0903
0.5997,0.6529,0.1076,0.3903,0.2680,0.5625,0.0651
0.0088,0.8699,0.0013,0.0003,0.0654,0.0219,0.0090
0.9300,0.9973,0.0058,0.0266,0.0053,0.0775,0.0087
0.8708,0.8204,0.0627,0.5144,0.1487,0.3258,0.0742
0.6155,0.4905,0.2469,0.7351,0.4969,0.5219,0.0900
0.5603,0.4304,0.2077,0.7654,0.5054,0.5811,0.0654
0.5821,0.4807,0.2402,0.7620,0.4922,0.5588,0.0628
0.7708,0.7448,0.0698,0.2808,0.2034,0.6130,0.0318
0.8441,0.8070,0.0956,0.3572,0.2257,0.6642,0.0418
0.5211,0.6756,0.2284,0.3141,0.3056,0.5222,0.1005
0.8859,0.9857,0.0227,0.0540,0.0390,0.3233,0.0085
0.2548,0.1556,0.0440,0.3762,0.1502,0.7402,0.0410
0.6618,0.6451,0.1452,0.3060,0.3196,0.7217,0.0464
0.9689,0.9931,0.0097,0.0781,0.0327,0.5894,0.0031
0.2074,0.8317,0.0448,0.0564,0.1901,0.2900,0.0191
0.4690,0.4510,0.1270,0.2382,0.1613,0.8104,0.0625
0.9669,0.9865,0.0197,0.1733,0.1243,0.3532,0.0017
0.9856,0.9491,0.0045,0.3484,0.0127,0.8503,0.0005
1.0000,0.9998,0.0001,0.1388,0.0018,0.9975,0.0000
0.9996,1.0000,0.0000,0.0045,0.0000,0.9983,0.0000
0.9271,0.9640,0.0154,0.3482,0.0397,0.1616,0.0040
0.8069,0.9921,0.0091,0.0874,0.0232,0.0216,0.0017
0.9076,0.9355,0.0600,0.2265,0.1779,0.4985,0.0199
0.9960,0.9994,0.0005,0.0082,0.0001,0.9900,0.0000
0.8786,0.9681,0.0143,0.3729,0.0355,0.0836,0.0033
0.8158,0.9350,0.0149,0.4037,0.0294,0.0766,0.0049
0.9127,0.9810,0.0108,0.2835,0.0273,0.0787,0.0024
0.6112,0.5231,0.1385,0.5426,0.3050,0.7130,0.0652
0.8457,0.8196,0.1017,0.4234,0.1919,0.4981,0.0540
0.9990,1.0000,0.0001,0.0065,0.0000,0.9988,0.0000
0.1965,0.5080,0.2140,0.5213,0.1912,0.2084,0.0814
0.9174,0.9981,0.0071,0.0080,0.0109,0.2196,0.0027
0.5165,0.9628,0.0380,0.0271,0.0371,0.2107,0.0018
0.0152,0.6635,0.0599,0.1728,0.0175,0.1163,0.0086
0.0001,0.8720,0.0039,0.0065,0.0007,0.0015,0.0019
0.0149,0.9160,0.0245,0.0252,0.0095,0.0115,0.0278
0.0000,0.6952,0.5386,0.0005,0.0000,0.0000,0.0001
0.0105,0.8608,0.0238,0.0157,0.0074,0.0153,0.0895
0.0016,0.9889,0.0307,0.0042,0.0057,0.0029,0.0114
0.0054,0.9662,0.0910,0.0152,0.0152,0.0353,0.0097
0.0002,0.2967,0.0005,0.0029,0.0005,0.0001,0.0007
0.0008,0.9979,0.0054,0.0002,0.0007,0.0068,0.0002
0.9950,0.8362,0.2235,0.1822,0.0138,0.8737,0.0003
0.0014,1.0000,0.0102,0.1338,0.0000,0.0014,0.0000
0.9262,0.9326,0.0355,0.0437,0.0047,0.5883,0.0021
0.9426,0.9756,0.0248,0.0046,0.0040,0.6832,0.0040
0.9519,0.9917,0.0011,0.0004,0.0001,0.7740,0.0011
0.0069,0.9990,0.9138,0.0512,0.0000,0.0258,0.0000
0.9110,0.9998,0.0031,0.0000,0.0031,0.8934,0.0000
0.0028,0.0286,0.9929,0.0039,0.5254,0.1681,0.0000
0.6087,0.9999,0.8150,0.0054,0.0002,0.9105,0.0000
0.0772,0.9913,0.9748,0.1182,0.0003,0.0543,0.0000
0.0167,0.9939,0.9422,0.0324,0.0014,0.5752,0.0000
0.0216,0.9928,0.9386,0.0327,0.0017,0.6016,0.0000
0.1143,0.5763,0.9954,0.0063,0.3280,0.3939,0.0000
0.6903,0.9999,0.9763,0.0047,0.0053,0.9665,0.0000
0.0003,0.9369,0.9891,0.0081,0.0005,0.0023,0.0000
0.0240,0.8670,0.9710,0.0134,0.0174,0.1551,0.0000
0.0001,0.0017,0.9683,0.0042,0.3618,0.0001,0.0003
0.0067,0.4140,0.9866,0.0435,0.0306,0.1251,0.0000
0.0076,0.4772,0.9884,0.0351,0.0287,0.1315,0.0000
0.0215,0.8268,0.9855,0.0251,0.6204,0.1257,0.0010
1.0000,1.0000,0.0000,0.0002,0.0000,1.0000,0.0000
1.0000,1.0000,0.0000,0.0000,0.0000,1.0000,0.0000
0.0000,0.6801,0.0000,0.9991,0.0000,0.0000,0.0000
1.0000,1.0000,0.0000,0.0000,0.0000,1.0000,0.0000
0.9884,0.9993,0.0000,0.9986,0.0003,0.1491,0.0000
0.9999,0.9969,0.0013,0.8567,0.0002,0.9963,0.0004
0.0003,0.0227,0.0044,0.7855,0.0034,0.0245,0.0024
0.9986,0.9886,0.0038,0.4154,0.0001,0.9770,0.0015
0.9999,0.9968,0.0013,0.8597,0.0002,0.9961,0.0004
0.1625,0.2857,0.2675,0.1947,0.0758,0.0982,0.0139
0.9996,1.0000,0.8021,0.9987,0.8068,0.0166,0.0000
1.0000,0.9994,0.0011,0.8070,0.0001,0.9982,0.0001
1.0000,1.0000,0.0000,0.9988,0.0000,0.9999,0.0000
0.9999,0.9972,0.0013,0.8635,0.0002,0.9966,0.0003
0.0154,0.6114,0.0282,0.5216,0.0389,0.0122,0.0308
0.9821,0.9054,0.0344,0.6440,0.0173,0.2144,0.0017
0.9971,0.9991,0.0000,0.9995,0.0009,0.3724,0.0000
0.9214,0.8236,0.0604,0.5160,0.0476,0.0876,0.0044
0.9986,0.9342,0.0035,0.9054,0.0004,0.9627,0.0019
0.9845,0.9994,0.9991,0.9997,0.9436,0.3891,0.0000
0.9998,0.9918,0.0029,0.8219,0.0002,0.9922,0.0006
1.0000,1.0000,0.0002,0.9687,0.0002,0.9997,0.0000
0.2589,0.7398,0.0798,0.8030,0.0599,0.3432,0.0078
0.3499,0.2074,0.0178,0.9857,0.0078,0.1533,0.0042
0.9999,0.9981,0.0006,0.8672,0.0001,0.9989,0.0002
0.0098,0.1151,0.0060,0.8363,0.0011,0.1560,0.0018
1.0000,1.0000,0.0000,0.0020,0.0002,0.9893,0.0000
1.0000,1.0000,0.0000,0.0001,0.0000,0.9935,0.0000
1.0000,1.0000,0.0000,0.0000,0.0000,0.9985,0.0000
1.0000,1.0000,0.0000,0.0000,0.0000,1.0000,0.0000
1.0000,1.0000,0.0000,0.0000,0.0000,1.0000,0.0000
1.0000,1.0000,0.0000,0.0000,0.0000,0.9996,0.0000
1.0000,1.0000,0.0000,0.0000,0.0000,1.0000,0.0000
1.0000,1.0000,0.0000,0.0001,0.0000,0.9989,0.0000
1.0000,1.0000,0.0000,0.0000,0.0000,0.9998,0.0000
1.0000,1.0000,0.0000,0.0000,0.0000,1.0000,0.0000
1.0000,1.0000,0.0000,0.0000,0.0000,1.0000,0.0000
1.0000,1.0000,0.0000,0.0000,0.0000,0.9984,0.0000
1.0000,1.0000,0.0000,0.0005,0.0000,1.0000,0.0000
1.0000,1.0000,0.0000,0.0000,0.0000,0.9985,0.0000
1.0000,1.0000,0.0000,0.0000,0.0000,0.9995,0.0000
1.0000,1.0000,0.0000,0.0006,0.0000,1.0000,0.0000
1.0000,1.0000,0.0000,0.0000,0.0000,1.0000,0.0000
1.0000,1.0000,0.0000,0.0008,0.0000,1.0000,0.0000
1.0000,1.0000,0.0000,0.0000,0.0000,1.0000,0.0000
1.0000,1.0000,0.0000,0.0671,0.0378,1.0000,0.0000
1.0000,1.0000,0.0000,0.0007,0.0000,1.0000,0.0000
1.0000,1.0000,0.0000,0.0005,0.0000,1.0000,0.0000
1.0000,1.0000,0.0000,0.0000,0.0000,0.9998,0.0000
1.0000,1.0000,0.0000,0.0000,0.0000,0.9998,0.0000
1.0000,1.0000,0.0000,0.0598,0.0391,1.0000,0.0000
0.9992,0.9999,0.0017,0.0068,0.0012,0.9975,0.0002
1.0000,1.0000,0.0000,0.0000,0.0000,1.0000,0.0000
1.0000,1.0000,0.0000,0.0000,0.0000,1.0000,0.0000
1.0000,1.0000,0.0000,0.0000,0.0000,1.0000,0.0000
1.0000,1.0000,0.0000,0.0000,0.0000,1.0000,0.0000
1.0000,1.0000,0.0000,0.0000,0.0000,0.9999,0.0000
1.0000,1.0000,0.0000,0.0000,0.0000,0.9978,0.0000
1.0000,1.0000,0.0000,0.0000,0.0000,1.0000,0.0000
1.0000,1.0000,0.0000,0.0000,0.0000,1.0000,0.0000
0.9999,1.0000,0.0000,0.0002,0.0000,0.9673,0.0000
1.0000,1.0000,0.0000,0.0000,0.0000,0.9997,0.0000
1.0000,1.0000,0.0000,0.0000,0.0000,0.9894,0.0000
1.0000,1.0000,0.0000,0.0001,0.0000,0.9987,0.0000
1.0000,1.0000,0.0000,0.0001,0.0000,1.0000,0.0000
1.0000,1.0000,0.0000,0.0008,0.0000,0.9999,0.0000
1.0000,1.0000,0.0000,0.0000,0.0000,1.0000,0.0000
1.0000,1.0000,0.0000,0.0001,0.0000,0.9970,0.0000
1.0000,1.0000,0.0000,0.0000,0.0000,0.9977,0.0000
1.0000,1.0000,0.0001,0.0010,0.0002,0.9999,0.0000
0.9998,0.9999,0.0004,0.0008,0.0003,0.9899,0.0002
1.0000,1.0000,0.0000,0.0003,0.0000,0.9996,0.0000
1.0000,1.0000,0.0000,0.0000,0.0000,1.0000,0.0000
0.9993,0.9999,0.0006,0.0108,0.0024,0.9925,0.0004
1.0000,1.0000,0.0000,0.0001,0.0000,1.0000,0.0000
1.0000,1.0000,0.0000,0.0001,0.0000,0.9990,0.0000
1.0000,1.0000,0.0000,0.0002,0.0000,1.0000,0.0000
1.0000,1.0000,0.0000,0.0000,0.0000,0.9997,0.0000
1.0000,1.0000,0.0000,0.0000,0.0000,0.9993,0.0000
1.0000,1.0000,0.0000,0.0000,0.0000,1.0000,0.0000
1.0000,1.0000,0.0000,0.0000,0.0000,1.0000,0.0000
1.0000,1.0000,0.0000,0.0000,0.0000,0.9996,0.0000
1.0000,1.0000,0.0000,0.0006,0.0000,1.0000,0.0000
1.0000,1.0000,0.0000,0.0001,0.0000,0.9995,0.0000
1.0000,1.0000,0.0000,0.0000,0.0000,0.9995,0.0000
1.0000,1.0000,0.0000,0.0001,0.0000,1.0000,0.0000
1.0000,1.0000,0.0000,0.0000,0.0000,1.0000,0.0000
1.0000,1.0000,0.0000,0.0002,0.0000,0.9992,0.0000
0.9967,0.9902,0.0028,0.2418,0.0018,0.9219,0.0059
1.0000,1.0000,0.0000,0.0001,0.0000,0.9993,0.0000
1.0000,1.0000,0.0000,0.0003,0.0000,0.9880,0.0000
0.0004,0.9962,0.0000,0.5109,0.0000,0.0001,0.0000
0.9978,0.9926,0.0018,0.2530,0.0015,0.9630,0.0033
0.2926,0.9114,0.0664,0.0342,0.0386,0.0779,0.0443
0.9919,0.9944,0.0010,0.0439,0.0003,0.8607,0.0112
0.9975,0.9921,0.0018,0.2448,0.0014,0.9612,0.0037
0.9976,0.9923,0.0017,0.2427,0.0014,0.9620,0.0035
0.8761,0.9713,0.0202,0.1010,0.0224,0.0656,0.0210
0.9494,0.9813,0.0154,0.1784,0.0139,0.0941,0.0130
0.9987,0.9960,0.0014,0.2438,0.0010,0.9823,0.0017
0.0616,0.8366,0.0221,0.0967,0.0116,0.0521,0.0594
0.9896,0.9776,0.0030,0.2169,0.0018,0.7538,0.0117
0.9983,0.9916,0.0011,0.2276,0.0008,0.9828,0.0025
0.8869,0.9984,0.0040,0.0076,0.0005,0.7549,0.0006
0.9984,0.9980,0.0025,0.0152,0.0013,0.9283,0.0141
0.9994,0.9978,0.0001,0.0008,0.0000,0.9629,0.0273
1.0000,1.0000,0.0000,0.0000,0.0000,1.0000,0.0000
1.0000,1.0000,0.0000,0.0000,0.0000,0.9999,0.0000
1.0000,1.0000,0.0000,0.0000,0.0000,0.9992,0.0000
1.0000,1.0000,0.0000,0.0001,0.0000,1.0000,0.0000
1.0000,1.0000,0.0000,0.0003,0.0000,1.0000,0.0000
0.9988,0.9985,0.0017,0.0128,0.0011,0.9641,0.0084
1.0000,1.0000,0.0000,0.0000,0.0000,0.9995,0.0000
0.0004,0.9998,0.0000,0.4977,0.0000,0.0000,0.0000
0.0010,0.9995,0.0000,0.0012,0.0001,0.0002,0.0000
0.9951,0.9999,0.0000,0.0007,0.0000,0.2331,0.0000
0.9974,0.9992,0.0006,0.0023,0.0002,0.8888,0.0268
1.0000,1.0000,0.0000,0.0000,0.0000,0.9896,0.0000
0.9987,0.9984,0.0018,0.0131,0.0011,0.9631,0.0087
0.3899,0.9659,0.0350,0.0154,0.0302,0.0969,0.0363
0.9951,0.9953,0.0023,0.0144,0.0014,0.7677,0.0286
0.9993,0.9992,0.0016,0.0099,0.0007,0.9825,0.0044
0.9989,0.9985,0.0018,0.0138,0.0011,0.9657,0.0079
0.9647,0.9950,0.0076,0.0282,0.0074,0.0935,0.0206
0.0784,0.8838,0.0184,0.0645,0.0078,0.0502,0.0313
0.0528,0.8511,0.0463,0.1021,0.0229,0.0545,0.0591
0.9101,0.9918,0.0100,0.0212,0.0123,0.0651,0.0273
0.9992,0.9980,0.0013,0.0088,0.0007,0.9868,0.0068
0.9970,0.9999,0.0016,0.0020,0.0005,0.8068,0.0010
0.9996,0.9982,0.0001,0.0005,0.0000,0.9839,0.0158
1.0000,1.0000,0.0000,0.0000,0.0000,1.0000,0.0000
1.0000,1.0000,0.0000,0.0000,0.0000,1.0000,0.0000
1.0000,1.0000,0.0000,0.0000,0.0000,0.9999,0.0000
1.0000,1.0000,0.0000,0.0001,0.0000,1.0000,0.0000
1.0000,1.0000,0.0000,0.0002,0.0000,1.0000,0.0000
0.0012,0.0754,0.0003,0.0177,0.0001,0.1133,0.0025
0.0021,0.0409,0.0002,0.0086,0.0000,0.2586,0.0024
0.0009,0.3234,0.0000,0.0012,0.0001,0.0183,0.0002
1.0000,1.0000,0.0000,0.0000,0.0000,0.9999,0.0000
0.0039,0.8032,0.0000,0.2082,0.0000,0.0103,0.0031
1.0000,1.0000,0.0000,0.0000,0.0000,0.9966,0.0000
0.0005,1.0000,0.0000,0.0098,0.0000,0.0002,0.0000
0.0005,0.9999,0.0000,0.0001,0.0000,0.0001,0.0000
0.4092,0.9855,0.0049,0.0019,0.0037,0.1007,0.0205
0.9994,0.9992,0.0000,0.0001,0.0000,0.9499,0.0652
0.0009,0.9924,0.0023,0.0002,0.0000,0.0021,0.0083
0.0001,0.0374,0.0000,0.5132,0.0000,0.0150,0.0005
0.9996,0.9982,0.0001,0.0005,0.0000,0.9833,0.0164
0.0143,0.1382,0.0000,0.0841,0.0000,0.0314,0.0000
0.9741,0.9948,0.0006,0.0030,0.0005,0.0864,0.0181
0.9998,0.9992,0.0001,0.0005,0.0000,0.9922,0.0078
0.9996,0.9982,0.0001,0.0006,0.0000,0.9844,0.0148
0.0001,0.0047,0.0001,0.2847,0.0000,0.0396,0.0008
0.1119,0.9571,0.0046,0.0083,0.0018,0.0669,0.0166
0.0729,0.9790,0.0020,0.0174,0.0011,0.0741,0.0195
0.0435,0.9244,0.0052,0.0142,0.0036,0.0369,0.0191
0.0544,0.9533,0.0149,0.0289,0.0074,0.0477,0.0289
0.0519,0.5448,0.0007,0.0438,0.0006,0.0927,0.0005
0.9256,0.9914,0.0010,0.0023,0.0010,0.0621,0.0206
0.9983,0.9949,0.0001,0.0005,0.0000,0.8652,0.0575
0.0873,0.5317,0.0000,0.1105,0.0000,0.0847,0.0000
0.0000,0.9969,0.0001,0.6283,0.0001,0.0000,0.0000
0.0176,0.6663,0.0034,0.0281,0.0048,0.0564,0.1193
0.0005,0.4124,0.0002,0.0007,0.0000,0.3358,0.8925
0.0027,0.9661,0.0020,0.0700,0.0002,0.0125,0.0000
0.0005,0.0737,0.0001,0.0068,0.0000,0.0831,0.0001
0.1105,0.2898,0.0000,0.0930,0.0000,0.2697,0.2493
0.0001,0.9222,0.0000,0.0018,0.0000,0.0023,0.0261
0.0002,0.0084,0.0002,0.3506,0.0004,0.0365,0.0029
0.0062,0.0661,0.0007,0.7528,0.0000,0.1180,0.0022
0.0020,0.9292,0.0000,0.0046,0.0001,0.0109,0.0177
0.9977,1.0000,0.0000,0.0000,0.0000,0.9696,0.2319
0.0132,0.9553,0.0013,0.0053,0.0018,0.0125,0.0090
0.9997,0.9975,0.0001,0.0003,0.0000,0.9954,0.0152
0.0008,0.0405,0.0001,0.0628,0.0000,0.3446,0.0001
0.0001,0.9212,0.0000,0.0024,0.0000,0.0037,0.0022
0.0006,0.3216,0.0008,0.0825,0.0002,0.0205,0.0278
0.0000,0.9789,0.0000,0.2768,0.0016,0.0001,0.0037
0.0058,0.0056,0.0013,0.0962,0.0117,0.9030,0.0797
0.0004,0.0010,0.0087,0.0043,0.0011,0.9991,0.0002
0.0028,0.0304,0.0274,0.0673,0.0024,0.9074,0.0244
0.0147,0.0560,0.0095,0.4830,0.0187,0.1075,0.4797
0.0404,0.0965,0.0066,0.2772,0.0122,0.6364,0.0316
0.0117,0.0032,0.0009,0.0681,0.0164,0.9562,0.0525
0.1439,0.0000,0.0000,0.0037,0.5404,0.9980,0.0010
0.0075,0.1851,0.0001,0.3025,0.0033,0.3774,0.0314
0.0047,0.0876,0.0011,0.5821,0.0091,0.5949,0.0001
0.0094,0.0002,0.0000,0.1730,0.0001,0.0011,0.9496
0.2774,0.1669,0.0205,0.0542,0.1795,0.6693,0.4885
0.0100,0.0003,0.0000,0.2553,0.0244,0.8648,0.0119
0.0000,0.0002,0.0000,0.1284,0.0000,0.0000,0.9996
0.0000,0.0002,0.0014,0.9724,0.0001,0.0002,0.0985
0.0000,0.0001,0.0000,0.9781,0.0000,0.0000,0.9952
0.0000,0.0003,0.0001,0.9318,0.0066,0.0071,0.9980
0.0343,0.5860,0.0225,0.4074,0.0651,0.0199,0.4901
0.2494,0.6748,0.0539,0.2835,0.0227,0.2840,0.0127
0.0874,0.3412,0.0164,0.0788,0.0056,0.2727,0.0044
0.4388,0.4830,0.3544,0.4653,0.2464,0.3290,0.3676
0.2073,0.4895,0.1952,0.1650,0.0838,0.3172,0.0847
0.0077,0.2893,0.0000,0.3451,0.0013,0.2437,0.0012
0.0152,0.1049,0.0004,0.7711,0.0080,0.1857,0.0045
0.4546,0.8310,0.0016,0.1166,0.1723,0.6225,0.0005
0.0780,0.4278,0.0019,0.7256,0.0062,0.0605,0.0311
0.2147,0.5394,0.1950,0.5377,0.0866,0.0870,0.0983
0.3988,0.6997,0.2932,0.2154,0.1778,0.1714,0.1102
0.6119,0.9104,0.0638,0.1976,0.0413,0.1293,0.0176
0.1413,0.9893,0.0005,0.0188,0.0006,0.0039,0.0008
0.4423,0.8440,0.1324,0.1311,0.0387,0.2266,0.0329
0.5128,0.7139,0.1373,0.1156,0.0371,0.2210,0.0634
0.3616,0.7056,0.3016,0.2121,0.1707,0.2090,0.1192
0.3769,0.7318,0.3137,0.2634,0.1265,0.2168,0.1195
0.1864,0.8075,0.0000,0.9578,0.0001,0.0653,0.0032
0.3076,0.5379,0.0343,0.0029,0.0002,0.1419,0.0000
0.0126,0.0930,0.0004,0.2545,0.0001,0.1022,0.0239
0.0257,0.9422,0.0077,0.0054,0.0005,0.0090,0.0103
0.3378,0.8100,0.3067,0.1965,0.1435,0.2294,0.0812
0.0982,0.3694,0.0012,0.2197,0.0009,0.0846,0.0019
0.0566,0.9607,0.0756,0.0400,0.0611,0.0155,0.0197
0.0692,0.3357,0.0045,0.0464,0.0067,0.0194,0.0350
0.1947,0.9157,0.0702,0.0183,0.0260,0.0522,0.0243
0.1593,0.9832,0.0158,0.0017,0.0016,0.0155,0.0018
0.3166,0.1774,0.0407,0.0166,0.0015,0.0499,0.0012
0.3117,0.7915,0.2115,0.1724,0.1477,0.0903,0.1013
0.5695,0.9381,0.0186,0.0059,0.0007,0.0577,0.0013
0.5457,0.9171,0.0211,0.0301,0.0007,0.2567,0.0008
0.2573,0.7037,0.0358,0.5473,0.0421,0.1813,0.0431
0.6774,0.9684,0.0024,0.4889,0.0006,0.4353,0.0005
0.3359,0.9384,0.0543,0.1190,0.0361,0.0395,0.0847
0.4662,0.7273,0.3266,0.4072,0.2110,0.2107,0.1621
0.2022,0.9216,0.0066,0.0155,0.0336,0.0795,0.0146
0.0142,0.9993,0.0006,0.0019,0.0028,0.0007,0.0006
0.0017,0.9995,0.0000,0.0000,0.0000,0.0065,0.0000
0.2883,0.9908,0.0028,0.0594,0.0028,0.0080,0.0038
0.2640,0.9362,0.0505,0.0850,0.0539,0.0622,0.1084
0.0000,0.9782,0.0000,0.0001,0.0000,0.0010,0.0000
0.2761,0.9112,0.0485,0.0906,0.0622,0.0888,0.1312
0.0226,0.9987,0.0019,0.0052,0.0054,0.0015,0.0019
0.2801,0.7865,0.0088,0.0219,0.0323,0.0596,0.0337
0.0212,0.9986,0.0021,0.0058,0.0059,0.0016,0.0022
0.0189,0.9986,0.0023,0.0030,0.0031,0.0015,0.0031
0.0759,0.7425,0.0000,0.0068,0.0000,0.0006,0.0001
0.0003,0.3536,0.0000,0.1030,0.0000,0.1295,0.0052
0.0402,0.5335,0.0010,0.1474,0.0358,0.0617,0.0309
0.0007,0.9696,0.0000,0.0000,0.0001,0.0000,0.0004
0.0010,0.9972,0.0002,0.0002,0.0000,0.0007,0.0008
0.0011,0.9361,0.0000,0.0056,0.0000,0.0003,0.0001
0.1984,0.9605,0.0402,0.0410,0.0532,0.0782,0.0696
0.0424,0.9962,0.0092,0.0102,0.0092,0.0056,0.0117
0.0979,0.9919,0.0013,0.0021,0.0100,0.0094,0.0032
0.0010,0.9484,0.0000,0.0022,0.0000,0.0000,0.0019
0.2499,0.6771,0.1451,0.2042,0.2013,0.0928,0.2741
0.0006,0.9995,0.0001,0.0000,0.0000,0.0000,0.0001
0.2089,0.9375,0.0019,0.0846,0.0145,0.1773,0.0634
0.2296,0.9700,0.0247,0.0861,0.0204,0.0154,0.0530
0.0004,0.9925,0.0000,0.0001,0.0000,0.0000,0.0006
0.3312,0.8383,0.0001,0.0021,0.0001,0.0000,0.0051
0.0718,0.9912,0.0000,0.0182,0.0002,0.3940,0.0002
0.0160,0.9985,0.0019,0.0041,0.0072,0.0013,0.0022
0.0028,0.9761,0.0001,0.0004,0.0021,0.0017,0.0004
0.0102,0.8346,0.0000,0.2572,0.0000,0.0000,0.0080
0.5067,0.8598,0.2735,0.3124,0.1222,0.2451,0.0700
0.8173,0.9469,0.0053,0.0077,0.2339,0.9767,0.0102
0.3317,0.5423,0.0395,0.2159,0.3368,0.5194,0.3122
0.4165,0.7407,0.3520,0.3754,0.2189,0.2545,0.1764
0.5386,0.9958,0.0087,0.1539,0.0013,0.1293,0.0015
0.5750,0.7825,0.2860,0.3405,0.1351,0.2589,0.0962
0.4186,0.7585,0.3959,0.4280,0.2036,0.2675,0.1752
0.3604,0.9262,0.1581,0.1267,0.0717,0.0803,0.0531
0.0474,0.5880,0.0066,0.6772,0.0022,0.0310,0.0530
0.1069,0.9718,0.0584,0.1158,0.0085,0.0179,0.0175
0.3738,0.8114,0.3688,0.3165,0.1894,0.2790,0.1453
0.5126,0.6298,0.2077,0.2096,0.0191,0.0495,0.0057
0.5154,0.9255,0.0702,0.1483,0.0113,0.0437,0.0051
0.4069,0.8062,0.2424,0.3535,0.1749,0.1410,0.1419
0.4334,0.8608,0.2048,0.3649,0.0226,0.1108,0.0039
0.3019,0.5024,0.2590,0.4255,0.2536,0.3436,0.4078
0.6214,0.9300,0.1253,0.7906,0.7380,0.9302,0.0009
0.2738,0.4056,0.0411,0.2989,0.3262,0.3998,0.3727
0.3132,0.4688,0.1825,0.3565,0.3060,0.3688,0.4824
0.0437,0.0866,0.0005,0.2430,0.0955,0.1759,0.3400
0.0494,0.7203,0.0041,0.1712,0.0249,0.0544,0.4064
0.0000,0.0067,0.0013,0.9733,0.0002,0.0000,0.4704
0.3263,0.5427,0.2098,0.3282,0.2593,0.4312,0.3856
1.0000,1.0000,0.9999,1.0000,1.0000,1.0000,0.0000
0.7926,0.2559,0.0000,0.1132,0.0000,1.0000,0.0000
1.0000,1.0000,1.0000,1.0000,1.0000,1.0000,0.0000
0.8845,0.9875,0.9220,0.9855,0.0229,0.8971,0.0000
0.9999,1.0000,0.0000,0.0000,0.0000,0.9999,0.0000
0.0000,0.0011,0.0000,0.0004,0.9989,1.0000,0.0000
0.0000,0.0000,0.9925,0.9997,0.0003,0.0001,0.0000
1.0000,1.0000,0.0000,0.0000,0.0000,1.0000,0.0005
0.0001,0.0016,0.0102,0.1036,0.0000,0.0033,0.0000
1.0000,0.9999,0.0000,0.0000,0.0000,1.0000,0.0000
0.2258,0.8215,0.0000,0.2868,0.0001,1.0000,0.0000
1.0000,1.0000,0.0000,0.0000,0.0000,1.0000,0.0000
0.0000,0.0000,0.0000,0.0000,0.0000,0.9973,0.0000
0.9991,1.0000,0.9998,0.9997,0.9949,0.9981,0.0000
0.0000,0.0000,0.9994,0.9997,0.9999,0.0003,0.0000
0.9996,0.9999,0.9969,1.0000,1.0000,0.9992,0.0000
0.0000,0.0000,0.0000,0.0001,0.0000,0.9998,0.0000
0.7496,0.9376,0.1116,0.0841,0.0209,0.7660,0.0034
1.0000,1.0000,1.0000,1.0000,1.0000,1.0000,0.0000
0.9952,0.9998,0.9847,0.9902,0.0005,0.9843,0.0000
0.1848,0.9999,0.9983,1.0000,0.9234,0.3448,0.0000
1.0000,1.0000,0.0000,0.2257,1.0000,1.0000,0.0000
1.0000,1.0000,0.0000,0.0000,0.6017,1.0000,0.0000
0.0000,0.0000,0.2712,0.1918,0.0000,0.0005,0.0000
0.0000,0.0004,0.0000,0.0169,0.0002,0.8620,0.0000
0.0110,0.1323,0.0000,0.9368,0.0827,0.1861,0.0000
1.0000,1.0000,0.0000,0.3971,1.0000,1.0000,0.0000
1.0000,1.0000,0.0000,0.0000,0.0000,1.0000,0.0000
1.0000,1.0000,1.0000,1.0000,1.0000,1.0000,0.0000
0.9993,1.0000,0.9999,1.0000,0.9998,0.9996,0.0000
1.0000,1.0000,0.0000,0.0000,0.0001,1.0000,0.0000
1.0000,1.0000,1.0000,1.0000,1.0000,1.0000,0.0000
1.0000,1.0000,1.0000,1.0000,1.0000,1.0000,0.0000
0.9210,0.9719,0.6034,0.9856,0.5596,0.9541,0.0003
0.0088,0.1512,0.1563,1.0000,0.0001,0.1254,0.0000
0.0083,0.0027,0.0037,1.0000,0.0000,0.0000,0.0000
0.0000,0.0000,0.9931,0.0000,1.0000,0.0000,0.0000
0.0000,0.0037,0.2820,0.9755,0.1719,0.0024,0.0000
1.0000,1.0000,0.0000,0.0000,0.0000,1.0000,0.0000
0.0002,0.0003,0.0000,0.0002,0.0000,0.9957,0.0001
0.9944,0.9969,0.0060,0.0007,0.0025,0.9977,0.0004
1.0000,1.0000,0.0000,0.0000,0.0000,1.0000,0.0000
1.0000,1.0000,0.0000,0.0000,0.0000,1.0000,0.0000
1.0000,1.0000,0.0000,0.0000,0.0000,1.0000,0.0000
0.0004,0.0000,0.0013,0.0001,0.0003,0.9993,0.0000
0.0004,0.8361,0.0024,0.0008,0.9977,0.9988,0.0000
0.0025,0.0025,0.0020,0.7779,0.0010,0.0410,0.0011
0.0021,0.2854,0.0000,0.9321,0.0000,0.0486,0.0000
1.0000,1.0000,0.0000,0.0000,0.0000,1.0000,0.0000
0.9953,0.9999,0.0000,0.0000,0.0000,1.0000,0.0000
1.0000,1.0000,1.0000,1.0000,1.0000,1.0000,0.0000
1.0000,1.0000,1.0000,1.0000,1.0000,1.0000,0.0000
0.0000,0.9995,0.0002,0.0002,0.9925,0.0001,0.0000
0.9093,0.9943,0.0000,0.0000,0.9981,1.0000,0.0000
0.0000,0.0000,0.0003,0.8458,0.0019,0.0246,0.0001
0.9998,0.9999,0.0000,0.0000,0.0000,0.9997,0.0000
0.0000,0.0002,0.0000,0.0000,0.0000,0.0001,0.8575
0.0100,0.0195,0.6471,0.5491,0.0121,0.7473,0.0000
0.9998,1.0000,0.9999,1.0000,0.9998,0.9997,0.0000
1.0000,1.0000,1.0000,1.0000,1.0000,1.0000,0.0000
0.0153,0.0793,0.0699,0.1549,0.0197,0.6626,0.0076
0.9956,1.0000,0.0000,0.0001,0.9024,0.9893,0.0000
0.0000,0.0000,0.0002,1.0000,0.0000,0.0000,0.0000
0.0000,0.0000,0.9990,0.9999,0.9994,1.0000,0.0000
0.0000,0.0000,0.0000,0.9999,0.0004,0.0422,0.0000
0.0000,0.0045,0.0000,1.0000,0.0000,0.9996,0.0000
0.0000,0.0000,0.0111,0.9997,0.0000,0.0029,0.0000
0.0000,0.0001,0.0000,0.0233,0.0003,0.7496,0.0000
0.9976,0.8862,0.0000,0.0000,0.0000,0.9999,0.0000
0.0000,0.0000,0.0007,1.0000,0.0000,0.0000,0.0001
0.0000,0.0000,0.9882,0.9998,0.0005,0.9511,0.0000
0.9659,0.9805,0.0000,0.9409,0.0015,0.9870,0.0000
0.0000,0.0000,0.0000,0.0004,0.0000,0.0000,0.0022
1.0000,1.0000,1.0000,1.0000,1.0000,1.0000,0.0000
1.0000,1.0000,1.0000,1.0000,1.0000,1.0000,0.0000
0.9986,0.9998,0.0020,0.9254,1.0000,0.9999,0.0000
1.0000,1.0000,0.0000,0.0000,0.0000,1.0000,0.0000
0.0000,0.0000,0.0000,1.0000,0.0000,0.0000,0.0000
1.0000,1.0000,1.0000,1.0000,1.0000,1.0000,0.0000
0.0000,0.0010,0.0000,0.9980,0.0012,0.9920,0.0001
0.0000,0.0000,0.0000,1.0000,0.0000,0.9996,0.0000
1.0000,0.9999,0.0000,0.0000,0.0000,1.0000,0.0000
0.0000,0.0000,0.0000,0.0000,0.0000,0.9996,0.0000
0.0006,0.0003,0.0000,0.9554,0.0000,0.9138,0.0000
0.0003,0.0006,0.0002,0.9992,0.0001,0.0000,0.0001
0.0001,0.0143,0.0125,0.9918,0.0183,0.0000,0.0003
0.0006,0.8594,0.0000,0.7445,0.0000,0.9646,0.0144
0.8667,0.9339,0.0000,1.0000,0.3465,0.9998,0.0000
1.0000,1.0000,0.0000,0.0000,0.0000,1.0000,0.0000
0.0000,0.0000,0.0000,1.0000,0.0000,0.0000,0.0000
0.4980,0.9574,0.0000,0.8891,0.0002,0.0076,0.0000
0.0139,0.0485,0.7619,0.7115,0.2713,0.1478,0.0101
0.9893,0.9984,0.0000,0.9991,0.9974,0.9986,0.0000
0.0000,0.0000,0.0001,0.0049,0.0020,0.9879,0.0000
0.9991,1.0000,0.9998,1.0000,0.9990,0.9996,0.0000
0.9956,0.9999,0.9971,1.0000,0.9903,0.9977,0.0000
0.5074,0.9567,0.0000,0.3344,0.0000,0.1009,0.0000
0.5406,0.0591,0.0152,0.1794,0.0004,0.9906,0.0000
0.0000,0.0020,0.0000,0.0000,0.9982,1.0000,0.0000
0.9975,0.9999,0.0211,0.0113,0.7614,0.9930,0.0003
1.0000,1.0000,0.0000,0.0000,0.0000,1.0000,0.0002
0.0000,0.0020,0.0004,0.0004,0.9513,0.0014,0.0006
0.0000,0.0005,0.0006,0.0001,0.9456,0.0004,0.0003
0.0000,0.0001,0.0002,1.0000,0.0000,0.0000,0.0001
1.0000,1.0000,1.0000,1.0000,1.0000,1.0000,0.0000
0.0001,0.0018,0.0018,0.0733,0.0001,0.1415,0.0001
1.0000,1.0000,0.0000,0.0000,0.0003,1.0000,0.0000
0.0032,0.0048,0.9930,0.9776,0.9792,0.9456,0.0000
0.0078,0.7725,0.0009,1.0000,0.1799,0.9957,0.0000
0.0000,0.0000,0.0149,0.9918,0.0001,0.0282,0.0000
0.5250,0.8766,0.1948,0.9821,0.5400,0.9282,0.0002
0.0000,0.0000,0.8400,0.9914,0.0000,0.0001,0.0000
0.0001,0.0003,0.9879,0.9990,0.9541,0.9935,0.0000
1.0000,1.0000,1.0000,1.0000,1.0000,1.0000,0.0000
0.0034,0.4432,0.8771,1.0000,0.0215,0.0080,0.0000
0.0030,0.0044,0.0126,0.9678,0.0024,0.5810,0.0001
0.0000,0.0001,0.9991,1.0000,0.0001,0.0000,0.0000
0.0029,0.0027,0.2920,0.9343,0.1551,0.0272,0.0006
0.9988,0.9999,0.9998,1.0000,0.9991,0.9995,0.0000
0.0030,0.0034,0.0005,0.9986,0.0000,0.9307,0.0000
0.0000,0.0000,0.9901,0.9996,0.0011,0.9550,0.0000
0.9556,0.9888,0.5225,0.9854,0.9577,0.9531,0.0002
0.0001,0.0003,0.0001,0.7801,0.0016,0.9182,0.0000
0.0000,0.0000,0.9996,0.9879,0.9999,0.0003,0.0000
0.0000,0.0000,0.0001,1.0000,0.0000,0.0000,0.0000
0.0000,0.0000,0.0000,1.0000,0.0000,0.0000,0.0000
0.0000,0.0000,0.7063,0.0033,0.0000,0.0235,0.0000
0.0000,0.0000,0.0000,0.9999,0.0000,0.0000,0.0000
1.0000,1.0000,1.0000,1.0000,1.0000,1.0000,0.0000
0.0000,0.0000,0.0674,0.7340,0.0008,0.0015,0.0000
0.0000,0.0000,0.0000,1.0000,0.0000,1.0000,0.0000
0.9989,0.9996,0.0000,0.9992,0.9922,0.9983,0.0000
1.0000,1.0000,0.9999,1.0000,1.0000,1.0000,0.0000
0.9988,0.9996,0.0000,0.0000,0.0000,0.9997,0.0000
0.0000,0.0000,0.9970,0.0006,1.0000,0.0000,0.0000
1.0000,1.0000,0.0000,0.0000,0.0000,1.0000,0.0004
1.0000,1.0000,1.0000,1.0000,1.0000,1.0000,0.0000
0.3905,0.7439,0.1198,0.0937,0.0196,0.8160,0.0017
0.2885,0.8660,0.0009,0.9980,0.0000,0.5156,0.0000
0.0000,0.0000,0.9981,0.9986,0.0000,0.0007,0.0000
0.0000,0.0000,0.0001,1.0000,0.0000,0.9980,0.0000
0.0000,0.0000,0.9844,0.9983,0.0003,0.0000,0.0000
1.0000,1.0000,0.0053,0.9987,0.9999,1.0000,0.0000
0.0714,0.2946,0.0246,0.9970,0.9480,0.0009,0.0000
0.0998,0.3877,0.1959,0.9162,0.0184,0.4733,0.0009
0.9997,1.0000,0.0000,0.0000,0.0000,1.0000,0.0000
0.0000,0.0000,0.0002,0.0000,0.0000,0.9994,0.0000
0.0000,0.0000,0.3067,0.0000,0.1622,0.8609,0.0000
1.0000,1.0000,1.0000,1.0000,1.0000,1.0000,0.0000
1.0000,1.0000,1.0000,1.0000,1.0000,1.0000,0.0000
0.9968,0.9997,0.0000,0.0000,0.0000,0.9998,0.0000
0.0005,0.0005,0.9927,0.9804,0.9932,0.0001,0.0000
0.0000,0.0000,0.0045,0.9602,0.0009,0.0159,0.0000
0.9999,1.0000,0.9999,1.0000,0.9997,0.9999,0.0000
0.9998,1.0000,0.0000,0.0000,0.0000,1.0000,0.0000
0.9857,0.9999,0.0000,0.0000,0.0000,0.9995,0.0000
1.0000,1.0000,0.0175,1.0000,0.0022,0.9616,0.0000
1.0000,1.0000,1.0000,1.0000,1.0000,1.0000,0.0000
1.0000,1.0000,1.0000,1.0000,1.0000,1.0000,0.0000
1.0000,0.9999,0.0000,0.0000,0.0000,1.0000,0.0001
0.0000,0.0000,0.7713,0.8756,0.0002,0.0007,0.0000
1.0000,1.0000,0.0000,0.0000,0.0000,1.0000,0.0001
0.0000,0.0000,0.0171,0.9956,0.0000,0.0000,0.0000
0.0011,0.0120,0.0028,0.2073,0.0014,0.9228,0.0000
1.0000,1.0000,0.0000,0.0000,0.0000,1.0000,0.0000
0.0000,0.0022,0.0007,0.0001,0.9984,0.0001,0.0006
0.0001,0.9551,0.0000,0.0001,0.3616,0.0575,0.0000
0.0000,0.0001,0.0000,0.0000,0.0010,1.0000,0.0000
0.0000,0.1197,0.0003,0.0004,0.9999,0.0001,0.0000
0.2130,0.0979,0.0000,0.2394,0.0000,0.8601,0.0001
0.9233,0.8499,0.0030,0.4529,0.0025,0.9852,0.0002
0.0000,0.0004,0.0039,1.0000,0.0002,0.0008,0.0000
0.0000,0.0000,0.0026,0.4120,0.0124,0.0017,0.0000
0.0000,0.0000,0.0000,0.0000,0.0001,1.0000,0.0000
0.0000,0.0000,0.0000,0.0000,0.0001,1.0000,0.0000
0.0000,0.0769,0.0000,0.8924,0.0000,0.0000,0.0000
0.0007,0.0002,0.0005,0.0000,0.0000,0.9908,0.0000
0.1100,0.6098,0.4463,0.1641,0.4985,0.3788,0.0051
0.9541,0.9999,0.0423,0.7392,0.9976,0.0902,0.0002
0.9999,1.0000,0.0000,0.0000,0.0000,1.0000,0.0000
1.0000,1.0000,1.0000,1.0000,1.0000,1.0000,0.0000
0.9996,1.0000,0.0000,0.0000,0.7043,0.9995,0.0000
0.0001,0.9917,0.0000,0.0000,0.0120,0.0017,0.0000
0.9950,0.9998,0.0000,0.0000,0.0000,1.0000,0.0003
0.0028,0.5972,0.9822,1.0000,0.0000,0.8844,0.0005
0.0000,0.0000,0.0000,1.0000,0.0004,0.0000,0.0000
0.9998,1.0000,0.0001,0.0505,0.9985,0.9993,0.0000
1.0000,1.0000,0.0000,0.0000,0.0000,1.0000,0.0001
0.9991,0.9994,0.0000,0.0000,0.0000,0.9991,0.0000
0.0000,0.0000,0.9974,0.9988,0.9998,1.0000,0.0000
1.0000,1.0000,0.9996,1.0000,1.0000,1.0000,0.0000
0.0000,0.0000,0.9996,0.0000,0.0000,0.0000,0.0003
0.5362,0.8317,0.1329,0.7266,0.0002,0.4616,0.0006
0.0000,0.2623,0.0000,0.0000,0.0014,0.0000,0.0209
0.0000,0.0000,0.9991,0.9997,0.9999,1.0000,0.0000
0.0178,0.0975,0.0000,0.0001,0.0000,0.0003,0.9612
0.0015,0.0292,0.0000,1.0000,0.9948,0.9993,0.0000
1.0000,1.0000,0.0000,1.0000,0.0000,0.9999,0.0000
0.0000,0.0000,0.0000,0.0000,0.0000,1.0000,0.0000
0.2725,0.7172,0.0000,0.1877,0.0001,0.9550,0.0000
0.9910,0.9993,0.0000,0.0000,0.0000,0.9996,0.0000
1.0000,1.0000,1.0000,1.0000,1.0000,1.0000,0.0000
1.0000,1.0000,0.0001,0.0000,1.0000,1.0000,0.0000
0.9999,1.0000,0.0000,0.0000,0.0001,0.9997,0.0000
0.0000,0.0000,0.0000,1.0000,0.0000,0.0000,0.0000
0.0026,0.0200,0.0000,1.0000,0.9959,0.9968,0.0000
1.0000,1.0000,1.0000,1.0000,1.0000,1.0000,0.0000
0.9975,0.9987,0.0000,0.9998,0.0023,0.0011,0.0000
0.9995,0.9961,0.0000,0.0000,0.0000,0.9753,0.0000
0.0000,0.0002,0.2038,1.0000,0.9936,0.0000,0.0000
0.9999,1.0000,0.0000,1.0000,0.0000,0.0000,0.0000
0.0207,0.0293,0.0001,0.4798,0.0002,0.1266,0.4899
0.9996,0.9999,0.0000,1.0000,0.0000,0.0000,0.0000
0.9967,0.9903,0.0000,0.6768,0.0051,0.9843,0.0000
0.4366,0.7267,0.0000,0.9934,0.0002,1.0000,0.0000
0.0026,0.0201,0.0000,1.0000,0.9959,0.9968,0.0000
1.0000,1.0000,0.9997,1.0000,1.0000,1.0000,0.0000
0.0290,0.0551,0.0001,0.9991,0.0000,0.9982,0.0000
0.9989,0.9995,0.0000,0.7929,0.0067,0.7305,0.0000
0.0000,0.0000,0.0000,1.0000,0.0000,0.0000,0.0000
0.9996,1.0000,0.0000,1.0000,0.0000,0.0000,0.0000
0.0000,0.0000,0.5507,1.0000,0.0000,0.0030,0.0000
0.0314,0.2571,0.0000,0.7711,0.0000,0.3426,0.0003
0.9967,0.9994,0.0000,0.0029,0.0003,0.9598,0.0000
1.0000,1.0000,0.0000,1.0000,1.0000,1.0000,0.0000
0.0000,0.0000,0.0000,1.0000,0.0000,0.0767,0.0000
0.0000,0.0000,0.0000,1.0000,0.0000,0.0000,0.0000
0.0000,0.0001,0.0000,0.0084,0.0000,0.9272,0.0000
0.2844,0.6490,0.0001,0.9247,0.0000,0.7612,0.0010
0.0010,0.0068,0.0002,0.9998,0.0002,0.0019,0.0036
1.0000,1.0000,0.0000,1.0000,0.9998,0.9999,0.0000
0.0468,0.2151,0.0000,0.0021,0.0004,0.9975,0.0000
0.0000,0.0000,0.0000,1.0000,0.0000,0.1477,0.0000
0.7855,0.9799,0.0000,0.9971,0.0000,0.6570,0.0000
0.0178,0.0763,0.0001,0.9912,0.0011,0.0202,0.0223
1.0000,1.0000,0.9991,1.0000,1.0000,1.0000,0.0000
0.9999,0.9998,0.0003,0.9998,0.0000,0.9997,0.0000
0.0000,0.0000,0.7999,1.0000,0.0000,0.0009,0.0000
0.0000,0.0000,0.0000,1.0000,0.0000,0.0977,0.0000
0.0086,0.2212,0.0000,0.9999,0.0009,0.9930,0.0000
0.0027,0.0205,0.0000,1.0000,0.9957,0.9966,0.0000
0.8892,0.9525,0.0002,0.1153,0.0000,0.6306,0.0038
0.6980,0.9263,0.0000,0.3954,0.0000,0.8220,0.0000
1.0000,1.0000,0.0000,0.0002,1.0000,1.0000,0.0000
0.0016,0.0034,0.0000,0.0041,0.0008,0.9965,0.0000
0.0038,0.0128,0.0000,0.0080,0.0012,0.9949,0.0000
0.0698,0.2009,0.0000,0.4697,0.0000,0.2580,0.0004
0.1728,0.6814,0.0006,0.5840,0.0009,0.1835,0.0474
1.0000,1.0000,0.0000,0.0023,1.0000,1.0000,0.0000
0.7226,0.9107,0.0001,0.7895,0.0000,0.6263,0.0008
0.0015,0.0033,0.0000,0.0036,0.0009,0.9969,0.0000
0.0745,0.6606,0.0007,0.9944,0.0000,0.7225,0.0000
1.0000,1.0000,1.0000,1.0000,1.0000,1.0000,0.0000
0.7405,0.8924,0.0000,0.0083,0.0073,0.1851,0.0040
0.0070,0.9996,0.0000,1.0000,0.0001,0.0000,0.0000
0.7840,0.9703,0.0000,0.0072,0.0388,0.9296,0.0000
0.6205,0.9000,0.0001,0.8365,0.0000,0.7117,0.0008
0.0019,0.0001,0.0000,0.9444,0.0000,0.0008,0.0013
0.0000,0.2544,0.0000,0.0028,0.0001,0.0002,0.0010
0.9605,0.9977,0.0000,0.0010,0.0000,0.9209,0.0437
0.0639,0.0379,0.0027,0.9042,0.0048,0.0739,0.0303
0.0106,0.9999,0.0000,0.6192,0.0000,0.0430,0.0001
0.0002,0.0002,0.0000,0.1207,0.0000,0.0010,0.1516
0.0000,0.0001,0.0000,0.0409,0.0000,0.0000,0.9192
0.0061,0.0008,0.0003,0.2029,0.0000,0.0006,0.0167
0.0007,0.0001,0.0000,0.0840,0.0000,0.0017,0.7527
0.0034,0.0001,0.0002,0.7536,0.0013,0.0233,0.2840
0.0373,0.0002,0.0000,0.0711,0.0003,0.0175,0.2349
0.0000,0.0035,0.0000,0.6294,0.0000,0.0000,0.4487
0.0000,0.0000,0.0003,0.9949,0.0000,0.0000,0.1472
0.0039,0.0156,0.0009,0.0132,0.0000,0.0053,0.1538
0.0000,0.0000,0.0000,1.0000,0.0001,0.0000,0.0006
0.0234,0.0092,0.0088,0.9127,0.0017,0.0411,0.0508
0.0000,0.0001,0.0001,0.4916,0.0001,0.0000,0.8144
0.0270,0.0068,0.0038,0.9708,0.0022,0.0350,0.0282
0.0001,0.0003,0.0000,0.8364,0.0000,0.0040,0.0023
0.0003,0.0003,0.0010,0.9999,0.0000,0.0000,0.0055
0.0006,0.0065,0.0000,0.9818,0.0000,0.0151,0.0030
0.3972,0.0148,0.0115,0.5823,0.0018,0.1440,0.1052
0.0015,0.0020,0.0005,0.0198,0.0000,0.0014,0.9803
0.0246,0.0431,0.0032,0.7166,0.0009,0.0156,0.2038
0.0000,0.0000,0.0000,0.9999,0.0001,0.0000,0.0003
0.0000,0.0001,0.0000,0.4436,0.0000,0.0003,0.6753
0.0010,0.0020,0.0000,0.9821,0.0001,0.0112,0.0023
0.0000,0.0000,0.0000,0.9998,0.0001,0.0001,0.0003
0.0004,0.0000,0.0000,0.9810,0.0000,0.0003,0.0696
0.0000,0.0000,0.0000,0.0271,0.0000,0.0000,0.7600
0.0107,0.0006,0.0003,0.6419,0.0009,0.0235,0.6685
0.0001,0.0036,0.0000,0.9972,0.0009,0.0000,0.2271
0.0012,0.0000,0.0000,0.0073,0.0000,0.0084,0.9879
0.0000,0.0000,0.1032,0.9990,0.0000,0.0000,0.0921
0.0000,0.0000,0.0000,1.0000,0.0000,0.0000,0.0012
0.0016,0.1114,0.0000,0.9889,0.0001,0.0032,0.0010
0.0009,0.0000,0.2827,0.0000,0.0000,0.0096,0.9997
0.0000,0.0002,0.0001,0.0001,0.0000,0.0000,1.0000
0.0006,0.0004,0.0000,0.7230,0.0000,0.0013,0.8156
0.0220,0.0020,0.0000,0.1375,0.0008,0.0395,0.1750
0.1155,0.0032,0.0041,0.3704,0.0000,0.6546,0.0012
0.0014,0.0009,0.0000,0.9810,0.0000,0.0029,0.0039
0.0125,0.0022,0.0006,0.9866,0.0004,0.0332,0.0076
0.0007,0.0001,0.0000,0.9463,0.0006,0.0006,0.0770
0.0014,0.0016,0.0000,0.5534,0.0000,0.0009,0.6045
0.0001,0.0000,0.0000,0.9992,0.0000,0.0004,0.0027
0.0003,0.0004,0.0001,1.0000,0.0000,0.0018,0.0000
0.0101,0.0014,0.0001,0.9904,0.0002,0.0212,0.0033
0.0000,0.0032,0.0000,0.0171,0.0000,0.0004,0.8273
0.0109,0.0289,0.0005,0.8044,0.0018,0.0106,0.0898
0.0528,0.0001,0.0000,0.5290,0.0000,0.0468,0.4087
0.0001,0.0001,0.0001,0.2484,0.0002,0.0000,0.4737
0.0006,0.0002,0.0004,0.9805,0.0002,0.0269,0.0015
0.0008,0.7027,0.0000,0.3857,0.0005,0.0009,0.4168
0.0000,0.0001,0.0000,0.2800,0.0003,0.0000,0.4504
0.0000,0.0003,0.0004,0.9447,0.0000,0.0000,0.3275
0.0027,0.0000,0.0000,0.9771,0.0000,0.0019,0.0004
0.0006,0.0001,0.0000,0.8826,0.0016,0.0003,0.1062
0.0003,0.0000,0.0000,0.7978,0.0001,0.0009,0.0732
0.0000,0.0289,0.0000,0.0172,0.3296,0.0018,0.0964
0.0000,0.0000,0.0000,0.9999,0.0002,0.0000,0.0006
0.0000,0.0008,0.0000,0.1156,0.0000,0.0000,0.7502
0.0055,0.0012,0.0004,0.9902,0.0002,0.0075,0.0044
0.0422,0.0080,0.0145,0.9677,0.0084,0.0683,0.0302
0.0001,0.0002,0.0001,0.9926,0.0000,0.0004,0.0089
0.0000,0.0000,0.0000,0.4627,0.0001,0.0000,0.1248
0.0000,0.0002,0.0000,0.2116,0.0008,0.0000,0.7837
0.0001,0.0061,0.1551,0.0735,0.0000,0.0000,0.8943
0.0005,0.0001,0.0000,0.9022,0.0000,0.0041,0.0721
0.0060,0.0002,0.0001,0.5106,0.0000,0.0073,0.7339
0.0017,0.0001,0.0003,0.9349,0.0002,0.0017,0.1107
0.0169,0.0004,0.0003,0.7968,0.0002,0.0370,0.1604
0.0018,0.0002,0.0000,0.9994,0.0000,0.0012,0.0001
0.0000,0.0000,0.0000,0.9996,0.0000,0.0000,0.1942
0.0527,0.0223,0.0000,0.9662,0.0000,0.1679,0.0000
0.0005,0.0001,0.0002,0.4106,0.0004,0.0015,0.2749
0.0000,0.9176,0.0000,0.9835,0.0000,0.0000,0.8245
0.0012,0.5324,0.0229,0.2874,0.0088,0.0099,0.0005
0.0083,0.0033,0.0280,0.4977,0.0026,0.0306,0.0039
0.0000,0.0000,0.0000,0.0082,0.0000,0.0002,0.9406
0.1689,0.2731,0.0004,0.9137,0.0000,0.2493,0.0004
0.2392,0.0558,0.0005,0.8178,0.0000,0.8218,0.0001
0.0007,0.0010,0.0002,0.9992,0.0002,0.0000,0.0066
0.0016,0.0435,0.0007,0.9804,0.0016,0.0001,0.1795
0.3841,0.5587,0.1626,0.9988,0.2020,0.0089,0.0000
0.3997,0.2243,0.0000,0.0030,0.0000,0.8521,0.0000
0.0061,0.0003,0.0002,0.9979,0.0000,0.0001,0.0002
0.0000,0.0007,0.9937,0.9882,0.0011,0.0018,0.0004
0.0000,0.0027,0.9855,0.8700,0.0021,0.0006,0.0043
0.0000,0.0000,0.0011,1.0000,0.0001,0.0000,0.0000
0.0000,0.0026,0.9828,0.9231,0.0031,0.0007,0.0022
0.1327,0.2932,0.0021,0.9801,0.0072,0.0052,0.0183
0.0001,0.0004,0.0015,0.2871,0.0034,0.0001,0.8168
0.0000,0.0001,0.0000,0.0929,0.1678,0.0000,0.9880
0.0000,0.0000,0.0000,0.1832,0.0009,0.0000,0.9746
0.2442,0.0037,0.0002,0.9999,0.0022,0.0005,0.0099
0.0466,0.0035,0.0000,0.9915,0.0006,0.0506,0.0174
0.0000,0.0840,0.0043,0.2062,0.0240,0.0001,0.3015
0.0000,0.0000,0.0000,0.5372,0.0000,0.0000,0.9184
0.0001,0.0092,0.0024,0.0373,0.0305,0.0007,0.7067
0.0000,0.0009,0.0045,0.0138,0.0018,0.0000,0.9947
0.0001,0.0100,0.0049,0.0378,0.0309,0.0007,0.6246
0.0002,0.2359,0.0000,0.9949,0.0205,0.0000,0.0106
0.0000,0.7591,0.0000,0.1552,0.0012,0.0000,0.1396
0.0065,0.0010,0.9558,0.9359,0.0003,0.9964,0.0000
0.0096,0.0020,0.9397,0.9041,0.0007,0.9944,0.0000
0.0184,0.0278,0.7914,0.7378,0.0247,0.6810,0.0002
0.0170,0.0229,0.8583,0.9719,0.0026,0.9451,0.0000
0.0028,0.2885,0.0184,0.3241,0.0443,0.0005,0.1661
0.0000,0.0004,0.1328,0.9167,0.1292,0.0038,0.0002
0.0000,0.0000,0.0047,0.9997,0.3148,0.0002,0.0000
0.0000,0.3691,0.0001,0.0460,0.0033,0.0000,0.4121
0.0000,0.0265,0.0000,0.0190,0.0157,0.0000,0.5571
0.0000,0.0451,0.0000,0.0067,0.0004,0.0000,0.9906
0.0000,0.1284,0.0000,0.4223,0.0000,0.0000,0.9997
0.0003,0.1609,0.0000,0.0549,0.0001,0.0001,0.0037
0.0001,0.8009,0.0000,0.0136,0.0000,0.0002,0.0009
0.0003,0.0721,0.0001,0.1055,0.0002,0.0004,0.0061
0.0000,0.9739,0.0000,0.0014,0.0001,0.0000,0.9981
0.0000,0.2990,0.0002,0.0244,0.0040,0.0000,0.3670
0.0000,0.9957,0.0000,0.0022,0.0020,0.0000,0.2341
0.0030,0.4083,0.0003,0.0560,0.0101,0.0011,0.6486
1.0000,1.0000,1.0000,1.0000,1.0000,1.0000,0.0000
0.9988,0.9982,0.0000,0.0009,0.0000,0.9996,0.0000
0.0000,0.0004,0.0006,0.0176,0.9974,0.9999,0.0000
0.0000,0.0000,0.9852,0.9968,0.0016,0.0004,0.0005
0.9998,0.9999,0.0000,0.0000,0.0001,1.0000,0.0008
0.0000,0.0000,0.0266,0.9993,0.0000,0.0030,0.0000
1.0000,1.0000,0.0000,0.0000,0.0000,1.0000,0.0000
0.0003,0.0005,0.0172,0.9969,0.0009,0.0016,0.0001
1.0000,1.0000,0.0000,0.0000,0.0000,1.0000,0.0001
0.0023,0.0330,0.0017,0.9059,0.0423,0.0066,0.0002
0.9822,0.9995,0.9993,0.9963,0.9881,0.9887,0.0000
0.0000,0.0000,0.9988,0.9979,0.9998,0.0014,0.0000
0.9993,0.9996,0.9763,0.9998,1.0000,0.9812,0.0000
0.0000,0.0000,0.0002,0.0004,0.0015,0.9997,0.0000
1.0000,1.0000,0.9999,1.0000,1.0000,1.0000,0.0000
0.9490,0.9879,0.9626,0.9328,0.0044,0.9778,0.0000
0.0142,0.9528,0.9981,1.0000,0.7819,0.1924,0.0000
1.0000,1.0000,0.0001,0.8701,1.0000,1.0000,0.0000
1.0000,1.0000,1.0000,1.0000,1.0000,1.0000,0.0000
0.0026,0.0255,0.3682,0.9998,0.0001,0.1375,0.0001
1.0000,1.0000,1.0000,1.0000,1.0000,1.0000,0.0000
0.0000,0.0008,0.9903,0.0002,1.0000,0.0000,0.0000
0.0007,0.0743,0.0003,0.9967,0.0518,0.0005,0.0001
0.0000,0.0016,0.5222,0.8351,0.1052,0.0047,0.0017
0.0026,0.0016,0.0284,0.9999,0.0000,0.0000,0.0000
0.0030,0.0460,0.0000,0.9685,0.0000,0.1198,0.0000
0.0018,0.8652,0.0409,0.0048,0.9977,0.9978,0.0000
1.0000,1.0000,1.0000,1.0000,1.0000,1.0000,0.0000
0.9992,1.0000,0.9999,1.0000,1.0000,1.0000,0.0000
0.1977,0.7977,0.0003,0.0021,0.9920,1.0000,0.0000
0.0006,0.0015,0.9557,0.0789,0.0141,0.0130,0.0077
0.0011,0.9963,0.0015,0.0034,0.9820,0.0090,0.0000
0.0032,0.0147,0.0262,0.9858,0.0618,0.0013,0.0010
0.0000,0.0000,0.9978,0.9916,0.9912,1.0000,0.0000
1.0000,1.0000,1.0000,1.0000,1.0000,1.0000,0.0000
0.9943,0.9989,0.9997,1.0000,0.9986,0.9940,0.0000
0.0000,0.0000,0.0440,0.9995,0.0000,0.0002,0.0000
0.0002,0.0048,0.0005,1.0000,0.0000,0.9890,0.0000
0.0000,0.0000,0.0022,0.9999,0.0000,0.0000,0.0037
0.0001,0.0003,0.9800,0.9983,0.0017,0.9339,0.0001
0.9888,0.9978,0.9997,1.0000,0.9981,0.9926,0.0000
1.0000,1.0000,1.0000,1.0000,1.0000,1.0000,0.0000
0.0000,0.0000,0.0000,1.0000,0.0000,0.0000,0.0000
1.0000,1.0000,1.0000,1.0000,1.0000,1.0000,0.0000
1.0000,1.0000,0.9999,1.0000,1.0000,1.0000,0.0000
0.0000,0.0000,0.0064,1.0000,0.0000,0.9890,0.0000
1.0000,1.0000,0.9999,1.0000,1.0000,1.0000,0.0000
0.0000,0.0001,0.0548,1.0000,0.0000,0.0402,0.0000
0.0000,0.0000,0.9960,0.9874,0.0002,0.0037,0.0001
0.0001,0.0007,0.9954,0.0045,1.0000,0.0007,0.0000
0.9993,0.9996,0.0333,0.9929,0.9999,1.0000,0.0000
0.0000,0.0000,0.9845,0.9223,0.0020,0.0000,0.0030
0.0206,0.1174,0.1082,0.9758,0.9114,0.0019,0.0008
1.0000,1.0000,1.0000,1.0000,1.0000,1.0000,0.0000
0.0122,0.0190,0.9879,0.9716,0.9952,0.0015,0.0000
0.0000,0.0003,0.0202,0.9230,0.0071,0.0955,0.0002
1.0000,1.0000,0.9999,1.0000,1.0000,1.0000,0.0000
0.9968,0.9995,0.9994,1.0000,0.9974,0.9978,0.0000
1.0000,1.0000,1.0000,1.0000,1.0000,1.0000,0.0000
1.0000,1.0000,0.9998,1.0000,1.0000,1.0000,0.0000
0.9942,1.0000,0.0000,0.0019,0.0000,0.9983,0.0000
0.0000,0.0037,0.0074,0.0002,0.9965,0.0020,0.0069
1.0000,1.0000,0.0000,0.0001,0.0011,1.0000,0.0001
0.9994,0.9999,0.0586,1.0000,0.0008,0.4204,0.0000
0.0000,0.0029,0.0002,0.5336,0.0002,0.0001,0.0001
0.3920,0.0461,0.0000,0.0050,0.0005,0.8840,0.0001
0.3258,0.2077,0.0010,0.7559,0.0000,0.7134,0.0002
0.0441,0.3293,0.0038,0.2311,0.0378,0.1374,0.0005
0.0007,0.0010,0.0323,0.9962,0.0009,0.0025,0.0001
0.0000,0.0000,0.9979,0.9730,0.9991,1.0000,0.0000
1.0000,1.0000,0.9997,1.0000,1.0000,1.0000,0.0000
0.0000,0.0000,0.0002,0.9999,0.0069,0.0000,0.0000
0.0000,0.0000,0.9878,0.0004,0.0000,0.0000,0.0088
0.0000,0.0000,0.9952,0.9481,0.9981,1.0000,0.0000
0.0000,0.0067,0.2232,0.0198,0.0054,0.0231,0.0002
1.0000,1.0000,0.9992,1.0000,1.0000,1.0000,0.0000
0.0000,0.0001,0.0040,1.0000,0.0000,0.9998,0.0000
1.0000,1.0000,1.0000,1.0000,1.0000,1.0000,0.0000
0.9858,0.9979,0.9992,1.0000,0.9935,0.9936,0.0000
0.9488,1.0000,0.6368,0.9998,0.9893,0.9992,0.0000
0.0000,0.0000,0.0011,1.0000,0.0000,0.9972,0.0000
0.6406,0.6537,0.0004,1.0000,0.6161,0.9912,0.0000
0.0019,0.8424,0.0001,0.9873,0.0000,0.7213,0.0105
0.0000,0.0000,0.0000,1.0000,0.0000,0.0000,0.0000
0.8615,0.9843,0.9931,0.9999,0.9301,0.9658,0.0001
0.9995,1.0000,0.9998,1.0000,1.0000,1.0000,0.0000
0.0635,0.0047,0.0729,0.2778,0.0026,0.8204,0.0003
0.0005,0.0020,0.9820,0.9971,0.9094,0.9675,0.0000
1.0000,1.0000,1.0000,1.0000,1.0000,1.0000,0.0000
0.0000,0.0004,0.0002,0.0002,0.9886,0.9999,0.0000
0.0000,0.0009,0.0077,0.0003,0.9425,0.0039,0.0040
0.0001,0.0031,0.0053,0.0009,0.9433,0.0105,0.0071
1.0000,1.0000,1.0000,1.0000,1.0000,1.0000,0.0000
0.0053,0.0083,0.9887,0.9147,0.9730,0.8780,0.0001
0.0001,0.0001,0.9992,0.9687,0.9999,0.0015,0.0000
1.0000,1.0000,0.9999,1.0000,1.0000,1.0000,0.0000
0.0002,0.0013,0.9963,0.9953,0.0017,0.0007,0.0000
0.0000,0.0006,0.5766,0.9210,0.0294,0.0005,0.0006
0.0000,0.0000,0.0012,0.9999,0.0003,0.0000,0.0000
0.0001,0.0002,0.9839,0.9969,0.0034,0.9351,0.0000
0.0000,0.0000,0.0017,0.9999,0.0003,0.0000,0.0000
0.0002,0.9229,0.4204,0.9984,0.0040,0.6498,0.0000
0.0000,0.0000,0.7927,0.0112,0.0001,0.1035,0.0000
0.0000,0.0000,0.0012,0.9999,0.0001,0.0000,0.0000
0.9814,0.9970,0.9992,1.0000,0.9938,0.9930,0.0000
0.1861,0.4417,0.0003,0.8830,0.0000,0.8815,0.0006
0.0008,0.0264,0.0000,1.0000,0.9975,0.9999,0.0000
0.0000,0.0000,0.0000,0.0000,0.0000,1.0000,0.0000
0.2018,0.8428,0.0000,0.0762,0.0002,0.9789,0.0000
0.0011,0.0110,0.0000,1.0000,0.9978,0.9992,0.0000
0.9999,1.0000,0.0000,0.0000,0.0000,1.0000,0.0000
1.0000,1.0000,0.0000,0.0000,0.0001,0.9999,0.0000
0.0000,0.0003,0.0000,1.0000,0.0000,0.9956,0.0000
0.0000,0.0000,0.0000,1.0000,0.0000,0.0000,0.0000
1.0000,1.0000,0.0001,0.0000,1.0000,1.0000,0.0000
1.0000,1.0000,1.0000,1.0000,1.0000,1.0000,0.0000
1.0000,1.0000,1.0000,1.0000,1.0000,1.0000,0.0000
0.0011,0.0111,0.0000,1.0000,0.9978,0.9992,0.0000
0.9961,0.9952,0.0000,0.9910,0.0001,1.0000,0.0000
0.9996,0.9997,0.0000,1.0000,0.0000,1.0000,0.0000
0.0001,0.0026,0.0023,1.0000,0.0004,0.0594,0.0000
0.0000,0.0000,0.0000,1.0000,0.0000,0.0003,0.0000
0.2892,0.9898,0.0026,0.0230,0.0105,0.5479,0.0000
0.9963,0.9953,0.0000,0.9924,0.0000,1.0000,0.0000
0.0000,0.0057,0.0001,0.0000,0.0000,0.0007,0.8901
0.0000,0.0002,0.8292,1.0000,0.9994,0.0000,0.0000
0.9997,1.0000,0.0000,1.0000,0.0001,0.0000,0.0000
0.9999,1.0000,0.0000,1.0000,0.0001,0.0000,0.0000
0.9999,1.0000,0.0000,0.5034,0.0139,1.0000,0.0000
0.0000,0.0000,0.0000,1.0000,0.0000,0.0001,0.0000
0.8207,0.8972,0.0000,0.9981,0.0032,1.0000,0.0000
0.9981,0.9993,0.0000,0.9998,0.0026,0.0011,0.0000
0.0000,0.0000,0.0000,1.0000,0.0000,0.0000,0.0000
0.0002,0.0370,0.0391,0.0274,0.0004,0.5432,0.0082
0.0000,0.0000,0.9992,0.0014,1.0000,0.0000,0.0000
0.2641,0.9872,0.0032,0.0229,0.0090,0.5400,0.0000
0.1759,0.9903,0.0048,0.4162,0.0198,0.5277,0.0000
0.9996,1.0000,0.0000,1.0000,0.0000,0.0000,0.0000
0.0328,0.0766,0.0001,0.9976,0.0000,0.9994,0.0000
0.0000,0.0000,0.9843,1.0000,0.0000,0.0063,0.0000
1.0000,1.0000,0.0000,1.0000,1.0000,1.0000,0.0000
0.0000,0.0000,0.0000,1.0000,0.0000,0.0000,0.0000
0.0000,0.0000,0.0000,1.0000,0.0000,0.0008,0.0000
0.9983,0.9998,0.0000,0.0010,0.0002,0.9772,0.0000
0.0000,0.0000,0.0000,0.0445,0.0000,0.9623,0.0000
1.0000,1.0000,0.0002,0.0074,1.0000,1.0000,0.0000
0.0000,0.0002,0.0000,1.0000,0.0000,0.9969,0.0000
0.2302,0.9839,0.0035,0.0262,0.0076,0.5159,0.0000
0.6334,0.8326,0.0003,0.7134,0.0000,0.7729,0.0005
0.8506,0.9206,0.0005,0.1063,0.0000,0.7267,0.0028
0.9164,0.9943,0.0000,0.9904,0.0000,0.9118,0.0000
1.0000,1.0000,0.0000,1.0000,1.0000,1.0000,0.0000
0.0567,0.4503,0.0000,0.4986,0.0000,0.7065,0.0002
0.9987,0.9980,0.0049,0.0000,1.0000,1.0000,0.0000
1.0000,1.0000,0.0000,0.0000,1.0000,1.0000,0.0000
0.0000,0.0000,0.0000,1.0000,0.0000,0.0099,0.0000
0.2228,0.7965,0.0000,0.0006,0.0010,0.9997,0.0000
1.0000,1.0000,0.9998,1.0000,1.0000,1.0000,0.0000
0.0000,0.0001,0.0000,1.0000,0.0000,0.9955,0.0000
0.0000,0.0000,0.0000,1.0000,0.0000,0.0028,0.0000
0.0896,0.3735,0.0429,0.2363,0.0098,0.7931,0.0037
0.0000,0.0000,0.0000,1.0000,0.0000,0.0007,0.0000
0.5006,0.9801,0.0064,0.0461,0.0050,0.6993,0.0001
0.0021,0.0451,0.0001,0.9999,0.0015,0.9980,0.0000
0.0000,0.0000,0.9958,1.0000,0.0000,0.0011,0.0000
0.8764,0.9773,0.0001,0.1936,0.0000,0.9633,0.0000
0.0000,0.0000,0.0000,1.0000,0.0000,0.9835,0.0000
0.9954,0.9782,0.0000,0.9924,0.0009,1.0000,0.0000
0.9993,0.9991,0.0022,0.0000,1.0000,1.0000,0.0000
0.0078,0.0333,0.0000,0.0013,0.0018,0.9997,0.0000
0.0012,0.0113,0.0000,1.0000,0.9977,0.9991,0.0000
1.0000,1.0000,0.0206,0.0000,1.0000,1.0000,0.0000
0.2745,0.9872,0.0031,0.0265,0.0088,0.5284,0.0000
0.0212,0.1375,0.0000,0.0027,0.0030,0.9995,0.0000
0.0000,0.0000,0.0000,1.0000,0.0000,0.9945,0.0000
0.7942,0.9762,0.0004,0.4771,0.0830,0.6795,0.0000
0.0037,0.0332,0.1131,0.9889,0.0002,0.3030,0.0004
0.9999,0.9990,0.0024,0.9991,0.0000,0.9999,0.0000
0.0000,0.0000,0.0000,1.0000,0.0000,0.0013,0.0000
0.1228,0.7826,0.0023,0.9899,0.0000,0.9309,0.0000
0.0074,0.0325,0.0000,0.0012,0.0018,0.9997,0.0000
0.5000,0.8006,0.0004,0.7572,0.0000,0.8398,0.0005
1.0000,1.0000,1.0000,1.0000,1.0000,1.0000,0.0000
0.0000,0.0000,0.9998,0.0024,1.0000,0.0000,0.0000
0.0000,0.0000,0.0000,1.0000,0.0000,0.9977,0.0000
1.0000,1.0000,0.0003,0.0000,1.0000,1.0000,0.0000
0.0000,0.0000,0.9998,0.0004,1.0000,0.0000,0.0000
0.0060,0.9991,0.0000,1.0000,0.0026,0.0000,0.0000
0.1684,0.2890,0.0004,0.8886,0.0001,0.8246,0.0037
0.3098,0.7065,0.0000,0.0700,0.0009,0.9904,0.0000
0.0000,0.0000,0.0000,0.0000,0.0000,1.0000,0.0000
0.0012,0.0348,0.0000,1.0000,0.9975,0.9999,0.0000
1.0000,1.0000,0.0000,0.0000,0.0003,0.9999,0.0000
0.0000,0.0001,0.0000,1.0000,0.0000,0.9992,0.0000
0.0000,0.0000,0.0000,1.0000,0.0000,0.0000,0.0000
1.0000,1.0000,0.0000,0.0000,0.0000,1.0000,0.0000
1.0000,1.0000,0.0000,0.0000,1.0000,1.0000,0.0000
0.9967,0.9983,0.0000,0.9998,0.0017,0.0040,0.0000
0.0000,0.0000,0.9689,1.0000,0.0000,0.0003,0.0000
0.9976,0.9933,0.0000,0.9344,0.0129,1.0000,0.0000
1.0000,1.0000,1.0000,1.0000,1.0000,1.0000,0.0000
1.0000,1.0000,1.0000,1.0000,1.0000,1.0000,0.0000
0.0014,0.0115,0.0000,1.0000,0.9975,0.9989,0.0000
0.9995,0.9996,0.0000,1.0000,0.0000,0.9999,0.0000
0.0000,0.0000,0.0000,1.0000,0.0000,0.0009,0.0000
0.9976,0.9935,0.0000,0.9399,0.0136,1.0000,0.0000
0.2228,0.7482,0.0000,0.9925,0.0112,1.0000,0.0000
0.0000,0.0020,0.9825,1.0000,0.9995,0.0000,0.0000
0.9997,1.0000,0.0000,1.0000,0.0000,0.0001,0.0000
0.9994,0.9999,0.0000,1.0000,0.0000,0.0001,0.0000
0.0000,0.0000,0.0000,1.0000,0.0000,0.0001,0.0000
0.9999,0.9999,0.0000,0.1310,0.8317,1.0000,0.0000
0.0003,0.0075,0.0043,0.1054,0.0005,0.0095,0.7531
0.9992,0.9999,0.0000,1.0000,0.0000,0.0001,0.0000
0.0014,0.0116,0.0000,1.0000,0.9975,0.9989,0.0000
0.0005,0.3169,0.0002,0.9195,0.0000,0.0000,0.1864
0.0193,0.0468,0.0011,0.9972,0.0000,0.9990,0.0000
0.0000,0.0000,0.9998,0.0005,1.0000,0.0000,0.0000
0.0013,0.0010,0.0072,0.9988,0.0002,0.4313,0.0028
0.0000,0.0000,0.0000,1.0000,0.0000,0.0000,0.0000
0.0000,0.0000,0.0000,1.0000,0.0000,0.0004,0.0000
0.0894,0.6768,0.0000,0.0012,0.0098,0.9985,0.0000
0.0000,0.0001,0.0000,1.0000,0.0000,0.9993,0.0000
1.0000,1.0000,0.0000,1.0000,1.0000,1.0000,0.0000
0.0001,0.0016,0.0002,1.0000,0.0004,0.9912,0.0000
0.0000,0.0000,0.0000,1.0000,0.0000,0.0000,0.0000
0.0000,0.0000,0.0000,1.0000,0.0000,0.0000,0.0000
0.0000,0.0000,0.0000,0.0140,0.0000,0.9786,0.0000
0.0001,0.0000,0.0002,0.6816,0.0000,0.6929,0.1213
0.9951,0.9989,0.0001,0.0024,0.0005,0.9493,0.0001
0.0370,0.2865,0.0001,0.6334,0.0000,0.5703,0.0012
0.0000,0.0000,0.0155,0.3626,0.0003,0.0000,0.0706
1.0000,1.0000,0.0000,1.0000,0.9999,1.0000,0.0000
0.0000,0.0000,0.0000,1.0000,0.0000,0.0002,0.0000
0.7280,0.9372,0.0003,0.2767,0.0001,0.9029,0.0001
1.0000,1.0000,0.9999,1.0000,1.0000,1.0000,0.0000
0.0000,0.0000,0.0000,1.0000,0.0000,0.0001,0.0000
0.7996,0.9853,0.0001,0.9907,0.0001,0.8966,0.0000
0.0000,0.0001,0.0000,1.0000,0.0000,0.9988,0.0000
0.0031,0.0304,0.0001,0.9998,0.0048,0.9965,0.0000
0.0000,0.0000,0.0000,1.0000,0.0000,0.0007,0.0000
0.0000,0.0000,0.9912,1.0000,0.0000,0.0000,0.0000
0.9939,0.9557,0.0000,0.9505,0.1135,1.0000,0.0000
0.0089,0.0928,0.0001,0.0064,0.0208,0.9969,0.0000
0.0015,0.0118,0.0001,1.0000,0.9974,0.9988,0.0000
0.7724,0.8175,0.0006,0.1672,0.0000,0.5891,0.0182
0.0035,0.0233,0.0000,0.0036,0.0134,0.9976,0.0000
0.0000,0.0000,0.0000,1.0000,0.0000,0.9994,0.0000
0.4504,0.6550,0.0004,0.7842,0.0000,0.7591,0.0033
0.5722,0.6956,0.0004,0.7475,0.0000,0.6687,0.0034
0.0954,0.7251,0.0052,0.9867,0.0001,0.8381,0.0000
0.9996,0.9984,0.0010,0.9992,0.0000,0.9984,0.0000
0.0002,0.8306,0.0001,1.0000,0.0000,0.7518,0.0000
0.0034,0.0229,0.0000,0.0032,0.0141,0.9979,0.0000
0.0000,0.0000,0.0000,1.0000,0.0000,0.9922,0.0000
0.0000,0.0000,0.0040,0.9984,0.0000,0.0001,0.9998
0.0000,0.0000,0.0000,1.0000,0.0000,0.9998,0.0000
1.0000,1.0000,1.0000,1.0000,1.0000,1.0000,0.0000
0.0021,0.9990,0.0000,1.0000,0.0020,0.0000,0.0000
0.0000,0.0000,1.0000,0.0014,1.0000,0.0001,0.0000
0.0000,0.0000,1.0000,0.0003,1.0000,0.0000,0.0000
0.9785,0.9937,0.0003,0.0009,0.0000,0.1791,0.0001
0.2895,0.9963,0.0001,0.0006,0.0000,0.1808,0.0000
0.5649,0.7422,0.0083,0.0629,0.0008,0.0029,0.0000
0.0468,0.9667,0.0002,0.0034,0.0000,0.4420,0.0000
0.8398,0.9927,0.0045,0.0787,0.0001,0.0306,0.0000
0.2520,0.8128,0.0000,0.0416,0.0001,0.9962,0.0000
0.0157,0.9545,0.0134,0.0010,0.0003,0.9485,0.0000
0.0004,0.9924,0.0000,0.0001,0.0000,0.0096,0.0000
0.0954,0.9909,0.0000,0.0000,0.0000,0.0345,0.0000
0.0991,0.9637,0.0044,0.0002,0.0000,0.6305,0.0000
0.9991,0.9996,0.0000,0.0000,0.0000,0.7549,0.0000
0.2175,0.7910,0.0000,0.0344,0.0001,0.9963,0.0000
0.2194,0.9800,0.0128,0.0002,0.0000,0.7734,0.0000
0.0001,0.9982,0.0000,0.0000,0.0000,0.0027,0.0000
0.5800,0.9976,0.0012,0.1073,0.0018,0.6908,0.0000
0.0001,0.9000,0.0000,0.0006,0.0000,0.0542,0.0000
0.0001,0.9998,0.0000,0.0110,0.0000,0.0010,0.0000
0.0005,0.6806,0.0001,0.0022,0.0000,0.2048,0.0000
0.0014,0.5241,0.0084,0.0041,0.0000,0.5448,0.0000
0.5198,0.9554,0.0142,0.0004,0.0000,0.3944,0.0000
0.9890,0.9962,0.0029,0.0005,0.0000,0.9845,0.0000
0.6758,0.9764,0.0731,0.3034,0.0079,0.5090,0.0009
0.0155,0.6517,0.0016,0.0062,0.0036,0.4776,0.0001
0.8301,0.9295,0.0070,0.0240,0.0020,0.1634,0.0003
0.0107,0.7245,0.0007,0.0187,0.0014,0.3784,0.0000
0.0020,0.5284,0.0106,0.0048,0.0001,0.5698,0.0000
0.0517,0.9795,0.0074,0.0001,0.0000,0.9925,0.0000
0.0044,0.9994,0.0162,0.0003,0.0008,0.0058,0.0001
0.0066,0.8764,0.0001,0.0004,0.0000,0.4618,0.0000
0.0071,0.9920,0.0212,0.0001,0.0000,0.0349,0.0000
0.0234,0.8577,0.0163,0.0003,0.0000,0.8758,0.0000
0.0266,0.1169,0.0000,0.1550,0.0000,0.9592,0.0000
0.0585,0.6776,0.0032,0.0044,0.0004,0.0048,0.0016
0.2184,0.7901,0.0000,0.0347,0.0001,0.9963,0.0000
0.6100,0.9941,0.0938,0.3448,0.0003,0.6700,0.0001
0.0033,0.9644,0.0014,0.0000,0.0000,0.7357,0.0000
0.0574,0.9488,0.0015,0.1099,0.0003,0.0397,0.0003
0.2187,0.5518,0.0011,0.0026,0.0040,0.2145,0.0028
0.0948,0.7893,0.0244,0.1235,0.0691,0.0025,0.0001
0.2180,0.7902,0.0000,0.0347,0.0001,0.9963,0.0000
0.5811,0.9942,0.0663,0.4727,0.0003,0.6983,0.0000
0.8982,0.9980,0.0000,0.0036,0.0000,0.4894,0.0000
0.0148,0.7326,0.0008,0.0154,0.0008,0.4670,0.0000
0.9885,0.9928,0.0011,0.0003,0.0000,0.8140,0.0000
0.2179,0.7906,0.0000,0.0346,0.0001,0.9963,0.0000
0.3278,0.8321,0.0002,0.0029,0.0001,0.0354,0.0002
0.9736,0.9853,0.0002,0.1806,0.0000,0.9828,0.0000
0.5735,0.9520,0.0040,0.0001,0.0000,0.6293,0.0000
0.0233,0.9128,0.0136,0.0008,0.0001,0.8660,0.0000
0.0270,0.6624,0.0012,0.0212,0.0023,0.3979,0.0002
0.0330,0.9126,0.0107,0.0006,0.0001,0.8820,0.0000
0.1755,0.0246,0.0147,0.0135,0.0000,0.2651,0.0000
0.5928,0.9974,0.0044,0.0011,0.0001,0.1777,0.0000
0.6494,0.9843,0.0029,0.2425,0.0027,0.5585,0.0000
0.5930,0.9710,0.1331,0.1574,0.0003,0.8854,0.0002
0.9944,0.9994,0.0029,0.1422,0.0002,0.9944,0.0000
0.0090,0.8307,0.0835,0.2466,0.0026,0.0003,0.0001
0.9685,0.9779,0.0013,0.0000,0.0000,0.9329,0.0000
0.2030,0.8503,0.0181,0.1254,0.0701,0.0056,0.0002
0.9941,0.9976,0.0003,0.0972,0.0000,0.9153,0.0000
0.0420,0.1340,0.0000,0.1358,0.0000,0.9680,0.0000
0.0323,0.9409,0.0012,0.0004,0.0000,0.2974,0.0000
0.2459,0.8014,0.0000,0.0729,0.0002,0.9897,0.0000
0.3512,0.8548,0.0000,0.1665,0.0011,0.9841,0.0001
0.8807,0.9784,0.0054,0.0010,0.0002,0.4339,0.0004
0.2467,0.8008,0.0000,0.0729,0.0002,0.9897,0.0000
0.9829,0.9948,0.0000,0.1499,0.0000,0.9694,0.0002
0.2471,0.8008,0.0000,0.0731,0.0002,0.9897,0.0000
0.5982,0.9945,0.0094,0.3259,0.0004,0.0902,0.0002
0.1996,0.9541,0.0129,0.0398,0.0691,0.1706,0.0504
0.0264,0.6941,0.0018,0.0211,0.0027,0.2784,0.0002
0.1025,0.8482,0.0000,0.4749,0.0000,0.9194,0.0000
0.4636,0.9966,0.0009,0.0671,0.0018,0.2981,0.0000
0.0275,0.9548,0.0449,0.0007,0.0002,0.1677,0.0000
0.0587,0.9412,0.0026,0.0003,0.0000,0.6918,0.0000
0.0000,0.0525,0.0002,0.0000,0.0006,0.0000,0.0009
0.2753,0.8722,0.0000,0.0781,0.0001,0.9845,0.0000
0.7020,0.9149,0.0340,0.1948,0.0037,0.1542,0.0005
0.5945,0.5049,0.0365,0.0824,0.1045,0.6548,0.0053
0.9056,0.9834,0.0078,0.0023,0.0003,0.3603,0.0010
0.6446,0.9993,0.0127,0.0075,0.0002,0.4340,0.0000
0.0295,0.9391,0.0143,0.0003,0.0011,0.3379,0.0000
0.2845,0.8496,0.0000,0.0977,0.0005,0.9908,0.0000
0.1559,0.7237,0.0000,0.0290,0.0005,0.9918,0.0000
0.3267,0.9526,0.0063,0.0131,0.0005,0.0648,0.0002
0.9503,0.9814,0.0080,0.0075,0.0002,0.5884,0.0002
0.2464,0.8015,0.0000,0.0731,0.0002,0.9897,0.0000
0.0591,0.9138,0.0159,0.0013,0.0003,0.9276,0.0000
0.0799,0.7198,0.0000,0.1334,0.0000,0.9066,0.0000
0.0649,0.9486,0.0004,0.0002,0.0000,0.5544,0.0000
0.9975,0.9996,0.0017,0.0668,0.0001,0.9993,0.0000
0.6915,0.9755,0.1310,0.1612,0.0004,0.9134,0.0004
0.4683,0.9868,0.0025,0.1668,0.0050,0.3184,0.0000
0.0022,0.5589,0.0082,0.0041,0.0001,0.6500,0.0000
0.0025,0.4133,0.0342,0.0023,0.0003,0.2224,0.0001
0.1580,0.9724,0.0006,0.4531,0.0049,0.0352,0.0000
0.0127,0.6574,0.0450,0.0106,0.0134,0.1413,0.0000
0.0038,0.6021,0.0450,0.0018,0.0002,0.3498,0.0000
0.0222,0.9584,0.0088,0.0021,0.0012,0.0944,0.0005
0.0183,0.9268,0.0094,0.0004,0.0007,0.2308,0.0000
0.9702,0.7925,0.0028,0.0121,0.0002,0.9572,0.0000
0.3789,0.9872,0.0001,0.0002,0.0001,0.3733,0.0000
0.0353,0.8105,0.0040,0.0146,0.0019,0.3375,0.0001
0.7580,0.9962,0.0086,0.0020,0.0009,0.7636,0.0006
0.1420,0.7849,0.0000,0.1580,0.0000,0.9127,0.0000
0.0146,0.7671,0.0024,0.0149,0.0029,0.2151,0.0002
0.5795,0.5044,0.0000,0.0409,0.0005,0.9971,0.0000
0.0608,0.9563,0.0002,0.0002,0.0000,0.5204,0.0000
0.1373,0.6581,0.0000,0.0494,0.0000,0.9803,0.0000
0.1812,0.9969,0.0005,0.0380,0.0009,0.9081,0.0000
0.0298,0.6853,0.0012,0.0109,0.0019,0.4903,0.0001
1.0000,0.9989,0.0000,0.0012,0.0000,0.9999,0.0000
1.0000,0.9985,0.0000,0.0000,0.0000,0.9929,0.0000
0.9935,0.9693,0.0036,0.1374,0.0007,0.9127,0.0004
1.0000,0.9995,0.0000,0.0000,0.0000,1.0000,0.0000
0.9703,0.9468,0.0000,0.0001,0.0000,0.3128,0.0000
1.0000,0.0196,0.0000,0.0000,0.0000,0.9993,0.0000
0.9956,0.9652,0.0001,0.0024,0.0000,0.7604,0.0001
0.9587,0.5432,0.0029,0.0715,0.0005,0.8676,0.0003
1.0000,0.9944,0.0000,0.0020,0.0000,0.9902,0.0000
0.0049,0.0155,0.0021,0.0413,0.0037,0.0874,0.0038
1.0000,0.9999,0.0000,0.0000,0.0000,0.9988,0.0000
0.9999,0.9981,0.0000,0.0033,0.0000,0.9953,0.0000
0.9839,0.0011,0.0018,0.0019,0.0000,0.6552,0.0000
0.9999,0.9730,0.0014,0.0005,0.0001,0.9671,0.0000
0.9969,0.9848,0.0002,0.0480,0.0001,0.9848,0.0000
0.2904,0.0687,0.0021,0.1911,0.0082,0.9019,0.0059
0.9998,0.9806,0.0014,0.0011,0.0002,0.9451,0.0001
0.9924,0.9998,0.0000,0.0036,0.0000,0.5652,0.0000
0.9947,0.9924,0.0065,0.0425,0.0057,0.0475,0.0003
0.9999,0.9977,0.0005,0.0054,0.0001,0.9433,0.0000
1.0000,0.9274,0.0001,0.0203,0.0000,0.9955,0.0000
0.9454,0.9868,0.0000,0.0002,0.0000,0.9231,0.0000
1.0000,1.0000,0.0000,0.0000,0.0000,1.0000,0.0000
1.0000,0.9998,0.0000,0.0000,0.0000,1.0000,0.0000
1.0000,1.0000,0.0000,0.0000,0.0000,1.0000,0.0000
1.0000,1.0000,0.0000,0.0000,0.0000,1.0000,0.0000
0.8934,1.0000,0.0000,0.0000,0.0000,0.0000,0.0000
0.0000,0.7467,0.0000,0.0646,0.0012,0.0000,0.0000
0.1112,1.0000,0.0000,0.0005,0.0018,0.0007,0.0000
1.0000,1.0000,0.0000,0.0000,0.0000,1.0000,0.0000
0.3350,0.0004,0.0000,0.7469,0.0000,0.0063,0.0000
0.2549,0.9999,0.0010,0.0032,0.0000,0.9947,0.0112
1.0000,1.0000,0.0000,0.0000,0.0000,1.0000,0.0000
1.0000,1.0000,0.0000,0.0000,0.0000,1.0000,0.0000
0.0000,0.0001,0.0002,0.1416,0.8666,0.0000,0.0927
0.0001,0.0016,0.0025,0.3808,0.4290,0.0001,0.1080
1.0000,1.0000,0.0154,0.0003,0.7853,0.9997,0.0000
0.0179,0.0113,0.0228,0.4770,0.3015,0.0123,0.3375
1.0000,1.0000,0.0168,0.0000,0.7805,0.9999,0.0000
0.9957,0.9996,0.0626,0.0001,0.9441,0.9892,0.0000
0.0000,0.1574,0.0001,0.3988,0.0215,0.0000,0.0006
0.0055,0.9967,0.0015,0.0002,0.0003,0.0102,0.0000
0.0020,0.9999,0.0000,0.0000,0.0000,0.0004,0.0001
0.0023,0.9999,0.0000,0.0000,0.0000,0.0005,0.0001
0.0001,0.9997,0.0000,0.0000,0.0000,0.0003,0.0000
0.0644,0.9936,0.0000,0.0000,0.0000,0.0148,0.0000
0.4634,0.9999,0.0000,0.0000,0.0000,0.1527,0.0000
0.0021,0.9998,0.0000,0.0000,0.0000,0.0005,0.0007
0.9825,1.0000,0.0000,0.0000,0.0000,0.9896,0.0000
0.0000,1.0000,0.0000,0.0000,0.0000,0.0000,0.0000
0.9991,0.9859,0.0000,0.0000,0.0000,0.9362,0.0000
0.0000,0.9996,0.0000,0.0000,0.0000,0.0001,0.0000
0.9045,1.0000,0.0000,0.0000,0.0000,0.7876,0.0000
0.0020,0.9999,0.0000,0.0000,0.0000,0.0004,0.0001
0.0025,0.9976,0.0000,0.0001,0.0000,0.1437,0.0000
0.0000,0.9990,0.0000,0.0000,0.0000,0.0007,0.0000
0.0001,0.9808,0.0000,0.0002,0.0000,0.0236,0.0000
0.0043,0.9401,0.0001,0.0042,0.0002,0.0447,0.0000
0.0070,0.9393,0.0001,0.0008,0.0002,0.0464,0.0000
0.1852,0.9975,0.0000,0.8156,0.0000,0.9949,0.0000
0.0468,0.9891,0.0002,0.0000,0.0000,0.0459,0.0003
0.0388,0.9982,0.0000,0.0003,0.0000,0.0858,0.0000
0.0342,0.5251,0.0003,0.0027,0.0002,0.0115,0.0016
0.0027,0.9991,0.0000,0.0049,0.0001,0.0004,0.0015
0.0004,0.0007,0.0000,0.4968,0.0000,0.0303,0.0000
0.2765,0.7428,0.0027,0.0178,0.0005,0.1668,0.0008
0.0098,0.9594,0.0001,0.0026,0.0001,0.0492,0.0000
0.9606,0.9998,0.0000,0.0002,0.0000,0.4218,0.0000
0.0167,1.0000,0.0000,0.0398,0.0000,0.0000,0.0000
0.9631,0.2422,0.0001,0.0108,0.0000,0.9936,0.0000
0.0001,0.9999,0.0004,0.0000,0.0000,0.0008,0.0000
0.9861,0.9627,0.0000,0.0252,0.0000,0.9205,0.0000
0.9764,0.9997,0.0140,0.6475,0.0000,0.9996,0.0000
0.9625,0.9748,0.0000,0.0840,0.0000,0.9849,0.0000
0.0988,0.5375,0.0000,0.0000,0.0001,0.7082,0.9951
0.3566,0.0019,0.0003,0.0039,0.0000,0.9206,0.0000
0.4748,0.4127,0.0032,0.1053,0.0018,0.4127,0.0074
0.0000,0.0182,0.0000,0.0000,0.0000,0.0000,0.9999
0.3103,0.9997,0.0020,0.0142,0.0000,0.9982,0.0000
0.2956,0.9597,0.0176,0.0705,0.0059,0.1459,0.0092
0.4699,0.2777,0.0000,0.0164,0.0000,0.9576,0.0000
0.7736,0.9884,0.0000,0.0001,0.0000,0.9845,0.0000
0.1290,0.9973,0.0000,0.0002,0.0000,0.4402,0.0000
0.7222,0.9815,0.0001,0.0006,0.0000,0.4040,0.0000
0.2200,0.2737,0.0012,0.0930,0.0008,0.8329,0.0000
0.7687,0.9858,0.0003,0.0011,0.0000,0.3174,0.0001
0.6197,0.9633,0.0056,0.1078,0.0004,0.0193,0.0001
0.1447,0.9219,0.0000,0.1096,0.0000,0.9231,0.0000
0.0108,0.9171,0.0003,0.0071,0.0003,0.0320,0.0000
0.8352,0.7952,0.0002,0.9451,0.0000,0.9961,0.0000
0.9691,0.9997,0.0254,0.6389,0.0000,0.9993,0.0000
0.0552,0.9833,0.0063,0.0014,0.0013,0.0282,0.0104
0.0158,1.0000,0.0000,0.0016,0.0000,0.0011,0.0000
0.8584,0.8495,0.0006,0.9382,0.0000,0.9809,0.0000
0.0090,0.9997,0.0002,0.0002,0.0002,0.0042,0.0011
0.2005,0.9884,0.0000,0.0015,0.0000,0.4953,0.0000
0.8817,0.9896,0.0003,0.0085,0.0000,0.5543,0.0000
0.7690,0.9996,0.0001,0.0008,0.0000,0.7586,0.0000
0.0025,0.9998,0.0000,0.0000,0.0000,0.0006,0.0008
0.0134,0.9069,0.0002,0.0069,0.0003,0.0645,0.0000
0.0646,0.9997,0.0015,0.0013,0.0005,0.0122,0.0014
0.4724,0.9006,0.0000,0.0106,0.0000,0.6849,0.0000
0.0251,0.9806,0.0008,0.0031,0.0003,0.0434,0.0000
0.0055,0.9571,0.0004,0.0031,0.0005,0.0256,0.0000
0.0159,0.9197,0.0001,0.0026,0.0001,0.0624,0.0000
0.0057,0.9167,0.0253,0.0198,0.0161,0.2591,0.0295
0.0003,1.0000,0.0001,0.0001,0.0001,0.0011,0.0000
0.0001,1.0000,0.0000,0.0000,0.0000,0.0001,0.0000
0.0022,0.9942,0.0048,0.0026,0.0018,0.1914,0.0045
0.0001,0.0085,0.0002,0.0000,0.0000,0.9695,0.0000
0.0046,0.9976,0.0013,0.0008,0.0000,0.9092,0.0001
0.0244,1.0000,0.0003,0.0000,0.0001,0.2009,0.0000
0.0001,0.9932,0.0003,0.0000,0.0000,0.0679,0.0000
0.0002,0.0034,0.0066,0.0005,0.0003,0.8788,0.0003
0.0341,0.9932,0.0053,0.0055,0.0006,0.9791,0.0001
0.0002,0.9881,0.0000,0.0007,0.0000,0.0110,0.0000
0.0000,0.0000,0.0000,0.0000,0.0000,1.0000,0.0000
0.0000,0.0000,0.0008,0.0048,0.0000,1.0000,0.0000
0.0004,0.9974,0.0000,0.0003,0.0002,0.0061,0.0000
0.0006,1.0000,0.0000,0.0000,0.0000,0.0028,0.0000
0.0000,0.9989,0.0000,0.0000,0.0000,0.0007,0.0000
0.0000,1.0000,0.0000,0.0000,0.0000,0.0000,0.0000
0.0000,0.0000,0.0000,0.0000,0.0000,1.0000,0.0000
0.0000,0.0000,0.0000,0.0000,0.0000,0.9999,0.0000
0.0000,0.9999,0.0000,0.0001,0.0000,0.0483,0.0000
0.0001,0.9769,0.0000,0.0005,0.0000,0.0069,0.0000
0.0000,0.0002,0.0000,0.0000,0.0000,1.0000,0.0000
0.0000,1.0000,0.0000,0.0000,0.0000,0.0000,0.0000
0.0040,0.9994,0.0001,0.0001,0.0002,0.0185,0.0132
0.0000,0.9930,0.0000,0.0000,0.0000,1.0000,0.0000
0.0000,0.0001,0.0000,0.0000,0.0000,0.9915,0.0000
0.0002,0.9869,0.0000,0.0003,0.0000,0.0098,0.0000
0.0026,0.0005,0.0003,0.0001,0.0000,0.9961,0.0000
0.0000,0.0000,0.0000,0.0000,0.0000,1.0000,0.0000
0.0000,0.0001,0.0000,0.0000,0.0000,1.0000,0.0000
0.0001,1.0000,0.0000,0.0000,0.0001,0.0088,0.0004
0.0006,1.0000,0.0000,0.0000,0.0000,0.0028,0.0000
0.0000,0.9993,0.0000,0.0000,0.0000,1.0000,0.0000
0.0000,0.9928,0.0000,0.0000,0.0000,0.0120,0.0000
0.0003,0.0033,0.0000,0.0000,0.0000,0.9986,0.0000
0.0007,0.9957,0.0000,0.0000,0.0000,0.9999,0.0000
0.0002,0.9951,0.0000,0.0003,0.0000,0.0039,0.0000
0.0000,0.0000,0.0000,0.0019,0.0000,0.9993,0.0000
0.0000,0.0010,0.0000,0.0000,0.0001,0.9981,0.0000
0.0002,0.0000,0.0000,0.0000,0.0000,1.0000,0.0000
0.0000,0.0000,0.0000,0.0001,0.0000,1.0000,0.0000
0.0000,0.0046,0.0000,0.0000,0.0000,0.9991,0.0000
0.0000,1.0000,0.0000,0.0000,0.0000,0.9993,0.0000
0.0000,0.0000,0.0000,0.0000,0.0000,1.0000,0.0000
0.0001,0.0000,0.0000,0.0000,0.0000,0.9981,0.0001
0.0239,0.9941,0.0008,0.0023,0.0003,0.1258,0.0098
0.0002,0.9999,0.0001,0.0001,0.0004,0.0086,0.0003
0.0002,0.0002,0.0000,0.0000,0.0000,0.9965,0.0000
0.0002,0.0000,0.0000,0.0000,0.0000,1.0000,0.0000
0.0000,0.0003,0.0000,0.0000,0.0000,0.9986,0.0000
0.0004,0.9925,0.0000,0.0006,0.0001,0.0127,0.0000
0.0003,1.0000,0.0000,0.0000,0.0001,0.0028,0.0002
0.0000,0.0051,0.0000,0.0000,0.0000,0.9942,0.0000
0.0000,0.0000,0.0000,0.0000,0.0000,1.0000,0.0000
0.0000,1.0000,0.0000,0.0000,0.0000,0.9996,0.0000
0.0000,1.0000,0.0000,0.0000,0.0000,0.0043,0.0000
0.0001,0.9997,0.0000,0.0000,0.0000,0.9966,0.0000
0.0001,0.0000,0.0000,0.0001,0.0000,1.0000,0.0000
0.0003,0.0000,0.0000,0.0000,0.0000,1.0000,0.0000
0.0013,0.9989,0.0001,0.0007,0.0001,0.0040,0.0000
0.0366,1.0000,0.0000,0.0000,0.0000,0.0496,0.0000
0.0004,0.9918,0.0000,0.0005,0.0001,0.0171,0.0000
0.0005,0.0007,0.0000,0.0000,0.0000,1.0000,0.0000
0.0000,0.0002,0.0000,0.0000,0.0000,1.0000,0.0000
0.3776,0.9874,0.0024,0.0005,0.0149,0.9822,0.0000
0.0001,0.9992,0.0000,0.0003,0.0000,0.0012,0.0000
0.0000,0.0000,0.0000,0.0000,0.0000,1.0000,0.0000
0.0000,0.0000,0.0000,0.0004,0.0002,0.9990,0.0003
0.9230,0.9958,0.0231,0.0008,0.0122,0.9097,0.0001
0.9927,1.0000,0.0054,0.0000,0.0003,0.9966,0.0000
0.2871,0.9089,0.0647,0.0000,0.8954,0.9973,0.0000
0.2248,0.8448,0.0793,0.0000,0.9297,0.9879,0.0000
0.7779,0.9647,0.0098,0.0001,0.0006,0.9741,0.0000
0.1920,0.5064,0.0133,0.0311,0.1491,0.4889,0.0013
0.2192,0.9816,0.0020,0.0011,0.0118,0.9743,0.0000
0.0918,0.9981,0.0011,0.0002,0.0056,0.6859,0.0000
0.9998,1.0000,0.0001,0.0000,0.0000,1.0000,0.0000
0.9754,0.9998,0.0001,0.0000,0.0045,0.9924,0.0000
0.9603,0.9997,0.0001,0.0000,0.0083,0.9846,0.0000
0.9991,0.9999,0.0012,0.0000,0.0022,0.9998,0.0000
0.2106,0.6932,0.2150,0.0000,0.8496,0.9957,0.0000
0.0431,0.9930,0.0000,0.0120,0.0629,0.5041,0.0000
0.9896,0.9999,0.0158,0.0000,0.0006,0.9951,0.0000
0.9998,1.0000,0.0001,0.0000,0.0001,1.0000,0.0000
0.0221,0.8364,0.0061,0.1161,0.0167,0.0270,0.0183
0.6636,0.9972,0.0009,0.0000,0.0545,0.9031,0.0000
0.2589,0.8546,0.0655,0.0296,0.0149,0.3183,0.0008
0.9999,1.0000,0.0008,0.0000,0.0000,0.9990,0.0000
0.2233,0.9710,0.0066,0.0995,0.0024,0.1412,0.0000
0.0071,0.9642,0.0068,0.1321,0.0006,0.0043,0.0001
0.0276,0.4122,0.0013,0.8827,0.0001,0.0681,0.0000
0.1871,0.8576,0.0322,0.1438,0.1388,0.1484,0.0063
0.0048,0.5367,0.0003,0.9127,0.0000,0.0066,0.0000
0.0606,0.4002,0.0130,0.1668,0.0043,0.2557,0.0005
0.0001,0.0989,0.0003,0.0962,0.0001,0.0013,0.5352
0.0004,0.2653,0.0134,0.1174,0.0003,0.0244,0.0062
0.2111,0.6485,0.0613,0.5325,0.0036,0.3233,0.0002
0.0663,0.9118,0.2477,0.3378,0.0259,0.6271,0.0000
0.5027,0.9956,0.0010,0.1161,0.0000,0.8403,0.0000
0.0115,0.9934,0.0014,0.0044,0.0002,0.0142,0.0000
0.5569,0.7920,0.0099,0.0325,0.0002,0.6085,0.0000
0.1239,0.9945,0.0013,0.0490,0.0075,0.0377,0.0000
0.0915,0.9553,0.0640,0.0778,0.0841,0.0272,0.0020
0.0129,0.4719,0.4420,0.5652,0.0081,0.4219,0.0000
0.0660,0.9429,0.1504,0.5427,0.0043,0.7030,0.0000
0.7233,0.9999,0.4999,0.0701,0.1015,0.9409,0.0000
0.5578,0.7906,0.0100,0.0324,0.0002,0.6104,0.0000
0.2547,0.8998,0.0030,0.0163,0.0001,0.3663,0.0000
0.4455,0.9447,0.0010,0.0114,0.0001,0.1978,0.0000
0.6366,1.0000,0.4114,0.0182,0.2938,0.9630,0.0000
0.6369,1.0000,0.4109,0.0182,0.2939,0.9630,0.0000
0.0166,0.2810,0.0115,0.0412,0.0036,0.0801,0.0070
0.0083,0.9651,0.0262,0.0509,0.0013,0.0056,0.0004
0.0922,0.9302,0.9680,0.9995,0.0005,0.9670,0.0000
0.0000,0.5137,0.0000,0.0543,0.0029,0.0000,0.2407
0.1042,0.9867,0.9827,0.9997,0.0001,0.9971,0.0000
0.1381,0.9884,0.9854,0.9998,0.0002,0.9969,0.0000
0.0002,0.4388,0.0017,0.0138,0.0331,0.0008,0.0069
0.5353,0.8933,0.0301,0.0996,0.4594,0.0141,0.0000
0.7907,0.9968,0.0893,0.4577,0.0126,0.9487,0.0000
0.0582,0.1792,0.0085,0.9606,0.0025,0.0132,0.0000
0.0717,0.3465,0.0171,0.7267,0.0468,0.0103,0.0000
0.0868,0.7927,0.0457,0.1860,0.1907,0.0192,0.0581
0.0102,0.6048,0.0081,0.4896,0.0029,0.0017,0.0000
0.0221,0.4460,0.1247,0.9089,0.0009,0.0062,0.0000
0.0199,0.7873,0.0064,0.0446,0.1334,0.0227,0.0021
0.0217,0.4440,0.1233,0.9084,0.0009,0.0061,0.0000
0.0005,0.0190,0.0003,0.9929,0.0072,0.0005,0.0001
0.9416,0.9985,0.8873,0.0307,0.9008,0.9793,0.0000
0.0443,0.9966,0.0052,0.0399,0.0017,0.0080,0.0000
0.0169,0.8437,0.0466,0.9539,0.0001,0.0133,0.0000
0.6615,0.9904,0.2500,0.7631,0.9402,0.6886,0.0000
0.0018,0.0206,0.1231,0.9997,0.0000,0.0004,0.0000
0.0002,0.0004,0.0128,1.0000,0.0010,0.0010,0.0000
