-0.642083 -0.467128 0.899660
-0.733874 -0.457254 0.823642
-0.817402 -0.421262 0.749948
-0.920878 -0.348893 0.710291
-0.867370 -0.299564 0.598015
-0.877088 -0.277849 0.478385
-0.850294 -0.184192 0.380716
-0.857534 -0.146234 0.268857
-0.811815 -0.059203 0.172056
-0.785415 0.047491 0.104226
-0.680601 0.126186 0.052044
-0.559263 0.183466 0.021928
-0.447760 0.223220 -0.024599
-0.375248 0.295546 -0.091493
-0.459131 0.262247 -0.179169
-0.575630 0.214243 -0.161717
-0.595224 0.088484 -0.117618
-0.620680 -0.008079 -0.051037
-0.628627 -0.061554 0.069149
-0.618673 -0.089596 0.182638
-0.679657 -0.089767 0.292485
-0.680090 -0.110413 0.413365
-0.742530 -0.144353 0.512560
-0.726162 -0.167607 0.629033
-0.771920 -0.211080 0.735515
-0.768890 -0.179704 0.856394
-0.748352 -0.112165 0.946222
-0.675132 -0.018936 0.888974
-0.719395 -0.013379 0.769794
-0.649362 0.013764 0.672507
-0.591958 -0.044114 0.572236
-0.529007 -0.011841 0.470578
-0.509177 -0.049414 0.350219
-0.441623 -0.051423 0.243078
-0.401334 -0.081688 0.132989
-0.330868 -0.099897 0.040143
-0.279681 -0.097333 -0.079037
-0.237464 -0.111396 -0.189057
-0.176559 -0.122168 -0.297446
-0.088073 -0.215525 -0.265179
-0.082683 -0.367958 -0.259142
-0.072571 -0.495683 -0.248178
-0.117345 -0.621484 -0.254944
-0.108768 -0.633538 -0.135487
-0.200323 -0.578610 -0.083547
-0.308717 -0.552449 -0.048782
-0.421203 -0.504104 -0.068142
-0.505479 -0.417757 -0.101207
-0.625873 -0.385056 -0.110992
-0.715342 -0.356502 -0.199119
-0.809533 -0.349021 -0.269031
-0.819015 -0.304907 -0.376102
-0.876419 -0.186800 -0.399487
-0.886530 -0.086347 -0.469468
-0.961167 -0.009746 -0.404483
-0.861547 -0.006412 -0.317570
-0.749887 0.023639 -0.340434
-0.724628 -0.072540 -0.410693
-0.713690 -0.167650 -0.322427
-0.693546 -0.116526 -0.214281
-0.757362 -0.176455 -0.139407
-0.799658 -0.236385 -0.029318
-0.898137 -0.309267 -0.007911
-0.837271 -0.419680 0.014919
-0.780458 -0.374369 0.101346
-0.881298 -0.339702 0.152800
-0.927173 -0.460246 0.157241
-0.841914 -0.519535 0.212685
-0.862806 -0.447508 0.298210
-0.985049 -0.460716 0.315939
-1.000000 -0.602206 0.295954
-0.877363 -0.656322 0.339636
-0.809691 -0.591006 0.410589
-0.888734 -0.555613 0.485289
-0.922767 -0.675173 0.515162
-0.815396 -0.727238 0.538825
-0.779828 -0.643413 0.615398
-0.874845 -0.659656 0.678544
-0.870242 -0.793751 0.689820
-0.763382 -0.806403 0.741794
-0.706962 -0.723647 0.813337
-0.608876 -0.651364 0.794324
-0.521138 -0.554202 0.799979
-0.437649 -0.463580 0.769863
-0.340153 -0.548859 0.797551
-0.356874 -0.633923 0.704982
-0.313241 -0.627682 0.608147
-0.314304 -0.757288 0.586601
-0.435524 -0.774258 0.592672
-0.464993 -0.685005 0.516897
-0.400429 -0.737027 0.438380
-0.446777 -0.858596 0.440393
-0.559538 -0.823972 0.417979
-0.533413 -0.777122 0.320207
-0.485374 -0.888219 0.280029
-0.584837 -0.963922 0.292901
-0.659709 -0.887706 0.232704
-0.594161 -0.905660 0.144022
-0.515236 -1.000000 0.101693
-0.408337 -0.929298 0.050968
-0.304979 -0.864923 0.024946
-0.367065 -0.735787 0.000069
-0.484390 -0.704326 0.017695
-0.586292 -0.731812 -0.048505
-0.680601 -0.709284 0.021407
-0.641886 -0.579166 0.060128
-0.519210 -0.529067 0.069912
-0.443236 -0.443447 0.111790
-0.534397 -0.359152 0.140240
-0.575197 -0.438531 0.220214
-0.475577 -0.460246 0.278260
-0.437452 -0.338890 0.295503
-0.526607 -0.286868 0.350357
-0.510239 -0.374754 0.430956
-0.393308 -0.359793 0.455659
-0.405072 -0.231983 0.484803
-0.489505 -0.248910 0.561724
-0.420101 -0.326237 0.620880
-0.331301 -0.241985 0.641836
-0.402199 -0.153800 0.691243
-0.441032 -0.238651 0.767469
-0.331537 -0.272207 0.807196
-0.306986 -0.152817 0.846055
-0.404560 -0.141874 0.911734
-0.381544 -0.249893 0.970162
-0.267051 -0.193768 1.000000
-0.226329 -0.071642 0.988342
-0.171129 -0.038685 0.880161
-0.124584 -0.025220 0.786101
-0.094171 -0.083782 0.695406
0.021895 -0.107720 0.718028
-0.005371 -0.192485 0.800083
-0.066158 -0.279217 0.742315
0.024885 -0.307215 0.677399
0.098892 -0.351842 0.751232
0.027325 -0.454091 0.777566
0.027167 -0.512140 0.681528
0.153817 -0.517825 0.679932
0.236441 -0.491622 0.760808
0.272480 -0.363939 0.794671
0.340153 -0.260622 0.848310
0.342868 -0.164572 0.764590
0.354632 -0.036975 0.697106
0.350304 0.033128 0.586843
0.370566 0.119176 0.504476
0.388901 0.149312 0.396052
0.394449 0.179918 0.292242
0.359156 0.234676 0.196586
0.306789 0.238822 0.093574
0.285071 0.325725 0.004892
0.231287 0.369411 -0.086115
0.272835 0.460374 -0.172923
0.239431 0.360050 -0.260773
0.170342 0.308968 -0.355631
0.135680 0.182397 -0.420026
0.059941 0.092502 -0.455243
-0.049476 0.100923 -0.401499
-0.032203 0.234163 -0.360489
-0.018669 0.294349 -0.479113
-0.005292 0.364239 -0.577927
0.111640 0.327135 -0.607557
0.220231 0.250235 -0.629762
0.252848 0.180089 -0.546805
0.275549 0.061170 -0.498265
0.280900 0.096649 -0.394733
0.217870 0.134479 -0.303310
0.327720 0.180816 -0.228992
0.385517 0.278661 -0.156408
0.452324 0.292254 -0.051870
0.478410 0.321920 0.062869
0.563237 0.315508 0.159913
0.602542 0.347867 0.263653
0.701887 0.299650 0.317015
0.724746 0.430068 0.364895
0.650267 0.440626 0.451738
0.603604 0.442293 0.557387
0.467629 0.418954 0.515682
0.359550 0.449047 0.476338
0.378042 0.580234 0.469676
0.466842 0.568223 0.400215
0.406173 0.505942 0.324336
0.327563 0.604300 0.307820
0.408849 0.693682 0.277149
0.457714 0.631700 0.195719
0.355183 0.613747 0.139511
0.323235 0.741387 0.128964
0.424547 0.785073 0.079765
0.413295 0.705566 -0.004302
0.304782 0.742242 -0.037680
0.339130 0.868898 -0.055097
0.430252 0.843379 -0.122684
0.365097 0.782594 -0.197315
0.302776 0.886766 -0.225279
0.400193 0.949944 -0.263618
0.435878 0.865094 -0.337277
0.332756 0.863469 -0.391923
0.326028 0.991237 -0.413851
0.431747 1.000000 -0.469190
0.409754 0.896726 -0.544376
0.270907 0.901642 -0.558740
0.188834 0.971488 -0.488897
0.078591 0.956185 -0.442266
0.049122 0.832179 -0.483658
0.127496 0.758613 -0.416140
0.047233 0.752030 -0.321803
0.000807 0.632513 -0.319270
-0.046604 0.499316 -0.278503
-0.078315 0.373002 -0.237527
-0.104597 0.292212 -0.153667
-0.004151 0.358083 -0.091042
0.050538 0.478029 -0.126154
0.120217 0.487561 -0.213899
0.151378 0.520475 -0.312713
0.136978 0.541592 -0.433488
0.210552 0.558006 -0.515787
0.270317 0.538001 -0.612171
0.340861 0.415406 -0.619874
0.426514 0.312815 -0.654014
0.513820 0.294691 -0.567969
0.567132 0.260152 -0.475331
0.645034 0.362486 -0.473423
0.561191 0.456399 -0.454202
0.537741 0.413482 -0.355354
0.650503 0.428999 -0.317362
0.659670 0.558605 -0.334536
0.570633 0.595195 -0.268371
0.617060 0.543344 -0.180626
0.721952 0.608447 -0.183436
0.674503 0.729033 -0.181181
0.615250 0.715012 -0.087225
0.712628 0.692528 -0.027306
0.772392 0.803967 -0.050413
0.685519 0.891040 -0.021789
0.685913 0.843464 0.083339
0.783133 0.769086 0.128513
0.783054 0.616953 0.111061
0.875042 0.536847 0.088613
0.871855 0.477943 0.192631
0.738910 0.442720 0.195788
0.718372 0.381551 0.084970
0.658844 0.278576 0.016862
0.605020 0.178465 -0.054889
0.498082 0.118278 -0.113004
0.415695 0.017227 -0.172125
0.326855 -0.019663 -0.255360
0.291169 -0.098188 -0.341961
0.226054 -0.197871 -0.378253
0.245411 -0.292297 -0.453716
0.132296 -0.321706 -0.477795
0.110145 -0.221852 -0.547221
0.215982 -0.272677 -0.616335
0.192060 -0.399290 -0.654118
0.230185 -0.478285 -0.758206
0.286369 -0.592588 -0.776455
0.382409 -0.567154 -0.702484
0.371393 -0.410533 -0.691937
0.374461 -0.259340 -0.705850
0.320796 -0.122937 -0.708556
0.337596 0.010045 -0.701929
0.222080 0.013722 -0.773645
0.104007 -0.019920 -0.749913
0.058407 0.099555 -0.794289
0.080637 0.047662 -0.899035
0.094407 -0.044114 -0.969364
0.152952 -0.150680 -1.000000
0.286251 -0.206463 -0.993720
0.379143 -0.294691 -0.994553
0.474003 -0.208088 -0.992853
0.460901 -0.188553 -0.879259
0.496036 -0.297769 -0.826174
0.548089 -0.357870 -0.728506
0.594397 -0.425878 -0.643293
0.648771 -0.443062 -0.550899
0.755120 -0.391639 -0.585109
0.712982 -0.268402 -0.602942
0.669231 -0.249679 -0.503678
0.775067 -0.266393 -0.453647
0.830307 -0.164230 -0.499931
0.757598 -0.072625 -0.459337
0.789035 -0.095965 -0.357470
0.905298 -0.066684 -0.368122
0.882006 0.058220 -0.388731
0.829796 0.087971 -0.295261
0.922295 0.052749 -0.230865
1.000000 0.144268 -0.276178
0.930950 0.267163 -0.284331
0.858753 0.240788 -0.177642
0.792340 0.204027 -0.087780
0.757835 0.073309 -0.089654
0.693152 -0.025605 -0.013670
0.577715 -0.057536 -0.085317
0.493479 -0.161879 -0.135452
0.378671 -0.199667 -0.187010
0.376350 -0.271651 -0.276178
0.450160 -0.309780 -0.357470
0.354356 -0.420364 -0.382451
0.280585 -0.519065 -0.377212
0.233018 -0.624861 -0.324509
0.309779 -0.705437 -0.406738
0.435091 -0.671668 -0.391923
0.519013 -0.737240 -0.337346
0.614188 -0.693896 -0.394282
0.608011 -0.568436 -0.361044
0.616863 -0.588270 -0.257408
0.722228 -0.653116 -0.251787
0.788366 -0.565401 -0.304108
0.771723 -0.461443 -0.240788
0.802176 -0.510772 -0.145687
0.920721 -0.532615 -0.175213
0.945901 -0.389929 -0.203421
0.902229 -0.325083 -0.095032
0.874766 -0.244293 0.000486
0.749415 -0.219629 0.001284
0.628824 -0.232239 -0.018146
0.525348 -0.324399 -0.038373
0.397281 -0.335855 -0.059191
0.280861 -0.397709 -0.049164
0.161686 -0.400487 -0.103254
0.150119 -0.495298 -0.178058
0.208506 -0.586774 -0.123031
0.130289 -0.580063 -0.023940
0.035272 -0.522655 0.023871
0.049594 -0.583184 0.117341
0.085948 -0.722194 0.108771
0.144926 -0.830598 0.135244
0.165975 -0.877661 0.036049
0.235654 -0.768958 0.006106
0.316389 -0.780328 0.082402
0.359314 -0.895913 0.054854
0.397321 -0.857998 -0.040802
0.470934 -0.757673 -0.007876
0.543840 -0.843977 0.042086
0.576614 -0.923869 -0.037437
0.612102 -0.820082 -0.105579
0.629807 -0.693426 -0.086739
0.557610 -0.588057 -0.115641
0.570161 -0.521587 -0.000069
0.560286 -0.427417 0.102110
0.420298 -0.391083 0.095032
0.300927 -0.341669 0.118208
0.181437 -0.311148 0.108424
0.075797 -0.274429 0.166678
-0.057109 -0.309652 0.153355
-0.170263 -0.339617 0.179967
-0.205555 -0.369240 0.076435
-0.145516 -0.485808 0.062209
-0.204651 -0.546679 0.155472
-0.295969 -0.503291 0.237319
-0.217674 -0.490297 0.345535
-0.149214 -0.501026 0.433696
-0.106565 -0.621399 0.419784
-0.050420 -0.600667 0.325897
0.021462 -0.502009 0.360072
0.081856 -0.575789 0.429776
0.123916 -0.663974 0.360280
0.186237 -0.578482 0.300534
0.259812 -0.536633 0.376691
0.310330 -0.650551 0.403511
0.356560 -0.683338 0.310631
0.430882 -0.579935 0.306606
0.490961 -0.594554 0.400007
0.535105 -0.716508 0.380890
0.600496 -0.658203 0.290924
0.623316 -0.523596 0.286587
0.534987 -0.426391 0.264902
0.453583 -0.331923 0.245680
0.347589 -0.232752 0.253799
0.242421 -0.163803 0.206127
0.141345 -0.092075 0.209285
0.027325 -0.060999 0.137881
-0.060532 -0.028469 0.061238
-0.131037 0.032102 -0.033828
-0.201975 0.104557 -0.100132
-0.292153 0.080875 -0.019152
-0.320245 0.157305 0.078759
-0.337635 0.215696 0.189022
-0.331183 0.237625 0.299320
-0.268821 0.139480 0.341545
-0.173057 0.095024 0.412601
-0.127614 -0.024194 0.418430
-0.012335 0.004446 0.386753
0.018866 0.062837 0.480744
0.008439 -0.053988 0.534973
0.076348 -0.135248 0.476442
0.186434 -0.083141 0.488863
0.186395 -0.096862 0.596940
0.161411 -0.228007 0.605718
0.259261 -0.263444 0.537298
0.358173 -0.200265 0.506176
0.392167 -0.156151 0.404379
0.421203 -0.025049 0.370724
0.313753 -0.009361 0.286968
0.240100 0.079679 0.207480
0.140598 0.105283 0.130387
0.071155 0.236129 0.104538
0.120925 0.339916 0.036569
0.108650 0.464863 0.063979
0.072374 0.581346 0.111096
-0.061555 0.548047 0.067136
-0.174040 0.511499 0.109777
-0.233569 0.441353 0.183818
-0.182657 0.322134 0.165984
-0.069935 0.374113 0.200819
-0.093069 0.442549 0.289883
-0.122617 0.345901 0.353723
-0.007495 0.300718 0.363542
0.047076 0.409720 0.397093
-0.024256 0.426263 0.482340
0.005764 0.313670 0.529249
0.123129 0.341241 0.543196
0.101765 0.444858 0.608459
0.048571 0.368556 0.684477
0.140362 0.289048 0.702796
0.213896 0.383132 0.735376
0.144571 0.421818 0.818299
0.141503 0.303283 0.869891
0.265949 0.291613 0.882694
0.363720 0.364068 0.889425
0.453426 0.277764 0.919124
0.413058 0.178123 0.849594
0.453977 0.209498 0.751509
0.489859 0.148842 0.647734
0.551315 0.152475 0.546631
0.611788 0.105668 0.461418
0.682883 0.150594 0.385296
0.761494 0.050440 0.366352
0.670332 -0.045695 0.394039
0.586528 -0.084466 0.323989
0.624850 -0.215226 0.325689
0.653178 -0.209199 0.450212
0.606043 -0.177866 0.549060
0.669663 -0.259383 0.617376
0.759802 -0.162264 0.643987
0.709913 -0.079508 0.725592
