0.655448 -0.494191 -0.786223
0.668220 -0.414562 -0.778774
0.716072 -0.419761 -0.797574
0.699482 -0.438335 -0.847184
0.673555 -0.366398 -0.854194
0.714021 -0.317270 -0.850123
0.742466 -0.355409 -0.888027
0.707319 -0.340588 -0.926371
0.706702 -0.256295 -0.922080
0.758289 -0.244797 -0.928263
0.762557 -0.284920 -0.975558
0.727760 -0.230029 -1.000000
0.751803 -0.153027 -0.982551
0.781931 -0.084896 -0.987568
0.743566 -0.048632 -0.946607
0.719423 -0.024779 -0.902959
0.687861 0.033060 -0.922807
0.655899 -0.020678 -0.946252
0.642510 -0.062704 -0.902689
0.623653 0.002399 -0.877268
0.589456 0.027700 -0.912689
0.560911 -0.042575 -0.912604
0.547840 -0.039171 -0.860393
0.522646 0.038367 -0.868079
0.479596 0.009046 -0.900831
0.433862 -0.001273 -0.867200
0.423958 -0.054529 -0.827607
0.430394 -0.101057 -0.780210
0.445099 -0.177497 -0.769113
0.475761 -0.235095 -0.749907
0.507057 -0.240562 -0.791189
0.526465 -0.164498 -0.792355
0.546139 -0.165275 -0.742863
0.575734 -0.232870 -0.750735
0.603078 -0.201538 -0.790683
0.621552 -0.137696 -0.764451
0.646678 -0.183393 -0.729992
0.678524 -0.224025 -0.761393
0.701283 -0.155975 -0.782186
0.718490 -0.122124 -0.738218
0.745834 -0.189236 -0.723793
0.776713 -0.190442 -0.766832
0.795687 -0.113762 -0.759147
0.816812 -0.132228 -0.713185
0.848491 -0.191622 -0.732121
0.874868 -0.134908 -0.766646
0.891458 -0.079991 -0.733523
0.916517 -0.138553 -0.704115
0.950747 -0.155814 -0.747137
0.960935 -0.099074 -0.787423
0.930556 -0.076158 -0.826526
0.924270 -0.005615 -0.857184
0.882271 0.037483 -0.867082
0.868865 0.115343 -0.874295
0.845256 0.185484 -0.851644
0.794503 0.153187 -0.857032
0.783465 0.113762 -0.812709
0.771160 0.183393 -0.785092
0.729694 0.200279 -0.818249
0.702500 0.131907 -0.812692
0.697632 0.141073 -0.760988
0.669871 0.212956 -0.766224
0.631022 0.182777 -0.794922
0.616483 0.125528 -0.760498
0.606513 0.176880 -0.720989
0.577201 0.241286 -0.744823
0.547056 0.194784 -0.783386
0.536035 0.117005 -0.749620
0.540187 0.109875 -0.696227
0.512959 0.177256 -0.681970
0.471393 0.156806 -0.709199
0.462456 0.083824 -0.686801
0.456004 0.107865 -0.638864
0.416922 0.163935 -0.653762
0.382191 0.112368 -0.679774
0.369103 0.070717 -0.634083
0.328120 0.095509 -0.608240
0.287004 0.112689 -0.580470
0.236968 0.119631 -0.589541
0.188265 0.114190 -0.576045
0.142664 0.066617 -0.586213
0.134594 0.099690 -0.645113
0.165373 0.053484 -0.684132
0.177078 0.000094 -0.726276
0.215293 -0.068386 -0.703355
0.228848 -0.152115 -0.692071
0.276133 -0.182482 -0.705855
0.300226 -0.173503 -0.656025
0.312881 -0.210249 -0.613341
0.348111 -0.210276 -0.575335
0.382141 -0.255813 -0.603476
0.389077 -0.198671 -0.641279
0.404283 -0.136570 -0.611770
0.444282 -0.179614 -0.591703
0.469109 -0.189424 -0.637563
0.476262 -0.111832 -0.651583
0.502288 -0.088112 -0.609726
0.541904 -0.141743 -0.615739
0.556526 -0.117621 -0.663440
0.563546 -0.036598 -0.652275
0.598876 -0.048284 -0.614810
0.632823 -0.089238 -0.645384
0.638158 -0.027673 -0.679284
0.655115 0.030139 -0.646110
0.699649 -0.005642 -0.636347
0.717739 -0.001327 -0.685754
0.714938 0.079642 -0.690348
0.747384 0.098645 -0.650417
0.788250 0.061256 -0.674504
0.787183 0.097305 -0.721749
0.796204 0.176693 -0.706361
0.834569 0.200708 -0.670569
0.799522 0.242787 -0.627648
0.777663 0.272966 -0.583967
0.741749 0.320245 -0.605554
0.707119 0.258386 -0.608088
0.702333 0.245574 -0.557262
0.686811 0.320325 -0.543799
0.645244 0.326651 -0.573984
0.619484 0.258868 -0.557633
0.618984 0.280685 -0.506368
0.596058 0.358492 -0.513445
0.552775 0.319548 -0.534002
0.540337 0.264309 -0.496706
0.534118 0.321907 -0.460086
0.492001 0.355302 -0.483024
0.462840 0.287332 -0.483345
0.465024 0.286314 -0.426641
0.449051 0.364174 -0.414141
0.399565 0.346350 -0.429681
0.385743 0.259913 -0.416658
0.357348 0.193685 -0.430830
0.325569 0.239597 -0.463633
0.354881 0.246378 -0.506081
0.371804 0.224508 -0.555218
0.421157 0.174656 -0.529898
0.436012 0.120998 -0.492399
0.451885 0.060211 -0.524003
0.487116 0.106418 -0.549593
0.515177 0.126787 -0.507534
0.529099 0.048954 -0.498108
0.553392 0.037804 -0.544796
0.586455 0.099985 -0.537972
0.608363 0.071816 -0.494004
0.621152 -0.003283 -0.514645
0.652114 0.033409 -0.552431
0.681075 0.097707 -0.525540
0.707569 0.074764 -0.483903
0.748785 0.039600 -0.511300
0.761990 0.126278 -0.528749
0.782281 0.161737 -0.483903
0.815278 0.191970 -0.445137
0.828900 0.196553 -0.393517
0.841004 0.284384 -0.402470
0.811309 0.327562 -0.437637
0.763858 0.286662 -0.416979
0.749585 0.294140 -0.366880
0.707585 0.344313 -0.374464
0.683059 0.279935 -0.400088
0.683443 0.221828 -0.363552
0.655832 0.266587 -0.328063
0.613249 0.277201 -0.356643
0.605229 0.196339 -0.364549
0.602111 0.173369 -0.314297
0.562912 0.221854 -0.300632
0.529532 0.192158 -0.336120
0.531333 0.112689 -0.320310
0.513610 0.128878 -0.272221
0.469959 0.164418 -0.284028
0.450818 0.098806 -0.310260
0.456220 0.040270 -0.272339
0.425725 0.095751 -0.236394
0.393696 0.161282 -0.254147
0.407201 0.243457 -0.268606
0.360850 0.281784 -0.294450
0.334023 0.330671 -0.254417
0.289538 0.360314 -0.230262
0.236818 0.320593 -0.237728
0.233150 0.241072 -0.263555
0.215309 0.161389 -0.260836
0.250423 0.142306 -0.301763
0.294941 0.103470 -0.308858
0.320734 0.048820 -0.335445
0.324569 -0.025502 -0.353400
0.357365 -0.089130 -0.352421
0.382091 -0.070583 -0.396203
0.413637 -0.013816 -0.372775
0.437580 -0.063266 -0.339786
0.451719 -0.118130 -0.376778
0.481197 -0.065518 -0.404142
0.512843 -0.037027 -0.367065
0.527598 -0.112180 -0.347100
0.538753 -0.154769 -0.394767
0.565613 -0.079803 -0.424665
0.588772 -0.017220 -0.395020
0.616316 -0.048981 -0.355833
0.648979 -0.098618 -0.382994
0.669270 -0.029925 -0.408567
0.685944 0.020035 -0.371119
0.719957 -0.034722 -0.351002
0.752136 -0.027700 -0.394294
0.769760 0.053564 -0.391456
0.778897 0.067582 -0.329330
0.777129 0.110840 -0.284011
0.737597 0.159834 -0.296578
0.701783 0.101513 -0.297760
0.709386 0.073076 -0.249400
0.698048 0.144932 -0.225854
0.649780 0.151874 -0.244080
0.631739 0.081438 -0.225347
0.644511 0.094142 -0.175197
0.619518 0.164391 -0.167579
0.572232 0.131397 -0.174859
0.576234 0.073076 -0.135232
0.595342 0.128690 -0.093189
0.564079 0.191461 -0.078443
0.528399 0.231396 -0.048377
0.490667 0.240026 -0.088038
0.471893 0.159432 -0.091213
0.431377 0.127645 -0.067430
0.397297 0.071468 -0.044644
0.362467 0.037429 -0.072869
0.344860 -0.029817 -0.096179
0.356115 0.007518 -0.144978
0.414721 -0.022527 -0.139657
0.425625 -0.108348 -0.144404
0.423558 -0.127913 -0.196379
0.459588 -0.069913 -0.210770
0.497253 -0.100039 -0.182545
0.495019 -0.177765 -0.204047
0.505323 -0.153268 -0.252390
0.551591 -0.120837 -0.241056
0.573950 -0.183608 -0.216412
0.569048 -0.240830 -0.255127
0.596325 -0.195722 -0.291342
0.641543 -0.188807 -0.251613
0.670021 -0.245682 -0.229435
0.714922 -0.231825 -0.258201
0.715922 -0.144155 -0.230533
0.705701 -0.166642 -0.175011
0.740248 -0.241179 -0.181852
0.791185 -0.266346 -0.190112
0.832634 -0.316117 -0.203084
0.881787 -0.338899 -0.210888
0.915667 -0.285000 -0.239975
0.908498 -0.208132 -0.256343
0.955349 -0.180043 -0.235465
0.989112 -0.226464 -0.262947
0.973306 -0.185859 -0.309466
0.972523 -0.098216 -0.281359
1.000000 -0.045979 -0.253775
0.970689 0.016818 -0.231901
0.916951 0.020115 -0.238100
0.876618 0.031425 -0.208338
0.840388 -0.002479 -0.180619
0.789934 -0.025341 -0.172055
0.747985 -0.056727 -0.148559
0.727243 -0.101593 -0.105554
0.684843 -0.131960 -0.082075
0.705168 -0.155064 -0.036266
0.705218 -0.072540 -0.017398
0.647795 -0.062784 -0.014915
0.600477 -0.054529 0.005287
0.574283 -0.049142 -0.041451
0.578935 -0.127833 -0.052785
0.555326 -0.158601 -0.009696
0.510475 -0.121802 -0.018648
0.502589 -0.160102 -0.065150
0.502622 -0.236730 -0.045488
0.464607 -0.226866 -0.011267
0.429110 -0.205344 -0.045100
0.431144 -0.276504 -0.073545
0.417789 -0.327776 -0.034492
0.370287 -0.279238 -0.028563
0.338641 -0.298857 -0.071585
0.306028 -0.333378 -0.108493
0.342643 -0.354552 -0.144843
0.376456 -0.403868 -0.173643
0.407768 -0.344340 -0.193524
0.423474 -0.313893 -0.146701
0.444049 -0.384302 -0.131195
0.477629 -0.391029 -0.171126
0.503939 -0.322389 -0.161599
0.517961 -0.343348 -0.112716
0.542204 -0.415178 -0.124861
0.577385 -0.382265 -0.155941
0.598259 -0.332226 -0.119759
0.612582 -0.393951 -0.088865
0.640759 -0.439005 -0.120621
0.674606 -0.381809 -0.136060
0.691863 -0.366023 -0.086416
0.711237 -0.444500 -0.080521
0.741999 -0.448520 -0.120857
0.770477 -0.381461 -0.110115
0.787884 -0.415071 -0.063461
0.810726 -0.483121 -0.084862
0.841355 -0.439648 -0.119759
0.870349 -0.385669 -0.088375
0.887739 -0.388215 -0.037853
0.858061 -0.317002 -0.006875
0.833535 -0.258761 0.019915
0.777313 -0.224856 0.031992
0.740048 -0.149408 0.039678
0.709270 -0.090176 0.059964
0.691596 -0.028692 0.087362
0.657616 0.008215 0.118053
0.626587 0.073103 0.127884
0.648262 0.097787 0.186430
0.678741 0.018882 0.212662
0.677774 -0.061256 0.235060
0.653081 -0.118586 0.201564
0.644611 -0.172967 0.163086
0.641443 -0.198403 0.112141
0.630889 -0.228930 0.064119
0.690662 -0.247584 0.058275
0.731528 -0.316117 0.065640
0.788984 -0.341633 0.058748
0.829283 -0.412391 0.062380
0.863930 -0.472481 0.059795
0.851975 -0.506118 0.107530
0.797437 -0.524397 0.086332
0.783132 -0.567173 0.044745
0.756221 -0.627933 0.070369
0.720791 -0.572292 0.089912
0.705768 -0.532973 0.045911
0.687178 -0.600407 0.024391
0.652797 -0.620080 0.060606
0.625687 -0.551574 0.054660
0.615049 -0.552190 0.002567
0.593774 -0.627022 -0.000203
0.555843 -0.610190 0.033242
0.536135 -0.545865 0.007111
0.526031 -0.584621 -0.037617
0.495786 -0.643827 -0.016891
0.460305 -0.591965 0.000591
0.449534 -0.552324 -0.044678
0.435079 -0.625253 -0.069373
0.398264 -0.655459 -0.037701
0.369203 -0.582182 -0.045522
0.347461 -0.613835 -0.091146
0.315699 -0.671487 -0.065167
0.274266 -0.723322 -0.044492
0.298442 -0.792042 -0.018023
0.310113 -0.828601 0.027550
0.346294 -0.883062 0.007162
0.381374 -0.817665 -0.001284
0.381958 -0.778293 0.047836
0.394113 -0.830905 0.086416
0.445283 -0.837820 0.074879
0.454770 -0.750606 0.084490
0.449818 -0.731014 0.134894
0.497453 -0.743584 0.151177
0.519112 -0.676204 0.128475
0.504156 -0.621420 0.165011
0.542621 -0.639860 0.197983
0.583237 -0.618954 0.168339
0.575651 -0.538682 0.168322
0.586188 -0.532518 0.221293
0.637091 -0.553209 0.214283
0.653014 -0.498345 0.177105
0.641560 -0.424854 0.205888
0.683009 -0.439970 0.246157
0.725643 -0.436941 0.279078
0.758939 -0.463877 0.315040
0.781348 -0.390574 0.332016
0.728227 -0.341687 0.339921
0.680392 -0.341392 0.316155
0.677240 -0.313598 0.265988
0.664635 -0.303065 0.214385
0.667970 -0.309658 0.161143
0.610214 -0.290950 0.155535
0.561061 -0.268544 0.152596
0.510692 -0.292290 0.154252
0.494585 -0.288056 0.104051
0.497903 -0.368114 0.094304
0.457454 -0.387759 0.125182
0.422457 -0.342812 0.101095
0.420340 -0.388751 0.057599
0.400432 -0.454416 0.080284
0.358682 -0.420592 0.101331
0.336974 -0.393549 0.059272
0.331105 -0.469318 0.036891
0.299509 -0.496978 0.076062
0.262728 -0.439595 0.076568
0.255225 -0.444902 0.021148
0.229148 -0.516597 0.011300
0.196169 -0.577063 -0.000422
0.211341 -0.622466 0.042549
0.198336 -0.639056 0.092497
0.242670 -0.679554 0.100807
0.273732 -0.614532 0.095858
0.251557 -0.572024 0.133441
0.262094 -0.626834 0.171650
0.312998 -0.628844 0.167342
0.321734 -0.546080 0.171802
0.300793 -0.537771 0.218472
0.328887 -0.592528 0.243505
0.375822 -0.561035 0.233539
0.367819 -0.487383 0.256039
0.358682 -0.516758 0.304905
0.404850 -0.561142 0.310277
0.440731 -0.503947 0.312050
0.428710 -0.484140 0.364042
0.450251 -0.556532 0.383197
0.504389 -0.542327 0.356964
0.511992 -0.447501 0.343519
0.530499 -0.368757 0.336289
0.519445 -0.291433 0.311712
0.519178 -0.210839 0.296358
0.502272 -0.133461 0.284838
0.462640 -0.091462 0.247728
0.425058 -0.064258 0.217493
0.418556 -0.136114 0.191835
0.395830 -0.175460 0.231698
0.354814 -0.127136 0.233607
0.341125 -0.141395 0.183474
0.335306 -0.224481 0.188727
0.295457 -0.217191 0.220871
0.264812 -0.162890 0.194960
0.270214 -0.217084 0.151008
0.275666 -0.300224 0.147360
0.251507 -0.320486 0.191919
0.206789 -0.284679 0.180163
0.201371 -0.329492 0.139455
0.195418 -0.403948 0.165805
0.161388 -0.388162 0.205027
0.118238 -0.398132 0.173744
0.113986 -0.481299 0.172325
0.087193 -0.542810 0.191767
0.117788 -0.607081 0.178879
0.150734 -0.602096 0.219317
0.118038 -0.633133 0.258910
0.121356 -0.714370 0.259890
0.133877 -0.789845 0.277575
0.150234 -0.871055 0.279214
0.150117 -0.951167 0.286967
0.135661 -0.958993 0.340039
0.107550 -0.896142 0.361880
0.066034 -0.866686 0.386237
0.027536 -0.815762 0.395510
0.048377 -0.747176 0.419361
0.097680 -0.714692 0.404496
0.133494 -0.669825 0.381271
0.167107 -0.652243 0.345259
0.214309 -0.644524 0.326763
0.206356 -0.563340 0.318435
0.196986 -0.539835 0.367555
0.245054 -0.562080 0.384227
0.273582 -0.516410 0.351576
0.251790 -0.443454 0.363755
0.266479 -0.443481 0.412959
0.316532 -0.447314 0.406675
0.323869 -0.384034 0.375325
0.306278 -0.324587 0.406709
0.338741 -0.337854 0.444698
0.383108 -0.329572 0.419327
0.375806 -0.255679 0.396878
0.365168 -0.210839 0.440357
0.409635 -0.228314 0.465744
0.443632 -0.196366 0.425695
0.437230 -0.115209 0.419699
0.435045 -0.033757 0.429293
0.408268 0.031667 0.447198
0.402299 0.069404 0.400595
0.372237 0.001943 0.379649
0.329454 -0.017998 0.403855
0.300326 0.044344 0.386811
0.304011 0.023144 0.335039
0.287154 -0.055065 0.336965
0.240719 -0.043835 0.357471
0.223046 0.006017 0.320124
0.228465 -0.048418 0.281139
0.200437 -0.110545 0.299922
0.156220 -0.068332 0.302152
0.155786 -0.045899 0.251309
0.150267 -0.124322 0.233624
0.100915 -0.134212 0.251799
0.084925 -0.069377 0.212256
0.098314 -0.079776 0.159978
0.053546 -0.149194 0.161245
0.036656 -0.225473 0.167157
0.029437 -0.289985 0.207273
0.021967 -0.358116 0.238556
0.020633 -0.399686 0.284517
0.067118 -0.438281 0.284044
0.096046 -0.371115 0.286933
0.076655 -0.336407 0.329110
0.087726 -0.395237 0.362353
0.140430 -0.394594 0.354211
0.147750 -0.313786 0.364836
0.127892 -0.315179 0.412300
0.159137 -0.373447 0.430881
0.202604 -0.331341 0.423972
0.190016 -0.265274 0.453008
0.182330 -0.305021 0.498615
0.236318 -0.329518 0.501318
0.262161 -0.262058 0.516401
0.280702 -0.211723 0.552937
0.284153 -0.138393 0.575893
0.284220 -0.050294 0.545100
0.288288 0.029683 0.521148
0.262311 0.047614 0.469866
0.213292 0.089693 0.473345
0.177478 0.151070 0.458447
0.140030 0.172297 0.425492
0.154169 0.121588 0.386879
0.141064 0.050911 0.414631
0.091361 0.068680 0.422266
0.082341 0.073156 0.370764
0.096413 -0.002908 0.357724
0.060699 -0.039252 0.387943
0.020133 -0.004704 0.365680
0.028686 -0.036625 0.317050
0.021317 -0.113547 0.332269
-0.026502 -0.106364 0.346205
-0.045293 -0.085351 0.299483
-0.034022 -0.154394 0.273166
-0.070219 -0.202530 0.300902
-0.121322 -0.180901 0.296510
-0.132960 -0.226518 0.249147
-0.102115 -0.305665 0.243184
-0.100698 -0.348736 0.291105
-0.110952 -0.396175 0.332016
-0.115103 -0.390145 0.383957
-0.071036 -0.433162 0.395949
-0.038673 -0.381890 0.372014
-0.054696 -0.313812 0.398568
-0.042058 -0.339757 0.446134
0.007761 -0.355999 0.436607
0.019716 -0.279372 0.421202
0.008445 -0.243591 0.466741
0.043976 -0.280605 0.494291
0.084658 -0.253883 0.465373
0.075355 -0.171306 0.470913
0.083074 -0.173664 0.522922
0.130643 -0.204058 0.521587
0.148983 -0.140456 0.494561
0.140363 -0.084708 0.531300
0.166857 -0.118479 0.570335
0.213959 -0.121266 0.542262
0.215676 -0.037670 0.513158
0.209057 0.032658 0.543107
0.212908 0.114941 0.560268
0.198586 0.167151 0.598848
0.221945 0.236622 0.579187
0.185965 0.240428 0.535860
0.135511 0.223034 0.568055
0.084942 0.217995 0.590436
0.036406 0.199314 0.601618
0.019082 0.221024 0.551755
0.041691 0.156967 0.527364
0.019683 0.097332 0.556181
-0.029236 0.114083 0.545640
-0.023267 0.104568 0.493733
-0.010296 0.024055 0.496689
-0.050878 -0.005963 0.521452
-0.085158 0.015666 0.482872
-0.070369 -0.047507 0.449140
-0.094996 -0.110304 0.476910
-0.123423 -0.175701 0.493683
-0.148250 -0.209659 0.533631
-0.159821 -0.280444 0.500524
-0.101131 -0.300974 0.492078
-0.070886 -0.262138 0.541299
-0.092244 -0.212554 0.582582
-0.105300 -0.250962 0.630367
-0.110118 -0.270232 0.680991
-0.077305 -0.340641 0.688152
-0.030337 -0.346243 0.660687
0.017332 -0.334075 0.646296
0.010162 -0.257340 0.627057
-0.000342 -0.224347 0.673896
0.044893 -0.243511 0.697358
0.073204 -0.199314 0.663407
0.051579 -0.125635 0.674234
0.065684 -0.126948 0.724469
0.115504 -0.127940 0.715871
0.120172 -0.061122 0.685669
0.101331 -0.007813 0.720347
0.133961 -0.022500 0.759704
0.177311 0.001380 0.732526
0.158654 0.080983 0.710989
0.140147 0.147237 0.737458
0.189566 0.192479 0.730955
0.193718 0.193417 0.671278
0.162572 0.247558 0.647427
0.144998 0.317216 0.628475
0.115904 0.383739 0.627546
0.077372 0.438657 0.616246
0.053163 0.511719 0.612412
0.017365 0.494887 0.651431
0.049061 0.500543 0.697003
0.056530 0.583013 0.713202
0.028820 0.582343 0.761697
0.072337 0.531231 0.785936
0.120322 0.514855 0.810091
0.138763 0.440479 0.787676
0.180546 0.393307 0.773589
0.140964 0.326115 0.766021
0.117204 0.260155 0.751951
0.065167 0.209391 0.753893
0.020133 0.174442 0.754755
-0.002593 0.227644 0.788233
-0.000342 0.293470 0.755245
-0.025985 0.261227 0.715162
-0.068952 0.241098 0.740482
-0.078489 0.318288 0.756241
-0.083258 0.350049 0.708709
-0.121523 0.304030 0.687764
-0.155403 0.322952 0.725263
-0.153902 0.406012 0.719942
-0.166674 0.405770 0.668694
-0.211708 0.362807 0.671210
-0.232733 0.417054 0.710196
-0.231816 0.483845 0.673947
-0.244604 0.550019 0.646262
-0.246955 0.618258 0.618459
-0.267930 0.692767 0.602243
-0.285103 0.656397 0.551282
-0.327920 0.604964 0.566434
-0.375522 0.654440 0.554880
-0.404367 0.613567 0.518884
-0.442015 0.559909 0.504578
-0.409135 0.511130 0.471977
-0.389611 0.438121 0.493395
-0.367402 0.362780 0.492838
-0.336457 0.303038 0.509746
-0.291623 0.263961 0.518395
-0.254941 0.202450 0.517989
-0.232649 0.129387 0.528529
-0.184547 0.157208 0.532279
-0.189433 0.186904 0.580622
-0.205172 0.118961 0.605047
-0.162405 0.075863 0.591382
-0.127592 0.122070 0.615317
-0.146666 0.119899 0.663153
-0.148133 0.037349 0.667461
-0.097947 0.023706 0.660805
-0.078356 0.073344 0.698845
-0.101448 0.037617 0.738826
-0.082841 -0.040377 0.732509
-0.033838 -0.019097 0.735229
-0.034939 0.014004 0.784129
-0.051162 -0.053591 0.809094
-0.012163 -0.103175 0.793909
0.026169 -0.056191 0.811780
0.012046 -0.057504 0.862657
0.014981 -0.139250 0.867268
0.066718 -0.143003 0.856069
0.086526 -0.109018 0.902368
0.067151 -0.181544 0.938296
0.056797 -0.243966 0.974376
0.004710 -0.204862 0.982737
-0.046110 -0.211160 0.980322
-0.095012 -0.151553 0.987669
-0.135928 -0.103309 0.985000
-0.111035 -0.031988 1.000000
-0.082874 -0.026494 0.953954
-0.121956 -0.025288 0.921286
-0.140113 0.043594 0.943059
-0.100931 0.094866 0.933144
-0.101982 0.085110 0.880832
-0.150050 0.109768 0.872808
-0.144982 0.186985 0.890443
-0.113369 0.220139 0.855630
-0.154169 0.205478 0.817016
-0.205455 0.213037 0.841154
-0.216993 0.286314 0.858653
-0.234834 0.317189 0.812692
-0.273982 0.258922 0.810902
-0.296508 0.270366 0.857032
-0.307746 0.350237 0.849312
-0.341359 0.328098 0.808655
-0.371971 0.269375 0.829195
-0.392295 0.317752 0.866187
-0.413904 0.377441 0.829735
-0.457588 0.348977 0.805919
-0.492168 0.381783 0.841289
-0.469759 0.466156 0.845951
-0.460639 0.488535 0.790159
-0.485632 0.522654 0.749046
-0.435345 0.559427 0.730972
-0.405751 0.509548 0.702257
-0.387027 0.480120 0.658120
-0.386776 0.416170 0.624523
-0.336623 0.400464 0.626161
-0.337907 0.376208 0.677038
-0.368119 0.311454 0.669200
-0.339841 0.273127 0.632225
-0.296858 0.260637 0.658018
-0.316749 0.216762 0.697240
-0.335223 0.154474 0.665501
-0.291006 0.129789 0.644961
-0.267496 0.110813 0.690179
-0.300193 0.055253 0.706412
-0.296925 0.003819 0.666075
-0.244454 -0.007330 0.664251
-0.241770 -0.042950 0.711158
-0.272732 -0.106793 0.702763
-0.249189 -0.136838 0.660180
-0.201804 -0.148363 0.681818
-0.217060 -0.203951 0.717847
-0.236668 -0.268624 0.686109
-0.193868 -0.312794 0.666008
-0.192700 -0.385857 0.694487
-0.191333 -0.469854 0.692308
-0.212425 -0.509307 0.737492
-0.197086 -0.450557 0.778741
-0.232983 -0.399177 0.803098
-0.218377 -0.404966 0.855799
-0.167791 -0.357848 0.851948
-0.177545 -0.266828 0.853755
-0.166840 -0.193364 0.874244
-0.182730 -0.144772 0.835428
-0.230632 -0.169751 0.836391
-0.239419 -0.150373 0.886440
-0.230232 -0.068305 0.883416
-0.261144 -0.049222 0.843468
-0.303227 -0.072299 0.869717
-0.299792 -0.019097 0.910087
-0.307212 0.048874 0.880713
-0.353013 0.032578 0.856762
-0.380324 0.031720 0.899395
-0.380057 0.115530 0.907554
-0.404767 0.132416 0.858248
-0.451102 0.099074 0.847657
-0.480363 0.165356 0.856677
-0.460255 0.219067 0.822219
-0.468942 0.169269 0.781122
-0.520429 0.154286 0.785750
-0.533851 0.235068 0.782119
-0.513393 0.249193 0.735161
-0.538352 0.190362 0.709740
-0.584537 0.217378 0.720212
-0.581653 0.291084 0.698405
-0.569498 0.267954 0.650113
-0.611665 0.215395 0.642377
-0.654781 0.273234 0.664234
-0.647962 0.359698 0.643779
-0.624253 0.378620 0.598071
-0.570182 0.381113 0.590943
-0.578885 0.343992 0.539407
-0.580569 0.389770 0.486504
-0.539420 0.350826 0.454647
-0.503022 0.304324 0.433735
-0.470759 0.310971 0.476285
-0.498887 0.256215 0.509172
-0.481230 0.181330 0.494899
-0.438897 0.187521 0.524003
-0.465924 0.191809 0.568950
-0.488716 0.120569 0.565927
-0.446216 0.076024 0.567042
-0.428760 0.102049 0.612547
-0.469976 0.082725 0.642360
-0.468742 0.000496 0.630350
-0.421824 -0.014326 0.648981
-0.432261 0.008215 0.697324
-0.471126 -0.042200 0.707071
-0.443415 -0.111001 0.700247
-0.408602 -0.096930 0.739570
-0.445066 -0.091891 0.777187
-0.459738 -0.169751 0.771511
-0.413970 -0.204433 0.780261
-0.409602 -0.172994 0.829567
-0.450768 -0.205237 0.854177
-0.437746 -0.284947 0.846644
-0.395346 -0.285402 0.879362
-0.419456 -0.259324 0.925560
-0.474477 -0.257850 0.930762
-0.521763 -0.236328 0.952856
-0.560778 -0.175031 0.971606
-0.594791 -0.120301 0.982534
-0.577518 -0.050428 0.949546
-0.558911 -0.038072 0.902520
-0.555026 0.011646 0.860579
-0.566980 -0.042924 0.823959
-0.617534 -0.045336 0.833789
-0.625903 0.032766 0.821999
-0.609030 0.026065 0.772254
-0.641293 -0.030541 0.755245
-0.685744 0.008322 0.766731
-0.675573 0.077552 0.738404
-0.665035 0.044853 0.692189
-0.710020 0.008054 0.686058
-0.740932 0.074550 0.689081
-0.718573 0.120837 0.651819
-0.722308 0.067233 0.612074
-0.772961 0.070047 0.612395
-0.779847 0.150025 0.602581
-0.755821 0.157771 0.556096
-0.789217 0.096153 0.535252
-0.834418 0.141770 0.544863
-0.819263 0.205854 0.512077
-0.842055 0.185966 0.464798
-0.892725 0.226840 0.466268
-0.894692 0.311507 0.456032
-0.882154 0.349191 0.409006
-0.832351 0.379826 0.402132
-0.784032 0.391565 0.386305
-0.731878 0.377039 0.388179
-0.689095 0.391967 0.414597
-0.646311 0.367551 0.435391
-0.664402 0.350344 0.483041
-0.695114 0.287627 0.469748
-0.655698 0.238793 0.451083
-0.626837 0.236006 0.493007
-0.661517 0.200145 0.524239
-0.662184 0.129012 0.495726
-0.613299 0.109366 0.504375
-0.613732 0.110706 0.555792
-0.651614 0.052438 0.560775
-0.626870 -0.010145 0.536587
-0.584754 -0.010439 0.566434
-0.611164 -0.025824 0.610587
-0.629205 -0.099262 0.594710
-0.584887 -0.137026 0.585521
-0.567047 -0.133434 0.634016
-0.606229 -0.174817 0.655079
-0.599510 -0.244770 0.627411
-0.551591 -0.262352 0.643627
-0.560961 -0.266882 0.693794
-0.596825 -0.329679 0.689504
-0.566514 -0.386553 0.664201
-0.526815 -0.391485 0.700432
-0.564780 -0.380630 0.749282
-0.597926 -0.403894 0.787524
-0.591757 -0.337291 0.819364
-0.631439 -0.296337 0.793825
-0.670788 -0.351255 0.815395
-0.711921 -0.332467 0.850512
-0.755971 -0.348816 0.814888
-0.788967 -0.399284 0.785936
-0.816428 -0.428874 0.743961
-0.832068 -0.355865 0.723776
-0.834885 -0.283580 0.700314
-0.823464 -0.198992 0.693389
-0.808475 -0.135900 0.663913
-0.775112 -0.179936 0.634962
-0.806074 -0.234853 0.613391
-0.837670 -0.180392 0.592615
-0.803573 -0.139626 0.563292
-0.783665 -0.201967 0.536198
-0.830200 -0.225097 0.514493
-0.837203 -0.142654 0.488750
-0.805857 -0.127431 0.449056
-0.782131 -0.107731 0.403584
-0.748168 -0.136758 0.370292
-0.727943 -0.073558 0.340208
-0.735330 0.005186 0.347150
-0.717256 0.080125 0.335614
-0.704851 0.156189 0.340529
-0.706668 0.230860 0.323334
-0.688011 0.299447 0.304871
-0.680325 0.379210 0.305936
-0.668704 0.455515 0.294585
-0.648862 0.529462 0.288960
-0.639742 0.606465 0.299990
-0.637225 0.683682 0.289365
-0.616917 0.755592 0.300598
-0.632723 0.832058 0.306155
-0.620451 0.910829 0.307405
-0.573049 0.953954 0.340326
-0.520262 0.968132 0.313520
-0.477779 0.991745 0.285818
-0.438180 1.000000 0.252559
-0.388844 0.951810 0.252187
-0.352663 0.904611 0.227763
-0.364001 0.815977 0.204013
-0.371054 0.743048 0.174504
-0.411603 0.690704 0.154218
-0.392695 0.597995 0.150147
-0.413887 0.552726 0.202594
-0.470543 0.553155 0.212560
-0.491151 0.477091 0.213962
-0.499854 0.439648 0.258961
-0.487599 0.381917 0.294855
-0.534201 0.342598 0.291071
-0.531150 0.294783 0.246546
-0.497020 0.231155 0.263201
-0.526331 0.194999 0.305733
-0.570699 0.152464 0.301983
-0.552541 0.075220 0.297929
-0.536385 0.071629 0.348519
-0.582020 0.085083 0.371727
-0.603595 0.017730 0.350883
-0.570532 -0.037161 0.370089
-0.578585 -0.021026 0.420425
-0.628388 -0.037885 0.421354
-0.621052 -0.116254 0.406929
-0.592891 -0.142306 0.445120
-0.627888 -0.124134 0.483734
-0.660600 -0.180338 0.467248
-0.627287 -0.246968 0.471606
-0.623853 -0.239705 0.523428
-0.673205 -0.249487 0.535354
-0.679458 -0.322470 0.509088
-0.646862 -0.366720 0.537414
-0.675506 -0.359966 0.580453
-0.720674 -0.388162 0.564407
-0.703851 -0.462671 0.547769
-0.687478 -0.488830 0.593477
-0.731295 -0.480254 0.621888
-0.767392 -0.514051 0.579119
-0.766625 -0.590330 0.558039
-0.814844 -0.608234 0.576399
-0.843139 -0.551842 0.544053
-0.843322 -0.590491 0.498953
-0.869949 -0.642004 0.469140
-0.888706 -0.715094 0.442181
-0.938793 -0.666957 0.429546
-0.978325 -0.609413 0.420847
-1.000000 -0.622546 0.477028
-0.969255 -0.580011 0.514966
-0.977541 -0.536431 0.558951
-0.945845 -0.493842 0.597395
-0.923503 -0.460634 0.643424
-0.915467 -0.391565 0.611179
-0.907947 -0.339033 0.570454
-0.868682 -0.339408 0.523851
-0.856477 -0.328393 0.473599
-0.808792 -0.364093 0.473312
-0.832068 -0.441551 0.487433
-0.878486 -0.445518 0.453498
-0.846907 -0.428043 0.405189
-0.808625 -0.465754 0.379092
-0.817128 -0.428927 0.333604
-0.801989 -0.354096 0.349025
-0.756038 -0.376556 0.365866
-0.740732 -0.401268 0.316476
-0.745134 -0.327964 0.293723
-0.711904 -0.290253 0.325563
-0.670954 -0.335147 0.312101
-0.668854 -0.307675 0.262052
-0.663051 -0.228957 0.272035
-0.619501 -0.234344 0.299010
-0.591273 -0.264791 0.258082
-0.594625 -0.184439 0.231969
-0.574433 -0.130620 0.274332
-0.529933 -0.165141 0.294314
-0.482497 -0.193444 0.306290
-0.450635 -0.255920 0.324060
-0.457337 -0.225687 0.376254
-0.514577 -0.236140 0.379751
-0.529899 -0.319736 0.381744
-0.534318 -0.350022 0.430965
-0.585304 -0.341740 0.436590
-0.598643 -0.390735 0.397419
-0.579118 -0.459536 0.418381
-0.612665 -0.457606 0.458633
-0.654748 -0.467630 0.428296
-0.644127 -0.537771 0.403635
-0.643877 -0.585505 0.446894
-0.698465 -0.572185 0.451961
-0.721524 -0.581405 0.403078
-0.709603 -0.655218 0.381643
-0.734980 -0.705096 0.414766
-0.783549 -0.669048 0.397943
-0.778847 -0.671755 0.339786
-0.772811 -0.745139 0.315175
-0.828083 -0.754359 0.311679
-0.842305 -0.669771 0.289044
-0.788617 -0.643398 0.262677
-0.750669 -0.664866 0.230989
-0.740865 -0.590169 0.209841
-0.722325 -0.553343 0.253809
-0.682542 -0.607912 0.256816
-0.660550 -0.589285 0.211074
-0.651180 -0.510915 0.221935
-0.620435 -0.529435 0.262744
-0.584387 -0.567789 0.233421
-0.573600 -0.505608 0.199233
-0.560528 -0.447501 0.233607
-0.523897 -0.488803 0.258437
-0.494302 -0.501400 0.216412
-0.481964 -0.425577 0.204773
-0.457454 -0.410756 0.250312
-0.421807 -0.469131 0.245549
-0.402749 -0.442623 0.199149
-0.387310 -0.366720 0.217273
-0.357148 -0.395639 0.257660
-0.312631 -0.430402 0.242745
-0.285637 -0.356240 0.260329
-0.302227 -0.340025 0.313706
-0.287754 -0.365755 0.361711
-0.321818 -0.330751 0.394547
-0.367886 -0.366666 0.369244
-0.364318 -0.447153 0.358974
-0.371637 -0.483872 0.406422
-0.418889 -0.455140 0.415206
-0.440481 -0.483095 0.370967
-0.429560 -0.562616 0.376406
-0.455620 -0.572051 0.420915
-0.501888 -0.550663 0.401524
-0.503772 -0.605259 0.362370
-0.501088 -0.671808 0.392183
-0.543171 -0.650876 0.422384
-0.575867 -0.656209 0.376440
-0.565647 -0.724582 0.345698
-0.553125 -0.779070 0.391879
-0.591540 -0.804157 0.420290
-0.623786 -0.865587 0.431725
-0.664352 -0.828145 0.408702
-0.646712 -0.826590 0.360596
-0.638192 -0.906997 0.355866
-0.686127 -0.934496 0.367352
-0.712171 -0.892175 0.330766
-0.687628 -0.916699 0.288926
-0.694197 -1.000000 0.297659
-0.747518 -0.995363 0.294500
-0.751019 -0.960976 0.245380
-0.723158 -0.939561 0.202696
-0.715539 -0.858458 0.185990
-0.682242 -0.795285 0.183017
-0.655182 -0.809437 0.227121
-0.627654 -0.872824 0.210669
-0.603361 -0.826698 0.173305
-0.584371 -0.765374 0.202932
-0.553792 -0.812894 0.231293
-0.526048 -0.838571 0.189098
-0.508908 -0.764785 0.175045
-0.485082 -0.747899 0.220330
-0.453519 -0.811313 0.221141
-0.427309 -0.787647 0.178237
-0.412920 -0.711851 0.195196
