0.013301 -0.971867 0.071732
0.019997 -1.000000 0.100461
0.038594 -0.929700 0.127392
0.030133 -0.876567 0.162446
0.024917 -0.870833 0.198320
0.000535 -0.878133 0.229956
-0.002756 -0.919800 0.260637
-0.028424 -0.915633 0.292761
-0.064410 -0.942700 0.312235
-0.094486 -0.968767 0.328469
-0.136838 -0.950000 0.327815
-0.171002 -0.981233 0.331066
-0.208901 -0.930200 0.327171
-0.244659 -0.899467 0.314188
-0.277935 -0.881233 0.309971
-0.313169 -0.846867 0.308341
-0.340215 -0.860433 0.338201
-0.361568 -0.816667 0.364499
-0.365121 -0.746867 0.395658
-0.368685 -0.675000 0.421623
-0.356944 -0.569267 0.439799
-0.360497 -0.492200 0.463812
-0.338439 -0.397667 0.472900
-0.334168 -0.336200 0.502438
-0.312816 -0.238267 0.513146
-0.312816 -0.150767 0.537159
-0.308363 -0.102867 0.576108
-0.304093 -0.115367 0.613114
-0.293593 -0.075533 0.642330
-0.294311 -0.083200 0.678027
-0.316722 -0.100400 0.711783
-0.331321 -0.156500 0.739690
-0.352674 -0.238033 0.765656
-0.382920 -0.305733 0.781235
-0.404273 -0.400767 0.784486
-0.413520 -0.453133 0.818896
-0.443778 -0.483333 0.842265
-0.480435 -0.492700 0.860441
-0.508188 -0.515633 0.881857
-0.536658 -0.465633 0.906524
-0.566198 -0.428633 0.925354
-0.590751 -0.350767 0.941578
-0.614950 -0.272667 0.962350
-0.634173 -0.177100 0.983766
-0.657655 -0.064067 0.994807
-0.682572 0.040967 0.995461
-0.714595 0.133600 1.000000
-0.740218 0.232367 0.990912
-0.777229 0.281633 0.988959
-0.807840 0.325900 0.964303
-0.847697 0.314567 0.955204
-0.870473 0.340900 0.929239
-0.901790 0.287633 0.916256
-0.899649 0.354433 0.883809
-0.860497 0.371100 0.877308
-0.849827 0.254700 0.872115
-0.869756 0.245133 0.842909
-0.854803 0.340367 0.832522
-0.819228 0.309500 0.844861
-0.818510 0.211133 0.829926
-0.827051 0.261733 0.801364
-0.800005 0.338533 0.806557
-0.774382 0.263267 0.815645
-0.781499 0.205467 0.788381
-0.777935 0.293233 0.768907
-0.745912 0.321867 0.783188
-0.730971 0.226100 0.779293
-0.739512 0.224600 0.746836
-0.724559 0.319533 0.740999
-0.692525 0.293500 0.754626
-0.688972 0.209500 0.735806
-0.693960 0.264333 0.707888
-0.666902 0.332433 0.715034
-0.641997 0.260167 0.718274
-0.646267 0.221500 0.687759
-0.640926 0.310933 0.674133
-0.609256 0.322267 0.687759
-0.596445 0.236333 0.674777
-0.602856 0.261967 0.644927
-0.585057 0.346100 0.645571
-0.555869 0.303133 0.653360
-0.556234 0.244133 0.627395
-0.556587 0.321367 0.605324
-0.527764 0.362500 0.615056
-0.508541 0.279833 0.608575
-0.516012 0.275267 0.578060
-0.504270 0.366000 0.572545
-0.472248 0.346867 0.581955
-0.465483 0.265367 0.561505
-0.472248 0.322667 0.535539
-0.448048 0.391133 0.541708
-0.421708 0.324467 0.543329
-0.427755 0.288933 0.513790
-0.423496 0.380200 0.499520
-0.391461 0.394000 0.509252
-0.379356 0.307167 0.497567
-0.390744 0.322900 0.468029
-0.372956 0.411967 0.463812
-0.341639 0.371100 0.469649
-0.344486 0.302200 0.445958
-0.349474 0.372667 0.423565
-0.319569 0.422900 0.430057
-0.298934 0.342333 0.425508
-0.311393 0.324100 0.396301
-0.303387 0.422133 0.385593
-0.267970 0.410433 0.393061
-0.263347 0.314567 0.374885
-0.280429 0.337233 0.343072
-0.257471 0.414333 0.332032
-0.226154 0.353633 0.334628
-0.233989 0.272133 0.314510
-0.245023 0.326433 0.289199
-0.216189 0.384767 0.287890
-0.194666 0.304933 0.285948
-0.208901 0.265500 0.259006
-0.206407 0.348833 0.242461
-0.171890 0.360433 0.246345
-0.163167 0.270067 0.233529
-0.177937 0.285667 0.204801
-0.159785 0.367967 0.198641
-0.128297 0.324867 0.199130
-0.135232 0.257667 0.176405
-0.143420 0.322667 0.154500
-0.112103 0.368867 0.154500
-0.092971 0.290233 0.148331
-0.108186 0.272267 0.120423
-0.101330 0.360433 0.107918
-0.067257 0.354167 0.110037
-0.065128 0.270967 0.092339
-0.080342 0.309900 0.067266
-0.057646 0.385933 0.063704
-0.029757 0.327600 0.060941
-0.040837 0.274333 0.036274
-0.045370 0.352100 0.017610
-0.012413 0.381233 0.016966
0.000228 0.294133 0.006175
-0.016991 0.293767 -0.020611
-0.003826 0.379167 -0.031766
0.028652 0.346733 -0.032940
0.022821 0.268500 -0.052476
0.011456 0.323567 -0.075991
0.040051 0.380333 -0.079356
0.061028 0.301567 -0.084206
0.044948 0.267200 -0.109663
0.048205 0.350667 -0.126520
0.082677 0.349867 -0.126250
0.087368 0.259767 -0.138952
0.070446 0.280600 -0.165198
0.091753 0.355333 -0.174296
0.120246 0.301967 -0.175511
0.109074 0.237367 -0.197582
0.102754 0.303900 -0.218998
0.135141 0.338267 -0.220951
0.150708 0.254033 -0.228408
0.132385 0.239000 -0.254706
0.143101 0.323033 -0.268738
0.176775 0.307300 -0.268582
0.174111 0.219667 -0.285616
0.161117 0.262367 -0.310937
0.187013 0.327467 -0.315798
0.211566 0.258067 -0.318883
0.197422 0.214833 -0.344526
0.196180 0.292833 -0.362380
0.230959 0.309000 -0.362058
0.240571 0.219533 -0.373898
0.222601 0.232300 -0.401162
0.239147 0.314567 -0.410738
0.270817 0.274600 -0.411715
0.263700 0.203200 -0.431999
0.255341 0.264467 -0.454724
0.285052 0.313667 -0.456012
0.304981 0.231567 -0.462181
0.289152 0.209700 -0.489445
0.296087 0.292200 -0.504058
0.330604 0.286833 -0.501462
0.333804 0.200200 -0.516709
0.319045 0.232867 -0.543329
0.342345 0.307033 -0.548522
0.369927 0.248967 -0.550464
0.358903 0.193633 -0.574165
0.355521 0.269267 -0.594605
0.388614 0.300133 -0.594283
0.401073 0.215567 -0.604992
0.386120 0.212567 -0.632577
0.399285 0.300267 -0.642320
0.432743 0.273700 -0.641343
0.429896 0.199400 -0.661472
0.421002 0.259233 -0.685485
0.449472 0.315767 -0.685485
0.471530 0.244267 -0.691010
0.458719 0.217833 -0.718596
0.462989 0.304433 -0.732223
0.496800 0.311467 -0.727684
0.504624 0.229633 -0.743263
0.492883 0.264700 -0.770849
0.514235 0.343500 -0.772791
0.542352 0.294000 -0.772147
0.537375 0.244933 -0.798113
0.534164 0.322133 -0.816933
0.564775 0.363933 -0.811739
0.582210 0.287767 -0.821482
0.572245 0.292833 -0.851996
0.584704 0.383867 -0.857834
0.616374 0.364567 -0.848746
0.621350 0.295833 -0.868864
0.615656 0.358867 -0.893541
0.640573 0.426300 -0.887039
0.666549 0.364200 -0.886396
0.661572 0.335800 -0.915602
0.666549 0.428400 -0.928584
0.697160 0.447133 -0.915602
0.711042 0.365500 -0.928584
0.704983 0.394533 -0.958455
0.722065 0.482567 -0.955204
0.751606 0.438800 -0.944164
0.754806 0.381133 -0.970784
0.754806 0.472667 -0.988959
0.783629 0.514067 -0.970784
0.808546 0.429700 -0.972082
0.824204 0.482300 -1.000000
0.842709 0.569533 -0.975977
0.870473 0.524233 -0.950011
0.903920 0.513533 -0.944164
0.930260 0.516667 -0.918198
0.953742 0.521100 -0.884443
0.977224 0.514333 -0.857190
0.988612 0.525767 -0.818241
0.998588 0.491400 -0.782533
1.000000 0.474233 -0.748134
0.962283 0.507300 -0.738714
0.942354 0.415100 -0.735796
0.958013 0.374733 -0.710806
0.951601 0.458600 -0.690034
0.916025 0.457300 -0.695871
0.913178 0.356500 -0.687437
0.924566 0.369133 -0.656601
0.899649 0.443233 -0.649787
0.872603 0.386600 -0.658221
0.881144 0.309900 -0.638425
0.881861 0.366400 -0.611161
0.847697 0.404700 -0.616354
0.832028 0.312900 -0.618307
0.844133 0.278267 -0.590067
0.829898 0.357167 -0.572857
0.797158 0.343100 -0.586172
0.795017 0.243867 -0.578050
0.801428 0.254100 -0.546247
0.775805 0.326833 -0.541054
0.749112 0.268767 -0.551762
0.754100 0.192000 -0.531644
0.751253 0.243167 -0.504380
0.719218 0.281767 -0.511194
0.703913 0.191333 -0.515089
0.711748 0.156133 -0.485550
0.697160 0.231900 -0.469649
0.666549 0.217333 -0.481977
0.662279 0.118333 -0.472900
0.666549 0.133667 -0.442385
0.640573 0.197967 -0.438490
0.614597 0.137667 -0.449531
0.620644 0.062633 -0.429724
0.614244 0.115700 -0.403271
0.582210 0.141333 -0.411226
0.570822 0.046867 -0.414311
0.578292 0.016600 -0.384773
0.559434 0.088333 -0.370492
0.529540 0.063833 -0.383796
0.528470 -0.030867 -0.372444
0.529187 -0.006700 -0.341763
0.500000 0.047667 -0.341608
0.479718 -0.026033 -0.351506
0.484695 -0.088800 -0.328303
0.471895 -0.023567 -0.306720
0.440578 -0.013533 -0.318394
0.433096 -0.111467 -0.315642
0.436660 -0.116667 -0.284317
0.412461 -0.048833 -0.277504
0.386120 -0.093767 -0.291619
0.387191 -0.177100 -0.273931
0.381850 -0.135033 -0.246023
0.352139 -0.091667 -0.253564
0.335239 -0.176833 -0.260138
0.339498 -0.215900 -0.231493
0.322416 -0.147667 -0.215675
0.292887 -0.162500 -0.230039
0.289687 -0.257033 -0.221034
0.289152 -0.240633 -0.190603
0.261570 -0.179167 -0.190519
0.239147 -0.245067 -0.202121
0.241288 -0.310933 -0.178835
0.230606 -0.249733 -0.156359
0.200804 -0.225533 -0.168688
0.188790 -0.318233 -0.169062
0.189063 -0.334900 -0.137820
0.168861 -0.254433 -0.129926
0.140482 -0.286967 -0.145526
0.137282 -0.372900 -0.130030
0.133501 -0.332300 -0.102008
0.105737 -0.274467 -0.109455
0.086435 -0.350767 -0.116840
0.087015 -0.389833 -0.087924
0.073623 -0.310667 -0.072439
0.043445 -0.307800 -0.088008
0.032239 -0.394533 -0.080332
0.031886 -0.378633 -0.049620
0.010967 -0.297667 -0.049817
-0.015658 -0.345300 -0.063101
-0.019838 -0.411200 -0.040158
-0.025088 -0.344800 -0.017568
-0.053466 -0.301833 -0.030146
-0.072598 -0.383333 -0.030956
-0.071437 -0.403633 -0.000649
-0.085854 -0.316933 0.008844
-0.115303 -0.327100 -0.007141
-0.125268 -0.410933 0.006414
-0.126600 -0.371367 0.035214
-0.150184 -0.299467 0.029616
-0.174555 -0.360667 0.019968
-0.177220 -0.412233 0.047231
-0.183096 -0.334367 0.066456
-0.211030 -0.302600 0.052497
-0.228465 -0.385933 0.057212
-0.227053 -0.384633 0.087956
-0.243418 -0.293500 0.091861
-0.272605 -0.323967 0.078390
-0.279187 -0.395833 0.098342
-0.280782 -0.335933 0.124307
-0.306234 -0.274233 0.113921
-0.329181 -0.346600 0.110847
-0.330251 -0.372900 0.141029
-0.339498 -0.282033 0.152059
-0.369403 -0.278633 0.136158
-0.382920 -0.359900 0.150273
-0.380791 -0.323700 0.179656
-0.400355 -0.241133 0.175273
-0.429543 -0.290633 0.167317
-0.433813 -0.341933 0.192150
-0.436296 -0.261967 0.212268
-0.462989 -0.222667 0.198475
-0.484342 -0.297667 0.203513
-0.481848 -0.296367 0.234671
-0.494670 -0.203633 0.238556
-0.523493 -0.219800 0.226393
-0.534881 -0.287500 0.247322
-0.531681 -0.229700 0.273620
-0.553022 -0.160667 0.264854
-0.580080 -0.222400 0.263233
-0.580433 -0.251300 0.292439
-0.585057 -0.161200 0.305422
-0.614597 -0.144133 0.291463
-0.631679 -0.218500 0.303470
-0.627762 -0.191933 0.333662
-0.643420 -0.104933 0.331710
-0.674031 -0.144400 0.323276
-0.679007 -0.197667 0.349885
-0.678290 -0.120167 0.369360
-0.703913 -0.071233 0.357353
-0.727406 -0.144400 0.362868
-0.723136 -0.147667 0.394349
-0.733100 -0.051833 0.400518
-0.765841 -0.066400 0.390464
-0.773676 -0.142067 0.410261
-0.767982 -0.093867 0.435250
-0.790040 -0.018767 0.429735
-0.817087 -0.077100 0.427138
-0.814946 -0.119800 0.456022
-0.818510 -0.030067 0.470303
-0.849109 -0.006300 0.458297
-0.865485 -0.088667 0.469005
-0.856944 -0.070833 0.499842
-0.872603 0.022067 0.498543
-0.903920 -0.017200 0.488157
-0.905343 -0.082933 0.514445
-0.902496 0.000767 0.534895
-0.931672 0.048167 0.518018
-0.956589 -0.034767 0.524177
-0.953742 -0.010467 0.558586
-0.966554 0.104633 0.548854
-0.988612 0.174033 0.537814
-1.000000 0.281900 0.518018
-0.987906 0.395300 0.503736
-0.985765 0.484633 0.481011
-0.963707 0.555200 0.454402
-0.960142 0.629700 0.429413
-0.933107 0.705200 0.408962
-0.918872 0.768767 0.381698
-0.901073 0.794267 0.346645
-0.901073 0.867200 0.320025
-0.876873 0.883867 0.287246
-0.869756 0.939067 0.258362
-0.835592 0.944267 0.233363
-0.808546 0.951033 0.206265
-0.773676 0.917200 0.193448
-0.741641 0.862500 0.180466
-0.716018 0.947400 0.177869
-0.677584 0.926567 0.195391
-0.648408 0.984900 0.198641
-0.622421 0.972900 0.229146
-0.583633 0.955200 0.241318
-0.542352 0.946367 0.236447
-0.504988 0.964067 0.229146
-0.470107 0.952100 0.207241
-0.450895 0.968233 0.172510
-0.431672 1.000000 0.146056
-0.416731 0.976567 0.111169
-0.412461 0.955200 0.074817
-0.403567 0.959367 0.045445
-0.371885 0.893233 0.036762
-0.345909 0.868233 0.021100
-0.325628 0.774467 0.021993
-0.293593 0.736967 0.018669
-0.281146 0.635667 0.011845
-0.249112 0.586967 0.014847
-0.232565 0.499733 -0.000732
-0.206054 0.427867 -0.000078
-0.183631 0.379033 -0.030302
-0.154626 0.381233 -0.057451
-0.138614 0.419800 -0.088423
-0.145903 0.507567 -0.115988
-0.140573 0.575267 -0.140375
-0.166731 0.646600 -0.160940
-0.178654 0.721367 -0.179157
-0.211919 0.757800 -0.194248
-0.251241 0.744800 -0.206016
-0.286305 0.728633 -0.214699
-0.312816 0.632300 -0.215426
-0.340568 0.558067 -0.209827
-0.358721 0.465367 -0.207719
-0.360862 0.343867 -0.196606
-0.379356 0.264467 -0.189304
-0.370462 0.144400 -0.183862
-0.365485 0.091833 -0.147801
