0.420381 -0.278939 -0.418115
0.388982 -0.309323 -0.400400
0.361483 -0.318430 -0.435167
0.391363 -0.348111 -0.456207
0.391914 -0.389633 -0.433955
0.356527 -0.410582 -0.454262
0.377301 -0.414831 -0.494088
0.415009 -0.444200 -0.476613
0.388283 -0.486768 -0.462929
0.368864 -0.529556 -0.453360
0.335694 -0.558456 -0.436153
0.367643 -0.594745 -0.421849
0.404860 -0.565392 -0.400555
0.414875 -0.516684 -0.398568
0.447077 -0.506077 -0.433504
0.465306 -0.500968 -0.471357
0.476139 -0.519855 -0.508730
0.488653 -0.563814 -0.536690
0.467493 -0.568423 -0.573303
0.429919 -0.554675 -0.593779
0.383149 -0.559565 -0.611522
0.341394 -0.558034 -0.635959
0.294415 -0.559362 -0.642075
0.252898 -0.543990 -0.656449
0.253374 -0.508326 -0.623515
0.296484 -0.489174 -0.609887
0.319668 -0.516949 -0.579363
0.354757 -0.539476 -0.549810
0.395232 -0.575812 -0.541510
0.424235 -0.610179 -0.537705
0.436229 -0.654544 -0.547231
0.428074 -0.669744 -0.505954
0.383209 -0.659309 -0.504418
0.370233 -0.687178 -0.537240
0.381795 -0.728388 -0.517256
0.353194 -0.725326 -0.481546
0.310948 -0.720842 -0.508660
0.301662 -0.762693 -0.528728
0.267853 -0.796357 -0.549331
0.244699 -0.837083 -0.561719
0.215250 -0.866045 -0.585451
0.196158 -0.905739 -0.600318
0.176590 -0.935436 -0.628123
0.140846 -0.944028 -0.655970
0.120564 -0.966070 -0.687524
0.099998 -0.974584 -0.726349
0.068987 -0.982426 -0.757268
0.053050 -1.000000 -0.792711
0.042291 -0.986269 -0.840640
0.027812 -0.997610 -0.882087
0.005610 -0.969944 -0.917910
-0.015684 -0.940888 -0.950422
-0.036636 -0.893320 -0.972477
-0.074776 -0.850876 -0.964839
-0.106427 -0.812869 -0.960005
-0.132677 -0.777814 -0.925887
-0.159462 -0.737964 -0.908356
-0.172855 -0.716734 -0.865190
-0.184268 -0.677742 -0.826985
-0.182765 -0.653373 -0.784143
-0.167006 -0.641610 -0.738328
-0.157126 -0.608289 -0.698065
-0.165057 -0.602493 -0.653828
-0.139819 -0.599525 -0.612354
-0.115564 -0.569375 -0.573303
-0.137319 -0.535711 -0.536141
-0.158108 -0.557581 -0.493863
-0.141278 -0.545490 -0.445243
-0.164908 -0.521074 -0.402260
-0.195265 -0.523620 -0.366197
-0.184953 -0.540007 -0.319720
-0.170816 -0.522292 -0.271467
-0.177527 -0.516246 -0.227131
-0.158346 -0.507904 -0.182683
-0.131724 -0.502000 -0.142364
-0.103451 -0.468288 -0.108767
-0.090088 -0.443887 -0.069815
-0.050297 -0.425298 -0.046943
-0.019032 -0.386681 -0.020646
0.013928 -0.358015 0.001705
0.064344 -0.346034 0.010950
0.114492 -0.332287 0.014389
0.165801 -0.325460 0.009696
0.212661 -0.328022 -0.005552
0.253836 -0.345190 -0.022605
0.282302 -0.369419 -0.062966
0.299475 -0.380698 -0.105455
0.303448 -0.408254 -0.143308
0.289028 -0.442575 -0.170972
0.286707 -0.463274 -0.209670
0.263567 -0.488752 -0.240195
0.245026 -0.523604 -0.260982
0.225994 -0.540913 -0.296213
0.190860 -0.558472 -0.318184
0.172364 -0.582435 -0.351485
0.135549 -0.604196 -0.372905
0.158271 -0.653966 -0.386406
0.184476 -0.691427 -0.371341
0.231291 -0.694254 -0.376809
0.271097 -0.717843 -0.370637
0.316826 -0.714719 -0.359137
0.358953 -0.733105 -0.353542
0.404399 -0.734292 -0.348511
0.445901 -0.748899 -0.358122
0.477850 -0.780220 -0.367522
0.520082 -0.794295 -0.374287
0.555929 -0.814759 -0.393847
0.588950 -0.844940 -0.407644
0.630333 -0.854188 -0.424330
0.661523 -0.861358 -0.454262
0.663725 -0.881182 -0.497527
0.680124 -0.894773 -0.534013
0.646464 -0.885759 -0.574811
0.617654 -0.872450 -0.606054
0.578771 -0.861311 -0.628532
0.543415 -0.880229 -0.646416
0.497865 -0.876449 -0.650756
0.453237 -0.867310 -0.643287
0.409592 -0.859312 -0.652955
0.367718 -0.844347 -0.650418
0.323195 -0.852251 -0.650023
0.280799 -0.851204 -0.661142
0.260175 -0.818633 -0.630477
0.268746 -0.771206 -0.613100
0.262065 -0.730153 -0.580532
0.252020 -0.677992 -0.566355
0.245993 -0.636533 -0.536676
0.244356 -0.593323 -0.518891
0.244356 -0.562846 -0.483406
0.218866 -0.524292 -0.503840
0.182393 -0.552364 -0.529912
0.174491 -0.599900 -0.539931
0.192557 -0.620849 -0.576474
0.198955 -0.660137 -0.605871
0.231113 -0.695348 -0.630928
0.251083 -0.722498 -0.662960
0.287570 -0.745837 -0.684719
0.319415 -0.764458 -0.713341
0.362271 -0.779329 -0.721529
0.380545 -0.741135 -0.695486
0.366304 -0.718171 -0.660522
0.397747 -0.684319 -0.649361
0.414413 -0.675571 -0.690032
0.380143 -0.645187 -0.703406
0.394786 -0.603118 -0.682662
0.416512 -0.563111 -0.671641
0.446898 -0.530103 -0.654547
0.460380 -0.489112 -0.629814
0.493103 -0.455572 -0.635113
0.470276 -0.420408 -0.614975
0.472642 -0.437842 -0.574670
0.517433 -0.436280 -0.572077
0.520156 -0.388149 -0.579856
0.496198 -0.377511 -0.542990
0.522641 -0.398116 -0.513677
0.559902 -0.373293 -0.522006
0.540557 -0.330209 -0.512775
0.526793 -0.339691 -0.472512
0.567209 -0.351798 -0.456489
0.587134 -0.309682 -0.466213
0.559352 -0.282563 -0.441029
0.570929 -0.308323 -0.403543
0.621077 -0.306261 -0.405051
0.635303 -0.253882 -0.401091
0.677832 -0.254319 -0.382333
0.720317 -0.247165 -0.394735
0.768798 -0.251382 -0.383433
0.813991 -0.250461 -0.378965
0.860984 -0.266207 -0.388097
0.884749 -0.236011 -0.352936
0.877517 -0.260146 -0.314407
0.892978 -0.285594 -0.278753
0.846833 -0.270644 -0.255725
0.805836 -0.263786 -0.274595
0.780003 -0.248383 -0.306642
0.756417 -0.212547 -0.328006
0.740301 -0.187053 -0.360264
0.738367 -0.166011 -0.400372
0.742950 -0.126785 -0.432193
0.773426 -0.156325 -0.465832
0.797027 -0.164917 -0.508773
0.826699 -0.179945 -0.541792
0.836967 -0.195707 -0.581899
0.884124 -0.204924 -0.574092
0.878186 -0.233808 -0.536817
0.841401 -0.253070 -0.516312
0.827488 -0.222623 -0.476317
0.813306 -0.208298 -0.433152
0.803545 -0.165761 -0.403247
0.810434 -0.130534 -0.373610
0.833574 -0.092074 -0.361068
0.871936 -0.114287 -0.348342
0.881460 -0.135377 -0.387210
0.884972 -0.095292 -0.409800
0.919704 -0.074327 -0.389380
0.950090 -0.113678 -0.391733
0.939346 -0.134830 -0.436816
0.917903 -0.087137 -0.457391
0.930016 -0.043381 -0.471892
0.932694 -0.003109 -0.499387
0.983304 -0.020667 -0.512197
1.000000 -0.043662 -0.548077
0.978512 -0.082232 -0.565087
0.935060 -0.073109 -0.545709
0.914004 -0.038132 -0.568723
0.894644 -0.072265 -0.597838
0.859585 -0.090918 -0.574092
0.814884 -0.107586 -0.562156
0.775152 -0.100634 -0.534872
0.733188 -0.126816 -0.515495
0.704484 -0.155216 -0.496625
0.693293 -0.200784 -0.489240
0.659990 -0.201300 -0.520174
0.690213 -0.196488 -0.555307
0.720957 -0.232902 -0.552530
0.688234 -0.268238 -0.563494
0.677222 -0.257069 -0.604349
0.718888 -0.271862 -0.620076
0.719260 -0.321227 -0.610465
0.673978 -0.328694 -0.638552
0.685898 -0.325179 -0.679378
0.674916 -0.353095 -0.707747
0.655288 -0.356500 -0.742739
0.617967 -0.375590 -0.750927
0.597238 -0.415003 -0.757057
0.571688 -0.436967 -0.783269
0.544084 -0.472537 -0.790428
0.537641 -0.519933 -0.804267
0.520215 -0.563783 -0.810736
0.510111 -0.611507 -0.803830
0.519561 -0.623707 -0.848349
0.556941 -0.583935 -0.852732
0.597298 -0.566689 -0.836652
0.602952 -0.534789 -0.872546
0.561688 -0.505733 -0.865979
0.531450 -0.467632 -0.861117
0.498891 -0.436248 -0.858143
0.468207 -0.408879 -0.891064
0.419384 -0.426532 -0.877493
0.367554 -0.435155 -0.876210
0.326617 -0.457978 -0.870418
0.280234 -0.455931 -0.867318
0.271737 -0.501875 -0.855917
0.304549 -0.503983 -0.820981
0.329861 -0.471163 -0.799870
0.381051 -0.472319 -0.818712
0.421928 -0.482035 -0.835398
0.452955 -0.488049 -0.876436
0.478520 -0.502874 -0.913683
0.486377 -0.525635 -0.951338
0.474532 -0.571000 -0.940360
0.430380 -0.562174 -0.931538
0.422151 -0.550426 -0.974295
0.440351 -0.586715 -1.000000
0.435752 -0.629300 -0.969165
0.395441 -0.620036 -0.940501
0.354757 -0.600400 -0.924337
0.358343 -0.556019 -0.953367
0.344623 -0.554816 -0.995321
0.299951 -0.535336 -0.979312
0.311945 -0.490736 -0.956679
0.320308 -0.447793 -0.938669
0.356557 -0.408317 -0.936696
0.388134 -0.372965 -0.913387
0.417762 -0.349939 -0.889880
0.433952 -0.342097 -0.850378
0.430485 -0.293373 -0.851323
0.383804 -0.292623 -0.852957
0.374622 -0.318915 -0.817416
0.396170 -0.290483 -0.789329
0.368462 -0.252882 -0.795037
0.328656 -0.274034 -0.786327
0.337941 -0.289624 -0.746051
0.346423 -0.246555 -0.729731
0.305070 -0.228700 -0.736848
0.280532 -0.261630 -0.714892
0.300487 -0.255413 -0.676701
0.290799 -0.208892 -0.673022
0.244818 -0.214750 -0.674516
0.241068 -0.243837 -0.640032
0.259565 -0.212453 -0.611649
0.226767 -0.180632 -0.614524
0.192527 -0.208782 -0.600727
0.211857 -0.217421 -0.561578
0.215041 -0.171853 -0.548246
0.170221 -0.163355 -0.548162
0.159373 -0.197879 -0.519384
0.185592 -0.180757 -0.487112
0.161382 -0.139423 -0.484266
0.121040 -0.157809 -0.474767
0.134358 -0.179992 -0.437985
0.146129 -0.139173 -0.417199
0.105177 -0.118318 -0.418833
0.082945 -0.153498 -0.397539
0.105772 -0.148452 -0.360109
0.090118 -0.104196 -0.353246
0.045922 -0.114459 -0.351907
0.047574 -0.143781 -0.317634
0.063094 -0.110882 -0.289660
0.027247 -0.081529 -0.293254
-0.004152 -0.112304 -0.278809
0.012009 -0.115990 -0.239209
0.006235 -0.069657 -0.229301
-0.038660 -0.066298 -0.236136
-0.050803 -0.097229 -0.205682
-0.034211 -0.071937 -0.172395
-0.058824 -0.031806 -0.178512
-0.100698 -0.051379 -0.178610
-0.100043 -0.067766 -0.138080
-0.097275 -0.024557 -0.118998
-0.135668 -0.006202 -0.136064
-0.163539 -0.040069 -0.119999
-0.154700 -0.032196 -0.078256
-0.166917 0.013731 -0.077214
-0.210800 0.005561 -0.089037
-0.222125 -0.022183 -0.055680
-0.213509 0.009232 -0.024902
-0.242020 0.043881 -0.037909
-0.280532 0.017496 -0.033061
-0.275740 0.008811 0.009372
-0.272838 0.053785 0.023070
-0.314742 0.067438 0.011133
-0.335843 0.037023 0.039262
-0.318120 0.054472 0.075396
-0.333358 0.099713 0.070026
-0.377375 0.087700 0.071675
-0.375753 0.068469 0.111755
-0.361870 0.108617 0.132400
-0.398089 0.134533 0.121718
-0.428863 0.105071 0.140546
-0.413521 0.108351 0.180851
-0.421526 0.155107 0.186291
-0.467255 0.152560 0.180513
-0.475841 0.122348 0.213884
-0.459651 0.150483 0.245268
-0.489591 0.185944 0.239490
-0.526108 0.159371 0.252484
-0.512344 0.150373 0.292324
-0.508489 0.195973 0.305444
-0.552611 0.208173 0.299821
-0.569322 0.176321 0.328598
-0.545557 0.191802 0.362702
-0.561673 0.236714 0.363463
-0.605824 0.225138 0.367607
-0.604083 0.200441 0.404205
-0.585319 0.234808 0.428233
-0.617952 0.267176 0.424315
-0.652416 0.243384 0.442171
-0.631776 0.236136 0.480954
-0.622387 0.281954 0.491636
-0.665541 0.297435 0.490579
-0.680034 0.267442 0.522316
-0.653205 0.283516 0.553489
-0.667416 0.328725 0.553559
-0.711403 0.320508 0.562240
-0.705882 0.296966 0.599572
-0.682936 0.331084 0.621387
-0.715079 0.364873 0.620978
-0.750004 0.338863 0.637720
-0.729572 0.328725 0.674742
-0.723367 0.373153 0.689130
-0.767935 0.385010 0.689215
-0.782131 0.350127 0.716259
-0.755837 0.361749 0.749771
-0.770554 0.407161 0.755267
-0.813634 0.394086 0.763807
-0.805925 0.365608 0.797883
-0.786759 0.399022 0.822884
-0.822830 0.428578 0.823363
-0.852398 0.397991 0.841148
-0.829065 0.390633 0.878028
-0.832101 0.436842 0.891557
-0.877933 0.441075 0.892473
-0.886281 0.409145 0.924407
-0.869213 0.440326 0.957229
-0.901921 0.471053 0.967981
-0.929822 0.495970 1.000000
-0.960045 0.520605 0.971674
-0.997723 0.526072 0.947829
-0.983616 0.564408 0.923392
-0.947218 0.544022 0.903508
-0.969003 0.507123 0.885413
-1.000000 0.532462 0.861596
-0.971682 0.555050 0.833411
-0.951846 0.507592 0.815090
-0.976072 0.468132 0.805691
-0.992872 0.480020 0.766203
-0.950209 0.482488 0.747967
-0.937516 0.436811 0.756930
-0.968944 0.414331 0.734889
-0.954629 0.431952 0.697008
-0.911296 0.414987 0.698037
-0.921891 0.368701 0.699362
-0.944703 0.365842 0.662368
-0.911326 0.382385 0.636875
-0.881386 0.346674 0.647346
-0.907799 0.309901 0.634225
-0.912472 0.321461 0.592680
-0.868350 0.315822 0.583111
-0.869764 0.265645 0.585563
-0.888216 0.243712 0.550529
-0.878975 0.217406 0.516270
-0.826595 0.222561 0.511521
-0.794839 0.227169 0.542468
-0.785241 0.174118 0.543328
-0.767905 0.165792 0.499486
-0.742400 0.162011 0.464945
-0.725822 0.177336 0.423780
-0.691805 0.132580 0.422117
-0.656880 0.097760 0.411153
-0.618919 0.068813 0.401654
-0.623250 0.059315 0.357629
-0.616509 0.052348 0.312307
-0.630511 0.057628 0.268817
-0.590705 0.027806 0.247988
-0.573994 0.004093 0.206373
-0.546257 -0.026479 0.177046
-0.536421 -0.041522 0.134289
-0.504412 -0.075218 0.110359
-0.519189 -0.102806 0.077524
-0.505975 -0.075608 0.043969
-0.460737 -0.074656 0.053298
-0.453327 -0.121364 0.050240
-0.465663 -0.124301 0.008737
-0.432657 -0.095510 -0.006130
-0.397211 -0.121958 0.007413
-0.407107 -0.161840 -0.016164
-0.403967 -0.134439 -0.056201
-0.358447 -0.126832 -0.061712
-0.336587 -0.131237 -0.108598
-0.328909 -0.137033 -0.150580
-0.337287 -0.123692 -0.191829
-0.341721 -0.129487 -0.233121
-0.348953 -0.100619 -0.266534
-0.381721 -0.085794 -0.287715
-0.393908 -0.043162 -0.296171
-0.423937 -0.010435 -0.283107
-0.393075 0.011310 -0.318071
-0.371914 0.026557 -0.356417
-0.344935 0.063142 -0.334672
-0.312347 0.084747 -0.311039
-0.290903 0.114084 -0.282515
-0.265919 0.149420 -0.266971
-0.226410 0.173978 -0.260446
-0.182334 0.192723 -0.243098
-0.148063 0.221764 -0.229809
-0.102156 0.237557 -0.223608
-0.080505 0.273175 -0.202878
-0.036755 0.258006 -0.213532
-0.047038 0.268894 -0.259544
-0.057023 0.317930 -0.256782
-0.045029 0.366061 -0.282882
-0.019836 0.410957 -0.293409
0.002128 0.441232 -0.330599
-0.017455 0.480536 -0.344833
-0.049821 0.455947 -0.376175
-0.053511 0.407583 -0.352866
-0.073407 0.357016 -0.344255
-0.076487 0.312275 -0.320354
-0.101382 0.264223 -0.317366
-0.119537 0.220952 -0.290478
-0.142915 0.169072 -0.291182
-0.172974 0.126425 -0.275906
-0.194298 0.088543 -0.257740
-0.203955 0.057456 -0.226722
-0.196679 0.011685 -0.211460
-0.245636 -0.000203 -0.226328
-0.252883 -0.003952 -0.269423
-0.276930 -0.029837 -0.303062
-0.274222 0.008248 -0.335997
-0.257303 0.031821 -0.370284
-0.238821 0.064923 -0.399935
-0.229253 0.094151 -0.435885
-0.229714 0.143719 -0.407052
-0.230220 0.200112 -0.404642
-0.240651 0.249367 -0.386871
-0.228315 0.300106 -0.384743
-0.235741 0.348736 -0.361688
-0.243226 0.404068 -0.361716
-0.244104 0.454776 -0.347327
-0.235815 0.500266 -0.323088
-0.252466 0.504421 -0.280331
-0.301216 0.522604 -0.288420
-0.331319 0.492252 -0.311349
-0.326855 0.470210 -0.350738
-0.315486 0.433311 -0.377556
-0.299549 0.392414 -0.394044
-0.262928 0.366014 -0.419933
-0.234133 0.339582 -0.443115
-0.186575 0.318040 -0.443129
-0.202006 0.262677 -0.443171
-0.198554 0.212782 -0.466326
-0.178465 0.163917 -0.444116
-0.145935 0.135877 -0.418805
-0.126605 0.165011 -0.389986
-0.110088 0.186319 -0.349244
-0.089642 0.229387 -0.376062
-0.086398 0.286031 -0.381995
-0.080103 0.331412 -0.404910
-0.086546 0.383697 -0.407136
-0.079418 0.425954 -0.434082
-0.096338 0.472990 -0.428938
-0.104106 0.502296 -0.395256
-0.100609 0.536945 -0.365267
-0.086948 0.564111 -0.331699
-0.112424 0.566564 -0.296974
-0.142706 0.521152 -0.294466
-0.180221 0.488253 -0.292521
-0.198940 0.435748 -0.290421
-0.224253 0.391711 -0.297848
-0.225592 0.337364 -0.295114
-0.242764 0.288546 -0.317451
-0.257303 0.234839 -0.322440
-0.270294 0.189865 -0.349920
-0.287972 0.146780 -0.369608
-0.294326 0.108601 -0.406756
-0.325709 0.078186 -0.437915
-0.364370 0.059909 -0.454417
-0.391988 0.076718 -0.418340
-0.364280 0.121005 -0.395665
-0.357093 0.151420 -0.354881
-0.347673 0.175415 -0.317747
-0.331989 0.208579 -0.292084
-0.300948 0.236542 -0.271396
-0.273716 0.258022 -0.243225
-0.253419 0.295357 -0.229005
-0.231738 0.338426 -0.228780
-0.194179 0.371466 -0.240702
-0.162021 0.408676 -0.237250
-0.133555 0.444684 -0.261630
-0.089567 0.472569 -0.271114
-0.059017 0.503421 -0.290196
-0.032336 0.541710 -0.290900
-0.021012 0.589059 -0.291492
0.015015 0.576343 -0.326160
0.045892 0.569188 -0.361941
0.071963 0.536789 -0.389225
0.107052 0.548333 -0.428078
0.124046 0.551333 -0.475641
0.130578 0.540069 -0.516679
0.126293 0.519793 -0.558928
0.139924 0.494579 -0.593300
0.101368 0.503437 -0.617723
0.113019 0.553941 -0.623022
0.156337 0.557347 -0.643710
0.192661 0.564361 -0.669246
0.237690 0.558612 -0.678772
0.250725 0.597307 -0.651616
0.244639 0.575062 -0.612452
0.260279 0.567298 -0.566510
0.261707 0.536023 -0.528361
0.268925 0.536148 -0.477191
0.250919 0.518996 -0.441227
0.211723 0.501547 -0.457447
0.197289 0.545068 -0.474598
0.215146 0.589980 -0.458561
0.243493 0.600572 -0.496780
0.251365 0.635361 -0.534083
0.267660 0.637735 -0.582463
0.292511 0.646983 -0.625798
0.309475 0.652295 -0.671345
0.287704 0.696926 -0.685297
0.267823 0.740354 -0.697530
0.223732 0.726201 -0.687397
0.184744 0.710298 -0.669372
0.162810 0.676102 -0.635790
0.132438 0.644890 -0.614820
0.112201 0.624863 -0.572288
0.089716 0.594370 -0.538776
0.065698 0.566517 -0.511211
0.037738 0.529275 -0.496470
0.003289 0.562205 -0.478798
-0.043854 0.579795 -0.473738
-0.082737 0.616365 -0.467115
-0.132721 0.625457 -0.449569
-0.121189 0.635595 -0.399343
-0.099284 0.671666 -0.371834
-0.050520 0.679180 -0.357206
-0.001845 0.690224 -0.374568
0.051130 0.685803 -0.368931
0.098942 0.702424 -0.388069
0.149164 0.703768 -0.403050
0.194744 0.726169 -0.419087
0.241559 0.729637 -0.431024
0.283195 0.746181 -0.447540
0.324727 0.730356 -0.463958
0.317927 0.761052 -0.506969
0.331691 0.810541 -0.530109
0.340843 0.841441 -0.568751
0.303210 0.869076 -0.585310
0.292243 0.830162 -0.622585
0.244981 0.831209 -0.609338
0.204714 0.822039 -0.587269
0.173703 0.798872 -0.562677
0.131501 0.769488 -0.547429
0.088853 0.763458 -0.518017
0.045773 0.726857 -0.515368
0.009524 0.706377 -0.546879
-0.014613 0.664526 -0.573655
-0.021592 0.629003 -0.603517
-0.006890 0.595104 -0.630181
-0.006771 0.628144 -0.667273
0.030937 0.654357 -0.670824
0.071651 0.667416 -0.684959
0.120906 0.658793 -0.687355
0.137349 0.700378 -0.714553
0.124462 0.738510 -0.678800
0.106114 0.763161 -0.646740
0.073838 0.773815 -0.618385
0.039255 0.798810 -0.644908
0.030267 0.789843 -0.687961
-0.013274 0.767941 -0.673643
-0.051800 0.746602 -0.652179
-0.024404 0.717187 -0.619541
-0.003958 0.760474 -0.593188
0.016116 0.782079 -0.551868
0.054984 0.820414 -0.543088
0.103615 0.834942 -0.538381
0.142215 0.866295 -0.548613
0.194327 0.879042 -0.539466
0.232556 0.908661 -0.526797
0.255889 0.940247 -0.499500
0.211812 0.970381 -0.492989
0.167825 0.941669 -0.511901
0.117201 0.932280 -0.523499
0.077097 0.903115 -0.545540
0.041726 0.885463 -0.570329
0.021279 0.842784 -0.598162
-0.013408 0.837192 -0.638044
-0.008973 0.841691 -0.680492
0.021473 0.879323 -0.680337
0.017470 0.905755 -0.639242
0.027410 0.946074 -0.607703
0.028928 0.962008 -0.557942
0.051904 0.979239 -0.523274
0.088496 1.000000 -0.509322
0.127439 0.991064 -0.477360
0.161545 0.989034 -0.447019
0.188658 0.942263 -0.452191
0.222973 0.904083 -0.460364
0.263434 0.872372 -0.464930
0.298165 0.834771 -0.446737
0.317317 0.805261 -0.420200
0.278448 0.796732 -0.390620
0.233568 0.797138 -0.400372
0.182750 0.793811 -0.396116
0.138361 0.774299 -0.409321
0.088972 0.775455 -0.406770
0.042931 0.749727 -0.408644
-0.008065 0.756772 -0.408419
-0.051964 0.729325 -0.406939
-0.101308 0.737932 -0.408433
-0.143495 0.714297 -0.414056
-0.168896 0.745368 -0.390155
-0.153123 0.786234 -0.416945
-0.123391 0.787531 -0.451740
-0.072335 0.794029 -0.441861
-0.025699 0.817743 -0.446779
0.023214 0.822961 -0.426049
0.069508 0.845659 -0.415183
0.120445 0.843612 -0.400781
0.162498 0.862889 -0.377796
0.165965 0.857094 -0.335729
0.120668 0.871059 -0.326963
0.103495 0.899163 -0.363055
0.074642 0.916128 -0.392241
0.059463 0.925766 -0.433983
0.019018 0.951058 -0.430389
-0.020327 0.924907 -0.433264
-0.039836 0.894382 -0.457433
-0.036502 0.872981 -0.497344
-0.082901 0.844940 -0.491988
-0.130712 0.830381 -0.502741
-0.148167 0.787765 -0.514621
-0.131650 0.742634 -0.506616
-0.145638 0.695285 -0.531180
-0.125236 0.645140 -0.522161
-0.079478 0.629800 -0.532152
-0.030431 0.633908 -0.513916
0.019509 0.642984 -0.514804
0.061651 0.655044 -0.515114
0.095862 0.691005 -0.537733
0.135563 0.701034 -0.570625
0.174730 0.728544 -0.591440
0.222675 0.717952 -0.614270
0.274728 0.715359 -0.619964
0.319579 0.717624 -0.608534
0.313805 0.752476 -0.575121
0.285770 0.716546 -0.548176
0.271261 0.700409 -0.501910
0.239044 0.670338 -0.471977
0.210860 0.656934 -0.432870
0.176292 0.634346 -0.407897
0.138510 0.637892 -0.374202
0.107736 0.605914 -0.345721
0.083540 0.613522 -0.308107
0.059910 0.657653 -0.297989
0.033898 0.694942 -0.284643
0.018125 0.738604 -0.278414
0.023824 0.782579 -0.261094
0.009598 0.818868 -0.234868
-0.002440 0.850048 -0.266041
-0.043154 0.825960 -0.273736
-0.064731 0.828537 -0.234586
-0.068987 0.877183 -0.230964
-0.100088 0.880307 -0.265745
-0.136263 0.853329 -0.249736
-0.149760 0.887072 -0.215998
-0.162319 0.927610 -0.248369
-0.200756 0.905599 -0.274342
