-0.654509 -0.688417 -0.369150
-0.689029 -0.717277 -0.317045
-0.712486 -0.636333 -0.265108
-0.759292 -0.593140 -0.241091
-0.775027 -0.591925 -0.185644
-0.818547 -0.582742 -0.154384
-0.836656 -0.560684 -0.101260
-0.875575 -0.572782 -0.063470
-0.901533 -0.567632 -0.015316
-0.936418 -0.596832 0.029072
-0.971595 -0.593285 0.071849
-0.991183 -0.594743 0.124701
-1.000000 -0.686911 0.168852
-0.994560 -0.638471 0.223638
-0.988134 -0.581333 0.271350
-0.924991 -0.515645 0.284767
-0.901570 -0.370615 0.262496
-0.910515 -0.230055 0.286446
-0.851880 -0.213828 0.309904
-0.815352 -0.180449 0.268229
-0.831344 -0.048538 0.241040
-0.807503 0.061024 0.282731
-0.749142 0.076183 0.285310
-0.707284 0.181129 0.301457
-0.646386 0.236663 0.294706
-0.589741 0.292003 0.304273
-0.533059 0.329706 0.281765
-0.473932 0.370567 0.293417
-0.422307 0.414488 0.264583
-0.397590 0.542124 0.279085
-0.452282 0.618988 0.272419
-0.493538 0.533039 0.244093
-0.551296 0.506948 0.234255
-0.596020 0.383636 0.228811
-0.644797 0.303518 0.213240
-0.676031 0.154990 0.222043
-0.710296 0.021232 0.213427
-0.726835 -0.119716 0.212324
-0.728733 -0.140268 0.160880
-0.673676 -0.126615 0.151941
-0.656042 -0.237975 0.185101
-0.682475 -0.359003 0.164510
-0.646495 -0.391556 0.125278
-0.601168 -0.415460 0.168699
-0.586637 -0.495239 0.212697
-0.527693 -0.476533 0.208864
-0.521230 -0.333058 0.229862
-0.521522 -0.219221 0.262853
-0.574407 -0.171072 0.252642
-0.600109 -0.293946 0.271893
-0.581654 -0.283549 0.321081
-0.612012 -0.167136 0.337229
-0.660624 -0.239870 0.342283
-0.643720 -0.340492 0.378768
-0.626999 -0.237003 0.416609
-0.675794 -0.191964 0.438184
-0.674480 -0.322126 0.469936
-0.623731 -0.285638 0.495972
-0.582402 -0.217666 0.522025
-0.531873 -0.156253 0.520617
-0.503195 -0.273394 0.501891
-0.523603 -0.258964 0.452516
-0.504545 -0.121125 0.442797
-0.448704 -0.144835 0.453161
-0.441146 -0.238704 0.410893
-0.452975 -0.118745 0.371084
-0.434867 0.027548 0.400088
-0.418857 0.153289 0.429041
-0.483187 0.210961 0.433010
-0.540672 0.269750 0.458436
-0.596860 0.333301 0.458063
-0.650475 0.332524 0.476313
-0.668948 0.461714 0.453110
-0.655586 0.397678 0.399749
-0.627510 0.283257 0.381668
-0.564987 0.285104 0.379667
-0.512742 0.243271 0.355174
-0.450347 0.233699 0.354106
-0.394998 0.261831 0.321675
-0.338025 0.263969 0.305409
-0.344359 0.291565 0.244466
-0.359401 0.331358 0.194684
-0.396459 0.399670 0.161643
-0.378916 0.333350 0.116305
-0.393921 0.194976 0.130230
-0.448174 0.217229 0.141255
-0.465535 0.243902 0.093458
-0.454509 0.101594 0.077378
-0.487641 0.026382 0.111030
-0.536528 0.080604 0.091931
-0.539869 0.012681 0.045474
-0.565060 -0.110096 0.059501
-0.618072 -0.050189 0.064657
-0.621541 0.003595 0.011466
-0.588481 -0.113789 -0.020269
-0.547919 -0.223205 -0.008786
-0.496440 -0.109513 -0.010516
-0.436053 -0.045477 -0.015825
-0.393355 0.077495 -0.011839
-0.350018 0.175250 -0.010991
-0.322691 0.303858 -0.006785
-0.281654 0.400301 -0.010737
-0.244067 0.364396 0.034822
-0.240398 0.215820 0.048680
-0.221559 0.081090 0.058483
-0.230887 -0.066271 0.057550
-0.217744 -0.088330 0.107858
-0.256225 0.000583 0.128127
-0.299890 -0.073705 0.105348
-0.292132 -0.200807 0.129332
-0.301424 -0.146001 0.176943
-0.354984 -0.113643 0.165833
-0.373403 -0.249441 0.155571
-0.358434 -0.309251 0.201113
-0.391055 -0.222962 0.231202
-0.441037 -0.257847 0.204284
-0.446988 -0.376397 0.172092
-0.429664 -0.374162 0.119392
-0.415863 -0.441016 0.074444
-0.395400 -0.449810 0.025578
-0.443227 -0.451948 -0.001442
-0.448120 -0.294578 -0.002154
-0.409675 -0.263628 -0.038723
-0.391055 -0.237003 -0.086656
-0.351734 -0.242445 -0.124311
-0.326323 -0.114226 -0.110538
-0.310935 -0.173841 -0.060807
-0.282840 -0.294772 -0.074274
-0.240927 -0.222233 -0.099055
-0.223202 -0.140705 -0.058076
-0.211683 -0.260470 -0.027749
-0.173969 -0.326499 -0.059077
-0.137149 -0.217034 -0.061757
-0.126652 -0.210475 -0.009956
-0.108306 -0.350015 -0.004766
-0.066028 -0.344476 -0.038604
-0.038682 -0.234234 -0.014977
-0.030960 -0.307939 0.031192
-0.004929 -0.430668 0.011907
0.038573 -0.351764 -0.007293
0.054892 -0.294140 0.037366
0.062359 -0.418715 0.064640
0.100895 -0.477213 0.033177
0.138262 -0.363133 0.037519
0.144487 -0.370761 0.087928
0.163600 -0.508697 0.088726
0.209474 -0.482606 0.059993
0.231234 -0.383393 0.094102
0.231234 -0.476387 0.136286
0.264093 -0.583520 0.116102
0.308397 -0.485959 0.109775
0.309200 -0.455106 0.165188
0.306115 -0.587941 0.194108
0.327875 -0.694490 0.229710
0.360040 -0.809882 0.239005
0.384392 -0.877369 0.281188
0.409949 -1.000000 0.247112
0.463782 -0.955349 0.223044
0.518072 -0.944466 0.208389
0.559401 -0.858128 0.190308
0.539869 -0.854242 0.140916
0.491110 -0.782043 0.148820
0.515590 -0.660529 0.169005
0.544469 -0.626275 0.126278
0.502118 -0.621222 0.092881
0.474242 -0.511563 0.118425
0.515316 -0.409241 0.116407
0.519441 -0.403265 0.064386
0.465736 -0.369838 0.055837
0.464385 -0.241910 0.082365
0.506864 -0.174181 0.055922
0.483333 -0.186085 0.003833
0.423731 -0.146341 0.013654
0.429336 -0.032796 0.056533
0.440544 0.108639 0.072239
0.416265 0.082111 0.122293
0.452428 0.003741 0.152959
0.502300 0.125255 0.146242
0.549179 0.193616 0.132402
0.566685 0.088427 0.098767
0.523476 0.097269 0.065794
0.533060 0.238801 0.051936
0.583516 0.216014 0.031040
0.567397 0.118064 -0.005733
0.531471 0.210281 -0.029920
0.569295 0.315907 -0.041793
0.604199 0.229472 -0.068541
0.567652 0.185793 -0.104788
0.558306 0.324021 -0.122598
0.610898 0.357108 -0.136591
0.617251 0.244097 -0.171277
0.579609 0.297930 -0.204929
0.607119 0.425226 -0.214614
0.655166 0.367360 -0.230286
0.634429 0.288553 -0.269858
0.613125 0.408221 -0.295775
0.662048 0.481051 -0.302000
0.689905 0.373870 -0.326560
0.655458 0.370372 -0.366996
0.663983 0.510786 -0.382211
0.719825 0.504373 -0.387825
0.720738 0.399281 -0.426497
0.700548 0.505345 -0.464729
0.745655 0.598581 -0.472124
0.791712 0.633077 -0.500314
0.821340 0.698086 -0.459267
0.826287 0.552716 -0.432027
0.859657 0.469488 -0.466408
0.902209 0.368526 -0.486829
0.941676 0.274949 -0.509778
0.969788 0.151637 -0.527724
1.000000 0.080896 -0.564700
0.954491 0.110485 -0.601862
0.914348 0.228161 -0.593874
0.872709 0.224128 -0.555218
0.834849 0.245749 -0.516020
0.835633 0.247206 -0.456841
0.839796 0.267515 -0.406228
0.865754 0.296716 -0.362468
0.882238 0.236615 -0.316655
0.843593 0.309980 -0.287311
0.798175 0.239044 -0.306020
0.815298 0.101448 -0.292841
0.817488 0.125595 -0.241193
0.763563 0.162521 -0.235511
0.742680 0.036683 -0.254202
0.766849 -0.055291 -0.220211
0.741183 0.004470 -0.178384
0.688189 -0.023273 -0.192954
0.694469 -0.172141 -0.197398
0.708105 -0.195948 -0.148617
0.658050 -0.150034 -0.130960
0.623092 -0.240356 -0.157098
0.646313 -0.365173 -0.138016
0.636108 -0.340103 -0.088709
0.580668 -0.325333 -0.093136
0.571176 -0.463074 -0.112675
0.595418 -0.545477 -0.075258
0.564951 -0.497522 -0.035789
0.516265 -0.546108 -0.056584
0.527638 -0.689972 -0.063504
0.540800 -0.716646 -0.012195
0.490343 -0.658051 0.007870
0.448266 -0.747449 -0.009414
0.411847 -0.863084 -0.011839
0.409620 -0.848265 -0.071628
0.436382 -0.851132 -0.118340
0.389339 -0.852104 -0.149719
0.367981 -0.724954 -0.131893
0.412486 -0.646390 -0.144020
0.415991 -0.665290 -0.195821
0.358233 -0.616121 -0.203386
0.358251 -0.465893 -0.194888
0.366247 -0.327714 -0.211900
0.412596 -0.296764 -0.183100
0.444414 -0.412399 -0.203453
0.444870 -0.361578 -0.251624
0.473111 -0.238266 -0.239836
0.519222 -0.308862 -0.223400
0.529774 -0.372461 -0.269993
0.532293 -0.250899 -0.300371
0.579043 -0.191527 -0.276252
0.615571 -0.322272 -0.288142
0.616119 -0.375911 -0.336584
0.656280 -0.299291 -0.360941
0.700073 -0.357205 -0.334617
0.693465 -0.503741 -0.345116
0.692132 -0.487465 -0.396730
0.741968 -0.423185 -0.402141
0.772727 -0.530949 -0.379684
0.756298 -0.638665 -0.412589
0.772600 -0.570984 -0.457537
0.827693 -0.560247 -0.445783
0.837422 -0.711787 -0.435232
0.807667 -0.776504 -0.478213
0.819989 -0.690992 -0.519667
0.874462 -0.728986 -0.520176
0.857211 -0.883248 -0.535238
0.803103 -0.867797 -0.571569
0.801479 -0.716548 -0.600217
0.800292 -0.582742 -0.619723
0.801661 -0.437907 -0.607969
0.751187 -0.397337 -0.627576
0.719587 -0.462929 -0.590193
0.742589 -0.389564 -0.549875
0.728003 -0.249927 -0.563071
0.672526 -0.272568 -0.563512
0.668218 -0.317267 -0.513866
0.688554 -0.192158 -0.492003
0.648521 -0.102128 -0.511271
0.604637 -0.168448 -0.488356
0.623311 -0.150180 -0.438930
0.617470 -0.002284 -0.435656
0.561263 -0.003595 -0.429839
0.559675 -0.069964 -0.382584
0.568839 0.049023 -0.352257
0.515553 0.085463 -0.345201
0.503049 -0.004518 -0.305121
0.517561 0.086921 -0.265855
0.468693 0.159654 -0.260902
0.440982 0.048975 -0.235290
0.459693 0.076572 -0.187153
0.418255 0.171169 -0.175179
0.380960 0.071130 -0.157725
0.401168 0.064571 -0.108961
0.391858 0.224128 -0.099462
0.331125 0.221310 -0.118595
0.276104 0.222087 -0.114083
0.267981 0.270090 -0.163272
0.286948 0.142795 -0.187730
0.249544 0.051550 -0.165629
0.203943 0.122923 -0.182523
0.216283 0.108979 -0.232644
0.216721 -0.038772 -0.234934
0.163436 -0.057720 -0.218956
0.138390 0.026528 -0.255847
0.158397 -0.051744 -0.296928
0.136838 -0.183267 -0.286005
0.083096 -0.128802 -0.289703
0.089850 -0.059324 -0.339078
0.091128 -0.151151 -0.380158
0.042023 -0.106064 -0.400309
0.057101 0.039403 -0.408026
0.103103 0.009620 -0.436623
0.075666 -0.062628 -0.474431
0.044816 0.056263 -0.488933
0.087149 0.142940 -0.503231
0.108799 0.052327 -0.539257
0.062395 0.047274 -0.569398
0.057868 0.192110 -0.581509
0.108981 0.201633 -0.601879
0.105476 0.099359 -0.639737
0.062906 0.163007 -0.665112
0.086619 0.295987 -0.673203
0.130577 0.250996 -0.699018
0.104363 0.187494 -0.738810
0.072234 0.302595 -0.755347
0.109821 0.416432 -0.759299
0.144031 0.342581 -0.793239
0.107101 0.325673 -0.832064
0.095838 0.472743 -0.836118
0.147390 0.524925 -0.843717
0.157503 0.448159 -0.886850
0.113235 0.489603 -0.916973
0.121267 0.642989 -0.913310
0.179865 0.645224 -0.930136
0.186491 0.605918 -0.980155
0.184301 0.751288 -1.000000
0.238627 0.799679 -0.982479
0.295144 0.811729 -0.986142
0.297663 0.837674 -0.929271
0.292205 0.722719 -0.896229
0.294396 0.627782 -0.850773
0.270318 0.495967 -0.872890
0.293410 0.354727 -0.885069
0.257320 0.268536 -0.841630
0.236491 0.206880 -0.798853
0.281271 0.224905 -0.767390
0.281052 0.373385 -0.770714
0.227912 0.388495 -0.750428
0.240015 0.365805 -0.700392
0.259985 0.499125 -0.689994
0.211537 0.571325 -0.698356
0.179701 0.498883 -0.663314
0.208069 0.533233 -0.621182
0.206517 0.685842 -0.624540
0.148028 0.693859 -0.628305
0.131398 0.617433 -0.584986
0.168803 0.704208 -0.552403
0.190690 0.840735 -0.563682
0.242388 0.866048 -0.587242
0.264677 0.917647 -0.632631
0.310442 0.944806 -0.662008
0.312322 0.947090 -0.717947
0.328824 0.826888 -0.749936
0.265736 0.814838 -0.761589
0.221212 0.873239 -0.803874
0.184885 0.936887 -0.839035
0.165425 1.000000 -0.888173
0.108288 0.969585 -0.889547
0.054673 0.955689 -0.875265
0.059383 0.811923 -0.858202
0.097828 0.835536 -0.821497
0.065261 0.931834 -0.794087
0.025612 0.830532 -0.783385
0.059091 0.735108 -0.759028
0.072472 0.828005 -0.720712
0.021851 0.848023 -0.700019
0.014202 0.702313 -0.689469
0.059712 0.667331 -0.660634
0.048248 0.757652 -0.620791
-0.001990 0.703090 -0.607884
0.016448 0.563696 -0.599980
0.053706 0.595277 -0.561935
0.017945 0.645370 -0.526604
-0.012705 0.519969 -0.524196
0.027528 0.419736 -0.512458
0.040270 0.493878 -0.465967
-0.008963 0.505053 -0.439422
-0.024060 0.361967 -0.428482
0.021230 0.312069 -0.397239
0.027565 0.411330 -0.359313
-0.015717 0.376591 -0.327561
0.003030 0.241182 -0.314042
0.052519 0.283937 -0.295198
0.031508 0.366388 -0.256424
0.001424 0.262122 -0.232067
0.046020 0.176951 -0.222315
0.075082 0.273054 -0.194498
0.037349 0.291808 -0.156589
0.034064 0.150811 -0.140526
0.089996 0.134001 -0.128772
0.095528 0.245020 -0.095900
0.057430 0.193859 -0.061570
0.079993 0.060150 -0.052038
0.128605 0.112671 -0.033312
0.106608 0.188514 0.007344
0.083899 0.070741 0.030531
0.131289 -0.005733 0.037315
0.157740 0.095229 0.066896
0.118474 0.100573 0.104890
0.118510 -0.044748 0.117798
0.172746 -0.055534 0.130264
0.172289 0.046740 0.168173
0.134082 -0.017442 0.199264
0.163235 -0.142114 0.208253
0.207631 -0.076280 0.230473
0.180121 -0.013215 0.270078
0.161884 -0.142795 0.290262
0.212997 -0.200126 0.299998
0.230194 -0.092605 0.333446
0.189522 -0.111068 0.369150
0.199233 -0.255709 0.379395
0.253432 -0.236712 0.395543
0.241566 -0.142746 0.436844
0.205714 -0.230201 0.464932
0.245181 -0.344038 0.474685
0.282968 -0.261491 0.509320
0.249854 -0.227869 0.555981
0.239102 -0.371927 0.581797
0.294943 -0.393839 0.613871
0.291092 -0.260519 0.653951
0.247554 -0.294335 0.701443
0.250128 -0.391118 0.755534
0.287879 -0.341366 0.804298
0.274991 -0.235400 0.850450
0.266192 -0.228938 0.902658
0.303907 -0.138470 0.946079
0.328167 -0.001360 0.974218
0.351752 0.125741 0.998507
0.370847 0.303858 0.995047
0.389850 0.462492 1.000000
0.419770 0.616510 0.976966
0.443136 0.746089 0.937124
0.485177 0.831017 0.904269
0.517616 0.890535 0.850637
0.554929 0.900836 0.803009
0.579226 0.848946 0.744967
0.578806 0.830823 0.687281
0.584648 0.791080 0.635514
0.570993 0.688077 0.583595
0.531033 0.585609 0.548094
0.492826 0.512973 0.514850
0.469533 0.459722 0.469919
0.430194 0.510155 0.430280
0.403998 0.476193 0.383754
0.383206 0.559081 0.345031
0.356973 0.550724 0.298438
0.347426 0.618988 0.254287
0.312596 0.637353 0.211391
0.300748 0.698572 0.164883
0.276470 0.774512 0.127398
0.248156 0.759839 0.077650
0.221449 0.857740 0.046339
0.181362 0.825964 0.004223
0.137915 0.921145 -0.009753
0.092443 0.918764 -0.044236
0.041877 0.972889 -0.061061
-0.007959 0.879749 -0.077650
-0.060058 0.914391 -0.050427
-0.106535 0.966184 -0.026002
-0.129281 0.819794 0.007158
-0.096860 0.734039 0.049154
-0.111665 0.749441 0.102329
-0.142625 0.602954 0.104110
-0.102903 0.484987 0.093780
-0.066794 0.468808 0.136150
-0.105422 0.399718 0.171396
-0.120829 0.261831 0.147056
-0.071668 0.181081 0.148871
-0.074607 0.161112 0.203301
-0.126068 0.071082 0.204064
-0.105714 -0.065154 0.177604
-0.088846 -0.116072 0.229879
