0.042950 0.297911 0.593560
-0.025363 0.302855 0.607017
-0.088874 0.303931 0.624388
-0.148512 0.284216 0.641431
-0.175314 0.344952 0.616981
-0.203349 0.391829 0.587541
-0.274711 0.387402 0.614393
-0.338828 0.416136 0.632949
-0.417221 0.410612 0.634414
-0.487524 0.432044 0.628271
-0.558000 0.406185 0.618119
-0.631807 0.422962 0.602058
-0.686946 0.453475 0.583424
-0.728414 0.490939 0.553126
-0.772738 0.540629 0.556011
-0.769926 0.560261 0.506424
-0.801053 0.495490 0.488367
-0.865343 0.472983 0.478232
-0.862596 0.442429 0.428894
-0.869215 0.370935 0.449462
-0.861536 0.313240 0.473055
-0.794045 0.341580 0.485436
-0.735964 0.366798 0.503524
-0.672734 0.399131 0.520552
-0.609656 0.428113 0.529409
-0.559168 0.467005 0.559379
-0.513374 0.503000 0.577405
-0.488865 0.536016 0.617153
-0.414149 0.508895 0.618041
-0.335107 0.513736 0.615235
-0.263290 0.485168 0.623187
-0.255784 0.540132 0.596320
-0.265886 0.588891 0.562404
-0.205944 0.562847 0.536660
-0.163957 0.525797 0.510572
-0.110549 0.491643 0.488960
-0.062656 0.472900 0.458101
-0.082925 0.405461 0.470108
-0.161837 0.422445 0.474271
-0.225110 0.432478 0.462857
-0.293445 0.423293 0.462732
-0.352650 0.392346 0.455372
-0.417221 0.385788 0.436301
-0.469764 0.353310 0.459988
-0.475367 0.335747 0.506300
-0.543399 0.335726 0.508124
-0.547573 0.274721 0.492110
-0.510908 0.246711 0.529128
-0.554301 0.260530 0.566927
-0.608661 0.225321 0.535600
-0.628303 0.173335 0.510120
-0.696421 0.188250 0.522143
-0.704533 0.254344 0.533775
-0.743881 0.299586 0.556074
-0.786798 0.284754 0.599454
-0.833955 0.282458 0.634477
-0.860000 0.262536 0.683206
-0.891279 0.235809 0.724809
-0.822512 0.213881 0.742835
-0.763652 0.192367 0.761828
-0.702110 0.169673 0.751380
-0.637367 0.159392 0.750865
-0.576322 0.157075 0.733307
-0.525899 0.150517 0.692001
-0.474480 0.117274 0.657711
-0.428426 0.130265 0.611679
-0.397363 0.127638 0.561547
-0.374131 0.162991 0.520318
-0.351850 0.184299 0.469858
-0.308976 0.217356 0.435880
-0.286587 0.233595 0.387868
-0.248213 0.262247 0.349010
-0.201943 0.264212 0.312911
-0.156235 0.221845 0.337003
-0.181090 0.184775 0.375019
-0.192208 0.209557 0.420162
-0.215354 0.210157 0.473491
-0.269498 0.222156 0.507313
-0.294699 0.215681 0.553064
-0.358859 0.214915 0.578980
-0.386893 0.223914 0.624528
-0.452178 0.216818 0.650429
-0.504115 0.246649 0.682535
-0.573423 0.243877 0.699361
-0.636372 0.282520 0.715562
-0.692765 0.319859 0.740278
-0.740528 0.374948 0.743973
-0.786582 0.423893 0.744768
-0.833717 0.466963 0.735069
-0.848340 0.535788 0.737393
-0.888489 0.585933 0.724014
-0.862336 0.649193 0.703789
-0.923186 0.683802 0.679619
-0.935819 0.750145 0.707267
-0.910142 0.813240 0.679604
-0.900386 0.875197 0.667145
-0.883989 0.930389 0.703571
-0.868588 0.969528 0.745860
-0.880680 1.000000 0.792406
-0.891993 0.989781 0.850803
-0.917345 0.976500 0.897505
-0.938826 0.924204 0.938578
-0.965671 0.884133 0.973351
-0.980337 0.809454 0.990519
-0.986891 0.740629 1.000000
-1.000000 0.676521 0.999252
-0.988514 0.621969 0.959691
-0.945921 0.559247 0.944612
-0.958921 0.514522 0.912428
-0.934672 0.478651 0.879760
-0.941335 0.435395 0.846718
-0.925717 0.389863 0.817480
-0.911440 0.368391 0.774583
-0.925933 0.336140 0.731155
-0.852753 0.352317 0.713940
-0.786409 0.334237 0.688866
-0.719091 0.343132 0.671433
-0.654758 0.340525 0.656697
-0.578464 0.334588 0.668813
-0.502818 0.337960 0.657773
-0.434613 0.315598 0.659613
-0.366841 0.320211 0.632824
-0.309452 0.291994 0.604928
-0.247953 0.298738 0.577639
-0.195821 0.251717 0.552737
-0.145527 0.209413 0.541603
-0.163654 0.165887 0.582239
-0.181198 0.109744 0.609481
-0.223380 0.118887 0.656183
-0.281093 0.100848 0.677140
-0.259915 0.104758 0.723733
-0.247109 0.167956 0.720879
-0.308241 0.186905 0.707656
-0.337898 0.162164 0.746577
-0.303395 0.200021 0.777764
-0.318516 0.258047 0.759613
-0.385552 0.251324 0.760783
-0.389251 0.235374 0.807204
-0.366776 0.292760 0.822829
-0.412916 0.329830 0.804273
-0.463232 0.298366 0.826368
-0.443222 0.308709 0.871683
-0.444477 0.372114 0.871994
-0.510886 0.372156 0.862467
-0.544805 0.330616 0.893030
-0.503553 0.356020 0.934087
-0.465178 0.407302 0.940589
-0.398250 0.419549 0.943911
-0.336903 0.450890 0.948402
-0.329202 0.462681 0.892422
-0.321090 0.480327 0.845236
-0.321739 0.476872 0.796913
-0.263095 0.503103 0.787385
-0.226257 0.454096 0.804460
-0.246223 0.408895 0.774521
-0.230064 0.439843 0.733136
-0.164823 0.452151 0.742632
-0.147431 0.390650 0.749618
-0.163006 0.371328 0.704117
-0.129238 0.411274 0.674365
-0.068345 0.396732 0.700515
-0.051581 0.334588 0.691127
-0.001071 0.290753 0.680274
0.032285 0.236781 0.659910
0.076544 0.196235 0.641634
0.103973 0.144352 0.617464
0.132072 0.088726 0.615437
0.156970 0.076210 0.660159
0.139470 0.106951 0.702105
0.108256 0.120377 0.743318
0.061077 0.136740 0.772525
0.006133 0.178589 0.785810
-0.021405 0.217625 0.817776
-0.089285 0.252731 0.827179
-0.138670 0.311440 0.830656
-0.190283 0.355792 0.839591
-0.224310 0.336098 0.889942
-0.251393 0.304758 0.928302
-0.206939 0.252731 0.925480
-0.174708 0.228237 0.887837
-0.143926 0.172569 0.858428
-0.105530 0.158523 0.812054
-0.077387 0.123335 0.769749
-0.026358 0.116818 0.732964
-0.009767 0.078051 0.686855
0.025125 0.051924 0.649384
0.063824 0.014667 0.622111
0.115675 0.001655 0.592999
0.067177 0.013281 0.549571
0.026661 0.038395 0.513707
0.016992 -0.015681 0.485576
-0.028889 -0.044352 0.518712
-0.088549 -0.051531 0.538609
-0.146501 -0.051593 0.570232
-0.193030 -0.096359 0.598472
-0.203024 -0.138312 0.635007
-0.270342 -0.163571 0.609559
-0.288924 -0.162515 0.562373
-0.273868 -0.223583 0.551848
-0.315530 -0.249876 0.582754
-0.370605 -0.222073 0.563293
-0.368269 -0.247311 0.519164
-0.370778 -0.308523 0.534056
-0.430308 -0.301531 0.557664
-0.468596 -0.281361 0.517246
-0.442054 -0.322611 0.476875
-0.384860 -0.358875 0.466209
-0.347005 -0.374328 0.428629
-0.383389 -0.357820 0.390395
-0.390744 -0.295573 0.400967
-0.325914 -0.280161 0.401996
-0.314968 -0.298159 0.356417
-0.356566 -0.254655 0.337346
-0.325113 -0.202503 0.354109
-0.267162 -0.215246 0.334165
-0.289486 -0.213633 0.289209
-0.315552 -0.154779 0.288477
-0.259310 -0.121928 0.299033
-0.221303 -0.147125 0.263028
-0.274279 -0.123666 0.229814
-0.317261 -0.074204 0.239186
-0.377267 -0.074928 0.265523
-0.431931 -0.069115 0.295228
-0.453714 -0.060240 0.348074
-0.505803 -0.077058 0.386106
-0.532539 -0.070459 0.431795
-0.575695 -0.090567 0.476657
-0.610954 -0.064439 0.525464
-0.620083 -0.044559 0.572680
-0.546059 -0.021307 0.571994
-0.491028 0.013736 0.572322
-0.450296 -0.034071 0.584937
-0.455790 -0.067749 0.544488
-0.429897 -0.024410 0.515313
-0.370064 -0.016012 0.536753
-0.353602 -0.079996 0.533058
-0.360762 -0.091105 0.485015
-0.317694 -0.048428 0.468455
-0.264912 -0.068659 0.495665
-0.263831 -0.126252 0.476548
-0.254248 -0.112205 0.430204
-0.197984 -0.081320 0.438235
-0.161145 -0.126458 0.461063
-0.159523 -0.163012 0.418618
-0.114745 -0.126748 0.390675
-0.053614 -0.137402 0.403321
-0.030338 -0.083947 0.371121
-0.087251 -0.048324 0.360143
-0.136507 0.000869 0.347326
-0.191386 0.047683 0.342835
-0.216046 0.093153 0.304662
-0.289681 0.098242 0.323624
-0.341207 0.097352 0.352627
-0.355073 0.101055 0.406518
-0.419492 0.083678 0.434492
-0.448652 0.058295 0.474333
-0.498015 0.114667 0.465804
-0.556313 0.140981 0.446281
-0.610089 0.179086 0.438126
-0.663433 0.198924 0.415016
-0.631310 0.240008 0.383892
-0.594060 0.183347 0.361188
-0.621813 0.142863 0.329799
-0.584585 0.161667 0.291237
-0.530138 0.124969 0.297692
-0.554128 0.073686 0.273928
-0.536412 0.105254 0.228692
-0.473831 0.098635 0.215297
-0.417113 0.077327 0.192016
-0.381810 0.055130 0.232263
-0.362861 0.034857 0.274271
-0.380123 0.008440 0.327663
-0.400283 0.017749 0.379308
-0.466498 0.009185 0.407189
-0.522654 0.024969 0.442695
-0.592308 0.010902 0.462779
-0.651665 0.002007 0.484266
-0.711628 -0.029003 0.485186
-0.748445 0.018204 0.468517
-0.727722 0.012288 0.419804
-0.757855 -0.039512 0.398924
-0.799063 0.005482 0.372400
-0.749051 0.045697 0.349072
-0.724997 -0.003496 0.322517
-0.723028 -0.022611 0.275175
-0.685021 -0.051448 0.240527
-0.620278 -0.072693 0.235802
-0.579913 -0.099690 0.201934
-0.514866 -0.081196 0.228255
-0.523822 -0.112019 0.278528
-0.510497 -0.138457 0.323374
-0.540522 -0.165288 0.367831
-0.540673 -0.167273 0.422111
-0.561742 -0.196835 0.465804
-0.552419 -0.194932 0.515718
-0.614134 -0.230285 0.525261
-0.603189 -0.282271 0.490691
-0.548049 -0.298386 0.461734
-0.548915 -0.266984 0.409886
-0.555253 -0.261109 0.354998
-0.555231 -0.227596 0.307500
-0.555166 -0.233513 0.255029
-0.567366 -0.224783 0.207937
-0.561158 -0.242987 0.161017
-0.508615 -0.197869 0.152238
-0.458386 -0.232954 0.180352
-0.394811 -0.258295 0.182676
-0.355484 -0.288808 0.215843
-0.291541 -0.304923 0.224014
-0.241247 -0.344973 0.246780
-0.187947 -0.378362 0.255606
-0.146457 -0.428093 0.250647
-0.108386 -0.482333 0.250008
-0.108061 -0.484195 0.302978
-0.131769 -0.432768 0.326150
-0.189504 -0.458875 0.338812
-0.166510 -0.507178 0.365882
-0.128265 -0.471804 0.395026
-0.178234 -0.435995 0.412833
-0.215873 -0.483264 0.429970
-0.169365 -0.508130 0.459660
-0.159155 -0.456206 0.486652
-0.222298 -0.447435 0.500920
-0.231427 -0.504386 0.522096
-0.182085 -0.499235 0.555762
-0.209038 -0.442553 0.576470
-0.276399 -0.458233 0.582754
-0.259851 -0.531920 0.587182
-0.226170 -0.575321 0.613956
-0.269931 -0.623293 0.609247
-0.246850 -0.651076 0.568486
-0.194674 -0.685726 0.586371
-0.246223 -0.718825 0.620100
-0.300907 -0.750745 0.604678
-0.265561 -0.810364 0.600561
-0.251522 -0.826479 0.646312
-0.260716 -0.862971 0.685576
-0.215592 -0.808316 0.705411
-0.207221 -0.747414 0.717901
-0.187103 -0.696876 0.742710
-0.197811 -0.640712 0.759925
-0.208216 -0.585705 0.740730
-0.191581 -0.532664 0.719788
-0.199801 -0.471204 0.719710
-0.207697 -0.416198 0.700078
-0.193485 -0.356496 0.695478
-0.205057 -0.296835 0.699314
-0.217150 -0.250165 0.668112
-0.152082 -0.230327 0.663995
-0.135447 -0.289595 0.640527
-0.178494 -0.294125 0.604990
-0.153877 -0.242842 0.582567
-0.092356 -0.275465 0.573959
-0.113534 -0.326024 0.550429
-0.138107 -0.291415 0.514627
-0.082860 -0.259288 0.501918
-0.047211 -0.312040 0.490644
-0.081086 -0.321804 0.450398
-0.066160 -0.265763 0.428692
-0.000876 -0.276520 0.427475
-0.003667 -0.329230 0.400717
-0.034643 -0.303227 0.363964
0.013725 -0.260550 0.353392
0.062050 -0.302813 0.345829
0.026380 -0.329065 0.308171
0.013271 -0.276314 0.280789
0.086516 -0.255048 0.284781
0.136074 -0.287443 0.268002
0.169603 -0.241415 0.238921
0.164736 -0.179686 0.232075
0.230799 -0.169694 0.224404
0.228312 -0.201634 0.179635
0.182582 -0.147021 0.163527
0.225672 -0.095408 0.159348
0.245509 -0.039036 0.133479
0.290330 0.009206 0.119102
0.298809 0.073149 0.100125
0.319186 0.109661 0.148636
0.340775 0.155482 0.185529
0.327341 0.222300 0.160923
0.295651 0.239429 0.205442
0.260910 0.174162 0.199938
0.237029 0.114295 0.190051
0.217128 0.071390 0.154873
0.165385 0.017170 0.156307
0.140249 -0.044042 0.138890
0.100944 -0.101924 0.128629
0.095363 -0.163902 0.110915
0.042625 -0.201096 0.104148
0.075181 -0.244021 0.075456
0.114442 -0.266177 0.110947
0.069492 -0.282995 0.143848
0.037650 -0.325527 0.115593
0.090648 -0.361171 0.099797
0.112128 -0.380348 0.144254
0.051018 -0.408026 0.157212
-0.009248 -0.415577 0.129534
-0.054393 -0.357675 0.121597
-0.084699 -0.342553 0.080321
-0.149313 -0.361316 0.099782
-0.163070 -0.317915 0.136941
-0.204517 -0.273024 0.154093
-0.173324 -0.256268 0.193872
-0.115502 -0.237236 0.174739
-0.143126 -0.196442 0.143271
-0.166510 -0.158026 0.179417
-0.113642 -0.144601 0.205271
-0.077950 -0.120418 0.165804
-0.127119 -0.065536 0.163683
-0.131099 -0.029272 0.205426
-0.115135 0.009061 0.241712
-0.086386 -0.034609 0.269328
-0.033086 -0.040608 0.236738
-0.012471 0.019053 0.234243
0.002152 0.022135 0.281272
0.048141 -0.024493 0.279807
0.089393 0.006206 0.250055
0.098457 0.058378 0.277842
0.116908 0.028796 0.320879
0.157187 -0.027079 0.301949
0.204776 -0.012040 0.269687
0.258271 0.009061 0.291689
0.321133 -0.003268 0.313410
0.304131 0.050993 0.350304
0.264847 0.034340 0.399766
0.220957 0.001924 0.426665
0.196210 -0.055172 0.455762
0.153855 -0.117149 0.467566
0.122468 -0.173500 0.462857
0.129347 -0.175403 0.414517
0.196491 -0.177658 0.411976
0.201532 -0.232830 0.436286
0.162075 -0.269921 0.409091
0.199498 -0.259806 0.367862
0.262295 -0.276272 0.383658
0.249056 -0.333368 0.418946
0.183339 -0.368080 0.413379
0.172286 -0.404551 0.374567
0.199758 -0.457033 0.393092
0.156905 -0.460178 0.429144
0.102632 -0.468597 0.404195
0.121970 -0.523935 0.382910
0.134646 -0.557985 0.424450
0.070184 -0.547931 0.444737
0.023438 -0.575424 0.416560
0.036417 -0.635581 0.439233
0.019479 -0.603930 0.490332
-0.015326 -0.580534 0.527132
0.036503 -0.569756 0.556666
0.062310 -0.523500 0.528084
0.010827 -0.485312 0.523078
0.003905 -0.471535 0.569780
0.064387 -0.445676 0.574661
0.055691 -0.397890 0.542507
0.003796 -0.371762 0.563044
0.038234 -0.357778 0.604460
0.083661 -0.318577 0.585046
0.034535 -0.277369 0.569671
0.004013 -0.266715 0.611523
0.056859 -0.237940 0.631343
0.059411 -0.188271 0.600452
-0.002261 -0.167667 0.609871
0.007820 -0.160654 0.657960
0.059411 -0.118763 0.653329
0.023481 -0.073873 0.631233
-0.022421 -0.066094 0.668564
0.029408 -0.082065 0.709153
0.087446 -0.061212 0.730126
0.044010 -0.065701 0.777670
0.007193 -0.100000 0.812225
-0.001028 -0.057964 0.849025
-0.043685 -0.025134 0.877686
-0.080264 0.026603 0.885779
-0.132007 0.062991 0.899844
-0.189007 0.086057 0.884594
-0.229956 0.146111 0.896351
-0.302551 0.166674 0.890020
-0.363769 0.185995 0.889552
-0.438507 0.183202 0.893482
-0.501195 0.184278 0.904538
-0.555772 0.167253 0.924887
-0.612598 0.136181 0.924076
-0.654607 0.180017 0.900561
-0.643791 0.236554 0.880134
-0.695210 0.234547 0.847591
-0.744854 0.242822 0.885015
-0.748618 0.303289 0.898176
-0.781087 0.356475 0.892749
-0.717317 0.388622 0.898534
-0.684329 0.418432 0.857009
-0.648420 0.455006 0.826119
-0.610868 0.471452 0.790394
-0.554928 0.486843 0.769843
-0.510432 0.534857 0.762046
-0.464443 0.577555 0.748168
-0.396801 0.590112 0.738500
-0.339628 0.623583 0.729861
-0.297208 0.641891 0.695135
-0.250614 0.668866 0.721254
-0.236575 0.616363 0.748994
-0.215765 0.580492 0.712662
-0.168240 0.619135 0.695010
-0.131596 0.616012 0.734758
-0.123246 0.552648 0.740356
-0.090345 0.545904 0.699423
-0.038905 0.583244 0.710292
-0.020388 0.554923 0.751364
-0.010308 0.495304 0.730345
0.034448 0.512329 0.697801
0.079118 0.535147 0.729253
0.088593 0.479996 0.752362
0.109662 0.445159 0.712319
0.168976 0.474390 0.699875
0.208475 0.444932 0.736660
0.224028 0.387236 0.712802
0.254507 0.343959 0.685857
0.256000 0.297952 0.652627
0.239733 0.236264 0.638874
0.275880 0.212660 0.601045
0.278757 0.162867 0.573741
0.300064 0.140919 0.532995
0.301751 0.106951 0.494386
0.326433 0.057861 0.468782
0.349038 0.044766 0.427522
0.361065 -0.010054 0.391439
0.357582 -0.063467 0.367441
0.322691 -0.110943 0.347716
0.316071 -0.168122 0.329861
0.295218 -0.212867 0.298659
0.290373 -0.278962 0.302526
0.265929 -0.318432 0.269250
0.234606 -0.336119 0.229175
0.189677 -0.370707 0.207235
0.140595 -0.420211 0.213052
0.087987 -0.457013 0.213395
0.027223 -0.489719 0.222392
0.050326 -0.543835 0.197146
0.080481 -0.600062 0.192671
0.122857 -0.640484 0.165897
0.109013 -0.699566 0.151286
0.136096 -0.720894 0.106549
0.190910 -0.708295 0.064556
0.257428 -0.722156 0.056884
0.261689 -0.775010 0.024185
0.255265 -0.733078 -0.022189
0.309387 -0.693297 -0.034461
0.362212 -0.717625 -0.057025
0.332403 -0.728775 -0.099766
0.317434 -0.666074 -0.108857
0.380382 -0.646194 -0.110323
0.403766 -0.685043 -0.144628
0.364807 -0.661481 -0.179542
0.392518 -0.603020 -0.178138
0.456309 -0.616012 -0.186964
0.448371 -0.645159 -0.228614
0.419990 -0.595697 -0.251146
0.473723 -0.557675 -0.246967
0.517073 -0.593691 -0.269032
0.484798 -0.597062 -0.311851
0.490855 -0.534981 -0.320739
0.559190 -0.529210 -0.315079
0.569205 -0.579830 -0.350101
0.524882 -0.602027 -0.383471
0.475778 -0.650869 -0.375113
0.419709 -0.667377 -0.395213
0.419189 -0.730244 -0.377125
0.408590 -0.703000 -0.329970
0.358361 -0.662929 -0.334758
0.310490 -0.704986 -0.348059
0.315357 -0.737298 -0.303774
0.308370 -0.685333 -0.271074
0.253772 -0.649959 -0.277951
0.210444 -0.689760 -0.254811
0.246828 -0.680079 -0.211617
0.246309 -0.615660 -0.208077
0.180419 -0.607427 -0.207734
0.173973 -0.644704 -0.167238
0.212109 -0.606785 -0.138968
0.175054 -0.551779 -0.141946
0.133284 -0.569384 -0.105177
0.185762 -0.549028 -0.069609
0.226127 -0.510798 -0.044971
0.284813 -0.539284 -0.056074
0.282001 -0.524017 -0.104460
0.285571 -0.459950 -0.099454
0.344366 -0.459826 -0.078980
0.376056 -0.489781 -0.113972
0.369177 -0.441146 -0.144956
0.400803 -0.394518 -0.121628
0.460311 -0.423686 -0.115687
0.475475 -0.437402 -0.162451
0.471279 -0.376396 -0.177047
0.520599 -0.353579 -0.149836
0.569054 -0.387195 -0.170435
0.561353 -0.361067 -0.215437
0.578290 -0.302131 -0.201559
0.639703 -0.315205 -0.184952
0.658609 -0.337671 -0.231358
0.628043 -0.317129 -0.272618
0.566458 -0.346731 -0.289584
0.523346 -0.304717 -0.314284
0.531025 -0.338064 -0.358662
0.489276 -0.371390 -0.396632
0.446532 -0.402979 -0.426618
0.386093 -0.426003 -0.435459
0.388581 -0.477762 -0.402635
0.400521 -0.444518 -0.363964
0.346594 -0.408647 -0.365648
0.299956 -0.454510 -0.363558
0.319705 -0.475259 -0.319445
0.312459 -0.421597 -0.294075
0.248407 -0.413591 -0.303384
0.227922 -0.468535 -0.283081
0.249424 -0.450538 -0.238032
0.214143 -0.396752 -0.233463
0.152601 -0.420294 -0.240090
0.156018 -0.463384 -0.204132
0.164541 -0.417625 -0.168299
0.102523 -0.390525 -0.175862
0.050478 -0.433719 -0.178746
0.058546 -0.458026 -0.129471
0.031874 -0.413633 -0.096694
0.010827 -0.374307 -0.058475
0.006565 -0.310716 -0.044176
0.070703 -0.324700 -0.013098
0.116541 -0.349628 -0.045798
0.132051 -0.303248 -0.076080
0.176915 -0.264605 -0.055543
0.230907 -0.302958 -0.056042
0.230258 -0.315288 -0.104397
0.232162 -0.253744 -0.118884
0.289940 -0.239698 -0.097193
0.325827 -0.285147 -0.121316
0.309993 -0.260116 -0.166287
0.332511 -0.199545 -0.172836
0.393729 -0.218556 -0.188383
0.376142 -0.260819 -0.223905
0.348475 -0.218246 -0.255029
0.412808 -0.186802 -0.258210
0.454579 -0.237629 -0.273554
0.425614 -0.265163 -0.314018
0.445796 -0.277534 -0.369468
0.445732 -0.263922 -0.423343
0.452935 -0.255710 -0.473928
0.431801 -0.231216 -0.520474
0.484366 -0.174659 -0.527164
0.511232 -0.118473 -0.523671
0.471127 -0.097497 -0.482972
0.432796 -0.155792 -0.464759
0.397579 -0.176252 -0.420037
0.367987 -0.218411 -0.384360
0.336773 -0.227017 -0.339170
0.292536 -0.249131 -0.306409
0.244297 -0.207137 -0.310292
0.216392 -0.228237 -0.352783
0.191105 -0.286822 -0.323608
0.153920 -0.251779 -0.281101
0.099776 -0.213695 -0.287104
0.048920 -0.256537 -0.273148
0.044745 -0.245594 -0.222875
0.017879 -0.216280 -0.183954
0.070076 -0.189863 -0.162139
0.071417 -0.134464 -0.186808
0.010091 -0.115867 -0.162108
0.031809 -0.109599 -0.113551
0.047189 -0.074100 -0.074411
0.075073 -0.119073 -0.045579
0.130515 -0.126851 -0.070279
0.153315 -0.066694 -0.064478
0.153596 -0.064729 -0.016888
0.193787 -0.114046 -0.009606
0.246482 -0.092263 -0.036317
0.254681 -0.036802 -0.012069
0.267443 -0.057116 0.032871
0.321998 -0.089595 0.019928
0.357864 -0.039884 0.001138
0.358794 -0.005503 0.040995
0.390052 -0.046731 0.069499
0.446229 -0.048324 0.043287
0.461220 0.014419 0.047154
0.461458 0.018122 0.094885
0.510432 -0.024100 0.099236
0.556616 0.009123 0.074770
0.562499 0.062267 0.100546
0.584044 0.028341 0.142819
0.640741 0.001552 0.121300
0.675482 0.051800 0.104304
0.681906 0.088146 0.144940
0.734471 0.045511 0.164541
0.793180 0.057096 0.137284
0.812042 0.122094 0.145642
0.817623 0.131092 0.201123
0.886369 0.099504 0.215921
0.947630 0.101696 0.239872
1.000000 0.069404 0.268439
0.978347 0.067439 0.324575
0.986913 0.000952 0.355356
0.999156 -0.049566 0.396195
0.958208 -0.077638 0.431701
0.924960 -0.140443 0.457602
0.893269 -0.203848 0.455949
0.847389 -0.265163 0.455076
0.804731 -0.308978 0.418322
0.769774 -0.345676 0.379807
0.721016 -0.357447 0.346452
0.674660 -0.324597 0.306783
0.650389 -0.290939 0.267457
0.628476 -0.259806 0.229222
0.575868 -0.221928 0.218182
0.539007 -0.181527 0.190738
0.500027 -0.131444 0.191642
0.442357 -0.097600 0.184656
0.400976 -0.049131 0.187790
0.394421 -0.053641 0.237190
0.457824 -0.037981 0.247778
0.455834 0.018722 0.225901
0.405021 0.041622 0.252113
0.437100 0.037857 0.294152
0.488194 0.075817 0.282130
0.449387 0.128527 0.270045
0.412657 0.137402 0.309387
0.469375 0.147600 0.336270
0.493884 0.199710 0.307875
0.454341 0.250890 0.303774
0.481078 0.284919 0.342180
0.548871 0.286740 0.317511
0.541495 0.325072 0.276345
0.533816 0.370976 0.241712
0.506279 0.399317 0.203399
0.544805 0.368018 0.171308
0.527218 0.308337 0.182598
0.463318 0.318018 0.171792
0.475345 0.330223 0.124092
0.506408 0.277451 0.110635
0.457413 0.236388 0.120739
0.411380 0.261874 0.092609
0.448782 0.256868 0.050304
0.453692 0.192801 0.051380
0.389792 0.177720 0.050569
0.375472 0.206806 0.009060
0.418670 0.175031 -0.019024
0.387932 0.118494 -0.013067
0.328661 0.133140 -0.031171
0.349622 0.153806 -0.074146
0.378241 0.099483 -0.088601
0.321717 0.064212 -0.085748
0.286176 0.096152 -0.119133
0.325373 0.080017 -0.155278
0.318667 0.017149 -0.152082
0.251544 0.014936 -0.157789
0.247996 0.041001 -0.200795
0.281352 -0.006682 -0.223031
0.240166 -0.054882 -0.210276
0.187363 -0.030534 -0.232434
0.210119 -0.032251 -0.276844
0.219551 -0.095966 -0.280165
0.147625 -0.110509 -0.265367
0.106828 -0.064460 -0.294433
0.129887 -0.078279 -0.341572
0.125972 -0.111895 -0.383456
0.138583 -0.134133 -0.427834
0.069232 -0.108461 -0.438562
0.030295 -0.057302 -0.448807
-0.025255 -0.094994 -0.460206
-0.042820 -0.113136 -0.411726
-0.096986 -0.095490 -0.382879
-0.090626 -0.131010 -0.334664
-0.064668 -0.106020 -0.292312
-0.122100 -0.056082 -0.285576
-0.183772 -0.103682 -0.291470
-0.210920 -0.135561 -0.251068
-0.275187 -0.142511 -0.251489
-0.318710 -0.190981 -0.250756
-0.354424 -0.241146 -0.275534
-0.395589 -0.278465 -0.236067
-0.452286 -0.259537 -0.199766
-0.527240 -0.276314 -0.183877
-0.550018 -0.304034 -0.140886
-0.562543 -0.295263 -0.083331
-0.580454 -0.238291 -0.044940
-0.586381 -0.166798 -0.024606
-0.638124 -0.117460 -0.013800
-0.616276 -0.082209 0.035958
-0.611409 -0.007344 0.051349
-0.600896 0.047207 0.074848
-0.537320 0.097021 0.086449
-0.474264 0.128031 0.100343
-0.413284 0.181713 0.102121
-0.349168 0.209433 0.108109
-0.273522 0.207613 0.086637
-0.227079 0.223955 0.047419
-0.228506 0.281568 0.014268
-0.153206 0.288974 -0.002666
-0.150827 0.304572 -0.059442
-0.169322 0.307096 -0.109777
-0.199433 0.357344 -0.136067
-0.190759 0.374307 -0.189833
-0.209016 0.407530 -0.235257
-0.203435 0.397621 -0.293529
-0.197097 0.379954 -0.342663
-0.210920 0.365681 -0.398503
-0.192857 0.326934 -0.443427
-0.175422 0.274845 -0.475441
-0.158203 0.232996 -0.508514
-0.086429 0.194808 -0.505723
-0.069838 0.126852 -0.477421
-0.055604 0.066736 -0.460658
0.000573 0.080844 -0.432606
-0.020885 0.113446 -0.390753
-0.042625 0.069342 -0.358116
0.017727 0.050724 -0.341634
0.042301 0.104448 -0.324809
-0.007344 0.117087 -0.294090
0.000898 0.059433 -0.268065
0.063738 0.071597 -0.253454
0.052230 0.125072 -0.231187
0.007344 0.102793 -0.199127
0.051581 0.063819 -0.176626
0.099149 0.105854 -0.163792
0.061877 0.144456 -0.138172
0.042149 0.102793 -0.104117
0.104211 0.092408 -0.088944
0.120153 0.152255 -0.076610
0.073970 0.165081 -0.045735
0.093741 0.117687 -0.015874
0.160431 0.120914 -0.009029
0.162097 0.185312 0.001450
0.119980 0.182209 0.039591
0.152103 0.137691 0.064759
0.212823 0.175796 0.063059
0.220849 0.239388 0.054499
0.227165 0.276314 0.013769
0.220200 0.326831 -0.015796
0.194393 0.358068 -0.054046
0.251933 0.352917 -0.082130
0.246201 0.289284 -0.087588
0.186930 0.288581 -0.109138
0.205382 0.322818 -0.147139
0.252669 0.283264 -0.163028
0.210076 0.236388 -0.173741
0.170771 0.266653 -0.205473
0.222168 0.274845 -0.237736
0.238349 0.208999 -0.246780
0.192468 0.172114 -0.266552
0.192295 0.189077 -0.313005
0.255676 0.168618 -0.322096
0.245725 0.106951 -0.312303
0.198243 0.096421 -0.344628
0.231253 0.112371 -0.384781
0.282521 0.070997 -0.380929
0.243973 0.017356 -0.381865
0.218361 0.023231 -0.425402
0.274776 0.020645 -0.450288
0.291389 -0.037960 -0.434212
0.237916 -0.071535 -0.451037
0.244665 -0.064688 -0.498332
0.298701 -0.103868 -0.499688
0.270601 -0.156930 -0.481600
0.220957 -0.163136 -0.514284
0.259180 -0.168970 -0.554639
0.293055 -0.224328 -0.537393
0.245920 -0.265722 -0.523265
0.220697 -0.274266 -0.569016
0.275901 -0.317646 -0.582489
0.261019 -0.376293 -0.564354
0.232249 -0.435105 -0.561407
0.186887 -0.480844 -0.545096
0.156516 -0.533906 -0.527460
0.123420 -0.592573 -0.526836
0.064668 -0.633388 -0.528801
0.024606 -0.684154 -0.538328
-0.018809 -0.724535 -0.561937
-0.076500 -0.749566 -0.577717
-0.130904 -0.794063 -0.576828
-0.177023 -0.835602 -0.596226
-0.229804 -0.879830 -0.602448
-0.285809 -0.916756 -0.612381
-0.339325 -0.946649 -0.644332
-0.394421 -0.969073 -0.670045
-0.434829 -0.975093 -0.706986
-0.437252 -0.908026 -0.720677
-0.385595 -0.866963 -0.704429
-0.359767 -0.798117 -0.707843
-0.333506 -0.736781 -0.711196
-0.342419 -0.668556 -0.705848
-0.279881 -0.663819 -0.672852
-0.222795 -0.656268 -0.650226
-0.193052 -0.635788 -0.609839
-0.187990 -0.596752 -0.570404
-0.160799 -0.572818 -0.530937
-0.171247 -0.590339 -0.475596
-0.205966 -0.595283 -0.431078
-0.236488 -0.626252 -0.392578
-0.282758 -0.622880 -0.351442
-0.331862 -0.632168 -0.320240
-0.397104 -0.647642 -0.298378
-0.397406 -0.672259 -0.249649
-0.368809 -0.731237 -0.238438
-0.326498 -0.764708 -0.210588
-0.304412 -0.808213 -0.242055
-0.263441 -0.763860 -0.266584
-0.225781 -0.746338 -0.221659
-0.223012 -0.788250 -0.182925
-0.265951 -0.804241 -0.145486
-0.272483 -0.847393 -0.108202
-0.232486 -0.895345 -0.130688
-0.183512 -0.881113 -0.167223
-0.143364 -0.845159 -0.210245
-0.133219 -0.806723 -0.247653
-0.139059 -0.760137 -0.282629
-0.173497 -0.749441 -0.327491
-0.183556 -0.680472 -0.311711
-0.155521 -0.668308 -0.357430
-0.141980 -0.669094 -0.413005
-0.113967 -0.675838 -0.459520
-0.147366 -0.668349 -0.512334
-0.216133 -0.677741 -0.539529
-0.271272 -0.667667 -0.572758
-0.327428 -0.699504 -0.600094
-0.369826 -0.717915 -0.642118
-0.425225 -0.757013 -0.663917
-0.485447 -0.789863 -0.669406
-0.490163 -0.797207 -0.613239
-0.434829 -0.758337 -0.584984
-0.392496 -0.741229 -0.545704
-0.316547 -0.736554 -0.529191
-0.256671 -0.755978 -0.502791
-0.178494 -0.758254 -0.498784
-0.124350 -0.769839 -0.455902
-0.091686 -0.749131 -0.407266
-0.068410 -0.721969 -0.367878
-0.029019 -0.687567 -0.336052
0.002974 -0.740815 -0.319694
0.056318 -0.780265 -0.320303
0.023871 -0.832375 -0.300780
-0.018549 -0.829665 -0.348027
0.004705 -0.827307 -0.394605
-0.027483 -0.885002 -0.407220
-0.092465 -0.864481 -0.410993
-0.158593 -0.854365 -0.428863
-0.213494 -0.814584 -0.440449
-0.291043 -0.817749 -0.445969
-0.350466 -0.787588 -0.471106
-0.425614 -0.800807 -0.489054
-0.487264 -0.786078 -0.524903
-0.534941 -0.762578 -0.553407
-0.573726 -0.718494 -0.574926
-0.631223 -0.736161 -0.552456
-0.612836 -0.718391 -0.504709
-0.619369 -0.656889 -0.499236
-0.635117 -0.595242 -0.471573
-0.567064 -0.555089 -0.475862
-0.530787 -0.493835 -0.478201
-0.467731 -0.453579 -0.463293
-0.426306 -0.407489 -0.450164
-0.361498 -0.392718 -0.422938
-0.314492 -0.377472 -0.386621
-0.250441 -0.390070 -0.363137
-0.215700 -0.402544 -0.320365
-0.154050 -0.431692 -0.320646
-0.094758 -0.436367 -0.298706
-0.059390 -0.462660 -0.337642
-0.082103 -0.405710 -0.373351
-0.091188 -0.342118 -0.389365
-0.120867 -0.358606 -0.438812
-0.186779 -0.377472 -0.440870
-0.245920 -0.351407 -0.460175
-0.277848 -0.416425 -0.471901
-0.341791 -0.459764 -0.467348
-0.386591 -0.520108 -0.459988
-0.453930 -0.550248 -0.451957
-0.488043 -0.615391 -0.450928
-0.549520 -0.655999 -0.446608
-0.590599 -0.715432 -0.435490
-0.629406 -0.767749 -0.427273
-0.572926 -0.803041 -0.411149
-0.528040 -0.775962 -0.382723
-0.485620 -0.720066 -0.406206
-0.420833 -0.676727 -0.411835
-0.385747 -0.620211 -0.431358
-0.324746 -0.580244 -0.419570
-0.281461 -0.529520 -0.445766
-0.221649 -0.502793 -0.469827
-0.175292 -0.473211 -0.501481
-0.122122 -0.453020 -0.526680
-0.091188 -0.417646 -0.559769
-0.111565 -0.456889 -0.597302
-0.179770 -0.434650 -0.595369
-0.225672 -0.396359 -0.614050
-0.288426 -0.377617 -0.622985
-0.293985 -0.411378 -0.663527
-0.295543 -0.468577 -0.641151
-0.349838 -0.455875 -0.615313
-0.390138 -0.445821 -0.654452
-0.382243 -0.504530 -0.671854
-0.406535 -0.537278 -0.635023
-0.468142 -0.512350 -0.636504
-0.483479 -0.530285 -0.681413
-0.479001 -0.592822 -0.669796
-0.521053 -0.597869 -0.633993
-0.575089 -0.579706 -0.660206
-0.572082 -0.626065 -0.694090
-0.576495 -0.676272 -0.661188
-0.634857 -0.656682 -0.638781
-0.668754 -0.643360 -0.686605
-0.690321 -0.672921 -0.725604
-0.730837 -0.675259 -0.764915
-0.735207 -0.748324 -0.752487
-0.731897 -0.809599 -0.742819
-0.674249 -0.817542 -0.771885
-0.635290 -0.782975 -0.734976
-0.624041 -0.832644 -0.703586
-0.595812 -0.887257 -0.688976
-0.640006 -0.929892 -0.705926
-0.605871 -0.922342 -0.754015
-0.541690 -0.938622 -0.758615
-0.552506 -1.000000 -0.772369
-0.577468 -0.976831 -0.818338
-0.519734 -0.947166 -0.838983
-0.492975 -0.966301 -0.880477
-0.467190 -0.949710 -0.924497
-0.433401 -0.892511 -0.952596
-0.412138 -0.847786 -0.982676
-0.408330 -0.781878 -1.000000
