0.473758 0.780281 -0.263249
0.500568 0.761558 -0.289109
0.526188 0.772378 -0.314666
0.551166 0.781216 -0.339285
0.578707 0.773290 -0.356563
0.604723 0.792036 -0.375717
0.631227 0.800697 -0.397711
0.658361 0.782686 -0.413345
0.683782 0.792437 -0.432873
0.704684 0.765587 -0.463421
0.725233 0.767880 -0.493304
0.739937 0.751539 -0.530644
0.756734 0.717676 -0.556764
0.782119 0.698841 -0.585104
0.805979 0.673528 -0.600897
0.820764 0.679227 -0.563672
0.808270 0.625973 -0.540711
0.817643 0.576236 -0.578989
0.846338 0.584540 -0.585595
0.874511 0.565304 -0.600003
0.904442 0.575702 -0.602541
0.933029 0.571516 -0.622329
0.959190 0.566418 -0.637689
0.979965 0.536206 -0.658905
0.984628 0.488295 -0.626771
0.959749 0.458506 -0.627536
0.959632 0.439204 -0.670760
0.981255 0.395790 -0.667991
0.966984 0.352398 -0.639261
0.948419 0.326907 -0.670659
0.934292 0.286921 -0.698351
0.912768 0.273875 -0.725249
0.894654 0.266929 -0.690202
0.897234 0.331849 -0.673270
0.889476 0.366536 -0.709398
0.864425 0.334699 -0.711230
0.855657 0.357497 -0.672231
0.856604 0.423909 -0.679717
0.838896 0.425423 -0.712471
0.817075 0.400643 -0.690736
0.815884 0.448644 -0.658169
0.812664 0.505460 -0.682457
0.789760 0.482529 -0.703947
0.774731 0.474024 -0.665943
0.775768 0.538054 -0.650381
0.763419 0.565549 -0.685760
0.740280 0.529126 -0.684678
0.732883 0.552637 -0.644194
0.732008 0.620229 -0.653857
0.714038 0.612859 -0.687404
0.693777 0.582180 -0.661876
0.692614 0.640756 -0.635108
0.703312 0.704162 -0.647049
0.731791 0.722018 -0.636117
0.741732 0.735309 -0.679414
0.747208 0.788007 -0.710725
0.775001 0.752274 -0.722249
0.799457 0.723398 -0.733989
0.825266 0.708081 -0.728148
0.849018 0.688800 -0.744965
0.847890 0.623524 -0.731407
0.829542 0.604689 -0.762459
0.845057 0.621698 -0.797939
0.866302 0.578084 -0.788218
0.851913 0.518596 -0.785665
0.842901 0.519575 -0.828659
0.869567 0.516414 -0.846125
0.891506 0.492770 -0.820424
0.905326 0.534959 -0.790742
0.916746 0.570113 -0.754613
0.913643 0.619294 -0.721297
0.936249 0.665713 -0.732431
0.925307 0.708303 -0.765243
0.916304 0.763606 -0.736268
0.909340 0.829216 -0.731364
0.897153 0.876927 -0.708620
0.869315 0.915176 -0.707538
0.849667 0.964690 -0.690635
0.820232 0.990894 -0.677770
0.789254 1.000000 -0.665597
0.760081 0.998842 -0.651405
0.729076 0.977937 -0.654463
0.699235 0.958902 -0.654232
0.674139 0.968853 -0.676659
0.648150 0.950842 -0.691918
0.627663 0.896675 -0.716898
0.611859 0.847383 -0.738316
0.606230 0.793550 -0.771300
0.602134 0.773669 -0.816313
0.601999 0.740763 -0.854721
0.617208 0.692162 -0.886436
0.619157 0.638128 -0.919277
0.649142 0.632852 -0.942858
0.674743 0.594091 -0.945598
0.690404 0.521468 -0.957540
0.709636 0.470974 -0.975236
0.720885 0.398840 -0.960237
0.737312 0.342825 -0.982419
0.767893 0.347367 -0.966222
0.771754 0.300836 -0.926228
0.771014 0.232776 -0.943031
0.794198 0.225674 -0.970837
0.814702 0.223804 -0.936223
0.808036 0.165719 -0.910046
0.810065 0.115782 -0.943463
0.836921 0.122550 -0.957424
0.849640 0.100130 -0.918195
0.837444 0.033985 -0.913594
0.844453 0.006423 -0.954179
0.872770 0.011254 -0.953112
0.878146 -0.038972 -0.919652
0.865210 -0.100553 -0.946088
0.878552 -0.115848 -0.985938
0.903251 -0.155143 -0.967290
0.887131 -0.224405 -0.960121
0.878552 -0.283136 -0.978957
0.866590 -0.348280 -0.987496
0.889530 -0.400465 -0.978078
0.883531 -0.439605 -0.937247
0.863983 -0.494774 -0.957280
0.883613 -0.542974 -0.979203
0.883180 -0.606269 -0.947920
0.862793 -0.660882 -0.970607
0.879752 -0.714047 -1.000000
0.897388 -0.773558 -0.983616
0.893851 -0.834649 -0.952045
0.893121 -0.908809 -0.944906
0.910684 -0.897565 -0.900397
0.926218 -0.887569 -0.861283
0.955707 -0.882204 -0.874855
0.960236 -0.807265 -0.888585
0.957918 -0.765498 -0.845274
0.985332 -0.751027 -0.823179
0.993884 -0.686507 -0.850221
0.986848 -0.615576 -0.823712
0.993460 -0.568288 -0.789170
1.000000 -0.502677 -0.813991
0.974300 -0.466410 -0.818304
0.966542 -0.448510 -0.775382
0.986442 -0.398706 -0.765921
0.975878 -0.347567 -0.794333
0.950160 -0.340176 -0.776507
0.958847 -0.321630 -0.735258
0.971314 -0.261118 -0.748181
0.947444 -0.229793 -0.763224
0.932253 -0.233689 -0.725335
0.948509 -0.193170 -0.698827
0.945794 -0.133815 -0.723778
0.917333 -0.130431 -0.722235
0.913598 -0.129763 -0.677813
0.924513 -0.066958 -0.669953
0.905335 -0.030846 -0.695625
0.882341 -0.052776 -0.674424
0.888006 -0.023722 -0.634314
0.883865 0.043002 -0.650179
0.857605 0.038527 -0.666116
0.845030 0.021117 -0.626714
0.844778 0.087685 -0.611209
0.829316 0.118119 -0.643747
0.806881 0.078379 -0.641929
0.801784 0.094898 -0.598388
0.797987 0.162357 -0.605801
0.778014 0.157192 -0.636954
0.761109 0.118898 -0.610430
0.759738 0.167077 -0.578297
0.749184 0.218995 -0.603147
0.727146 0.184331 -0.618348
0.717773 0.168479 -0.576234
0.715049 0.231819 -0.560557
0.697774 0.251522 -0.595186
0.676773 0.208999 -0.586821
0.668636 0.246691 -0.550504
0.665271 0.310409 -0.568388
0.647473 0.293734 -0.601734
0.627447 0.268621 -0.573595
0.623090 0.328599 -0.548456
0.614240 0.374417 -0.582364
0.601232 0.360057 -0.622300
0.617244 0.365601 -0.660333
0.611913 0.361282 -0.707264
0.624822 0.381875 -0.745989
0.610226 0.332517 -0.775454
0.591787 0.330914 -0.809939
0.573051 0.311233 -0.840789
0.555668 0.327975 -0.873254
0.539241 0.265994 -0.871192
0.534496 0.261029 -0.820539
0.546403 0.295604 -0.785665
0.569794 0.271426 -0.767680
0.591589 0.272027 -0.735273
0.622305 0.272205 -0.724052
0.649575 0.271159 -0.709023
0.659751 0.240635 -0.752940
0.666661 0.226075 -0.793929
0.663161 0.158416 -0.791434
0.635160 0.163982 -0.788146
0.633274 0.194171 -0.828400
0.645498 0.142720 -0.851620
0.628205 0.094253 -0.837947
0.605698 0.128205 -0.853091
0.613816 0.130720 -0.895162
0.614646 0.062839 -0.900340
0.587223 0.055002 -0.891210
0.576966 0.103559 -0.924339
0.587078 0.081919 -0.964030
0.572365 0.015084 -0.947199
0.553422 -0.036212 -0.945252
0.571978 -0.086995 -0.938199
0.570336 -0.143277 -0.921325
0.581964 -0.205370 -0.919565
0.576551 -0.267663 -0.936612
0.575505 -0.331960 -0.945670
0.569560 -0.383790 -0.972986
0.563381 -0.433616 -0.940045
0.546142 -0.388577 -0.906686
0.541839 -0.319359 -0.901854
0.557995 -0.280977 -0.876730
0.565726 -0.218594 -0.857519
0.587512 -0.165540 -0.856178
0.603776 -0.107188 -0.846788
0.629260 -0.145236 -0.866389
0.649701 -0.178654 -0.886148
0.658876 -0.212917 -0.850625
0.634826 -0.248962 -0.847683
0.637848 -0.277437 -0.887157
0.661708 -0.310031 -0.879643
0.652354 -0.345519 -0.844495
0.631037 -0.373727 -0.869547
0.646580 -0.405942 -0.899027
0.656675 -0.445170 -0.866461
0.634321 -0.488362 -0.865610
0.637577 -0.517839 -0.908056
0.660301 -0.552347 -0.895912
0.670864 -0.611835 -0.878331
0.696024 -0.594893 -0.861874
0.712631 -0.631093 -0.824275
0.738575 -0.646767 -0.809549
0.730979 -0.649572 -0.762330
0.730790 -0.697327 -0.726619
0.725829 -0.737624 -0.689308
0.729563 -0.792682 -0.664645
0.706966 -0.788029 -0.635886
0.684964 -0.773357 -0.673501
0.687706 -0.749468 -0.716941
0.689998 -0.683190 -0.728177
0.691206 -0.628577 -0.759560
0.708066 -0.568177 -0.778454
0.721553 -0.511182 -0.798069
0.740469 -0.502410 -0.757830
0.757167 -0.500429 -0.723547
0.740875 -0.462336 -0.697154
0.721273 -0.513453 -0.694197
0.738548 -0.557802 -0.675837
0.745783 -0.522870 -0.639189
0.719875 -0.515946 -0.624406
0.715391 -0.584874 -0.624118
0.733442 -0.605780 -0.594378
0.720651 -0.573008 -0.561668
0.696384 -0.608295 -0.566643
0.706019 -0.675309 -0.564754
0.717286 -0.670143 -0.524212
0.711846 -0.624036 -0.492540
0.731746 -0.578039 -0.480252
0.739288 -0.532688 -0.446171
0.759594 -0.486336 -0.440272
0.743979 -0.441920 -0.410605
0.744944 -0.421950 -0.364654
0.739234 -0.402313 -0.319959
0.746477 -0.392027 -0.278436
0.720633 -0.384547 -0.258590
0.708355 -0.452673 -0.281061
0.715527 -0.488495 -0.319382
0.708355 -0.468703 -0.360587
0.706885 -0.482729 -0.407605
0.714128 -0.461757 -0.456108
0.720488 -0.445504 -0.499939
0.726758 -0.369630 -0.487766
0.732360 -0.307315 -0.473848
0.706479 -0.282224 -0.476502
0.697620 -0.324213 -0.441974
0.714823 -0.296962 -0.411759
0.706993 -0.232198 -0.414009
0.680661 -0.247671 -0.402947
0.686940 -0.275767 -0.362621
0.697160 -0.222825 -0.340280
0.671694 -0.192747 -0.333848
0.665948 -0.229103 -0.296666
0.687508 -0.199403 -0.271484
0.683836 -0.131700 -0.281248
0.661329 -0.101867 -0.302233
0.661392 -0.077332 -0.343511
0.648637 -0.022230 -0.374375
0.652092 0.013547 -0.412797
0.622188 0.021918 -0.420499
0.602612 0.076308 -0.422994
0.579122 0.120145 -0.421379
0.566412 0.180479 -0.424061
0.540477 0.165340 -0.407014
0.553016 0.127603 -0.364337
0.578734 0.096679 -0.356650
0.585491 0.032983 -0.370063
0.604570 -0.024746 -0.370582
0.623893 -0.075462 -0.395952
0.641619 -0.123106 -0.416331
0.627059 -0.105830 -0.462901
0.614231 -0.089444 -0.500573
0.592933 -0.134928 -0.496722
0.581278 -0.100598 -0.461041
0.577119 -0.042512 -0.482862
0.561062 -0.066223 -0.515457
0.541496 -0.088865 -0.485905
0.536336 -0.025570 -0.467199
0.526034 0.011699 -0.500487
0.500722 -0.020004 -0.500299
0.490239 0.021807 -0.468339
0.491439 0.081473 -0.494227
0.480118 0.058408 -0.533385
0.466478 -0.002126 -0.541952
0.476455 -0.053711 -0.566066
0.468138 -0.111908 -0.598070
0.477836 -0.155655 -0.629814
0.457286 -0.208932 -0.620151
0.435203 -0.243084 -0.641886
0.411063 -0.276658 -0.655011
0.392706 -0.299856 -0.684462
0.370523 -0.316688 -0.657391
0.371029 -0.247181 -0.630867
0.391614 -0.197912 -0.625055
0.411704 -0.201830 -0.594277
0.435302 -0.172754 -0.570581
0.466442 -0.174735 -0.557096
0.494182 -0.172509 -0.543178
0.496392 -0.250877 -0.556605
0.497916 -0.316754 -0.568071
0.489166 -0.343782 -0.528986
0.462879 -0.317779 -0.534553
0.457638 -0.351597 -0.571792
0.461382 -0.415226 -0.556937
0.440922 -0.408480 -0.526289
0.420355 -0.393386 -0.555855
0.418478 -0.450091 -0.579898
0.406183 -0.487271 -0.546639
0.380284 -0.465408 -0.556288
0.379671 -0.497712 -0.597897
0.389603 -0.561141 -0.586936
0.393707 -0.588481 -0.545168
0.418514 -0.600281 -0.526938
0.435726 -0.646989 -0.496073
0.461887 -0.667004 -0.485271
0.455536 -0.680763 -0.439046
0.455671 -0.738893 -0.410980
0.452478 -0.784957 -0.377995
0.456745 -0.845669 -0.357559
0.433877 -0.847495 -0.328612
0.411063 -0.820489 -0.360631
0.412579 -0.786404 -0.401115
0.414969 -0.718723 -0.405586
0.416277 -0.657654 -0.432556
0.432343 -0.594114 -0.449330
0.445090 -0.535983 -0.466550
0.466984 -0.538811 -0.427061
0.484962 -0.544265 -0.393615
0.470511 -0.510046 -0.362866
0.449952 -0.558536 -0.361236
0.466560 -0.608585 -0.347535
0.476131 -0.580778 -0.310699
0.450448 -0.572919 -0.292671
0.445189 -0.642670 -0.294229
0.463150 -0.668541 -0.265758
0.450024 -0.641713 -0.229962
0.429412 -0.690737 -0.229457
0.447011 -0.744125 -0.215049
0.460001 -0.714893 -0.177982
0.454012 -0.657075 -0.153911
0.472017 -0.605913 -0.154791
0.487208 -0.544176 -0.137022
0.509147 -0.502655 -0.143743
0.496103 -0.446729 -0.119052
0.500947 -0.410373 -0.080514
0.502084 -0.369141 -0.045482
0.511926 -0.329734 -0.009656
0.484863 -0.317556 0.012036
0.475599 -0.395367 0.001925
0.465315 -0.457037 -0.014762
0.462365 -0.444503 -0.059428
0.458684 -0.476807 -0.102610
0.461724 -0.481660 -0.153464
0.463168 -0.490321 -0.198664
0.472802 -0.411931 -0.201693
0.479342 -0.346231 -0.203539
0.453786 -0.318780 -0.205919
0.447697 -0.339775 -0.162983
0.467480 -0.303686 -0.143613
0.460083 -0.242105 -0.156882
0.434508 -0.244910 -0.138306
0.444991 -0.253949 -0.095874
0.458802 -0.195774 -0.089081
0.436096 -0.157080 -0.084625
0.431225 -0.178231 -0.042338
0.454959 -0.152516 -0.024151
0.453669 -0.087796 -0.038530
0.431676 -0.052820 -0.055361
0.432434 -0.034631 -0.098975
0.422781 0.014950 -0.129825
0.430467 0.036546 -0.170526
0.402881 0.064687 -0.179944
0.391244 0.130253 -0.186333
0.374664 0.188984 -0.189506
0.370677 0.255173 -0.196991
0.343975 0.261808 -0.178718
0.350380 0.221110 -0.133791
0.370208 0.171440 -0.123393
0.367907 0.105563 -0.133965
0.379499 0.036145 -0.130604
0.392895 -0.028264 -0.151762
0.403585 -0.090245 -0.169358
0.391876 -0.067715 -0.216231
0.383261 -0.045674 -0.255504
0.357425 -0.067091 -0.251495
0.350064 -0.024969 -0.218092
0.354024 0.031047 -0.242019
0.336307 0.019046 -0.274109
0.314612 0.014037 -0.245394
0.316804 0.078089 -0.228894
0.309957 0.112242 -0.265744
0.282317 0.095611 -0.261244
0.276706 0.145926 -0.231606
0.282191 0.200450 -0.260090
0.268028 0.177496 -0.297705
0.251204 0.120568 -0.303676
0.260649 0.064575 -0.325281
0.256662 0.000078 -0.353780
0.266955 -0.042423 -0.385077
0.245115 -0.092093 -0.379005
0.223131 -0.112887 -0.406826
0.198468 -0.136709 -0.425677
0.180878 -0.147975 -0.458950
0.157053 -0.167077 -0.434748
0.158316 -0.105852 -0.400697
0.180363 -0.065599 -0.386216
0.199055 -0.084835 -0.356030
0.223041 -0.065488 -0.327920
0.253947 -0.073347 -0.313195
0.281235 -0.086126 -0.296955
0.280080 -0.158483 -0.316541
0.280540 -0.217882 -0.337208
0.268028 -0.251990 -0.303517
0.243266 -0.219329 -0.309373
0.239225 -0.241771 -0.350203
0.240442 -0.308561 -0.341737
0.219180 -0.307537 -0.312964
0.200471 -0.281266 -0.342631
0.199325 -0.331025 -0.372919
0.184477 -0.375018 -0.346814
0.159525 -0.343760 -0.356145
0.159255 -0.360525 -0.400365
0.162195 -0.429475 -0.398836
0.158136 -0.473067 -0.364481
0.179010 -0.507486 -0.346857
0.188608 -0.570893 -0.321863
0.211116 -0.608674 -0.310988
0.199623 -0.633320 -0.269508
0.192118 -0.698953 -0.253326
0.181969 -0.752763 -0.229904
0.178622 -0.819688 -0.220111
0.154401 -0.817751 -0.194424
0.137415 -0.766700 -0.223529
0.145326 -0.720927 -0.256744
0.154212 -0.657008 -0.248826
0.163422 -0.589794 -0.264432
0.185938 -0.532599 -0.268412
0.205414 -0.481416 -0.272854
0.221733 -0.511382 -0.232702
0.235300 -0.540213 -0.199688
0.221977 -0.510002 -0.166113
0.197756 -0.543842 -0.175805
0.208680 -0.606247 -0.168319
0.217150 -0.598633 -0.127027
0.191694 -0.580488 -0.112533
0.180075 -0.641824 -0.125484
0.193047 -0.687264 -0.099956
0.179019 -0.668719 -0.062630
0.157405 -0.710886 -0.071053
0.172777 -0.772133 -0.067462
0.187950 -0.760289 -0.029530
0.183259 -0.707546 0.000829
0.200101 -0.653980 0.006930
0.212144 -0.601438 0.040578
0.233352 -0.555642 0.048366
0.216627 -0.511716 0.077673
0.216546 -0.489608 0.121936
0.210655 -0.466722 0.164541
0.216844 -0.453586 0.206640
0.190782 -0.445170 0.225361
0.178117 -0.512161 0.203510
0.186128 -0.550343 0.166675
0.179425 -0.534648 0.124864
0.179533 -0.552547 0.078019
0.187751 -0.536674 0.029473
0.194246 -0.524896 -0.014848
0.200543 -0.447931 -0.002661
0.206082 -0.383968 0.008459
0.180580 -0.356450 0.004392
0.170810 -0.393007 0.040434
0.188058 -0.364866 0.069539
0.180841 -0.300035 0.065097
0.153995 -0.310966 0.075957
0.160698 -0.336970 0.117133
0.171875 -0.283337 0.137642
0.147618 -0.248361 0.140195
0.138182 -0.284294 0.175574
0.158100 -0.260739 0.205313
0.155827 -0.192613 0.198434
0.135052 -0.158216 0.175920
0.139463 -0.123841 0.138681
0.135530 -0.067403 0.104182
0.147176 -0.036078 0.068601
0.120086 -0.011455 0.053140
0.108801 0.054646 0.047501
0.090028 0.110839 0.045294
0.083091 0.176004 0.050905
0.054766 0.178119 0.050962
0.054621 0.125934 0.090062
0.074991 0.081985 0.105898
0.079032 0.018868 0.088577
0.091878 -0.049169 0.092024
0.109252 -0.109036 0.073202
0.124163 -0.163359 0.056155
0.116270 -0.137845 0.007795
0.111462 -0.112242 -0.032790
0.087033 -0.141696 -0.040290
0.073664 -0.104672 -0.008545
0.078590 -0.045095 -0.027078
0.065654 -0.056160 -0.065688
0.041018 -0.068627 -0.046722
0.039701 -0.004798 -0.026689
0.038546 0.037169 -0.061130
0.012737 0.015774 -0.073707
-0.000271 0.050705 -0.040564
0.006919 0.115848 -0.054164
-0.000893 0.118431 -0.097821
-0.018682 0.076108 -0.119686
-0.007388 0.032226 -0.148777
-0.005782 -0.010943 -0.190660
0.011556 -0.038393 -0.221005
-0.009373 -0.086750 -0.236235
-0.023806 -0.100019 -0.276128
-0.041126 -0.119900 -0.309315
-0.049642 -0.126268 -0.352035
-0.078058 -0.143054 -0.344650
-0.084390 -0.090312 -0.306416
-0.067043 -0.055648 -0.276835
-0.057517 -0.081340 -0.239163
-0.041812 -0.073525 -0.198203
-0.016734 -0.091425 -0.168175
0.004925 -0.106720 -0.139474
0.010789 -0.173778 -0.166415
0.015173 -0.229147 -0.190761
-0.002562 -0.271960 -0.172170
-0.025213 -0.236472 -0.186203
-0.019855 -0.245667 -0.229096
-0.019819 -0.312636 -0.230712
-0.045988 -0.318335 -0.215726
-0.057923 -0.281957 -0.248423
-0.052023 -0.324925 -0.281854
-0.070065 -0.372992 -0.268845
-0.092717 -0.338595 -0.282619
-0.086600 -0.339664 -0.326434
-0.084174 -0.407389 -0.331511
-0.094178 -0.457772 -0.303921
-0.072041 -0.487249 -0.280729
-0.066800 -0.533267 -0.249028
-0.043426 -0.567843 -0.235846
-0.058798 -0.604711 -0.199948
-0.067566 -0.671524 -0.190862
-0.080250 -0.730478 -0.177333
-0.085148 -0.797291 -0.179554
-0.109685 -0.800207 -0.153983
-0.124759 -0.738737 -0.178199
-0.114691 -0.682811 -0.201390
-0.104534 -0.626863 -0.182612
-0.093781 -0.556978 -0.189160
-0.070228 -0.503323 -0.186218
-0.049534 -0.452183 -0.180189
-0.034965 -0.498425 -0.145315
-0.021569 -0.538188 -0.117292
-0.036417 -0.520800 -0.081668
-0.060250 -0.548340 -0.096278
-0.050021 -0.611256 -0.097490
-0.042353 -0.616956 -0.055679
-0.068099 -0.604778 -0.038992
-0.080096 -0.659168 -0.061303
-0.067476 -0.711776 -0.042121
-0.081305 -0.705876 -0.003613
-0.104841 -0.734552 -0.019391
-0.093213 -0.798404 -0.025478
-0.083389 -0.809691 0.015786
-0.089207 -0.775695 0.054063
-0.069488 -0.737802 0.075005
-0.062190 -0.708971 0.117754
-0.039656 -0.674841 0.134642
-0.057255 -0.643516 0.170670
-0.059078 -0.643516 0.217774
-0.066601 -0.641223 0.262658
-0.062785 -0.650796 0.305608
-0.089298 -0.641268 0.322079
-0.103325 -0.690982 0.286484
-0.094755 -0.713090 0.244601
-0.097849 -0.676199 0.207448
-0.096036 -0.668674 0.159896
-0.084282 -0.631828 0.118114
-0.073728 -0.601616 0.080832
-0.064310 -0.537186 0.107557
-0.056209 -0.484109 0.132018
-0.080674 -0.450603 0.129970
-0.094142 -0.500317 0.154387
-0.078238 -0.493816 0.190285
-0.081693 -0.427337 0.198059
-0.109405 -0.435330 0.202501
-0.108269 -0.480770 0.236639
-0.096812 -0.442833 0.268340
-0.120447 -0.405141 0.275364
-0.131542 -0.452406 0.303286
-0.111291 -0.444013 0.335910
-0.110073 -0.373192 0.337785
-0.127609 -0.325905 0.317622
-0.121304 -0.287122 0.282244
-0.126283 -0.216902 0.259355
-0.115675 -0.170260 0.229601
-0.142746 -0.143299 0.217039
-0.156783 -0.080405 0.219303
-0.175501 -0.026126 0.222029
-0.182790 0.038861 0.227322
-0.210998 0.033852 0.235428
-0.207994 -0.025837 0.271037
-0.187057 -0.073815 0.278523
-0.183981 -0.132390 0.256110
-0.169854 -0.198023 0.249836
-0.151623 -0.247871 0.221986
-0.135187 -0.295003 0.199198
-0.141817 -0.253459 0.153623
-0.149674 -0.215967 0.118028
-0.173742 -0.247782 0.108711
-0.186326 -0.221556 0.145863
-0.183394 -0.156368 0.134181
-0.196727 -0.158594 0.095225
-0.220759 -0.178275 0.114638
-0.222680 -0.122705 0.142359
-0.225071 -0.071054 0.113268
-0.251827 -0.089332 0.102018
-0.263626 -0.057362 0.137311
-0.255985 0.008583 0.125369
-0.263292 0.006779 0.081034
-0.278195 -0.042468 0.058231
-0.267875 -0.085993 0.028247
-0.273991 -0.125154 -0.015281
-0.262056 -0.157258 -0.050833
-0.284572 -0.204991 -0.057972
-0.303598 -0.218216 -0.092499
-0.324824 -0.239366 -0.118244
-0.339329 -0.247559 -0.156781
-0.366094 -0.260428 -0.140411
-0.367032 -0.207129 -0.102350
-0.346185 -0.170216 -0.080961
-0.331652 -0.192680 -0.046116
-0.311247 -0.183240 -0.011257
-0.283319 -0.202364 0.010723
-0.258565 -0.216658 0.032126
-0.256761 -0.287500 0.005142
-0.255904 -0.347768 -0.017502
-0.271420 -0.385727 0.010276
-0.294694 -0.347523 0.002805
-0.295533 -0.362306 -0.040246
-0.296525 -0.429853 -0.037506
-0.320007 -0.429341 -0.012440
-0.334981 -0.395501 -0.044934
-0.335982 -0.440807 -0.077385
-0.353086 -0.483419 -0.054871
-0.376342 -0.443256 -0.062674
-0.377334 -0.458440 -0.108552
-0.376152 -0.530017 -0.108523
-0.378552 -0.577572 -0.075582
-0.356586 -0.614351 -0.064505
-0.342099 -0.677246 -0.046953
-0.316930 -0.708548 -0.046405
-0.324147 -0.749157 -0.007247
-0.326384 -0.818040 0.004565
-0.328829 -0.880244 0.023761
-0.326168 -0.949996 0.031304
-0.349866 -0.956564 0.062111
-0.367664 -0.904089 0.032299
-0.381177 -0.849476 0.011315
-0.366960 -0.792727 0.023040
-0.361412 -0.720415 0.013204
-0.342649 -0.656095 0.010449
-0.327764 -0.596028 0.008646
-0.305122 -0.630937 0.040333
-0.287071 -0.659346 0.067750
-0.298708 -0.641980 0.106821
-0.321251 -0.684704 0.098860
-0.306845 -0.742166 0.096105
-0.295271 -0.741231 0.135782
-0.319555 -0.740073 0.157935
-0.328261 -0.801298 0.139662
-0.309281 -0.845224 0.155079
-0.318446 -0.843398 0.196934
-0.340349 -0.885231 0.187920
-0.325581 -0.942204 0.176208
-0.308730 -0.950753 0.210246
-0.310408 -0.924460 0.251826
-0.290328 -0.877462 0.261143
-0.278492 -0.849075 0.297416
-0.254109 -0.818107 0.305536
-0.263608 -0.792281 0.348415
-0.257194 -0.803858 0.393211
-0.256599 -0.810537 0.439493
-0.244872 -0.828148 0.477468
-0.268326 -0.825075 0.504958
-0.288406 -0.867332 0.472406
-0.288190 -0.877016 0.426455
-0.297057 -0.830597 0.397524
-0.303011 -0.813543 0.350809
-0.297779 -0.771064 0.308132
-0.295298 -0.731569 0.268744
-0.281054 -0.673906 0.297402
-0.267812 -0.629557 0.322338
-0.289363 -0.597386 0.338218
-0.299655 -0.650641 0.361655
-0.277753 -0.652132 0.388322
-0.279322 -0.590440 0.405211
-0.305672 -0.600971 0.420456
-0.298916 -0.653646 0.446964
-0.283409 -0.619628 0.475665
-0.305708 -0.586544 0.493694
-0.312952 -0.639932 0.519683
-0.289002 -0.636169 0.545413
-0.287784 -0.565794 0.553533
-0.306241 -0.514009 0.542240
-0.300503 -0.471664 0.507525
-0.303011 -0.403827 0.482358
-0.291239 -0.356606 0.455041
-0.316461 -0.316376 0.451782
-0.323849 -0.251322 0.467387
-0.337309 -0.192123 0.482040
-0.337841 -0.129563 0.498597
-0.366365 -0.124976 0.508289
-0.367114 -0.196709 0.534452
-0.351534 -0.256064 0.529620
-0.354611 -0.301192 0.496780
-0.346293 -0.368294 0.478305
-0.333087 -0.413423 0.441383
-0.323922 -0.455167 0.405168
-0.329136 -0.394699 0.373784
-0.330669 -0.341979 0.347073
-0.357615 -0.352309 0.336516
-0.366202 -0.335523 0.378255
-0.356568 -0.272205 0.377245
-0.370352 -0.250409 0.341679
-0.395466 -0.263789 0.358914
-0.391722 -0.222580 0.395533
-0.389043 -0.161177 0.377361
-0.416043 -0.157325 0.364741
-0.425406 -0.142231 0.405831
-0.413517 -0.079559 0.409711
-0.424676 -0.047878 0.374866
-0.449095 -0.061904 0.353895
-0.448121 -0.081562 0.312142
-0.463646 -0.087440 0.268874
-0.460092 -0.096457 0.224683
-0.487046 -0.128516 0.218351
-0.511366 -0.111351 0.194958
-0.537256 -0.107255 0.177954
-0.557328 -0.085370 0.149714
-0.581422 -0.102935 0.173540
-0.571707 -0.079136 0.220731
-0.545420 -0.065733 0.238110
-0.528966 -0.114000 0.255288
-0.503112 -0.133392 0.277527
-0.474868 -0.172131 0.278494
-0.449754 -0.205726 0.281090
-0.458766 -0.252012 0.241774
-0.466722 -0.287834 0.207058
-0.480515 -0.337192 0.229053
-0.500577 -0.291329 0.242711
-0.508976 -0.275834 0.201419
-0.515227 -0.337638 0.186852
-0.533513 -0.347701 0.219923
-0.550066 -0.293511 0.210102
-0.559601 -0.311656 0.170439
-0.577516 -0.359790 0.186838
-0.597606 -0.312391 0.194871
-0.601503 -0.295137 0.150464
-0.602522 -0.360235 0.131816
-0.603524 -0.423219 0.151820
-0.582676 -0.468681 0.152728
-0.576046 -0.545846 0.151531
-0.555641 -0.593089 0.141984
-0.566628 -0.645119 0.172026
-0.577688 -0.711197 0.169300
-0.591589 -0.772801 0.174016
-0.599275 -0.835539 0.161555
-0.621060 -0.846560 0.192246
-0.635647 -0.774203 0.184545
-0.625255 -0.711954 0.169430
-0.611597 -0.667694 0.194568
-0.598923 -0.602596 0.199703
-0.573358 -0.556822 0.208760
-0.551527 -0.512918 0.217198
-0.535172 -0.577349 0.236711
-0.521587 -0.630915 0.252172
-0.530337 -0.628154 0.294474
-0.557292 -0.643806 0.282748
-0.551212 -0.704273 0.265759
-0.540341 -0.732815 0.301527
-0.563687 -0.724422 0.325324
-0.580196 -0.761535 0.297560
-0.568974 -0.824096 0.301815
-0.579898 -0.833446 0.343828
-0.605743 -0.852615 0.327487
-0.598120 -0.911591 0.305882
-0.581287 -0.942026 0.336949
-0.576172 -0.926864 0.380245
-0.550995 -0.906426 0.393081
-0.527442 -0.907005 0.426210
-0.499585 -0.899547 0.429484
-0.500244 -0.880378 0.475435
-0.489283 -0.908207 0.514635
-0.482057 -0.925506 0.556273
-0.466839 -0.957299 0.588191
-0.486279 -0.953848 0.623916
-0.513405 -0.972705 0.597594
-0.519900 -0.969477 0.552379
-0.529155 -0.914397 0.531553
-0.539358 -0.881669 0.491689
-0.536318 -0.828749 0.454320
-0.534532 -0.786315 0.418855
-0.510302 -0.745060 0.443633
-0.491268 -0.711376 0.467848
-0.509481 -0.672837 0.491501
-0.519747 -0.727606 0.514462
-0.495490 -0.744993 0.531899
-0.489996 -0.686507 0.552437
-0.512593 -0.688066 0.578210
-0.505963 -0.750270 0.596801
-0.482229 -0.735465 0.617584
-0.494389 -0.696325 0.648362
-0.504411 -0.750559 0.671222
-0.479387 -0.777097 0.683149
-0.467868 -0.722351 0.702548
-0.479920 -0.663553 0.716754
-0.473984 -0.605379 0.692567
-0.473560 -0.535093 0.696231
-0.460777 -0.485490 0.671741
-0.479703 -0.431812 0.687058
-0.477836 -0.373192 0.713495
-0.481985 -0.317779 0.741200
-0.473370 -0.263990 0.764291
-0.498051 -0.252591 0.789386
-0.503040 -0.330780 0.803391
-0.494759 -0.392428 0.783704
-0.507226 -0.420458 0.748844
-0.508750 -0.479612 0.718499
-0.506919 -0.511226 0.671582
-0.507911 -0.542262 0.628848
-0.512512 -0.470261 0.607604
-0.513540 -0.407434 0.591450
-0.540937 -0.399196 0.595417
-0.540197 -0.398061 0.640631
-0.524284 -0.342780 0.643040
-0.540350 -0.300591 0.620786
-0.562190 -0.308940 0.647699
-0.548235 -0.287411 0.684866
-0.542579 -0.223136 0.673039
-0.569271 -0.202921 0.674784
-0.570237 -0.199804 0.719451
-0.551491 -0.146906 0.723244
-0.561414 -0.099306 0.694154
-0.585689 -0.093295 0.672188
-0.582649 -0.103247 0.627305
-0.596460 -0.098327 0.585725
-0.592031 -0.094275 0.540841
-0.621692 -0.086995 0.531741
-0.637983 -0.033095 0.515111
-0.657604 0.011588 0.501193
-0.672488 0.066869 0.483396
-0.698405 0.055625 0.508419
-0.681888 0.038928 0.553403
-0.668492 0.017666 0.591594
-0.660175 -0.046943 0.577720
-0.641059 -0.102134 0.588393
-0.623388 -0.165540 0.576754
-0.607818 -0.222290 0.567797
-0.621493 -0.230016 0.522467
-0.632472 -0.234557 0.481882
-0.654573 -0.271025 0.495424
-0.665199 -0.219151 0.520909
-0.667590 -0.176739 0.486670
-0.683629 -0.216101 0.461445
-0.703457 -0.220620 0.493348
-0.707796 -0.151804 0.496362
-0.716474 -0.140182 0.455459
-0.740542 -0.175515 0.461632
-0.751746 -0.123262 0.486381
-0.751980 -0.074950 0.454349
-0.766008 -0.112509 0.421609
-0.780910 -0.169592 0.425763
-0.768191 -0.231062 0.414816
-0.782489 -0.287968 0.404115
-0.777753 -0.336079 0.372933
-0.793539 -0.387397 0.396081
-0.818401 -0.420836 0.387933
-0.843380 -0.454922 0.389822
-0.866148 -0.479946 0.371390
-0.881538 -0.492903 0.410562
-0.876396 -0.418476 0.431532
-0.855449 -0.370432 0.426210
-0.830561 -0.376554 0.444902
-0.803435 -0.344450 0.452863
-0.771745 -0.346343 0.451003
-0.742571 -0.344495 0.453007
-0.741714 -0.423976 0.445839
-0.741958 -0.491167 0.436941
-0.745449 -0.513141 0.478507
-0.771357 -0.486358 0.482502
-0.782038 -0.521868 0.449863
-0.776364 -0.583917 0.465195
-0.790761 -0.575011 0.503573
-0.815541 -0.560251 0.481535
-0.819781 -0.618960 0.460320
-0.824183 -0.652733 0.499448
-0.851192 -0.627776 0.502809
-0.861367 -0.661817 0.465757
-0.850605 -0.726559 0.472824
-0.837318 -0.750871 0.510035
-0.810056 -0.760667 0.514174
-0.789200 -0.807688 0.537942
-0.762345 -0.830396 0.537957
-0.761317 -0.838701 0.585782
-0.758313 -0.893870 0.614974
-0.759043 -0.939443 0.649703
-0.754533 -1.000000 0.669275
-0.769905 -0.990761 0.709168
-0.796841 -0.961529 0.686149
-0.800765 -0.930204 0.645203
-0.795650 -0.863925 0.637574
-0.797039 -0.805328 0.606782
-0.783264 -0.746975 0.579999
-0.772421 -0.691227 0.555812
-0.745855 -0.694923 0.585609
-0.722536 -0.703004 0.610329
-0.729166 -0.667271 0.647266
-0.749084 -0.712823 0.659352
-0.731873 -0.765008 0.663895
-0.715067 -0.739361 0.693952
-0.735625 -0.727428 0.723807
-0.744493 -0.794864 0.725177
-0.722987 -0.826010 0.743926
-0.727633 -0.796111 0.784007
-0.747614 -0.841239 0.796021
-0.730258 -0.897053 0.800477
-0.710466 -0.868779 0.827318
-0.711540 -0.807376 0.849485
-0.695897 -0.754188 0.838423
-0.679001 -0.689090 0.846587
-0.659146 -0.646299 0.830808
-0.668014 -0.591130 0.860288
-0.656765 -0.557535 0.897556
-0.651352 -0.523137 0.936194
-0.635115 -0.496911 0.968213
-0.655646 -0.478210 1.000000
-0.672389 -0.547360 0.998125
-0.674419 -0.597342 0.965371
-0.690638 -0.591776 0.929819
-0.701725 -0.623724 0.888643
-0.706055 -0.625861 0.837846
-0.711837 -0.628110 0.791506
-0.703556 -0.551679 0.787540
-0.695094 -0.486959 0.785795
-0.718648 -0.454722 0.796742
-0.718747 -0.480458 0.839043
-0.695230 -0.449490 0.850336
-0.702437 -0.385860 0.842692
-0.723934 -0.388087 0.870975
-0.709744 -0.405296 0.907537
-0.694652 -0.348881 0.912858
-0.716050 -0.310743 0.927425
-0.715148 -0.335077 0.969482
-0.690295 -0.302951 0.979231
-0.696700 -0.237229 0.965761
-0.721120 -0.208086 0.952059
-0.725874 -0.189541 0.910320
-0.739288 -0.146728 0.874119
-0.737177 -0.126290 0.831414
-0.766215 -0.106898 0.829827
-0.780315 -0.044894 0.824679
-0.799258 0.007536 0.823712
-0.807116 0.071544 0.815621
-0.832789 0.072568 0.838193
-0.821432 0.039173 0.882600
-0.798329 -0.001881 0.891051
-0.797391 -0.069273 0.883061
-0.782516 -0.134327 0.886061
-0.769219 -0.198401 0.864038
-0.758096 -0.258647 0.845245
-0.774613 -0.245511 0.802107
-0.788533 -0.231396 0.765200
-0.813078 -0.260539 0.775973
-0.818320 -0.212650 0.807833
-0.818049 -0.159351 0.780156
-0.837263 -0.178119 0.750907
-0.856622 -0.185311 0.784137
-0.854592 -0.116850 0.797593
-0.861990 -0.083433 0.760873
-0.888755 -0.104761 0.763945
-0.894465 -0.053844 0.794925
-0.890297 0.000323 0.765575
-0.904496 -0.021295 0.728436
-0.921942 -0.076553 0.724557
-0.916259 -0.135151 0.703875
-0.929926 -0.192279 0.676400
-0.924631 -0.245288 0.647641
-0.948834 -0.284628 0.661833
-0.973758 -0.307159 0.642463
-1.000000 -0.328242 0.631718
