0.678955 0.485758 0.956282
0.637863 0.444480 0.904857
0.611916 0.399038 0.850840
0.576954 0.352490 0.802204
0.567837 0.307230 0.746939
0.554174 0.271343 0.679392
0.522199 0.225700 0.630463
0.518011 0.180600 0.569962
0.432712 0.187882 0.531015
0.420658 0.208079 0.448251
0.379822 0.203029 0.384399
0.344426 0.224533 0.319470
0.297588 0.220570 0.257844
0.276621 0.209245 0.188144
0.296566 0.232137 0.114555
0.319245 0.235094 0.042214
0.401351 0.236241 0.064745
0.412614 0.174465 0.090727
0.413533 0.137854 0.027559
0.491477 0.141555 0.009578
0.518522 0.111563 0.073112
0.477762 0.058638 0.061761
0.510911 0.042907 -0.005957
0.587629 0.036209 0.023596
0.568348 -0.015912 0.071595
0.567198 -0.063506 0.019241
0.594831 -0.108022 -0.024061
0.612580 -0.130995 -0.096207
0.578384 -0.194440 -0.075706
0.496737 -0.207455 -0.123876
0.491706 -0.201078 -0.205539
0.494873 -0.252213 -0.257624
0.476230 -0.319239 -0.283825
0.460371 -0.369106 -0.338063
0.473344 -0.438003 -0.334516
0.425766 -0.503943 -0.342100
0.395528 -0.561011 -0.361989
0.406535 -0.615586 -0.300510
0.340850 -0.665674 -0.277954
0.302696 -0.719585 -0.274822
0.316818 -0.766535 -0.216670
0.291459 -0.772811 -0.129209
0.220845 -0.788683 -0.081724
0.188513 -0.844927 -0.061345
0.144178 -0.863594 0.009969
0.084035 -0.893989 0.050580
0.030199 -0.915755 0.103204
0.072721 -0.937379 0.179704
0.079668 -0.889624 0.239520
0.003077 -0.892662 0.281966
0.010713 -0.942630 0.342565
0.056657 -0.917203 0.410698
0.006168 -0.872304 0.455395
-0.037197 -0.924867 0.492728
-0.013855 -0.944722 0.578501
-0.000345 -0.929333 0.662830
0.014851 -0.922876 0.744395
0.053056 -0.929554 0.820430
0.116724 -0.962926 0.877335
0.180749 -0.979743 0.936637
0.271615 -1.000000 0.959780
0.359596 -0.994850 0.974092
0.443158 -0.989761 1.000000
0.537369 -0.989801 0.994471
0.625247 -0.983465 0.957676
0.708222 -0.966447 0.963817
0.790354 -0.959969 0.920123
0.863803 -0.944259 0.860699
0.908189 -0.902861 0.804284
0.968894 -0.857982 0.767978
1.000000 -0.843740 0.684261
0.994790 -0.797976 0.612188
0.992364 -0.759937 0.549388
0.939652 -0.729703 0.485707
0.907474 -0.681345 0.441328
0.853690 -0.643989 0.411188
0.795028 -0.622848 0.366148
0.755724 -0.587906 0.319764
0.697036 -0.551818 0.302369
0.631402 -0.534056 0.269367
0.584820 -0.504224 0.224083
0.517858 -0.479824 0.204878
0.445635 -0.483585 0.185845
0.380971 -0.458682 0.163802
0.307982 -0.447357 0.175521
0.235861 -0.463007 0.178285
0.163230 -0.449147 0.175839
0.101401 -0.435549 0.212462
0.032574 -0.453231 0.232254
-0.040977 -0.467090 0.222786
-0.109931 -0.464737 0.255104
-0.183686 -0.479804 0.257868
-0.258565 -0.482620 0.242260
-0.335794 -0.483002 0.250627
-0.406663 -0.508972 0.238199
-0.445533 -0.448403 0.264890
-0.504552 -0.399119 0.266040
-0.553816 -0.356876 0.291018
-0.610971 -0.314854 0.286761
-0.649126 -0.257785 0.259752
-0.723622 -0.252293 0.283556
-0.782999 -0.226062 0.316950
-0.819749 -0.227571 0.398148
-0.866076 -0.214495 0.457964
-0.922388 -0.246198 0.495395
-0.958270 -0.228436 0.561253
-0.912811 -0.169436 0.565167
-0.875244 -0.137130 0.509266
-0.802025 -0.135279 0.483187
-0.744615 -0.077667 0.473768
-0.699539 -0.023073 0.450184
-0.648053 0.033372 0.467187
-0.612248 0.099131 0.456202
-0.582240 0.154550 0.445536
-0.566611 0.210191 0.415983
-0.501871 0.231011 0.366662
-0.445762 0.254285 0.320767
-0.372186 0.272007 0.276486
-0.304483 0.289387 0.305158
-0.231366 0.275849 0.329060
-0.257722 0.258429 0.403286
-0.287092 0.200756 0.400521
-0.294932 0.138478 0.426429
-0.384725 0.138860 0.402038
-0.448240 0.117135 0.341195
-0.522199 0.110094 0.296498
-0.575268 0.084627 0.239349
-0.643559 0.072498 0.205270
-0.618275 0.052784 0.136916
-0.571974 0.002836 0.171313
-0.555042 -0.015650 0.238199
-0.480955 0.021444 0.268119
-0.405616 0.029309 0.303617
-0.342229 0.070224 0.331971
-0.258029 0.062721 0.368179
-0.193288 0.048701 0.413071
-0.150230 0.021283 0.463224
-0.189075 0.021705 0.531162
-0.265052 0.047373 0.533119
-0.342306 0.054977 0.544715
-0.423595 0.025829 0.534440
-0.503429 0.029248 0.537718
-0.576494 -0.008791 0.555064
-0.657809 -0.022389 0.558195
-0.727606 -0.049706 0.591834
-0.808333 -0.074831 0.576788
-0.890593 -0.085492 0.614170
-0.966519 -0.100700 0.642549
-0.926526 -0.147751 0.699967
-0.888090 -0.187218 0.745080
-0.847790 -0.239077 0.761422
-0.813671 -0.278544 0.809544
-0.754855 -0.302965 0.845996
-0.690575 -0.307310 0.792810
-0.668305 -0.268929 0.738939
-0.617509 -0.252595 0.668603
-0.551569 -0.229824 0.619430
-0.511677 -0.233907 0.544275
-0.440655 -0.233565 0.492997
-0.415831 -0.239459 0.407445
-0.374152 -0.251851 0.337427
-0.371573 -0.244830 0.249844
-0.382784 -0.239399 0.175423
-0.419917 -0.224211 0.106775
-0.390880 -0.268748 0.058947
-0.388582 -0.327225 0.035388
-0.309259 -0.335734 0.044513
-0.319704 -0.325093 0.130041
-0.368279 -0.356855 0.176744
-0.308978 -0.397650 0.200572
-0.268244 -0.356876 0.244658
-0.233895 -0.321572 0.300486
-0.215201 -0.273536 0.346748
-0.136414 -0.238715 0.363139
-0.062506 -0.218217 0.366026
0.015642 -0.215602 0.360644
0.088248 -0.219746 0.388778
0.089117 -0.162094 0.419261
0.027058 -0.169235 0.468606
0.050630 -0.220933 0.503859
0.118537 -0.191423 0.533486
0.085950 -0.146846 0.578207
0.065902 -0.121118 0.649766
-0.015004 -0.109672 0.650720
-0.039470 -0.135762 0.719661
-0.082579 -0.146665 0.783831
-0.098106 -0.210975 0.787305
-0.170738 -0.221476 0.747306
-0.139198 -0.231252 0.670316
-0.106713 -0.254948 0.610011
-0.069810 -0.243402 0.543908
-0.133988 -0.262230 0.496618
-0.187364 -0.213570 0.500165
-0.232439 -0.165373 0.475627
-0.281167 -0.162677 0.542318
-0.309361 -0.122224 0.607344
-0.326625 -0.093237 0.682353
-0.343685 -0.045241 0.736028
-0.370628 -0.056948 0.809030
-0.363452 -0.127595 0.821996
-0.356710 -0.181445 0.866350
-0.406178 -0.218297 0.817446
-0.359289 -0.242879 0.763452
-0.346622 -0.286551 0.698328
-0.299835 -0.326963 0.652946
-0.303947 -0.368241 0.583809
-0.288930 -0.428569 0.550464
-0.311455 -0.476485 0.507969
-0.299427 -0.536852 0.485535
-0.337454 -0.529067 0.412558
-0.310970 -0.465481 0.389439
-0.269751 -0.418108 0.421561
-0.309565 -0.369187 0.453780
-0.324557 -0.312963 0.487811
-0.360438 -0.284619 0.561693
-0.415933 -0.249115 0.612996
-0.456438 -0.241330 0.689937
-0.527282 -0.219343 0.737129
-0.590004 -0.197759 0.769471
-0.655000 -0.166177 0.783905
-0.694201 -0.104904 0.795574
-0.739175 -0.055761 0.803158
-0.750616 0.003078 0.816443
-0.763079 0.054514 0.854730
-0.804170 0.103235 0.872662
-0.813850 0.127394 0.794620
-0.811066 0.074489 0.741899
-0.810734 0.031783 0.675087
-0.721094 0.011466 0.685362
-0.642920 -0.015067 0.672395
-0.556319 -0.016133 0.669240
-0.482819 -0.030999 0.628898
-0.399155 -0.036450 0.616885
-0.338373 -0.041579 0.558097
-0.267018 -0.067549 0.514648
-0.200873 -0.071794 0.459750
-0.123389 -0.099433 0.444949
-0.131485 -0.079578 0.358271
-0.136184 -0.069883 0.284730
-0.149924 -0.082817 0.213245
-0.065519 -0.084225 0.197539
-0.027926 -0.134877 0.220071
0.018605 -0.184483 0.214175
-0.021516 -0.235597 0.246199
-0.106406 -0.212725 0.241795
-0.143463 -0.177925 0.189294
-0.122649 -0.147872 0.126861
-0.196838 -0.123532 0.109393
-0.262191 -0.150326 0.141907
-0.332984 -0.151674 0.174591
-0.391161 -0.151633 0.240450
-0.440706 -0.174907 0.303226
-0.494235 -0.174203 0.364411
-0.534611 -0.208541 0.421096
-0.604127 -0.214616 0.470563
-0.638400 -0.247586 0.537914
-0.694763 -0.280053 0.581069
-0.694814 -0.324972 0.648934
-0.689451 -0.366712 0.706621
-0.651680 -0.412818 0.743661
-0.641822 -0.446110 0.671295
-0.653161 -0.415352 0.600250
-0.720659 -0.391294 0.570574
-0.767880 -0.350137 0.532948
-0.800697 -0.286933 0.531675
-0.737975 -0.252635 0.476288
-0.709244 -0.210814 0.406906
-0.639472 -0.171085 0.373121
-0.590132 -0.125382 0.319715
-0.510324 -0.095752 0.290577
-0.442698 -0.065558 0.270150
-0.353134 -0.053347 0.268755
-0.286657 -0.005713 0.279201
-0.206007 0.006860 0.289501
-0.171632 0.076139 0.289305
-0.151967 0.137452 0.292926
-0.231928 0.157829 0.256523
-0.310051 0.159137 0.259483
-0.323918 0.209306 0.215251
-0.293323 0.183256 0.151252
-0.333878 0.130874 0.147142
-0.404186 0.156904 0.144010
-0.396064 0.188948 0.081210
-0.377217 0.141254 0.036660
-0.443796 0.107197 0.048403
-0.495767 0.151533 0.029076
-0.468032 0.159298 -0.040648
-0.480137 0.101444 -0.062935
-0.557749 0.104603 -0.053198
-0.571438 0.151151 -0.100855
-0.542630 0.124195 -0.163264
-0.596772 0.076340 -0.159815
-0.667565 0.120534 -0.158909
-0.653314 0.164045 -0.218162
-0.658601 0.201460 -0.274773
-0.633726 0.251328 -0.308167
-0.636842 0.311494 -0.323605
-0.634697 0.355407 -0.374907
-0.626652 0.411048 -0.401867
-0.643482 0.452164 -0.454857
-0.633011 0.482700 -0.521474
-0.627188 0.547111 -0.542269
-0.597742 0.605608 -0.555113
-0.623204 0.629828 -0.634304
-0.637506 0.675370 -0.679270
-0.673362 0.671246 -0.765214
-0.710648 0.652559 -0.833372
-0.785783 0.623109 -0.877873
-0.850114 0.599312 -0.922692
-0.884693 0.545120 -0.972600
-0.932425 0.499899 -1.000000
-0.973312 0.431747 -0.998214
-0.988763 0.368221 -0.985786
-0.989759 0.312902 -0.923377
-1.000000 0.259857 -0.884038
-0.967260 0.219082 -0.817544
-0.952115 0.203472 -0.743220
-0.918226 0.183235 -0.679735
-0.868093 0.152760 -0.642867
-0.834893 0.140067 -0.581387
-0.774112 0.134314 -0.539749
-0.736647 0.114600 -0.482086
-0.699769 0.120434 -0.416545
-0.627801 0.124356 -0.378674
-0.654566 0.071009 -0.330797
-0.645806 0.016495 -0.368032
-0.627929 -0.044295 -0.380167
-0.583185 -0.090340 -0.423028
-0.555604 -0.143185 -0.461536
-0.484888 -0.177221 -0.484728
-0.443030 -0.220249 -0.527370
-0.367972 -0.257604 -0.521351
-0.300397 -0.290111 -0.544568
-0.245208 -0.296709 -0.480496
-0.195970 -0.274099 -0.426698
-0.163000 -0.226283 -0.460826
-0.231111 -0.197900 -0.475040
-0.250239 -0.189833 -0.403653
-0.189151 -0.155355 -0.382980
-0.202763 -0.107419 -0.429756
-0.275676 -0.093961 -0.404754
-0.255705 -0.084708 -0.333268
-0.205394 -0.038502 -0.343763
-0.257058 -0.001126 -0.377157
-0.308927 0.002655 -0.321134
-0.259714 0.024541 -0.269244
-0.240892 0.076943 -0.308314
-0.314239 0.100579 -0.310492
-0.327264 0.103054 -0.237196
-0.264311 0.140187 -0.223691
-0.291203 0.188083 -0.265159
-0.358931 0.195768 -0.225942
-0.323254 0.207073 -0.160720
-0.286070 0.261044 -0.190297
-0.340901 0.299324 -0.217942
-0.372288 0.312741 -0.146848
-0.301623 0.350076 -0.122849
-0.305837 0.405596 -0.157955
-0.308059 0.464858 -0.166665
-0.310842 0.512311 -0.209747
-0.219185 0.523817 -0.216328
-0.157611 0.505552 -0.276877
-0.103163 0.515590 -0.323727
-0.045114 0.502052 -0.366564
0.031885 0.494488 -0.373341
0.082758 0.490123 -0.427824
0.158658 0.477993 -0.440912
0.215813 0.480045 -0.489841
0.281728 0.456992 -0.516972
0.355152 0.482419 -0.537987
0.423518 0.479160 -0.571528
0.508026 0.506437 -0.555822
0.589928 0.512130 -0.563822
0.649305 0.549244 -0.526342
0.711721 0.568555 -0.460484
0.764816 0.592050 -0.405145
0.770715 0.628219 -0.325513
0.786242 0.642501 -0.242382
0.768851 0.661410 -0.159668
0.742265 0.677865 -0.087130
0.693129 0.669275 -0.009725
0.671702 0.663522 0.070519
0.636816 0.662436 0.139387
0.582675 0.675390 0.204193
0.569190 0.682028 0.280425
0.529963 0.691020 0.350809
0.538365 0.720731 0.424080
0.520182 0.731654 0.501070
0.528048 0.785605 0.563357
0.500313 0.827225 0.629485
0.492805 0.873391 0.683723
0.497325 0.945748 0.711906
0.434526 1.000000 0.733752
