-0.076274 1.000000 -0.206749
-0.108192 0.950984 -0.160156
-0.101686 0.888961 -0.137822
-0.126218 0.843679 -0.097708
-0.115457 0.786643 -0.065865
-0.137469 0.727420 -0.048638
-0.126756 0.685534 0.000785
-0.134216 0.625526 0.021837
-0.147668 0.585274 0.072322
-0.125607 0.535918 0.110136
-0.150530 0.483529 0.140542
-0.141358 0.441218 0.186206
-0.148622 0.384415 0.212587
-0.164129 0.353456 0.265416
-0.182815 0.302997 0.296684
-0.226352 0.270002 0.335537
-0.233958 0.256952 0.398074
-0.260129 0.220752 0.442964
-0.288354 0.218694 0.504395
-0.275318 0.184404 0.562620
-0.262306 0.167492 0.624493
-0.215296 0.155822 0.675022
-0.190887 0.123590 0.728116
-0.228015 0.161233 0.772630
-0.297257 0.143621 0.752529
-0.290115 0.080558 0.763918
-0.278228 0.084611 0.831098
-0.340059 0.115973 0.850292
-0.389710 0.073598 0.824973
-0.364958 0.021803 0.861128
-0.378924 0.045865 0.922117
-0.451810 0.055498 0.915571
-0.467440 -0.007501 0.904802
-0.440560 -0.034237 0.962385
-0.489721 0.007119 1.000000
-0.550232 0.041197 0.973508
-0.542136 0.103729 0.946088
-0.594453 0.121192 0.897571
-0.649827 0.081258 0.877934
-0.712636 0.071222 0.824928
-0.698597 -0.006079 0.818648
-0.721833 -0.075338 0.798591
-0.706913 -0.140184 0.775991
-0.739761 -0.205687 0.756731
-0.715058 -0.278829 0.757151
-0.740837 -0.324938 0.798061
-0.726896 -0.282585 0.856904
-0.678957 -0.230216 0.843083
-0.641976 -0.164946 0.859646
-0.620403 -0.096281 0.835830
-0.588045 -0.036911 0.841425
-0.593670 0.032157 0.802196
-0.599124 0.078033 0.742976
-0.624366 0.105151 0.686786
-0.558621 0.129807 0.664739
-0.523988 0.072707 0.654611
-0.573908 0.048199 0.610606
-0.571608 0.098382 0.565914
-0.497524 0.090170 0.549418
-0.508383 0.024349 0.523855
-0.593156 0.026534 0.500415
-0.660784 0.022588 0.468815
-0.695418 -0.010132 0.517707
-0.693608 0.035765 0.565561
-0.729684 0.079730 0.529361
-0.793301 0.046968 0.521577
-0.808098 0.036974 0.586104
-0.807487 0.101756 0.609832
-0.851757 0.129829 0.552691
-0.921904 0.108992 0.553929
-0.997163 0.117140 0.567860
-1.000000 0.061121 0.611181
-0.968595 0.095008 0.668896
-0.953064 0.122402 0.725949
-0.902043 0.150963 0.765466
-0.905125 0.097491 0.812434
-0.863277 0.048093 0.788463
-0.811816 -0.006079 0.812346
-0.836739 -0.065896 0.776854
-0.809419 -0.121532 0.729222
-0.816023 -0.173816 0.684110
-0.773000 -0.225357 0.644306
-0.767228 -0.274267 0.594043
-0.701777 -0.310551 0.570359
-0.647308 -0.311633 0.631967
-0.595358 -0.311336 0.684553
-0.548348 -0.288589 0.730460
-0.487275 -0.286192 0.689661
-0.513348 -0.240910 0.646695
-0.527779 -0.195459 0.692403
-0.457607 -0.188584 0.712040
-0.430336 -0.168193 0.651781
-0.474166 -0.115888 0.645677
-0.450588 -0.087666 0.702575
-0.378508 -0.084462 0.690435
-0.383620 -0.048432 0.634134
-0.410182 0.006398 0.660781
-0.340549 0.012084 0.700961
-0.277959 -0.010429 0.657663
-0.268763 -0.039860 0.595303
-0.268151 -0.112790 0.619230
-0.257390 -0.187969 0.605984
-0.252473 -0.252560 0.598908
-0.230241 -0.303676 0.551497
-0.249710 -0.376627 0.534978
-0.284636 -0.431754 0.521798
-0.346101 -0.421208 0.564344
-0.368896 -0.356215 0.533165
-0.378973 -0.341340 0.467576
-0.452324 -0.356193 0.462225
-0.479669 -0.319548 0.513462
-0.447628 -0.262766 0.491370
-0.482775 -0.259180 0.432195
-0.552751 -0.260474 0.455303
-0.544484 -0.207024 0.492609
-0.521053 -0.163652 0.446723
-0.584180 -0.168278 0.409551
-0.634638 -0.150560 0.455723
-0.592961 -0.090573 0.467665
-0.537709 -0.062352 0.432748
-0.455968 -0.078861 0.437060
-0.392621 -0.070500 0.399578
-0.343141 -0.091401 0.446856
-0.367282 -0.154655 0.441505
-0.361974 -0.165753 0.376757
-0.287743 -0.155631 0.376425
-0.267809 -0.201358 0.420806
-0.296156 -0.251265 0.384452
-0.255213 -0.242311 0.328903
-0.187511 -0.249759 0.357606
-0.200915 -0.310572 0.378990
-0.214563 -0.336948 0.317802
-0.146763 -0.320376 0.291355
-0.106040 -0.360586 0.338788
-0.149136 -0.421463 0.330142
-0.139597 -0.450936 0.270148
-0.155960 -0.524227 0.245602
-0.189493 -0.581815 0.235496
-0.245307 -0.576977 0.286667
-0.275831 -0.508779 0.265991
-0.297942 -0.491443 0.203233
-0.370608 -0.507782 0.212366
-0.386237 -0.471943 0.266544
-0.368798 -0.415692 0.237066
-0.418376 -0.418662 0.187134
-0.479864 -0.424243 0.226364
-0.473089 -0.368776 0.259954
-0.489623 -0.330900 0.201751
-0.566546 -0.339345 0.203100
-0.576353 -0.300663 0.264332
-0.514962 -0.249377 0.247128
-0.471549 -0.199703 0.223002
-0.396705 -0.224211 0.189036
-0.352533 -0.218885 0.133266
-0.286593 -0.237749 0.161793
-0.309437 -0.297056 0.179749
-0.329713 -0.318084 0.119490
-0.264189 -0.312376 0.088619
-0.224077 -0.350485 0.130546
-0.265412 -0.404912 0.124753
-0.262624 -0.410981 0.056577
-0.187927 -0.413952 0.051314
-0.181152 -0.467254 0.089637
-0.216642 -0.506276 0.047267
-0.172372 -0.497364 -0.007397
-0.102176 -0.510244 0.019604
-0.131355 -0.571694 0.054764
-0.164643 -0.624338 0.029621
-0.118563 -0.672124 0.049877
-0.123308 -0.658204 0.118074
-0.197197 -0.659880 0.124863
-0.206662 -0.722285 0.108787
-0.166893 -0.746815 0.162876
-0.196292 -0.709193 0.221123
-0.272652 -0.695401 0.220083
-0.347006 -0.695167 0.238415
-0.376111 -0.649165 0.196488
-0.385161 -0.686531 0.142134
-0.449389 -0.717278 0.163849
-0.490088 -0.654215 0.164756
-0.513348 -0.642969 0.101998
-0.551357 -0.631319 0.043375
-0.559306 -0.617357 -0.021771
-0.540668 -0.552936 -0.014982
-0.469616 -0.561615 0.007729
-0.443592 -0.598875 -0.041651
-0.456922 -0.558432 -0.092312
-0.414242 -0.508843 -0.071703
-0.348767 -0.541881 -0.073715
-0.343777 -0.567981 -0.137645
-0.352142 -0.508843 -0.173977
-0.285052 -0.477460 -0.168802
-0.214318 -0.452337 -0.176984
-0.189248 -0.461334 -0.109163
-0.166917 -0.520874 -0.104497
-0.113011 -0.570760 -0.082737
-0.072899 -0.619882 -0.131608
-0.039537 -0.664442 -0.172495
-0.118489 -0.699220 -0.184348
-0.186582 -0.729563 -0.189611
-0.179929 -0.773317 -0.141736
-0.204119 -0.733574 -0.091428
-0.276271 -0.730561 -0.114138
-0.290751 -0.794006 -0.109450
-0.273850 -0.800138 -0.043309
-0.327634 -0.759588 -0.022257
-0.384158 -0.796191 -0.043818
-0.368358 -0.849260 -0.008016
-0.373519 -0.821315 0.052110
-0.446014 -0.802005 0.045697
-0.475120 -0.861864 0.035746
-0.452202 -0.895517 0.091251
-0.502611 -0.866808 0.135743
-0.568331 -0.878606 0.080902
-0.601399 -0.914445 0.031987
-0.672965 -0.894244 0.036122
-0.655086 -0.827001 0.020864
-0.591395 -0.827765 -0.027874
-0.601326 -0.853483 -0.089548
-0.634883 -0.800605 -0.119158
-0.568649 -0.762474 -0.124907
-0.534040 -0.777858 -0.181916
-0.570630 -0.732810 -0.221609
-0.536682 -0.679932 -0.184636
-0.458977 -0.697544 -0.183508
-0.432757 -0.709893 -0.246465
-0.431461 -0.646555 -0.269706
-0.369654 -0.629049 -0.223776
-0.315454 -0.659456 -0.263824
-0.259493 -0.672399 -0.311190
-0.254601 -0.725214 -0.350663
-0.198616 -0.700472 -0.393275
-0.142019 -0.708281 -0.339120
-0.127172 -0.774272 -0.338722
-0.114454 -0.834725 -0.355152
-0.140086 -0.888430 -0.385337
-0.135317 -0.926328 -0.330142
-0.183696 -0.894648 -0.291023
-0.243301 -0.897130 -0.330407
-0.247826 -0.962867 -0.337572
-0.241418 -0.982685 -0.267627
-0.284539 -0.930105 -0.231980
-0.342897 -0.905703 -0.271364
-0.374106 -0.954994 -0.306746
-0.372638 -1.000000 -0.248897
-0.422485 -0.983046 -0.201287
-0.489966 -0.984446 -0.169997
-0.508774 -0.921086 -0.191734
-0.496667 -0.932290 -0.266544
-0.523596 -0.985125 -0.300266
-0.602231 -0.969508 -0.279082
-0.614704 -0.905512 -0.304755
-0.649485 -0.861312 -0.343719
-0.608639 -0.808817 -0.320301
-0.539984 -0.830969 -0.348827
-0.539274 -0.831139 -0.416516
-0.519023 -0.769201 -0.427153
-0.453058 -0.771429 -0.394248
-0.421066 -0.816561 -0.434450
-0.427279 -0.784436 -0.492542
-0.388316 -0.731112 -0.472795
-0.324699 -0.761838 -0.458620
-0.310611 -0.787173 -0.520118
-0.306894 -0.730306 -0.552049
-0.252009 -0.703018 -0.515231
-0.200156 -0.748639 -0.529029
-0.199961 -0.739176 -0.595922
-0.182033 -0.675582 -0.596984
-0.115775 -0.682012 -0.564389
-0.083000 -0.723877 -0.608792
-0.093591 -0.689205 -0.669361
-0.085006 -0.618970 -0.645125
-0.089310 -0.590727 -0.581217
-0.110076 -0.528662 -0.565163
-0.173032 -0.477609 -0.564433
-0.232515 -0.439690 -0.548887
-0.275758 -0.488643 -0.524032
-0.241296 -0.502881 -0.464503
-0.271233 -0.449981 -0.430802
-0.348742 -0.477906 -0.434915
-0.341576 -0.540417 -0.405526
-0.339032 -0.581391 -0.351702
-0.286153 -0.623787 -0.381378
-0.226963 -0.569657 -0.397809
-0.208913 -0.526794 -0.349225
-0.160778 -0.503941 -0.301505
-0.134314 -0.478033 -0.243966
-0.090607 -0.442788 -0.203012
-0.030218 -0.432667 -0.163584
0.013342 -0.417983 -0.110047
0.075051 -0.398589 -0.161527
0.131550 -0.356915 -0.194741
0.184601 -0.332768 -0.242108
0.243130 -0.287168 -0.256991
0.280772 -0.239701 -0.304446
0.338983 -0.184425 -0.299072
0.382813 -0.162294 -0.348960
0.451150 -0.151366 -0.392302
0.469641 -0.164564 -0.466714
0.449169 -0.132842 -0.537830
0.490675 -0.103644 -0.587232
0.539886 -0.069758 -0.536636
0.489501 -0.066384 -0.469589
0.432855 -0.060803 -0.425694
0.361730 -0.074129 -0.382108
0.284905 -0.082956 -0.353228
0.251079 -0.140375 -0.357828
0.187120 -0.188457 -0.345886
0.165792 -0.258119 -0.331999
0.113500 -0.312143 -0.321562
0.092955 -0.379237 -0.302898
0.048514 -0.437144 -0.313999
0.044943 -0.501756 -0.301837
-0.027063 -0.509289 -0.329810
-0.004635 -0.482574 -0.396150
0.056071 -0.457790 -0.423725
0.067591 -0.381911 -0.407959
0.072458 -0.311718 -0.418684
0.075418 -0.240953 -0.392855
0.075369 -0.175768 -0.383501
0.102567 -0.128747 -0.325852
0.126169 -0.067721 -0.332331
0.151313 -0.004000 -0.313645
0.173497 0.058002 -0.329898
0.218696 0.074341 -0.274128
0.290091 0.041048 -0.295556
0.362781 0.021484 -0.310903
0.418840 -0.019044 -0.328594
0.457705 -0.089173 -0.313203
0.527412 -0.131356 -0.296618
0.552800 -0.162867 -0.240693
0.500312 -0.183046 -0.191115
0.444718 -0.202822 -0.141758
0.385944 -0.242035 -0.103192
0.318242 -0.244836 -0.050275
0.270084 -0.267413 0.002709
0.222903 -0.232444 0.062349
0.150163 -0.218545 0.075550
0.132993 -0.197793 0.007618
0.208301 -0.184383 -0.027830
0.269154 -0.156077 -0.069137
0.350454 -0.147037 -0.086695
0.413093 -0.106233 -0.112634
0.498893 -0.109671 -0.117146
0.536241 -0.075550 -0.165508
0.574177 -0.063265 -0.231184
0.556860 -0.032709 -0.304579
0.550354 0.015904 -0.364462
0.622874 0.041366 -0.388632
0.648555 0.079094 -0.325653
0.634100 0.041664 -0.258229
0.636106 0.018047 -0.189589
0.597094 -0.006716 -0.128092
0.551014 0.000032 -0.064958
0.477174 -0.007565 -0.075771
0.394749 -0.020254 -0.057041
0.319759 -0.050958 -0.072056
0.237089 -0.060315 -0.062924
0.167651 -0.097321 -0.073472
0.088821 -0.105342 -0.086718
0.031564 -0.142305 -0.112966
-0.025278 -0.103899 -0.090742
0.003926 -0.043531 -0.120197
0.066417 -0.027744 -0.155888
0.133214 -0.005485 -0.112944
0.199839 0.031500 -0.089216
0.270108 0.035022 -0.041805
0.327268 0.048984 0.000365
0.393110 0.028083 0.043486
0.463404 0.015012 0.053879
0.536266 0.001793 0.037294
0.609055 -0.013591 0.036963
0.684460 -0.006058 0.033756
0.682308 -0.030290 -0.038157
0.685194 -0.053546 -0.100804
0.644935 -0.103517 -0.150095
0.663768 -0.148989 -0.202348
0.650659 -0.210588 -0.183309
0.606682 -0.234460 -0.130657
0.576402 -0.268856 -0.073295
0.502782 -0.297523 -0.042778
0.455210 -0.312334 0.025287
0.413998 -0.346539 0.084219
0.411699 -0.343780 0.165198
0.364714 -0.317935 0.211503
0.354906 -0.258713 0.176940
0.418082 -0.250735 0.126146
0.479449 -0.228009 0.083423
0.543652 -0.237643 0.036299
0.618960 -0.212689 0.009144
0.684044 -0.233165 -0.039594
0.724841 -0.198854 -0.084550
0.753996 -0.165158 -0.144013
0.758423 -0.092823 -0.166525
0.776180 -0.022566 -0.166702
0.839699 -0.009220 -0.215860
0.906128 -0.048921 -0.184326
0.878514 -0.113066 -0.147330
0.865600 -0.167535 -0.108013
0.832361 -0.203671 -0.051668
0.818420 -0.224147 0.020201
0.754607 -0.197157 0.044304
0.685854 -0.189348 0.093396
0.599076 -0.180585 0.109870
0.527510 -0.161212 0.147131
0.446479 -0.152745 0.157989
0.381028 -0.119156 0.190252
0.310611 -0.096027 0.193901
0.312128 -0.067296 0.256349
0.371831 -0.023691 0.233971
0.411894 -0.017050 0.178776
0.486395 -0.057472 0.177073
0.564393 -0.074787 0.180699
0.631361 -0.122869 0.188837
0.693119 -0.157435 0.197329
0.738000 -0.218630 0.187820
0.784007 -0.256761 0.156596
0.825146 -0.281524 0.104629
0.864818 -0.317787 0.060668
0.923347 -0.339494 0.022876
0.889276 -0.306902 -0.039926
0.863448 -0.282266 -0.099366
0.786183 -0.265737 -0.133974
0.748786 -0.268962 -0.198656
0.698646 -0.316111 -0.215793
0.653569 -0.347048 -0.166282
0.606462 -0.387109 -0.113342
0.543017 -0.399523 -0.059142
0.510511 -0.438863 0.004544
0.468002 -0.486627 0.051823
0.484438 -0.539059 0.109760
0.482359 -0.537786 0.177338
0.510071 -0.474574 0.186139
0.552922 -0.456199 0.119689
0.606266 -0.437971 0.066838
0.630285 -0.439987 -0.005672
0.694611 -0.436359 -0.058766
0.721417 -0.437059 -0.134682
0.770579 -0.399353 -0.170173
0.805995 -0.351525 -0.217010
0.864377 -0.295422 -0.207368
0.934940 -0.259838 -0.193835
0.978207 -0.246151 -0.257521
1.000000 -0.314243 -0.282841
0.930636 -0.363111 -0.269595
0.887173 -0.414949 -0.253320
0.852735 -0.459106 -0.205533
0.845862 -0.514105 -0.154031
0.820474 -0.487985 -0.093285
0.786844 -0.487773 -0.018918
0.734282 -0.465408 0.040611
0.708405 -0.451658 0.113055
0.658950 -0.425855 0.167255
0.643052 -0.403872 0.236381
0.604946 -0.371280 0.286799
0.649803 -0.389380 0.341265
0.720072 -0.367927 0.311987
0.741180 -0.340428 0.255023
0.765418 -0.390547 0.197837
0.811229 -0.426683 0.150979
0.822309 -0.486054 0.104032
0.844003 -0.534751 0.064162
0.825977 -0.586377 0.013412
0.822113 -0.609612 -0.046538
0.822089 -0.606069 -0.117101
0.815436 -0.613410 -0.184481
0.834807 -0.623850 -0.251905
0.819423 -0.552618 -0.268379
0.807218 -0.490107 -0.289188
0.759083 -0.426152 -0.271209
0.713737 -0.372468 -0.302964
0.638527 -0.377137 -0.297370
0.597681 -0.414249 -0.249760
0.551308 -0.457281 -0.208186
0.516870 -0.466299 -0.136871
0.469959 -0.519877 -0.094833
0.414903 -0.555780 -0.064339
0.391276 -0.629919 -0.067545
0.388169 -0.660686 -0.008901
0.468565 -0.673354 0.007817
0.503222 -0.623001 -0.043287
0.549425 -0.592213 -0.096072
0.555882 -0.559429 -0.160532
0.599124 -0.550432 -0.227712
0.587213 -0.513087 -0.294252
0.638087 -0.485799 -0.336090
0.691358 -0.441091 -0.369813
0.778846 -0.436486 -0.368132
0.858532 -0.450597 -0.375983
0.889056 -0.414631 -0.437038
0.842927 -0.446650 -0.496302
0.760918 -0.465217 -0.472264
0.691504 -0.489109 -0.462313
0.639236 -0.531102 -0.426556
0.599100 -0.591300 -0.404907
0.618691 -0.607596 -0.340380
0.611745 -0.642926 -0.270037
0.607563 -0.645663 -0.190982
0.611011 -0.671635 -0.117234
0.608565 -0.671169 -0.042203
0.625638 -0.691115 0.026193
0.634051 -0.686383 0.093838
0.656480 -0.749509 0.104453
0.718531 -0.748724 0.058191
0.749691 -0.707623 0.015336
0.715767 -0.713458 -0.059275
0.707182 -0.727038 -0.132138
0.657703 -0.735590 -0.194609
0.617493 -0.745244 -0.250733
0.557716 -0.730094 -0.303827
0.525357 -0.703995 -0.356523
0.511587 -0.657440 -0.407207
0.489110 -0.617569 -0.453778
0.488401 -0.588924 -0.515275
0.529173 -0.526900 -0.493714
0.572978 -0.475572 -0.478589
0.589952 -0.426577 -0.415654
0.584694 -0.358315 -0.381666
0.531130 -0.324237 -0.351769
0.467195 -0.353902 -0.315127
0.411943 -0.386324 -0.277777
0.385675 -0.421994 -0.211592
0.320468 -0.470628 -0.185410
0.251593 -0.496960 -0.153522
0.178168 -0.531717 -0.177139
0.153905 -0.590536 -0.162080
0.223710 -0.620116 -0.168404
0.273777 -0.575832 -0.213295
0.328760 -0.546952 -0.255752
0.351775 -0.486690 -0.290824
0.373396 -0.447456 -0.354289
0.382911 -0.378113 -0.383700
0.438554 -0.364214 -0.428723
0.511220 -0.334741 -0.457736
0.579924 -0.365296 -0.493272
0.619401 -0.403851 -0.544155
0.667364 -0.359907 -0.588138
0.609128 -0.317532 -0.625797
0.540106 -0.305947 -0.575711
0.472747 -0.309554 -0.551541
0.406587 -0.340237 -0.517243
0.333211 -0.375375 -0.505921
0.339350 -0.433176 -0.472751
0.310587 -0.492823 -0.434406
0.323599 -0.541414 -0.376558
0.318438 -0.605899 -0.334852
0.320933 -0.651690 -0.273620
0.317607 -0.717235 -0.239654
0.327732 -0.764766 -0.193017
0.284636 -0.812742 -0.223710
0.327414 -0.811299 -0.286291
0.384427 -0.777434 -0.311743
0.353267 -0.717829 -0.354090
0.329860 -0.675328 -0.409219
0.283780 -0.616275 -0.438232
0.235915 -0.571185 -0.460655
0.202529 -0.504408 -0.462866
0.192354 -0.443976 -0.479650
0.214294 -0.383439 -0.495881
0.221289 -0.319569 -0.506275
0.234814 -0.258183 -0.537521
0.317607 -0.254066 -0.519078
0.393673 -0.245706 -0.521688
0.442736 -0.262596 -0.455171
0.493806 -0.242523 -0.397985
0.488083 -0.221877 -0.332663
0.434298 -0.250480 -0.291819
0.373886 -0.273291 -0.244651
0.331034 -0.309681 -0.191668
0.254063 -0.329139 -0.154495
0.193797 -0.343398 -0.106354
0.111030 -0.337224 -0.089283
0.051938 -0.349870 -0.041606
-0.017965 -0.320545 -0.036963
-0.060987 -0.280187 -0.073405
-0.123112 -0.243860 -0.084750
-0.095058 -0.240019 -0.158122
-0.086253 -0.286213 -0.205422
-0.116141 -0.254300 -0.259224
-0.050152 -0.219055 -0.271674
-0.006763 -0.283518 -0.283903
-0.059202 -0.320291 -0.330783
-0.112448 -0.337287 -0.371582
-0.183256 -0.342104 -0.389781
-0.259835 -0.364278 -0.383833
-0.293637 -0.314710 -0.429608
-0.342603 -0.287295 -0.474100
-0.349207 -0.234502 -0.509017
-0.368431 -0.203077 -0.568413
-0.328662 -0.138231 -0.561514
-0.252963 -0.159938 -0.591920
-0.209451 -0.151896 -0.638424
-0.146568 -0.130868 -0.653727
-0.099314 -0.084123 -0.657840
-0.038412 -0.088261 -0.697401
0.018625 -0.084781 -0.730991
0.083171 -0.058787 -0.740875
0.124702 -0.039690 -0.789348
0.188270 -0.031287 -0.817144
0.229067 0.009156 -0.850845
0.286055 0.016307 -0.890030
0.340793 0.057005 -0.904338
0.384427 0.075784 -0.954889
0.454061 0.103941 -0.946419
0.515990 0.121256 -0.974636
0.597363 0.114997 -0.976294
0.672476 0.121150 -1.000000
0.735628 0.080282 -0.984255
