0.193456 -1.000000 0.917930
0.136142 -0.927621 0.910600
0.087303 -0.867287 0.922074
0.036797 -0.814734 0.935214
0.023111 -0.722501 0.935090
-0.024385 -0.666351 0.959496
-0.025751 -0.566230 0.970200
-0.027928 -0.470586 0.968555
-0.006461 -0.382830 0.971429
0.012621 -0.294168 0.941400
0.013709 -0.211635 0.940421
0.054697 -0.138803 0.909954
0.073571 -0.054538 0.903853
0.131186 0.002758 0.883778
0.188801 0.044091 0.853832
0.228169 0.112020 0.838942
0.281963 0.139682 0.783278
0.323044 0.180162 0.740629
0.344742 0.206359 0.667784
0.331149 0.293848 0.650895
0.404256 0.338139 0.644856
0.410694 0.349412 0.569409
0.389876 0.439033 0.538942
0.370285 0.522552 0.525489
0.349374 0.598929 0.513099
0.329574 0.615878 0.441733
0.255957 0.616650 0.404477
0.208925 0.664752 0.375698
0.147350 0.636451 0.333299
0.077345 0.633653 0.319429
0.004979 0.633573 0.330925
-0.062733 0.659396 0.330571
-0.120256 0.690016 0.356164
-0.187898 0.695186 0.375323
-0.226154 0.737851 0.313432
-0.251557 0.700516 0.257684
-0.316375 0.672001 0.275948
-0.350462 0.748618 0.283424
-0.347266 0.774547 0.219971
-0.384179 0.714240 0.189963
-0.447815 0.724100 0.220325
-0.461154 0.800957 0.195877
-0.464210 0.782329 0.131737
-0.521779 0.731109 0.131737
-0.569993 0.788858 0.150750
-0.564250 0.842689 0.101708
-0.589769 0.791470 0.053978
-0.655698 0.782276 0.075031
-0.680615 0.860305 0.072220
-0.679596 0.861984 0.005331
-0.728782 0.803355 -0.007268
-0.786166 0.844928 0.017680
-0.792071 0.909153 -0.025885
-0.821342 0.863449 -0.076989
-0.892133 0.835334 -0.052728
-0.951208 0.874136 -0.028405
-0.970567 0.856067 0.038692
-1.000000 0.857746 0.098730
-0.969710 0.862836 0.167035
-0.973971 0.891378 0.226468
-0.964176 0.940013 0.278176
-0.954056 0.931671 0.340837
-0.934280 0.973724 0.392149
-0.910150 1.000000 0.448521
-0.918093 0.972978 0.519325
-0.912072 0.953897 0.583174
-0.915105 0.893137 0.632986
-0.918301 0.883090 0.694565
-0.904314 0.801570 0.728113
-0.884839 0.771616 0.782445
-0.876062 0.703181 0.815723
-0.848065 0.653746 0.859517
-0.821944 0.582380 0.881341
-0.819975 0.511093 0.913140
-0.796563 0.459953 0.957851
-0.755506 0.402124 0.981841
-0.735521 0.325028 0.974677
-0.705416 0.259177 1.000000
-0.678322 0.184879 0.988317
-0.651066 0.111087 0.953103
-0.615358 0.053498 0.923657
-0.599217 0.013045 0.872178
-0.620267 -0.028048 0.822157
-0.593752 -0.085238 0.779259
-0.661927 -0.091207 0.741524
-0.649770 -0.057283 0.683653
-0.642081 -0.060427 0.622907
-0.618484 -0.035190 0.569409
-0.625107 -0.009820 0.512495
-0.603362 -0.008195 0.454811
-0.579233 0.030394 0.405331
-0.583146 0.037642 0.340525
-0.528356 -0.033485 0.342378
-0.498205 -0.109542 0.328592
-0.452701 -0.166171 0.308434
-0.492601 -0.186292 0.257185
-0.486580 -0.115191 0.226406
-0.415395 -0.118789 0.220929
-0.410185 -0.186638 0.185735
-0.449320 -0.160175 0.136089
-0.409652 -0.095311 0.119409
-0.350392 -0.139682 0.108059
-0.376745 -0.188184 0.061537
-0.396545 -0.129129 0.021637
-0.333719 -0.091500 0.018763
-0.296830 -0.156391 -0.003748
-0.334784 -0.166731 -0.057913
-0.324063 -0.091953 -0.081945
-0.252460 -0.095657 -0.082799
-0.248269 -0.161375 -0.120929
-0.283584 -0.128996 -0.170325
-0.240326 -0.064718 -0.178821
-0.181113 -0.109435 -0.190025
-0.203691 -0.149569 -0.241837
-0.220804 -0.085557 -0.278863
-0.156173 -0.050620 -0.277593
-0.120371 -0.112420 -0.304769
-0.155871 -0.115724 -0.359850
-0.143876 -0.037695 -0.376489
-0.072089 -0.043132 -0.377072
-0.067040 -0.104372 -0.420366
-0.102100 -0.064238 -0.466805
-0.060139 0.001666 -0.470304
-0.000880 -0.040120 -0.484215
-0.026075 -0.075297 -0.537755
-0.039692 -0.003904 -0.566618
0.026330 0.025597 -0.565785
0.054512 -0.037162 -0.598751
0.012412 -0.026849 -0.651333
0.028923 0.050594 -0.668409
0.098140 0.033885 -0.682986
0.131857 -0.036656 -0.695398
0.189727 -0.062879 -0.722199
0.244934 -0.050061 -0.755185
0.297154 -0.061093 -0.797563
0.364657 -0.080627 -0.764161
0.413774 -0.128969 -0.802853
0.477549 -0.182214 -0.834277
0.539101 -0.192528 -0.863349
0.620082 -0.194446 -0.855394
0.696663 -0.170355 -0.874011
0.764097 -0.151861 -0.833611
0.824005 -0.119349 -0.795981
0.872195 -0.100854 -0.750000
0.933678 -0.081853 -0.720491
0.960401 -0.161641 -0.738130
0.926360 -0.207798 -0.792128
0.857166 -0.238338 -0.792003
0.792696 -0.270503 -0.805789
0.712873 -0.251662 -0.796564
0.636199 -0.270930 -0.777176
0.579742 -0.300111 -0.747709
0.611282 -0.372543 -0.728988
0.654679 -0.343282 -0.681487
0.590695 -0.321217 -0.642524
0.561610 -0.385601 -0.614681
0.555635 -0.361857 -0.548063
0.553320 -0.269491 -0.545981
0.557812 -0.184746 -0.537672
0.548734 -0.100934 -0.567076
0.578584 -0.019307 -0.586235
0.573652 0.042546 -0.637026
0.614918 0.104852 -0.677967
0.627631 0.175099 -0.720471
0.702684 0.211688 -0.745419
0.778663 0.253901 -0.737151
0.840910 0.295234 -0.722803
0.811315 0.376594 -0.735360
0.771762 0.402124 -0.682861
0.767131 0.459020 -0.634402
0.699905 0.426002 -0.595502
0.657388 0.359778 -0.606456
0.704212 0.297792 -0.600437
0.723271 0.310584 -0.540900
0.658963 0.305574 -0.513515
0.644675 0.228211 -0.533153
0.701225 0.192101 -0.506227
0.685686 0.211049 -0.446522
0.622676 0.174299 -0.446855
0.647153 0.098775 -0.459100
0.686451 0.089368 -0.406976
0.634254 0.098322 -0.364223
0.599194 0.031380 -0.384486
0.650001 -0.023092 -0.373011
0.656879 -0.008328 -0.310433
0.589445 -0.027808 -0.295543
0.593150 -0.106184 -0.315868
0.651275 -0.131661 -0.283049
0.620869 -0.124998 -0.224531
0.576732 -0.193887 -0.239359
0.573073 -0.277485 -0.232007
0.506797 -0.282069 -0.268971
0.541139 -0.262882 -0.331029
0.577565 -0.251023 -0.387005
0.611491 -0.210383 -0.433861
0.635621 -0.141654 -0.473594
0.653729 -0.104638 -0.535631
0.685015 -0.046170 -0.574469
0.678971 0.002918 -0.636214
0.710187 0.038548 -0.695023
0.697358 0.080947 -0.755685
0.710905 0.117617 -0.811683
0.702383 0.182561 -0.861787
0.781465 0.182801 -0.881633
0.825811 0.150901 -0.927530
0.872056 0.217365 -0.932903
0.894264 0.215100 -0.863682
0.887988 0.135045 -0.839234
0.934766 0.079881 -0.818950
0.963412 0.033725 -0.775385
1.000000 0.096883 -0.747459
0.944724 0.141468 -0.728800
0.914990 0.082919 -0.693274
0.967835 0.068182 -0.652499
0.964847 0.143946 -0.627613
0.896209 0.149356 -0.610391
0.888521 0.084465 -0.570221
0.939536 0.104958 -0.526676
0.901003 0.165265 -0.496189
0.846930 0.110794 -0.471116
0.862863 0.014564 -0.484298
0.865294 -0.067596 -0.493773
0.793831 -0.069141 -0.517472
0.800547 -0.035457 -0.577114
0.781998 -0.041719 -0.643669
0.800338 -0.029567 -0.706830
0.772989 -0.011019 -0.775718
0.785448 -0.026609 -0.850104
0.782414 -0.012832 -0.926531
0.744645 0.016296 -0.974948
0.687169 0.046756 -1.000000
0.648125 -0.022505 -0.997397
0.649005 -0.029114 -0.931737
0.620337 0.043931 -0.919159
0.561378 0.033218 -0.953499
0.537503 -0.031513 -0.919804
0.532733 0.003664 -0.862078
0.491791 0.066050 -0.877530
0.436167 0.017255 -0.893711
0.426371 -0.023944 -0.838526
0.421740 0.055231 -0.804748
0.419146 0.132434 -0.826156
0.474909 0.181441 -0.841358
0.507144 0.254993 -0.850916
0.558738 0.298432 -0.900416
0.611190 0.371984 -0.917784
0.652016 0.430639 -0.941170
0.680685 0.508188 -0.952270
0.732974 0.558902 -0.965348
0.797652 0.595704 -0.966660
0.861126 0.642687 -0.954998
0.932937 0.656358 -0.958038
0.946623 0.569668 -0.943628
0.894889 0.510640 -0.953478
0.837737 0.506696 -0.907101
0.773059 0.466002 -0.867909
0.701433 0.439513 -0.849833
0.643702 0.388986 -0.826593
0.577658 0.364255 -0.820512
0.536021 0.311676 -0.767347
0.512030 0.263574 -0.716306
0.493296 0.257552 -0.649084
0.494361 0.162521 -0.634340
0.476785 0.084598 -0.606206
0.471042 -0.007209 -0.604519
0.439201 -0.084998 -0.591504
0.456870 -0.173580 -0.589608
0.452979 -0.258271 -0.584402
0.462914 -0.340058 -0.597772
0.425769 -0.328785 -0.657143
0.421717 -0.250197 -0.684819
0.376375 -0.189250 -0.658142
0.338258 -0.125185 -0.636714
0.319431 -0.069515 -0.580217
0.361253 0.017016 -0.582132
0.376583 0.110608 -0.571116
0.421948 0.188370 -0.563723
0.433620 0.272182 -0.552624
0.447514 0.338832 -0.517618
0.395619 0.326840 -0.470866
0.438436 0.270423 -0.434381
0.472686 0.231515 -0.383653
0.498321 0.166038 -0.354248
0.437163 0.144692 -0.322595
0.400690 0.127663 -0.377489
0.443763 0.069301 -0.398771
0.441817 0.019867 -0.348272
0.370840 0.009820 -0.348646
0.367784 -0.024770 -0.406789
0.410833 -0.087529 -0.398105
0.374823 -0.120201 -0.349167
0.315286 -0.134592 -0.384590
0.349235 -0.189996 -0.424698
0.377695 -0.245266 -0.381133
0.323507 -0.281962 -0.348313
0.297756 -0.328172 -0.397772
0.353380 -0.372570 -0.415306
0.354283 -0.421178 -0.362162
0.291527 -0.463924 -0.380862
0.321075 -0.499793 -0.439525
0.379987 -0.537609 -0.411953
