1.000000 0.335154 -0.332568
0.925498 0.390481 -0.324652
0.882124 0.446233 -0.294723
0.811545 0.486651 -0.295989
0.789318 0.558014 -0.281937
0.752660 0.627423 -0.278483
0.749184 0.704023 -0.289703
0.734594 0.776990 -0.251301
0.706178 0.853189 -0.224784
0.690219 0.921972 -0.194190
0.685637 0.999574 -0.190951
0.772148 1.000000 -0.214808
0.810150 0.938559 -0.246645
0.830401 0.869126 -0.216717
0.848204 0.794630 -0.209594
0.812467 0.714146 -0.194298
0.792689 0.638247 -0.174925
0.748683 0.571846 -0.173101
0.749131 0.509578 -0.126160
0.700622 0.439668 -0.119187
0.739861 0.371462 -0.116763
0.797245 0.339339 -0.156775
0.832376 0.287119 -0.116291
0.759481 0.243044 -0.114575
0.747893 0.224175 -0.183313
0.725903 0.178897 -0.236755
0.735937 0.162584 -0.311136
0.699910 0.135974 -0.374382
0.708680 0.132140 -0.451573
0.685268 0.084882 -0.501582
0.718029 0.013894 -0.496305
0.716186 0.007079 -0.430141
0.635942 0.005600 -0.425249
0.621800 -0.055038 -0.464274
0.666070 -0.105754 -0.430055
0.624144 -0.098688 -0.374489
0.552934 -0.123069 -0.399783
0.576030 -0.192077 -0.420165
0.601154 -0.219740 -0.362861
0.529495 -0.215355 -0.331989
0.486464 -0.259606 -0.373588
0.534025 -0.322450 -0.369962
0.520383 -0.337535 -0.306416
0.440509 -0.348835 -0.313775
0.441378 -0.403435 -0.360587
0.485568 -0.455504 -0.326883
0.431107 -0.466104 -0.280156
0.368877 -0.489933 -0.323386
0.388365 -0.552877 -0.357927
0.366560 -0.607201 -0.309441
0.279232 -0.589862 -0.318623
0.254767 -0.619780 -0.380089
0.196935 -0.684779 -0.374854
0.197935 -0.757871 -0.349302
0.283867 -0.743363 -0.332096
0.286711 -0.692547 -0.282559
0.309807 -0.655938 -0.219227
0.320973 -0.622261 -0.158684
0.336432 -0.574001 -0.099149
0.372380 -0.540499 -0.043348
0.352997 -0.483669 0.008013
0.378568 -0.422654 0.056713
0.373038 -0.365423 0.103633
0.385574 -0.330067 0.161988
0.342437 -0.390581 0.194512
0.333535 -0.464876 0.161881
0.286527 -0.482642 0.109597
0.257111 -0.537442 0.060532
0.251764 -0.551299 -0.012947
0.214131 -0.590964 -0.070187
0.213578 -0.570994 -0.147571
0.188876 -0.541977 -0.212212
0.179132 -0.464726 -0.211761
0.204414 -0.393638 -0.229675
0.173312 -0.353646 -0.179559
0.213394 -0.390380 -0.132017
0.288002 -0.378779 -0.150446
0.284815 -0.300350 -0.154265
0.264774 -0.287671 -0.089624
0.337591 -0.323979 -0.065081
0.394607 -0.274841 -0.089860
0.458548 -0.224476 -0.087285
0.471874 -0.153213 -0.129335
0.515801 -0.090670 -0.155080
0.488755 -0.081950 -0.217811
0.434136 -0.052934 -0.260075
0.426920 -0.118559 -0.294723
0.394686 -0.158976 -0.246087
0.327689 -0.116178 -0.241389
0.301196 -0.133468 -0.301846
0.291820 -0.209467 -0.288137
0.234199 -0.197940 -0.243041
0.181133 -0.161482 -0.282881
0.170178 -0.219890 -0.323772
0.137759 -0.268878 -0.280027
0.075029 -0.223549 -0.261813
0.039266 -0.215405 -0.320618
0.021648 -0.291454 -0.324973
-0.024913 -0.295739 -0.270244
-0.083272 -0.244271 -0.283868
-0.105130 -0.273864 -0.346063
-0.089197 -0.359886 -0.338103
-0.041294 -0.415989 -0.305214
0.025756 -0.427014 -0.361510
0.109317 -0.410050 -0.369791
0.171495 -0.392485 -0.330552
0.225614 -0.428869 -0.371078
0.212788 -0.397271 -0.431578
0.234910 -0.323828 -0.420250
0.313705 -0.340692 -0.404332
0.334457 -0.374444 -0.460691
0.316812 -0.314256 -0.499780
0.366639 -0.262939 -0.471697
0.434557 -0.303933 -0.483389
0.429264 -0.306940 -0.549553
0.430291 -0.231041 -0.561331
0.505820 -0.221219 -0.533849
0.546429 -0.268577 -0.574161
0.526204 -0.229989 -0.629576
0.558754 -0.162960 -0.610482
0.636206 -0.181553 -0.612950
0.640367 -0.189295 -0.678749
0.619588 -0.113647 -0.690677
0.681344 -0.081098 -0.658539
0.740651 -0.112770 -0.696663
0.709918 -0.071651 -0.752014
0.662936 -0.003120 -0.740515
0.586458 0.006502 -0.715607
0.527336 0.041432 -0.680830
0.462841 0.035519 -0.640840
0.407010 0.057694 -0.685013
0.414384 -0.004773 -0.724939
0.390103 -0.054161 -0.679586
0.317181 -0.024042 -0.667915
0.288239 -0.030958 -0.729981
0.299984 -0.108486 -0.734872
0.250316 -0.126226 -0.684134
0.182819 -0.097009 -0.710157
0.183109 -0.144618 -0.762505
0.182951 -0.212098 -0.730388
0.113610 -0.202275 -0.697049
0.065074 -0.200722 -0.749461
0.082508 -0.270832 -0.770765
0.059360 -0.308293 -0.716422
-0.018408 -0.284639 -0.714598
-0.037370 -0.312126 -0.775120
-0.018724 -0.385970 -0.759888
-0.073475 -0.395893 -0.713011
-0.136416 -0.391132 -0.753730
-0.117929 -0.452924 -0.794278
-0.111082 -0.509252 -0.742317
-0.184083 -0.516118 -0.712410
-0.250263 -0.547064 -0.673857
-0.325292 -0.571495 -0.642535
-0.379964 -0.583347 -0.588320
-0.441246 -0.602641 -0.546786
-0.494101 -0.582520 -0.497120
-0.534841 -0.638373 -0.454212
-0.572764 -0.679191 -0.407485
-0.558253 -0.750830 -0.439666
-0.470663 -0.733064 -0.453676
-0.395344 -0.741133 -0.418942
-0.332824 -0.763183 -0.456615
-0.299036 -0.694727 -0.467942
-0.283472 -0.678490 -0.404203
-0.236516 -0.739203 -0.393261
-0.177894 -0.720861 -0.437113
-0.156826 -0.655186 -0.407850
-0.140314 -0.683626 -0.347822
-0.081402 -0.731561 -0.368804
-0.028837 -0.676836 -0.384615
-0.020989 -0.643986 -0.323751
-0.001185 -0.713720 -0.292170
0.070341 -0.740481 -0.318752
0.120747 -0.690141 -0.275801
0.095518 -0.721438 -0.207513
0.067444 -0.764511 -0.158083
-0.000290 -0.788967 -0.194576
0.011587 -0.852638 -0.228474
-0.035052 -0.899846 -0.191959
-0.108317 -0.845046 -0.204166
-0.136048 -0.811043 -0.259796
-0.213842 -0.836200 -0.255377
-0.234225 -0.801471 -0.199725
-0.212262 -0.729882 -0.219184
-0.262773 -0.726575 -0.270480
-0.330770 -0.736848 -0.236304
-0.321105 -0.674104 -0.198781
-0.317681 -0.620582 -0.245937
-0.388813 -0.636243 -0.274321
-0.435189 -0.627122 -0.220815
-0.415964 -0.554055 -0.209358
-0.437507 -0.521906 -0.266233
-0.514800 -0.546863 -0.270330
-0.540056 -0.507749 -0.214679
-0.513062 -0.431174 -0.237227
-0.536843 -0.410176 -0.297920
-0.560229 -0.365799 -0.352477
-0.587354 -0.369508 -0.415745
-0.595781 -0.291379 -0.423404
-0.514405 -0.273814 -0.406434
-0.449726 -0.315259 -0.391910
-0.439271 -0.325833 -0.317314
-0.390867 -0.330794 -0.253639
-0.383756 -0.335054 -0.184922
-0.336722 -0.345879 -0.129914
-0.389919 -0.337685 -0.081192
-0.420863 -0.413709 -0.092177
-0.342094 -0.448037 -0.072396
-0.303908 -0.492790 -0.026077
-0.229590 -0.519526 0.008592
-0.204861 -0.585001 0.053410
-0.143132 -0.619655 0.102711
-0.111609 -0.694576 0.136715
-0.075740 -0.752734 0.168553
-0.094096 -0.828633 0.135406
-0.086827 -0.881629 0.084346
-0.097414 -0.867071 0.012733
-0.125619 -0.848103 -0.046072
-0.195065 -0.890149 -0.040773
-0.235279 -0.836351 -0.000268
-0.268645 -0.786662 -0.043627
-0.343753 -0.730358 -0.049548
-0.422337 -0.700415 -0.055576
-0.479511 -0.644336 -0.030776
-0.554619 -0.609582 -0.022130
-0.508032 -0.549144 0.024554
-0.464342 -0.544533 0.091297
-0.396555 -0.529524 0.135642
-0.363268 -0.525289 0.204767
-0.312388 -0.515742 0.259603
-0.378647 -0.553679 0.307553
-0.438191 -0.565180 0.360844
-0.480328 -0.556711 0.415359
-0.482935 -0.527619 0.477296
-0.502633 -0.610459 0.500059
-0.504793 -0.688588 0.510893
-0.593490 -0.687761 0.506774
-0.612504 -0.686182 0.442884
-0.619272 -0.710438 0.381762
-0.588355 -0.736247 0.321026
-0.677183 -0.725171 0.295045
-0.733093 -0.689014 0.243556
-0.810176 -0.679417 0.210924
-0.831929 -0.609406 0.192259
-0.799826 -0.537292 0.194898
-0.801038 -0.462746 0.226371
-0.750263 -0.394916 0.226157
-0.702939 -0.337234 0.255506
-0.656958 -0.267199 0.242462
-0.595386 -0.221695 0.284683
-0.558359 -0.151710 0.316542
-0.567787 -0.174512 0.385216
-0.568182 -0.198191 0.449342
-0.573027 -0.226030 0.513897
-0.591041 -0.151659 0.555668
-0.606315 -0.083604 0.577143
-0.605393 -0.009083 0.563327
-0.552460 0.052107 0.542066
-0.516354 0.114524 0.521084
-0.458812 0.158575 0.490426
-0.435268 0.190799 0.551999
-0.420362 0.202526 0.613271
-0.434715 0.158149 0.676689
-0.468450 0.151008 0.744848
-0.492521 0.110666 0.804297
-0.520015 0.119661 0.868938
-0.523649 0.081023 0.931197
-0.560834 0.088515 0.996996
-0.603524 0.008507 1.000000
-0.646608 -0.057444 0.996760
-0.702044 -0.029655 0.953166
-0.653245 -0.024068 0.901977
-0.635337 -0.098814 0.898180
-0.712288 -0.122017 0.886981
-0.724587 -0.079620 0.832402
-0.666702 -0.113247 0.795630
-0.693774 -0.184585 0.797089
-0.765327 -0.165942 0.769928
-0.737333 -0.134796 0.713440
-0.701701 -0.196036 0.688725
-0.768408 -0.239535 0.686858
-0.814363 -0.194282 0.649357
-0.763536 -0.194633 0.596537
-0.769593 -0.270105 0.584823
-0.849284 -0.271634 0.576864
-0.850311 -0.223774 0.524881
-0.805093 -0.265495 0.483132
-0.851522 -0.328940 0.484269
-0.919809 -0.295939 0.464360
-0.894185 -0.275468 0.404911
-0.882677 -0.348259 0.384143
-0.957390 -0.377175 0.394184
-1.000000 -0.331972 0.353614
-0.966238 -0.366350 0.298220
-0.926525 -0.439167 0.298907
-0.851838 -0.461894 0.318387
-0.778969 -0.516945 0.323321
-0.712894 -0.452848 0.310471
-0.637206 -0.407720 0.321262
-0.581665 -0.346380 0.295710
-0.503977 -0.301277 0.312058
-0.440667 -0.254445 0.324780
-0.443959 -0.267174 0.397102
-0.463736 -0.286242 0.461249
-0.480591 -0.312152 0.531382
-0.501606 -0.337910 0.590981
-0.526757 -0.391809 0.633996
-0.604340 -0.369859 0.632001
-0.615980 -0.384918 0.568454
-0.598125 -0.460391 0.570600
-0.659749 -0.477605 0.611920
-0.720083 -0.450618 0.574182
-0.707916 -0.497626 0.523251
-0.724376 -0.561647 0.557598
-0.799352 -0.547540 0.577486
-0.823159 -0.535963 0.509906
-0.788976 -0.562800 0.454705
-0.716712 -0.519626 0.428296
-0.655536 -0.511432 0.388971
-0.567787 -0.476803 0.379295
-0.505293 -0.417593 0.355781
-0.425498 -0.377050 0.359858
-0.378463 -0.346204 0.310900
-0.391657 -0.320445 0.247417
-0.376778 -0.279502 0.192345
-0.396819 -0.241966 0.137724
-0.397372 -0.301803 0.095803
-0.453071 -0.343147 0.129399
-0.515274 -0.294511 0.122384
-0.517434 -0.297217 0.056842
-0.529285 -0.372941 0.052573
-0.598046 -0.374294 0.086663
-0.640024 -0.328238 0.047402
-0.633335 -0.371512 -0.007455
-0.662672 -0.438566 0.014685
-0.734173 -0.412481 0.047081
-0.762852 -0.336658 0.050342
-0.735858 -0.282709 0.096253
-0.712420 -0.222045 0.143216
-0.679501 -0.169250 0.183056
-0.680212 -0.139406 0.253189
-0.670942 -0.086535 0.307724
-0.750895 -0.114750 0.343681
-0.817734 -0.144067 0.370070
-0.872222 -0.094704 0.339862
-0.858053 -0.129960 0.275565
-0.895686 -0.197439 0.276638
-0.936295 -0.252465 0.225642
-0.954914 -0.305035 0.180052
-0.911408 -0.269955 0.129614
-0.833088 -0.285315 0.156925
-0.820078 -0.361965 0.147056
-0.789476 -0.432577 0.130086
-0.770331 -0.510380 0.097133
-0.754951 -0.597429 0.115175
-0.749289 -0.674656 0.125988
-0.661540 -0.665059 0.157161
-0.611214 -0.674130 0.219206
-0.523017 -0.698911 0.239651
-0.457126 -0.737149 0.268721
-0.373933 -0.759475 0.256922
-0.305278 -0.809364 0.263980
-0.216238 -0.828934 0.257222
-0.179369 -0.883634 0.294208
-0.135363 -0.850884 0.350611
-0.166754 -0.780297 0.353743
-0.217766 -0.719809 0.369619
-0.252317 -0.701893 0.310385
-0.322764 -0.653557 0.282302
-0.397398 -0.638724 0.238621
-0.457469 -0.610935 0.195563
-0.526230 -0.631131 0.151239
-0.577820 -0.606299 0.095674
-0.652665 -0.640077 0.058623
-0.716739 -0.611436 0.025069
-0.735990 -0.543556 -0.007176
-0.764906 -0.496273 -0.053710
-0.680528 -0.481263 -0.074370
-0.615322 -0.508451 -0.111485
-0.555251 -0.452623 -0.114231
-0.512904 -0.493090 -0.062999
-0.429975 -0.531804 -0.050449
-0.367982 -0.591992 -0.030883
-0.290978 -0.621534 -0.020971
-0.247656 -0.686157 0.009601
-0.167571 -0.707330 0.033565
-0.101101 -0.767744 0.040430
-0.019146 -0.789919 0.079798
0.051327 -0.796860 0.114746
0.065891 -0.708032 0.101102
0.078374 -0.636944 0.077352
0.104788 -0.651728 0.016208
0.034947 -0.681171 -0.006104
-0.011113 -0.618728 0.004988
0.028653 -0.569215 -0.032492
0.022016 -0.613616 -0.088122
-0.059254 -0.616899 -0.089066
-0.070973 -0.541877 -0.096854
-0.032129 -0.535362 -0.154286
-0.070894 -0.588083 -0.189041
-0.142737 -0.551374 -0.182112
-0.125461 -0.486901 -0.211911
-0.110529 -0.516820 -0.271467
-0.185084 -0.545736 -0.278933
-0.224692 -0.478808 -0.275243
-0.186743 -0.445306 -0.327076
-0.211498 -0.495396 -0.373202
-0.291399 -0.483519 -0.364020
-0.289582 -0.410151 -0.379080
-0.264300 -0.418019 -0.441125
-0.331771 -0.456983 -0.461270
-0.383862 -0.398198 -0.449857
-0.347440 -0.347758 -0.492121
-0.308648 -0.413984 -0.534793
-0.304935 -0.479359 -0.576821
-0.219715 -0.482165 -0.590166
-0.146950 -0.531604 -0.613679
-0.066549 -0.576381 -0.608165
0.007479 -0.614117 -0.602373
0.076240 -0.639400 -0.567381
0.156984 -0.652655 -0.571758
0.165569 -0.598156 -0.623805
0.111872 -0.581443 -0.671776
0.114453 -0.504567 -0.665791
0.194722 -0.495095 -0.678277
0.195407 -0.524437 -0.738713
0.139656 -0.478282 -0.764843
0.183872 -0.414110 -0.752658
0.250685 -0.430748 -0.786212
0.212446 -0.434156 -0.844802
0.181950 -0.362291 -0.845982
0.251791 -0.324956 -0.838087
0.288370 -0.352318 -0.892258
0.235200 -0.322625 -0.936411
0.248947 -0.248230 -0.916609
0.328031 -0.245023 -0.930039
0.319815 -0.248005 -0.997168
0.278626 -0.176065 -1.000000
0.339671 -0.127178 -0.976916
0.396950 -0.066314 -0.987707
0.422390 -0.051480 -0.918775
0.444670 -0.065036 -0.855851
0.384441 -0.113247 -0.840404
0.420968 -0.179172 -0.853191
0.457548 -0.185813 -0.793978
0.387707 -0.186489 -0.758836
0.355947 -0.250160 -0.785976
0.415806 -0.297668 -0.766753
0.409591 -0.284739 -0.702434
0.333799 -0.312653 -0.698916
0.352286 -0.384542 -0.717173
0.404825 -0.398875 -0.668236
0.350969 -0.388727 -0.618356
0.304119 -0.449967 -0.632344
0.361056 -0.505419 -0.617927
0.359686 -0.506471 -0.551141
0.297245 -0.554481 -0.542688
0.331850 -0.615997 -0.569377
0.399084 -0.617099 -0.534514
0.361398 -0.629853 -0.476503
0.327926 -0.697683 -0.493001
0.398504 -0.733666 -0.503706
0.432556 -0.724670 -0.444493
0.373064 -0.758222 -0.408515
0.384441 -0.828458 -0.446424
0.455283 -0.846048 -0.481222
0.469978 -0.809038 -0.543782
0.488334 -0.765113 -0.596473
0.475350 -0.698260 -0.628075
0.497498 -0.717905 -0.689626
0.445960 -0.775988 -0.699902
0.375382 -0.743839 -0.683833
0.378832 -0.685982 -0.726570
0.386548 -0.725171 -0.782350
0.316575 -0.764612 -0.776750
0.263800 -0.706654 -0.770679
0.284999 -0.668416 -0.825172
0.268250 -0.724369 -0.867951
0.188428 -0.730283 -0.849887
0.162462 -0.660899 -0.864368
0.181871 -0.666988 -0.929266
0.142631 -0.734468 -0.946172
0.065812 -0.718681 -0.913798
0.034683 -0.660148 -0.880137
0.042347 -0.664833 -0.807279
0.034446 -0.634414 -0.744162
0.045534 -0.705125 -0.707561
0.127805 -0.711089 -0.698637
0.181660 -0.738602 -0.639595
0.202939 -0.776940 -0.580361
0.213052 -0.840861 -0.539448
0.218740 -0.849456 -0.473842
0.187638 -0.930040 -0.478476
0.185031 -0.981082 -0.527992
0.126857 -1.000000 -0.575126
0.143369 -0.982585 -0.644701
0.119219 -0.896012 -0.654356
0.102233 -0.820189 -0.675466
0.022227 -0.808712 -0.658604
-0.029364 -0.765614 -0.621660
-0.095096 -0.806457 -0.639123
-0.069894 -0.872358 -0.608401
-0.056989 -0.836977 -0.546979
-0.083509 -0.767643 -0.524667
-0.047035 -0.695077 -0.535844
-0.083035 -0.620532 -0.508984
-0.096729 -0.532806 -0.518123
-0.111688 -0.455680 -0.530116
-0.109739 -0.386998 -0.558478
-0.091488 -0.345954 -0.506924
-0.019514 -0.375070 -0.494073
0.016907 -0.355025 -0.551548
0.004740 -0.279853 -0.549231
0.042426 -0.266873 -0.492143
0.115901 -0.288948 -0.509284
0.126988 -0.238734 -0.558328
0.111319 -0.173209 -0.525525
0.164121 -0.178496 -0.475215
0.230249 -0.185687 -0.510293
0.224613 -0.119736 -0.544404
0.222085 -0.071050 -0.492915
0.293032 -0.090570 -0.466548
0.339698 -0.074658 -0.518338
0.319367 -0.000489 -0.521770
0.352655 0.016350 -0.463394
0.428816 -0.007254 -0.472448
0.446461 0.037173 -0.526812
0.442800 0.107158 -0.490190
0.513247 0.096383 -0.451058
0.589013 0.147074 -0.441490
0.574871 0.170778 -0.367345
0.607895 0.167821 -0.299658
0.595886 0.182480 -0.226371
0.628358 0.182756 -0.160143
0.647266 0.186840 -0.099192
0.680475 0.175138 -0.042983
0.689060 0.162509 0.017388
0.689929 0.170728 0.078918
0.712946 0.166719 0.137337
0.692458 0.133969 0.197537
