-0.702303 -1.000000 1.000000
-0.669459 -0.943057 0.940845
-0.678929 -0.836002 0.891751
-0.675676 -0.807717 0.827531
-0.674525 -0.703117 0.780936
-0.696603 -0.668535 0.718159
-0.671963 -0.599744 0.663427
-0.686212 -0.568364 0.598405
-0.665256 -0.486071 0.545461
-0.595711 -0.366688 0.516307
-0.538659 -0.264222 0.486283
-0.459643 -0.196926 0.475694
-0.413443 -0.059131 0.477802
-0.343063 -0.118849 0.443240
-0.382729 -0.147721 0.381930
-0.413270 0.000747 0.367720
-0.334082 0.082133 0.369875
-0.291019 -0.010033 0.322133
-0.343351 0.018145 0.267975
-0.336960 0.178354 0.269373
-0.250173 0.196873 0.261145
-0.245337 0.118102 0.199720
-0.304462 0.207012 0.161720
-0.262119 0.348703 0.164218
-0.195423 0.304035 0.123490
-0.243322 0.264329 0.066123
-0.281894 0.410449 0.057986
-0.206160 0.492902 0.045770
-0.181117 0.403245 -0.008778
-0.250576 0.443484 -0.048864
-0.231606 0.602092 -0.052692
-0.151957 0.588056 -0.082396
-0.175993 0.507311 -0.140978
-0.233074 0.621891 -0.162316
-0.176482 0.746611 -0.167106
-0.124266 0.676166 -0.215489
-0.185032 0.642545 -0.264743
-0.215199 0.799819 -0.272536
-0.138428 0.864767 -0.290619
-0.121330 0.771000 -0.346588
-0.195164 0.811293 -0.381426
-0.177979 0.971822 -0.388623
-0.096920 0.961842 -0.421925
-0.126281 0.882485 -0.479934
-0.214652 0.892358 -0.500997
-0.277432 0.841499 -0.546653
-0.219574 0.807717 -0.608535
-0.191221 0.645853 -0.593248
-0.263875 0.532501 -0.586166
-0.241969 0.439695 -0.656849
-0.153425 0.399829 -0.670212
-0.124064 0.316469 -0.611079
-0.174093 0.180009 -0.617130
-0.130570 0.125894 -0.683711
-0.031837 0.148735 -0.681213
-0.022683 0.098410 -0.605372
-0.012291 -0.013342 -0.551489
-0.016868 0.095154 -0.493113
-0.028814 0.160636 -0.431643
-0.042861 0.284929 -0.391579
-0.047812 0.349557 -0.328436
-0.133995 0.383179 -0.327176
-0.161802 0.230441 -0.313263
-0.125187 0.218700 -0.250029
-0.170927 0.338457 -0.218721
-0.253598 0.279432 -0.231578
-0.246949 0.128829 -0.202517
-0.214047 0.168108 -0.139648
-0.275590 0.279592 -0.122550
-0.347150 0.180596 -0.126424
-0.322510 0.073914 -0.077193
-0.311600 0.180115 -0.024318
-0.393955 0.239567 -0.023240
-0.440155 0.101772 -0.012170
-0.396344 0.045683 0.045174
-0.403282 0.179635 0.085352
-0.492314 0.181823 0.085536
-0.507484 0.030846 0.110311
-0.461111 0.050165 0.170681
-0.505297 0.178781 0.197566
-0.588687 0.121945 0.194174
-0.575504 -0.019906 0.226192
-0.550518 0.049045 0.288350
-0.615746 0.158074 0.303775
-0.687507 0.048404 0.286516
-0.688831 -0.108603 0.274255
-0.682556 -0.179155 0.206046
-0.681031 -0.319831 0.169008
-0.670495 -0.252855 0.105132
-0.589695 -0.186146 0.116729
-0.548503 -0.325008 0.137013
-0.564047 -0.403832 0.076230
-0.522424 -0.300726 0.035617
-0.444588 -0.312040 0.064427
-0.432297 -0.476678 0.059155
-0.439263 -0.493276 -0.010841
-0.374208 -0.389156 -0.029979
-0.311025 -0.464404 0.005936
-0.319775 -0.604921 -0.031262
-0.297524 -0.542374 -0.093053
-0.217242 -0.493222 -0.075520
-0.184312 -0.638756 -0.059866
-0.195020 -0.702636 -0.125255
-0.146373 -0.588697 -0.158809
-0.069804 -0.617569 -0.124751
-0.063759 -0.774843 -0.141665
-0.065717 -0.751628 -0.211272
0.003454 -0.650496 -0.216245
0.063673 -0.754723 -0.189086
0.053022 -0.870317 -0.238340
0.067933 -0.777831 -0.295318
0.150374 -0.731401 -0.279136
0.182096 -0.889209 -0.281291
0.153742 -0.943004 -0.345557
0.173892 -0.784769 -0.382732
0.253771 -0.720034 -0.393642
0.251094 -0.722542 -0.465174
0.181203 -0.621198 -0.470102
0.219660 -0.494930 -0.438381
0.284427 -0.478013 -0.485618
0.231635 -0.446686 -0.540694
0.191883 -0.314922 -0.511494
0.265861 -0.227292 -0.503908
0.285003 -0.223396 -0.571956
0.211860 -0.150069 -0.594027
0.217559 -0.016651 -0.554399
0.294531 0.039599 -0.576975
0.276079 0.044615 -0.646971
0.210104 0.150710 -0.643258
0.261888 0.266731 -0.611698
0.318854 0.284929 -0.664825
0.262406 0.344114 -0.711627
0.232412 0.471128 -0.662029
0.286701 0.586455 -0.634205
0.238687 0.715498 -0.675025
0.148071 0.708453 -0.657904
0.167127 0.724037 -0.575990
0.185463 0.767958 -0.507071
0.168797 0.621037 -0.477917
0.229994 0.541200 -0.514817
0.297381 0.625680 -0.492723
0.287306 0.599157 -0.423483
0.294070 0.434038 -0.426807
0.375360 0.429822 -0.451628
0.415832 0.522895 -0.404346
0.395884 0.429768 -0.349545
0.432240 0.290639 -0.371089
0.516436 0.343740 -0.379317
0.527807 0.401750 -0.312897
0.502706 0.272494 -0.272856
0.553080 0.152151 -0.311201
0.612666 0.162077 -0.362288
0.575446 0.167254 -0.439458
0.553080 0.115594 -0.517522
0.478756 0.025723 -0.532534
0.468566 -0.142118 -0.525613
0.563558 -0.183371 -0.544819
0.597352 -0.012275 -0.580596
0.617703 0.091899 -0.632830
0.569085 0.016437 -0.686393
0.489954 0.084908 -0.677569
0.508895 0.215124 -0.719809
0.474324 0.149589 -0.779056
0.389292 0.205572 -0.767711
0.411543 0.373092 -0.784648
0.430800 0.506457 -0.824597
0.502188 0.562226 -0.782609
0.552965 0.406393 -0.778094
0.580714 0.337122 -0.836790
0.649971 0.281780 -0.882721
0.640990 0.340164 -0.947400
0.660737 0.445885 -1.000000
0.576310 0.518839 -0.996860
0.584974 0.621624 -0.939997
0.575878 0.783008 -0.912768
0.599885 0.777671 -0.844881
0.646143 0.793521 -0.783984
0.619171 0.631871 -0.761248
0.667444 0.514729 -0.788797
0.697611 0.430249 -0.733446
0.643696 0.456505 -0.671449
0.598302 0.526470 -0.603814
0.580138 0.603906 -0.544109
0.594560 0.648415 -0.477138
0.574467 0.499626 -0.446769
0.660391 0.441723 -0.462607
0.717933 0.510513 -0.416309
0.778900 0.544455 -0.366620
0.825705 0.601879 -0.309711
0.888975 0.680275 -0.272398
0.935089 0.720408 -0.213518
0.957340 0.882218 -0.239600
0.859528 0.931956 -0.254613
0.774755 1.000000 -0.256698
0.766983 0.964617 -0.335129
0.741681 0.912797 -0.398226
0.740069 0.877895 -0.466549
0.687450 0.897374 -0.524260
0.760449 0.822660 -0.566432
0.772510 0.661170 -0.565378
0.724237 0.619543 -0.626000
0.778987 0.644306 -0.680709
0.813731 0.501601 -0.701359
0.813529 0.364020 -0.663679
0.812003 0.257391 -0.722926
0.900691 0.285569 -0.742225
0.941077 0.196179 -0.689235
0.957858 0.081706 -0.643029
0.939954 0.022254 -0.579405
1.000000 0.109990 -0.544521
0.956390 0.256698 -0.559144
0.878843 0.222649 -0.528386
0.900691 0.209627 -0.459123
0.911572 0.377415 -0.451468
0.823316 0.435692 -0.479476
0.764018 0.278472 -0.469712
0.712320 0.148842 -0.474227
0.699626 -0.025990 -0.492333
0.618854 -0.064415 -0.461828
0.531750 -0.096222 -0.449245
0.452648 -0.119223 -0.415072
0.452677 -0.283968 -0.411084
0.526655 -0.306810 -0.371777
0.504634 -0.199328 -0.320185
0.432470 -0.283115 -0.299558
0.472798 -0.422671 -0.285508
0.525158 -0.362312 -0.235887
0.463702 -0.310759 -0.192272
0.425360 -0.456079 -0.181729
0.498215 -0.525456 -0.153056
0.514738 -0.415840 -0.100800
0.416811 -0.416960 -0.079874
0.369833 -0.543815 -0.057918
0.356045 -0.489006 0.007861
0.305872 -0.360551 -0.010887
0.244070 -0.437667 -0.046733
0.219401 -0.538638 0.004607
0.196747 -0.421390 0.050881
0.128469 -0.363646 0.013614
0.080109 -0.500320 0.010016
0.073863 -0.520333 0.079531
0.035204 -0.377362 0.095139
-0.037507 -0.405379 0.057826
-0.063126 -0.545416 0.087782
-0.071906 -0.482922 0.153079
-0.132240 -0.368663 0.138021
-0.194588 -0.477426 0.116889
-0.201986 -0.563454 0.174601
-0.223402 -0.436813 0.215374
-0.297927 -0.394226 0.181362
-0.338457 -0.538104 0.191813
-0.338803 -0.545042 0.261213
-0.383679 -0.406127 0.270954
-0.456822 -0.444391 0.235452
-0.476713 -0.584321 0.272261
-0.483880 -0.512701 0.334418
-0.548417 -0.408795 0.316839
-0.606103 -0.523642 0.299260
-0.609931 -0.601558 0.361372
-0.639551 -0.474811 0.398593
-0.714335 -0.448821 0.362678
-0.748647 -0.600704 0.372762
-0.749655 -0.596915 0.443607
-0.803598 -0.470968 0.446724
-0.872078 -0.529886 0.409823
-0.887766 -0.661650 0.454241
-0.915890 -0.560519 0.513259
-1.000000 -0.514196 0.479223
