0.589696 1.000000 -0.835455
0.628491 0.939970 -0.798397
0.664798 0.861762 -0.796224
0.678300 0.768174 -0.768169
0.699630 0.695806 -0.712879
0.759113 0.641340 -0.703847
0.788991 0.541739 -0.668708
0.841054 0.480189 -0.630747
0.865919 0.390057 -0.590895
0.927015 0.338702 -0.574807
0.943955 0.249054 -0.524230
0.900498 0.191305 -0.476475
0.854516 0.137668 -0.430866
0.801774 0.090149 -0.427168
0.748040 0.070795 -0.369479
0.702855 -0.009106 -0.343823
0.678242 -0.102279 -0.313962
0.715540 -0.169463 -0.373684
0.771119 -0.094192 -0.401880
0.830408 -0.064644 -0.445457
0.864074 0.015258 -0.508876
0.885909 0.072662 -0.575569
0.860014 0.185361 -0.606051
0.824697 0.260908 -0.644944
0.782600 0.355981 -0.654314
0.734189 0.407233 -0.696481
0.700154 0.510947 -0.702605
0.637485 0.556807 -0.730039
0.593426 0.596033 -0.680675
0.598613 0.518135 -0.613897
0.628821 0.419778 -0.656713
0.651142 0.331686 -0.693207
0.682088 0.292288 -0.772262
0.738133 0.235299 -0.729164
0.780735 0.138912 -0.722475
0.852709 0.132346 -0.727499
0.904209 0.162378 -0.773278
0.912115 0.255344 -0.813469
0.878741 0.347272 -0.825181
0.920469 0.400252 -0.871327
0.946228 0.429628 -0.944822
0.985003 0.464118 -1.000000
0.998096 0.571979 -0.955463
0.954562 0.588671 -0.883859
0.911746 0.663044 -0.874093
0.868639 0.728292 -0.895007
0.831146 0.801973 -0.874742
0.806106 0.764545 -0.792329
0.843987 0.700437 -0.741695
0.857255 0.652261 -0.661793
0.899488 0.601493 -0.603793
0.913028 0.518377 -0.538314
0.945781 0.460317 -0.478705
0.951201 0.346408 -0.447179
1.000000 0.303209 -0.416556
0.979719 0.252061 -0.342807
0.912329 0.249745 -0.346335
0.848436 0.259525 -0.350202
0.785630 0.242591 -0.380373
0.723408 0.268165 -0.348706
0.675211 0.300513 -0.314216
0.643080 0.353113 -0.257628
0.605684 0.361062 -0.191979
0.554554 0.339462 -0.132144
0.511719 0.374056 -0.072281
0.461482 0.344991 -0.020857
0.473663 0.438786 0.047162
0.442561 0.548651 0.061020
0.437199 0.666638 0.094804
0.427603 0.765513 0.060343
0.393024 0.825439 0.112783
0.362933 0.788253 0.186249
0.323031 0.783173 0.253027
0.342652 0.758739 0.351500
0.335872 0.798794 0.430753
0.340476 0.906724 0.403799
0.374588 0.893349 0.314753
0.426243 0.872821 0.246987
0.471234 0.856059 0.194265
0.523375 0.891345 0.149728
0.508183 0.839090 0.077983
0.492234 0.850702 -0.009709
0.502394 0.842546 -0.094578
0.558323 0.889893 -0.089526
0.587579 0.834874 -0.028478
0.574194 0.733960 -0.051932
0.600167 0.741390 -0.133330
0.654561 0.761228 -0.103807
0.659864 0.672202 -0.058000
0.655513 0.607990 -0.124891
0.703379 0.642342 -0.170952
0.744524 0.620328 -0.109283
0.725642 0.509392 -0.110186
0.690966 0.464015 -0.178206
0.631638 0.507698 -0.194491
0.579303 0.512778 -0.257374
0.531689 0.483783 -0.184754
0.470671 0.491075 -0.141289
0.422416 0.476283 -0.072931
0.370723 0.522490 -0.029184
0.318271 0.562683 0.021055
0.259041 0.578303 0.034913
0.222344 0.622471 0.110045
0.171078 0.633080 0.157743
0.125038 0.634808 0.210437
0.071499 0.609822 0.235782
0.038338 0.641859 0.157941
0.070352 0.647008 0.077954
0.095820 0.629210 -0.001129
0.131992 0.593406 -0.064802
0.129447 0.681118 -0.114956
0.153594 0.749616 -0.059581
0.205016 0.696497 -0.053682
0.220829 0.703029 -0.135588
0.220013 0.809922 -0.143575
0.260323 0.828619 -0.082978
0.305314 0.777643 -0.122407
0.304828 0.832351 -0.195620
0.317300 0.927840 -0.158957
0.373306 0.893660 -0.130818
0.399221 0.843065 -0.204877
0.401397 0.898844 -0.278767
0.442328 0.975532 -0.246140
0.488504 0.898982 -0.205018
0.516906 0.821396 -0.248003
0.567511 0.758843 -0.280376
0.527396 0.657825 -0.287460
0.486465 0.583971 -0.277187
0.421639 0.546751 -0.247749
0.372180 0.512053 -0.180379
0.318641 0.462563 -0.128390
0.285072 0.445387 -0.058113
0.232776 0.424098 0.003443
0.194545 0.422336 0.075075
0.156897 0.377270 0.142926
0.123755 0.424271 0.216449
0.063922 0.374298 0.173831
-0.001272 0.340602 0.150010
-0.040747 0.336317 0.061189
-0.057492 0.368665 -0.017894
-0.012093 0.434743 -0.028055
0.031597 0.365727 -0.027518
0.012287 0.308324 -0.094889
0.018193 0.390126 -0.153933
0.074840 0.420159 -0.141515
0.099395 0.331686 -0.170529
0.080007 0.344611 -0.253196
0.106291 0.436471 -0.269199
0.162375 0.405747 -0.256019
0.160219 0.331029 -0.322176
0.138753 0.386947 -0.392255
0.164415 0.498367 -0.376958
0.221858 0.489693 -0.322825
0.258749 0.405505 -0.298298
0.242956 0.325327 -0.232791
0.263625 0.226175 -0.178544
0.260769 0.274455 -0.081934
0.246044 0.264986 0.016144
0.239867 0.293428 0.109424
0.238662 0.254480 0.201575
0.227104 0.241900 0.297988
0.239226 0.210796 0.386469
0.249211 0.325742 0.410827
0.216361 0.403881 0.445570
0.170068 0.427727 0.491406
0.137820 0.505728 0.445740
0.168514 0.503689 0.357738
0.178285 0.389988 0.319099
0.146504 0.306596 0.342271
0.122784 0.197940 0.327425
0.096267 0.097994 0.324546
0.078181 0.008139 0.286613
0.038124 0.057248 0.234653
0.077540 0.118695 0.192205
0.109516 0.036858 0.162203
0.067769 -0.008934 0.114786
0.058289 0.076843 0.063080
0.114625 0.094158 0.035618
0.122376 -0.003473 0.000141
0.077968 0.001400 -0.055065
0.100308 0.087833 -0.096272
0.151574 0.048850 -0.122746
0.127369 -0.025799 -0.172391
0.094266 0.031190 -0.227146
0.143260 0.098720 -0.253450
0.204200 0.079885 -0.233637
0.230833 0.092430 -0.145127
0.259526 0.106392 -0.065000
0.273727 0.104215 0.023567
0.290939 0.163173 0.102904
0.318757 0.164867 0.196833
0.318233 0.178967 0.284158
0.335600 0.105009 0.355564
0.298903 0.131828 0.438684
0.264519 0.154983 0.509159
0.229435 0.233053 0.544184
0.225044 0.188851 0.623973
0.283537 0.188402 0.643815
0.290803 0.292357 0.637126
0.252902 0.325603 0.697497
0.279127 0.268822 0.763456
0.335211 0.303416 0.754311
0.324624 0.406957 0.769778
0.302458 0.395068 0.848184
0.350752 0.348309 0.882560
0.390887 0.425101 0.872654
0.360893 0.499369 0.916965
0.356794 0.445836 0.993226
0.420629 0.447668 1.000000
0.454372 0.521176 0.951286
0.460220 0.511396 0.861618
0.483318 0.596344 0.801050
0.522811 0.548202 0.741498
0.537051 0.474521 0.681352
0.521840 0.388640 0.729474
0.463386 0.394619 0.712991
0.467427 0.355394 0.630239
0.481258 0.255413 0.659112
0.442542 0.233087 0.724535
0.391722 0.232984 0.671220
0.425272 0.157920 0.601394
0.445728 0.062086 0.584121
0.440832 -0.018299 0.526686
0.384457 -0.047018 0.544241
0.359883 0.031985 0.494369
0.381446 -0.013392 0.419040
0.361301 -0.114202 0.424346
0.303119 -0.094607 0.424233
0.299447 -0.040210 0.349750
0.321729 -0.116587 0.300217
0.278370 -0.187330 0.315091
0.231824 -0.126540 0.291045
0.247715 -0.111057 0.209139
0.250318 -0.213285 0.187294
0.193108 -0.236958 0.204115
0.168358 -0.168599 0.148514
0.196604 -0.197560 0.075781
0.176673 -0.298716 0.077870
0.117112 -0.280918 0.070277
0.128729 -0.224240 -0.012701
0.178926 -0.207582 -0.058282
0.223937 -0.128925 -0.039824
0.272425 -0.067167 -0.031159
0.324799 -0.032089 0.026897
0.356716 0.052133 0.083910
0.399940 0.088594 0.141176
0.426981 0.172885 0.181903
0.469700 0.165662 0.240072
0.507853 0.097164 0.277243
0.534603 0.085172 0.364596
0.534059 -0.038137 0.377805
0.530019 -0.143232 0.389659
0.470302 -0.154050 0.391296
0.460977 -0.118660 0.310293
0.497635 -0.186225 0.269792
0.467155 -0.273971 0.295052
0.416802 -0.252821 0.254720
0.442173 -0.254687 0.175750
0.464532 -0.352214 0.175778
0.413208 -0.403501 0.189918
0.384030 -0.364898 0.119810
0.422358 -0.406335 0.060540
0.413810 -0.509253 0.083712
0.354016 -0.500302 0.060258
0.340398 -0.416392 0.001185
0.332084 -0.312713 0.007253
0.330063 -0.203504 -0.011233
0.388187 -0.150697 0.022861
0.423951 -0.054656 0.055770
0.477198 0.013737 0.085377
0.505231 0.109813 0.130366
0.553388 0.165316 0.147441
0.598088 0.251542 0.169371
0.642788 0.304073 0.201688
0.631851 0.280261 0.284694
0.636125 0.171329 0.281251
0.696425 0.180177 0.243290
0.726283 0.260735 0.302221
0.689062 0.249641 0.390985
0.662098 0.262981 0.485563
0.645819 0.279985 0.573904
0.689276 0.330165 0.615534
0.665614 0.428591 0.606841
0.631288 0.429524 0.679292
0.685332 0.440480 0.732776
0.705244 0.538836 0.735091
0.715696 0.636536 0.769919
0.687605 0.680842 0.698259
0.636941 0.708179 0.661229
0.656814 0.714434 0.579267
0.668587 0.612448 0.568965
0.613377 0.577681 0.584911
0.584490 0.636606 0.522339
0.607297 0.593648 0.450086
0.574194 0.495637 0.463436
0.514419 0.509910 0.451046
0.469214 0.416599 0.421100
0.428652 0.336490 0.372640
0.470555 0.285618 0.422822
0.525026 0.265401 0.457142
0.573786 0.222616 0.485055
0.609608 0.147691 0.531484
0.649801 0.107152 0.592024
0.676785 0.043908 0.533770
0.726302 0.034231 0.481415
0.695259 -0.041489 0.426830
0.661690 0.010938 0.368152
0.698251 0.024002 0.300443
0.710722 -0.078848 0.288702
0.654639 -0.112267 0.274138
0.643352 -0.050509 0.205950
0.687994 -0.090011 0.156953
0.665381 -0.188091 0.150913
0.613047 -0.157817 0.113178
0.640749 -0.112751 0.043408
0.666294 -0.202571 0.014874
0.610832 -0.263465 0.013576
0.553486 -0.223895 0.014987
0.526502 -0.182596 0.084446
0.544394 -0.084135 0.035872
0.537634 -0.005028 -0.039852
0.548415 0.109260 -0.000254
0.555001 0.231048 0.013237
0.553000 0.325362 0.072225
0.540198 0.408719 0.143377
0.505231 0.484509 0.168440
0.506435 0.588153 0.156106
0.502200 0.661800 0.238520
0.523647 0.762852 0.268973
0.548648 0.824541 0.348170
0.575729 0.883741 0.407553
0.580294 0.913566 0.489204
0.526794 0.966443 0.489148
0.494294 0.875274 0.476814
0.512418 0.823815 0.546329
0.491477 0.893522 0.608732
0.437549 0.853882 0.623324
0.468709 0.772805 0.680139
0.495906 0.792193 0.757021
0.440793 0.742669 0.799356
0.423310 0.672029 0.715419
0.421814 0.601355 0.651435
0.369907 0.635119 0.613051
0.405185 0.727221 0.577404
0.436500 0.687166 0.512207
0.447515 0.662422 0.431402
0.456917 0.586079 0.369902
0.522986 0.580204 0.329006
0.573359 0.578476 0.256950
0.618117 0.547891 0.195761
0.633464 0.509945 0.096413
0.640593 0.544850 0.014987
0.703748 0.535138 0.023849
0.715035 0.435054 0.064915
0.699669 0.346374 0.024893
0.749847 0.323634 -0.017640
0.787087 0.321353 0.052412
0.757890 0.250644 0.100618
0.760434 0.172228 0.041404
0.819063 0.169221 0.031921
0.833419 0.148416 0.114307
0.792624 0.065888 0.132709
0.799889 0.007655 0.047134
0.856789 0.020235 0.008580
0.897176 0.023483 0.072535
0.876682 -0.072316 0.108634
0.843696 -0.149626 0.059891
0.782561 -0.154153 0.043182
0.793323 -0.107429 -0.050634
0.793207 -0.058216 -0.133386
0.772110 -0.002022 -0.202535
0.718901 -0.054552 -0.210296
0.698348 -0.027077 -0.132060
0.699630 0.075945 -0.147442
0.658330 0.074044 -0.208913
0.613649 0.034681 -0.162654
0.611046 0.110608 -0.093336
0.611337 0.206269 -0.149587
0.574194 0.160754 -0.231549
0.545832 0.069586 -0.251729
0.503579 0.070415 -0.189975
0.479180 0.160408 -0.215687
0.464979 0.126333 -0.295335
0.429429 0.044115 -0.269228
0.390440 0.096439 -0.217437
0.380261 0.185637 -0.276255
0.391761 0.184842 -0.365076
0.456082 0.196454 -0.401315
0.471079 0.108776 -0.454630
0.521529 0.171709 -0.489797
0.522637 0.273729 -0.470633
0.549931 0.229631 -0.385482
0.597816 0.161791 -0.369112
0.635037 0.178518 -0.457594
0.669208 0.153877 -0.531597
0.636339 0.174509 -0.622082
0.600109 0.196765 -0.684655
0.557643 0.267958 -0.639581
0.575379 0.328126 -0.569191
0.597078 0.401669 -0.519686
0.641040 0.467402 -0.483842
0.658796 0.419122 -0.400864
0.724806 0.433360 -0.369620
0.785455 0.400667 -0.333888
0.841753 0.412486 -0.298863
0.880120 0.345510 -0.241258
0.918545 0.319175 -0.169428
0.944654 0.242280 -0.118512
0.991569 0.318864 -0.090062
0.962255 0.392649 -0.047501
0.952483 0.472067 0.026700
0.916991 0.511396 0.108577
0.884744 0.576368 0.168722
0.838761 0.614211 0.213655
0.806319 0.727774 0.221783
0.787048 0.828308 0.231266
0.830835 0.870056 0.175778
0.811021 0.800487 0.096243
0.752120 0.805568 0.078265
0.688518 0.820325 0.045666
0.654308 0.850115 0.118004
0.626917 0.905203 0.187124
0.654133 0.860241 0.258135
0.694521 0.854573 0.332477
0.702466 0.730020 0.311196
0.717055 0.607852 0.323446
0.721873 0.499611 0.334848
0.783804 0.510636 0.297592
0.829903 0.550656 0.337699
0.879207 0.491040 0.304056
0.878566 0.433222 0.231887
0.902965 0.365624 0.170246
0.902868 0.345683 0.073241
0.892786 0.298129 -0.003556
0.865978 0.361476 -0.066749
0.855351 0.447081 -0.138043
0.842685 0.525842 -0.193559
0.857333 0.583280 -0.269256
0.795577 0.564652 -0.314273
0.736695 0.601389 -0.347746
0.681952 0.574606 -0.397844
0.626179 0.622574 -0.439248
0.616582 0.614868 -0.523694
0.675619 0.643829 -0.545850
0.705380 0.700645 -0.471677
0.736987 0.751758 -0.412887
0.730867 0.773116 -0.316785
0.794683 0.726115 -0.294290
0.861529 0.765375 -0.275888
0.892281 0.798967 -0.207445
0.842433 0.856128 -0.172730
0.798296 0.882117 -0.243431
0.748332 0.923831 -0.287771
0.701067 0.907657 -0.360701
0.639719 0.950407 -0.322147
0.574000 0.971212 -0.308769
0.516206 0.975152 -0.299258
0.493575 0.896217 -0.359318
0.520247 0.807330 -0.389631
0.475372 0.742116 -0.363693
0.425155 0.656201 -0.356778
0.381718 0.586840 -0.363128
0.361165 0.475489 -0.359770
0.324566 0.395103 -0.379893
0.292629 0.293532 -0.358979
0.264849 0.197353 -0.364286
0.241265 0.099964 -0.348311
0.269744 0.005305 -0.345093
0.321632 -0.035510 -0.334227
0.350577 -0.125745 -0.347577
0.373501 -0.140399 -0.269538
0.313337 -0.156987 -0.238605
0.272309 -0.203954 -0.297141
0.288452 -0.303762 -0.306652
0.264227 -0.334002 -0.228218
0.208590 -0.298440 -0.233101
0.190660 -0.354876 -0.302362
0.199712 -0.449949 -0.263470
0.163308 -0.440169 -0.194829
0.112275 -0.433015 -0.236516
0.119404 -0.539769 -0.268353
0.140501 -0.602150 -0.192176
0.104562 -0.553697 -0.118004
0.048401 -0.582969 -0.111541
0.002593 -0.632493 -0.076713
-0.037949 -0.724802 -0.060851
-0.080474 -0.796686 -0.044114
-0.117986 -0.876899 -0.027039
-0.161035 -0.946916 -0.045751
-0.227026 -0.961466 -0.015749
-0.278972 -0.962054 0.019870
-0.319068 -0.930743 0.075019
-0.352773 -0.935857 0.144930
-0.401183 -1.000000 0.191809
-0.405671 -0.971868 0.278852
-0.408254 -0.906274 0.347266
-0.418142 -0.805706 0.400102
-0.424164 -0.730366 0.461093
-0.446485 -0.647596 0.509667
-0.438928 -0.544953 0.535830
-0.443610 -0.454960 0.572098
-0.429390 -0.359161 0.577856
-0.408779 -0.269133 0.595439
-0.422105 -0.183702 0.630324
-0.410547 -0.085794 0.639468
-0.423970 0.006929 0.678361
-0.446990 0.057421 0.601705
-0.506085 0.019613 0.606729
-0.528270 0.070139 0.682340
-0.537284 0.180038 0.643589
-0.586025 0.171468 0.579069
-0.645489 0.153497 0.624481
-0.664274 0.261668 0.664531
-0.712160 0.306527 0.597330
-0.776772 0.320696 0.628630
-0.827883 0.366522 0.649093
-0.878119 0.402188 0.697299
-0.943644 0.438026 0.665152
-1.000000 0.391854 0.647117
