-0.134524 -1.000000 0.936665
-0.078039 -0.976893 0.965950
-0.023776 -0.910968 0.973519
0.030446 -0.867358 0.964032
0.086291 -0.830714 0.963167
0.153654 -0.795532 0.947903
0.212463 -0.749665 0.947523
0.273616 -0.729087 0.906474
0.333367 -0.703947 0.885770
0.381740 -0.694997 0.825998
0.425827 -0.694154 0.774343
0.439308 -0.707889 0.699160
0.462663 -0.712377 0.630217
0.450805 -0.726558 0.556172
0.424605 -0.745897 0.492563
0.387088 -0.715525 0.431442
0.365556 -0.691625 0.371565
0.346306 -0.626940 0.326341
0.325595 -0.592825 0.270828
0.317443 -0.527520 0.230854
0.280807 -0.479942 0.191828
0.267667 -0.404646 0.161531
0.240546 -0.338325 0.205174
0.278243 -0.261516 0.210381
0.280026 -0.183542 0.240320
0.306646 -0.131948 0.285544
0.314979 -0.090370 0.341226
0.356041 -0.038900 0.366315
0.381600 0.005306 0.415777
0.390694 0.080602 0.452441
0.416032 0.130064 0.500701
0.396583 0.200055 0.547696
0.368180 0.238385 0.603040
0.329761 0.239153 0.666227
0.275779 0.241880 0.707867
0.231071 0.186493 0.753661
0.187525 0.146105 0.792770
0.138270 0.073883 0.793150
0.089136 0.025115 0.812020
0.039180 -0.040586 0.794204
0.000080 -0.099494 0.768714
-0.026841 -0.165394 0.730869
-0.070527 -0.217980 0.713686
-0.102235 -0.286309 0.704009
-0.148185 -0.333540 0.658131
-0.198181 -0.382159 0.626359
-0.229208 -0.427927 0.563825
-0.248478 -0.467447 0.506372
-0.263060 -0.452670 0.438589
-0.214286 -0.426241 0.392163
-0.160083 -0.403134 0.350376
-0.135826 -0.323102 0.320353
-0.083287 -0.282466 0.331822
-0.060933 -0.298433 0.266295
-0.101214 -0.262806 0.227965
-0.099571 -0.194600 0.252359
-0.037797 -0.184385 0.238612
-0.044528 -0.194129 0.173043
-0.085290 -0.133064 0.169269
-0.048694 -0.077552 0.189867
-0.008573 -0.081296 0.139499
-0.053862 -0.061759 0.094422
-0.076116 0.007140 0.122569
-0.028443 0.056949 0.136990
-0.017447 0.082338 0.072727
-0.070748 0.133932 0.062903
-0.060672 0.199831 0.106798
-0.026480 0.261417 0.069965
-0.040341 0.337358 0.072432
-0.026741 0.415778 0.068447
-0.039881 0.485099 0.106187
0.001843 0.550206 0.070134
-0.003565 0.625998 0.032690
-0.004066 0.701344 0.026512
0.009274 0.765855 -0.022970
0.013300 0.833069 -0.054301
-0.004407 0.877473 -0.119153
-0.011457 0.947191 -0.152571
-0.032930 0.967967 -0.225393
-0.050397 0.999653 -0.287800
-0.095906 0.992810 -0.350186
-0.126572 1.000000 -0.412551
-0.172602 0.967844 -0.469371
-0.206834 0.948406 -0.528194
-0.264863 0.909902 -0.570572
-0.308569 0.858630 -0.600700
-0.369221 0.808425 -0.623027
-0.441591 0.783161 -0.631166
-0.512219 0.758368 -0.610230
-0.580723 0.755070 -0.606941
-0.641114 0.743269 -0.558913
-0.690129 0.765582 -0.504180
-0.728387 0.770913 -0.444999
-0.739164 0.785119 -0.369625
-0.751002 0.807483 -0.300260
-0.714386 0.824218 -0.233067
-0.687104 0.839069 -0.171778
-0.626552 0.854812 -0.129611
-0.575655 0.879828 -0.090880
-0.528623 0.902688 -0.052972
-0.489945 0.875143 0.005218
-0.452828 0.900456 0.050484
-0.427490 0.872911 0.113946
-0.401430 0.904671 0.164272
-0.385306 0.874076 0.233763
-0.362751 0.860118 0.294209
-0.348690 0.828284 0.354487
-0.380038 0.870729 0.405235
-0.431957 0.817871 0.418475
-0.415371 0.786656 0.487313
-0.420539 0.779070 0.553220
-0.388370 0.772698 0.607805
-0.395721 0.762731 0.671119
-0.372466 0.763872 0.733758
-0.366116 0.741186 0.796102
-0.385686 0.740368 0.861756
-0.379317 0.713244 0.924648
-0.414851 0.660237 0.962788
-0.441491 0.577181 0.976977
-0.456033 0.504339 1.000000
-0.487561 0.450984 0.943243
-0.463865 0.428571 0.880372
-0.442292 0.407646 0.822351
-0.417414 0.418530 0.764160
-0.407539 0.436902 0.701606
-0.403914 0.418704 0.639936
-0.394179 0.425299 0.576243
-0.448442 0.455249 0.534688
-0.496294 0.468538 0.493174
-0.552279 0.510165 0.477551
-0.619622 0.504661 0.456615
-0.671461 0.548346 0.432475
-0.719554 0.525933 0.394609
-0.752644 0.455497 0.414427
-0.787076 0.382605 0.407997
-0.816321 0.316036 0.422144
-0.845325 0.246194 0.402979
-0.807447 0.175906 0.428300
-0.812595 0.087470 0.422629
-0.791042 0.004041 0.401124
-0.773696 -0.060520 0.369815
-0.725643 -0.112858 0.334795
-0.688266 -0.162295 0.295116
-0.642637 -0.096345 0.275993
-0.605621 -0.036322 0.288812
-0.584168 -0.033917 0.221429
-0.635526 -0.007240 0.184280
-0.662086 0.043611 0.145170
-0.718312 0.008851 0.142914
-0.727966 0.021867 0.206966
-0.720255 0.098379 0.208083
-0.765303 0.114891 0.165031
-0.810232 0.082263 0.199903
-0.803161 0.128998 0.250735
-0.815139 0.194079 0.221008
-0.871485 0.177989 0.198533
-0.896803 0.160906 0.254594
-0.884965 0.224029 0.289508
-0.913248 0.271954 0.247805
-0.971777 0.235211 0.254594
-0.971477 0.213765 0.329145
-0.969814 0.266227 0.375423
-1.000000 0.293103 0.431885
-0.937084 0.326350 0.461296
-0.897224 0.384291 0.452230
-0.838755 0.425175 0.483391
-0.785834 0.457505 0.508207
-0.713525 0.453885 0.507068
-0.652151 0.426811 0.523218
-0.590037 0.403952 0.505972
-0.534172 0.361184 0.517315
-0.466149 0.351391 0.502535
-0.405296 0.335771 0.510484
-0.337072 0.334061 0.510926
-0.336431 0.252417 0.542889
-0.346427 0.179005 0.562897
-0.382161 0.195220 0.619886
-0.439148 0.226881 0.598929
-0.503305 0.253186 0.581071
-0.562275 0.257996 0.559208
-0.615536 0.314226 0.568843
-0.679292 0.335598 0.587122
-0.720675 0.405216 0.597854
-0.765263 0.457852 0.612296
-0.787777 0.531264 0.613645
-0.831864 0.519785 0.665363
-0.788058 0.481232 0.713265
-0.732914 0.444885 0.711936
-0.729709 0.365796 0.691654
-0.714626 0.293648 0.675125
-0.724081 0.231641 0.633337
-0.651791 0.217360 0.618747
-0.592000 0.167402 0.617609
-0.532049 0.147865 0.581915
-0.480991 0.128254 0.557247
-0.456774 0.123048 0.498361
-0.459559 0.045297 0.493364
-0.520711 0.044578 0.470678
-0.512018 0.067263 0.405404
-0.515904 0.031190 0.343903
-0.551338 0.104081 0.312173
-0.567082 0.164824 0.259063
-0.615375 0.214782 0.222062
-0.652412 0.252814 0.168320
-0.683659 0.285466 0.120439
-0.690069 0.313458 0.058939
-0.698381 0.360316 0.009393
-0.764802 0.369242 0.004902
-0.796771 0.354614 0.065116
-0.814478 0.353746 0.126764
-0.754727 0.335300 0.148712
-0.714726 0.396192 0.148839
-0.723980 0.395770 0.222104
-0.696579 0.320474 0.239519
-0.677470 0.257723 0.289951
-0.640974 0.187956 0.319910
-0.629998 0.119329 0.367580
-0.606442 0.051569 0.404919
-0.610828 -0.009124 0.460474
-0.605460 -0.059230 0.518116
-0.636207 -0.093767 0.569454
-0.611369 -0.138196 0.617293
-0.591960 -0.201914 0.585035
-0.625591 -0.210567 0.518453
-0.658922 -0.208261 0.460685
-0.678632 -0.128502 0.466567
-0.694436 -0.061065 0.427478
-0.697500 0.023653 0.411054
-0.721817 0.099321 0.390624
-0.716850 0.182204 0.382676
-0.751182 0.254227 0.362372
-0.746174 0.332871 0.326425
-0.747236 0.421431 0.317464
-0.738282 0.497744 0.294167
-0.737501 0.568925 0.271692
-0.679252 0.547181 0.239139
-0.644560 0.508033 0.198258
-0.588234 0.523256 0.224887
-0.591179 0.471215 0.273569
-0.572390 0.408440 0.245359
-0.512539 0.428968 0.242133
-0.503906 0.436406 0.308167
-0.517106 0.364928 0.325603
-0.475783 0.329647 0.286830
-0.427690 0.365771 0.315145
-0.434621 0.333441 0.374158
-0.427049 0.262954 0.354993
-0.371965 0.272351 0.327163
-0.342280 0.296772 0.381031
-0.352756 0.234244 0.418475
-0.326156 0.185650 0.378164
-0.269149 0.220980 0.376266
-0.259034 0.210046 0.442890
-0.257932 0.129568 0.444387
-0.198442 0.122849 0.405361
-0.146983 0.169237 0.430725
-0.087172 0.120717 0.427478
-0.036335 0.136709 0.384847
0.017947 0.164749 0.334521
0.066501 0.193509 0.294315
0.115556 0.184881 0.236989
0.166854 0.201393 0.181750
0.216429 0.200030 0.133954
0.282209 0.183245 0.100726
0.342441 0.177121 0.065622
0.406678 0.148584 0.049325
0.470395 0.139684 0.031636
0.532549 0.119601 0.015486
0.596587 0.123395 0.005345
0.650669 0.123395 -0.027335
0.686644 0.097560 -0.086242
0.717631 0.072842 -0.141945
0.656258 0.051743 -0.170407
0.616076 0.058511 -0.226321
0.557547 0.044999 -0.258726
0.524377 0.019636 -0.321892
0.485738 0.023429 -0.377342
0.475563 -0.005380 -0.446432
0.435822 0.003694 -0.506668
0.407459 -0.024743 -0.568484
0.378996 -0.000992 -0.634012
0.338975 -0.008950 -0.693341
0.311233 0.026405 -0.755326
0.264963 0.044875 -0.809469
0.222298 0.063148 -0.851825
0.159563 0.068726 -0.873014
0.143779 0.129221 -0.915919
0.141094 0.201369 -0.872951
0.190349 0.217335 -0.828380
0.206254 0.150469 -0.785033
0.227326 0.095428 -0.734664
0.230931 0.015570 -0.713033
0.248157 -0.051545 -0.689272
0.267967 -0.125353 -0.690115
0.281328 -0.194997 -0.669348
0.290141 -0.262954 -0.627097
0.300156 -0.329945 -0.598065
0.296370 -0.376184 -0.546115
0.344904 -0.431522 -0.562792
0.391054 -0.373308 -0.595703
0.393578 -0.293103 -0.601227
0.378936 -0.261665 -0.663213
0.362591 -0.221550 -0.718578
0.323792 -0.197699 -0.773205
0.334549 -0.172981 -0.838775
0.337633 -0.134675 -0.904576
0.346607 -0.103511 -0.962809
0.346727 -0.021967 -0.967742
0.339917 0.015223 -0.908160
0.350192 0.064115 -0.860301
0.380458 0.087494 -0.795448
0.393558 0.083924 -0.724397
0.424826 0.101949 -0.664625
0.425347 0.090668 -0.592077
0.446138 0.118932 -0.525769
0.450365 0.109064 -0.453917
0.471537 0.143229 -0.390224
0.479068 0.121758 -0.318118
0.484496 0.122601 -0.250377
0.491647 0.081544 -0.184217
0.546691 0.128973 -0.150315
0.557748 0.201691 -0.125626
0.562936 0.261863 -0.164019
0.563076 0.297565 -0.220270
0.582145 0.308474 -0.285397
0.583847 0.348812 -0.339138
0.576737 0.367630 -0.406732
0.592621 0.406902 -0.463721
0.604980 0.338375 -0.515438
0.610388 0.310334 -0.578077
0.653694 0.284499 -0.633569
0.621064 0.202931 -0.641454
0.597749 0.141494 -0.683938
0.606782 0.057445 -0.702828
0.615596 -0.007339 -0.753829
0.618580 -0.097436 -0.770612
0.635867 -0.169906 -0.781449
0.645461 -0.214831 -0.717186
0.701446 -0.228195 -0.668863
0.750020 -0.183617 -0.662158
0.761437 -0.112163 -0.683305
0.791924 -0.045867 -0.692202
0.799155 0.028884 -0.703440
0.803902 0.016710 -0.771434
0.742048 -0.022636 -0.777485
0.702328 0.046363 -0.770464
0.649788 0.100040 -0.781111
0.612371 0.160212 -0.783852
0.557527 0.205807 -0.775124
0.513200 0.258516 -0.766817
0.486239 0.307284 -0.725346
0.433078 0.336466 -0.691760
0.444255 0.323177 -0.614742
0.440289 0.355556 -0.543732
0.413208 0.337978 -0.471859
0.364614 0.319606 -0.431526
0.311113 0.302276 -0.401925
0.264041 0.320301 -0.361128
0.305164 0.305375 -0.306269
0.370523 0.301631 -0.311624
0.400208 0.226881 -0.317907
0.417394 0.237467 -0.390477
0.437024 0.225195 -0.457902
0.429573 0.237170 -0.528468
0.445998 0.206203 -0.594544
0.443494 0.221352 -0.669474
0.448862 0.183071 -0.740863
0.462683 0.151981 -0.803017
0.451226 0.090668 -0.854292
0.468732 0.057991 -0.911808
0.472618 -0.006868 -0.949821
0.509615 0.029404 -1.000000
0.566761 0.018942 -0.978727
0.614875 -0.029504 -0.977019
0.611510 -0.043412 -0.910311
0.549455 -0.082709 -0.916952
0.542204 -0.149328 -0.946553
0.536455 -0.191327 -0.890492
0.476865 -0.149998 -0.881110
0.451987 -0.174766 -0.950728
0.447560 -0.257029 -0.950433
0.425627 -0.324664 -0.937340
0.423424 -0.387787 -0.895489
0.416814 -0.461249 -0.882017
0.395341 -0.508529 -0.835675
0.460600 -0.518099 -0.811493
0.471597 -0.431770 -0.796903
0.512239 -0.360366 -0.778687
0.535133 -0.284128 -0.753871
0.567503 -0.220657 -0.729478
0.573271 -0.147295 -0.686257
0.597248 -0.071999 -0.669959
0.594884 -0.006297 -0.620729
0.609506 0.078767 -0.599941
0.632702 0.142411 -0.554485
0.657279 0.218079 -0.539558
0.670299 0.263301 -0.475738
0.664670 0.320177 -0.427120
0.678051 0.336713 -0.358198
0.690269 0.370333 -0.302980
0.749559 0.346680 -0.284427
0.779024 0.312193 -0.340530
0.825935 0.301235 -0.384868
0.789921 0.245103 -0.424379
0.749239 0.203327 -0.459188
0.701206 0.149254 -0.469603
0.679413 0.071726 -0.487882
0.632802 0.026082 -0.512866
0.619562 -0.058536 -0.532706
0.582305 -0.111296 -0.574029
0.557588 -0.190113 -0.590158
0.516345 -0.226980 -0.643900
0.465728 -0.252145 -0.688007
0.440610 -0.272971 -0.756064
0.391956 -0.270442 -0.811935
0.367499 -0.269772 -0.876514
0.314138 -0.249417 -0.922350
0.273796 -0.214286 -0.959541
0.231131 -0.159097 -0.964242
0.181876 -0.213567 -0.951951
0.175507 -0.232955 -0.889776
0.141715 -0.263475 -0.831142
0.130018 -0.257326 -0.766205
0.109006 -0.301408 -0.706012
0.140654 -0.294516 -0.648813
0.183559 -0.243913 -0.601607
0.224561 -0.191129 -0.583074
0.252884 -0.119403 -0.559018
0.306886 -0.122725 -0.532411
0.366838 -0.113750 -0.521131
0.429913 -0.108816 -0.497876
0.462844 -0.120915 -0.435532
0.517807 -0.093147 -0.391995
0.564979 -0.084792 -0.345653
0.610989 -0.033495 -0.310233
0.672863 -0.014801 -0.282129
0.706955 0.048545 -0.253371
0.763000 0.078147 -0.231423
0.792024 0.139535 -0.190605
0.838915 0.203625 -0.176669
0.873207 0.262533 -0.156387
0.917835 0.324168 -0.159929
0.969053 0.372316 -0.146941
0.969113 0.451629 -0.152297
1.000000 0.521396 -0.150125
0.952848 0.587023 -0.127355
0.921220 0.659865 -0.117593
0.849611 0.663361 -0.096552
0.787497 0.655601 -0.082805
0.758453 0.591412 -0.101338
0.768308 0.514603 -0.122506
0.762960 0.450414 -0.157167
0.779024 0.374820 -0.177470
0.816782 0.331061 -0.215758
0.819365 0.260128 -0.259443
0.832485 0.178782 -0.278587
0.832646 0.105221 -0.303423
0.836752 0.025735 -0.291785
0.769970 -0.000744 -0.317971
0.728928 -0.049487 -0.358809
0.673985 -0.104502 -0.353686
0.632281 -0.164179 -0.361466
0.604359 -0.232037 -0.352463
0.634204 -0.279119 -0.393681
0.689588 -0.283780 -0.360412
0.667274 -0.337432 -0.313395
0.659322 -0.407373 -0.354002
0.715788 -0.440571 -0.364607
0.757652 -0.500669 -0.357481
0.812976 -0.534983 -0.351999
0.848670 -0.594164 -0.380483
0.882862 -0.671195 -0.373483
0.886948 -0.747855 -0.394630
0.863132 -0.827763 -0.386935
0.810752 -0.882184 -0.390814
0.757251 -0.938935 -0.403759
0.682377 -0.937175 -0.404961
0.619902 -0.937051 -0.396232
0.562856 -0.916175 -0.374390
0.504587 -0.919398 -0.343882
0.453589 -0.905638 -0.309706
0.446218 -0.863217 -0.240004
0.413228 -0.792731 -0.230200
0.352215 -0.811127 -0.216685
0.355380 -0.833713 -0.152128
0.364774 -0.763698 -0.118605
0.303501 -0.735856 -0.114157
0.268408 -0.779318 -0.073044
0.298173 -0.752665 -0.015380
0.282369 -0.679427 -0.005366
0.258273 -0.618337 0.029696
0.240686 -0.568280 -0.017404
0.207596 -0.529603 -0.060436
0.187385 -0.497347 -0.116265
0.186864 -0.448381 -0.163892
0.158361 -0.408415 -0.210677
0.162868 -0.440546 -0.275108
0.156418 -0.524223 -0.283436
0.151570 -0.579313 -0.340361
0.129657 -0.606982 -0.397856
0.115235 -0.584866 -0.465998
0.098970 -0.596569 -0.527245
0.100172 -0.587668 -0.595619
0.067603 -0.653642 -0.613983
0.019049 -0.678212 -0.663571
-0.017246 -0.714930 -0.704494
-0.056085 -0.708509 -0.754272
-0.107664 -0.725591 -0.719632
-0.105701 -0.658650 -0.686109
-0.106862 -0.610577 -0.735845
-0.160985 -0.634006 -0.759459
-0.195838 -0.618585 -0.706940
-0.180935 -0.542322 -0.708753
-0.198141 -0.523603 -0.769431
-0.257151 -0.540041 -0.758868
-0.265764 -0.489860 -0.709280
-0.247316 -0.425001 -0.738839
-0.290141 -0.426489 -0.785918
-0.337934 -0.424381 -0.742739
-0.320788 -0.356176 -0.713159
-0.322049 -0.309962 -0.764982
-0.384865 -0.321515 -0.773184
-0.391735 -0.308425 -0.695154
-0.382441 -0.273268 -0.638039
-0.438867 -0.297590 -0.610103
-0.413128 -0.383101 -0.610651
-0.394319 -0.453340 -0.598549
-0.387549 -0.527247 -0.620582
-0.382622 -0.602445 -0.622036
-0.328259 -0.618188 -0.579785
-0.300757 -0.578569 -0.533633
-0.299756 -0.631700 -0.487545
-0.260516 -0.678212 -0.521763
-0.211642 -0.628874 -0.525938
-0.205152 -0.613601 -0.463468
-0.190830 -0.685625 -0.444155
-0.134484 -0.680790 -0.478901
-0.119321 -0.602767 -0.499183
-0.081003 -0.550429 -0.531019
-0.034873 -0.519041 -0.562539
0.002424 -0.459811 -0.562518
-0.020351 -0.425224 -0.617862
-0.081804 -0.413522 -0.584318
-0.085390 -0.366564 -0.533676
-0.098830 -0.301954 -0.564078
-0.155516 -0.330862 -0.586026
-0.182077 -0.364283 -0.534392
-0.183499 -0.302177 -0.495662
-0.218352 -0.258863 -0.536142
-0.266385 -0.309144 -0.538377
-0.276921 -0.309689 -0.473482
-0.280867 -0.229608 -0.464437
-0.284232 -0.173030 -0.512149
-0.234356 -0.139138 -0.552524
-0.255048 -0.111692 -0.607510
-0.250461 -0.032280 -0.607700
-0.227606 0.015744 -0.557352
-0.214166 0.090321 -0.561316
-0.228387 0.110205 -0.499942
-0.177049 0.071230 -0.475591
-0.133543 0.111668 -0.505824
-0.151290 0.179675 -0.480419
-0.143458 0.156047 -0.418707
-0.083146 0.141965 -0.420183
-0.063356 0.213319 -0.433339
-0.087813 0.236872 -0.371438
-0.055785 0.189096 -0.329208
0.003986 0.209749 -0.340003
-0.008773 0.287004 -0.315504
-0.012779 0.263624 -0.248079
-0.014802 0.238781 -0.181033
-0.006310 0.197352 -0.117256
-0.001943 0.159964 -0.058433
0.033571 0.090147 -0.085272
0.094043 0.085213 -0.098808
0.105540 0.033520 -0.051454
0.068905 -0.023157 -0.073824
0.094844 -0.028165 -0.131972
0.152452 -0.043884 -0.111837
0.138891 -0.106932 -0.077872
0.117619 -0.145460 -0.132162
0.165492 -0.145163 -0.172979
0.204631 -0.188253 -0.137644
0.157239 -0.251326 -0.142598
0.149327 -0.263896 -0.210698
0.193755 -0.308821 -0.235344
0.256229 -0.317077 -0.228977
0.257191 -0.374523 -0.278102
0.241447 -0.332102 -0.335027
0.256670 -0.288020 -0.386661
0.217170 -0.228244 -0.367875
0.239684 -0.218575 -0.296950
0.300897 -0.210294 -0.282888
0.303662 -0.131304 -0.292923
0.303081 -0.059949 -0.271481
0.274117 -0.025190 -0.325793
0.244131 -0.065206 -0.374538
0.189648 -0.078544 -0.402115
0.164330 -0.116502 -0.350481
0.164790 -0.054148 -0.311245
0.134965 -0.004016 -0.349490
0.083447 -0.045867 -0.356111
0.071849 -0.052239 -0.292396
0.065700 0.022462 -0.281812
0.017547 0.034214 -0.320627
-0.020892 -0.013983 -0.290752
-0.018208 0.015744 -0.230305
-0.033271 0.086875 -0.246624
-0.087813 0.071181 -0.273885
-0.112811 0.042446 -0.219679
-0.108685 0.102445 -0.178651
-0.147164 0.144717 -0.228092
-0.200765 0.094585 -0.228218
-0.208537 0.079635 -0.158348
-0.232573 0.116775 -0.105091
-0.234637 0.052412 -0.063809
-0.167655 0.017157 -0.075489
-0.122186 0.013165 -0.120629
-0.082285 -0.042371 -0.097564
-0.063837 -0.121064 -0.081477
-0.031528 -0.182303 -0.067372
-0.024477 -0.216517 -0.131782
-0.028603 -0.180518 -0.190268
0.023315 -0.204567 -0.217887
0.003045 -0.273367 -0.238085
-0.037277 -0.243442 -0.280843
0.001562 -0.200699 -0.314892
0.036976 -0.260698 -0.333678
-0.004687 -0.298532 -0.368592
-0.011658 -0.241434 -0.411497
0.048434 -0.228467 -0.429797
0.057127 -0.293995 -0.463130
0.008253 -0.273268 -0.511369
0.002063 -0.183170 -0.508839
0.000821 -0.108221 -0.497264
-0.017707 -0.053801 -0.456700
-0.076496 -0.046958 -0.478458
-0.091038 -0.122973 -0.466967
-0.080122 -0.125081 -0.403654
-0.124489 -0.073586 -0.391278
-0.172622 -0.112411 -0.414196
-0.164390 -0.173402 -0.373715
-0.168656 -0.136783 -0.317633
-0.226064 -0.113006 -0.325139
-0.248398 -0.184757 -0.328576
-0.232473 -0.210096 -0.270301
-0.261297 -0.154163 -0.236146
-0.321328 -0.152055 -0.268909
-0.338354 -0.220013 -0.298489
-0.315199 -0.264120 -0.242787
-0.295930 -0.235434 -0.180063
-0.243891 -0.213145 -0.150757
-0.264943 -0.155973 -0.113376
-0.296090 -0.195443 -0.066213
-0.245032 -0.214980 -0.030771
-0.237241 -0.135196 -0.009098
-0.291383 -0.117965 0.028452
-0.297252 -0.117097 0.092946
-0.254026 -0.167551 0.104521
-0.276741 -0.231938 0.073508
-0.332065 -0.260649 0.064779
-0.316381 -0.301408 0.010426
-0.274958 -0.347399 0.043569
-0.313456 -0.379754 0.085061
-0.343823 -0.413720 0.036337
-0.295089 -0.459587 0.019344
-0.291623 -0.498760 0.073887
-0.347869 -0.527694 0.070514
-0.339396 -0.562850 0.013841
-0.293967 -0.610329 0.034545
-0.322490 -0.645386 0.082953
-0.370223 -0.672014 0.047195
-0.329521 -0.715575 0.010152
-0.306746 -0.757326 0.058306
-0.359526 -0.789483 0.078525
-0.365896 -0.827317 0.016413
-0.300337 -0.849482 -0.004986
-0.269249 -0.847746 0.065369
-0.278583 -0.871399 0.127882
-0.216189 -0.878242 0.140722
-0.201687 -0.805053 0.131635
-0.241227 -0.780309 0.176627
-0.215888 -0.813408 0.226637
-0.159903 -0.783557 0.222610
-0.180314 -0.710939 0.229061
-0.204631 -0.722591 0.288517
-0.151911 -0.747682 0.318097
-0.122106 -0.676402 0.300534
-0.142617 -0.611568 0.270954
-0.150509 -0.601527 0.201526
-0.170479 -0.544181 0.160161
-0.170780 -0.501587 0.105175
-0.128615 -0.449546 0.120692
-0.073872 -0.489984 0.115379
-0.087954 -0.509198 0.042662
-0.129897 -0.456563 0.008929
-0.110368 -0.387266 -0.005387
-0.083787 -0.408762 -0.063135
-0.134244 -0.435489 -0.094443
-0.164210 -0.365077 -0.094380
-0.122727 -0.309763 -0.109160
-0.089837 -0.354366 -0.159128
-0.097288 -0.423613 -0.183416
-0.034252 -0.439604 -0.170660
0.012439 -0.388977 -0.182130
0.051598 -0.402787 -0.129273
0.059430 -0.492413 -0.140975
0.053742 -0.519537 -0.206312
0.063136 -0.529454 -0.270343
0.045089 -0.514306 -0.331190
0.011678 -0.577230 -0.342870
-0.031027 -0.555437 -0.298257
-0.045409 -0.484108 -0.315672
-0.068925 -0.499355 -0.374327
-0.115636 -0.543760 -0.349975
-0.141335 -0.485124 -0.317507
-0.153213 -0.442133 -0.370785
-0.188386 -0.490232 -0.401377
-0.231312 -0.494521 -0.351514
-0.246615 -0.421208 -0.341521
-0.268268 -0.409084 -0.402157
-0.313837 -0.468934 -0.394546
-0.334028 -0.470199 -0.322229
-0.303521 -0.429910 -0.267982
-0.292945 -0.444265 -0.204436
-0.301779 -0.519215 -0.201801
-0.243190 -0.541677 -0.206334
-0.228868 -0.543338 -0.143821
-0.257812 -0.611122 -0.135451
-0.223500 -0.652997 -0.175552
-0.168636 -0.638593 -0.145170
-0.181736 -0.660163 -0.085420
-0.197200 -0.732285 -0.103088
-0.141635 -0.750930 -0.129084
-0.108405 -0.741707 -0.075405
-0.140033 -0.786210 -0.034545
-0.135326 -0.850721 -0.072517
-0.071228 -0.854862 -0.077071
-0.062675 -0.844275 -0.005766
-0.084649 -0.893787 0.037012
-0.031528 -0.929340 0.055312
-0.008974 -0.863465 0.081793
-0.055544 -0.839738 0.121915
-0.052480 -0.904993 0.161004
0.010496 -0.883324 0.182678
0.001943 -0.810656 0.210993
0.001602 -0.736872 0.239877
0.013841 -0.662171 0.234986
0.069325 -0.668939 0.205068
0.053341 -0.715104 0.156619
0.012219 -0.666559 0.128936
0.051598 -0.609039 0.117804
0.091940 -0.650022 0.083311
0.051939 -0.669832 0.037160
0.037477 -0.598577 0.017109
0.098189 -0.574156 0.005492
0.128796 -0.643254 -0.024868
0.092481 -0.701443 -0.052150
0.050617 -0.670353 -0.091450
0.090257 -0.643923 -0.137180
0.121785 -0.705633 -0.155986
0.077378 -0.742029 -0.190162
0.080202 -0.678063 -0.240742
0.125170 -0.678460 -0.284659
0.089937 -0.724823 -0.326952
0.043346 -0.739525 -0.367749
0.021252 -0.802524 -0.338400
0.001142 -0.766524 -0.284553
-0.035854 -0.717410 -0.314956
-0.072650 -0.767120 -0.345337
-0.091339 -0.804309 -0.291384
-0.119081 -0.742847 -0.265726
-0.159643 -0.729633 -0.314407
-0.187966 -0.796301 -0.307302
-0.206073 -0.783954 -0.245970
-0.238563 -0.720930 -0.255606
-0.279325 -0.752566 -0.298384
-0.300256 -0.806317 -0.248058
-0.328239 -0.760178 -0.204942
-0.377213 -0.726409 -0.165980
-0.409522 -0.649998 -0.170365
-0.462723 -0.613378 -0.164567
-0.496074 -0.551297 -0.152887
-0.528844 -0.586726 -0.103805
-0.478527 -0.580850 -0.061026
-0.468532 -0.507884 -0.059824
-0.529365 -0.490876 -0.042726
-0.517887 -0.526157 0.018522
-0.467430 -0.490008 0.041861
-0.491487 -0.420960 0.041735
-0.534092 -0.441761 0.089868
-0.495153 -0.465166 0.134607
-0.468152 -0.394630 0.138149
-0.514542 -0.349631 0.152739
-0.531308 -0.387365 0.207092
-0.476725 -0.377076 0.237200
-0.475202 -0.300565 0.236567
-0.528103 -0.290425 0.267033
-0.508172 -0.327242 0.322714
-0.460520 -0.282119 0.335997
-0.497476 -0.217757 0.334753
-0.524597 -0.246021 0.396886
-0.465928 -0.263128 0.436396
-0.435542 -0.199311 0.448309
-0.418817 -0.137353 0.478226
-0.406918 -0.063346 0.477868
-0.343662 -0.066767 0.488747
-0.324033 -0.095503 0.429903
-0.349431 -0.043115 0.388136
-0.297933 0.007364 0.389443
-0.259054 -0.030024 0.346665
-0.293286 -0.041181 0.286725
-0.297392 0.040859 0.265009
-0.223700 0.048297 0.257967
-0.207115 0.013016 0.190584
