1.000000 -1.000000 -0.562655
0.998731 -0.929785 -0.545185
0.947475 -0.891813 -0.535322
0.918062 -0.849225 -0.506100
0.878029 -0.786786 -0.508304
0.829158 -0.777158 -0.505089
0.789775 -0.775973 -0.484071
0.763226 -0.692351 -0.485944
0.722559 -0.685982 -0.526073
0.683951 -0.734915 -0.515216
0.661798 -0.665045 -0.487668
0.654863 -0.601151 -0.523637
0.603235 -0.627494 -0.541621
0.567290 -0.610384 -0.498226
0.569147 -0.521134 -0.504857
0.545849 -0.477903 -0.542549
0.490212 -0.489408 -0.558462
0.443941 -0.471089 -0.567529
0.401850 -0.489162 -0.591828
0.366508 -0.458646 -0.620272
0.327575 -0.466621 -0.647539
0.294911 -0.445833 -0.683474
0.250110 -0.419736 -0.691232
0.220821 -0.387912 -0.728808
0.195371 -0.325153 -0.733764
0.179674 -0.274245 -0.767247
0.175897 -0.200104 -0.778800
0.161980 -0.127494 -0.763965
0.151407 -0.054637 -0.774639
0.126499 0.007728 -0.763003
0.090661 0.063796 -0.757766
0.131700 0.122235 -0.754500
0.157166 0.191660 -0.750406
0.197910 0.250741 -0.745748
0.217942 0.312043 -0.715680
0.261814 0.363223 -0.699536
0.292078 0.402281 -0.661644
0.348690 0.414527 -0.653108
0.378320 0.465016 -0.630051
0.367421 0.532787 -0.650870
0.344433 0.518640 -0.706663
0.321537 0.451733 -0.723322
0.294586 0.404503 -0.764678
0.256643 0.345916 -0.779032
0.217772 0.312512 -0.804790
0.193684 0.254814 -0.826438
0.232648 0.245828 -0.865656
0.280978 0.280738 -0.854069
0.294214 0.355644 -0.846660
0.333442 0.410552 -0.833234
0.342761 0.481385 -0.796254
0.343690 0.565302 -0.775518
0.321909 0.620754 -0.732223
0.318379 0.689315 -0.704127
0.281396 0.719657 -0.675070
0.244181 0.778071 -0.648533
0.194891 0.736446 -0.654633
0.159193 0.697215 -0.681883
0.144843 0.621297 -0.709813
0.134193 0.558216 -0.736234
0.134657 0.479755 -0.739980
0.079098 0.457831 -0.739516
0.030644 0.442944 -0.769534
-0.012500 0.440771 -0.796469
-0.024420 0.484100 -0.838637
-0.071497 0.457338 -0.841339
-0.084547 0.472768 -0.785397
-0.064546 0.488865 -0.740461
-0.056295 0.440401 -0.699602
-0.003135 0.474348 -0.699254
0.044468 0.502839 -0.674325
0.096544 0.515579 -0.671888
0.134053 0.560858 -0.643610
0.176996 0.608631 -0.634295
0.210372 0.651220 -0.601856
0.248469 0.713386 -0.603000
0.298611 0.744717 -0.586872
0.339386 0.740273 -0.612680
0.330082 0.662947 -0.626786
0.296536 0.630357 -0.589591
0.263253 0.590139 -0.560053
0.216781 0.592682 -0.527383
0.175030 0.556686 -0.561528
0.126112 0.523924 -0.569567
0.077565 0.536910 -0.595127
0.024328 0.519702 -0.597248
-0.021433 0.518566 -0.627880
-0.075909 0.519381 -0.630764
-0.085568 0.590707 -0.647157
-0.101420 0.647788 -0.608238
-0.102349 0.597126 -0.558180
-0.048555 0.565845 -0.560534
-0.002221 0.553723 -0.529007
0.052688 0.535577 -0.520918
0.099702 0.539305 -0.493850
0.150958 0.513357 -0.495375
0.198220 0.511851 -0.473115
0.241410 0.488692 -0.456290
0.222060 0.482767 -0.404973
0.172429 0.469805 -0.399088
0.138032 0.518492 -0.413310
0.085352 0.544218 -0.415432
0.041093 0.573227 -0.445881
-0.007175 0.611890 -0.450854
0.008166 0.680402 -0.448119
0.015860 0.691339 -0.395707
0.021557 0.615914 -0.377822
0.039885 0.554192 -0.354633
0.057812 0.472497 -0.356224
0.065722 0.390677 -0.351069
0.081327 0.315895 -0.348235
0.038755 0.298119 -0.375700
0.001602 0.309525 -0.420902
-0.050830 0.324363 -0.440875
-0.078122 0.357397 -0.491149
-0.095058 0.332140 -0.535720
-0.055490 0.285034 -0.544853
-0.017021 0.296958 -0.508918
0.034390 0.280244 -0.489259
0.071775 0.289576 -0.446842
0.123341 0.251506 -0.437759
0.163698 0.195067 -0.428228
0.199923 0.158404 -0.463086
0.247014 0.162651 -0.455843
0.244475 0.245161 -0.453937
0.200619 0.274788 -0.472170
0.162382 0.311229 -0.494364
0.112350 0.290095 -0.511785
0.076791 0.302242 -0.552743
0.027563 0.268640 -0.568158
-0.010488 0.231286 -0.606083
-0.041526 0.184179 -0.628145
-0.064902 0.239878 -0.653141
-0.020519 0.266863 -0.677341
0.023445 0.231162 -0.683259
0.059685 0.252395 -0.639251
0.109919 0.279503 -0.620570
0.143419 0.314339 -0.581435
0.193343 0.334165 -0.563119
0.230915 0.350879 -0.521134
0.275746 0.376926 -0.496536
0.313379 0.417638 -0.476148
0.325562 0.442746 -0.526753
0.288564 0.444919 -0.564810
0.265049 0.388801 -0.588347
0.231085 0.360236 -0.627847
0.186021 0.316487 -0.644505
0.153868 0.282293 -0.684270
0.110461 0.236174 -0.695326
0.078091 0.196203 -0.735090
0.046697 0.166453 -0.767910
0.024343 0.150849 -0.812067
-0.006866 0.208720 -0.810608
0.032672 0.256148 -0.832687
0.041666 0.247531 -0.881353
0.033755 0.319722 -0.898160
0.028600 0.375593 -0.849461
0.069391 0.425193 -0.841124
0.098108 0.492890 -0.813791
0.151314 0.512962 -0.803265
0.192244 0.476521 -0.790419
0.175494 0.404800 -0.807558
0.141050 0.402627 -0.849063
0.109222 0.343423 -0.873744
0.112473 0.267035 -0.882413
0.132366 0.224916 -0.931576
0.182182 0.212744 -0.945085
0.207137 0.290391 -0.952594
0.244677 0.336362 -0.944837
0.230543 0.389739 -0.982579
0.188699 0.422181 -0.950870
0.199938 0.459880 -0.906862
0.202043 0.533997 -0.928311
0.158946 0.571771 -0.917835
0.130740 0.632728 -0.906746
0.089825 0.672131 -0.905503
0.087921 0.669662 -0.960003
0.113464 0.612680 -0.987701
0.165324 0.608779 -0.990320
0.212818 0.588831 -1.000000
0.263021 0.582979 -0.976347
0.312528 0.588460 -0.958263
0.301490 0.623864 -0.908619
0.293208 0.625321 -0.857517
0.280700 0.701462 -0.857998
0.241565 0.693265 -0.886458
0.220899 0.642554 -0.856556
0.221363 0.673538 -0.808719
0.198080 0.738618 -0.821382
0.153915 0.708128 -0.830830
0.148357 0.687710 -0.776231
0.136143 0.753456 -0.749113
0.111761 0.791601 -0.706083
0.086296 0.857496 -0.694480
0.063787 0.919391 -0.668573
0.052703 0.992741 -0.658130
0.100631 1.000000 -0.631958
0.131050 0.940006 -0.661313
0.167940 0.927390 -0.697215
0.203096 0.900306 -0.726123
0.245358 0.888455 -0.746146
0.282062 0.851570 -0.772269
0.314989 0.799822 -0.779960
0.366044 0.775701 -0.790303
0.410178 0.750198 -0.792425
0.456713 0.751407 -0.783574
0.505801 0.775800 -0.786557
0.530663 0.707165 -0.784336
0.574597 0.674452 -0.793585
0.612926 0.627716 -0.781833
0.654569 0.652306 -0.752031
0.688873 0.600089 -0.739798
0.739866 0.593966 -0.732173
0.739231 0.510913 -0.716426
0.745594 0.438771 -0.734411
0.741863 0.404355 -0.687916
0.695406 0.423884 -0.681319
0.677124 0.392554 -0.723604
0.685034 0.318734 -0.711951
0.659739 0.312858 -0.667877
0.617973 0.331597 -0.690685
0.615016 0.278886 -0.728543
0.613360 0.216151 -0.700348
0.565200 0.224595 -0.691596
0.549193 0.212399 -0.738654
0.570324 0.142455 -0.742417
0.537505 0.100163 -0.719377
0.510337 0.085473 -0.759722
0.549890 0.042514 -0.782297
0.574535 0.001185 -0.739831
0.539812 -0.039576 -0.712001
0.511637 -0.102360 -0.699917
0.472333 -0.055575 -0.693022
0.466218 -0.022640 -0.739317
0.466760 -0.082955 -0.771424
0.420519 -0.102336 -0.766899
0.402469 -0.035947 -0.794795
0.410519 -0.035429 -0.844737
0.365935 -0.067080 -0.857484
0.340671 0.002173 -0.833565
0.381060 0.064216 -0.831344
0.411138 0.121544 -0.838488
0.449530 0.168601 -0.825775
0.450366 0.236051 -0.850688
0.425907 0.279182 -0.818250
0.454158 0.265332 -0.776314
0.493293 0.297057 -0.796503
0.476404 0.366556 -0.804426
0.464732 0.377938 -0.755064
0.508495 0.370729 -0.735190
0.529595 0.426205 -0.762705
0.500569 0.479558 -0.742268
0.509640 0.472102 -0.692027
0.556500 0.489112 -0.692640
0.554472 0.563525 -0.708520
0.533217 0.584782 -0.657086
0.558667 0.549279 -0.614073
0.575355 0.543502 -0.562871
0.570742 0.464226 -0.547969
0.581098 0.400035 -0.575999
0.554565 0.334955 -0.572435
0.508820 0.360162 -0.573115
0.500306 0.374901 -0.624316
0.485940 0.301106 -0.635720
0.443818 0.280935 -0.613542
0.411850 0.297279 -0.650174
0.428136 0.242840 -0.683822
0.423275 0.181686 -0.653025
0.376663 0.191611 -0.643776
0.360920 0.188352 -0.692392
0.376214 0.119099 -0.701856
0.351755 0.083597 -0.665291
0.308131 0.108508 -0.682844
0.310949 0.072388 -0.728725
0.315918 0.002691 -0.710078
0.274167 -0.000494 -0.685596
0.247541 0.002518 -0.730317
0.266767 -0.062315 -0.754285
0.289075 -0.111421 -0.709912
0.332544 -0.078091 -0.680259
0.364217 -0.081523 -0.640428
0.407887 -0.057130 -0.614404
0.436712 -0.084362 -0.579629
0.473741 -0.029330 -0.571358
0.479686 0.044292 -0.583574
0.499346 0.070808 -0.540162
0.542026 0.032886 -0.542980
0.554921 0.069401 -0.589044
0.545694 0.148924 -0.570777
0.529982 0.178995 -0.527084
0.479175 0.182698 -0.515747
0.441929 0.226866 -0.486955
0.398522 0.248617 -0.476463
0.365239 0.280911 -0.446014
0.341739 0.273948 -0.393983
0.330903 0.270220 -0.345152
0.341135 0.246099 -0.298624
0.347390 0.163737 -0.308768
0.357762 0.148405 -0.362456
0.364821 0.107150 -0.413642
0.373335 0.074610 -0.461445
0.350486 0.028047 -0.506050
0.331429 -0.008345 -0.549179
0.295437 -0.048489 -0.509647
0.245420 -0.039996 -0.487104
0.203870 -0.022763 -0.469037
0.168095 0.024170 -0.459456
0.168869 -0.012567 -0.413260
0.182863 -0.012172 -0.364081
0.188235 -0.015875 -0.312763
0.157940 -0.000741 -0.264412
0.128774 -0.002074 -0.224913
0.087658 -0.019060 -0.250489
0.111637 -0.088115 -0.278568
0.128589 -0.154849 -0.262324
0.088231 -0.194006 -0.289425
0.088076 -0.156972 -0.340892
0.128589 -0.158009 -0.374838
0.131623 -0.223780 -0.405072
0.106885 -0.185562 -0.451881
0.137443 -0.146998 -0.483938
0.136809 -0.160725 -0.538190
0.160649 -0.105891 -0.560219
0.197957 -0.068808 -0.577408
0.235203 -0.027479 -0.565324
0.265792 0.037033 -0.550290
0.290808 0.097768 -0.533052
0.306707 0.116137 -0.475203
0.292542 0.107372 -0.421847
0.305143 0.068018 -0.369551
0.322280 0.022467 -0.332703
0.342900 -0.037552 -0.310310
0.340981 -0.103471 -0.284469
0.300716 -0.088263 -0.248881
0.273254 -0.023356 -0.263716
0.236209 0.041650 -0.264678
0.200294 0.097447 -0.271026
0.188452 0.179019 -0.249345
0.189736 0.247457 -0.273512
0.240342 0.229286 -0.289027
0.260529 0.165959 -0.258379
0.287635 0.109792 -0.230383
0.276350 0.039626 -0.194994
0.260467 -0.017751 -0.163617
0.228360 -0.057451 -0.136566
0.232927 -0.008345 -0.094431
0.212462 0.057278 -0.121333
0.165525 0.048193 -0.129073
0.118248 0.064265 -0.124383
0.067054 0.074437 -0.116493
0.014528 0.074684 -0.120869
-0.031371 0.122679 -0.103199
-0.058632 0.175514 -0.125493
-0.020473 0.207831 -0.152146
0.025071 0.191142 -0.121382
0.070970 0.190623 -0.098956
0.110136 0.145961 -0.068573
0.148512 0.114680 -0.044538
0.168993 0.067623 -0.012200
0.142490 0.064463 0.033698
0.096033 0.074733 0.036267
0.049530 0.083251 0.061014
-0.002701 0.055525 0.070827
-0.055459 0.045773 0.074656
-0.097705 -0.010493 0.077955
-0.116792 -0.019208 0.123454
-0.077116 -0.067129 0.138754
-0.037919 -0.058315 0.105288
0.011247 -0.059402 0.080905
0.044096 -0.029182 0.040245
0.088494 -0.035898 0.007459
0.124734 -0.024837 -0.026554
0.148001 -0.076980 -0.070015
0.148465 -0.074264 -0.120786
0.099965 -0.053229 -0.122228
0.078076 -0.085473 -0.075767
0.050660 -0.116087 -0.035405
0.047889 -0.134974 0.019327
0.016541 -0.167465 0.056589
-0.016634 -0.198326 0.084088
-0.052781 -0.252024 0.108371
-0.093649 -0.222027 0.130184
-0.139100 -0.206992 0.144505
-0.179860 -0.155120 0.144505
-0.222741 -0.121568 0.151019
-0.269631 -0.105619 0.136615
-0.308178 -0.059056 0.108139
-0.356585 -0.033182 0.111818
-0.393970 0.020097 0.086905
-0.432408 0.080116 0.091812
-0.457301 0.144356 0.056738
-0.498618 0.172600 0.041422
-0.520585 0.116951 0.010244
-0.491234 0.055254 0.009879
-0.442873 0.043452 0.016990
-0.399481 -0.009431 0.011354
-0.362266 -0.060611 0.036251
-0.332312 -0.117593 0.051135
-0.290096 -0.148306 0.056141
-0.281396 -0.141393 0.001077
-0.303843 -0.079054 -0.025278
-0.349479 -0.071030 -0.040660
-0.385503 -0.023232 -0.066733
-0.440752 -0.009406 -0.054964
-0.495429 -0.013752 -0.057418
-0.542784 -0.021800 -0.024615
-0.593158 -0.013357 -0.018946
-0.610604 -0.052760 0.023173
-0.647014 -0.075351 0.062142
-0.622725 -0.110779 0.113609
-0.588962 -0.170304 0.126123
-0.535338 -0.192179 0.126836
-0.490011 -0.215041 0.124499
-0.443074 -0.193734 0.131195
-0.424544 -0.250247 0.174706
-0.400178 -0.328239 0.189657
-0.391463 -0.399837 0.203183
-0.389512 -0.473706 0.181618
-0.364031 -0.508518 0.226322
-0.372901 -0.473583 0.276281
-0.398800 -0.410280 0.290519
-0.387933 -0.338016 0.307873
-0.422098 -0.300390 0.264645
-0.458787 -0.237902 0.244770
-0.480862 -0.184920 0.203481
-0.519037 -0.124235 0.191364
-0.553605 -0.080066 0.161992
-0.586702 -0.017332 0.146627
-0.616347 0.016665 0.105785
-0.636518 0.091077 0.078419
-0.651426 0.158355 0.066518
-0.635822 0.243062 0.061130
-0.668253 0.264418 0.014156
-0.690638 0.260789 -0.031908
-0.665653 0.198943 -0.046378
-0.653826 0.122877 -0.051716
-0.603483 0.132234 -0.048649
-0.604722 0.155466 0.003928
-0.575727 0.111470 0.043328
-0.562661 0.096929 0.099967
-0.553295 0.089250 0.150605
-0.571547 0.079400 0.202304
-0.542444 0.004395 0.219924
-0.518898 -0.053402 0.254832
-0.505569 -0.134011 0.270927
-0.484098 -0.186870 0.310741
-0.461233 -0.257505 0.327648
-0.443941 -0.304637 0.373463
-0.433538 -0.370828 0.396188
-0.407732 -0.342435 0.434693
-0.450025 -0.303180 0.451285
-0.490553 -0.345028 0.443925
-0.508015 -0.300884 0.406895
-0.507256 -0.228693 0.394066
-0.524827 -0.155516 0.374109
-0.515213 -0.087522 0.341654
-0.531654 -0.009678 0.326289
-0.529703 0.050193 0.291679
-0.550354 0.124679 0.278468
-0.559519 0.196277 0.274507
-0.527722 0.233384 0.307144
-0.508975 0.179044 0.340345
-0.532521 0.118951 0.359622
-0.538156 0.050884 0.395425
-0.546252 -0.035034 0.404310
-0.558559 -0.104237 0.435405
-0.599675 -0.143294 0.430499
-0.624908 -0.066685 0.429173
-0.595387 -0.006370 0.452379
-0.570943 0.056044 0.466418
-0.521947 0.095299 0.473993
-0.477271 0.124284 0.486657
-0.428739 0.161984 0.486972
-0.408027 0.090213 0.493171
-0.397190 0.007925 0.486657
-0.382190 -0.060241 0.517902
-0.379032 -0.149096 0.504641
-0.335052 -0.166156 0.489790
-0.331569 -0.150652 0.438289
-0.361384 -0.087251 0.441472
-0.365749 -0.009234 0.415780
-0.389450 0.070265 0.418117
-0.384976 0.152898 0.392657
-0.369325 0.221139 0.376944
-0.347885 0.280170 0.341505
-0.387608 0.328239 0.318217
-0.431696 0.347472 0.306564
-0.452084 0.276096 0.296685
-0.419451 0.209041 0.315034
-0.395751 0.127271 0.316178
-0.373660 0.061451 0.340461
-0.357607 -0.018714 0.336997
-0.336027 -0.087473 0.365589
-0.311970 -0.167416 0.366766
-0.265250 -0.156380 0.369899
-0.242943 -0.160774 0.321051
-0.279028 -0.184352 0.283491
-0.312574 -0.113322 0.292856
-0.335052 -0.044243 0.264794
-0.368459 0.027553 0.264330
-0.389574 0.094460 0.237825
-0.429575 0.151837 0.246163
-0.458741 0.218053 0.234974
-0.508294 0.214349 0.226289
-0.511715 0.210819 0.166435
-0.478447 0.145023 0.143909
-0.434870 0.123790 0.166236
-0.399837 0.056785 0.162738
-0.360873 0.011085 0.186690
-0.331104 -0.057451 0.185099
-0.295932 -0.107718 0.212266
-0.257603 -0.170452 0.210443
-0.227880 -0.231878 0.211653
-0.210836 -0.299057 0.194116
-0.243314 -0.347546 0.214769
-0.271210 -0.332535 0.166567
-0.256148 -0.367791 0.125410
-0.295824 -0.411861 0.112813
-0.337219 -0.389591 0.145533
-0.371926 -0.348929 0.120023
-0.423306 -0.311401 0.109962
-0.442951 -0.250247 0.071358
-0.426448 -0.182180 0.054384
-0.377236 -0.204326 0.063551
-0.363567 -0.284095 0.062374
-0.316800 -0.318462 0.077656
-0.270792 -0.296415 0.073645
-0.236611 -0.309994 0.030184
-0.235218 -0.254839 -0.012448
-0.281690 -0.252592 -0.046047
-0.313209 -0.224694 -0.080822
-0.331414 -0.294564 -0.098011
-0.357978 -0.314167 -0.049511
-0.390704 -0.263801 -0.031825
-0.427888 -0.312142 -0.052660
-0.442548 -0.361051 -0.017122
-0.475599 -0.414132 0.008901
-0.493788 -0.477731 0.029985
-0.478308 -0.522343 -0.012100
-0.435257 -0.505333 -0.042102
-0.442718 -0.434056 -0.074872
-0.444901 -0.373716 -0.110227
-0.459081 -0.306562 -0.138803
-0.466171 -0.246865 -0.171838
-0.497504 -0.209337 -0.130366
-0.517505 -0.169514 -0.092027
-0.558559 -0.210029 -0.089342
-0.541406 -0.279133 -0.077839
-0.518743 -0.252864 -0.036002
-0.552088 -0.216596 -0.008089
-0.581594 -0.276911 -0.004757
-0.553930 -0.321672 0.026338
-0.558481 -0.270294 0.071026
-0.600635 -0.280614 0.096088
-0.633856 -0.287330 0.135157
-0.677294 -0.274417 0.102834
-0.717466 -0.296637 0.074308
-0.734510 -0.217509 0.070032
-0.706769 -0.193265 0.030598
-0.690638 -0.173785 -0.015432
-0.663114 -0.166675 -0.057467
-0.637184 -0.142233 -0.094961
-0.635311 -0.134481 -0.147920
-0.603901 -0.058562 -0.144638
-0.569534 -0.005999 -0.156572
-0.544348 0.061377 -0.164628
-0.504872 0.106310 -0.179496
-0.535493 0.180180 -0.188778
-0.557816 0.246766 -0.177540
-0.550060 0.287157 -0.220123
-0.586903 0.252197 -0.245616
-0.620094 0.289329 -0.212034
-0.591470 0.363026 -0.204426
-0.577352 0.425514 -0.233267
-0.569503 0.470867 -0.191116
-0.527428 0.431562 -0.174076
-0.489965 0.432377 -0.204094
-0.472580 0.500469 -0.191099
-0.468695 0.482273 -0.141372
-0.438322 0.423687 -0.146544
-0.403630 0.464991 -0.168092
-0.399389 0.520492 -0.131808
-0.394249 0.468250 -0.089325
-0.360084 0.413515 -0.104608
-0.320252 0.456177 -0.111420
-0.300685 0.442672 -0.066882
-0.278176 0.377024 -0.080159
-0.249955 0.418354 -0.120023
-0.224196 0.475657 -0.094596
-0.194195 0.503111 -0.058362
-0.212648 0.468867 -0.018813
-0.197616 0.391764 -0.037527
-0.152723 0.375272 -0.050307
-0.141886 0.335127 -0.008089
-0.174256 0.274146 -0.023289
-0.163095 0.236717 -0.066468
-0.132505 0.186747 -0.038704
-0.168698 0.160898 0.000066
-0.213081 0.173119 -0.036930
-0.248748 0.179587 -0.069617
-0.288254 0.215929 -0.091348
-0.320423 0.168181 -0.113211
-0.349603 0.158602 -0.073330
-0.357622 0.234174 -0.064595
-0.377948 0.246642 -0.110807
-0.414327 0.198968 -0.105105
-0.430984 0.229508 -0.061727
-0.438864 0.299131 -0.079513
-0.470227 0.279158 -0.114885
-0.501436 0.247235 -0.083491
-0.510182 0.302390 -0.050854
-0.523155 0.356409 -0.086905
-0.560262 0.315105 -0.111238
-0.586083 0.306069 -0.064197
-0.595340 0.382382 -0.049561
-0.613700 0.455683 -0.038538
-0.561887 0.470176 -0.024482
-0.514455 0.465213 -0.029073
-0.504052 0.484915 0.020438
-0.513015 0.418107 0.043527
-0.480584 0.374136 0.015979
-0.437083 0.403096 0.017388
-0.422857 0.387073 0.066402
-0.417625 0.310858 0.057998
-0.382964 0.313549 0.022128
-0.350981 0.352805 0.049180
-0.348566 0.303007 0.088033
-0.331816 0.243828 0.061495
-0.289462 0.278022 0.050356
-0.274585 0.298662 0.096486
-0.271845 0.225706 0.113509
-0.237896 0.203585 0.080176
-0.205542 0.253728 0.093552
-0.202879 0.232570 0.143013
-0.188498 0.160453 0.133085
-0.148125 0.194549 0.107028
-0.138155 0.272393 0.122460
-0.168126 0.329375 0.099204
-0.181222 0.408503 0.101608
-0.221100 0.461263 0.084088
-0.246085 0.526886 0.072883
-0.300066 0.527824 0.063584
-0.316522 0.594213 0.090502
-0.348551 0.666675 0.085729
-0.381756 0.716151 0.076115
-0.412330 0.667588 0.046958
-0.389079 0.589078 0.058429
-0.396943 0.556686 0.103779
-0.406262 0.584782 0.149660
-0.408181 0.575894 0.203680
-0.437718 0.585596 0.244505
-0.436635 0.591300 0.297149
-0.443399 0.614557 0.344422
-0.430845 0.656947 0.383358
-0.379821 0.641764 0.387452
-0.361802 0.613544 0.340295
-0.328705 0.581029 0.298889
-0.300344 0.556414 0.261147
-0.273083 0.488322 0.241505
-0.245218 0.435908 0.219244
-0.221317 0.425267 0.273115
-0.236008 0.377568 0.316774
-0.248407 0.342435 0.362672
-0.268548 0.308488 0.404890
-0.238453 0.318882 0.444538
-0.252386 0.371297 0.480458
-0.300793 0.408478 0.471606
-0.323643 0.392801 0.522062
-0.336708 0.375469 0.568954
-0.321677 0.301945 0.567181
-0.273362 0.320734 0.561827
-0.267820 0.339571 0.612730
-0.278873 0.265208 0.631891
-0.265962 0.226891 0.580225
-0.235326 0.202252 0.547423
-0.215016 0.163218 0.506713
-0.179179 0.112310 0.498608
-0.201285 0.100459 0.446511
-0.196223 0.159811 0.413625
-0.191826 0.188154 0.366716
-0.180758 0.246618 0.332289
-0.210000 0.262419 0.293884
-0.228933 0.300909 0.254368
-0.272696 0.350953 0.249312
-0.315763 0.386925 0.236566
-0.339618 0.454992 0.270827
-0.348272 0.474595 0.323769
-0.326166 0.521109 0.368788
-0.299431 0.565895 0.399453
-0.263996 0.607594 0.416244
-0.229692 0.615371 0.449760
-0.257123 0.603076 0.497514
-0.297512 0.551748 0.483408
-0.341074 0.499407 0.492226
-0.380069 0.449067 0.496188
-0.427083 0.422551 0.510111
-0.473679 0.398825 0.502917
-0.480676 0.458646 0.465274
-0.440659 0.502271 0.444886
-0.412175 0.551699 0.472369
-0.374341 0.602064 0.487303
-0.340764 0.604508 0.533549
-0.309679 0.598805 0.571490
-0.294740 0.565623 0.613625
-0.328395 0.604903 0.643826
-0.367267 0.556488 0.618167
-0.362855 0.482026 0.633814
-0.368505 0.413342 0.654185
-0.363722 0.341472 0.680872
-0.353334 0.261332 0.686392
-0.365718 0.203091 0.731079
-0.390178 0.137048 0.729339
-0.428120 0.176995 0.700630
-0.426325 0.259258 0.707824
-0.434003 0.345472 0.709746
-0.410829 0.419144 0.715979
-0.396927 0.494322 0.717736
-0.374001 0.553526 0.733715
-0.368180 0.543403 0.786491
-0.369914 0.476965 0.809962
-0.371740 0.436080 0.860467
-0.355594 0.366902 0.890005
-0.359325 0.309574 0.934295
-0.339061 0.252913 0.959987
-0.309122 0.237088 1.000000
-0.266612 0.242766 0.960020
-0.285746 0.299649 0.917918
-0.279957 0.355150 0.880557
-0.305298 0.391295 0.835554
-0.303704 0.438747 0.785066
-0.309865 0.486816 0.743660
-0.274121 0.505037 0.704326
-0.277046 0.493532 0.654185
-0.291892 0.416305 0.656639
-0.272216 0.389492 0.707807
-0.260869 0.353644 0.754235
-0.242138 0.368334 0.802602
-0.222292 0.315870 0.837394
-0.202926 0.288539 0.882844
-0.176640 0.225360 0.894497
-0.184876 0.168403 0.933549
-0.199628 0.098632 0.903580
-0.231286 0.053945 0.876247
-0.270978 0.029454 0.849760
-0.325237 -0.005728 0.851202
-0.376230 0.000815 0.844870
-0.430272 0.011406 0.818747
-0.471171 0.020270 0.787436
-0.513185 -0.004197 0.753174
-0.566191 -0.020961 0.728676
-0.617369 -0.004024 0.703199
-0.656349 -0.007357 0.659456
-0.697001 -0.012764 0.626571
-0.732064 -0.039132 0.589475
-0.772948 -0.034416 0.553904
-0.802283 -0.055822 0.513443
-0.821355 -0.060414 0.465473
-0.857224 -0.074363 0.429073
-0.877751 -0.119297 0.394447
-0.903696 -0.120852 0.348367
-0.933186 -0.173859 0.330151
-0.958868 -0.209535 0.294331
-1.000000 -0.233286 0.279347
-0.990387 -0.288564 0.242301
-0.963435 -0.346682 0.230516
-0.955943 -0.396973 0.181817
-0.942382 -0.464720 0.150638
-0.929626 -0.520146 0.116559
-0.914950 -0.586189 0.101044
-0.880057 -0.593299 0.143113
-0.880537 -0.537848 0.178352
-0.872193 -0.504419 0.228742
-0.871853 -0.464078 0.275203
-0.853245 -0.404108 0.306348
-0.840241 -0.375025 0.359208
-0.818012 -0.343077 0.399718
-0.802299 -0.324289 0.446113
-0.791447 -0.282762 0.488828
-0.748907 -0.324585 0.506415
-0.720903 -0.310438 0.455395
-0.686536 -0.274689 0.427416
-0.674291 -0.346509 0.403100
-0.703967 -0.353200 0.362937
-0.723395 -0.372827 0.312912
-0.748674 -0.349027 0.262457
-0.745269 -0.313722 0.217222
-0.696908 -0.304859 0.221001
-0.693982 -0.388307 0.212133
-0.700592 -0.417317 0.166203
-0.693038 -0.475311 0.132786
-0.670498 -0.493877 0.081949
-0.636503 -0.500346 0.045616
-0.609072 -0.435710 0.061628
-0.606873 -0.445956 0.117620
-0.588962 -0.506938 0.140212
-0.542289 -0.474003 0.147456
-0.558605 -0.413391 0.176977
-0.575185 -0.369149 0.216658
-0.592229 -0.321178 0.257600
-0.612508 -0.246223 0.276579
-0.638144 -0.228792 0.321034
-0.666535 -0.182673 0.355992
-0.716940 -0.224891 0.342980
-0.760269 -0.250889 0.326885
-0.797376 -0.274516 0.289160
-0.840133 -0.300291 0.268689
-0.849267 -0.370334 0.228626
-0.831201 -0.424946 0.189806
-0.811773 -0.504049 0.181303
-0.797392 -0.576610 0.183623
-0.783397 -0.642356 0.203928
-0.749108 -0.691487 0.212150
-0.726027 -0.696820 0.162738
-0.735996 -0.618482 0.139682
-0.736553 -0.556044 0.099387
-0.738117 -0.502494 0.060219
-0.758923 -0.481582 0.008420
-0.787623 -0.421465 0.011918
-0.831015 -0.475114 0.026372
-0.805503 -0.545675 0.047190
-0.787484 -0.621149 0.061595
-0.742002 -0.669193 0.069965
-0.700050 -0.705412 0.073993
-0.653191 -0.711189 0.066783
-0.657649 -0.754716 0.022990
-0.677371 -0.683315 -0.003779
-0.643531 -0.632185 -0.014669
-0.611843 -0.590016 -0.042201
-0.583885 -0.542860 -0.072601
-0.556531 -0.478447 -0.095558
-0.550106 -0.435957 -0.149494
-0.568977 -0.376111 -0.175104
-0.614149 -0.387937 -0.157053
-0.618066 -0.474175 -0.143047
-0.629784 -0.551748 -0.136648
-0.618360 -0.631691 -0.114189
-0.616672 -0.704622 -0.097248
-0.597554 -0.770072 -0.086060
-0.567785 -0.780516 -0.132239
-0.548140 -0.719435 -0.156572
-0.515198 -0.672576 -0.193320
-0.469577 -0.630481 -0.206431
-0.430907 -0.577869 -0.225046
-0.380146 -0.550464 -0.218714
-0.357839 -0.581004 -0.257500
-0.347544 -0.652207 -0.234709
-0.385146 -0.661540 -0.198823
-0.420690 -0.696474 -0.163037
-0.466760 -0.687438 -0.134726
-0.500290 -0.709634 -0.094199
-0.536468 -0.718028 -0.060998
-0.532753 -0.718201 -0.001094
-0.555385 -0.672526 0.031709
-0.543945 -0.605866 0.002221
-0.498974 -0.628851 -0.026073
-0.454731 -0.644356 -0.049312
-0.426464 -0.699561 -0.074424
-0.379666 -0.701486 -0.098276
-0.337559 -0.697437 -0.120438
-0.284152 -0.691808 -0.128195
-0.265080 -0.644183 -0.171125
-0.244940 -0.605792 -0.208901
-0.247215 -0.556587 -0.253025
-0.246689 -0.503901 -0.289541
-0.233577 -0.426081 -0.307641
-0.241410 -0.341102 -0.324499
-0.225388 -0.279898 -0.347920
-0.236085 -0.196894 -0.367645
-0.247262 -0.138826 -0.407525
-0.270854 -0.063278 -0.422510
-0.249398 -0.009456 -0.449080
-0.215806 0.030639 -0.419045
-0.229335 0.014517 -0.361379
-0.244119 -0.063821 -0.348086
-0.245791 -0.125247 -0.305288
-0.238361 -0.207412 -0.289176
-0.223004 -0.270319 -0.262871
-0.230342 -0.335325 -0.238754
-0.260204 -0.299131 -0.199552
-0.283192 -0.224546 -0.214901
-0.266489 -0.155046 -0.224200
-0.272093 -0.075277 -0.237245
-0.245218 -0.013184 -0.271308
-0.213576 0.052513 -0.288563
-0.178823 0.069647 -0.335455
-0.156268 0.117914 -0.371225
-0.118913 0.094040 -0.403033
-0.076884 0.105644 -0.436880
-0.052548 0.034046 -0.430665
-0.035009 -0.033849 -0.406663
-0.048864 -0.107199 -0.375883
-0.066419 -0.164724 -0.346992
-0.098587 -0.219559 -0.341422
-0.062208 -0.289996 -0.338223
-0.031325 -0.348163 -0.305072
0.010457 -0.389566 -0.280988
0.038632 -0.330659 -0.261263
0.039235 -0.338312 -0.204144
0.082256 -0.328140 -0.185181
0.104114 -0.401047 -0.203083
0.087906 -0.422378 -0.250290
0.091652 -0.438056 -0.302984
0.053679 -0.465263 -0.332670
0.019947 -0.460893 -0.381585
-0.006866 -0.379222 -0.379281
-0.029157 -0.308587 -0.408868
-0.058431 -0.238149 -0.412100
-0.069871 -0.168230 -0.440892
-0.089810 -0.086387 -0.444837
-0.109873 -0.020813 -0.481916
-0.119610 0.044094 -0.509481
-0.132319 0.077770 -0.564081
-0.159472 0.140258 -0.572402
-0.177197 0.197734 -0.533333
-0.164209 0.267159 -0.558064
-0.165819 0.326462 -0.587751
-0.182941 0.283404 -0.634759
-0.206053 0.216003 -0.629488
-0.240992 0.159392 -0.643345
-0.214706 0.096311 -0.609117
-0.205712 0.042465 -0.574192
-0.170494 -0.019134 -0.552478
-0.143125 -0.085053 -0.541754
-0.102845 -0.127963 -0.519940
-0.076930 -0.201980 -0.516111
-0.042904 -0.255308 -0.489425
-0.024513 -0.333152 -0.489077
0.003228 -0.387394 -0.456158
0.020411 -0.472003 -0.463981
0.066156 -0.501407 -0.464794
0.074933 -0.445709 -0.509398
0.035644 -0.404330 -0.529703
0.002841 -0.351274 -0.563468
-0.042099 -0.301279 -0.563915
-0.079469 -0.251753 -0.587767
-0.117427 -0.195709 -0.585231
-0.138078 -0.148652 -0.632952
-0.177755 -0.142159 -0.662788
-0.183761 -0.223682 -0.663633
-0.137567 -0.264270 -0.652892
-0.095646 -0.317672 -0.653904
-0.043848 -0.317845 -0.640908
-0.001587 -0.355891 -0.643395
0.046047 -0.346781 -0.629040
0.044762 -0.428402 -0.602934
0.044003 -0.499259 -0.585032
0.046898 -0.566092 -0.557152
0.055025 -0.640628 -0.547058
0.001169 -0.649343 -0.559473
-0.037470 -0.659639 -0.592011
-0.068617 -0.702474 -0.561644
-0.081265 -0.632259 -0.532985
-0.105972 -0.591226 -0.577689
-0.149472 -0.538836 -0.587187
-0.187678 -0.506123 -0.620603
-0.237029 -0.472102 -0.619460
-0.281056 -0.448030 -0.642649
-0.327126 -0.405565 -0.620106
-0.344773 -0.337522 -0.633300
-0.309261 -0.295724 -0.607641
-0.270452 -0.348583 -0.595773
-0.228484 -0.383542 -0.567379
-0.199706 -0.451388 -0.550423
-0.163358 -0.484199 -0.518034
-0.131514 -0.544613 -0.505967
-0.095491 -0.565500 -0.464247
-0.112148 -0.633666 -0.449412
-0.137707 -0.641245 -0.400713
-0.130973 -0.560488 -0.377076
-0.142691 -0.509209 -0.424134
-0.171005 -0.437562 -0.446229
-0.195727 -0.384900 -0.485148
-0.231255 -0.324338 -0.496436
-0.248067 -0.272788 -0.541389
-0.269182 -0.216744 -0.574838
-0.237354 -0.163515 -0.596138
-0.234847 -0.106780 -0.549793
-0.244413 -0.112804 -0.491348
-0.247355 -0.193067 -0.478800
-0.224707 -0.244766 -0.437742
-0.212957 -0.323894 -0.418797
-0.195944 -0.378481 -0.381353
-0.187182 -0.458695 -0.368308
-0.180526 -0.514566 -0.324780
-0.169024 -0.568462 -0.289574
-0.152041 -0.594830 -0.245102
-0.105043 -0.584634 -0.255180
-0.109702 -0.502889 -0.238405
-0.109439 -0.491285 -0.189557
-0.071651 -0.442648 -0.177805
-0.048988 -0.418453 -0.228477
-0.066481 -0.338831 -0.236632
-0.063756 -0.255876 -0.262655
-0.094067 -0.180896 -0.271822
-0.140029 -0.170526 -0.284883
-0.154890 -0.239705 -0.261545
-0.126514 -0.269677 -0.221681
-0.125725 -0.350854 -0.200116
-0.156206 -0.404084 -0.183491
-0.185417 -0.411614 -0.134212
-0.226797 -0.357644 -0.122974
-0.213391 -0.275356 -0.112979
-0.224057 -0.199585 -0.116907
-0.183235 -0.173563 -0.088381
-0.146360 -0.194573 -0.127333
-0.150014 -0.162107 -0.173297
-0.117241 -0.104138 -0.156638
-0.071001 -0.123889 -0.167081
-0.026046 -0.104780 -0.180325
0.022052 -0.112458 -0.183657
0.024033 -0.109718 -0.127582
-0.013182 -0.135666 -0.097398
-0.058183 -0.082041 -0.100166
-0.098355 -0.041132 -0.095724
-0.134347 0.014048 -0.114338
-0.170030 0.068635 -0.121797
-0.155045 0.073647 -0.177938
-0.150432 0.059871 -0.228328
-0.110275 0.106064 -0.232339
-0.081296 0.062512 -0.203464
-0.087906 0.000568 -0.231245
-0.076203 0.022788 -0.279198
-0.030969 0.045255 -0.267479
-0.013723 -0.027553 -0.259158
