0.674979 0.173657 -0.226437
0.701585 0.162089 -0.245412
0.728552 0.172660 -0.257069
0.746407 0.165103 -0.281988
0.773846 0.183125 -0.294606
0.797323 0.201995 -0.318083
0.824677 0.215305 -0.330932
0.845239 0.261834 -0.351437
0.861684 0.297750 -0.373711
0.879719 0.334855 -0.395014
0.891737 0.398811 -0.413567
0.902741 0.444874 -0.435139
0.918970 0.471004 -0.459568
0.929028 0.495882 -0.492594
0.943659 0.501443 -0.520649
0.961033 0.480959 -0.548030
0.977159 0.452706 -0.572142
0.993407 0.401443 -0.587434
0.999966 0.345001 -0.612324
1.000000 0.281087 -0.628895
0.996854 0.238654 -0.659710
0.986848 0.202399 -0.686370
0.958901 0.170919 -0.683138
0.939954 0.218043 -0.698844
0.938003 0.214965 -0.730649
0.911861 0.185863 -0.731813
0.894806 0.223583 -0.716887
0.900471 0.280683 -0.731775
0.892408 0.257313 -0.758367
0.868037 0.243430 -0.749096
0.862759 0.305837 -0.740632
0.866507 0.330758 -0.768879
0.846770 0.290681 -0.780488
0.828124 0.317215 -0.760974
0.833351 0.381320 -0.774438
0.818694 0.371280 -0.798453
0.799214 0.371726 -0.817708
0.779563 0.341180 -0.828576
0.754530 0.337296 -0.835231
0.731501 0.345617 -0.823007
0.707044 0.335322 -0.817794
0.684023 0.367311 -0.813428
0.666392 0.379452 -0.791769
0.640929 0.403248 -0.785172
0.622481 0.446466 -0.767081
0.594526 0.453195 -0.755684
0.568453 0.484143 -0.747172
0.539157 0.477245 -0.739748
0.514579 0.471726 -0.734948
0.488722 0.464296 -0.739084
0.471073 0.498854 -0.755703
0.476747 0.521758 -0.782892
0.473600 0.539928 -0.810543
0.479412 0.548079 -0.838078
0.505278 0.582148 -0.835020
0.525050 0.572490 -0.815371
0.551054 0.571407 -0.804945
0.574900 0.537296 -0.799300
0.595824 0.555275 -0.825402
0.619842 0.554447 -0.842291
0.635445 0.517916 -0.860035
0.649801 0.563914 -0.872932
0.660194 0.587497 -0.847417
0.671687 0.529357 -0.838597
0.685974 0.525239 -0.866565
0.689696 0.575080 -0.887012
0.672151 0.591085 -0.910643
0.665618 0.617831 -0.937389
0.645012 0.623010 -0.955576
0.658870 0.652133 -0.978380
0.670561 0.586712 -0.985583
0.646672 0.546041 -0.988709
0.626444 0.508703 -0.999894
0.608383 0.463957 -1.000000
0.619816 0.416599 -0.978370
0.635685 0.427213 -0.953884
0.612424 0.399618 -0.936024
0.603079 0.348143 -0.912182
0.585852 0.299958 -0.895534
0.581829 0.251794 -0.870826
0.570929 0.204649 -0.851629
0.571169 0.163299 -0.826527
0.547426 0.129060 -0.818304
0.525514 0.154935 -0.835712
0.501315 0.164381 -0.846099
0.480125 0.200722 -0.845926
0.492822 0.264933 -0.847080
0.505536 0.326703 -0.848427
0.513728 0.375801 -0.830778
0.534007 0.394523 -0.855438
0.548062 0.445044 -0.875808
0.562977 0.476608 -0.899708
0.571935 0.527807 -0.914894
0.585955 0.550223 -0.939101
0.587606 0.617406 -0.930003
0.597689 0.606156 -0.899602
0.599701 0.551815 -0.881684
0.576319 0.532520 -0.864603
0.558765 0.510210 -0.842771
0.530130 0.487752 -0.838309
0.504419 0.471471 -0.837328
0.481870 0.430376 -0.847176
0.472500 0.407451 -0.816246
0.468529 0.391446 -0.788990
0.477770 0.376459 -0.760599
0.476463 0.321885 -0.739026
0.486693 0.288453 -0.715434
0.467746 0.242878 -0.712289
0.471933 0.215878 -0.739680
0.499931 0.204691 -0.735881
0.503120 0.195755 -0.701277
0.491636 0.206156 -0.676041
0.512748 0.198005 -0.654536
0.536260 0.222161 -0.663365
0.557278 0.265612 -0.660537
0.557097 0.259605 -0.695670
0.556341 0.287328 -0.726475
0.566545 0.266377 -0.757300
0.575932 0.280280 -0.786499
0.588758 0.256081 -0.813274
0.608005 0.280408 -0.837972
0.618673 0.301826 -0.867652
0.637525 0.337678 -0.886839
0.645210 0.353895 -0.917644
0.666082 0.377075 -0.936129
0.679518 0.406899 -0.963559
0.703511 0.440374 -0.961481
0.705548 0.382679 -0.944930
0.700880 0.332520 -0.926925
0.681985 0.327404 -0.899246
0.674317 0.309446 -0.868527
0.653892 0.320972 -0.843916
0.640972 0.324199 -0.818121
0.615106 0.334664 -0.802022
0.601781 0.358013 -0.775977
0.576783 0.364339 -0.758319
0.562203 0.387115 -0.734679
0.540171 0.388474 -0.717194
0.524878 0.425154 -0.697295
0.506602 0.438421 -0.676358
0.479059 0.456527 -0.665865
0.453872 0.470601 -0.655372
0.433404 0.430418 -0.669626
0.424997 0.404755 -0.640927
0.414707 0.369688 -0.612055
0.403145 0.336744 -0.591483
0.389046 0.269985 -0.585241
0.371862 0.222564 -0.577431
0.355297 0.172532 -0.580711
0.337279 0.214647 -0.560456
0.319691 0.256506 -0.546241
0.313476 0.200191 -0.523890
0.311868 0.174995 -0.493325
0.305662 0.123413 -0.471503
0.302300 0.110189 -0.439101
0.303255 0.070112 -0.411412
0.302197 0.080811 -0.377356
0.302068 0.079134 -0.348109
0.306409 0.100658 -0.320343
0.324522 0.051709 -0.314121
0.347027 0.081872 -0.323632
0.371149 0.107387 -0.318785
0.393499 0.138166 -0.323094
0.404700 0.110868 -0.351245
0.392133 0.103587 -0.377029
0.392004 0.085566 -0.410595
0.387327 0.104776 -0.442718
0.388703 0.105731 -0.472792
0.396233 0.141350 -0.501491
0.402698 0.167608 -0.527795
0.415463 0.206007 -0.546742
0.422650 0.239440 -0.570535
0.427189 0.258119 -0.601244
0.449152 0.280089 -0.623480
0.464574 0.290533 -0.648015
0.485154 0.323519 -0.634964
0.512834 0.342857 -0.622586
0.520906 0.369985 -0.596570
0.503585 0.423710 -0.594531
0.480658 0.394884 -0.606900
0.474890 0.357313 -0.581894
0.471305 0.349055 -0.553012
0.475053 0.378136 -0.523909
0.447321 0.380238 -0.509608
0.428031 0.376587 -0.483669
0.400445 0.393122 -0.471099
0.380141 0.407260 -0.448690
0.362466 0.429229 -0.430301
0.354687 0.433454 -0.402564
0.356870 0.391955 -0.372701
0.356054 0.348121 -0.348955
0.359122 0.286287 -0.364892
0.378533 0.303863 -0.390071
0.402689 0.285014 -0.408719
0.427163 0.276608 -0.424886
0.446470 0.230397 -0.436505
0.473196 0.216557 -0.450921
0.488318 0.166950 -0.465857
0.506009 0.129739 -0.479736
0.513230 0.082849 -0.503135
0.530534 0.129229 -0.524015
0.534042 0.171513 -0.544385
0.508132 0.197856 -0.545972
0.491885 0.170601 -0.519937
0.465503 0.172638 -0.503818
0.447106 0.163978 -0.480159
0.422263 0.167204 -0.465213
0.409729 0.185226 -0.435543
0.392141 0.186309 -0.412941
0.389485 0.206474 -0.381348
0.382917 0.209743 -0.352043
0.381112 0.253216 -0.326075
0.352280 0.237423 -0.318631
0.328115 0.217109 -0.316688
0.300959 0.201847 -0.318872
0.271078 0.220250 -0.323344
0.245134 0.217024 -0.331903
0.235807 0.266546 -0.315130
0.251608 0.308215 -0.332230
0.258837 0.264869 -0.361670
0.253817 0.227786 -0.386560
0.270666 0.281214 -0.404718
0.292715 0.298790 -0.425060
0.308180 0.346402 -0.442785
0.330737 0.350223 -0.465454
0.355091 0.369645 -0.481409
0.374424 0.358629 -0.504578
0.400162 0.381405 -0.517360
0.417887 0.396943 -0.542404
0.444760 0.424093 -0.553205
0.465735 0.453662 -0.567371
0.486891 0.495139 -0.581153
0.477933 0.544046 -0.599763
0.471073 0.600976 -0.621538
0.450743 0.574315 -0.604601
0.434358 0.535789 -0.588568
0.417819 0.474910 -0.583423
0.392777 0.430864 -0.575171
0.377553 0.384759 -0.555744
0.353260 0.348058 -0.543452
0.337760 0.315963 -0.517187
0.321642 0.280004 -0.497826
0.312797 0.259626 -0.467896
0.296575 0.213352 -0.450748
0.288271 0.195479 -0.421289
0.276322 0.149883 -0.403747
0.266625 0.122968 -0.378895
0.262172 0.071068 -0.357756
0.252123 0.038506 -0.334154
0.251229 0.027086 -0.300117
0.248229 0.016663 -0.270889
0.250731 0.078073 -0.250471
0.225311 0.076077 -0.238468
0.200287 0.078922 -0.218637
0.178298 0.093865 -0.204932
0.161681 0.148737 -0.193910
0.146439 0.185205 -0.174694
0.136682 0.236298 -0.159421
0.140319 0.189747 -0.131646
0.144505 0.155912 -0.105322
0.115492 0.178264 -0.095243
0.088422 0.167438 -0.087751
0.060364 0.185311 -0.077710
0.034093 0.157716 -0.065390
0.006060 0.148121 -0.061004
-0.013866 0.095585 -0.049232
-0.032847 0.051242 -0.041606
-0.045260 -0.006135 -0.037441
-0.063811 0.002993 -0.060014
-0.052077 -0.018701 -0.085097
-0.051553 -0.058671 -0.108842
-0.042758 -0.086181 -0.132848
-0.029890 -0.030949 -0.148938
-0.016041 0.018786 -0.137993
0.002140 0.069051 -0.137128
0.026417 0.095840 -0.127462
0.044022 0.100616 -0.156882
0.063562 0.125345 -0.177493
0.088199 0.119253 -0.190900
0.115312 0.144683 -0.201566
0.135479 0.132583 -0.224811
0.162102 0.141881 -0.240882
0.178512 0.136447 -0.269678
0.195310 0.148503 -0.294558
0.196539 0.094205 -0.313063
0.189954 0.047994 -0.335529
0.171283 0.001592 -0.330499
0.181005 -0.034090 -0.307196
0.189129 0.016769 -0.290153
0.161827 0.037975 -0.288201
0.146310 -0.014795 -0.277025
0.129272 -0.031437 -0.253328
0.123289 -0.062301 -0.222013
0.109509 -0.082530 -0.195949
0.112742 -0.103524 -0.161393
0.120736 -0.132711 -0.135897
0.140671 -0.145150 -0.117546
0.149912 -0.175525 -0.093079
0.137680 -0.131225 -0.073594
0.114212 -0.162917 -0.073527
0.096151 -0.204967 -0.061158
0.073714 -0.240628 -0.060168
0.057493 -0.189832 -0.054147
0.061877 -0.154065 -0.079288
0.053366 -0.204925 -0.097272
0.026924 -0.199618 -0.086549
0.023726 -0.129505 -0.092040
0.041280 -0.122012 -0.120287
0.047048 -0.095118 -0.150948
0.057854 -0.087964 -0.182888
0.065040 -0.070495 -0.210549
0.084098 -0.072596 -0.232294
0.073422 -0.010762 -0.246845
0.064877 0.035661 -0.222994
0.064877 0.032880 -0.192265
0.044426 0.005349 -0.175829
0.031678 -0.002399 -0.148236
0.012594 -0.052813 -0.132598
-0.004917 -0.093993 -0.120441
-0.011648 -0.163341 -0.106621
-0.019806 -0.150011 -0.075681
-0.021586 -0.125175 -0.047973
-0.023013 -0.078158 -0.024140
-0.011450 -0.059605 0.007204
-0.004539 -0.027722 0.032931
0.000060 -0.081405 0.049665
0.020906 -0.101698 0.030738
0.026778 -0.029463 0.015946
0.034961 0.035067 0.009858
0.057450 0.003715 -0.011589
0.075786 -0.001189 -0.039086
0.097861 -0.026300 -0.059648
0.106793 -0.021651 -0.089569
0.123960 -0.043664 -0.112891
0.134396 -0.023626 -0.142100
0.141024 -0.033772 -0.174963
0.156489 -0.024687 -0.201700
0.163890 -0.052940 -0.231755
0.172822 -0.073339 -0.258675
0.187521 -0.102017 -0.285806
0.213113 -0.118913 -0.284816
0.233461 -0.159159 -0.278718
0.231887 -0.117576 -0.250856
0.215649 -0.092910 -0.229553
0.203158 -0.040459 -0.212107
0.192954 -0.003630 -0.183465
0.173389 0.022968 -0.164451
0.160838 0.056060 -0.136455
0.136786 0.057567 -0.114046
0.113240 0.078327 -0.094974
0.089411 0.068053 -0.077316
0.069665 0.094247 -0.058485
0.046850 0.077096 -0.040471
0.025162 0.101189 -0.024794
0.002287 0.093611 -0.007954
-0.025884 0.101295 -0.000212
-0.047272 0.098196 0.016869
-0.073714 0.063617 0.022496
-0.096245 0.037635 0.034277
-0.096022 -0.036680 0.041789
-0.100156 -0.036999 0.073575
-0.113816 -0.045956 0.098504
-0.115613 -0.053322 0.128174
-0.112509 -0.088622 0.155921
-0.121665 -0.123902 0.181821
-0.111650 -0.150202 0.208471
-0.110386 -0.189068 0.233515
-0.099890 -0.200425 0.261695
-0.125593 -0.194417 0.281998
-0.147110 -0.219996 0.303714
-0.167423 -0.207790 0.325691
-0.185252 -0.269603 0.330095
-0.200322 -0.228805 0.349427
-0.214755 -0.175865 0.365565
-0.228294 -0.139185 0.384387
-0.244971 -0.090894 0.392754
-0.225440 -0.062046 0.410220
-0.209270 -0.025069 0.394168
-0.196513 0.031013 0.388368
-0.182725 0.072490 0.372817
-0.161715 0.031097 0.360689
-0.162687 -0.028741 0.351139
-0.154529 -0.080217 0.333154
-0.158930 -0.120102 0.305715
-0.134912 -0.097262 0.284941
-0.114805 -0.102696 0.260916
-0.102967 -0.067608 0.234285
-0.093701 -0.060009 0.202556
-0.082585 -0.030376 0.175791
-0.077058 -0.041711 0.142562
-0.061034 -0.015729 0.115479
-0.045303 -0.011399 0.089771
-0.044744 0.051751 0.083433
-0.039010 0.126067 0.084702
-0.048415 0.180599 0.097426
-0.075536 0.172596 0.092464
-0.079465 0.109382 0.094243
-0.074677 0.103545 0.123942
-0.095927 0.139482 0.136782
-0.114916 0.122501 0.157152
-0.142442 0.111420 0.168789
-0.164406 0.101231 0.189967
-0.191003 0.069200 0.198296
-0.219268 0.072702 0.213165
-0.242306 0.082000 0.226725
-0.257255 0.120739 0.245951
-0.268921 0.066674 0.261608
-0.248736 0.043897 0.280219
-0.231776 0.032923 0.304609
-0.207757 0.055721 0.285576
-0.177653 0.068414 0.275823
-0.152586 0.097134 0.267264
-0.123315 0.098323 0.271418
-0.097354 0.122034 0.261522
-0.067972 0.102653 0.252616
-0.066424 0.092762 0.223523
-0.075021 0.026512 0.219406
-0.090391 0.024984 0.247105
-0.115716 0.001783 0.263292
-0.140207 0.004946 0.281825
-0.162162 -0.015220 0.297117
-0.183395 0.017024 0.317362
-0.200880 0.047463 0.334173
-0.223583 0.097877 0.335135
-0.245736 0.056188 0.350302
-0.261700 0.005583 0.356534
-0.270846 -0.059011 0.364844
-0.290506 -0.117151 0.356226
-0.301647 -0.179410 0.352783
-0.327084 -0.165145 0.348677
-0.318788 -0.134197 0.322103
-0.289818 -0.165591 0.317015
-0.272505 -0.216748 0.311668
-0.264330 -0.185014 0.280622
-0.244945 -0.159202 0.258531
-0.237527 -0.132626 0.229967
-0.215262 -0.096965 0.220830
-0.205299 -0.052006 0.198931
-0.183593 -0.029038 0.181965
-0.170432 0.019550 0.163201
-0.152173 0.035279 0.138186
-0.138935 0.094608 0.123230
-0.122327 0.134536 0.106207
-0.111031 0.179325 0.083856
-0.120495 0.171407 0.054638
-0.126307 0.161983 0.020639
-0.141058 0.125600 0.040615
-0.150411 0.084186 0.062399
-0.150978 0.034133 0.085029
-0.163847 -0.023328 0.103832
-0.170423 -0.059393 0.132521
-0.179596 -0.113161 0.154103
-0.185510 -0.132711 0.186639
-0.195654 -0.176820 0.208433
-0.205170 -0.187879 0.239421
-0.211402 -0.220951 0.265629
-0.225844 -0.207132 0.293462
-0.231948 -0.224942 0.322844
-0.244404 -0.229081 0.351408
-0.247017 -0.234324 0.382963
-0.258364 -0.240013 0.410133
-0.272909 -0.208491 0.436899
-0.287953 -0.191467 0.459693
-0.312221 -0.144110 0.453730
-0.334821 -0.187391 0.461501
-0.357016 -0.215474 0.474052
-0.380622 -0.240628 0.476273
-0.409334 -0.240183 0.466213
-0.436662 -0.241074 0.466146
-0.462769 -0.236935 0.456740
-0.469474 -0.208554 0.487997
-0.473798 -0.179134 0.514878
-0.496003 -0.234324 0.521813
-0.512602 -0.282743 0.535335
-0.538675 -0.318213 0.539644
-0.551148 -0.368287 0.559889
-0.570250 -0.422925 0.565304
-0.579671 -0.466822 0.590030
-0.589187 -0.507620 0.609275
-0.591706 -0.547506 0.632098
-0.581829 -0.607387 0.631434
-0.560544 -0.628147 0.616556
-0.537901 -0.655530 0.609506
-0.512912 -0.669327 0.604784
-0.505235 -0.645362 0.575681
-0.513445 -0.591339 0.560745
-0.514855 -0.538951 0.542587
-0.513453 -0.470006 0.537018
-0.488782 -0.463235 0.514676
-0.470248 -0.424772 0.495412
-0.447330 -0.391530 0.488093
-0.430902 -0.343409 0.468983
-0.404176 -0.329442 0.454326
-0.383089 -0.288729 0.437630
-0.357352 -0.281533 0.420549
-0.337167 -0.261049 0.400525
-0.314671 -0.299724 0.404507
-0.296885 -0.361218 0.410499
-0.299472 -0.411717 0.429080
-0.297340 -0.380259 0.456182
-0.313097 -0.328741 0.449258
-0.335121 -0.375525 0.443987
-0.340116 -0.411951 0.469935
-0.360653 -0.420038 0.488584
-0.371218 -0.417703 0.520399
-0.387662 -0.429484 0.547338
-0.398640 -0.398939 0.576922
-0.402130 -0.373870 0.606380
-0.402414 -0.331734 0.628385
-0.402698 -0.320548 0.657498
-0.427825 -0.328784 0.677522
-0.452686 -0.323710 0.693198
-0.476833 -0.355615 0.704547
-0.477753 -0.357865 0.734237
-0.452806 -0.390809 0.736718
-0.445963 -0.416833 0.706557
-0.439413 -0.428741 0.678714
-0.445946 -0.445065 0.651295
-0.442112 -0.511059 0.655546
-0.468159 -0.519168 0.666096
-0.480392 -0.500892 0.636820
-0.456648 -0.506538 0.614055
-0.443453 -0.521588 0.583789
-0.423045 -0.529612 0.559206
-0.408431 -0.531755 0.533498
-0.385513 -0.511930 0.519408
-0.397290 -0.525133 0.489767
-0.425564 -0.500913 0.492027
-0.441235 -0.473360 0.513667
-0.455797 -0.511760 0.532988
-0.476265 -0.513224 0.555955
-0.485051 -0.544534 0.585626
-0.494455 -0.575080 0.609852
-0.492461 -0.604903 0.637840
-0.521861 -0.589726 0.645312
-0.543996 -0.562067 0.656623
-0.564619 -0.515750 0.661422
-0.580032 -0.463362 0.679945
-0.595128 -0.409616 0.686226
-0.590821 -0.405540 0.715665
-0.563897 -0.393356 0.709010
-0.562676 -0.375398 0.673944
-0.565290 -0.329463 0.648986
-0.535228 -0.305540 0.645380
-0.507986 -0.299384 0.626731
-0.479016 -0.294226 0.618941
-0.458832 -0.306686 0.596849
-0.432269 -0.307812 0.586751
-0.415601 -0.311590 0.560928
-0.391900 -0.328104 0.543597
-0.370693 -0.314880 0.521640
-0.343847 -0.344216 0.511128
-0.319141 -0.360560 0.500510
-0.289715 -0.368160 0.493729
-0.273717 -0.315241 0.498538
-0.252665 -0.258841 0.503462
-0.277534 -0.253556 0.517196
-0.303753 -0.252919 0.523736
-0.332405 -0.243388 0.519014
-0.361194 -0.217321 0.527497
-0.390783 -0.227340 0.535297
-0.420707 -0.218998 0.542981
-0.447751 -0.245192 0.553464
-0.475466 -0.258353 0.560408
-0.495100 -0.297495 0.575508
-0.522007 -0.306389 0.582365
-0.539552 -0.339737 0.602514
-0.566364 -0.367926 0.605130
-0.588182 -0.393122 0.619278
-0.613214 -0.430928 0.619720
-0.636872 -0.449013 0.630588
-0.654417 -0.500403 0.645486
-0.670612 -0.541817 0.661441
-0.660409 -0.564976 0.691967
-0.680971 -0.535704 0.710289
-0.702092 -0.526003 0.731467
-0.715606 -0.498875 0.753328
-0.717007 -0.474931 0.783796
-0.728879 -0.466695 0.811370
-0.731930 -0.424644 0.837020
-0.763677 -0.418658 0.835635
-0.765525 -0.470495 0.856669
-0.759447 -0.527149 0.873394
-0.755949 -0.593781 0.876962
-0.755837 -0.649204 0.895514
-0.758760 -0.709637 0.885935
-0.781428 -0.703927 0.868931
-0.795346 -0.643600 0.874240
-0.807407 -0.586224 0.873086
-0.813553 -0.525387 0.880415
-0.825648 -0.476544 0.899227
-0.849830 -0.430630 0.900746
-0.868450 -0.374422 0.909412
-0.896586 -0.349459 0.910460
-0.920165 -0.321291 0.915423
-0.945886 -0.307620 0.912384
-0.938820 -0.243749 0.901737
-0.932553 -0.241223 0.873096
-0.931934 -0.219911 0.844397
-0.921163 -0.202441 0.819314
-0.892984 -0.204797 0.823036
-0.878421 -0.243558 0.840136
-0.856183 -0.272320 0.850408
-0.842815 -0.328741 0.856169
-0.818118 -0.323986 0.833567
-0.791589 -0.341775 0.818449
-0.773442 -0.362216 0.799271
-0.744928 -0.379495 0.796597
-0.723059 -0.381151 0.772928
-0.698903 -0.407748 0.755193
-0.675959 -0.407090 0.735458
-0.652414 -0.409743 0.717694
-0.657391 -0.381639 0.690534
-0.669125 -0.339949 0.663249
-0.691484 -0.318743 0.650987
-0.704783 -0.379813 0.650852
-0.695026 -0.409658 0.675146
-0.707697 -0.356188 0.692323
-0.735532 -0.355678 0.687813
-0.758794 -0.358247 0.705807
-0.783990 -0.397538 0.712453
-0.810759 -0.408003 0.725427
-0.830170 -0.465167 0.734371
-0.851326 -0.508576 0.738882
-0.856311 -0.576056 0.740392
-0.872008 -0.567799 0.770543
-0.899697 -0.570580 0.787009
-0.923690 -0.567098 0.801906
-0.926922 -0.504627 0.781767
-0.928117 -0.468011 0.756809
-0.935424 -0.407493 0.772130
-0.918137 -0.389280 0.795857
-0.892760 -0.386542 0.777054
-0.867762 -0.350117 0.767225
-0.845652 -0.333093 0.749240
-0.823955 -0.300425 0.735045
-0.804286 -0.308937 0.714751
-0.785623 -0.264318 0.732073
-0.791056 -0.279389 0.764523
-0.807381 -0.320590 0.780699
-0.832534 -0.303311 0.789711
-0.854850 -0.316791 0.807831
-0.884989 -0.307451 0.806128
-0.910692 -0.292655 0.804003
-0.937169 -0.282254 0.792385
-0.950751 -0.289620 0.823594
-0.960156 -0.307684 0.849523
-0.967712 -0.344534 0.871865
-0.986598 -0.390066 0.883858
-1.000000 -0.439461 0.897121
-0.991730 -0.481893 0.872817
-0.965219 -0.491233 0.877991
-0.945061 -0.525324 0.889542
-0.920767 -0.531161 0.903516
-0.907649 -0.554999 0.873048
-0.886786 -0.552261 0.848398
-0.872490 -0.568138 0.821180
-0.847578 -0.553874 0.804301
-0.830858 -0.540352 0.776650
-0.806633 -0.515029 0.765196
-0.790257 -0.494969 0.739305
-0.765929 -0.486075 0.723205
-0.751711 -0.455317 0.696776
-0.741421 -0.435682 0.670135
-0.728922 -0.432541 0.638849
-0.718039 -0.489684 0.626933
-0.704336 -0.548206 0.611353
-0.720540 -0.564572 0.636214
-0.734458 -0.562089 0.662057
-0.736125 -0.555041 0.694314
-0.745822 -0.574018 0.727360
-0.763453 -0.562619 0.755338
-0.778832 -0.576757 0.784585
-0.800951 -0.562365 0.806830
-0.816218 -0.566143 0.832702
-0.840838 -0.537062 0.848465
-0.856097 -0.518191 0.874192
-0.880037 -0.486521 0.883954
-0.893121 -0.457737 0.909527
-0.913813 -0.435194 0.928426
-0.918790 -0.380195 0.951325
-0.927163 -0.332201 0.970214
-0.896457 -0.325111 0.974417
-0.873728 -0.295776 0.975033
-0.852460 -0.289832 0.988141
-0.827204 -0.276608 0.994460
-0.810132 -0.308830 0.980255
-0.787059 -0.312460 0.974667
-0.766840 -0.345213 0.971493
-0.744232 -0.368966 0.981236
-0.718606 -0.349798 0.977206
-0.709769 -0.407196 0.993970
-0.713663 -0.461388 0.971090
-0.685218 -0.442178 0.956865
-0.662033 -0.430652 0.971474
-0.636811 -0.428571 0.969926
-0.627914 -0.381257 0.988699
-0.625464 -0.317385 1.000000
-0.599864 -0.302611 0.984775
-0.603234 -0.295075 0.954143
-0.621028 -0.243536 0.954259
-0.605005 -0.202929 0.968714
-0.586015 -0.204946 0.947969
-0.598927 -0.181193 0.924396
-0.606801 -0.125218 0.937563
-0.582190 -0.106623 0.944429
-0.572829 -0.105922 0.916452
-0.590468 -0.061218 0.906834
-0.583961 -0.014456 0.926541
-0.558627 -0.013840 0.918472
-0.562289 0.000722 0.889821
-0.576731 0.055572 0.893562
-0.558773 0.085629 0.912018
-0.537429 0.082297 0.893062
-0.548587 0.113224 0.870557
-0.554991 0.166164 0.886243
-0.530216 0.179877 0.896197
-0.518989 0.185927 0.869537
-0.535331 0.233454 0.860285
-0.530337 0.275504 0.883079
-0.503619 0.276268 0.879655
-0.503843 0.298132 0.851668
-0.516608 0.352706 0.858785
-0.499003 0.374761 0.878414
-0.478028 0.375058 0.860477
-0.488876 0.414371 0.840280
-0.493321 0.463214 0.859958
-0.468047 0.470919 0.868085
-0.458522 0.482360 0.841194
-0.474520 0.533326 0.835702
-0.466534 0.568160 0.860025
-0.440341 0.570112 0.854014
-0.445086 0.600425 0.827701
-0.457998 0.653980 0.842079
-0.437229 0.670112 0.863161
-0.417217 0.684865 0.842714
-0.435897 0.740607 0.834077
-0.439989 0.803418 0.844176
-0.466380 0.848440 0.837261
-0.494679 0.864784 0.838232
-0.523339 0.879304 0.840733
-0.549704 0.898917 0.828201
-0.575493 0.898917 0.808494
-0.598815 0.880025 0.788903
-0.618914 0.880408 0.771572
-0.621579 0.861770 0.736834
-0.627123 0.830079 0.708125
-0.620487 0.780577 0.682407
-0.621286 0.721694 0.668010
-0.615544 0.652027 0.667115
-0.606991 0.588346 0.659489
-0.595514 0.530206 0.663201
-0.575579 0.485417 0.669453
-0.556538 0.458523 0.644957
-0.529168 0.482509 0.658796
-0.512920 0.429760 0.678368
-0.496768 0.386945 0.655334
-0.471022 0.425791 0.645572
-0.446866 0.395712 0.665336
-0.441828 0.321651 0.654363
-0.427025 0.316769 0.622086
-0.399319 0.331288 0.612997
-0.390731 0.262089 0.598850
-0.393267 0.254383 0.563890
-0.381060 0.261027 0.533036
-0.379462 0.215389 0.509098
-0.397978 0.164084 0.490046
-0.418395 0.162365 0.464184
-0.432974 0.155721 0.438957
-0.454499 0.155975 0.421241
-0.483529 0.126385 0.430926
-0.499441 0.142857 0.457019
-0.524689 0.150902 0.469406
-0.532881 0.169730 0.500702
-0.550160 0.188219 0.524111
-0.561997 0.197495 0.551983
-0.582164 0.155784 0.568660
-0.579353 0.093526 0.587915
-0.590589 0.048270 0.608111
-0.593322 -0.016111 0.616421
-0.613438 -0.061325 0.625981
-0.616670 -0.125345 0.631617
-0.634757 -0.177478 0.629751
-0.643706 -0.239355 0.627443
-0.655801 -0.273594 0.598013
-0.665240 -0.295903 0.572170
-0.658225 -0.258777 0.541894
-0.652938 -0.244025 0.511532
-0.657168 -0.170176 0.521967
-0.658173 -0.105859 0.529064
-0.670664 -0.062407 0.549896
-0.679071 -0.002250 0.559023
-0.683129 0.035895 0.586058
-0.695774 0.080705 0.608573
-0.696530 0.105668 0.636512
-0.712081 0.140798 0.656498
-0.709262 0.176650 0.682032
-0.737011 0.188007 0.695237
-0.756258 0.199066 0.715800
-0.783767 0.190787 0.698238
-0.802197 0.148312 0.683273
-0.817593 0.101677 0.666846
-0.810398 0.057971 0.638147
-0.806848 0.002547 0.620778
-0.789002 0.005604 0.591685
-0.775377 -0.023392 0.567054
-0.757204 -0.019444 0.538990
-0.745212 -0.039822 0.510127
-0.721434 -0.048334 0.488459
-0.707353 -0.066992 0.458904
-0.681341 -0.079155 0.442439
-0.669753 -0.093802 0.413624
-0.653084 -0.104712 0.388888
-0.637860 -0.092146 0.360343
-0.622464 -0.104840 0.333240
-0.603827 -0.066822 0.309466
-0.584803 -0.037911 0.288922
-0.569803 0.000807 0.267744
-0.548999 0.062450 0.262080
-0.532898 0.125876 0.261570
-0.522978 0.193632 0.265869
-0.506920 0.248610 0.284671
-0.497550 0.311654 0.291404
-0.503516 0.371980 0.306369
-0.519110 0.428699 0.320584
-0.538744 0.472808 0.334539
-0.558851 0.515007 0.342050
-0.589746 0.527595 0.352697
-0.618888 0.534027 0.358419
-0.649285 0.525600 0.359852
-0.677309 0.518107 0.357342
-0.706107 0.484271 0.363382
-0.734071 0.465145 0.369691
-0.756138 0.409319 0.373673
-0.780766 0.371004 0.383050
-0.800280 0.320038 0.386060
-0.812822 0.247527 0.391273
-0.829628 0.188346 0.400044
-0.838250 0.119911 0.402660
-0.847844 0.051921 0.395851
-0.848566 -0.026024 0.385810
-0.845781 -0.096922 0.388686
-0.847844 -0.164445 0.388340
-0.840976 -0.231628 0.371749
-0.842729 -0.303524 0.363065
-0.824866 -0.347081 0.340934
-0.821814 -0.417088 0.329355
-0.814456 -0.462853 0.305801
-0.801312 -0.487837 0.274823
-0.782709 -0.540904 0.256396
-0.760823 -0.566355 0.238055
-0.734320 -0.615538 0.236891
-0.710233 -0.651942 0.238661
-0.686447 -0.679750 0.259146
-0.667604 -0.704160 0.281113
-0.648528 -0.720590 0.305061
-0.625138 -0.725982 0.326787
-0.607876 -0.733539 0.351043
-0.590683 -0.744407 0.374269
-0.571531 -0.786776 0.389801
-0.553753 -0.811441 0.411922
-0.523236 -0.820314 0.421491
-0.501066 -0.837869 0.444766
-0.472165 -0.877690 0.442294
-0.444605 -0.900828 0.439053
-0.416323 -0.910274 0.434898
-0.389072 -0.935555 0.424733
-0.361968 -0.949480 0.408036
-0.338448 -0.963872 0.387657
-0.322382 -0.972341 0.359256
-0.307957 -0.985523 0.333010
-0.305137 -1.000000 0.297117
-0.300332 -0.998366 0.266090
-0.309865 -0.995415 0.233246
-0.322940 -0.987667 0.203864
-0.340494 -0.976014 0.176935
-0.364263 -0.966037 0.156161
-0.391178 -0.940713 0.148217
-0.412884 -0.902144 0.126462
-0.432862 -0.857610 0.113372
-0.445061 -0.839843 0.082307
-0.462580 -0.808321 0.054551
-0.466199 -0.765506 0.023573
-0.475999 -0.771662 -0.010983
-0.474856 -0.750838 -0.043943
-0.471692 -0.716812 -0.075575
-0.470162 -0.686648 -0.104976
-0.462210 -0.628911 -0.129501
-0.455032 -0.577096 -0.155517
-0.441373 -0.506368 -0.159681
-0.430636 -0.448631 -0.180590
-0.403996 -0.411335 -0.194660
-0.377166 -0.379283 -0.199806
-0.349434 -0.376353 -0.220609
-0.326224 -0.391170 -0.240382
-0.303504 -0.436107 -0.258223
-0.278755 -0.483294 -0.268543
-0.263152 -0.534218 -0.283200
-0.240235 -0.577372 -0.297165
-0.224503 -0.634642 -0.311351
-0.197596 -0.674634 -0.320882
-0.173217 -0.698259 -0.333433
-0.142614 -0.728741 -0.333423
-0.112045 -0.751539 -0.330567
-0.082474 -0.759775 -0.332432
-0.050444 -0.760115 -0.323296
-0.023571 -0.754150 -0.302108
-0.000395 -0.763384 -0.282402
0.008012 -0.772256 -0.247288
0.016815 -0.817703 -0.218195
0.027259 -0.844831 -0.191458
0.019797 -0.865570 -0.156411
0.008416 -0.908767 -0.131569
0.009654 -0.926937 -0.096109
0.005854 -0.921567 -0.059860
-0.008493 -0.892189 -0.031661
-0.020932 -0.873742 -0.003799
-0.023614 -0.814052 0.020938
-0.030861 -0.763575 0.040125
-0.029047 -0.709361 0.058485
-0.012001 -0.644640 0.069920
0.004960 -0.596540 0.082615
0.033921 -0.567183 0.074209
0.055412 -0.517279 0.078836
0.083402 -0.513797 0.083327
0.107833 -0.489174 0.088338
0.135668 -0.482148 0.090175
0.160727 -0.491063 0.110429
0.185570 -0.502802 0.125106
0.206786 -0.508597 0.147755
0.219629 -0.480599 0.178993
0.221408 -0.490681 0.211433
0.226437 -0.511569 0.243749
0.222234 -0.497049 0.278901
0.212081 -0.497920 0.308042
0.198112 -0.518255 0.337414
0.173845 -0.524963 0.360833
0.153755 -0.557610 0.382338
0.124046 -0.543515 0.390725
0.097810 -0.588325 0.388051
0.072012 -0.618043 0.383011
0.046704 -0.645850 0.376145
0.016101 -0.661431 0.381357
-0.008700 -0.676841 0.362680
-0.033208 -0.711017 0.349465
-0.064000 -0.696965 0.343195
-0.092660 -0.698111 0.336789
-0.120590 -0.679686 0.340021
-0.144058 -0.668881 0.365113
-0.155715 -0.625854 0.388118
-0.167896 -0.592380 0.414788
-0.162102 -0.607960 0.449411
-0.160838 -0.569752 0.479351
-0.164414 -0.566992 0.509377
-0.160314 -0.537720 0.537634
-0.153385 -0.549713 0.566650
-0.155835 -0.511887 0.596349
-0.153918 -0.499554 0.626568
-0.154743 -0.480089 0.655584
-0.156067 -0.429166 0.682013
-0.159360 -0.386394 0.704441
-0.167733 -0.314625 0.718647
-0.175237 -0.246827 0.726418
-0.183232 -0.171959 0.723725
-0.187195 -0.101507 0.721532
-0.198869 -0.037359 0.702826
-0.200803 0.018892 0.684235
-0.204568 0.076205 0.666500
-0.202909 0.124347 0.637349
-0.208772 0.176162 0.613767
-0.191983 0.219847 0.591406
-0.189679 0.268945 0.565515
-0.175005 0.327510 0.555051
-0.151666 0.374061 0.540913
-0.139906 0.423074 0.525390
-0.111418 0.451433 0.514455
-0.091964 0.496052 0.505761
-0.059900 0.512885 0.502972
-0.030156 0.514647 0.499615
-0.002433 0.514498 0.500712
0.027775 0.480662 0.501683
0.055765 0.460624 0.503405
0.076499 0.397707 0.502337
0.107876 0.377224 0.495586
0.124751 0.319932 0.478572
0.149852 0.296752 0.457625
0.178083 0.302568 0.439467
0.188510 0.293186 0.404632
0.215614 0.320866 0.387589
0.227142 0.359223 0.357458
0.247963 0.397028 0.335674
0.255106 0.450053 0.308552
0.268766 0.492337 0.284383
0.274431 0.546275 0.257184
0.281996 0.581766 0.231371
0.276735 0.626958 0.200652
0.272961 0.666334 0.173829
0.257659 0.710974 0.148188
0.246570 0.742411 0.124308
0.223325 0.791934 0.110391
0.203124 0.831777 0.097215
0.178702 0.885120 0.101043
0.162274 0.935682 0.094878
0.133201 0.970240 0.088982
0.109011 1.000000 0.079826
0.081425 0.989556 0.064986
0.058533 0.944555 0.070391
