0.546757 0.913845 -1.000000
0.600753 0.885628 -0.918859
0.610553 0.809470 -0.834902
0.606790 0.800763 -0.736257
0.660003 0.807428 -0.646432
0.658847 0.727024 -0.552469
0.786551 0.768784 -0.548432
0.892381 0.818876 -0.522889
1.000000 0.802644 -0.489238
0.957482 0.784854 -0.384080
0.845168 0.722294 -0.363626
0.745412 0.812641 -0.389881
0.636154 0.867892 -0.412643
0.553502 0.982103 -0.418342
0.560731 1.000000 -0.304093
0.659816 0.935988 -0.248800
0.681243 0.768784 -0.234349
0.706285 0.602924 -0.229804
0.678895 0.442169 -0.235028
0.641371 0.439751 -0.125121
0.553316 0.560894 -0.112231
0.450616 0.627916 -0.082786
0.364610 0.718424 -0.051443
0.285871 0.766688 0.011686
0.211939 0.725089 0.099646
0.086732 0.714124 0.133025
-0.001286 0.674084 0.219458
-0.123325 0.617704 0.252938
-0.219579 0.570139 0.322444
-0.330663 0.624691 0.314303
-0.398670 0.695958 0.239098
-0.497196 0.594271 0.278685
-0.592294 0.551865 0.339337
-0.635818 0.419918 0.273020
-0.544372 0.307750 0.288590
-0.462279 0.210631 0.325904
-0.379851 0.295765 0.241778
-0.282704 0.424970 0.208908
-0.207058 0.518327 0.124476
-0.101265 0.615232 0.091199
-0.014104 0.655219 0.004698
0.105588 0.704988 -0.028817
0.185631 0.714716 -0.120440
0.171359 0.867570 -0.150494
0.075180 0.834516 -0.219933
0.019582 0.710362 -0.170305
-0.103426 0.665807 -0.139809
-0.172104 0.561647 -0.058532
-0.267388 0.453832 -0.023661
-0.326042 0.349135 0.060737
-0.417637 0.218317 0.089876
-0.483818 0.114640 0.166811
-0.560060 -0.035580 0.186418
-0.535690 -0.138611 0.282315
-0.614801 -0.269483 0.291779
-0.721675 -0.345587 0.235842
-0.805072 -0.413039 0.175868
-0.862086 -0.447006 0.088723
-0.941980 -0.398205 0.011754
-1.000000 -0.533054 -0.052257
-0.913808 -0.679727 -0.031632
-0.880494 -0.828980 -0.000288
-0.804364 -0.849081 -0.083465
-0.719290 -0.748038 -0.035838
-0.688845 -0.837096 0.047982
-0.609808 -0.904816 0.110534
-0.579475 -1.000000 0.194864
-0.458143 -0.936848 0.199817
-0.477036 -0.749328 0.159789
-0.472005 -0.608513 0.101986
-0.481620 -0.479147 0.032853
-0.427363 -0.375040 -0.040045
-0.438021 -0.204181 -0.084449
-0.401688 -0.090347 -0.171628
-0.394459 0.085725 -0.210570
-0.370461 0.202892 -0.293170
-0.348810 0.391003 -0.311623
-0.346835 0.554445 -0.370647
-0.366548 0.705848 -0.400533
-0.373032 0.822369 -0.473906
-0.265376 0.890627 -0.422751
-0.165061 0.798990 -0.426449
-0.142852 0.880899 -0.530386
-0.149969 0.969795 -0.617633
-0.249017 0.868752 -0.637341
-0.358126 0.813501 -0.637002
-0.442194 0.700419 -0.623501
-0.548136 0.621359 -0.636052
-0.520449 0.506288 -0.538900
-0.509418 0.402182 -0.450059
-0.559241 0.241427 -0.498363
-0.508226 0.111792 -0.562204
-0.397924 0.075245 -0.578690
-0.308006 -0.022681 -0.579504
-0.251737 0.057938 -0.504062
-0.329843 0.024938 -0.428450
-0.316465 -0.141406 -0.433742
-0.204524 -0.146297 -0.413152
-0.212573 -0.069171 -0.320714
-0.281511 -0.181017 -0.276005
-0.204934 -0.306729 -0.282993
-0.120195 -0.240568 -0.225428
-0.182724 -0.222240 -0.140827
-0.208548 -0.380254 -0.126613
-0.102681 -0.438031 -0.114096
-0.073690 -0.345319 -0.031971
-0.163273 -0.394443 0.032514
-0.142516 -0.557616 0.031666
-0.038438 -0.538966 0.082142
-0.077230 -0.441847 0.170780
-0.174228 -0.518059 0.211384
-0.251626 -0.610878 0.269051
-0.342513 -0.700312 0.236622
-0.359580 -0.792755 0.326074
-0.420618 -0.673761 0.382622
-0.513368 -0.670590 0.295137
-0.606715 -0.749436 0.263352
-0.675504 -0.646834 0.203514
-0.611969 -0.503708 0.165963
-0.570532 -0.329517 0.135942
-0.494848 -0.214178 0.076613
-0.476738 -0.045469 0.038586
-0.408917 0.052080 -0.037908
-0.381193 0.221864 -0.070405
-0.326750 0.326830 -0.154022
-0.283039 0.500269 -0.179939
-0.239105 0.619854 -0.244356
-0.198003 0.786037 -0.262437
-0.074435 0.735623 -0.300497
0.018390 0.699613 -0.377262
0.147957 0.654144 -0.365966
0.163161 0.484844 -0.335504
0.121201 0.355100 -0.280687
0.014403 0.299688 -0.269730
0.040525 0.167473 -0.212979
0.088185 0.239815 -0.131362
-0.005236 0.323820 -0.104429
-0.074547 0.191497 -0.089537
-0.015856 0.121036 -0.014637
-0.011198 0.246802 0.052053
-0.124033 0.260077 0.063213
-0.146653 0.105504 0.094320
-0.086956 0.108675 0.181601
-0.147100 0.227776 0.227327
-0.250172 0.149307 0.222578
-0.217119 0.016661 0.280551
-0.188724 0.107492 0.365797
-0.291573 0.178330 0.380688
-0.344637 0.026658 0.394528
-0.291424 -0.116414 0.426551
-0.244024 -0.241213 0.370139
-0.176427 -0.371117 0.351719
-0.049431 -0.405568 0.327634
0.062436 -0.444534 0.312437
0.089005 -0.270827 0.258502
0.117550 -0.157960 0.191438
0.122543 -0.050521 0.096796
0.201580 -0.003171 0.008056
0.229267 0.102386 -0.085602
0.293697 0.116683 -0.193304
0.368374 0.169623 -0.273495
0.442418 0.137912 -0.372886
0.543254 0.165377 -0.453010
0.613013 0.201602 -0.551553
0.711464 0.323175 -0.581336
0.821095 0.295496 -0.606235
0.837566 0.184833 -0.518547
0.743549 0.221541 -0.438593
0.672821 0.237450 -0.351142
0.562557 0.293131 -0.309927
0.484414 0.362840 -0.237877
0.391068 0.441417 -0.273122
0.330625 0.509836 -0.354467
0.285163 0.616360 -0.431571
0.250359 0.665377 -0.524721
0.353841 0.662904 -0.569905
0.368076 0.496507 -0.558439
0.273500 0.448887 -0.609729
0.292504 0.531388 -0.702132
0.383168 0.437386 -0.735579
0.387677 0.262765 -0.721468
0.426655 0.164678 -0.641446
0.423972 0.070999 -0.557421
0.340761 0.002311 -0.475263
0.308155 -0.026389 -0.359623
0.241378 -0.106525 -0.274174
0.239105 -0.127808 -0.156125
0.214063 -0.228582 -0.062603
0.239254 -0.242932 0.051443
0.283039 -0.307750 0.149138
0.357754 -0.270504 0.228854
0.353916 -0.416855 0.282213
0.379590 -0.518059 0.191947
0.396397 -0.481780 0.087841
0.302864 -0.484682 0.018029
0.226249 -0.486940 -0.065520
0.121947 -0.457218 -0.111756
0.173222 -0.359776 -0.210231
0.199940 -0.347254 -0.328686
0.222858 -0.228905 -0.420309
0.241788 -0.201870 -0.540291
0.258818 -0.093411 -0.634594
0.367629 -0.196818 -0.680659
0.484973 -0.213748 -0.693448
0.586033 -0.300709 -0.643006
0.679417 -0.374180 -0.601621
0.729798 -0.453402 -0.523364
0.801047 -0.329732 -0.490765
0.699353 -0.236805 -0.453926
0.641743 -0.311405 -0.377500
0.705986 -0.269913 -0.296698
0.694099 -0.104859 -0.303550
0.578543 -0.103837 -0.293713
0.572134 -0.183973 -0.202361
0.635147 -0.077717 -0.146695
0.569041 0.052617 -0.163249
0.473384 -0.013974 -0.121322
0.516461 -0.051919 -0.025696
0.547353 0.100935 0.000865
0.445175 0.166935 -0.010499
0.391440 0.074331 0.061382
0.455907 0.132645 0.141369
0.426841 0.289906 0.132923
0.316875 0.260991 0.148391
0.324216 0.201225 0.242592
0.364275 0.334247 0.292084
0.268953 0.425615 0.268509
0.183507 0.326508 0.305483
0.216038 0.315167 0.404128
0.196475 0.475223 0.423328
0.084571 0.475116 0.403077
0.054648 0.361819 0.472515
0.094371 0.437762 0.557930
0.028116 0.570569 0.547957
-0.073876 0.497689 0.551892
-0.061206 0.429055 0.645109
-0.052747 0.575352 0.694601
-0.153882 0.638020 0.666073
-0.215703 0.512147 0.706406
-0.180638 0.528055 0.805695
-0.222597 0.680587 0.819909
-0.333979 0.639256 0.800709
-0.341507 0.523702 0.882766
-0.272456 0.527196 0.977408
-0.160478 0.468129 1.000000
