-0.251408 0.444692 0.577013
-0.265253 0.409571 0.548651
-0.226626 0.394262 0.531345
-0.214357 0.376702 0.575953
-0.246841 0.343723 0.578134
-0.237879 0.318209 0.539299
-0.196318 0.307373 0.553457
-0.208172 0.285371 0.594748
-0.232310 0.249715 0.574172
-0.198966 0.230831 0.548605
-0.171321 0.223964 0.590925
-0.206669 0.196088 0.620945
-0.208215 0.149564 0.612223
-0.197005 0.103812 0.620392
-0.179195 0.058155 0.621959
-0.202445 0.020419 0.608307
-0.203605 -0.018781 0.582234
-0.217478 -0.046106 0.547606
-0.246670 -0.074975 0.530439
-0.253871 -0.111498 0.499129
-0.297465 -0.084409 0.490053
-0.297007 -0.044405 0.460402
-0.321990 -0.048784 0.417052
-0.299398 -0.082550 0.385927
-0.283979 -0.118459 0.358010
-0.266140 -0.169802 0.349641
-0.234973 -0.212247 0.330185
-0.226626 -0.262661 0.307904
-0.199725 -0.289403 0.271680
-0.194070 -0.324871 0.229851
-0.200713 -0.345345 0.185427
-0.252625 -0.346479 0.194733
-0.259469 -0.311436 0.240017
-0.285167 -0.275953 0.272786
-0.293657 -0.245226 0.314569
-0.323321 -0.208026 0.342439
-0.334445 -0.168967 0.374686
-0.370924 -0.140272 0.395846
-0.386071 -0.104773 0.427556
-0.436352 -0.109072 0.418788
-0.479617 -0.113467 0.427279
-0.511128 -0.158699 0.413152
-0.530956 -0.196104 0.389812
-0.530784 -0.228658 0.355614
-0.544185 -0.196923 0.320235
-0.506017 -0.166668 0.325824
-0.475679 -0.202073 0.318377
-0.489237 -0.216720 0.275811
-0.483783 -0.173377 0.255296
-0.440732 -0.168747 0.260194
-0.428993 -0.206482 0.234412
-0.451184 -0.193599 0.194349
-0.428878 -0.151580 0.186871
-0.388663 -0.179724 0.183385
-0.392771 -0.232075 0.176920
-0.407503 -0.258865 0.219010
-0.417711 -0.275276 0.270022
-0.412085 -0.300774 0.308165
-0.390867 -0.337076 0.329755
-0.370609 -0.387837 0.326024
-0.351124 -0.420958 0.354401
-0.336063 -0.471797 0.344021
-0.290736 -0.467781 0.366824
-0.253613 -0.453165 0.387140
-0.243835 -0.417887 0.353603
-0.279598 -0.391365 0.364229
-0.270578 -0.386372 0.410066
-0.231608 -0.363094 0.403294
-0.251079 -0.323894 0.380736
-0.273929 -0.312980 0.421275
-0.240800 -0.308302 0.452048
-0.219325 -0.271417 0.429460
-0.255660 -0.240044 0.429782
-0.264480 -0.240879 0.477999
-0.245109 -0.251919 0.520258
-0.254816 -0.222263 0.558386
-0.295103 -0.203175 0.569181
-0.329492 -0.190765 0.595378
-0.365026 -0.204073 0.618089
-0.403881 -0.207223 0.587593
-0.400331 -0.214956 0.540497
-0.419028 -0.224956 0.490345
-0.422765 -0.253794 0.443971
-0.432142 -0.273370 0.402111
-0.443911 -0.317531 0.372245
-0.464412 -0.352637 0.342286
-0.502552 -0.370512 0.375746
-0.549768 -0.396593 0.371723
-0.599233 -0.406689 0.384360
-0.642641 -0.420501 0.387877
-0.676872 -0.443936 0.403125
-0.666063 -0.493704 0.409712
-0.620092 -0.504666 0.406319
-0.603069 -0.545472 0.427218
-0.556784 -0.569018 0.435065
-0.530570 -0.589697 0.468648
-0.505916 -0.616471 0.434220
-0.480934 -0.573632 0.420461
-0.458142 -0.532873 0.424346
-0.496997 -0.504682 0.417114
-0.540291 -0.515864 0.427540
-0.552975 -0.486349 0.385773
-0.523411 -0.461103 0.360144
-0.504585 -0.425872 0.321893
-0.487577 -0.393806 0.291182
-0.487348 -0.360921 0.254374
-0.482380 -0.400735 0.223049
-0.506346 -0.447338 0.238527
-0.481864 -0.479136 0.272264
-0.456409 -0.516494 0.304280
-0.410166 -0.515202 0.305294
-0.375448 -0.534905 0.344052
-0.341360 -0.533834 0.381734
-0.363823 -0.493925 0.412830
-0.375534 -0.477419 0.465607
-0.389593 -0.442330 0.505824
-0.418284 -0.444802 0.543077
-0.433817 -0.430171 0.586717
-0.465944 -0.474238 0.583139
-0.494663 -0.509879 0.575677
-0.534092 -0.528085 0.566156
-0.578989 -0.526620 0.569903
-0.618990 -0.552906 0.574510
-0.647967 -0.520258 0.543706
-0.662627 -0.485420 0.514837
-0.669084 -0.446991 0.479013
-0.694610 -0.406295 0.471319
-0.655096 -0.380041 0.447150
-0.619405 -0.356243 0.435019
-0.568237 -0.354338 0.429061
-0.521192 -0.335864 0.439856
-0.473503 -0.325579 0.446244
-0.436008 -0.314555 0.478491
-0.395907 -0.297734 0.500695
-0.363551 -0.283261 0.531068
-0.327459 -0.255337 0.541848
-0.314302 -0.292647 0.580790
-0.293313 -0.335470 0.574648
-0.313371 -0.368512 0.543015
-0.349864 -0.357866 0.517648
-0.393802 -0.369961 0.525126
-0.440088 -0.379994 0.515390
-0.486532 -0.357236 0.513256
-0.532102 -0.347314 0.513931
-0.561623 -0.308917 0.492280
-0.578345 -0.272126 0.463196
-0.582482 -0.244549 0.424162
-0.593792 -0.202041 0.452401
-0.552489 -0.188449 0.468540
-0.513361 -0.163518 0.480564
-0.465300 -0.166999 0.476955
-0.423452 -0.148981 0.466774
-0.417983 -0.187300 0.423579
-0.391812 -0.214294 0.381980
-0.380860 -0.247352 0.342915
-0.358411 -0.259589 0.298568
-0.350151 -0.281182 0.248724
-0.318640 -0.293766 0.208891
-0.307301 -0.314098 0.161104
-0.268316 -0.334194 0.127690
-0.231666 -0.348022 0.100173
-0.202517 -0.303058 0.121041
-0.158350 -0.278268 0.138562
-0.125679 -0.254770 0.164252
-0.095800 -0.235367 0.192552
-0.066809 -0.204467 0.207233
-0.031704 -0.177504 0.214987
0.007953 -0.158494 0.227333
0.040366 -0.126350 0.237176
0.072822 -0.091465 0.217413
0.097246 -0.054375 0.203501
0.070087 -0.011883 0.207417
0.038390 -0.007646 0.241414
0.007795 0.012072 0.277792
-0.024002 -0.035271 0.279527
-0.057489 -0.063336 0.265108
-0.093982 -0.074865 0.241998
-0.137405 -0.066848 0.224462
-0.181400 -0.089212 0.218550
-0.221057 -0.105261 0.188314
-0.262303 -0.129074 0.177228
-0.305397 -0.137295 0.165542
-0.316206 -0.118711 0.213605
-0.291366 -0.083637 0.236270
-0.248473 -0.093024 0.255971
-0.210262 -0.075258 0.284625
-0.160111 -0.095071 0.289938
-0.123360 -0.125468 0.307183
-0.141241 -0.174354 0.318623
-0.131964 -0.207853 0.281969
-0.127182 -0.251573 0.254175
-0.167541 -0.241509 0.221390
-0.191579 -0.228831 0.174003
-0.218136 -0.225350 0.136980
-0.232696 -0.207459 0.098192
-0.227099 -0.154919 0.106131
-0.192080 -0.134145 0.128197
-0.160354 -0.098757 0.149311
-0.118392 -0.070660 0.153733
-0.090818 -0.035302 0.179746
-0.047653 -0.010954 0.177980
-0.011704 0.015899 0.198157
0.027610 0.047036 0.192614
0.058706 0.079621 0.186333
0.040652 0.121294 0.167876
-0.001940 0.107513 0.151261
-0.011847 0.062785 0.134999
-0.042299 0.021868 0.112396
-0.071290 -0.022041 0.108680
-0.101956 -0.057588 0.082944
-0.128428 -0.104867 0.085247
-0.149516 -0.151029 0.071028
-0.171979 -0.193647 0.067342
-0.168014 -0.231414 0.027110
-0.157992 -0.257841 -0.012262
-0.129215 -0.279276 -0.044063
-0.117103 -0.306727 -0.080886
-0.113138 -0.348967 -0.053015
-0.135873 -0.340809 -0.006718
-0.151449 -0.318571 0.032638
-0.132866 -0.280331 0.067404
-0.111506 -0.226153 0.067818
-0.091162 -0.185709 0.051618
-0.077188 -0.152604 0.017697
-0.030903 -0.159785 0.044831
0.010630 -0.155187 0.064793
0.053394 -0.142130 0.080349
0.050001 -0.095292 0.098637
0.026622 -0.052800 0.111874
0.069944 -0.031538 0.118339
0.103903 -0.003362 0.111459
0.137634 0.024687 0.121179
0.166425 0.064628 0.122331
0.197291 0.025522 0.094952
0.230821 -0.010969 0.092157
0.240499 -0.031585 0.135475
0.209088 -0.068644 0.127936
0.208845 -0.097449 0.089562
0.203891 -0.062738 0.056854
0.158937 -0.059493 0.065208
0.154513 -0.101528 0.033652
0.184349 -0.115341 -0.002818
0.211007 -0.141028 -0.033806
0.238638 -0.096678 -0.046489
0.224622 -0.046311 -0.037706
0.224794 0.001914 -0.013137
0.205137 0.053288 -0.007517
0.202102 0.105041 -0.001190
0.178751 0.147737 -0.006872
0.167684 0.192812 0.007532
0.133654 0.173645 0.037998
0.134985 0.126082 0.051587
0.138235 0.086047 0.021245
0.136503 0.035334 0.004630
0.155887 0.004103 -0.035095
0.166911 -0.029569 -0.072517
0.199969 -0.058533 -0.102399
0.224307 -0.082424 -0.139668
0.247615 -0.100788 -0.174571
0.249075 -0.116884 -0.217966
0.206783 -0.141453 -0.225444
0.174900 -0.123341 -0.190986
0.133668 -0.114837 -0.162686
0.098921 -0.105828 -0.134692
0.060839 -0.118317 -0.110691
0.024217 -0.110584 -0.082483
0.051003 -0.094394 -0.043817
0.094469 -0.074707 -0.048332
0.128313 -0.119751 -0.046520
0.133052 -0.148493 -0.085585
0.152380 -0.175582 -0.127598
0.147355 -0.189694 -0.174034
0.146639 -0.212152 -0.216431
0.131506 -0.214310 -0.262528
0.154828 -0.259794 -0.272310
0.138679 -0.297766 -0.247295
0.096759 -0.289372 -0.279542
0.100253 -0.287230 -0.327544
0.093739 -0.299782 -0.375500
0.132666 -0.305751 -0.399470
0.162946 -0.328414 -0.428585
0.204435 -0.294569 -0.420891
0.192681 -0.245383 -0.394034
0.196318 -0.205569 -0.354954
0.182660 -0.156195 -0.334500
0.169818 -0.116916 -0.310423
0.125579 -0.094363 -0.333118
0.084562 -0.079164 -0.347338
0.042170 -0.095953 -0.334731
0.061526 -0.134051 -0.302760
0.108227 -0.136429 -0.294652
0.115543 -0.155218 -0.346647
0.139838 -0.178543 -0.388952
0.151249 -0.201695 -0.433084
0.186854 -0.227146 -0.463457
0.214300 -0.242659 -0.500465
0.245825 -0.254565 -0.532727
0.261058 -0.264850 -0.574325
0.221773 -0.279087 -0.599846
0.185451 -0.251935 -0.571684
0.136302 -0.239383 -0.558847
0.093667 -0.236028 -0.551553
0.048999 -0.240958 -0.558417
0.006378 -0.228327 -0.565312
-0.006163 -0.256707 -0.522991
0.040022 -0.249179 -0.495290
0.074382 -0.230626 -0.468602
0.089157 -0.277402 -0.453921
0.102057 -0.291655 -0.502568
0.130218 -0.311090 -0.541633
0.142845 -0.307940 -0.590464
0.161714 -0.302396 -0.632186
0.184206 -0.283733 -0.672525
0.189002 -0.274126 -0.718853
0.222217 -0.259479 -0.746186
0.199582 -0.265574 -0.787800
0.180698 -0.218940 -0.782671
0.218051 -0.191473 -0.792637
0.239955 -0.165581 -0.824469
0.285253 -0.185725 -0.816930
0.303135 -0.226374 -0.796568
0.315647 -0.239824 -0.848532
0.324152 -0.248628 -0.895090
0.295762 -0.296821 -0.895981
0.287114 -0.327044 -0.852816
0.257965 -0.349377 -0.812047
0.250950 -0.368985 -0.761557
0.226970 -0.381206 -0.720020
0.227929 -0.386656 -0.664356
0.233241 -0.380608 -0.618043
0.262876 -0.338084 -0.622542
0.269190 -0.334651 -0.680111
0.301703 -0.337313 -0.723583
0.318053 -0.346180 -0.775116
0.342892 -0.344825 -0.818081
0.346300 -0.352164 -0.872702
0.360158 -0.366197 -0.920488
0.367145 -0.380608 -0.965972
0.393702 -0.392262 -1.000000
0.432400 -0.363236 -0.990341
0.434490 -0.357346 -0.935291
0.448191 -0.336541 -0.887412
0.453603 -0.319091 -0.843019
0.469380 -0.288301 -0.807563
0.475050 -0.269622 -0.762525
0.429079 -0.259369 -0.758348
0.394146 -0.284489 -0.779984
0.383451 -0.252849 -0.825268
0.413574 -0.261684 -0.864041
0.429079 -0.270645 -0.915406
0.461993 -0.291151 -0.946485
0.485415 -0.320272 -0.975139
0.510068 -0.358590 -0.983554
0.553534 -0.335690 -0.985581
0.570542 -0.297325 -0.961549
0.601180 -0.327265 -0.937134
0.645089 -0.323737 -0.971761
0.674238 -0.280048 -0.983047
0.701697 -0.276504 -0.935168
0.742901 -0.312728 -0.932711
0.786381 -0.282678 -0.950693
0.816689 -0.248612 -0.931222
0.853683 -0.257731 -0.892357
0.902618 -0.258298 -0.875082
0.923563 -0.268472 -0.826803
0.960128 -0.291970 -0.793282
0.965282 -0.318287 -0.750424
0.990608 -0.339974 -0.714154
0.985998 -0.377568 -0.669807
1.000000 -0.405870 -0.632354
0.986685 -0.444991 -0.590971
0.959169 -0.478002 -0.556037
0.946670 -0.509312 -0.518799
0.912826 -0.523927 -0.476387
0.892968 -0.549205 -0.437000
0.863032 -0.541015 -0.388859
0.840011 -0.527928 -0.347983
0.796875 -0.506225 -0.319974
0.763173 -0.496004 -0.284825
0.745063 -0.452110 -0.263803
0.716415 -0.402547 -0.272817
0.679664 -0.380718 -0.252609
0.695097 -0.323548 -0.257261
0.702599 -0.280079 -0.282214
0.687567 -0.236532 -0.312695
0.696801 -0.181835 -0.325318
0.689686 -0.153785 -0.375024
0.691418 -0.113104 -0.409927
0.691060 -0.065919 -0.437414
0.707524 -0.027160 -0.462582
0.697302 0.027113 -0.482038
0.692234 0.086425 -0.475834
0.688698 0.143375 -0.473331
0.669513 0.195442 -0.485493
0.643571 0.245399 -0.470260
0.627508 0.293246 -0.463626
0.591086 0.338368 -0.454520
0.551816 0.367504 -0.435571
0.533490 0.404830 -0.405705
0.489968 0.440062 -0.397228
0.439745 0.456362 -0.378018
0.402765 0.488586 -0.354647
0.351912 0.484192 -0.362448
0.305153 0.490854 -0.336788
0.257822 0.491924 -0.334147
0.211007 0.466127 -0.321740
0.167241 0.467025 -0.294222
0.121427 0.440188 -0.301854
0.080997 0.414107 -0.301808
0.047596 0.373095 -0.298338
-0.003185 0.366370 -0.296065
-0.045047 0.351534 -0.301332
-0.088227 0.364638 -0.320097
-0.133038 0.361063 -0.326147
-0.176661 0.370607 -0.341748
-0.220613 0.384529 -0.351653
-0.252597 0.377017 -0.388890
-0.293399 0.338305 -0.397228
-0.339198 0.321217 -0.405628
-0.374847 0.288726 -0.419602
-0.417439 0.273008 -0.418634
-0.449895 0.231886 -0.405459
-0.488665 0.208105 -0.392683
-0.516496 0.177267 -0.363983
-0.552159 0.152667 -0.343453
-0.582453 0.134586 -0.307889
-0.601896 0.100316 -0.277807
-0.641438 0.079086 -0.260164
-0.664273 0.057084 -0.220362
-0.694281 0.039696 -0.187071
-0.710445 0.022829 -0.144904
-0.723344 -0.009521 -0.110630
-0.746680 -0.046264 -0.090007
-0.767440 -0.071589 -0.053492
-0.761913 -0.117262 -0.020569
-0.766867 -0.142823 0.025037
-0.771935 -0.171125 0.063918
-0.751161 -0.216357 0.089485
-0.729844 -0.250801 0.119429
-0.711146 -0.290962 0.137272
-0.685362 -0.339502 0.126032
-0.662126 -0.382183 0.128826
-0.633378 -0.417320 0.101156
-0.608782 -0.459040 0.092971
-0.567779 -0.475356 0.065884
-0.534321 -0.513863 0.056102
-0.492230 -0.506319 0.022780
-0.447619 -0.529156 0.044155
-0.410768 -0.559033 0.042927
-0.374904 -0.585429 0.048578
-0.343622 -0.621668 0.047472
-0.331324 -0.663939 0.069968
-0.301216 -0.698541 0.077385
-0.296549 -0.747159 0.095443
-0.262661 -0.775099 0.125402
-0.244722 -0.808960 0.160889
-0.225008 -0.836726 0.196852
-0.176274 -0.854964 0.210749
-0.124233 -0.852365 0.222081
-0.086136 -0.869012 0.247188
-0.035083 -0.847404 0.253376
0.008740 -0.818835 0.257568
0.044861 -0.789131 0.259319
0.071533 -0.740529 0.250812
0.103560 -0.701407 0.253085
0.117175 -0.651749 0.259672
0.127612 -0.604769 0.274260
0.137090 -0.559442 0.286928
0.163661 -0.517407 0.275120
0.180798 -0.472096 0.273692
0.195258 -0.428124 0.254605
0.233699 -0.409650 0.269592
0.267644 -0.383317 0.255772
0.311825 -0.372843 0.253207
0.350595 -0.355519 0.241952
0.381834 -0.349345 0.201275
0.422135 -0.342116 0.187731
0.448005 -0.319532 0.144136
0.486990 -0.323626 0.126938
0.488035 -0.308822 0.072271
0.501178 -0.289797 0.031671
0.487405 -0.264424 -0.013168
0.490984 -0.233556 -0.051465
0.476796 -0.195836 -0.076371
0.481850 -0.165282 -0.113916
0.475937 -0.120821 -0.134247
0.458628 -0.089449 -0.168398
0.464913 -0.043665 -0.182095
0.443438 -0.003252 -0.201843
0.439873 0.044075 -0.219410
0.425772 0.082771 -0.243902
0.401390 0.102584 -0.290030
0.373487 0.127200 -0.323598
0.349220 0.145753 -0.361634
0.362764 0.155470 -0.417068
0.340702 0.144383 -0.468371
0.328490 0.157014 -0.516772
0.313414 0.165408 -0.560812
0.295805 0.191741 -0.598695
0.271953 0.208057 -0.636316
0.262203 0.216720 -0.682322
0.242804 0.248596 -0.714169
0.212066 0.244486 -0.755307
0.181901 0.262960 -0.789980
0.133296 0.250628 -0.813045
0.094254 0.243903 -0.835817
0.041597 0.226768 -0.837506
-0.005247 0.211538 -0.834665
-0.053738 0.195048 -0.834420
-0.094411 0.168999 -0.821060
-0.143274 0.165424 -0.822227
-0.183461 0.141737 -0.815517
-0.216332 0.099024 -0.795186
-0.266928 0.089086 -0.785573
-0.290436 0.038169 -0.784913
-0.308990 -0.014686 -0.772414
-0.338912 -0.054595 -0.775776
-0.342591 -0.111687 -0.772982
-0.363293 -0.159360 -0.779631
-0.374417 -0.213318 -0.766225
-0.404010 -0.254770 -0.789197
-0.423724 -0.305845 -0.770402
-0.440546 -0.352133 -0.744620
-0.486102 -0.380277 -0.724519
-0.516969 -0.397318 -0.686652
-0.557156 -0.398625 -0.645960
-0.590814 -0.399712 -0.607079
-0.611216 -0.379694 -0.556943
-0.653808 -0.359378 -0.537380
-0.691618 -0.336935 -0.511459
-0.730803 -0.324650 -0.476970
-0.774927 -0.301105 -0.461952
-0.821199 -0.309090 -0.462045
-0.866783 -0.330021 -0.442052
-0.910120 -0.353802 -0.417605
-0.946985 -0.381442 -0.396461
-0.971825 -0.425462 -0.371953
-0.991238 -0.471324 -0.348459
-1.000000 -0.523187 -0.337003
-0.988776 -0.577538 -0.317778
-0.993858 -0.627212 -0.290952
-0.974559 -0.677263 -0.288771
-0.959126 -0.730292 -0.267719
-0.935704 -0.778091 -0.272556
-0.906856 -0.823717 -0.267028
-0.861915 -0.858948 -0.265016
-0.819509 -0.885644 -0.260670
-0.776330 -0.914182 -0.270175
-0.727424 -0.930955 -0.287957
-0.683687 -0.953020 -0.305893
-0.640035 -0.964233 -0.328849
-0.597758 -0.969115 -0.361711
-0.559318 -0.981683 -0.388660
-0.523555 -0.973053 -0.430842
-0.481120 -1.000000 -0.453323
-0.441949 -0.994897 -0.492971
-0.401233 -0.969934 -0.522807
-0.353129 -0.969651 -0.541464
-0.320086 -0.939696 -0.566402
-0.270292 -0.914276 -0.567492
-0.233742 -0.881911 -0.553227
-0.209203 -0.852633 -0.513425
-0.169488 -0.835151 -0.479289
-0.164220 -0.798171 -0.434128
-0.163160 -0.762184 -0.394126
-0.160082 -0.723582 -0.361235
-0.138049 -0.690509 -0.333180
-0.089114 -0.674791 -0.325441
-0.049457 -0.650978 -0.331583
-0.006765 -0.631023 -0.334147
0.035126 -0.653261 -0.342470
0.081569 -0.641481 -0.356305
0.122444 -0.667892 -0.372306
0.171564 -0.657892 -0.381873
0.212553 -0.678382 -0.373719
0.248846 -0.711062 -0.364152
0.293041 -0.718984 -0.357626
0.334775 -0.745112 -0.356106
0.370366 -0.760593 -0.324028
0.405098 -0.794864 -0.304019
0.426817 -0.800109 -0.259457
0.440060 -0.824945 -0.209244
0.450310 -0.848192 -0.166340
0.472959 -0.841971 -0.117417
0.494406 -0.868823 -0.076940
0.508050 -0.863957 -0.023947
0.517971 -0.870682 0.021936
0.513719 -0.855547 0.077738
0.527062 -0.861122 0.126431
0.515337 -0.851436 0.180191
0.508994 -0.852538 0.229468
0.495236 -0.832899 0.279174
0.495050 -0.834663 0.325717
0.473618 -0.811858 0.373504
0.432214 -0.818614 0.410511
0.402034 -0.820110 0.448624
0.353716 -0.805542 0.466774
0.308947 -0.810724 0.491343
0.268173 -0.807574 0.519936
0.225953 -0.792108 0.548712
0.178608 -0.813354 0.554839
0.129172 -0.803511 0.574832
0.082214 -0.798471 0.581542
0.043530 -0.788974 0.612116
-0.008497 -0.772185 0.618642
-0.054368 -0.762956 0.631280
-0.088928 -0.724307 0.656417
-0.130905 -0.700084 0.681078
-0.162702 -0.674491 0.718223
-0.167727 -0.647733 0.770110
-0.195416 -0.605824 0.799578
-0.199181 -0.566624 0.833038
-0.209088 -0.510761 0.852539
-0.222303 -0.461890 0.877876
-0.209145 -0.410941 0.906929
-0.199067 -0.358370 0.920473
-0.191765 -0.315043 0.948697
-0.163074 -0.262818 0.950616
-0.144549 -0.217523 0.963192
-0.106137 -0.175519 0.963669
-0.070617 -0.135610 0.969872
-0.028311 -0.107434 0.978993
0.024675 -0.091323 0.982141
0.073352 -0.078487 0.971577
0.120325 -0.061210 0.974632
0.166825 -0.040878 0.952443
0.209532 -0.024860 0.940528
0.251595 0.002717 0.911720
0.287415 0.028325 0.883082
0.313228 0.061683 0.841576
0.325913 0.095496 0.800346
0.347388 0.129153 0.758363
0.349463 0.155045 0.705831
0.353529 0.203254 0.672003
0.350695 0.220468 0.617091
0.333715 0.263212 0.580299
0.325182 0.314886 0.554747
0.316435 0.359126 0.525218
0.300787 0.410122 0.506668
0.255532 0.443716 0.502614
0.234429 0.495736 0.520412
0.223419 0.551961 0.529625
0.178837 0.577601 0.549848
0.164821 0.613116 0.589666
0.128127 0.634771 0.627287
0.103689 0.644552 0.678345
0.072851 0.657277 0.716150
0.045864 0.643623 0.764797
0.016815 0.637386 0.809375
-0.019950 0.610612 0.843956
-0.051805 0.586216 0.879673
-0.073094 0.562198 0.915790
-0.119981 0.544197 0.944228
-0.161757 0.505453 0.954547
-0.200312 0.477813 0.975216
-0.247113 0.470505 0.989773
-0.296449 0.445165 0.993689
-0.345856 0.432943 0.986641
-0.393974 0.431195 1.000000
-0.447519 0.433353 0.982756
-0.493647 0.440802 0.964989
-0.544486 0.455402 0.961304
-0.585660 0.493090 0.955023
-0.625103 0.531172 0.945764
-0.655125 0.577790 0.930362
-0.670315 0.626928 0.909632
-0.698075 0.673027 0.902845
-0.710201 0.725220 0.872886
-0.711218 0.774154 0.852632
-0.713308 0.820551 0.816530
-0.726308 0.856271 0.775899
-0.703072 0.898716 0.747599
-0.702241 0.935049 0.699919
-0.694167 0.966879 0.657661
-0.664875 0.986802 0.613559
-0.657029 1.000000 0.563223
-0.636528 0.984077 0.511966
-0.620393 0.972202 0.463764
-0.615496 0.928482 0.427187
-0.617071 0.896668 0.387585
-0.616212 0.845656 0.384161
-0.622139 0.805637 0.357411
-0.628023 0.754435 0.355599
-0.604229 0.718574 0.332980
-0.622554 0.677736 0.348827
-0.647022 0.670979 0.309425
-0.613220 0.657860 0.280924
-0.602440 0.617652 0.304388
-0.641481 0.595477 0.299873
-0.645776 0.598721 0.251795
-0.605332 0.569585 0.245698
-0.607851 0.529345 0.275642
-0.644173 0.506682 0.258950
-0.631975 0.497957 0.213774
-0.593606 0.474915 0.223556
-0.612075 0.437747 0.245867
-0.637845 0.423115 0.210718
-0.606090 0.415839 0.178456
-0.584000 0.381694 0.203071
-0.617715 0.350070 0.204898
-0.622111 0.346211 0.157787
-0.580950 0.330462 0.149157
-0.583527 0.290757 0.175416
-0.618102 0.270693 0.153165
-0.599075 0.270724 0.110139
-0.564529 0.243179 0.122838
-0.588925 0.204593 0.134616
-0.609025 0.200072 0.092219
-0.571115 0.194655 0.067895
-0.554908 0.156006 0.091174
-0.595754 0.128082 0.083711
-0.596570 0.136161 0.028830
-0.548895 0.150588 0.015240
-0.524943 0.114805 0.026972
-0.511843 0.072156 0.011478
-0.520720 0.027207 -0.003893
-0.496152 -0.007190 0.003386
-0.490855 -0.050595 0.016638
-0.474248 -0.086677 0.040378
-0.447404 -0.120365 0.035986
-0.420388 -0.150226 0.054643
-0.383022 -0.171708 0.055411
-0.395005 -0.203285 0.020339
-0.391368 -0.168369 -0.016699
-0.347645 -0.161534 -0.010004
-0.334860 -0.207805 -0.011555
-0.346629 -0.215223 -0.056056
-0.319785 -0.183189 -0.075926
-0.282547 -0.204750 -0.061492
-0.288660 -0.249384 -0.079673
-0.292626 -0.230579 -0.127137
-0.253327 -0.208215 -0.133602
-0.225753 -0.250250 -0.129533
-0.243735 -0.276126 -0.175231
-0.221486 -0.259920 -0.219102
-0.202946 -0.267984 -0.262636
-0.187685 -0.259117 -0.308626
-0.233527 -0.262629 -0.338616
-0.260786 -0.217523 -0.338431
-0.278109 -0.174700 -0.352543
-0.295561 -0.130649 -0.345556
-0.326027 -0.095874 -0.347752
-0.335619 -0.048453 -0.354401
-0.342548 -0.000764 -0.347276
-0.392557 0.008765 -0.327744
-0.397152 0.006875 -0.272832
-0.404368 0.044437 -0.239879
-0.431212 0.016749 -0.202795
-0.406487 0.001016 -0.161933
-0.374575 0.003740 -0.129364
-0.368104 -0.025144 -0.090606
-0.345283 -0.025475 -0.050282
-0.323035 -0.038988 -0.011739
-0.314416 -0.008922 0.025667
-0.291209 -0.001866 0.063611
-0.283592 0.013663 0.107359
-0.260442 0.041397 0.137149
