0.650978 -0.457251 -0.018471
0.632098 -0.391301 -0.016020
0.609439 -0.337286 -0.001893
0.597372 -0.273312 -0.018830
0.580152 -0.209978 -0.017535
0.581898 -0.146508 -0.024947
0.575657 -0.087552 -0.067130
0.561229 -0.029623 -0.087475
0.562460 0.017844 -0.136572
0.571220 0.059324 -0.181445
0.587123 0.070580 -0.252401
0.607692 0.093713 -0.306340
0.656690 0.089431 -0.326087
0.684889 0.071665 -0.372255
0.717110 0.092822 -0.397920
0.748959 0.090439 -0.435380
0.784859 0.116846 -0.448292
0.807833 0.153889 -0.484956
0.847698 0.171539 -0.491452
0.876712 0.192308 -0.529570
0.894562 0.202344 -0.591798
0.923620 0.240492 -0.603256
0.947582 0.244871 -0.668294
0.974034 0.254364 -0.711095
0.989565 0.188143 -0.730204
1.000000 0.129865 -0.738214
0.986945 0.080015 -0.693919
0.947682 0.042778 -0.658112
0.918510 -0.000019 -0.631411
0.873907 -0.030863 -0.624158
0.839825 -0.069999 -0.603993
0.802136 -0.114482 -0.611884
0.760195 -0.142187 -0.617104
0.732125 -0.193800 -0.631351
0.699618 -0.234041 -0.630475
0.715764 -0.268527 -0.585940
0.706231 -0.228654 -0.538158
0.655774 -0.229546 -0.554338
0.637094 -0.287145 -0.559917
0.602797 -0.334825 -0.559060
0.592663 -0.399361 -0.551608
0.572050 -0.459983 -0.564400
0.550593 -0.512622 -0.570896
0.514908 -0.546430 -0.576595
0.500394 -0.539087 -0.517973
0.495742 -0.480481 -0.518232
0.468516 -0.477148 -0.564978
0.435407 -0.507876 -0.538298
0.428379 -0.464865 -0.492329
0.412448 -0.419084 -0.524429
0.387054 -0.379676 -0.550293
0.381357 -0.335658 -0.590045
0.398191 -0.294081 -0.551469
0.439559 -0.316420 -0.552624
0.444998 -0.313049 -0.613896
0.439659 -0.253647 -0.616068
0.471851 -0.239175 -0.578010
0.504387 -0.263102 -0.610170
0.499306 -0.230204 -0.659985
0.505489 -0.177022 -0.634679
0.545340 -0.186109 -0.609094
0.567599 -0.200717 -0.661539
0.558767 -0.149491 -0.692125
0.576087 -0.112467 -0.649882
0.616811 -0.134961 -0.650321
0.623796 -0.122038 -0.709740
0.617583 -0.064206 -0.707149
0.651451 -0.052620 -0.670406
0.683486 -0.070522 -0.709222
0.671734 -0.032161 -0.753377
0.675627 0.018444 -0.717850
0.721132 0.006994 -0.709301
0.746239 -0.023695 -0.749014
0.752652 -0.082844 -0.746941
0.762528 -0.134399 -0.771091
0.728375 -0.180316 -0.794186
0.709180 -0.227996 -0.812796
0.673981 -0.260777 -0.809489
0.654543 -0.306558 -0.782529
0.626215 -0.350790 -0.779261
0.597157 -0.319442 -0.746364
0.586350 -0.281062 -0.790559
0.572837 -0.321496 -0.831188
0.540273 -0.342439 -0.794385
0.519217 -0.290962 -0.783107
0.509197 -0.281062 -0.842745
0.487454 -0.333469 -0.850795
0.472939 -0.367761 -0.802176
0.497516 -0.406878 -0.769936
0.516569 -0.439775 -0.723847
0.553370 -0.447544 -0.683896
0.577590 -0.508592 -0.687901
0.599820 -0.563615 -0.678616
0.611071 -0.623385 -0.683577
0.605875 -0.675966 -0.646913
0.605631 -0.735503 -0.634500
0.580209 -0.768033 -0.590284
0.556348 -0.804185 -0.552186
0.546299 -0.834544 -0.488064
0.532586 -0.834912 -0.425258
0.506449 -0.830514 -0.360638
0.498404 -0.812845 -0.297075
0.471393 -0.787988 -0.235803
0.449865 -0.775511 -0.171382
0.441004 -0.756563 -0.108217
0.424972 -0.717660 -0.048101
0.403802 -0.709561 0.015941
0.379954 -0.684665 0.074782
0.359800 -0.683793 0.138405
0.326291 -0.656650 0.187542
0.297777 -0.646498 0.239489
0.253375 -0.627260 0.271709
0.222685 -0.605522 0.319193
0.179657 -0.584617 0.348982
0.168463 -0.521224 0.376978
0.138160 -0.473758 0.353246
0.114284 -0.426911 0.331248
0.109031 -0.367936 0.324194
0.092026 -0.313397 0.325708
0.070955 -0.265620 0.300901
0.077311 -0.209629 0.288786
0.070411 -0.158229 0.261328
0.109875 -0.139669 0.217411
0.122930 -0.174562 0.157454
0.136929 -0.188356 0.099350
0.138904 -0.241170 0.069621
0.144974 -0.274707 0.020763
0.142368 -0.326068 -0.012434
0.184495 -0.349743 0.004862
0.174461 -0.381885 0.055434
0.150026 -0.424915 0.023871
0.183708 -0.448319 -0.015104
0.211592 -0.473099 0.027219
0.179599 -0.515548 0.044534
0.174776 -0.548174 -0.008508
0.212823 -0.579870 -0.006615
0.203433 -0.605018 0.050353
0.162165 -0.630495 0.035269
0.176436 -0.667655 -0.015881
0.202803 -0.712971 0.014805
0.167590 -0.745675 0.052186
0.138976 -0.775434 0.001893
0.169136 -0.824857 -0.015841
0.146004 -0.877497 0.015522
0.116317 -0.922213 0.024349
0.070168 -0.953114 0.002371
0.026724 -0.980141 -0.010162
-0.016003 -1.000000 0.007731
-0.065960 -0.988530 0.024808
-0.111980 -0.996280 0.021301
-0.146834 -0.982098 0.070438
-0.184008 -0.935484 0.095963
-0.218548 -0.906829 0.121468
-0.228110 -0.851439 0.167377
-0.247806 -0.794265 0.191049
-0.257926 -0.738158 0.215080
-0.241093 -0.698654 0.261089
-0.240048 -0.650102 0.297912
-0.227924 -0.594420 0.312179
-0.227652 -0.574755 0.371877
-0.211921 -0.539862 0.412067
-0.187844 -0.526107 0.459032
-0.185039 -0.485653 0.504165
-0.172958 -0.465175 0.558961
-0.173144 -0.436811 0.611127
-0.189934 -0.378301 0.635317
-0.196877 -0.340599 0.678576
-0.221955 -0.286196 0.687363
-0.248064 -0.252097 0.724804
-0.270208 -0.206529 0.742478
-0.301814 -0.159585 0.733491
-0.325060 -0.120527 0.765034
-0.363064 -0.086409 0.755290
-0.379096 -0.048862 0.800562
-0.415468 -0.007769 0.798589
-0.442708 0.022493 0.830770
-0.489787 0.045510 0.826266
-0.528936 0.059847 0.856075
-0.571621 0.077594 0.852110
-0.618786 0.069050 0.827840
-0.660841 0.076606 0.847129
-0.696640 0.100417 0.810704
-0.734673 0.091718 0.759176
-0.772133 0.094798 0.728111
-0.787163 0.104756 0.659367
-0.821145 0.106810 0.616626
-0.827414 0.095244 0.547603
-0.858805 0.095399 0.504922
-0.862040 0.083716 0.436018
-0.883941 0.075773 0.385406
-0.877643 0.057483 0.319372
-0.896867 0.038148 0.266230
-0.899157 0.030708 0.205974
-0.877786 0.025535 0.140896
-0.879017 0.013794 0.081736
-0.854196 0.006858 0.023672
-0.852292 -0.009397 -0.036703
-0.840082 -0.002577 -0.097059
-0.810037 -0.016914 -0.153011
-0.792173 -0.034583 -0.214402
-0.762199 -0.023191 -0.268342
-0.726528 -0.046847 -0.318117
-0.702567 -0.070445 -0.370322
-0.695982 -0.049966 -0.433707
-0.658350 -0.041713 -0.487546
-0.635448 -0.053589 -0.546666
-0.610484 -0.014821 -0.598553
-0.582185 -0.009009 -0.654764
-0.552798 0.032975 -0.690930
-0.526302 0.072847 -0.725521
-0.487210 0.122445 -0.728092
-0.454016 0.158539 -0.750767
-0.440890 0.222028 -0.734009
-0.416470 0.270018 -0.733173
-0.409442 0.324789 -0.701251
-0.391864 0.378863 -0.697067
-0.372268 0.424838 -0.665923
-0.369591 0.482340 -0.666780
-0.354633 0.538564 -0.659427
-0.359757 0.595156 -0.623441
-0.353502 0.655371 -0.602897
-0.339603 0.699370 -0.546248
-0.303803 0.752049 -0.529670
-0.272326 0.798857 -0.530447
-0.247506 0.853240 -0.531702
-0.204606 0.881042 -0.510182
-0.156468 0.899138 -0.537102
-0.134109 0.946295 -0.559080
-0.082707 0.968265 -0.551229
-0.036215 0.962918 -0.566752
0.003750 0.986070 -0.591480
0.046363 1.000000 -0.565078
0.094430 0.977584 -0.549914
0.142569 0.980413 -0.552485
0.181417 0.966889 -0.513251
0.209144 0.927327 -0.468517
0.245044 0.921534 -0.438768
0.263538 0.879318 -0.383095
0.281631 0.856205 -0.332224
0.269492 0.810210 -0.278564
0.279226 0.777410 -0.225641
0.259014 0.744667 -0.179572
0.214583 0.705531 -0.168633
0.179943 0.672227 -0.153469
0.141782 0.629139 -0.174013
0.105824 0.589654 -0.170805
0.070511 0.551700 -0.184215
0.038491 0.582137 -0.229327
0.007944 0.554296 -0.283306
-0.003521 0.525874 -0.342048
0.001374 0.488792 -0.405233
0.011251 0.456050 -0.460786
0.058473 0.443883 -0.486809
0.085556 0.403100 -0.518372
0.135598 0.411702 -0.512912
0.178941 0.404417 -0.503985
0.212422 0.389538 -0.451859
0.251414 0.364332 -0.454948
0.283033 0.399031 -0.404256
0.281602 0.389945 -0.337564
0.323872 0.353909 -0.330590
0.360158 0.402131 -0.331965
0.352400 0.435784 -0.269697
0.377449 0.395660 -0.219165
0.428522 0.402790 -0.232933
0.450566 0.450915 -0.192065
0.480597 0.415654 -0.144104
0.514722 0.389480 -0.188140
0.554315 0.394071 -0.221277
0.543379 0.370280 -0.284103
0.548647 0.368653 -0.347428
0.541275 0.358714 -0.406827
0.555045 0.348852 -0.463416
0.554143 0.366967 -0.524549
0.552268 0.353056 -0.588252
0.568844 0.376383 -0.644164
0.562875 0.354567 -0.715797
0.527977 0.390313 -0.752899
0.542348 0.414298 -0.808273
0.497717 0.441868 -0.837365
0.462662 0.467267 -0.862910
0.415110 0.470018 -0.842705
0.394354 0.509813 -0.870482
0.364524 0.466938 -0.901885
0.324788 0.429449 -0.885207
0.296202 0.465892 -0.916411
0.274187 0.434622 -0.957080
0.234795 0.438361 -0.977703
0.199568 0.409978 -0.987327
0.158916 0.421544 -1.000000
0.121169 0.405754 -0.963815
0.080789 0.417379 -0.944546
0.071399 0.389364 -0.883055
0.092154 0.399826 -0.817618
0.103076 0.416526 -0.761527
0.138074 0.421854 -0.723329
0.174804 0.372237 -0.719005
0.193298 0.321883 -0.744929
0.160433 0.285266 -0.786434
0.157584 0.252562 -0.840214
0.130316 0.204340 -0.814789
0.085541 0.181226 -0.823955
0.045462 0.154335 -0.821285
0.005296 0.138564 -0.844638
-0.016576 0.123414 -0.789443
-0.000243 0.178766 -0.750289
0.034454 0.219762 -0.755749
0.077268 0.209842 -0.738712
0.122257 0.227608 -0.728171
0.171884 0.220479 -0.743335
0.216516 0.217166 -0.754294
0.211363 0.152243 -0.778225
0.203060 0.098498 -0.801997
0.203060 0.068003 -0.748894
0.165314 0.094023 -0.728689
0.140622 0.072324 -0.773542
0.147479 0.014569 -0.765293
0.134453 0.013717 -0.706352
0.093285 0.033827 -0.721994
0.077611 -0.009765 -0.756566
0.072229 -0.047331 -0.708803
0.032321 -0.023462 -0.691846
0.011809 -0.045723 -0.746383
0.026782 -0.103323 -0.750687
0.050200 -0.135755 -0.707488
0.093185 -0.147806 -0.707349
0.127553 -0.195990 -0.687562
0.169494 -0.215926 -0.693241
0.170725 -0.239291 -0.630694
0.172643 -0.297975 -0.601642
0.172113 -0.346237 -0.563862
0.179557 -0.404282 -0.548101
0.149941 -0.410423 -0.498486
0.109475 -0.377371 -0.529570
0.104536 -0.337305 -0.577751
0.112867 -0.276780 -0.572630
0.114241 -0.216081 -0.594548
0.139634 -0.158675 -0.617184
0.160576 -0.106868 -0.636831
0.201887 -0.122309 -0.596900
0.237285 -0.141529 -0.564859
0.225018 -0.120953 -0.509226
0.190206 -0.159024 -0.504443
0.214669 -0.207459 -0.504483
0.240878 -0.195951 -0.456821
0.206997 -0.190429 -0.416670
0.191079 -0.246459 -0.426454
0.223458 -0.280519 -0.405233
0.213467 -0.270561 -0.345654
0.180745 -0.314037 -0.344977
0.211105 -0.361232 -0.350875
0.243426 -0.345093 -0.308393
0.241966 -0.300087 -0.265552
0.261476 -0.246614 -0.270912
0.280328 -0.198508 -0.226338
0.307797 -0.150247 -0.219723
0.281860 -0.121244 -0.171382
0.287170 -0.103206 -0.106823
0.281774 -0.087494 -0.046666
0.298178 -0.073196 0.009445
0.260088 -0.086893 0.045710
0.246404 -0.147380 0.015841
0.256738 -0.174174 -0.039852
0.237371 -0.162182 -0.093751
0.229756 -0.174097 -0.159965
0.232032 -0.154490 -0.228749
0.231417 -0.139669 -0.291376
0.230887 -0.072091 -0.273144
0.234008 -0.014957 -0.254932
0.191294 -0.004979 -0.244909
0.187945 -0.041713 -0.196987
0.215313 -0.012438 -0.161380
0.194100 0.038671 -0.158909
0.156496 0.015984 -0.135855
0.177910 -0.006161 -0.084745
0.191323 0.043921 -0.057665
0.149912 0.059479 -0.042681
0.148853 0.022590 0.007193
0.179499 0.057173 0.040629
0.166459 0.114986 0.032977
0.126508 0.133605 0.007233
0.120196 0.155304 -0.048659
0.091582 0.197927 -0.089228
0.087946 0.228093 -0.142829
0.040037 0.221079 -0.142131
0.002190 0.260835 -0.134679
-0.037360 0.287513 -0.123760
-0.064915 0.335426 -0.120472
-0.099684 0.309755 -0.086359
-0.069509 0.279686 -0.035946
-0.025393 0.263799 -0.034551
-0.009977 0.211818 -0.059837
0.024792 0.169118 -0.071315
0.058072 0.135155 -0.114434
0.087731 0.101424 -0.150062
0.056641 0.110259 -0.207289
0.029487 0.123356 -0.254035
-0.000000 0.079589 -0.247738
-0.015946 0.102528 -0.193958
-0.031606 0.152611 -0.218248
-0.058674 0.131260 -0.259574
-0.081934 0.099622 -0.218148
-0.094273 0.148348 -0.184812
-0.120339 0.177758 -0.222114
-0.154278 0.138448 -0.215160
-0.168850 0.164177 -0.161141
-0.182577 0.216797 -0.192803
-0.203948 0.196125 -0.244012
-0.214984 0.137789 -0.258319
-0.195417 0.102199 -0.298649
-0.203518 0.051594 -0.346053
-0.186198 0.019529 -0.393855
-0.211076 -0.034409 -0.373809
-0.246790 -0.072130 -0.395588
-0.282132 -0.108961 -0.404176
-0.314668 -0.138022 -0.437911
-0.342709 -0.156834 -0.387857
-0.341707 -0.096038 -0.351174
-0.314396 -0.047525 -0.351433
-0.277666 -0.045588 -0.317180
-0.240163 -0.014085 -0.293050
-0.189390 -0.002712 -0.289722
-0.144458 0.010036 -0.280696
-0.133723 -0.056476 -0.301738
-0.126279 -0.111712 -0.322680
-0.131032 -0.140618 -0.268940
-0.174904 -0.128780 -0.265472
-0.185840 -0.158171 -0.315546
-0.170725 -0.211160 -0.301200
-0.195288 -0.215093 -0.250229
-0.234609 -0.210249 -0.280516
-0.235110 -0.259479 -0.313255
-0.243813 -0.294798 -0.263500
-0.288187 -0.281682 -0.263440
-0.294800 -0.311014 -0.319053
-0.272971 -0.364410 -0.311023
-0.253775 -0.386264 -0.258140
-0.211277 -0.389189 -0.243913
-0.175205 -0.427570 -0.211135
-0.130330 -0.437102 -0.205695
-0.132892 -0.456921 -0.141494
-0.121770 -0.507101 -0.101223
-0.119638 -0.552184 -0.058622
-0.102446 -0.603797 -0.035448
-0.136113 -0.614647 0.009863
-0.177796 -0.600426 -0.030766
-0.184495 -0.568284 -0.084047
-0.189018 -0.507972 -0.086120
-0.197564 -0.451070 -0.116606
-0.179585 -0.389712 -0.141334
-0.167003 -0.333973 -0.162755
-0.128942 -0.331318 -0.112960
-0.094788 -0.332055 -0.073845
-0.117290 -0.312874 -0.024648
-0.143471 -0.362065 -0.019647
-0.110820 -0.398450 -0.009744
-0.093457 -0.372644 0.039812
-0.131318 -0.377642 0.073188
-0.135340 -0.437722 0.067927
-0.100084 -0.456631 0.098155
-0.117848 -0.444716 0.154226
-0.141982 -0.496154 0.156936
-0.103591 -0.531047 0.162954
-0.078413 -0.501230 0.205296
-0.091296 -0.454461 0.242119
-0.079544 -0.397772 0.232933
-0.074748 -0.340482 0.271928
-0.057314 -0.283232 0.273542
-0.091568 -0.259053 0.314689
-0.096792 -0.229526 0.374068
-0.109117 -0.209028 0.430558
-0.100729 -0.180800 0.484876
-0.139162 -0.199651 0.517475
-0.139348 -0.266957 0.498007
-0.119795 -0.297452 0.449249
-0.136228 -0.301734 0.392062
-0.135226 -0.326514 0.329375
-0.129715 -0.315470 0.259355
-0.127997 -0.310743 0.195333
-0.142483 -0.243553 0.201271
-0.151000 -0.185741 0.208903
-0.195316 -0.191030 0.209560
-0.195188 -0.219432 0.265552
-0.177223 -0.176112 0.296756
-0.206410 -0.133353 0.285976
-0.240678 -0.164100 0.310067
-0.221325 -0.168575 0.366796
-0.217604 -0.112177 0.383852
-0.261620 -0.105086 0.393656
-0.259873 -0.131357 0.450624
-0.234251 -0.084200 0.474475
-0.253761 -0.032549 0.454430
-0.292882 -0.026291 0.422986
-0.298121 -0.015093 0.363986
-0.329569 0.014686 0.317340
-0.334378 0.030999 0.257303
-0.382016 0.018057 0.260292
-0.423069 0.050993 0.256326
-0.464980 0.072498 0.257343
-0.497187 0.113378 0.244809
-0.529552 0.092492 0.288208
-0.498375 0.081372 0.344459
-0.453286 0.073932 0.350835
-0.432530 0.020963 0.342625
-0.394898 -0.017282 0.342904
-0.358984 -0.055023 0.308632
-0.326706 -0.091059 0.281891
-0.357567 -0.099254 0.223887
-0.384292 -0.104233 0.175109
-0.409857 -0.149588 0.193062
-0.428508 -0.119655 0.240605
-0.447059 -0.079647 0.204619
-0.471909 -0.115063 0.169749
-0.494897 -0.137789 0.217571
-0.509870 -0.082612 0.236381
-0.534504 -0.065369 0.189953
-0.565680 -0.107798 0.201471
-0.584904 -0.075676 0.248276
-0.601838 -0.033304 0.206432
-0.620575 -0.067771 0.162037
-0.626573 -0.129362 0.164229
-0.601423 -0.169815 0.136532
-0.602024 -0.234273 0.109513
-0.580467 -0.274145 0.073766
-0.592706 -0.323201 0.113518
-0.620675 -0.375414 0.106922
-0.646240 -0.425303 0.114833
-0.670617 -0.470697 0.093891
-0.695567 -0.483309 0.146734
-0.707920 -0.416119 0.162336
-0.690915 -0.360845 0.146654
-0.655258 -0.336336 0.174969
-0.624325 -0.288850 0.185311
-0.576645 -0.261223 0.181325
-0.533803 -0.234641 0.182700
-0.511931 -0.298518 0.185072
-0.495856 -0.353889 0.180768
-0.496314 -0.367354 0.240525
-0.541375 -0.366308 0.244769
-0.547444 -0.412051 0.206611
-0.524942 -0.453977 0.235364
-0.547358 -0.448746 0.287949
-0.586150 -0.464516 0.260152
-0.579551 -0.519733 0.241382
-0.580395 -0.541916 0.300124
-0.625156 -0.546159 0.302036
-0.625900 -0.592134 0.257522
-0.593307 -0.630049 0.275934
-0.571263 -0.628248 0.332025
-0.529637 -0.611470 0.341430
-0.487382 -0.621157 0.380345
-0.443023 -0.610307 0.384410
-0.440661 -0.602267 0.450484
-0.419433 -0.626426 0.505759
-0.408254 -0.649501 0.562089
-0.382617 -0.681042 0.602598
-0.411102 -0.682069 0.653708
-0.454374 -0.699545 0.616008
-0.466841 -0.693112 0.554497
-0.483474 -0.643360 0.531005
-0.503142 -0.609803 0.479277
-0.501138 -0.559237 0.430319
-0.501639 -0.514560 0.385705
-0.467185 -0.477342 0.423803
-0.435135 -0.450857 0.457139
-0.460228 -0.424683 0.500139
-0.474227 -0.475986 0.526143
-0.434348 -0.491427 0.545052
-0.424572 -0.443805 0.578827
-0.458983 -0.449734 0.615231
-0.448677 -0.504834 0.635436
-0.410930 -0.494682 0.664249
-0.429281 -0.465969 0.712191
-0.443023 -0.517621 0.739848
-0.399593 -0.534651 0.753138
-0.385451 -0.488346 0.788347
-0.412949 -0.466008 0.834894
-0.433761 -0.412361 0.838282
-0.478837 -0.446014 0.847926
-0.501253 -0.474649 0.899554
-0.527519 -0.500862 0.941577
-0.537167 -0.520004 0.999243
-0.571678 -0.560554 0.982565
-0.549004 -0.590429 0.924879
-0.514150 -0.575007 0.885865
-0.516168 -0.537809 0.836986
-0.500537 -0.506171 0.784123
-0.490674 -0.445781 0.752381
-0.480340 -0.394091 0.718029
-0.506506 -0.353114 0.766788
-0.531584 -0.322213 0.804746
-0.570261 -0.330931 0.775635
-0.571549 -0.390662 0.786454
-0.572337 -0.385779 0.847149
-0.608380 -0.353463 0.853585
-0.635075 -0.392560 0.825170
-0.626329 -0.436269 0.868290
-0.639155 -0.409145 0.920356
-0.682212 -0.408680 0.905631
-0.687508 -0.468023 0.917925
-0.678877 -0.463044 0.979118
-0.707448 -0.420459 1.000000
-0.745838 -0.405638 0.971885
-0.748400 -0.353114 0.943271
-0.781208 -0.306694 0.927151
-0.780707 -0.249462 0.905870
-0.820257 -0.260564 0.869924
-0.865418 -0.239969 0.873869
-0.909134 -0.229352 0.868589
-0.946565 -0.196261 0.877436
-0.978457 -0.241887 0.867692
-0.954968 -0.293829 0.905093
-0.911625 -0.304989 0.924023
-0.878745 -0.326146 0.889491
-0.833999 -0.346372 0.881302
-0.786934 -0.338816 0.853246
-0.744278 -0.338293 0.829136
-0.763144 -0.298518 0.775077
-0.780063 -0.263315 0.732595
-0.794034 -0.307353 0.694696
-0.826226 -0.324944 0.734667
-0.848213 -0.273796 0.735006
-0.857016 -0.268643 0.676264
-0.878172 -0.321341 0.673913
-0.909506 -0.304679 0.715180
-0.929388 -0.258433 0.688738
-0.951318 -0.293035 0.646914
-0.985557 -0.306364 0.685649
-1.000000 -0.246556 0.687064
-0.997653 -0.228519 0.626171
-0.988921 -0.261513 0.574443
-0.951675 -0.261203 0.541326
-0.934384 -0.267422 0.475172
-0.896208 -0.260060 0.441518
-0.907860 -0.309987 0.400829
-0.917264 -0.319074 0.336428
-0.929460 -0.339862 0.280417
-0.931378 -0.337034 0.217730
-0.966591 -0.376770 0.208106
-0.998125 -0.357648 0.263101
-0.991297 -0.326862 0.318655
-0.975680 -0.350208 0.370502
-0.962712 -0.346721 0.434703
-0.926883 -0.346275 0.486171
-0.897496 -0.348600 0.535010
-0.866077 -0.386671 0.493385
-0.838179 -0.414453 0.455167
-0.854468 -0.469534 0.462918
-0.893417 -0.457735 0.435639
-0.875739 -0.444890 0.382198
-0.855885 -0.496445 0.371538
-0.891885 -0.529730 0.374866
-0.911868 -0.500126 0.328618
-0.884428 -0.509968 0.282230
-0.894247 -0.568633 0.276631
-0.934198 -0.559179 0.247161
-0.909420 -0.539591 0.191687
-0.883268 -0.596823 0.181465
-0.922131 -0.624412 0.158690
