-0.270871 -0.771845 0.391730
-0.191277 -0.745204 0.412267
-0.134736 -0.706576 0.477130
-0.075425 -0.673511 0.395659
-0.008449 -0.611999 0.352437
0.049966 -0.561211 0.308663
0.121811 -0.496917 0.325577
0.201516 -0.549654 0.282601
0.281390 -0.554472 0.215557
0.372986 -0.595194 0.205059
0.451992 -0.621835 0.201437
0.519556 -0.662700 0.232103
0.595457 -0.689828 0.234958
0.641478 -0.758022 0.221574
0.657901 -0.836082 0.259639
0.706384 -0.905365 0.269370
0.751203 -0.938688 0.173778
0.834378 -0.933440 0.130526
0.849793 -0.830231 0.130925
0.878861 -0.749735 0.158061
0.869824 -0.661753 0.184799
0.904180 -0.597029 0.122667
0.910279 -0.544206 0.043682
0.891870 -0.629922 -0.013016
0.804946 -0.664764 -0.013415
0.768269 -0.683605 -0.099276
0.748545 -0.736543 -0.174607
0.840868 -0.706576 -0.209510
0.918923 -0.721803 -0.177585
0.939906 -0.772820 -0.257060
0.926869 -0.698747 -0.324871
0.919623 -0.614321 -0.258043
0.950957 -0.562789 -0.187500
0.916154 -0.484299 -0.238028
0.830713 -0.472943 -0.239072
0.752266 -0.442660 -0.225718
0.675666 -0.445012 -0.166779
0.582028 -0.459207 -0.173502
0.500112 -0.451091 -0.128807
0.412964 -0.475065 -0.134915
0.322404 -0.446073 -0.111155
0.245943 -0.407875 -0.108393
0.282705 -0.321471 -0.112568
0.320585 -0.305813 -0.195573
0.345652 -0.261363 -0.278364
0.378833 -0.258094 -0.363427
0.416545 -0.179920 -0.357871
0.476304 -0.204755 -0.292884
0.511834 -0.270425 -0.339667
0.533768 -0.223194 -0.418744
0.586336 -0.166241 -0.380004
0.640919 -0.227696 -0.348263
0.658208 -0.277451 -0.423011
0.688731 -0.212555 -0.477376
0.751763 -0.184537 -0.419112
0.794091 -0.260274 -0.410548
0.803771 -0.276878 -0.506201
0.856479 -0.206447 -0.523545
0.929219 -0.238364 -0.485664
1.000000 -0.288234 -0.483546
0.983270 -0.329471 -0.398760
0.912573 -0.376416 -0.434307
0.887086 -0.467179 -0.454537
0.812052 -0.476384 -0.378315
0.722107 -0.512202 -0.344917
0.646794 -0.529781 -0.280544
0.566305 -0.570245 -0.258595
0.497958 -0.581916 -0.178475
0.416853 -0.640045 -0.144677
0.327747 -0.662040 -0.097894
0.246811 -0.661266 -0.124939
0.234921 -0.578418 -0.161960
0.314458 -0.580970 -0.213040
0.319382 -0.631442 -0.289815
0.294063 -0.572395 -0.352775
0.355137 -0.512317 -0.333067
0.421721 -0.559519 -0.361585
0.396598 -0.561097 -0.450945
0.392737 -0.475667 -0.466908
0.477059 -0.460641 -0.453892
0.506463 -0.510797 -0.523791
0.461588 -0.473775 -0.595837
0.495048 -0.394712 -0.587426
0.577579 -0.416248 -0.600442
0.569522 -0.451005 -0.687868
0.545770 -0.369935 -0.725718
0.620580 -0.322876 -0.698674
0.678603 -0.404491 -0.712119
0.733354 -0.458977 -0.758872
0.773808 -0.533251 -0.718044
0.737438 -0.589114 -0.651216
0.737634 -0.653838 -0.583651
0.697012 -0.728428 -0.525755
0.658600 -0.759829 -0.430378
0.603206 -0.818388 -0.368861
0.560849 -0.834103 -0.273484
0.519612 -0.878180 -0.200178
0.474681 -0.862264 -0.099429
0.468498 -0.837544 -0.005219
0.432072 -0.789080 0.080734
0.412629 -0.753520 0.164937
0.336896 -0.723151 0.221574
0.290314 -0.674515 0.287789
0.211756 -0.672536 0.342307
0.142597 -0.628517 0.392252
0.071173 -0.642683 0.461321
-0.012394 -0.619397 0.506784
-0.085329 -0.603453 0.548103
-0.150962 -0.568295 0.587181
-0.202747 -0.548020 0.650387
-0.272745 -0.557082 0.692933
-0.348031 -0.533050 0.719517
-0.402865 -0.527286 0.788955
-0.395815 -0.572768 0.877886
-0.400319 -0.586275 0.967092
-0.305394 -0.577500 1.000000
-0.241551 -0.515357 0.966908
-0.175778 -0.459637 0.963992
-0.128385 -0.394827 0.932987
-0.050610 -0.442316 0.883227
-0.033964 -0.506811 0.824042
0.006686 -0.540621 0.749110
0.020339 -0.589200 0.675160
0.055394 -0.653924 0.627886
0.134316 -0.690373 0.581041
0.170182 -0.728170 0.490883
0.234333 -0.777609 0.432773
0.263009 -0.802300 0.335247
0.303939 -0.850736 0.263507
0.318403 -0.848327 0.157631
0.322124 -0.862321 0.061763
0.340001 -0.814029 -0.025847
0.357235 -0.792808 -0.114348
0.436857 -0.769981 -0.182128
0.511079 -0.713630 -0.228911
0.585497 -0.698173 -0.298349
0.637198 -0.638668 -0.363335
0.700090 -0.623957 -0.430747
0.757638 -0.558229 -0.480538
0.828866 -0.550802 -0.556176
0.901270 -0.538069 -0.611862
0.926645 -0.627283 -0.600442
0.928212 -0.713860 -0.601240
0.894556 -0.804823 -0.582515
0.865796 -0.887127 -0.588531
0.812052 -0.945858 -0.630433
0.806485 -1.000000 -0.548655
0.748741 -0.960884 -0.491528
0.674659 -0.940868 -0.454230
0.646570 -0.865361 -0.505464
0.667664 -0.840985 -0.593535
0.679219 -0.764532 -0.667700
0.693795 -0.706002 -0.738918
0.673344 -0.643400 -0.798870
0.637897 -0.610020 -0.875184
0.641310 -0.594219 -0.971881
0.601528 -0.502509 -0.948121
0.587371 -0.419202 -0.949073
0.527501 -0.361016 -0.960554
0.512813 -0.278139 -0.968535
0.514184 -0.199535 -0.937040
0.478094 -0.128846 -0.908460
0.472807 -0.044450 -0.895138
0.446061 0.024978 -0.852959
0.391674 0.084970 -0.831594
0.362243 0.164119 -0.835462
0.308779 0.226721 -0.815754
0.236347 0.269221 -0.820850
0.191137 0.336813 -0.843228
0.120356 0.381291 -0.841693
0.041294 0.396834 -0.871685
-0.030635 0.440825 -0.873987
-0.115516 0.451837 -0.873588
-0.192816 0.477015 -0.913126
-0.266758 0.512317 -0.952511
-0.357179 0.535947 -0.969210
-0.435402 0.574919 -1.000000
-0.494293 0.658541 -0.969303
-0.564878 0.721803 -0.985879
-0.623321 0.784922 -0.952143
-0.667748 0.842104 -0.866159
-0.714637 0.911416 -0.825608
-0.746279 0.941929 -0.718474
-0.780691 0.971868 -0.637617
-0.782817 0.972413 -0.521979
-0.792021 1.000000 -0.415950
-0.799966 0.976944 -0.314833
-0.797504 0.934387 -0.210339
-0.800330 0.926386 -0.113488
-0.860144 0.877319 -0.030759
-0.895031 0.803762 0.046537
-0.931933 0.765163 0.127916
-0.949278 0.676006 0.188759
-0.977395 0.616099 0.259271
-0.976723 0.524046 0.317013
-0.989005 0.456827 0.394493
-1.000000 0.374036 0.436855
-0.977954 0.270999 0.465189
-0.921945 0.214075 0.532539
