0.771131 0.776926 -0.130324
0.716660 0.770550 -0.104525
0.662710 0.736929 -0.103186
0.604455 0.753388 -0.111402
0.554713 0.725384 -0.090976
0.500106 0.753500 -0.075081
0.462177 0.776842 -0.028507
0.418862 0.713222 -0.036351
0.445847 0.645165 -0.006867
0.456193 0.687859 0.047141
0.399290 0.702970 0.059989
0.381281 0.619830 0.064271
0.421352 0.598146 0.109754
0.407030 0.660361 0.152376
0.350319 0.636599 0.159129
0.362190 0.555087 0.177145
0.395622 0.578176 0.228702
0.355319 0.628172 0.258949
0.313568 0.565873 0.264693
0.346864 0.511692 0.299696
0.354392 0.567755 0.349833
0.298203 0.580058 0.365625
0.289806 0.495401 0.378597
0.331480 0.487283 0.425130
0.307661 0.549189 0.463860
0.254966 0.510091 0.471025
0.277434 0.436641 0.496433
0.303762 0.475149 0.548361
0.250198 0.510119 0.573913
0.217017 0.432680 0.585258
0.245063 0.419479 0.646945
0.188758 0.442343 0.691954
0.151524 0.432287 0.742420
0.106646 0.472734 0.782138
0.070435 0.474503 0.831039
0.008898 0.514360 0.852617
-0.048835 0.504080 0.879590
-0.100372 0.499867 0.914572
-0.163974 0.544611 0.922438
-0.224854 0.533853 0.948010
-0.281815 0.552756 0.970804
-0.334414 0.546408 1.000000
-0.403555 0.556941 0.985299
-0.465323 0.545650 0.992855
-0.520219 0.562137 0.944551
-0.571834 0.567278 0.911958
-0.592738 0.568092 0.836804
-0.616249 0.563795 0.776229
-0.601579 0.584411 0.707047
-0.575656 0.626768 0.653595
-0.516050 0.633902 0.611386
-0.467755 0.625532 0.575848
-0.413322 0.620504 0.553693
-0.367595 0.650137 0.523364
-0.325226 0.657693 0.485108
-0.274905 0.681455 0.466804
-0.242573 0.727631 0.427663
-0.213099 0.733361 0.374273
-0.184145 0.778864 0.330766
-0.171521 0.797627 0.269450
-0.109811 0.806418 0.279621
-0.099407 0.709796 0.283533
-0.074121 0.681399 0.224172
-0.028703 0.643733 0.197117
-0.057907 0.618089 0.144263
-0.058448 0.695555 0.112184
0.001139 0.706622 0.107448
0.011775 0.631852 0.077552
-0.020422 0.649042 0.026201
0.007007 0.720188 0.006249
0.060532 0.683674 0.000196
0.045033 0.626178 -0.043640
0.024572 0.679629 -0.088114
0.074585 0.723194 -0.095959
0.106955 0.654800 -0.113893
0.075974 0.636851 -0.165924
0.088019 0.712043 -0.194791
0.146505 0.704824 -0.194544
0.147490 0.628762 -0.225161
0.119771 0.656625 -0.277830
0.162372 0.710807 -0.293355
0.206574 0.654659 -0.296443
0.181481 0.602079 -0.338797
0.177428 0.657468 -0.387080
0.235084 0.678590 -0.390251
0.257263 0.598259 -0.395625
0.230413 0.578204 -0.449570
0.251858 0.643930 -0.483049
0.310421 0.625532 -0.474916
0.309572 0.546605 -0.500139
0.289652 0.568036 -0.555876
0.331075 0.624549 -0.570145
0.376108 0.569890 -0.566027
0.358909 0.513602 -0.611324
0.351207 0.576153 -0.661811
0.409501 0.621066 -0.664632
0.467620 0.653423 -0.687672
0.493891 0.684685 -0.624955
0.542591 0.650418 -0.594400
0.583049 0.696594 -0.644268
0.632907 0.755691 -0.667535
0.675623 0.800379 -0.697349
0.729921 0.857145 -0.695455
0.752022 0.869054 -0.754486
0.776459 0.927870 -0.790168
0.813519 0.888912 -0.834910
0.759009 0.875290 -0.871972
0.716660 0.946099 -0.881340
0.663520 0.892760 -0.901045
0.639759 0.841275 -0.839646
0.599070 0.800070 -0.799722
0.587411 0.729991 -0.754960
0.543961 0.665641 -0.732825
0.528346 0.597135 -0.688001
0.490938 0.526691 -0.669594
0.464339 0.449954 -0.678056
0.450673 0.455179 -0.749503
0.486788 0.534471 -0.771926
0.515394 0.597978 -0.814238
0.527960 0.690499 -0.825933
0.541780 0.758950 -0.871787
0.562762 0.847792 -0.884491
0.577007 0.913630 -0.923838
0.594128 0.997360 -0.938210
0.573745 1.000000 -1.000000
0.513483 0.966632 -0.990385
0.484491 0.925904 -0.941525
0.483004 0.839141 -0.940598
0.459899 0.756422 -0.921100
0.478835 0.667860 -0.905451
0.462679 0.576434 -0.890626
0.483371 0.492086 -0.867813
0.496439 0.409199 -0.851959
0.528577 0.338979 -0.843455
0.556546 0.272916 -0.872899
0.572452 0.243480 -0.802687
0.575694 0.205646 -0.746744
0.639605 0.174889 -0.766099
0.682128 0.224352 -0.799475
0.683962 0.308588 -0.757204
0.645531 0.300190 -0.692675
0.635802 0.268141 -0.627096
0.610863 0.251878 -0.572080
0.585346 0.330244 -0.566686
0.536318 0.317295 -0.602841
0.513270 0.246879 -0.576095
0.508406 0.279067 -0.517290
0.474183 0.348585 -0.531744
0.428919 0.304543 -0.553282
0.417009 0.260277 -0.501107
0.408883 0.330581 -0.463283
0.363928 0.366955 -0.496536
0.325265 0.302240 -0.497998
0.321540 0.293814 -0.435754
0.302488 0.373668 -0.424698
0.252070 0.370353 -0.458692
0.225819 0.305442 -0.428445
0.229235 0.339400 -0.369599
0.200822 0.414086 -0.382715
0.150443 0.377347 -0.401534
0.139267 0.335243 -0.347177
0.140695 0.405182 -0.309044
0.095837 0.447005 -0.338323
0.052754 0.388358 -0.332393
0.055610 0.384172 -0.269038
0.042600 0.467285 -0.258887
-0.011929 0.467481 -0.281948
-0.032988 0.408918 -0.238936
-0.021233 0.465122 -0.185690
-0.062327 0.530904 -0.189479
-0.114483 0.576406 -0.181572
-0.128226 0.586574 -0.244186
-0.143436 0.499108 -0.249663
-0.183045 0.429619 -0.254790
-0.155886 0.366365 -0.214351
-0.178065 0.348697 -0.156947
-0.207211 0.384257 -0.107428
-0.203582 0.315357 -0.062707
-0.133283 0.317014 -0.059639
-0.082035 0.346422 -0.034457
-0.049781 0.274236 -0.044464
-0.041983 0.286679 -0.106810
-0.011910 0.360185 -0.104792
0.034995 0.330159 -0.073743
0.049858 0.272888 -0.119329
0.058930 0.329008 -0.165306
0.102264 0.373106 -0.136007
0.139537 0.305639 -0.132053
0.144073 0.292550 -0.193617
0.163800 0.370269 -0.208236
0.213446 0.368780 -0.173604
0.237130 0.299038 -0.201915
0.237902 0.330300 -0.261440
0.273322 0.399986 -0.248325
0.320015 0.352574 -0.231441
0.324358 0.309065 -0.285551
0.331094 0.381223 -0.323354
0.380837 0.416783 -0.298667
0.423456 0.356815 -0.311700
0.426081 0.367460 -0.374911
0.433648 0.453241 -0.373635
0.485784 0.451555 -0.344315
0.514564 0.397290 -0.380532
0.509101 0.438101 -0.436372
0.530392 0.517562 -0.420127
0.581852 0.492536 -0.392227
0.604976 0.446303 -0.438884
0.607080 0.510371 -0.478808
0.641554 0.562924 -0.444340
0.687996 0.510371 -0.439028
0.700832 0.499979 -0.499871
0.712549 0.583709 -0.510599
0.756732 0.588540 -0.466886
0.791727 0.527280 -0.491965
0.799718 0.562952 -0.547187
0.824309 0.633790 -0.524723
0.870558 0.600253 -0.491471
0.895864 0.558935 -0.541545
0.905534 0.627863 -0.579142
0.938966 0.671147 -0.537736
0.982898 0.611853 -0.531621
1.000000 0.610196 -0.596109
0.997105 0.676708 -0.637124
0.946397 0.690808 -0.668585
0.928485 0.769595 -0.694055
0.891289 0.713026 -0.740094
0.820893 0.695808 -0.739270
0.779817 0.700892 -0.676368
0.737468 0.739316 -0.638668
0.689115 0.731957 -0.592361
0.630185 0.752349 -0.568374
0.574150 0.760129 -0.551428
0.512189 0.759624 -0.558800
0.453298 0.752433 -0.543563
0.448742 0.667074 -0.532733
0.478584 0.666625 -0.478190
0.439381 0.717688 -0.447841
0.393750 0.663057 -0.453585
0.418129 0.598764 -0.420765
0.422800 0.645362 -0.366861
0.366379 0.672326 -0.360128
0.341575 0.593343 -0.361919
0.371340 0.553823 -0.314830
0.356709 0.613061 -0.271056
0.297913 0.605449 -0.275441
0.296678 0.521550 -0.259340
0.322601 0.530623 -0.202965
0.282722 0.586743 -0.178875
0.234775 0.538403 -0.184455
0.256143 0.471414 -0.150193
0.268612 0.514276 -0.096577
0.214373 0.544667 -0.085397
0.186635 0.469307 -0.083008
0.220260 0.425321 -0.040840
0.222595 0.481525 0.007464
0.164727 0.493996 0.016750
0.149864 0.411249 0.025418
0.185535 0.401784 0.076399
0.163144 0.463493 0.113378
0.106472 0.431192 0.111525
0.120138 0.355214 0.141030
0.138611 0.395014 0.198394
0.086417 0.445095 0.207248
0.049472 0.383330 0.214495
0.034030 0.322070 0.248530
0.032042 0.245727 0.277624
-0.004382 0.197416 0.247624
-0.029166 0.128938 0.253081
-0.063254 0.083014 0.212869
-0.091609 0.016136 0.197550
-0.118053 -0.036163 0.153426
-0.176578 -0.049449 0.191085
-0.222074 0.012148 0.174118
-0.248268 -0.028804 0.122664
-0.286023 -0.086637 0.161909
-0.330689 -0.033074 0.191373
-0.370239 -0.009508 0.141401
-0.398209 -0.094642 0.133598
-0.424904 -0.103350 0.200165
-0.459243 -0.025462 0.212663
-0.510298 -0.043269 0.170701
-0.549173 -0.082452 0.211077
-0.598915 -0.062903 0.238421
-0.645743 -0.056471 0.272497
-0.692377 -0.094277 0.293252
-0.745170 -0.087087 0.320657
-0.771189 -0.110905 0.375158
-0.820275 -0.133347 0.405322
-0.848592 -0.130539 0.462707
-0.893914 -0.151633 0.501107
-0.921613 -0.163486 0.557235
-0.928079 -0.201713 0.615381
-0.967861 -0.230054 0.658393
-0.981759 -0.278450 0.711165
-1.000000 -0.354596 0.684521
-0.945741 -0.401503 0.685963
-0.947594 -0.431023 0.751686
-0.992974 -0.495597 0.757739
-0.970197 -0.570845 0.719545
-0.919644 -0.604298 0.757224
-0.948984 -0.666147 0.797663
-0.949987 -0.758725 0.788398
-0.910437 -0.837315 0.767540
-0.897157 -0.907731 0.816359
-0.891559 -1.000000 0.814485
