0.953976 -0.569367 0.222353
0.976522 -0.523245 0.197486
0.991087 -0.472601 0.190228
1.000000 -0.420650 0.182684
0.990621 -0.364011 0.184079
0.979814 -0.313848 0.201402
0.961492 -0.262798 0.213129
0.940825 -0.215489 0.227645
0.916866 -0.164199 0.230452
0.889630 -0.116665 0.229039
0.860501 -0.069491 0.212843
0.836557 -0.028177 0.205871
0.818235 0.026524 0.181290
0.802739 0.071835 0.143856
0.778299 0.110325 0.103490
0.746840 0.141784 0.062569
0.716779 0.171365 0.024867
0.689769 0.192954 -0.029533
0.656416 0.207046 -0.079266
0.621891 0.215023 -0.130752
0.594174 0.215489 -0.183525
0.566698 0.207977 -0.245325
0.555425 0.191076 -0.308020
0.545445 0.176999 -0.362562
0.557545 0.151174 -0.419411
0.570456 0.116439 -0.460885
0.596759 0.079572 -0.489935
0.642332 0.050006 -0.480729
0.671446 0.019718 -0.439934
0.687890 -0.005641 -0.390647
0.697990 -0.018772 -0.335050
0.699629 -0.012447 -0.269334
0.682253 -0.011260 -0.205621
0.678030 -0.014325 -0.149719
0.659001 0.010794 -0.095391
0.633163 0.014550 -0.033805
0.619546 0.000008 0.023186
0.604049 -0.026990 0.086310
0.588312 -0.068545 0.121223
0.607566 -0.119955 0.127659
0.637868 -0.165491 0.116754
0.666276 -0.197777 0.075137
0.706678 -0.202584 0.038274
0.730156 -0.210802 -0.013551
0.773143 -0.206565 -0.040849
0.793810 -0.204582 -0.092603
0.838421 -0.219245 -0.065859
0.830440 -0.272999 -0.076263
0.837489 -0.285153 -0.133165
0.865672 -0.312736 -0.155601
0.859103 -0.331110 -0.206103
0.804602 -0.319722 -0.204923
0.809307 -0.274997 -0.240606
0.806015 -0.281397 -0.296847
0.754115 -0.269363 -0.293092
0.752942 -0.217608 -0.272266
0.759511 -0.189318 -0.328489
0.768213 -0.171951 -0.373181
0.780418 -0.130982 -0.395813
0.771490 -0.103985 -0.438396
0.810254 -0.123936 -0.467321
0.788880 -0.166663 -0.476528
0.749891 -0.146952 -0.506132
0.775954 -0.127932 -0.548321
0.795223 -0.169367 -0.566484
0.753183 -0.191316 -0.579052
0.736739 -0.153052 -0.615074
0.777367 -0.155981 -0.653348
0.772196 -0.198242 -0.683239
0.763749 -0.222655 -0.727645
0.742135 -0.261040 -0.751385
0.750132 -0.312376 -0.765919
0.728518 -0.354426 -0.780435
0.778539 -0.374543 -0.784905
0.797087 -0.366670 -0.724856
0.757647 -0.377172 -0.682684
0.748944 -0.415812 -0.637706
0.736499 -0.455925 -0.605581
0.753649 -0.491425 -0.561729
0.760458 -0.522058 -0.521506
0.768679 -0.527226 -0.458937
0.773609 -0.539666 -0.406003
0.763975 -0.491485 -0.386446
0.730862 -0.470723 -0.428635
0.714659 -0.493258 -0.474025
0.738152 -0.447211 -0.502235
0.770784 -0.420409 -0.542172
0.797087 -0.395440 -0.575977
0.814943 -0.397724 -0.638546
0.845005 -0.405551 -0.687708
0.860501 -0.418291 -0.736583
0.902782 -0.437416 -0.764793
0.884926 -0.485686 -0.794415
0.877410 -0.525934 -0.826808
0.881168 -0.575121 -0.821231
0.868482 -0.616661 -0.841896
0.819633 -0.631219 -0.816761
0.796621 -0.598122 -0.781562
0.834664 -0.564665 -0.754746
0.848296 -0.522539 -0.720101
0.872721 -0.484274 -0.697487
0.873187 -0.455745 -0.644410
0.873653 -0.415151 -0.609764
0.870376 -0.392120 -0.559763
0.882115 -0.359715 -0.522614
0.920158 -0.390498 -0.508652
0.939412 -0.417254 -0.549162
0.916866 -0.458163 -0.566752
0.914521 -0.499478 -0.599986
0.876479 -0.526175 -0.629054
0.849228 -0.565266 -0.649433
0.803205 -0.568541 -0.681558
0.762336 -0.571005 -0.708374
0.728983 -0.552706 -0.734903
0.696112 -0.563854 -0.694412
0.715366 -0.531223 -0.654743
0.702680 -0.488616 -0.680164
0.686477 -0.439760 -0.671225
0.674738 -0.396627 -0.675140
0.675445 -0.349183 -0.661447
0.664638 -0.303872 -0.649433
0.671687 -0.259974 -0.645804
0.679668 -0.224413 -0.611445
0.632232 -0.208684 -0.616468
0.611790 -0.248706 -0.583235
0.622372 -0.241780 -0.525689
0.569058 -0.233923 -0.507258
0.526657 -0.250824 -0.510333
0.483925 -0.256924 -0.496639
0.483564 -0.293191 -0.543298
0.490613 -0.334715 -0.566484
0.471705 -0.320128 -0.615646
0.514091 -0.293191 -0.631002
0.545445 -0.324124 -0.651668
0.571162 -0.344691 -0.692445
0.578452 -0.384098 -0.651400
0.563647 -0.429634 -0.626801
0.594174 -0.444282 -0.577371
0.616254 -0.448188 -0.531553
0.643730 -0.409863 -0.542172
0.610152 -0.376165 -0.541618
0.593242 -0.384623 -0.489381
0.633870 -0.380567 -0.462012
0.643970 -0.337915 -0.477368
0.607100 -0.317784 -0.455022
0.615082 -0.331110 -0.402642
0.656190 -0.310212 -0.396081
0.644211 -0.266900 -0.402517
0.614375 -0.266659 -0.359773
0.640679 -0.277296 -0.322071
0.668395 -0.239677 -0.328489
0.627061 -0.207166 -0.320390
0.587846 -0.217487 -0.297973
0.552840 -0.244950 -0.329186
0.505644 -0.264315 -0.326254
0.499542 -0.279519 -0.394276
0.470773 -0.305630 -0.438968
0.442350 -0.312436 -0.486306
0.408772 -0.348297 -0.509493
0.363289 -0.328466 -0.508938
0.345057 -0.345217 -0.456416
0.394613 -0.341581 -0.429744
0.431318 -0.338261 -0.384908
0.477341 -0.336038 -0.364100
0.505644 -0.341551 -0.312632
0.541808 -0.333949 -0.271229
0.558251 -0.338937 -0.219904
0.582210 -0.320428 -0.174854
0.591829 -0.327174 -0.123994
0.585727 -0.269949 -0.124370
0.577505 -0.223827 -0.127373
0.554734 -0.193315 -0.159730
0.534052 -0.155050 -0.166595
0.486976 -0.165251 -0.178197
0.464550 -0.136391 -0.130448
0.449039 -0.091786 -0.149737
0.424855 -0.061979 -0.170921
0.455141 -0.063617 -0.214452
0.440592 -0.104931 -0.236387
0.395380 -0.091546 -0.241410
0.404127 -0.055639 -0.274572
0.423848 -0.080518 -0.316761
0.382168 -0.110806 -0.322893
0.344711 -0.082862 -0.335604
0.335543 -0.088496 -0.392595
0.363034 -0.122764 -0.418857
0.375825 -0.150708 -0.460331
0.405014 -0.177119 -0.483786
0.421623 -0.138028 -0.516483
0.441764 -0.108913 -0.472058
0.460672 -0.152120 -0.435053
0.467121 -0.187095 -0.403625
0.447280 -0.217953 -0.373038
0.423321 -0.219245 -0.318013
0.393200 -0.229100 -0.281848
0.372308 -0.186614 -0.295810
0.357563 -0.199414 -0.346777
0.330718 -0.234043 -0.330026
0.306263 -0.209149 -0.296364
0.291714 -0.178051 -0.336033
0.269559 -0.207857 -0.368015
0.240790 -0.221709 -0.329883
0.224467 -0.179688 -0.322071
0.210368 -0.169247 -0.375004
0.182832 -0.205634 -0.381833
0.154064 -0.194021 -0.344131
0.142670 -0.151174 -0.364654
0.131397 -0.164785 -0.419268
0.107679 -0.209630 -0.407254
0.094888 -0.230993 -0.363402
0.126708 -0.269604 -0.344685
0.154529 -0.301469 -0.321785
0.201094 -0.312736 -0.294683
0.248245 -0.340605 -0.295112
0.293262 -0.358047 -0.270389
0.336054 -0.385570 -0.278844
0.377583 -0.404590 -0.252923
0.418917 -0.429454 -0.277379
0.463258 -0.456631 -0.247899
0.497422 -0.478640 -0.218617
0.507057 -0.477994 -0.165487
0.506576 -0.425412 -0.133630
0.495889 -0.381078 -0.115288
0.468188 -0.368203 -0.166327
0.419624 -0.378659 -0.150720
0.418978 -0.346389 -0.105939
0.435421 -0.310032 -0.134041
0.399784 -0.308394 -0.171815
0.366927 -0.304518 -0.135775
0.383581 -0.265848 -0.114377
0.381927 -0.241780 -0.162519
0.336850 -0.243313 -0.170010
0.325758 -0.224999 -0.121849
0.348469 -0.185562 -0.130823
0.323609 -0.171365 -0.173657
0.282861 -0.170779 -0.150095
0.298793 -0.140853 -0.111284
0.310442 -0.105157 -0.146269
0.270701 -0.101641 -0.175462
0.245900 -0.090614 -0.129822
0.273196 -0.051403 -0.113822
0.269994 -0.026524 -0.166077
0.240429 -0.009623 -0.198005
0.240264 0.028162 -0.234706
0.285386 0.052815 -0.207265
0.324631 0.079106 -0.192660
0.330823 0.090148 -0.131950
0.316574 0.065029 -0.075423
0.328073 0.012447 -0.063267
0.376531 0.002577 -0.060889
0.372187 0.023474 -0.000697
0.340217 -0.008451 0.027101
0.371135 -0.048128 0.041206
0.383986 -0.024421 0.098180
0.340247 -0.007985 0.132969
0.290827 -0.032158 0.143301
0.254528 -0.062205 0.154475
0.236852 -0.092026 0.100969
0.240550 -0.120180 0.057546
0.227217 -0.137788 0.010190
0.224933 -0.178051 -0.009225
0.275015 -0.172071 -0.007544
0.280471 -0.185803 0.047481
0.255400 -0.227117 0.042047
0.284890 -0.248946 0.003629
0.325112 -0.242021 0.032965
0.306248 -0.258682 0.084504
0.298808 -0.305750 0.068022
0.343599 -0.325176 0.066484
0.347943 -0.335452 0.119829
0.309269 -0.364582 0.122064
0.325082 -0.394013 0.081143
0.366431 -0.405040 0.107119
0.349206 -0.421146 0.155583
0.315717 -0.452259 0.132397
0.349792 -0.472300 0.096088
0.383280 -0.506869 0.083932
0.435887 -0.509919 0.082127
0.482271 -0.500935 0.077371
0.522779 -0.509514 0.046087
0.567179 -0.502648 0.028353
0.538411 -0.491080 -0.027513
0.507989 -0.443696 -0.015499
0.492612 -0.399722 -0.024438
0.445056 -0.423564 -0.044764
0.420150 -0.467899 -0.037291
0.378124 -0.483688 -0.032196
0.356856 -0.523005 -0.027298
0.323383 -0.486798 -0.056151
0.293457 -0.467192 -0.088616
0.277750 -0.420995 -0.106940
0.240023 -0.391234 -0.117076
0.229682 -0.343639 -0.136026
0.194105 -0.307343 -0.133970
0.177782 -0.263384 -0.156799
0.144790 -0.223587 -0.153491
0.115435 -0.188732 -0.181737
0.085960 -0.153983 -0.195663
0.073515 -0.120886 -0.232883
0.118847 -0.100004 -0.224999
0.158062 -0.127467 -0.209321
0.158648 -0.141318 -0.152544
0.162751 -0.165852 -0.108585
0.133517 -0.197536 -0.075762
0.162045 -0.247294 -0.078426
0.179781 -0.297127 -0.056491
0.193053 -0.347215 -0.064393
0.209782 -0.391324 -0.040920
0.222347 -0.437581 -0.057546
0.235965 -0.481345 -0.037774
0.260600 -0.522764 -0.051110
0.283808 -0.563974 -0.044067
0.326795 -0.587095 -0.045461
0.318468 -0.600120 0.022346
0.314936 -0.611027 0.072062
0.329831 -0.602584 0.122350
0.364852 -0.614903 0.155869
0.356390 -0.628755 0.210894
0.388450 -0.672999 0.207533
0.428552 -0.657976 0.162841
0.480272 -0.645311 0.152508
0.520915 -0.636146 0.129608
0.562941 -0.616781 0.129608
0.550270 -0.565852 0.120669
0.500714 -0.557754 0.143015
0.456674 -0.536496 0.156977
0.415746 -0.535564 0.191623
0.400310 -0.489502 0.202796
0.408877 -0.444657 0.208374
0.387624 -0.440751 0.258107
0.421743 -0.464488 0.287711
0.457035 -0.434441 0.275144
0.434008 -0.396868 0.294415
0.428206 -0.413814 0.347492
0.475823 -0.424766 0.356698
0.496009 -0.379365 0.351675
0.479927 -0.344811 0.390772
0.447160 -0.304819 0.381279
0.410004 -0.327760 0.426812
0.396913 -0.339823 0.478762
0.351400 -0.342543 0.465909
0.355007 -0.383166 0.435750
0.369632 -0.409352 0.477654
0.332116 -0.404485 0.510601
0.300311 -0.418757 0.474847
0.322842 -0.462851 0.462566
0.355278 -0.485266 0.492170
0.405119 -0.479752 0.483786
0.453277 -0.481630 0.482677
0.499887 -0.470017 0.473739
0.502352 -0.514081 0.439665
0.503525 -0.538734 0.391058
0.508349 -0.582633 0.420108
0.462431 -0.588973 0.430727
0.456329 -0.602344 0.371501
0.456434 -0.632270 0.330437
0.456434 -0.595658 0.291895
0.502473 -0.576759 0.310058
0.530655 -0.621123 0.304748
0.533706 -0.623587 0.242733
0.562009 -0.571125 0.242733
0.573282 -0.526175 0.243573
0.555906 -0.485746 0.265633
0.590191 -0.466261 0.218438
0.599585 -0.440646 0.170671
0.627993 -0.408946 0.143015
0.593242 -0.367602 0.134077
0.555666 -0.367106 0.181004
0.520554 -0.343038 0.212575
0.484511 -0.354546 0.249169
0.476515 -0.308860 0.262576
0.461018 -0.292364 0.212843
0.425561 -0.323823 0.207265
0.399784 -0.309266 0.251957
0.392975 -0.266314 0.232954
0.373240 -0.278633 0.185759
0.336835 -0.300823 0.210894
0.320813 -0.265142 0.240230
0.314665 -0.237438 0.198327
0.284334 -0.263264 0.171511
0.250710 -0.262438 0.211162
0.244427 -0.215609 0.210054
0.230750 -0.212214 0.157818
0.192061 -0.243778 0.161733
0.170041 -0.248361 0.213683
0.179555 -0.270535 0.260610
0.177316 -0.281277 0.314527
0.191054 -0.299996 0.358379
0.167801 -0.339793 0.347206
0.192226 -0.351767 0.299993
0.234146 -0.353840 0.322625
0.222994 -0.384173 0.360327
0.210203 -0.417420 0.327094
0.251612 -0.422678 0.300547
0.274519 -0.433239 0.346652
0.249012 -0.470723 0.362562
0.259398 -0.496413 0.318424
0.305046 -0.494715 0.327648
0.301980 -0.513961 0.378204
0.282455 -0.554223 0.361722
0.318137 -0.568661 0.329883
0.347703 -0.574295 0.372341
0.320167 -0.607857 0.398048
0.320813 -0.639196 0.358093
0.367723 -0.646708 0.361168
0.363590 -0.663384 0.420108
0.342803 -0.706096 0.420108
0.338684 -0.753059 0.448604
0.334987 -0.805641 0.447477
0.319190 -0.853281 0.470378
0.305286 -0.894836 0.488827
0.277044 -0.926295 0.517323
0.279103 -0.972297 0.534628
0.259338 -1.000000 0.486038
0.243781 -0.958685 0.445243
0.245194 -0.932394 0.401391
0.244367 -0.886858 0.435196
0.251913 -0.839444 0.452501
0.277389 -0.803057 0.489935
0.299124 -0.767136 0.513962
0.340879 -0.744135 0.529050
0.311494 -0.703993 0.546355
0.287189 -0.658456 0.550824
0.309991 -0.621949 0.533519
0.296433 -0.622881 0.479316
0.249598 -0.625825 0.492724
0.247238 -0.584977 0.520666
0.261893 -0.557859 0.480443
0.229457 -0.570885 0.442454
0.192587 -0.560563 0.475419
0.201214 -0.515373 0.480443
0.201921 -0.502648 0.427366
0.156183 -0.522419 0.415085
0.123657 -0.535805 0.452501
0.129413 -0.584045 0.477654
0.138447 -0.625705 0.501663
0.165802 -0.661731 0.511727
0.130466 -0.693431 0.502235
0.121898 -0.683801 0.448032
0.165111 -0.690381 0.428492
0.168628 -0.735452 0.445815
0.130345 -0.750700 0.420108
0.143858 -0.739433 0.367872
0.185417 -0.766190 0.370660
0.167336 -0.809157 0.393847
0.115781 -0.805641 0.371501
0.086892 -0.815497 0.326540
0.048849 -0.824421 0.291340
0.026304 -0.860792 0.260324
-0.000466 -0.884515 0.224302
-0.034285 -0.923005 0.226250
-0.072327 -0.904691 0.200275
-0.095339 -0.881224 0.247202
-0.051194 -0.878866 0.284923
-0.015031 -0.868079 0.325968
0.033819 -0.875591 0.342737
0.077392 -0.878866 0.370946
0.128346 -0.876522 0.362008
0.175798 -0.881690 0.367317
0.226105 -0.869010 0.358933
0.272054 -0.862670 0.351675
0.307781 -0.836860 0.341056
0.297561 -0.830746 0.288266
0.255791 -0.809863 0.295524
0.271167 -0.773236 0.324019
0.300071 -0.756575 0.286317
0.265831 -0.750941 0.249723
0.238911 -0.722306 0.279613
0.271257 -0.689675 0.283796
0.276097 -0.682389 0.229325
0.231516 -0.671827 0.219833
0.229096 -0.634734 0.251957
0.263276 -0.609510 0.228771
0.243901 -0.607977 0.177929
0.203439 -0.589198 0.191623
0.218890 -0.550933 0.216472
0.242609 -0.534513 0.173746
0.208610 -0.532274 0.137438
0.180021 -0.504346 0.164521
0.207843 -0.469251 0.168436
0.211195 -0.461213 0.117308
0.167801 -0.454693 0.105027
0.164044 -0.419628 0.136026
0.194165 -0.391594 0.112982
0.172626 -0.390362 0.065215
0.133637 -0.374423 0.083521
0.151253 -0.336068 0.105867
0.169455 -0.318250 0.061586
0.128466 -0.317844 0.035343
0.106041 -0.289961 0.071097
0.137274 -0.254220 0.068719
0.135741 -0.251756 0.011316
0.086200 -0.240969 0.006293
0.049556 -0.213386 -0.018288
0.004705 -0.207392 -0.032125
0.015271 -0.215609 -0.092317
0.018322 -0.230753 -0.144893
0.048383 -0.250584 -0.181344
0.065052 -0.239091 -0.237191
0.121417 -0.248586 -0.224302
0.164630 -0.281157 -0.229611
0.209962 -0.303407 -0.213898
0.242083 -0.342933 -0.216061
0.280831 -0.365423 -0.184562
0.316740 -0.403072 -0.188119
0.345583 -0.442163 -0.162680
0.377704 -0.478926 -0.195037
0.420977 -0.513735 -0.189102
0.451384 -0.560563 -0.189817
0.499061 -0.573829 -0.197022
0.523140 -0.613611 -0.174854
0.553321 -0.645777 -0.171851
0.542168 -0.695775 -0.150005
0.543220 -0.741311 -0.138940
0.489321 -0.723238 -0.111320
0.440111 -0.716898 -0.103811
0.398671 -0.703286 -0.077157
0.358480 -0.685679 -0.078140
0.375479 -0.643899 -0.090493
0.386271 -0.655872 -0.139780
0.344065 -0.665022 -0.158122
0.326134 -0.621949 -0.150077
0.356210 -0.602464 -0.184115
0.345553 -0.626051 -0.228253
0.302250 -0.614317 -0.229218
0.307255 -0.569487 -0.234992
0.330898 -0.572657 -0.281419
0.301589 -0.593315 -0.312149
0.269844 -0.559977 -0.308091
0.296358 -0.526175 -0.328346
0.305933 -0.544488 -0.375559
0.263712 -0.543316 -0.392881
0.261457 -0.499763 -0.392881
0.295366 -0.494776 -0.429332
0.278592 -0.517131 -0.470664
0.239437 -0.493198 -0.477368
0.258842 -0.449390 -0.481837
0.295096 -0.455459 -0.520952
0.282259 -0.491726 -0.558368
0.235334 -0.492252 -0.567593
0.230224 -0.448098 -0.582681
0.260255 -0.449119 -0.625407
0.239257 -0.483328 -0.651668
0.196871 -0.464143 -0.657818
0.211841 -0.428192 -0.686868
0.226751 -0.451823 -0.729593
0.185778 -0.471414 -0.738818
0.161459 -0.432188 -0.746362
0.193353 -0.412868 -0.786585
0.223294 -0.439579 -0.818424
0.269559 -0.453281 -0.801673
0.308277 -0.479632 -0.805570
0.324661 -0.514321 -0.760878
0.348469 -0.542836 -0.722067
0.347733 -0.573949 -0.682684
0.358329 -0.580169 -0.627373
0.366055 -0.614678 -0.590493
0.367874 -0.622655 -0.536594
0.369978 -0.656804 -0.507258
0.334716 -0.640608 -0.464514
0.305602 -0.667846 -0.438825
0.288768 -0.663144 -0.386589
0.253416 -0.694828 -0.388537
0.277299 -0.728406 -0.363545
0.286603 -0.703752 -0.316064
0.241076 -0.696721 -0.304122
0.227217 -0.740845 -0.304677
0.254062 -0.753059 -0.263059
0.233681 -0.720428 -0.224409
0.180487 -0.719482 -0.237281
0.156769 -0.759159 -0.243931
0.139739 -0.797183 -0.220870
0.191054 -0.807985 -0.230648
0.222167 -0.779350 -0.199399
0.244427 -0.767602 -0.154099
0.204792 -0.747651 -0.129608
0.178849 -0.785915 -0.127302
0.208324 -0.812447 -0.097626
0.210954 -0.783106 -0.055508
0.167336 -0.784038 -0.040849
0.164630 -0.827696 -0.028067
0.200568 -0.830039 0.010190
0.180953 -0.796717 0.044281
0.142911 -0.823940 0.062015
0.171559 -0.858223 0.092602
0.193639 -0.877469 0.137992
0.221476 -0.907981 0.096643
0.253701 -0.885912 0.063552
0.296508 -0.890133 0.028353
0.326990 -0.890133 -0.009493
0.308683 -0.932394 -0.028567
0.268852 -0.914561 -0.045944
0.286167 -0.884034 -0.081072
0.308022 -0.913615 -0.111659
0.272730 -0.937562 -0.131038
0.251447 -0.900004 -0.154564
0.285596 -0.888270 -0.187958
0.286678 -0.930051 -0.216937
0.241602 -0.934272 -0.231488
0.239723 -0.890133 -0.258661
0.287475 -0.885912 -0.286657
0.300867 -0.924417 -0.311452
0.288061 -0.918317 -0.368569
0.261893 -0.871129 -0.370535
0.305782 -0.839204 -0.377364
0.343419 -0.814325 -0.396367
0.350694 -0.795771 -0.337838
0.364642 -0.842719 -0.314241
0.405946 -0.864083 -0.279542
0.441644 -0.888270 -0.259001
0.483444 -0.895301 -0.243359
0.526897 -0.913615 -0.246648
0.563181 -0.935204 -0.225446
0.605928 -0.928638 -0.203922
0.643264 -0.951639 -0.178394
0.657363 -0.901882 -0.149594
0.610618 -0.884515 -0.115843
0.576573 -0.879347 -0.083521
0.529122 -0.874178 -0.097215
0.487096 -0.844838 -0.087847
0.459500 -0.851403 -0.136705
0.413522 -0.861739 -0.158318
0.411462 -0.823234 -0.208767
0.402534 -0.796477 -0.264382
0.397965 -0.754231 -0.298598
0.394613 -0.724650 -0.341342
0.416227 -0.679805 -0.355858
0.440817 -0.646242 -0.378777
0.484857 -0.666434 -0.350138
0.468999 -0.716672 -0.335604
0.472171 -0.745067 -0.289660
0.453623 -0.752113 -0.233830
0.454330 -0.766430 -0.179252
0.426147 -0.788259 -0.129322
0.409118 -0.795065 -0.073814
0.383280 -0.816203 -0.030033
0.398957 -0.796477 0.017037
0.358074 -0.769254 0.033805
0.314846 -0.770426 0.010047
0.290090 -0.781919 0.057814
0.307932 -0.747651 0.091333
0.290932 -0.712210 0.054882
0.241662 -0.731455 0.052791
0.223520 -0.732162 0.109639
0.183899 -0.721600 0.139655
0.168869 -0.734505 0.191891
0.131878 -0.720654 0.218992
0.097473 -0.728631 0.255855
0.055192 -0.721119 0.277092
0.076806 -0.702115 0.327648
0.097939 -0.660800 0.308931
0.060363 -0.635921 0.289946
0.038523 -0.627823 0.338821
0.073394 -0.605754 0.363956
0.074807 -0.569953 0.325700
0.031474 -0.554464 0.331832
0.039230 -0.546832 0.391058
0.068585 -0.512143 0.400837
0.085960 -0.468785 0.417873
0.100870 -0.461153 0.364243
0.088425 -0.440646 0.316475
0.120019 -0.463617 0.286031
0.103921 -0.506869 0.295810
0.062001 -0.500650 0.274858
0.077152 -0.489442 0.222907
0.099698 -0.528518 0.209500
0.055899 -0.557393 0.221513
0.017390 -0.547884 0.188262
0.032421 -0.581927 0.144696
0.026304 -0.626171 0.171225
-0.023478 -0.629221 0.158104
-0.040628 -0.668777 0.148039
-0.061054 -0.683335 0.207819
-0.081496 -0.658922 0.261450
-0.132224 -0.638024 0.259216
-0.174250 -0.632045 0.276538
-0.192106 -0.589078 0.241339
-0.213720 -0.556808 0.210608
-0.220754 -0.515838 0.178483
-0.236732 -0.473878 0.161178
-0.257399 -0.454453 0.109353
-0.239077 -0.449885 0.046927
-0.210894 -0.488796 0.013122
-0.200087 -0.523951 -0.017591
-0.166734 -0.561615 -0.015928
-0.151012 -0.599069 -0.037148
-0.131052 -0.636853 -0.025707
-0.086892 -0.651876 -0.027101
-0.064812 -0.692019 -0.023329
-0.029821 -0.702821 0.010619
0.011273 -0.683801 0.025421
0.056605 -0.700237 0.026529
0.098060 -0.692725 0.039526
0.136568 -0.663850 0.027656
0.181539 -0.662918 0.005309
0.214892 -0.643899 -0.023741
0.194992 -0.658216 -0.071919
0.156183 -0.630392 -0.069416
0.177556 -0.590024 -0.065984
0.200222 -0.594021 -0.113894
0.164164 -0.596004 -0.144696
0.144083 -0.557153 -0.131109
0.178969 -0.529345 -0.145179
0.182020 -0.541664 -0.196539
0.139739 -0.529345 -0.211377
0.144083 -0.485792 -0.198076
0.177075 -0.478235 -0.233348
0.157235 -0.490839 -0.279685
0.123191 -0.460792 -0.276681
0.149494 -0.423279 -0.275341
0.171679 -0.428898 -0.323179
0.134464 -0.428312 -0.356001
0.119658 -0.384128 -0.341896
0.166283 -0.362854 -0.358647
0.211841 -0.343189 -0.372484
0.258691 -0.351346 -0.374861
0.307841 -0.344661 -0.353356
0.355804 -0.357867 -0.358236
0.397499 -0.370261 -0.321928
0.448107 -0.383437 -0.319961
0.488028 -0.404184 -0.289946
0.540395 -0.408135 -0.279113
0.584314 -0.422768 -0.261522
0.630578 -0.419718 -0.263542
0.637868 -0.460207 -0.213433
0.645143 -0.489382 -0.167185
0.670034 -0.453987 -0.135239
0.663465 -0.406963 -0.136687
0.691873 -0.377112 -0.161268
0.700801 -0.336173 -0.180736
0.705972 -0.340439 -0.239694
0.686477 -0.386862 -0.257678
0.677549 -0.418531 -0.305374
0.662052 -0.459500 -0.328775
0.655243 -0.478640 -0.378204
0.632938 -0.516439 -0.359630
0.598638 -0.494069 -0.336587
0.582435 -0.470888 -0.378347
0.574695 -0.508222 -0.411313
0.546858 -0.529345 -0.378204
0.514572 -0.494430 -0.376953
0.505524 -0.494009 -0.431835
0.490959 -0.539906 -0.434767
0.457847 -0.539320 -0.395527
0.432595 -0.501115 -0.419268
0.432009 -0.486212 -0.473185
0.457621 -0.449495 -0.490507
0.467602 -0.469010 -0.539669
0.422570 -0.472766 -0.555025
0.413176 -0.427786 -0.552236
0.443763 -0.415602 -0.591887
0.425321 -0.440841 -0.632397
0.383115 -0.421296 -0.633523
0.400610 -0.378839 -0.642729
0.425847 -0.388124 -0.689370
0.393260 -0.411290 -0.716472
0.362177 -0.372424 -0.703350
0.336475 -0.331050 -0.683793
0.335648 -0.297007 -0.643015
0.294960 -0.274592 -0.674854
0.242954 -0.258922 -0.676803
0.203334 -0.240263 -0.714237
0.168748 -0.223947 -0.740784
0.152425 -0.195778 -0.778755
0.138326 -0.162321 -0.742447
0.180247 -0.154344 -0.719261
0.202567 -0.142490 -0.765347
0.178608 -0.106809 -0.779881
0.184365 -0.080759 -0.734063
0.232268 -0.081224 -0.732400
0.244187 -0.073007 -0.793289
0.230329 -0.035208 -0.817316
0.271197 -0.009863 -0.812846
0.298297 -0.030280 -0.850835
0.256692 -0.026058 -0.894401
0.224106 -0.004454 -0.924023
0.232809 -0.028868 -0.975401
0.212247 -0.072060 -0.958651
0.166283 -0.045063 -0.945797
0.125070 -0.023474 -0.961439
0.082788 -0.005867 -0.947478
0.063880 -0.029814 -1.000000
0.065999 -0.083568 -0.975973
0.056831 -0.126761 -0.960331
0.086306 -0.159977 -0.927366
0.103816 -0.194486 -0.897208
0.136568 -0.203170 -0.858647
0.161699 -0.225585 -0.898870
0.169455 -0.190370 -0.935178
0.189641 -0.162321 -0.897208
0.224752 -0.191437 -0.884908
0.241842 -0.193540 -0.937431
0.250364 -0.147884 -0.944689
0.278336 -0.142250 -0.899996
0.309209 -0.175121 -0.914512
0.318934 -0.155515 -0.967035
0.336084 -0.113375 -0.944689
0.373240 -0.135444 -0.912278
0.399483 -0.171125 -0.926812
0.394974 -0.216901 -0.905020
0.398431 -0.263850 -0.901105
0.379988 -0.305810 -0.896081
0.403827 -0.309100 -0.845239
0.374006 -0.276590 -0.812846
0.326134 -0.299470 -0.835193
0.275375 -0.318310 -0.828489
0.230810 -0.337269 -0.837427
0.184004 -0.344601 -0.817316
0.138807 -0.336684 -0.808377
0.152771 -0.298824 -0.765919
0.206671 -0.289961 -0.770389
0.253972 -0.274712 -0.760324
0.304685 -0.286085 -0.756981
0.351866 -0.279114 -0.729880
0.395440 -0.273585 -0.710608
0.424975 -0.250584 -0.680164
0.421924 -0.201532 -0.693017
0.382288 -0.186854 -0.722335
0.364086 -0.162441 -0.683239
0.398731 -0.131688 -0.676249
0.394673 -0.113855 -0.727091
0.351430 -0.101176 -0.722908
0.359306 -0.072060 -0.679324
0.388390 -0.045063 -0.702778
0.360509 -0.031932 -0.741607
0.331004 -0.014085 -0.708660
0.355864 0.016203 -0.682398
0.366341 0.039669 -0.726805
0.323548 0.051177 -0.739944
0.312321 0.070663 -0.692445
0.344095 0.101416 -0.693571
0.328749 0.122058 -0.739944
0.286919 0.131463 -0.721781
0.299469 0.154930 -0.677375
0.323864 0.185908 -0.703904
0.288798 0.201412 -0.733795
0.261983 0.213146 -0.691337
0.291984 0.240383 -0.668150
0.298192 0.268537 -0.711448
0.253476 0.280285 -0.717312
0.247479 0.294828 -0.666202
0.281793 0.326287 -0.667864
0.266011 0.347891 -0.711162
0.226105 0.358678 -0.688262
0.242203 0.379816 -0.644124
0.267319 0.411260 -0.672906
0.231456 0.429108 -0.701384
0.210022 0.440841 -0.655583
0.244713 0.466667 -0.635740
0.249763 0.494370 -0.680164
0.205739 0.509393 -0.679038
0.211495 0.528173 -0.629322
0.246306 0.556342 -0.642461
0.223294 0.578411 -0.683507
0.188829 0.589679 -0.649147
0.219597 0.614077 -0.615360
0.235499 0.643192 -0.654457
0.193519 0.658216 -0.672066
0.181780 0.670415 -0.620669
0.217538 0.698599 -0.612285
0.208610 0.725822 -0.655583
0.164405 0.734265 -0.639386
0.176609 0.751181 -0.589653
0.205152 0.783091 -0.608102
0.172852 0.803763 -0.639655
0.139980 0.807519 -0.599432
0.166749 0.833810 -0.566198
0.174385 0.866667 -0.604455
0.128121 0.872300 -0.614520
0.115555 0.877934 -0.560049
0.143257 0.916439 -0.551396
0.120711 0.939906 -0.594962
0.073515 0.931463 -0.572062
0.077032 0.948349 -0.517323
0.071275 0.995313 -0.541063
0.020667 0.993420 -0.559494
-0.026769 1.000000 -0.552236
-0.036870 0.953998 -0.571776
-0.012205 0.927707 -0.529050
-0.043213 0.942731 -0.489095
-0.080308 0.921127 -0.518717
-0.059175 0.876988 -0.523741
-0.055192 0.868545 -0.463960
-0.105440 0.871369 -0.461725
-0.115315 0.836620 -0.508938
-0.087824 0.795305 -0.501108
-0.122349 0.773716 -0.469270
-0.159925 0.777472 -0.512013
-0.135501 0.753044 -0.562283
-0.116953 0.710798 -0.534914
-0.162977 0.695775 -0.520952
-0.178954 0.686385 -0.579892
-0.136673 0.661972 -0.604455
-0.131984 0.633803 -0.555579
-0.177541 0.615023 -0.562569
-0.171439 0.593435 -0.614520
-0.129158 0.572762 -0.601398
-0.147480 0.560098 -0.550556
-0.184591 0.537097 -0.577640
-0.156649 0.508913 -0.608924
-0.128932 0.497645 -0.566198
-0.167681 0.487324 -0.534914
-0.183659 0.455399 -0.572902
-0.142791 0.432398 -0.571508
-0.141844 0.433330 -0.516483
-0.185523 0.413153 -0.515070
-0.170973 0.376526 -0.546927
-0.132915 0.369946 -0.513408
-0.159700 0.371838 -0.468161
-0.187882 0.337555 -0.489095
-0.151478 0.309852 -0.498320
-0.133862 0.319722 -0.448032
-0.176143 0.310798 -0.425274
-0.178488 0.269949 -0.453216
-0.135275 0.258682 -0.435893
-0.144895 0.273239 -0.383103
-0.185057 0.247414 -0.385606
-0.159219 0.210336 -0.402231
-0.126813 0.218314 -0.361865
-0.161338 0.224879 -0.324574
-0.179901 0.184977 -0.342737
-0.136914 0.164319 -0.337570
-0.129158 0.184045 -0.287086
-0.172386 0.170885 -0.273249
-0.159925 0.128173 -0.293092
-0.118366 0.130051 -0.264382
-0.140205 0.146486 -0.218510
-0.174731 0.113615 -0.226840
-0.139739 0.079812 -0.233723
-0.116247 0.098592 -0.189728
-0.159219 0.100935 -0.162251
-0.166734 0.055639 -0.181058
-0.122589 0.046009 -0.161590
-0.133862 0.071835 -0.114037
-0.180367 0.054453 -0.115574
-0.158287 0.008451 -0.125693
-0.126813 0.022543 -0.084004
-0.170026 0.039669 -0.057403
-0.195864 -0.000699 -0.079535
-0.154289 -0.026764 -0.063678
-0.160166 0.009157 -0.019557
-0.213720 0.004695 -0.031910
-0.206205 -0.048353 -0.046015
-0.172386 -0.029348 -0.004058
-0.216997 0.002817 -0.003915
-0.250349 -0.031932 -0.044478
-0.219341 -0.063617 -0.011727
-0.230148 -0.007279 -0.005023
-0.270551 -0.006573 -0.057743
-0.276653 -0.060327 -0.053488
-0.275706 -0.027230 -0.017877
-0.286047 0.003283 -0.074726
-0.312351 -0.037085 -0.096929
-0.323158 -0.034036 -0.042940
-0.315642 0.016894 -0.068093
-0.345704 0.005401 -0.117308
-0.369647 -0.029348 -0.080160
-0.356510 0.011966 -0.045461
-0.373405 0.039669 -0.094265
-0.411928 0.005161 -0.097000
-0.406758 0.002577 -0.036809
-0.400189 0.053281 -0.044210
-0.441989 0.051403 -0.077854
-0.460312 0.015256 -0.041135
-0.436353 0.042013 0.003629
-0.460778 0.077934 -0.024724
-0.503059 0.050471 -0.015642
-0.481911 0.032623 0.036737
-0.465948 0.079812 0.047624
-0.513851 0.092958 0.033519
-0.529362 0.054227 0.066895
-0.489892 0.062445 0.106010
-0.504923 0.108928 0.103633
-0.550014 0.091080 0.116486
-0.529362 0.059395 0.156977
-0.503059 0.096714 0.179055
-0.546257 0.120661 0.178483
-0.566458 0.079812 0.204744
-0.526537 0.075350 0.241339
-0.533120 0.123005 0.252798
-0.579609 0.112684 0.258929
-0.567871 0.073232 0.291054
-0.536878 0.099057 0.322625
-0.571628 0.130982 0.326540
-0.600758 0.093423 0.339662
-0.565992 0.076297 0.376524
-0.562234 0.120195 0.399156
-0.610137 0.120661 0.400282
-0.609205 0.077228 0.424023
-0.576318 0.092011 0.463692
-0.601689 0.130982 0.472058
-0.641145 0.103760 0.473739
-0.618599 0.072766 0.509493
-0.605913 0.111271 0.541331
-0.652418 0.126295 0.536862
-0.666501 0.082156 0.549716
-0.636921 0.081224 0.596089
-0.651471 0.126295 0.610050
-0.697509 0.113615 0.601112
-0.689047 0.075125 0.634077
-0.671206 0.105638 0.673746
-0.709729 0.136150 0.667596
-0.740722 0.100004 0.671493
-0.718176 0.085686 0.719547
-0.719108 0.132394 0.737978
-0.767958 0.135685 0.724016
-0.776420 0.094836 0.751940
-0.753874 0.115493 0.798312
-0.780178 0.156808 0.791608
-0.822459 0.131929 0.783796
-0.811186 0.108928 0.833512
-0.802724 0.152586 0.859201
-0.845005 0.171365 0.836855
-0.871308 0.132394 0.854178
-0.851573 0.141318 0.907809
-0.864725 0.189664 0.902785
-0.909816 0.177930 0.886589
-0.912642 0.147884 0.931835
-0.894786 0.185908 0.963120
-0.927673 0.220192 0.937431
-0.967113 0.190145 0.941328
-0.954908 0.187801 1.000000
-0.956787 0.239437 0.996639
-1.000000 0.230978 0.959777
