-0.226620 1.000000 -0.991671
-0.315740 0.915412 -1.000000
-0.370589 0.811846 -0.980040
-0.427093 0.705191 -0.971899
-0.504176 0.603280 -0.944586
-0.542284 0.494456 -0.926990
-0.574336 0.396922 -0.882793
-0.651004 0.317592 -0.864897
-0.691370 0.249812 -0.812934
-0.775638 0.181957 -0.791043
-0.782447 0.111160 -0.730394
-0.817659 0.081665 -0.676312
-0.824054 0.124290 -0.610355
-0.918591 0.143193 -0.576607
-0.889436 0.088468 -0.514871
-0.858099 0.132565 -0.457375
-0.896321 0.212115 -0.421301
-0.916861 0.138155 -0.362566
-0.847340 0.117817 -0.305707
-0.832970 0.133190 -0.249805
-0.791363 0.088763 -0.200037
-0.687834 0.014913 -0.181672
-0.621511 0.018996 -0.137251
-0.579716 -0.022747 -0.091704
-0.544466 -0.033265 -0.039891
-0.452976 -0.025836 -0.011209
-0.399782 -0.042975 0.034732
-0.346212 0.009470 0.077278
-0.255398 -0.007153 0.104873
-0.188135 0.029882 0.143460
-0.103228 0.029514 0.177358
-0.058837 0.041687 0.227126
-0.032691 0.112116 0.266689
0.017794 0.138890 0.312198
0.020314 0.148342 0.367781
0.021895 0.217263 0.409351
0.027876 0.223736 0.468518
-0.006809 0.339586 0.466098
-0.072681 0.427815 0.475533
-0.107817 0.535205 0.464841
-0.156158 0.637631 0.476434
-0.248175 0.621816 0.434057
-0.330374 0.574925 0.466829
-0.409300 0.572203 0.509187
-0.313709 0.553999 0.550345
-0.263599 0.656608 0.560325
-0.363705 0.693128 0.595760
-0.358288 0.628878 0.648661
-0.340795 0.594417 0.702612
-0.326349 0.525680 0.747428
-0.377285 0.431787 0.775229
-0.385900 0.347015 0.811940
-0.426379 0.244221 0.782169
-0.429464 0.255512 0.715518
-0.352156 0.195491 0.680589
-0.406027 0.130542 0.642114
-0.386276 0.204612 0.598612
-0.270597 0.199316 0.601895
-0.264013 0.087365 0.590283
-0.321872 0.088726 0.538151
-0.253856 0.159964 0.508775
-0.152885 0.107188 0.518060
-0.187871 0.000276 0.495531
-0.256941 0.023887 0.446025
-0.311376 0.123223 0.426085
-0.406215 0.160111 0.395770
-0.447145 0.053419 0.378605
-0.458130 0.000827 0.431693
-0.527274 0.077141 0.456774
-0.625574 0.051323 0.424584
-0.662930 -0.035877 0.456043
-0.703822 0.028374 0.501177
-0.796065 0.084018 0.477241
-0.877022 -0.010169 0.476678
-0.895305 -0.020062 0.541303
-0.924987 -0.031941 0.596698
-0.922692 -0.084607 0.646898
-1.000000 -0.166216 0.630746
-0.935106 -0.212115 0.588557
-0.842939 -0.236645 0.619903
-0.901061 -0.306780 0.655621
-0.939433 -0.380703 0.617577
-0.834286 -0.408065 0.594466
-0.786021 -0.438333 0.643577
-0.855767 -0.524393 0.655677
-0.816041 -0.587209 0.609492
-0.707584 -0.593020 0.629133
-0.722858 -0.646494 0.678357
-0.763787 -0.743697 0.654964
-0.646114 -0.760174 0.629921
-0.580280 -0.765139 0.678507
-0.639117 -0.852007 0.700530
-0.614777 -0.970026 0.696628
-0.677752 -1.000000 0.748403
-0.757091 -0.935235 0.780387
-0.739034 -0.869219 0.831018
-0.720713 -0.748074 0.822839
-0.597359 -0.732958 0.800478
-0.480099 -0.688237 0.789955
-0.362501 -0.705743 0.778380
-0.263298 -0.707140 0.750223
-0.291250 -0.794855 0.713136
-0.380107 -0.743146 0.687230
-0.325371 -0.650944 0.669296
-0.249492 -0.707140 0.637256
-0.323715 -0.759254 0.602889
-0.367391 -0.661794 0.582648
-0.275073 -0.616704 0.559086
-0.257957 -0.701329 0.521962
-0.360281 -0.686913 0.494818
-0.344481 -0.581471 0.476622
-0.249831 -0.598978 0.445388
-0.293958 -0.676394 0.409520
-0.376721 -0.609643 0.388960
-0.311865 -0.530571 0.365962
-0.257731 -0.595557 0.328744
-0.351704 -0.632188 0.300605
-0.396697 -0.532006 0.285767
-0.306185 -0.494529 0.256146
-0.306486 -0.576396 0.217033
-0.416673 -0.568710 0.198387
-0.410014 -0.461577 0.178258
-0.314235 -0.479892 0.139971
-0.328944 -0.561023 0.102040
-0.387142 -0.500892 0.060414
-0.290573 -0.432927 0.046926
-0.210819 -0.526011 0.033401
-0.278911 -0.597654 0.000760
-0.297984 -0.598205 -0.059776
-0.302611 -0.717879 -0.068349
-0.318373 -0.802063 -0.027623
-0.234482 -0.867454 0.004455
-0.198480 -0.839907 0.059513
-0.116959 -0.736562 0.047695
-0.012490 -0.659550 0.042086
0.066887 -0.589857 0.016311
0.123542 -0.498207 0.003048
0.046573 -0.461246 -0.037002
-0.040140 -0.443151 0.000760
0.011512 -0.371803 0.034939
0.044128 -0.298321 -0.005712
-0.064630 -0.274820 -0.024377
-0.109924 -0.238925 0.026854
-0.020954 -0.162612 0.043906
0.030622 -0.126276 -0.014041
-0.030886 -0.097221 -0.061295
-0.026522 0.014435 -0.052704
0.091679 0.023299 -0.053810
0.112934 -0.026609 -0.105060
0.041758 0.051139 -0.135638
0.087127 0.159633 -0.103147
0.183282 0.222118 -0.095850
0.132157 0.326566 -0.100277
0.083854 0.331090 -0.046138
0.195847 0.320498 -0.015073
0.288503 0.391037 -0.021732
0.235122 0.461430 0.029480
0.224964 0.384050 0.079811
0.226996 0.312223 0.122075
0.199233 0.221272 0.089790
0.302573 0.193432 0.067655
0.349560 0.161472 0.117854
0.273042 0.080451 0.129335
0.284666 0.013185 0.082474
0.397261 -0.012376 0.086151
0.375103 -0.071367 0.138283
0.291250 -0.149997 0.125133
0.337070 -0.223111 0.087577
0.419118 -0.267980 0.122187
0.347077 -0.300234 0.164301
0.283538 -0.370883 0.133274
0.369084 -0.438076 0.115697
0.398089 -0.474081 0.168128
0.294410 -0.514132 0.183304
0.284365 -0.589636 0.141622
0.382665 -0.647340 0.156667
0.343353 -0.676137 0.210486
0.245805 -0.734429 0.190977
0.303326 -0.808242 0.155766
0.342111 -0.919347 0.156216
0.358852 -0.928762 0.093617
0.361861 -0.844615 0.049102
0.266158 -0.806035 0.013947
0.192198 -0.718357 0.027960
0.103228 -0.773303 0.069287
0.009894 -0.781578 0.109750
-0.058724 -0.815708 0.153421
-0.097058 -0.798054 0.206172
0.007938 -0.798974 0.231140
0.057896 -0.715452 0.200188
-0.023362 -0.636638 0.212343
-0.002408 -0.640021 0.268396
0.110112 -0.607915 0.263256
0.083703 -0.505158 0.239244
0.010834 -0.463085 0.283572
0.073471 -0.531822 0.331633
0.181250 -0.545393 0.354725
0.149725 -0.570549 0.409764
0.119968 -0.685552 0.398209
0.242043 -0.718247 0.378830
0.352193 -0.748809 0.379524
0.377624 -0.710083 0.324729
0.351930 -0.592946 0.341669
0.429087 -0.546055 0.376279
0.496727 -0.503099 0.334146
0.418291 -0.424909 0.316738
0.407607 -0.367353 0.364911
0.518245 -0.335025 0.368719
0.528929 -0.281771 0.319252
0.441878 -0.206488 0.328650
0.488827 -0.158272 0.374253
0.581032 -0.123039 0.346884
0.528779 -0.059157 0.305764
0.475623 0.012192 0.345233
0.579377 0.047167 0.376092
0.662855 0.065630 0.336941
0.721014 0.159523 0.312029
0.832142 0.111969 0.298729
0.864495 -0.005020 0.294283
0.911293 -0.079384 0.337710
0.835904 -0.146540 0.374309
0.782334 -0.065078 0.419388
0.751787 0.000129 0.472419
0.747348 0.097074 0.505267
0.694906 0.182950 0.531829
0.656008 0.235137 0.483375
0.589948 0.147129 0.465235
0.522195 0.141612 0.511513
0.484350 0.250326 0.507912
0.444323 0.255953 0.453098
0.346964 0.194057 0.465779
0.304981 0.274600 0.509112
0.369084 0.383976 0.486864
0.384584 0.494860 0.471538
0.436987 0.590850 0.470150
0.456098 0.698314 0.481424
0.546799 0.771538 0.483450
0.503273 0.806771 0.548244
0.486796 0.722624 0.592628
0.483485 0.640499 0.630015
0.457076 0.544400 0.653745
0.398051 0.473713 0.687286
0.392145 0.385668 0.723041
0.382176 0.305603 0.681433
0.492928 0.311782 0.664287
0.537356 0.271253 0.712742
0.481943 0.170777 0.709647
0.530359 0.139957 0.658547
0.639794 0.142605 0.677588
0.618915 0.059010 0.715762
0.582575 -0.021496 0.679707
0.678692 -0.029624 0.651137
0.749229 -0.055295 0.696703
0.680912 -0.147129 0.720302
0.617373 -0.203766 0.668096
0.681326 -0.192512 0.614932
0.789933 -0.207554 0.636468
0.861109 -0.297181 0.650181
0.969190 -0.239918 0.639826
0.991047 -0.123959 0.635267
1.000000 -0.059855 0.580247
0.897337 0.001453 0.558242
0.835904 -0.100348 0.524626
0.785644 -0.182251 0.487577
0.765969 -0.289605 0.463903
0.705929 -0.384197 0.454711
0.694493 -0.412957 0.511007
0.636859 -0.318880 0.527534
0.550786 -0.335062 0.491985
0.517944 -0.433405 0.513052
0.492852 -0.393759 0.565952
0.411971 -0.316379 0.548150
0.338349 -0.382395 0.510313
0.373448 -0.498869 0.538095
0.364683 -0.563230 0.583680
0.354789 -0.671871 0.600657
0.270860 -0.636380 0.647592
0.173576 -0.580221 0.622661
0.055075 -0.566797 0.630052
-0.036453 -0.506372 0.617802
-0.108908 -0.573197 0.648567
-0.059853 -0.548629 0.699798
-0.069558 -0.437782 0.701337
-0.184900 -0.437634 0.694771
-0.212738 -0.499237 0.740149
-0.163720 -0.430058 0.779112
-0.227221 -0.339622 0.767237
-0.331766 -0.383240 0.777611
-0.306862 -0.410272 0.832200
-0.273945 -0.312738 0.855593
-0.376082 -0.253342 0.840642
-0.463998 -0.339769 0.860451
-0.438267 -0.368640 0.915978
-0.483184 -0.354076 0.972068
-0.437928 -0.454000 1.000000
-0.353736 -0.528622 0.982010
-0.369498 -0.630864 0.945974
-0.349221 -0.632372 0.885551
-0.473441 -0.593939 0.865535
-0.590287 -0.575734 0.837978
-0.695508 -0.532337 0.823289
-0.773155 -0.468859 0.798077
-0.756527 -0.379636 0.832162
-0.649161 -0.353524 0.815561
-0.675119 -0.336643 0.760015
-0.759875 -0.255586 0.768663
-0.687759 -0.182067 0.794682
-0.604958 -0.195601 0.746152
-0.623994 -0.176367 0.690456
-0.532428 -0.117339 0.674980
-0.458280 -0.205642 0.676387
-0.514596 -0.271952 0.636149
-0.508652 -0.197109 0.593059
-0.385599 -0.189239 0.597111
-0.351516 -0.307074 0.584430
-0.346776 -0.415274 0.568766
-0.459108 -0.446498 0.577733
-0.489730 -0.374377 0.523688
-0.425852 -0.302587 0.496581
-0.479347 -0.209356 0.514627
-0.589835 -0.247495 0.490653
-0.610451 -0.322374 0.449946
-0.682605 -0.389162 0.481386
-0.771349 -0.314761 0.479079
-0.796328 -0.320976 0.418787
-0.839779 -0.428698 0.412672
-0.910729 -0.517184 0.407982
-0.922165 -0.624428 0.436346
-0.886201 -0.711076 0.397571
-0.752238 -0.701918 0.410552
-0.723046 -0.721998 0.472570
