-0.000848 0.177526 -0.310730
0.009817 0.133662 -0.316094
0.057976 0.140127 -0.311363
0.055195 0.148994 -0.252382
0.037609 0.106806 -0.233087
0.079779 0.081996 -0.263444
0.118893 0.058039 -0.258006
0.142805 0.020099 -0.264226
0.165723 -0.019090 -0.259663
0.206472 -0.034977 -0.235508
0.238986 -0.066195 -0.223030
0.270216 -0.069634 -0.178109
0.308169 -0.087225 -0.144084
0.310308 -0.116624 -0.097505
0.364915 -0.128930 -0.097598
0.387711 -0.101292 -0.046048
0.379094 -0.113513 0.020421
0.392891 -0.130848 0.072624
0.400897 -0.109420 0.126186
0.376191 -0.075630 0.170157
0.348750 -0.053676 0.210552
0.307252 -0.038728 0.253424
0.275105 -0.008021 0.275717
0.228550 0.023623 0.268286
0.173836 0.030060 0.265455
0.134967 0.016121 0.309799
0.124394 0.045833 0.365131
0.087480 0.080930 0.390794
0.057166 0.074252 0.436311
0.053438 0.105953 0.486465
0.039641 0.113186 0.537904
0.046242 0.151367 0.579976
0.038373 0.163374 0.634618
0.050703 0.190656 0.679893
0.068045 0.181988 0.742786
0.090627 0.197789 0.792921
0.124042 0.177299 0.841269
0.157106 0.170223 0.885202
0.189024 0.131658 0.913716
0.220223 0.103296 0.942396
0.249544 0.058437 0.955917
0.281140 0.022060 0.963832
0.292004 -0.026621 0.958506
0.327237 -0.065243 0.934351
0.361095 -0.100838 0.920476
0.371959 -0.146862 0.884625
0.407161 -0.177171 0.867547
0.433686 -0.211288 0.824060
0.470172 -0.237306 0.796832
0.487483 -0.282605 0.764091
0.509652 -0.318953 0.731164
0.528125 -0.361767 0.707046
0.529485 -0.414882 0.722877
0.518178 -0.461631 0.736230
0.510523 -0.503577 0.761726
0.486367 -0.550128 0.771541
0.477139 -0.594987 0.778897
0.447819 -0.639519 0.787278
0.431821 -0.682773 0.767034
0.436543 -0.729323 0.731481
0.450905 -0.760584 0.681550
0.470890 -0.790296 0.636834
0.493839 -0.801579 0.573979
0.531119 -0.815774 0.537792
0.551318 -0.820818 0.470598
0.579325 -0.832825 0.421989
0.592969 -0.847490 0.356061
0.617247 -0.859596 0.304081
0.612128 -0.882118 0.240351
0.607591 -0.899724 0.178966
0.581097 -0.919830 0.124324
0.549592 -0.933073 0.076311
0.509469 -0.941031 0.035246
0.460072 -0.933471 0.009005
0.420026 -0.929421 -0.019471
0.375228 -0.899411 -0.040516
0.338650 -0.879063 -0.070855
0.298727 -0.839717 -0.068731
0.284028 -0.796208 -0.093725
0.245586 -0.761337 -0.105420
0.233271 -0.712926 -0.082792
0.256282 -0.669743 -0.083444
0.251515 -0.625367 -0.081954
0.267787 -0.581928 -0.075753
0.278100 -0.545041 -0.033365
0.308612 -0.512188 -0.027610
0.326916 -0.473538 -0.016138
0.349346 -0.434960 -0.010737
0.397138 -0.427159 -0.006211
0.420286 -0.398896 -0.047947
0.442318 -0.353170 -0.070519
0.478208 -0.334840 -0.087672
0.497536 -0.311806 -0.136150
0.542594 -0.310740 -0.157605
0.569684 -0.315998 -0.205244
0.597705 -0.325376 -0.247930
0.640670 -0.344360 -0.268435
0.695414 -0.333419 -0.264208
0.740731 -0.360104 -0.240257
0.774009 -0.366683 -0.193809
0.795216 -0.386932 -0.133151
0.813429 -0.395756 -0.078043
0.808784 -0.405262 -0.007831
0.806538 -0.410065 0.053646
0.782794 -0.418121 0.117787
0.767790 -0.415436 0.175763
0.756713 -0.408885 0.236514
0.727546 -0.389958 0.291920
0.706843 -0.376999 0.348499
0.703023 -0.354804 0.410834
0.709471 -0.330577 0.473242
0.722259 -0.297227 0.519131
0.716132 -0.263266 0.573681
0.722213 -0.224062 0.610370
0.714589 -0.180894 0.652292
0.699417 -0.132411 0.678664
0.692526 -0.092369 0.710157
0.669776 -0.042039 0.717401
0.647285 0.002281 0.713788
0.618973 0.043303 0.685014
0.587850 0.066834 0.645737
0.561020 0.079381 0.590349
0.563541 0.080561 0.529617
0.567942 0.054145 0.470281
0.569913 0.037776 0.415247
0.575505 0.015368 0.361890
0.594787 0.008860 0.311401
0.604428 0.007353 0.251450
0.625177 -0.009712 0.200086
0.626139 -0.016831 0.139856
0.596834 -0.023552 0.085288
0.592189 -0.026408 0.026753
0.576253 0.000419 -0.027610
0.575337 0.004696 -0.086797
0.558927 0.042025 -0.127862
0.572403 0.071339 -0.175018
0.563984 0.094415 -0.226196
0.518041 0.115814 -0.253071
0.502792 0.161825 -0.239159
0.533488 0.201256 -0.242287
0.507315 0.229107 -0.291268
0.475260 0.265000 -0.261470
0.478285 0.305554 -0.250780
0.463709 0.345681 -0.254579
0.465970 0.380267 -0.290300
0.459400 0.421134 -0.297619
0.435137 0.446356 -0.344141
0.406489 0.477986 -0.364386
0.366932 0.489595 -0.394184
0.316481 0.472132 -0.416160
0.272386 0.473283 -0.435790
0.231025 0.449439 -0.447299
0.191942 0.454057 -0.478755
0.148748 0.443500 -0.497546
0.125265 0.441880 -0.550457
0.089237 0.443556 -0.587965
0.062621 0.442533 -0.640354
0.052949 0.485190 -0.680470
0.069313 0.501588 -0.741724
0.082300 0.520757 -0.798154
0.124883 0.543179 -0.834881
0.154356 0.559776 -0.875090
0.204272 0.567236 -0.909060
0.251698 0.544046 -0.936269
0.295457 0.532536 -0.959474
0.346015 0.510000 -0.957538
0.386061 0.484679 -0.971394
0.434770 0.467769 -0.973666
0.486704 0.460778 -0.967241
0.534267 0.445560 -0.969494
0.582258 0.444935 -0.939323
0.632098 0.437446 -0.939342
0.671075 0.429418 -0.893397
0.719295 0.416672 -0.877026
0.754681 0.386434 -0.839984
0.793062 0.351479 -0.833000
0.826049 0.319621 -0.812644
0.828631 0.318030 -0.746976
0.815675 0.285177 -0.695444
0.797554 0.254087 -0.656110
0.748646 0.245803 -0.643539
0.713183 0.222244 -0.622773
0.672419 0.212553 -0.600723
0.651869 0.211387 -0.545019
0.615536 0.179530 -0.561519
0.589836 0.143836 -0.556249
0.553686 0.119338 -0.568615
0.505680 0.105157 -0.554684
0.489973 0.092681 -0.615137
0.480439 0.083971 -0.669147
0.481600 0.126713 -0.687324
0.530936 0.131303 -0.685517
0.536513 0.101179 -0.735671
0.534435 0.079779 -0.784056
0.506505 0.055410 -0.817356
0.541341 0.036369 -0.846614
0.561708 0.016987 -0.801805
0.524152 -0.004512 -0.782585
0.507941 -0.027559 -0.827878
0.546719 -0.054103 -0.836948
0.578102 -0.074337 -0.801320
0.623939 -0.061165 -0.789252
0.604749 -0.054714 -0.729172
0.594970 -0.080234 -0.672685
0.566597 -0.095609 -0.622624
0.547942 -0.130848 -0.593403
0.568721 -0.143637 -0.539003
0.615245 -0.159793 -0.530604
0.659157 -0.182471 -0.506411
0.698241 -0.198855 -0.479612
0.721465 -0.211302 -0.431245
0.710296 -0.167580 -0.405321
0.673810 -0.140127 -0.427465
0.673550 -0.119580 -0.480897
0.661816 -0.104546 -0.533341
0.652495 -0.110614 -0.595117
0.664581 -0.099701 -0.653372
0.657904 -0.100895 -0.716861
0.679692 -0.103069 -0.776849
0.675643 -0.100269 -0.839667
0.695811 -0.099857 -0.895278
0.658546 -0.105285 -0.935338
0.645635 -0.062543 -0.952342
0.638148 -0.023893 -0.978899
0.648034 0.005293 -0.936921
0.694222 0.010124 -0.950367
0.681067 0.037662 -1.000000
0.660777 0.073925 -0.969289
0.657614 0.110216 -0.935524
0.637812 0.089896 -0.886469
0.680593 0.081044 -0.858477
0.697324 0.104106 -0.814618
0.713810 0.111140 -0.763495
0.672251 0.128177 -0.743531
0.646078 0.090990 -0.747181
0.673932 0.066422 -0.714272
0.670815 0.091360 -0.668104
0.624122 0.087154 -0.662237
0.623221 0.043446 -0.657004
0.651487 0.041627 -0.610072
0.623343 0.066195 -0.577219
0.587896 0.038188 -0.580572
0.610280 0.003432 -0.558037
0.618790 0.024518 -0.507044
0.571150 0.030032 -0.489948
0.556024 -0.012583 -0.476296
0.576697 -0.022614 -0.426105
0.594741 -0.018011 -0.375038
0.632633 -0.011190 -0.344737
0.650418 -0.052113 -0.348388
0.656942 -0.049087 -0.407835
0.680731 -0.011332 -0.412230
0.720013 -0.024035 -0.383158
0.734605 -0.051872 -0.427967
0.718928 -0.048433 -0.486074
0.724887 -0.066323 -0.541741
0.723298 -0.094614 -0.591709
0.737156 -0.102543 -0.651324
0.724276 -0.125235 -0.703452
0.743451 -0.135495 -0.760199
0.737859 -0.148212 -0.817560
0.775659 -0.163217 -0.859632
0.769104 -0.193299 -0.900455
0.755460 -0.159239 -0.945786
0.777538 -0.117150 -0.915205
0.790235 -0.081513 -0.887903
0.785972 -0.043730 -0.861997
0.781282 -0.000931 -0.861327
0.793047 0.037790 -0.840542
0.755949 0.041243 -0.804840
0.773230 0.013051 -0.766550
0.812711 0.033755 -0.754425
0.791977 0.071694 -0.738558
0.765208 0.055794 -0.695444
0.801099 0.038614 -0.665683
0.822428 0.078685 -0.660729
0.788448 0.101463 -0.632923
0.787271 0.076042 -0.583570
0.829197 0.089498 -0.559154
0.815384 0.130678 -0.535539
0.798379 0.117179 -0.482107
0.799601 0.105740 -0.425416
0.779586 0.062529 -0.451322
0.769242 0.025669 -0.480766
0.740640 0.008320 -0.520379
0.779112 -0.023964 -0.530101
0.804429 -0.063609 -0.527922
0.797447 -0.086145 -0.589567
0.807837 -0.112916 -0.642142
0.793352 -0.142315 -0.687212
0.809884 -0.164084 -0.738968
0.796790 -0.187857 -0.787948
0.823436 -0.219117 -0.828940
0.851061 -0.246115 -0.859110
0.892390 -0.267728 -0.867919
0.905179 -0.233441 -0.910587
0.919037 -0.196936 -0.881087
0.948067 -0.160304 -0.869000
0.934652 -0.141306 -0.819684
0.950191 -0.106578 -0.777165
0.955324 -0.078770 -0.735895
0.977020 -0.053648 -0.699597
1.000000 -0.047296 -0.647841
0.978472 -0.004199 -0.636518
0.936058 -0.011403 -0.607707
0.905301 -0.010423 -0.562618
0.884109 -0.049655 -0.584781
0.871428 -0.089854 -0.597929
0.880198 -0.118855 -0.645979
0.863651 -0.160020 -0.669985
0.867669 -0.196212 -0.705705
0.838394 -0.229192 -0.737534
0.831549 -0.269561 -0.771839
0.783451 -0.281454 -0.737385
0.750479 -0.295977 -0.701459
0.780946 -0.313227 -0.663653
0.795201 -0.271536 -0.647264
0.753978 -0.259174 -0.625213
0.753092 -0.288019 -0.581130
0.780930 -0.262385 -0.546788
0.745468 -0.226421 -0.543734
0.700914 -0.252140 -0.561054
0.665039 -0.279195 -0.567870
0.627988 -0.294541 -0.596867
0.597125 -0.267572 -0.565784
0.621540 -0.228013 -0.590759
0.604871 -0.235771 -0.650988
0.587545 -0.238556 -0.706097
0.586903 -0.256375 -0.759063
0.628813 -0.236652 -0.778096
0.653290 -0.264432 -0.732617
0.631747 -0.298932 -0.706190
0.589668 -0.291032 -0.669929
0.547651 -0.282833 -0.630670
0.527804 -0.241938 -0.637803
0.492632 -0.212965 -0.648418
0.485649 -0.179544 -0.699653
0.464885 -0.135779 -0.717587
0.463678 -0.094401 -0.737720
0.417505 -0.087495 -0.732431
0.414312 -0.093548 -0.675870
0.444259 -0.061577 -0.661623
0.419476 -0.028554 -0.682239
0.378865 -0.035105 -0.655346
0.396145 -0.031964 -0.602697
0.414327 0.008490 -0.605528
0.375442 0.030131 -0.619179
0.350354 0.018209 -0.572582
0.380041 0.030799 -0.530697
0.386229 0.073413 -0.545335
0.341370 0.084582 -0.543715
0.335213 0.074110 -0.488756
0.367849 0.100894 -0.466947
0.350430 0.138621 -0.487173
0.309819 0.136319 -0.459516
0.329147 0.137569 -0.407071
0.351103 0.176290 -0.411076
0.313012 0.200347 -0.422362
0.290277 0.189633 -0.373716
0.321294 0.206244 -0.337232
0.319705 0.247210 -0.355334
0.273745 0.253021 -0.347009
0.273822 0.244979 -0.289853
0.304777 0.276751 -0.275457
0.279231 0.310271 -0.295682
0.241369 0.301490 -0.262848
0.263600 0.307216 -0.212694
0.274998 0.348935 -0.221280
0.231148 0.364381 -0.229456
0.213913 0.354633 -0.175968
0.248963 0.380182 -0.145778
0.237626 0.421972 -0.146561
0.230643 0.459698 -0.113950
0.185846 0.478569 -0.095289
0.156342 0.506462 -0.063070
0.112583 0.520487 -0.048823
0.074875 0.554575 -0.034873
0.031910 0.533289 -0.066087
0.000894 0.511293 -0.097207
0.024530 0.519208 -0.147157
0.063125 0.495933 -0.135777
0.039687 0.458221 -0.130842
0.021918 0.456842 -0.184218
0.063843 0.457212 -0.210627
0.079397 0.419642 -0.186174
0.046196 0.394406 -0.209156
0.054767 0.403002 -0.264729
0.099581 0.389603 -0.262513
0.090765 0.348438 -0.245584
0.063140 0.336616 -0.289462
0.093209 0.346250 -0.331943
0.127694 0.319891 -0.316075
0.103859 0.283032 -0.315982
0.093255 0.284396 -0.371053
0.136968 0.283188 -0.392135
0.151529 0.245107 -0.369191
0.113591 0.219132 -0.392843
0.123370 0.233725 -0.450465
0.161583 0.215153 -0.470151
0.178451 0.184958 -0.506281
0.208015 0.165477 -0.469015
0.176953 0.153853 -0.429215
0.149298 0.130692 -0.463837
0.181476 0.101747 -0.481269
0.192736 0.085619 -0.429737
0.147373 0.072547 -0.415862
0.139092 0.045463 -0.464210
0.188153 0.028028 -0.478829
0.219979 0.013975 -0.440427
0.203584 -0.027289 -0.439049
0.212187 -0.034479 -0.496224
0.258008 -0.026607 -0.496112
0.268291 -0.057527 -0.457207
0.250521 -0.091857 -0.485795
0.280774 -0.086145 -0.530492
0.321630 -0.089015 -0.502687
0.312829 -0.130734 -0.483336
0.311286 -0.147587 -0.539804
0.355121 -0.129285 -0.557813
0.391775 -0.149022 -0.534924
0.435993 -0.168034 -0.545223
0.462624 -0.179004 -0.496596
0.490416 -0.144432 -0.471212
0.506383 -0.114095 -0.436404
0.492861 -0.079253 -0.467152
0.446016 -0.087822 -0.463148
0.442547 -0.085889 -0.406308
0.459721 -0.045563 -0.397443
0.427941 -0.024803 -0.431376
0.389606 -0.040916 -0.400516
0.401325 -0.022273 -0.350585
0.400744 0.019048 -0.370867
0.355350 0.017584 -0.387628
0.338605 0.009954 -0.334885
0.353990 0.046259 -0.308030
0.329483 0.073314 -0.341292
0.286671 0.058536 -0.325834
0.291209 0.066706 -0.270652
0.297031 0.110386 -0.278809
0.254204 0.118841 -0.295719
0.233562 0.107218 -0.245621
0.255762 0.136219 -0.212638
0.240682 0.172539 -0.241114
0.195502 0.164780 -0.231337
0.196969 0.163573 -0.174776
0.214738 0.203956 -0.167699
0.180529 0.226094 -0.193064
0.145601 0.212808 -0.160193
0.161506 0.226322 -0.110095
0.167465 0.269050 -0.123113
0.124990 0.279295 -0.140713
0.100895 0.268481 -0.092682
0.123003 0.296019 -0.059159
0.110230 0.331245 -0.090112
0.064042 0.326200 -0.082923
0.063996 0.330150 -0.026176
0.081613 0.370477 -0.026045
0.046761 0.389020 -0.057594
0.011329 0.378079 -0.022954
0.028335 0.399535 0.022824
0.029206 0.438796 -0.002505
-0.017716 0.440274 -0.011910
-0.030000 0.439677 0.042528
-0.005477 0.475158 0.058432
-0.025126 0.503123 0.021371
-0.070214 0.497510 0.039976
-0.060390 0.511776 0.094619
-0.042941 0.552913 0.077447
-0.082758 0.564834 0.045079
-0.116999 0.559804 0.088789
-0.143783 0.594077 0.115105
-0.186334 0.564209 0.136038
-0.217870 0.539627 0.169021
-0.214341 0.497567 0.143972
-0.182499 0.478512 0.180884
-0.210918 0.483030 0.228357
-0.249162 0.459528 0.209658
-0.227756 0.419784 0.204965
-0.216587 0.416999 0.261284
-0.263722 0.421574 0.280075
-0.281690 0.385113 0.253387
-0.253730 0.354704 0.278306
-0.272370 0.366243 0.333042
-0.321874 0.356026 0.321737
-0.321477 0.310328 0.308365
-0.300071 0.300183 0.370233
-0.306824 0.292041 0.428899
-0.264181 0.261590 0.432232
-0.226778 0.291927 0.443220
-0.194585 0.313014 0.474564
-0.160253 0.340694 0.485143
-0.126747 0.310357 0.472069
-0.131529 0.310001 0.413944
-0.119428 0.353823 0.410517
-0.076402 0.349774 0.436088
-0.058801 0.320161 0.398542
-0.062468 0.346164 0.353081
-0.034981 0.378932 0.374331
0.003400 0.353269 0.380886
0.007647 0.341191 0.325946
0.013636 0.381702 0.304230
0.051452 0.393255 0.334606
0.079535 0.360687 0.314678
0.078114 0.371727 0.258602
0.095791 0.412153 0.264487
0.136128 0.400701 0.290337
0.149558 0.373887 0.245975
0.151437 0.406597 0.206250
0.182179 0.432984 0.233404
0.216801 0.402974 0.236514
0.220330 0.396580 0.178277
0.231560 0.437986 0.165185
0.271301 0.437858 0.199769
0.291637 0.405006 0.165948
0.290231 0.422356 0.112889
0.316206 0.457666 0.127453
0.355534 0.432260 0.138441
0.360102 0.413688 0.085512
0.365526 0.450164 0.055210
0.406825 0.461020 0.080800
0.431271 0.425198 0.059494
0.426489 0.435400 0.003306
0.445924 0.474760 0.004460
0.488919 0.459144 0.021501
0.499584 0.435173 -0.024369
0.495474 0.469815 -0.059978
0.527941 0.496146 -0.036233
0.564214 0.467741 -0.041056
0.560149 0.463094 -0.098753
0.567529 0.505950 -0.110617
0.613794 0.505836 -0.089888
0.630326 0.473496 -0.130246
0.628935 0.488359 -0.184870
0.670784 0.515016 -0.179469
0.703542 0.482249 -0.158387
0.741969 0.459542 -0.165482
0.770174 0.430540 -0.137249
0.810403 0.445475 -0.171200
0.822627 0.489396 -0.153805
0.825239 0.480245 -0.085046
0.844063 0.461133 -0.035395
0.846309 0.504430 0.000847
0.802626 0.516025 0.026474
0.768050 0.521794 0.064932
0.733932 0.514845 0.024239
0.743375 0.470810 0.014257
0.733779 0.459343 0.070482
0.689409 0.474178 0.073592
0.671946 0.450192 0.029454
0.682412 0.411031 0.052193
0.657308 0.414953 0.099684
0.615291 0.421503 0.074002
0.614680 0.383322 0.044688
0.618805 0.355358 0.089385
0.578790 0.370946 0.116129
0.548324 0.363187 0.072885
0.558988 0.319522 0.066850
0.544977 0.307330 0.119873
0.500271 0.321454 0.115291
0.492387 0.294371 0.069719
0.503358 0.255025 0.091955
0.470095 0.258137 0.137305
0.427070 0.265327 0.105867
0.419552 0.229092 0.063461
0.397887 0.191409 0.086052
0.348276 0.214315 0.103837
0.313012 0.235956 0.076255
0.283264 0.199125 0.071693
0.281522 0.189647 0.133729
0.264777 0.227402 0.160510
0.217458 0.225014 0.149820
0.210139 0.186279 0.191370
0.242943 0.199309 0.245975
0.256022 0.218720 0.298923
0.287603 0.181960 0.321383
0.334464 0.179942 0.294620
0.361386 0.210450 0.331757
0.401371 0.211231 0.367384
0.432815 0.249682 0.378000
0.445206 0.286172 0.339951
0.428292 0.327351 0.353975
0.463342 0.343209 0.387535
0.496879 0.346463 0.343285
0.471990 0.376814 0.310246
0.471073 0.413319 0.344905
0.517964 0.424985 0.338647
0.516727 0.433141 0.281137
0.483128 0.465894 0.281975
0.509927 0.496643 0.311475
0.542059 0.504444 0.265847
0.522869 0.524323 0.218821
0.534206 0.566511 0.229064
0.582518 0.559023 0.231337
0.589149 0.544344 0.177178
0.573564 0.580635 0.149969
0.605161 0.608926 0.170809
0.643588 0.588493 0.149671
0.629608 0.593552 0.093352
0.627270 0.637985 0.093650
0.673367 0.643313 0.109406
0.694956 0.620905 0.066441
0.675078 0.647661 0.024816
0.694879 0.686908 0.045191
0.743191 0.675597 0.039473
0.748676 0.665324 -0.022209
0.752038 0.710155 -0.050964
0.772038 0.732663 -0.102571
0.747958 0.766325 -0.142873
0.723176 0.794900 -0.186174
0.702733 0.779213 -0.248657
0.649837 0.767405 -0.249700
0.601861 0.765245 -0.253387
0.561586 0.744556 -0.236290
0.531410 0.715270 -0.220330
0.488904 0.707654 -0.202693
0.457582 0.702183 -0.160547
0.425725 0.672826 -0.132928
0.396665 0.658105 -0.091080
0.362302 0.643924 -0.059047
0.318711 0.652280 -0.038021
0.307665 0.682389 0.016138
0.262760 0.715796 0.020440
0.241048 0.751902 0.042919
0.194524 0.779852 0.047705
0.182163 0.816030 0.077708
0.172354 0.862125 0.070519
0.157732 0.886423 0.009992
0.103630 0.900761 0.003529
0.093698 0.945805 0.015151
0.061490 0.975759 -0.029510
0.017792 0.980419 -0.065305
-0.040207 0.988647 -0.057445
-0.088748 0.993904 -0.028150
-0.137121 1.000000 -0.000270
-0.177198 0.984625 0.044856
-0.204318 0.979354 0.099610
-0.232645 0.982778 0.146263
-0.272141 0.962345 0.192431
-0.301507 0.942736 0.239699
-0.339017 0.924917 0.272402
-0.369025 0.891823 0.314027
-0.396512 0.858161 0.343285
-0.416481 0.814126 0.372990
-0.424778 0.779000 0.410256
-0.436588 0.732279 0.435622
-0.438697 0.694169 0.466966
-0.448919 0.642717 0.476520
-0.454740 0.594845 0.480599
-0.473655 0.547726 0.484919
-0.511104 0.509233 0.465327
-0.535795 0.469446 0.447727
-0.571593 0.434164 0.424969
-0.610524 0.412153 0.382376
-0.636987 0.383450 0.346097
-0.651777 0.357347 0.285793
-0.676331 0.323060 0.255715
-0.695567 0.308964 0.192468
-0.706797 0.305838 0.122517
-0.710662 0.292069 0.064709
-0.690082 0.282691 -0.001313
-0.665681 0.268481 -0.055751
-0.628019 0.266677 -0.100616
-0.582900 0.252083 -0.139986
-0.527880 0.254428 -0.147566
-0.478590 0.248815 -0.157437
-0.427009 0.256503 -0.128514
-0.389315 0.236268 -0.083444
-0.345480 0.229576 -0.063256
-0.319842 0.207338 -0.016696
-0.282974 0.190542 0.011351
-0.262470 0.151196 0.037276
-0.241262 0.118685 0.070463
-0.236327 0.072788 0.065752
-0.232309 0.028042 0.047873
-0.246182 -0.006416 0.088249
-0.275090 -0.039907 0.048171
-0.267237 -0.089328 0.018838
-0.270445 -0.137995 0.037611
-0.268169 -0.183835 0.059140
-0.261843 -0.228396 0.079310
-0.301232 -0.252581 0.046252
-0.290949 -0.271593 -0.006937
-0.294754 -0.318087 0.010159
-0.348368 -0.326527 0.005168
-0.358162 -0.323827 -0.062511
-0.354128 -0.367820 -0.102087
-0.400958 -0.392630 -0.123244
-0.442471 -0.409027 -0.156226
-0.499400 -0.413844 -0.160473
-0.550707 -0.411145 -0.168239
-0.603771 -0.397830 -0.176210
-0.645207 -0.370022 -0.181890
-0.686430 -0.344644 -0.219492
-0.714070 -0.315515 -0.258472
-0.719738 -0.292268 -0.322165
-0.735155 -0.284865 -0.381333
-0.715445 -0.288431 -0.447765
-0.703176 -0.294385 -0.504884
-0.679539 -0.323500 -0.558037
-0.649883 -0.352360 -0.595061
-0.626552 -0.396125 -0.627485
-0.593030 -0.428239 -0.652646
-0.561494 -0.473467 -0.664062
-0.533717 -0.514689 -0.674268
-0.504885 -0.557275 -0.682388
-0.476604 -0.596493 -0.698964
-0.439904 -0.640116 -0.701888
-0.405481 -0.680187 -0.708834
-0.362211 -0.712244 -0.720530
-0.324487 -0.752286 -0.713229
-0.273990 -0.773543 -0.692203
-0.243539 -0.806254 -0.667210
-0.205219 -0.821444 -0.617689
-0.186304 -0.834999 -0.560644
-0.156709 -0.849521 -0.513172
-0.115165 -0.851156 -0.467096
-0.086899 -0.870196 -0.424131
-0.041658 -0.882985 -0.404632
-0.001092 -0.889663 -0.360288
0.025524 -0.912427 -0.322426
0.073270 -0.907425 -0.288270
0.102988 -0.915212 -0.243088
0.114508 -0.910764 -0.178668
0.130582 -0.934679 -0.124827
0.141384 -0.922374 -0.063926
0.121674 -0.918935 0.001797
0.106639 -0.921549 0.055993
0.067999 -0.904597 0.102403
0.032537 -0.908278 0.144158
-0.001245 -0.887859 0.190625
-0.043553 -0.891809 0.222099
-0.081994 -0.899837 0.253816
-0.115119 -0.903518 0.304063
-0.155945 -0.922700 0.329671
-0.177809 -0.947880 0.377087
-0.179001 -0.976014 0.436106
-0.192629 -0.991517 0.492630
-0.181690 -1.000000 0.555858
-0.182652 -0.987368 0.625306
-0.170337 -0.970970 0.684269
-0.161506 -0.930132 0.729134
-0.171453 -0.892931 0.768598
-0.175731 -0.839490 0.772677
-0.195166 -0.795881 0.776905
-0.198970 -0.745963 0.768040
-0.174371 -0.700990 0.742990
-0.167327 -0.670866 0.693134
-0.172721 -0.639107 0.650560
-0.147877 -0.615008 0.610705
-0.145295 -0.582269 0.571353
-0.123767 -0.565417 0.526525
-0.116021 -0.528302 0.496913
-0.106823 -0.515442 0.446014
-0.109772 -0.480288 0.416179
-0.129573 -0.455734 0.376119
-0.140895 -0.457951 0.322128
-0.151178 -0.428565 0.283670
-0.165295 -0.430171 0.233255
-0.176495 -0.409880 0.184833
-0.210827 -0.428466 0.154979
-0.243585 -0.433695 0.118774
-0.284120 -0.456828 0.117992
-0.316633 -0.476338 0.088193
-0.359002 -0.486284 0.066795
-0.392509 -0.520018 0.070538
-0.435320 -0.534795 0.059122
-0.472219 -0.555485 0.106910
-0.519171 -0.552614 0.143376
-0.553335 -0.551051 0.189340
-0.576681 -0.561111 0.240015
-0.586078 -0.567051 0.308551
-0.600684 -0.571868 0.364367
-0.592067 -0.568785 0.431003
-0.601754 -0.564365 0.489631
-0.604199 -0.539868 0.549712
-0.630326 -0.517730 0.599326
-0.661113 -0.499243 0.643129
-0.684169 -0.490547 0.695108
-0.722656 -0.474519 0.725801
-0.769074 -0.443471 0.728855
-0.819846 -0.428992 0.737832
-0.858395 -0.396480 0.707288
-0.899373 -0.377809 0.681923
-0.937158 -0.361894 0.634860
-0.947777 -0.345724 0.568839
-0.977372 -0.351379 0.517772
-0.994744 -0.334726 0.455177
-1.000000 -0.312687 0.391334
-0.987853 -0.297895 0.326225
-0.975691 -0.291970 0.268007
-0.936363 -0.279948 0.218989
-0.896271 -0.268609 0.179823
-0.840747 -0.262215 0.174590
-0.805529 -0.266449 0.135032
-0.763329 -0.232943 0.155910
-0.746980 -0.228624 0.215692
-0.714008 -0.260552 0.231113
-0.670204 -0.244041 0.216084
-0.665437 -0.210606 0.255771
-0.666613 -0.235402 0.303746
-0.629760 -0.261604 0.294937
-0.595887 -0.230940 0.296259
-0.605879 -0.215721 0.349058
-0.595826 -0.253647 0.375783
-0.550463 -0.260652 0.360475
-0.532968 -0.224517 0.383438
-0.544504 -0.235501 0.437801
-0.518285 -0.271948 0.440818
-0.476711 -0.253533 0.432251
-0.480027 -0.226009 0.477190
-0.485481 -0.256943 0.516952
-0.444014 -0.275387 0.506653
-0.416038 -0.242194 0.518107
-0.430752 -0.237945 0.573662
-0.425221 -0.277845 0.594539
-0.378574 -0.280716 0.578672
-0.364548 -0.246925 0.612791
-0.375305 -0.263039 0.663392
-0.347405 -0.297994 0.655700
-0.306565 -0.277490 0.649201
-0.305327 -0.257412 0.699131
-0.307970 -0.292879 0.731444
-0.267756 -0.310939 0.711721
-0.239169 -0.278414 0.729246
-0.250598 -0.277774 0.784019
-0.236663 -0.318300 0.795733
-0.190720 -0.309646 0.788284
-0.186319 -0.277320 0.825587
-0.202790 -0.296815 0.874531
-0.178313 -0.340523 0.868981
-0.132461 -0.333390 0.837972
-0.108183 -0.301319 0.862872
-0.098099 -0.317788 0.914367
-0.069603 -0.350271 0.895818
-0.031925 -0.321142 0.886599
-0.025279 -0.313127 0.948654
-0.005768 -0.347500 0.975789
0.027693 -0.373404 1.000000
0.016876 -0.410690 0.962287
0.035623 -0.409042 0.909637
0.064057 -0.422455 0.868683
0.097778 -0.413816 0.831249
0.067693 -0.409795 0.785490
0.044286 -0.369823 0.810446
0.071681 -0.335664 0.820578
0.056234 -0.304247 0.780052
0.013514 -0.320346 0.747646
-0.023812 -0.296247 0.737441
-0.013652 -0.289412 0.680731
-0.022162 -0.333078 0.666670
-0.066929 -0.337909 0.684437
-0.085845 -0.295621 0.667471
-0.072583 -0.258535 0.644768
-0.117564 -0.233782 0.638902
-0.155333 -0.237192 0.672462
-0.158374 -0.195359 0.688311
-0.167801 -0.179018 0.636164
-0.207251 -0.201910 0.630092
-0.230750 -0.186677 0.674268
-0.230414 -0.144205 0.661828
-0.252859 -0.146521 0.612102
-0.292279 -0.166571 0.629552
-0.303646 -0.137569 0.672629
-0.296725 -0.095694 0.645886
-0.310736 -0.106223 0.583700
-0.336022 -0.140283 0.562208
-0.375717 -0.137228 0.591001
-0.388399 -0.097214 0.572899
-0.392035 -0.109449 0.516952
-0.425465 -0.139303 0.525519
-0.457292 -0.112887 0.549470
-0.462288 -0.087495 0.502519
-0.478101 -0.123417 0.467729
-0.521127 -0.138919 0.477488
-0.541035 -0.112276 0.431841
-0.497445 -0.122322 0.392098
-0.472540 -0.151651 0.361834
-0.450477 -0.122294 0.326076
-0.419659 -0.104561 0.366918
-0.384105 -0.132283 0.376864
-0.352019 -0.113484 0.344942
-0.340530 -0.083289 0.384741
-0.321125 -0.110116 0.423777
-0.284655 -0.120901 0.388950
-0.267603 -0.081314 0.373884
-0.256526 -0.066962 0.426440
-0.225754 -0.107573 0.434821
-0.187480 -0.119509 0.406811
-0.157870 -0.116909 0.452011
-0.178741 -0.147573 0.485292
-0.168748 -0.181221 0.450521
-0.123446 -0.185839 0.466519
-0.130245 -0.215736 0.507994
-0.129558 -0.251544 0.472590
-0.083400 -0.251941 0.463111
-0.070978 -0.259757 0.516729
-0.094875 -0.296602 0.523415
-0.077258 -0.319934 0.479500
-0.032246 -0.318612 0.499334
-0.042193 -0.339088 0.551574
-0.060558 -0.379273 0.547216
-0.019947 -0.402022 0.548687
-0.007968 -0.388367 0.602287
-0.044912 -0.405986 0.627653
-0.038572 -0.447947 0.611320
0.004362 -0.452167 0.635214
-0.008869 -0.441766 0.689931
-0.041154 -0.473240 0.694829
-0.014232 -0.508224 0.682984
0.020848 -0.499940 0.725968
-0.005783 -0.472359 0.773887
-0.056142 -0.468522 0.775154
-0.078572 -0.505851 0.787613
-0.065081 -0.506192 0.843112
-0.081735 -0.466249 0.861084
-0.128259 -0.467556 0.842796
-0.147923 -0.500835 0.872277
-0.157259 -0.476849 0.919359
-0.185479 -0.448160 0.892987
-0.216327 -0.475926 0.872520
-0.229528 -0.489155 0.925896
-0.243508 -0.450704 0.947071
-0.276740 -0.443997 0.903193
-0.292661 -0.473382 0.863133
-0.277810 -0.480444 0.807559
-0.280606 -0.494796 0.750663
-0.236679 -0.469943 0.736826
-0.194081 -0.451485 0.724329
-0.165448 -0.422498 0.701925
-0.171514 -0.433127 0.647189
-0.216190 -0.417056 0.644843
-0.203722 -0.375223 0.654899
-0.171713 -0.371472 0.610333
-0.206686 -0.372282 0.567907
-0.231881 -0.334967 0.565039
-0.209085 -0.313284 0.524104
-0.216281 -0.341731 0.481921
-0.263875 -0.339259 0.486074
-0.272218 -0.296673 0.476017
-0.258665 -0.295749 0.421635
-0.289330 -0.325589 0.404110
-0.327894 -0.302371 0.418786
-0.323158 -0.269661 0.382264
-0.329193 -0.291955 0.334774
-0.373166 -0.305909 0.346320
-0.394021 -0.266606 0.354161
-0.383204 -0.250819 0.301791
-0.405587 -0.281966 0.272756
-0.448338 -0.274250 0.295291
-0.450462 -0.233682 0.275475
-0.445924 -0.243387 0.219157
-0.483923 -0.268410 0.213234
-0.515107 -0.237192 0.231225
-0.503235 -0.203743 0.196007
-0.513411 -0.223863 0.144903
-0.563557 -0.220112 0.155575
-0.564076 -0.169356 0.155277
-0.555367 -0.124653 0.161702
-0.510890 -0.112830 0.172317
-0.473991 -0.086273 0.168183
-0.428368 -0.083019 0.153712
-0.412310 -0.075900 0.208448
-0.420347 -0.114322 0.235285
-0.396008 -0.137498 0.197050
-0.354907 -0.117491 0.207833
-0.352585 -0.127964 0.264170
-0.353242 -0.171658 0.256460
-0.314357 -0.173945 0.224576
-0.286182 -0.156084 0.263388
-0.293577 -0.186080 0.304454
-0.276709 -0.219970 0.276537
-0.233455 -0.204752 0.270074
-0.222668 -0.201483 0.325164
-0.228963 -0.243686 0.339970
-0.200192 -0.261817 0.301623
-0.161277 -0.241398 0.318906
-0.153744 -0.260098 0.369917
-0.147251 -0.300737 0.349933
-0.111620 -0.291643 0.315479
-0.080711 -0.272389 0.351479
-0.071253 -0.307770 0.382935
-0.055577 -0.331827 0.338256
-0.020665 -0.305326 0.321402
0.005829 -0.309575 0.368501
0.014293 -0.352587 0.362356
0.037808 -0.348253 0.312183
0.070948 -0.321710 0.330583
0.088778 -0.350598 0.369507
0.099642 -0.381290 0.324661
0.139581 -0.362193 0.302852
0.189375 -0.371912 0.279647
0.218894 -0.342754 0.249700
0.211820 -0.296829 0.251376
0.223523 -0.251117 0.237985
0.178924 -0.232304 0.248284
0.141384 -0.210379 0.269460
0.094615 -0.216659 0.276444
0.085035 -0.174059 0.293280
0.094157 -0.155544 0.236514
0.059030 -0.174201 0.198894
0.015638 -0.178905 0.225116
-0.016310 -0.212183 0.217201
-0.041276 -0.247721 0.205822
-0.071681 -0.269206 0.162950
-0.045233 -0.315657 0.155873
-0.043003 -0.367749 0.156189
-0.022223 -0.408374 0.120152
-0.014431 -0.441553 0.077615
0.017578 -0.453247 0.026437
0.037319 -0.454810 -0.027256
0.080803 -0.442349 -0.053646
0.104088 -0.427883 -0.105700
0.151453 -0.430370 -0.136448
0.146212 -0.457368 -0.180437
0.151789 -0.499016 -0.152520
0.136953 -0.488842 -0.094563
0.114798 -0.500849 -0.037965
0.091055 -0.482505 0.016771
0.079672 -0.474149 0.071004
0.055180 -0.434093 0.100522
0.048518 -0.396026 0.131643
0.026899 -0.352644 0.128272
0.028931 -0.304048 0.136895
0.004989 -0.260865 0.139726
