-0.067469 -0.230212 0.325220
-0.095199 -0.265166 0.384159
-0.081216 -0.313454 0.451384
-0.096280 -0.393452 0.509267
-0.089864 -0.432911 0.577390
-0.104481 -0.542891 0.617558
-0.120579 -0.632547 0.654224
-0.142246 -0.736221 0.650497
-0.183301 -0.742960 0.707191
-0.228750 -0.662601 0.685232
-0.250394 -0.711429 0.628268
-0.277066 -0.803787 0.657502
-0.323667 -0.750347 0.697109
-0.360280 -0.698276 0.644816
-0.377412 -0.798778 0.613337
-0.375085 -0.904542 0.640011
-0.296994 -0.942091 0.611384
-0.240900 -0.998703 0.578378
-0.175381 -1.000000 0.532057
-0.122036 -0.987424 0.485512
-0.089206 -0.940109 0.433601
-0.137640 -0.982415 0.386023
-0.198811 -0.939172 0.410272
-0.174441 -0.831643 0.404008
-0.160529 -0.831751 0.336626
-0.228750 -0.853552 0.318372
-0.256809 -0.762130 0.347404
-0.220548 -0.693987 0.307482
-0.243250 -0.727861 0.245647
-0.314619 -0.711284 0.253708
-0.301295 -0.591971 0.268504
-0.233944 -0.537414 0.261791
-0.170235 -0.580548 0.299759
-0.099546 -0.597881 0.341948
-0.036707 -0.642133 0.371137
0.031843 -0.605304 0.381645
0.038188 -0.644763 0.460949
0.076070 -0.690168 0.522335
0.092379 -0.633052 0.594230
0.119757 -0.550567 0.649666
0.154184 -0.478099 0.688263
0.218058 -0.532261 0.679933
0.226259 -0.512513 0.612776
0.225249 -0.402317 0.615268
0.279369 -0.386822 0.659702
0.329425 -0.440587 0.624070
0.327968 -0.376948 0.565422
0.333772 -0.268229 0.597126
0.372406 -0.290679 0.667628
0.386060 -0.399182 0.696144
0.387423 -0.457776 0.756205
0.375226 -0.380227 0.805265
0.302752 -0.368119 0.786539
0.279393 -0.476838 0.793971
0.270580 -0.500261 0.862386
0.197001 -0.445668 0.856997
0.154560 -0.500910 0.807713
0.111179 -0.573521 0.774774
0.088431 -0.679753 0.747831
0.033652 -0.668871 0.702565
-0.006909 -0.674709 0.645041
-0.015369 -0.622169 0.575504
-0.048833 -0.565521 0.519955
-0.052781 -0.523360 0.451226
-0.104035 -0.462460 0.408184
-0.134280 -0.423182 0.347157
-0.179846 -0.329850 0.316374
-0.214321 -0.248158 0.283772
-0.231100 -0.136304 0.279394
-0.308086 -0.157060 0.286669
-0.312081 -0.202393 0.355240
-0.326440 -0.162321 0.419882
-0.345170 -0.263905 0.448061
-0.266632 -0.295688 0.449767
-0.228492 -0.247221 0.508639
-0.254530 -0.348732 0.556329
-0.292294 -0.426461 0.588751
-0.357437 -0.393633 0.571664
-0.348084 -0.406245 0.502891
-0.331657 -0.512730 0.500017
-0.386859 -0.554819 0.531653
-0.437689 -0.510928 0.489891
-0.414847 -0.555467 0.431647
-0.415623 -0.663718 0.449834
-0.485888 -0.671249 0.469840
-0.512537 -0.645376 0.407331
-0.478486 -0.721374 0.367993
-0.509106 -0.809661 0.410205
-0.566893 -0.800040 0.453517
-0.558151 -0.771319 0.525097
-0.597631 -0.659394 0.510121
-0.625972 -0.556044 0.507561
-0.628628 -0.448550 0.505697
-0.640871 -0.346678 0.533023
-0.667873 -0.239978 0.559248
-0.666063 -0.124736 0.567802
-0.686791 -0.033207 0.618479
-0.719174 0.057422 0.647286
-0.732804 0.122358 0.713141
-0.751580 0.176700 0.773921
-0.754259 0.211978 0.841504
-0.763166 0.250500 0.907381
-0.751298 0.375146 0.881291
-0.693206 0.417992 0.845883
-0.648673 0.435181 0.794376
-0.589336 0.460262 0.761415
-0.543040 0.557449 0.733752
-0.511527 0.622601 0.674162
-0.479214 0.726023 0.649846
-0.460273 0.801157 0.594611
-0.419242 0.894488 0.562908
-0.378681 0.958415 0.520022
-0.312786 0.914812 0.530194
-0.319084 0.823751 0.488274
-0.311000 0.862020 0.423160
-0.234390 0.860903 0.425832
-0.227881 0.736653 0.445973
-0.304514 0.684186 0.464317
-0.378610 0.677736 0.458142
-0.385919 0.566674 0.495549
-0.437031 0.489955 0.539355
-0.453811 0.387975 0.586551
-0.497873 0.310247 0.638507
-0.502597 0.224266 0.701959
-0.521820 0.122574 0.746955
-0.508942 0.041459 0.803222
-0.535473 -0.032126 0.857895
-0.498860 -0.114250 0.886792
-0.435762 -0.165961 0.880573
-0.385825 -0.258824 0.877092
-0.315512 -0.276482 0.892854
-0.241511 -0.313742 0.876127
-0.181468 -0.320084 0.841078
-0.211407 -0.339471 0.778434
-0.253378 -0.248014 0.774505
-0.199140 -0.176447 0.777918
-0.163561 -0.212339 0.722616
-0.218715 -0.196951 0.678204
-0.224449 -0.086575 0.685950
-0.157404 -0.063368 0.664620
-0.160835 -0.113097 0.603166
-0.211900 -0.051837 0.575841
-0.178013 0.043729 0.578647
-0.120838 0.013784 0.538591
-0.158085 -0.015693 0.482144
-0.187037 0.084521 0.472467
-0.125749 0.142466 0.466786
-0.100110 0.086143 0.409576
-0.163866 0.084845 0.366960
-0.215637 0.164015 0.368802
-0.166827 0.248050 0.391479
-0.095199 0.259148 0.385372
-0.081240 0.293706 0.448016
-0.136559 0.373345 0.451810
-0.160623 0.431614 0.398507
-0.234954 0.399326 0.409599
-0.228257 0.343724 0.483132
-0.244237 0.336228 0.560528
-0.246986 0.282896 0.627640
-0.285221 0.268914 0.694886
-0.287900 0.230681 0.770575
-0.332103 0.235653 0.838720
-0.364087 0.251617 0.899725
-0.426174 0.282932 0.930441
-0.401382 0.292373 0.997485
-0.364792 0.397020 0.979837
-0.432519 0.456514 0.948987
-0.480812 0.545990 0.912231
-0.536037 0.604007 0.878574
-0.498860 0.643033 0.819029
-0.453905 0.662601 0.758518
-0.392734 0.713447 0.714106
-0.366061 0.753446 0.648521
-0.295678 0.824219 0.634712
-0.238597 0.919497 0.632130
-0.163255 0.963172 0.655302
-0.096891 0.974847 0.676879
-0.040138 0.935100 0.712692
-0.054450 1.000000 0.771002
-0.125820 0.954595 0.789458
-0.096844 0.844147 0.808768
-0.104129 0.766599 0.871457
-0.074848 0.644042 0.890048
-0.068785 0.525882 0.888521
-0.043569 0.431145 0.856593
-0.011750 0.335507 0.851810
0.050290 0.331616 0.890542
0.044345 0.425920 0.943665
0.047823 0.503144 1.000000
0.029892 0.603683 0.960056
0.019012 0.699501 0.923435
0.006909 0.756185 0.852551
0.005382 0.795896 0.785933
0.012526 0.790779 0.717946
0.081522 0.825012 0.719113
0.107090 0.734924 0.752501
0.085822 0.655213 0.709099
0.129133 0.678168 0.657502
0.190985 0.656691 0.693225
0.177849 0.553125 0.713298
0.164642 0.506748 0.647802
0.229902 0.501847 0.617693
0.242991 0.401993 0.660062
0.191314 0.325706 0.638507
0.170658 0.236987 0.601415
0.097854 0.274283 0.599079
0.091180 0.389633 0.591154
0.122530 0.419542 0.532708
0.064602 0.396768 0.490811
0.017884 0.488153 0.518002
0.038987 0.593377 0.510502
0.015863 0.615971 0.445591
-0.054779 0.639790 0.459040
-0.030174 0.741734 0.504216
0.026602 0.808832 0.499231
-0.010834 0.883822 0.451631
-0.065941 0.933154 0.497637
-0.103753 0.995279 0.545507
-0.139685 0.885407 0.569374
-0.171010 0.796472 0.613113
-0.211595 0.713447 0.640640
-0.270651 0.692114 0.699108
-0.305384 0.652042 0.764962
-0.365497 0.662853 0.818445
-0.412497 0.685339 0.877160
-0.436467 0.741806 0.934056
-0.363876 0.761698 0.958282
-0.304538 0.752509 0.912591
-0.277748 0.657339 0.884390
-0.240359 0.586422 0.841819
-0.236200 0.502784 0.794129
-0.196719 0.562819 0.729823
-0.154067 0.565197 0.663115
-0.154419 0.556260 0.595038
-0.109252 0.456190 0.591423
-0.068385 0.439722 0.652854
-0.113458 0.439722 0.724053
-0.137523 0.423686 0.793612
-0.149414 0.411686 0.863261
-0.154255 0.371939 0.929655
-0.226823 0.378930 0.942184
-0.243344 0.300625 0.885782
-0.221559 0.195654 0.892428
-0.219561 0.083224 0.886321
-0.233967 -0.035116 0.916834
-0.266562 -0.119836 0.948179
-0.319178 -0.045783 0.979096
-0.366108 -0.012198 0.932843
-0.440768 0.015297 0.909514
-0.431062 0.118250 0.868403
-0.427396 0.170465 0.798597
-0.399384 0.250392 0.752456
-0.397152 0.283400 0.678181
-0.352102 0.343868 0.622026
-0.344911 0.401957 0.552849
-0.296195 0.469199 0.507000
-0.296736 0.532153 0.432568
-0.308321 0.529558 0.358563
-0.362019 0.435758 0.364962
-0.428971 0.392119 0.374639
-0.418842 0.287580 0.355218
-0.367636 0.265563 0.401538
-0.405541 0.284229 0.457873
-0.452401 0.202068 0.444827
-0.408056 0.116737 0.441527
-0.378775 0.127367 0.504013
-0.439992 0.113061 0.537491
-0.459733 0.015729 0.511580
-0.402980 -0.040378 0.534999
-0.409301 -0.028378 0.602155
-0.479026 -0.059909 0.610486
-0.473574 -0.160844 0.581319
-0.422344 -0.204086 0.624092
-0.450991 -0.170249 0.693584
-0.517543 -0.212591 0.701532
-0.495594 -0.306211 0.733303
-0.486687 -0.241383 0.799293
-0.553169 -0.219474 0.822801
-0.618382 -0.239365 0.847387
-0.635819 -0.219401 0.777132
-0.622165 -0.260554 0.714465
-0.624069 -0.177312 0.666528
-0.613776 -0.064593 0.698658
-0.620967 0.062107 0.698007
-0.622541 0.171907 0.710536
-0.632646 0.279400 0.697940
-0.613353 0.390786 0.665585
-0.600381 0.504802 0.650048
-0.585505 0.589881 0.596587
-0.563932 0.701807 0.579433
-0.550607 0.789697 0.533494
-0.553733 0.894380 0.511064
-0.628416 0.886092 0.499051
-0.667568 0.815499 0.544968
-0.665499 0.701735 0.535897
-0.684934 0.586638 0.549144
-0.657627 0.466388 0.559472
-0.646488 0.348120 0.565220
-0.596926 0.257130 0.597261
-0.603671 0.194897 0.538569
-0.637252 0.139151 0.486298
-0.641412 0.044882 0.454707
-0.654454 0.012630 0.389234
-0.704580 -0.037855 0.343677
-0.712829 -0.078323 0.277126
-0.749512 -0.100124 0.209924
-0.749042 -0.181096 0.148942
-0.753578 -0.231726 0.077586
-0.745799 -0.342138 0.037934
-0.737245 -0.432875 -0.004367
-0.715367 -0.532153 -0.023834
-0.685310 -0.498351 -0.083514
-0.628346 -0.448478 -0.056750
-0.597255 -0.537125 -0.029425
-0.592085 -0.600332 -0.084053
-0.555871 -0.527144 -0.125344
-0.497004 -0.509666 -0.080123
-0.477217 -0.617701 -0.066854
-0.508425 -0.721482 -0.090587
-0.582215 -0.759067 -0.063845
-0.650060 -0.822670 -0.033758
-0.696731 -0.787607 0.019972
-0.747891 -0.744978 0.062004
-0.773670 -0.676763 0.109784
-0.753343 -0.742419 0.163042
-0.682349 -0.733086 0.151255
-0.677673 -0.623466 0.154623
-0.697460 -0.616908 0.220994
-0.640636 -0.675141 0.244726
-0.587268 -0.611935 0.222386
-0.607501 -0.521198 0.256784
-0.606185 -0.562386 0.320842
-0.533029 -0.576476 0.320842
-0.526073 -0.455181 0.313410
-0.585764 -0.393777 0.337974
-0.645031 -0.406533 0.292866
-0.713769 -0.416371 0.296234
-0.767396 -0.484442 0.252989
-0.834512 -0.487901 0.203772
-0.893615 -0.506567 0.163177
-0.948182 -0.466568 0.112119
-1.000000 -0.528657 0.077182
-0.962235 -0.594242 0.026438
-0.884168 -0.577557 0.027179
-0.846732 -0.478136 0.009644
-0.834700 -0.432010 0.081516
-0.792330 -0.371471 0.135942
-0.776396 -0.333562 0.200584
-0.723122 -0.264518 0.241156
-0.678331 -0.240338 0.299871
-0.628604 -0.167042 0.329172
-0.583296 -0.135763 0.381869
-0.526943 -0.083080 0.412877
-0.475525 -0.154970 0.387078
-0.488191 -0.119800 0.315296
-0.448993 -0.041603 0.278630
-0.443964 -0.100881 0.216099
-0.509083 -0.072017 0.188571
-0.523911 -0.018396 0.117485
-0.547787 -0.126899 0.075925
-0.555448 -0.224591 0.043413
-0.486006 -0.260230 0.057581
-0.493831 -0.289418 0.124401
-0.536225 -0.374606 0.106955
-0.485935 -0.429524 0.069773
-0.441614 -0.447289 0.121706
-0.486617 -0.504694 0.161965
-0.501069 -0.584728 0.117687
-0.431274 -0.620944 0.114252
-0.422156 -0.645087 0.180354
-0.477311 -0.717158 0.186349
-0.448640 -0.787355 0.137334
-0.379268 -0.781049 0.106977
-0.333983 -0.792508 0.054056
-0.339835 -0.905912 0.048285
-0.410218 -0.899930 0.018715
-0.395084 -0.865192 -0.047140
-0.386013 -0.870921 -0.114589
-0.350551 -0.857048 -0.173034
-0.347637 -0.778851 -0.236262
-0.349494 -0.726816 -0.304631
-0.360445 -0.660078 -0.358136
-0.389514 -0.635754 -0.426259
-0.328014 -0.573809 -0.461173
-0.286725 -0.531648 -0.514027
-0.207835 -0.498063 -0.531990
-0.146312 -0.439073 -0.552377
-0.075083 -0.412875 -0.551367
-0.014006 -0.327472 -0.539354
0.045144 -0.256590 -0.540881
0.093107 -0.174754 -0.543261
0.149155 -0.137025 -0.578782
0.196484 -0.132556 -0.526017
0.196390 -0.243113 -0.513062
0.218692 -0.275581 -0.574651
0.281108 -0.220843 -0.572001
0.307193 -0.264662 -0.516003
0.312387 -0.369669 -0.537917
0.360257 -0.350859 -0.587112
0.412051 -0.307220 -0.547393
0.425516 -0.395578 -0.508706
0.448617 -0.461775 -0.559674
0.503020 -0.393777 -0.582756
0.540573 -0.388840 -0.523974
0.552605 -0.498135 -0.525344
0.586563 -0.499360 -0.587808
0.641271 -0.431506 -0.561111
0.654854 -0.436803 -0.489486
0.606561 -0.396587 -0.437508
0.571029 -0.365669 -0.372394
0.521749 -0.335471 -0.324232
0.484525 -0.257599 -0.274881
0.457923 -0.192951 -0.210575
0.437995 -0.086935 -0.186124
0.407891 0.008018 -0.161830
0.370362 0.108521 -0.154869
0.421780 0.145565 -0.099702
0.471553 0.247833 -0.075161
0.513407 0.342498 -0.080056
0.549879 0.424551 -0.108235
0.609475 0.367579 -0.124580
0.585341 0.301995 -0.176020
0.564755 0.401380 -0.219534
0.627805 0.480045 -0.198024
0.693582 0.461127 -0.171148
0.708293 0.373489 -0.214550
0.698118 0.447001 -0.275105
0.695016 0.562999 -0.272388
0.624327 0.606421 -0.240909
0.561535 0.647538 -0.215066
0.492139 0.640079 -0.199910
0.466994 0.710528 -0.249239
0.480295 0.633556 -0.305417
0.433459 0.541630 -0.296862
0.366179 0.533342 -0.270907
0.344817 0.496550 -0.207589
0.314878 0.450677 -0.143441
0.290626 0.454388 -0.070446
0.278758 0.430208 0.000820
0.253355 0.432082 0.068605
0.293305 0.378101 0.115240
0.348295 0.306643 0.120000
0.392687 0.228158 0.150379
0.449839 0.249743 0.092630
0.487627 0.265851 0.034611
0.445045 0.196591 -0.007264
0.383945 0.280481 -0.005737
0.387775 0.372696 -0.048599
0.378963 0.305238 -0.117710
0.377318 0.269815 -0.187786
0.404296 0.252158 -0.251305
0.445703 0.282860 -0.315880
0.488473 0.167258 -0.311883
0.536484 0.074755 -0.309840
0.602002 0.101277 -0.285074
0.595422 0.080881 -0.217783
0.581134 -0.026108 -0.223890
0.643268 -0.055332 -0.254516
0.687026 -0.019729 -0.203413
0.659366 -0.086287 -0.155476
0.678284 -0.179006 -0.188684
0.748784 -0.161493 -0.183093
0.754588 -0.153096 -0.114701
0.731323 -0.261995 -0.105563
0.784786 -0.308193 -0.160236
0.856743 -0.325454 -0.155072
0.851056 -0.440947 -0.169397
0.845745 -0.447830 -0.240281
0.864122 -0.444406 -0.306517
0.886048 -0.413020 -0.373023
0.821070 -0.349705 -0.380836
0.759147 -0.283833 -0.376974
0.679764 -0.291004 -0.396576
0.615797 -0.214933 -0.390963
0.531337 -0.196915 -0.383935
0.457688 -0.134214 -0.398664
0.376636 -0.113025 -0.399540
0.345146 -0.000270 -0.366758
0.328203 0.097025 -0.328992
0.319296 0.219005 -0.320864
0.312034 0.339832 -0.299736
0.274246 0.451577 -0.317317
0.243109 0.546999 -0.333034
0.167485 0.587323 -0.360427
0.114305 0.657988 -0.383508
0.073861 0.566458 -0.415930
0.044815 0.522351 -0.347988
0.012032 0.503180 -0.286309
0.080535 0.492261 -0.252630
0.149343 0.519937 -0.283233
0.167908 0.401957 -0.317070
0.213522 0.310175 -0.354836
0.238362 0.218537 -0.395543
0.300872 0.147583 -0.424799
0.343478 0.074972 -0.460567
0.414377 0.016919 -0.454819
0.486781 -0.010432 -0.472265
0.553169 -0.055044 -0.435981
0.637675 -0.066287 -0.437530
0.711677 -0.121205 -0.418041
0.793693 -0.124124 -0.412405
0.853477 -0.181781 -0.371249
0.939299 -0.163366 -0.383643
1.000000 -0.121782 -0.411036
0.941743 -0.079008 -0.458793
0.878222 -0.046251 -0.487600
0.847931 -0.059008 -0.550177
0.824901 0.001712 -0.602470
0.813362 -0.088593 -0.643694
0.759241 -0.131115 -0.603503
0.715508 -0.041531 -0.606107
0.710385 -0.047008 -0.674319
0.683383 -0.149997 -0.678181
0.622471 -0.123079 -0.644053
0.596292 -0.057098 -0.691765
0.594553 -0.129962 -0.742891
0.548539 -0.197240 -0.709997
0.494043 -0.126646 -0.704631
0.485677 -0.106178 -0.772147
0.470237 -0.210897 -0.788246
0.409278 -0.219582 -0.748527
0.376989 -0.126106 -0.781555
0.395154 -0.082035 -0.842560
0.456936 -0.004775 -0.849745
0.507367 0.053819 -0.884479
0.556060 0.128340 -0.907247
0.523089 0.242032 -0.912456
0.473762 0.318427 -0.941779
0.443306 0.274427 -1.000000
0.396047 0.204339 -0.951075
0.399126 0.210465 -0.881022
0.461143 0.187330 -0.838765
0.539515 0.207294 -0.813191
0.597984 0.270968 -0.767926
0.665547 0.325309 -0.744665
0.693418 0.417416 -0.702139
0.731840 0.481991 -0.664373
0.736164 0.507649 -0.584103
0.725425 0.537342 -0.511266
0.734707 0.499396 -0.432860
0.748784 0.477415 -0.365366
0.758489 0.361921 -0.379624
0.821141 0.376804 -0.431984
0.875332 0.394750 -0.478058
0.899772 0.447109 -0.533472
0.880902 0.380191 -0.589896
0.822668 0.303580 -0.556666
0.753084 0.353525 -0.591400
0.670200 0.340985 -0.611361
0.602308 0.341742 -0.651462
0.532348 0.307292 -0.676228
0.486076 0.295580 -0.738625
0.402698 0.279292 -0.755958
0.349541 0.341633 -0.779871
0.375720 0.443542 -0.753084
0.419195 0.408479 -0.685344
0.439264 0.368011 -0.623957
0.464174 0.264590 -0.585001
0.548328 0.280373 -0.562414
0.621319 0.227545 -0.540567
0.704369 0.213384 -0.548695
0.772143 0.182609 -0.498580
0.817545 0.210212 -0.444109
0.834794 0.244626 -0.381061
0.869786 0.296085 -0.330609
0.903415 0.294679 -0.270210
0.846309 0.330318 -0.233432
0.807135 0.239005 -0.239405
0.852772 0.166898 -0.213943
0.860221 0.217239 -0.151097
0.788217 0.220086 -0.132641
0.790943 0.099872 -0.136885
0.852490 0.039729 -0.135313
0.899819 0.026720 -0.195217
0.957394 -0.007694 -0.247825
0.925928 -0.009387 -0.316172
0.886400 0.005423 -0.372731
0.817569 0.044197 -0.413438
0.749136 0.032594 -0.451518
0.677673 0.076053 -0.484300
0.595234 0.071873 -0.491777
0.525016 0.138394 -0.510323
0.443518 0.125673 -0.529902
0.376472 0.127151 -0.558058
0.316335 0.068233 -0.582262
0.264400 0.134971 -0.606736
0.286114 0.138574 -0.674836
0.271473 0.022036 -0.689992
0.202665 0.038432 -0.708223
