-0.252912 -0.703865 -0.218812
-0.285581 -0.695664 -0.192595
-0.322090 -0.680716 -0.183744
-0.309053 -0.638635 -0.182576
-0.295978 -0.633793 -0.224669
-0.329291 -0.643844 -0.244401
-0.352877 -0.615309 -0.223573
-0.331489 -0.581851 -0.239566
-0.336757 -0.589848 -0.283689
-0.375540 -0.588951 -0.283602
-0.378345 -0.549181 -0.267214
-0.357942 -0.533159 -0.303830
-0.381768 -0.545604 -0.336167
-0.414146 -0.526876 -0.320305
-0.399858 -0.487909 -0.323358
-0.391647 -0.487664 -0.367890
-0.428434 -0.496953 -0.381385
-0.446929 -0.464597 -0.362953
-0.425440 -0.435898 -0.385650
-0.436267 -0.448697 -0.426166
-0.474431 -0.443556 -0.420747
-0.471500 -0.401338 -0.411998
-0.455254 -0.394184 -0.454968
-0.485144 -0.412382 -0.480849
-0.514755 -0.387955 -0.462227
-0.505862 -0.350634 -0.482134
-0.511445 -0.324982 -0.516588
-0.502324 -0.308063 -0.557118
-0.496564 -0.273788 -0.583277
-0.499810 -0.262472 -0.627108
-0.501529 -0.236141 -0.663651
-0.514035 -0.197446 -0.692759
-0.518975 -0.165755 -0.730252
-0.522234 -0.120573 -0.733888
-0.526820 -0.080953 -0.758353
-0.531999 -0.029881 -0.751488
-0.547146 0.011955 -0.730208
-0.557947 0.045550 -0.696498
-0.561396 0.078899 -0.669259
-0.574029 0.082898 -0.616519
-0.594356 0.059763 -0.573915
-0.616438 0.037049 -0.541972
-0.631623 0.017450 -0.503487
-0.669054 0.002095 -0.488093
-0.706852 -0.009453 -0.477314
-0.735036 -0.045604 -0.484763
-0.774780 -0.073554 -0.474510
-0.802799 -0.103463 -0.453989
-0.847495 -0.104496 -0.436024
-0.884307 -0.097315 -0.415548
-0.921739 -0.089726 -0.392661
-0.955077 -0.055111 -0.375879
-0.973913 -0.021054 -0.350948
-0.995326 0.024332 -0.336488
-1.000000 0.067175 -0.312345
-0.986154 0.108305 -0.296747
-0.999116 0.139383 -0.266075
-0.984322 0.178418 -0.234133
-0.975593 0.201472 -0.194465
-0.962884 0.216174 -0.151174
-0.955570 0.221302 -0.099325
-0.941926 0.219928 -0.049710
-0.941610 0.213250 -0.001862
-0.920248 0.189707 0.040581
-0.919326 0.177017 0.084544
-0.910723 0.142675 0.125877
-0.879406 0.127305 0.165400
-0.871106 0.118424 0.219601
-0.843351 0.130243 0.253354
-0.826562 0.140961 0.298046
-0.797898 0.175290 0.320145
-0.778304 0.211999 0.350466
-0.745875 0.243077 0.367233
-0.726181 0.290300 0.372797
-0.696190 0.325567 0.359243
-0.675965 0.364398 0.355198
-0.649006 0.400291 0.329974
-0.639443 0.424990 0.282229
-0.631282 0.458966 0.253763
-0.617221 0.480659 0.205711
-0.618396 0.512499 0.165064
-0.595139 0.536192 0.123730
-0.600558 0.555220 0.072874
-0.601632 0.579117 0.029992
-0.572968 0.600076 -0.008756
-0.574673 0.612276 -0.062825
-0.575785 0.625347 -0.112615
-0.559400 0.633943 -0.163428
-0.543647 0.642484 -0.208427
-0.533477 0.631807 -0.263300
-0.523510 0.622123 -0.310739
-0.496526 0.612684 -0.349151
-0.482276 0.588080 -0.396692
-0.471740 0.564292 -0.436769
-0.450807 0.521843 -0.456034
-0.431504 0.499388 -0.491145
-0.424505 0.449731 -0.507504
-0.418656 0.406058 -0.531690
-0.396738 0.373198 -0.559587
-0.380176 0.328070 -0.580765
-0.360873 0.291755 -0.602892
-0.344526 0.246151 -0.620258
-0.346863 0.213386 -0.662584
-0.315306 0.188075 -0.692394
-0.316885 0.145381 -0.722963
-0.320144 0.113596 -0.763275
-0.326373 0.064578 -0.778231
-0.330579 0.023843 -0.808741
-0.335519 -0.026223 -0.816103
-0.353268 -0.068712 -0.840260
-0.364234 -0.118560 -0.838756
-0.380315 -0.160777 -0.844116
-0.413729 -0.197786 -0.846234
-0.433121 -0.240792 -0.847037
-0.468582 -0.275842 -0.833191
-0.504586 -0.311014 -0.831584
-0.531620 -0.347818 -0.815431
-0.571679 -0.375184 -0.800256
-0.601809 -0.405908 -0.777223
-0.635451 -0.435898 -0.753912
-0.660098 -0.475709 -0.741133
-0.688092 -0.505304 -0.706138
-0.708065 -0.534247 -0.668237
-0.721203 -0.563149 -0.629123
-0.732093 -0.584326 -0.578296
-0.747808 -0.605557 -0.539738
-0.771129 -0.614085 -0.489743
-0.774855 -0.618737 -0.441078
-0.780831 -0.613392 -0.386132
-0.804568 -0.602075 -0.338956
-0.816721 -0.597832 -0.291752
-0.832146 -0.574873 -0.243860
-0.843958 -0.549616 -0.198408
-0.842189 -0.517205 -0.159470
-0.848051 -0.498640 -0.115537
-0.833548 -0.486317 -0.064082
-0.818351 -0.475681 -0.022909
-0.778999 -0.464202 0.007368
-0.762083 -0.445922 0.045065
-0.725246 -0.476579 0.060941
-0.684365 -0.479979 0.060226
-0.666250 -0.465236 0.098550
-0.682155 -0.485379 0.133720
-0.673147 -0.524183 0.118706
-0.633821 -0.517695 0.118209
-0.629879 -0.507780 0.162157
-0.643801 -0.543877 0.177785
-0.616943 -0.568930 0.159791
-0.587370 -0.550569 0.183306
-0.601809 -0.559994 0.224625
-0.603123 -0.602334 0.217293
-0.565022 -0.606047 0.209654
-0.553968 -0.592555 0.249775
-0.571300 -0.621484 0.273933
-0.550987 -0.654113 0.258378
-0.515867 -0.640294 0.273115
-0.529687 -0.639424 0.318669
-0.539415 -0.688415 0.319896
-0.505824 -0.716011 0.312082
-0.493557 -0.709564 0.362953
-0.510599 -0.738385 0.399642
-0.507883 -0.787974 0.413605
-0.492660 -0.826696 0.436433
-0.477109 -0.852116 0.471034
-0.458614 -0.891015 0.491189
-0.417456 -0.913294 0.511973
-0.380467 -0.937816 0.528112
-0.339334 -0.955348 0.529222
-0.293729 -0.963087 0.548282
-0.250827 -0.955171 0.550809
-0.207244 -0.959823 0.560083
-0.162953 -0.938156 0.568949
-0.119394 -0.917428 0.581203
-0.077415 -0.909621 0.590901
-0.035638 -0.886976 0.582386
0.006771 -0.860821 0.593252
0.042977 -0.834897 0.585044
0.074964 -0.794924 0.588447
0.099889 -0.753713 0.580998
0.114632 -0.713794 0.558550
0.118674 -0.661376 0.552576
0.106610 -0.618410 0.534830
0.083542 -0.575281 0.523745
0.042080 -0.554975 0.516194
0.000177 -0.549861 0.520064
-0.037836 -0.545985 0.527586
-0.073574 -0.564360 0.544572
-0.107797 -0.579661 0.557790
-0.138937 -0.587332 0.592843
-0.173236 -0.600362 0.613072
-0.217502 -0.591167 0.626042
-0.256361 -0.595669 0.614021
-0.292870 -0.592487 0.592829
-0.319690 -0.569229 0.558316
-0.338083 -0.551561 0.522576
-0.342707 -0.523530 0.489130
-0.366091 -0.492152 0.473181
-0.368124 -0.459129 0.445606
-0.336176 -0.438197 0.458955
-0.309773 -0.465195 0.438113
-0.321875 -0.457225 0.396005
-0.313424 -0.415687 0.398518
-0.275196 -0.418911 0.406069
-0.267351 -0.440305 0.367963
-0.280389 -0.410179 0.340563
-0.256159 -0.380216 0.352715
-0.223237 -0.401488 0.343309
-0.233103 -0.404589 0.297681
-0.235605 -0.362929 0.288275
-0.198274 -0.352402 0.301143
-0.181245 -0.374476 0.261489
-0.188951 -0.346336 0.221674
-0.159302 -0.317080 0.212824
-0.131989 -0.339930 0.184109
-0.146795 -0.349641 0.140380
-0.140238 -0.311640 0.115946
-0.099106 -0.315026 0.102056
-0.102289 -0.346962 0.061204
-0.107216 -0.325214 0.013035
-0.064340 -0.328219 -0.009735
-0.051959 -0.364330 -0.033702
-0.039920 -0.379590 -0.075225
-0.049294 -0.411512 -0.103560
-0.033060 -0.441624 -0.128156
-0.062407 -0.472798 -0.152459
-0.071250 -0.506664 -0.177230
-0.089138 -0.543659 -0.180852
-0.091501 -0.585564 -0.190609
-0.091778 -0.620559 -0.227108
-0.077920 -0.655895 -0.254332
-0.050001 -0.666952 -0.298704
-0.018722 -0.680526 -0.324921
0.027237 -0.666259 -0.329492
0.061838 -0.672556 -0.353679
0.106584 -0.654603 -0.352729
0.146340 -0.639261 -0.327009
0.180664 -0.638893 -0.300237
0.214343 -0.618193 -0.268076
0.235428 -0.599777 -0.232395
0.253607 -0.597791 -0.186315
0.266202 -0.569909 -0.142966
0.269929 -0.542217 -0.107416
0.249324 -0.520021 -0.063118
0.236148 -0.487827 -0.035017
0.205286 -0.451526 -0.022690
0.176280 -0.420842 -0.005455
0.151520 -0.389261 -0.000942
0.124814 -0.355408 -0.002899
0.124359 -0.320236 0.022909
0.115402 -0.279501 0.034900
0.140908 -0.254502 0.059963
0.153175 -0.219561 0.077241
0.175535 -0.185273 0.084807
0.195091 -0.160845 0.110994
0.209922 -0.125469 0.127776
0.242692 -0.117009 0.151904
0.256879 -0.079294 0.168744
0.294626 -0.081416 0.186417
0.330655 -0.069909 0.193471
0.371510 -0.053874 0.176208
0.406807 -0.042748 0.192829
0.443291 -0.058430 0.181378
0.484550 -0.053887 0.170015
0.521716 -0.060565 0.176982
0.565388 -0.053003 0.165896
0.601657 -0.064510 0.175711
0.639784 -0.036287 0.170760
0.675510 -0.025121 0.181612
0.706663 0.011819 0.197415
0.728303 0.043918 0.222580
0.744132 0.082191 0.249045
0.751788 0.122504 0.272385
0.740532 0.166803 0.298017
0.743412 0.204736 0.324073
0.731322 0.240860 0.362223
0.709265 0.272809 0.387695
0.699133 0.304037 0.429627
0.681763 0.337536 0.457305
0.660994 0.354292 0.504991
0.634440 0.371212 0.539869
0.610867 0.377496 0.589017
0.581154 0.389002 0.621382
0.549193 0.383072 0.662205
0.520415 0.383263 0.699419
0.477627 0.375755 0.721342
0.452829 0.362725 0.764662
0.412239 0.348879 0.788089
0.384611 0.324533 0.823931
0.339258 0.309763 0.830635
0.313676 0.292993 0.865834
0.279378 0.258963 0.881287
0.245395 0.228293 0.882923
0.212588 0.193909 0.898623
0.169345 0.172311 0.899500
0.136714 0.138050 0.913506
0.091551 0.126258 0.917917
0.044620 0.118764 0.924212
0.004409 0.118179 0.937971
-0.040223 0.136880 0.933136
-0.087167 0.131726 0.940731
-0.127429 0.149244 0.938978
-0.164923 0.166911 0.936861
-0.206220 0.184049 0.922606
-0.253101 0.187599 0.919217
-0.286073 0.211958 0.906262
-0.326726 0.232686 0.887012
-0.370815 0.234672 0.864081
-0.396473 0.258827 0.836316
-0.425011 0.276481 0.797203
-0.453864 0.290749 0.767437
-0.465954 0.326723 0.730996
-0.469239 0.353776 0.690393
-0.480305 0.384555 0.659897
-0.464160 0.415171 0.619454
-0.462846 0.443773 0.586417
-0.441282 0.478578 0.552620
-0.420488 0.494736 0.510980
-0.403257 0.512540 0.467981
-0.369716 0.520320 0.429437
-0.356818 0.531255 0.385387
-0.336365 0.554880 0.349078
-0.309470 0.576288 0.312725
-0.299325 0.603272 0.272326
-0.290470 0.625864 0.229970
-0.313121 0.664722 0.205886
-0.312325 0.710081 0.195122
-0.301928 0.754244 0.203856
-0.289522 0.802201 0.187468
-0.263448 0.836516 0.184883
-0.235339 0.872436 0.160492
-0.216200 0.913810 0.145828
-0.180070 0.929343 0.117464
-0.159011 0.964148 0.094140
-0.130397 0.981367 0.052251
-0.091020 0.980360 0.030606
-0.061687 0.998450 -0.004082
-0.020617 0.997878 -0.033352
0.018406 1.000000 -0.059656
0.062748 0.994519 -0.070829
0.101923 0.975845 -0.072231
0.142058 0.971982 -0.094607
0.180992 0.943678 -0.105444
0.214293 0.914450 -0.127791
0.250411 0.890267 -0.127659
0.283332 0.856156 -0.147552
0.306880 0.818603 -0.147523
0.334268 0.781513 -0.170979
0.360229 0.747062 -0.162727
0.383928 0.701608 -0.163165
0.406251 0.667469 -0.146500
0.429988 0.625836 -0.131223
0.457023 0.599913 -0.104495
0.477526 0.575554 -0.067850
0.502615 0.563938 -0.030007
0.521969 0.573568 0.014613
0.543457 0.562578 0.063453
0.545769 0.575404 0.108482
0.549231 0.572779 0.163895
0.553033 0.582599 0.209713
0.537002 0.573826 0.261489
0.516903 0.577471 0.302151
0.477652 0.570861 0.334677
0.447889 0.563979 0.366356
0.407021 0.538477 0.376770
0.370525 0.514852 0.390309
0.327914 0.498300 0.372038
0.302004 0.466610 0.349823
0.289232 0.427248 0.338387
0.261389 0.400454 0.319896
0.243323 0.365418 0.304020
0.242641 0.326655 0.282258
0.228126 0.288341 0.269639
0.225347 0.246015 0.275247
0.256891 0.231067 0.251689
0.285265 0.239378 0.283835
0.272923 0.212393 0.320320
0.284772 0.170312 0.301172
0.326827 0.167578 0.301099
0.343187 0.168312 0.345587
0.333826 0.128951 0.368226
0.372243 0.106305 0.350086
0.408411 0.128597 0.372724
0.410887 0.105353 0.417928
0.435825 0.071215 0.432037
0.481632 0.064727 0.422441
0.502615 0.087754 0.464271
0.514781 0.061531 0.509709
0.530496 0.045699 0.553978
0.527515 0.029990 0.598642
0.543900 0.029405 0.647161
0.517850 0.027787 0.684785
0.487430 0.001360 0.717355
0.452917 -0.021435 0.732661
0.427752 -0.062265 0.723621
0.403168 -0.098022 0.715091
0.370070 -0.123116 0.692905
0.353950 -0.161920 0.677730
0.337843 -0.197146 0.660744
0.329493 -0.239337 0.658816
0.338311 -0.276685 0.637930
0.334003 -0.317679 0.635097
0.345120 -0.353721 0.616110
0.315521 -0.355122 0.586227
0.328305 -0.324275 0.559368
0.360671 -0.344323 0.548472
0.344160 -0.379468 0.532055
0.325185 -0.358509 0.498302
0.355567 -0.341086 0.478190
0.375970 -0.377455 0.472976
0.348392 -0.395286 0.446628
0.348569 -0.369022 0.412685
0.386859 -0.372763 0.403045
0.383284 -0.417455 0.398240
0.356742 -0.417660 0.362427
0.377182 -0.396660 0.330398
0.406744 -0.427411 0.325709
0.382071 -0.460394 0.300077
0.377144 -0.453512 0.253617
0.380871 -0.461441 0.209990
0.374605 -0.421073 0.195005
0.409409 -0.404725 0.209391
0.431428 -0.429601 0.184577
0.416724 -0.418829 0.144236
0.425289 -0.377863 0.147639
0.464527 -0.384269 0.153759
0.469820 -0.403501 0.114149
0.457730 -0.372776 0.087348
0.485068 -0.345969 0.102801
0.515804 -0.369471 0.089013
0.506872 -0.372083 0.045503
0.507934 -0.330450 0.038916
0.545251 -0.325758 0.052499
0.559918 -0.351749 0.020805
0.545908 -0.331674 -0.014846
0.562824 -0.294489 -0.005645
0.599144 -0.310497 -0.006448
0.596882 -0.324289 -0.049403
0.588317 -0.286736 -0.068799
0.621340 -0.268810 -0.054880
0.647111 -0.299535 -0.069865
0.641641 -0.292721 -0.116836
0.664683 -0.255087 -0.120181
0.701066 -0.271381 -0.100508
0.701875 -0.313217 -0.131734
0.715379 -0.319705 -0.182386
0.732232 -0.336570 -0.217001
0.715354 -0.364969 -0.255296
0.731246 -0.349029 -0.299741
0.773150 -0.372015 -0.297243
0.775613 -0.421046 -0.311878
0.798757 -0.426568 -0.358878
0.835532 -0.422161 -0.380903
0.876525 -0.415959 -0.381254
0.918669 -0.391722 -0.373235
0.953498 -0.376000 -0.351897
0.974254 -0.343928 -0.325899
0.991422 -0.320725 -0.280009
1.000000 -0.290885 -0.246664
0.986697 -0.257698 -0.206310
0.985434 -0.245226 -0.151831
0.970717 -0.217412 -0.116471
0.961217 -0.184321 -0.080746
0.938869 -0.156928 -0.040421
0.923242 -0.115608 -0.021112
0.918884 -0.069991 -0.013313
0.895538 -0.025148 -0.006185
0.882033 0.016049 -0.023347
0.875780 0.054826 -0.053712
0.862806 0.082980 -0.090707
0.860646 0.100743 -0.137357
0.865889 0.108509 -0.183014
0.867531 0.090596 -0.234922
0.870045 0.081184 -0.282784
0.895589 0.053602 -0.319385
0.905872 0.020769 -0.350641
0.907754 -0.010650 -0.395786
0.895841 -0.029147 -0.437952
0.887213 -0.036151 -0.491847
0.903598 -0.028113 -0.543564
0.906478 -0.020265 -0.592493
0.917696 0.009793 -0.635535
0.925958 0.026277 -0.683850
0.927752 0.069556 -0.713660
0.930670 0.103572 -0.750173
0.914589 0.148836 -0.766648
0.910533 0.187898 -0.797130
0.889828 0.233380 -0.801117
0.875515 0.282071 -0.794516
0.867809 0.330124 -0.799014
0.848948 0.373728 -0.781663
0.839157 0.423086 -0.778041
0.819551 0.463073 -0.751386
0.812994 0.505740 -0.738504
0.801271 0.546257 -0.705291
0.783774 0.574057 -0.667842
0.776232 0.615064 -0.643773
0.766012 0.640444 -0.596188
0.755161 0.662736 -0.549173
0.732699 0.688360 -0.514061
0.715923 0.691108 -0.462606
0.723970 0.683777 -0.407880
0.710440 0.683954 -0.362676
0.700510 0.654317 -0.318494
0.708873 0.620138 -0.279176
0.727330 0.588230 -0.248169
0.733836 0.540721 -0.228116
0.721898 0.491431 -0.220696
0.734228 0.444345 -0.240501
0.727722 0.400522 -0.252667
0.719169 0.365377 -0.290948
0.719397 0.337808 -0.333363
0.703681 0.296570 -0.360865
0.684605 0.275529 -0.396750
0.660060 0.242696 -0.413547
0.619344 0.220214 -0.421842
0.580965 0.200479 -0.433483
0.543988 0.197663 -0.408289
0.497410 0.206966 -0.401395
0.455305 0.216310 -0.397685
0.431605 0.202560 -0.354584
0.398949 0.223505 -0.329565
0.364625 0.220581 -0.307555
0.336479 0.247348 -0.294308
0.309192 0.250231 -0.263432
0.275613 0.267137 -0.252989
0.249501 0.286560 -0.230365
0.220319 0.312483 -0.223106
0.211034 0.353395 -0.215803
0.189810 0.387384 -0.213072
0.189368 0.421522 -0.250550
0.176116 0.455022 -0.274897
0.164911 0.472716 -0.315705
0.171126 0.510133 -0.338314
0.154021 0.522646 -0.379793
0.147364 0.545754 -0.417636
0.119558 0.567529 -0.448629
0.099194 0.573459 -0.494811
0.059729 0.572521 -0.520780
0.023775 0.542353 -0.537649
-0.008464 0.517491 -0.522985
-0.037280 0.528970 -0.482119
-0.079360 0.530303 -0.458093
-0.080181 0.523775 -0.403410
-0.060588 0.534900 -0.362340
-0.052856 0.575431 -0.334809
-0.047475 0.597098 -0.284785
-0.031734 0.591385 -0.240370
-0.011496 0.604306 -0.195487
-0.008477 0.618247 -0.152255
-0.023308 0.610563 -0.103370
-0.030155 0.614575 -0.057275
-0.061346 0.591290 -0.026516
-0.087496 0.572861 0.002607
-0.111511 0.550392 0.032417
-0.155941 0.552486 0.030869
-0.195407 0.543863 0.023128
-0.225448 0.513887 -0.004579
-0.250512 0.483529 -0.024194
-0.253089 0.444032 -0.042641
-0.282397 0.416191 -0.049578
-0.280073 0.371307 -0.050236
-0.319172 0.361392 -0.040844
-0.339119 0.368927 -0.078994
-0.322974 0.338883 -0.105736
-0.336984 0.307641 -0.077957
-0.374744 0.315475 -0.080834
-0.378433 0.315176 -0.126023
-0.368680 0.270646 -0.126315
-0.402335 0.258868 -0.093468
-0.438831 0.270551 -0.104816
-0.445110 0.240126 -0.137678
-0.445716 0.207374 -0.099047
-0.478284 0.221669 -0.065484
-0.518217 0.219792 -0.084967
-0.523257 0.172882 -0.083653
-0.522183 0.157976 -0.035835
-0.556772 0.170543 -0.007617
-0.587875 0.137615 -0.026706
-0.572981 0.092745 -0.007471
-0.560575 0.087971 0.039968
-0.601165 0.070929 0.056048
-0.607822 0.030017 0.028561
-0.576947 0.000462 0.032943
-0.587268 -0.016444 0.077796
-0.623310 -0.040150 0.066842
-0.614707 -0.068848 0.032767
-0.591159 -0.098104 0.054223
-0.621567 -0.114915 0.083857
-0.649082 -0.129808 0.048775
-0.630170 -0.161389 0.025041
-0.637169 -0.193379 0.062285
-0.681447 -0.202464 0.061788
-0.697238 -0.208517 0.012217
-0.694105 -0.257399 -0.000840
-0.718007 -0.293482 -0.002169
-0.721986 -0.329239 -0.034228
-0.707800 -0.349260 -0.074612
-0.683266 -0.390335 -0.091773
-0.670065 -0.430594 -0.106364
-0.634389 -0.456273 -0.132041
-0.600230 -0.472839 -0.150005
-0.561522 -0.491975 -0.123876
-0.529081 -0.517355 -0.112090
-0.484550 -0.521938 -0.090401
-0.449809 -0.512363 -0.062227
-0.425263 -0.516797 -0.014438
-0.398835 -0.515995 0.020323
-0.389525 -0.519232 0.069033
-0.360595 -0.534601 0.102625
-0.333712 -0.526114 0.144952
-0.321307 -0.546107 0.190170
-0.303090 -0.572208 0.221937
-0.283661 -0.609801 0.239391
-0.270080 -0.641410 0.272443
-0.255754 -0.684824 0.288407
-0.230248 -0.723410 0.288757
-0.201685 -0.753291 0.271392
-0.161765 -0.781432 0.280637
-0.124826 -0.802024 0.275832
-0.078034 -0.802051 0.265827
-0.036648 -0.815448 0.265914
0.007264 -0.803384 0.253602
0.050822 -0.798950 0.248403
0.086738 -0.803710 0.222010
0.117967 -0.811136 0.189104
0.147945 -0.816182 0.163413
0.157192 -0.825826 0.109957
0.174348 -0.847533 0.073283
0.178137 -0.866125 0.027276
0.203593 -0.888975 -0.000197
0.193082 -0.917360 -0.043473
0.205589 -0.947432 -0.085391
0.190834 -0.967317 -0.123497
0.194725 -0.985515 -0.174543
0.198489 -1.000000 -0.219863
0.201256 -0.993771 -0.274064
0.212625 -0.988534 -0.317925
0.233470 -0.961672 -0.358411
0.248541 -0.952886 -0.404053
0.261591 -0.914654 -0.436594
0.288537 -0.873837 -0.447387
0.302976 -0.844037 -0.478585
0.328305 -0.805424 -0.493146
0.356805 -0.778276 -0.514427
0.377283 -0.756746 -0.545945
0.386215 -0.747035 -0.597167
0.399252 -0.744179 -0.645350
0.383701 -0.738521 -0.689721
0.393239 -0.717643 -0.737569
0.403838 -0.707198 -0.789141
0.406958 -0.682321 -0.828970
0.416130 -0.668272 -0.872932
0.433172 -0.637397 -0.911053
0.475985 -0.622939 -0.922942
0.511635 -0.605666 -0.951013
0.537722 -0.565244 -0.958024
0.564971 -0.552337 -0.992464
0.596971 -0.515614 -1.000000
0.621049 -0.472594 -0.988783
0.644647 -0.436279 -0.986402
0.661437 -0.398741 -0.954884
0.678011 -0.359978 -0.935371
0.668461 -0.323010 -0.897820
0.672996 -0.314686 -0.850528
0.667753 -0.297712 -0.804535
0.637131 -0.302241 -0.765597
0.619596 -0.318059 -0.720904
0.589037 -0.320780 -0.690116
0.549167 -0.310307 -0.694527
0.513580 -0.326968 -0.681951
0.502375 -0.277923 -0.681615
0.485219 -0.242587 -0.698149
0.462379 -0.209455 -0.702341
0.449291 -0.221873 -0.744594
0.429887 -0.254611 -0.728879
0.405341 -0.231951 -0.702749
0.391028 -0.205715 -0.734356
0.378142 -0.235855 -0.763333
0.353799 -0.255916 -0.735787
0.329632 -0.222404 -0.729740
0.321534 -0.220023 -0.777471
0.306855 -0.263927 -0.782890
0.271053 -0.267083 -0.757666
0.239635 -0.252883 -0.784248
0.235820 -0.297658 -0.802739
0.202847 -0.326778 -0.782568
0.170861 -0.348444 -0.769599
0.144370 -0.364085 -0.737876
0.150421 -0.378856 -0.694512
0.138255 -0.391450 -0.652331
0.149701 -0.380338 -0.611129
0.146593 -0.387724 -0.567196
0.151810 -0.366561 -0.530113
0.157331 -0.372572 -0.486837
0.148943 -0.353368 -0.452572
0.143068 -0.341045 -0.413401
0.121971 -0.322956 -0.385314
0.112534 -0.307954 -0.346537
0.086991 -0.317012 -0.312404
0.081521 -0.274699 -0.303115
0.053425 -0.262513 -0.333728
0.023283 -0.292925 -0.321532
0.011218 -0.273516 -0.280768
-0.002514 -0.233488 -0.293723
-0.028841 -0.241418 -0.326805
-0.057341 -0.260119 -0.297375
-0.073246 -0.223301 -0.277175
-0.095581 -0.210353 -0.315515
-0.134301 -0.224294 -0.307336
-0.172857 -0.221615 -0.306664
-0.189785 -0.217806 -0.258130
-0.213181 -0.203893 -0.225837
-0.248945 -0.209102 -0.216636
-0.271596 -0.210530 -0.184138
-0.302913 -0.225015 -0.163998
-0.330845 -0.206286 -0.142542
-0.346358 -0.242873 -0.128156
-0.315281 -0.252584 -0.101953
-0.312729 -0.217834 -0.077051
-0.348872 -0.223437 -0.061146
-0.341734 -0.261017 -0.041867
-0.312742 -0.247905 -0.014598
-0.334003 -0.219289 0.006594
-0.362275 -0.245389 0.020470
-0.339486 -0.269395 0.045416
-0.326120 -0.238317 0.072363
-0.359976 -0.226674 0.089159
-0.366318 -0.264988 0.108190
-0.334988 -0.262853 0.134991
-0.343857 -0.227205 0.156826
-0.377662 -0.241581 0.172571
-0.360229 -0.271762 0.197941
-0.338968 -0.246110 0.224099
-0.367809 -0.223900 0.241012
-0.384611 -0.256855 0.261022
-0.355416 -0.271122 0.286669
-0.349137 -0.234984 0.308665
-0.384168 -0.231938 0.326396
-0.382665 -0.269409 0.349020
-0.352952 -0.258365 0.375251
-0.369198 -0.222948 0.392982
-0.399795 -0.245756 0.411648
-0.374719 -0.263683 0.444788
-0.362591 -0.229068 0.470931
-0.376121 -0.223220 0.515741
-0.337098 -0.241663 0.538540
-0.307777 -0.267559 0.550473
-0.326461 -0.303683 0.534509
-0.325728 -0.281214 0.488560
-0.299136 -0.245321 0.482105
-0.292794 -0.209156 0.502012
-0.253493 -0.202546 0.492591
-0.235188 -0.226225 0.456487
-0.224083 -0.241091 0.416336
-0.260504 -0.249306 0.400606
-0.268135 -0.208667 0.396064
-0.238485 -0.198153 0.368503
-0.249261 -0.225763 0.335583
-0.285025 -0.209319 0.329244
-0.270977 -0.171495 0.317311
-0.250550 -0.186687 0.281338
-0.279466 -0.203933 0.257998
-0.299742 -0.168489 0.254478
-0.272897 -0.147612 0.230759
-0.267288 -0.172569 0.195983
-0.304391 -0.174419 0.181991
-0.308484 -0.133181 0.175755
-0.279909 -0.127006 0.146004
-0.290533 -0.155582 0.115449
-0.325450 -0.140498 0.106174
-0.313550 -0.104687 0.088487
-0.291506 -0.118737 0.054953
-0.320473 -0.141097 0.034827
-0.342492 -0.107094 0.026107
-0.316254 -0.086924 0.000869
-0.313070 -0.118206 -0.029846
-0.351007 -0.119512 -0.041166
-0.353142 -0.079158 -0.054427
-0.326840 -0.082259 -0.086399
-0.344185 -0.113487 -0.110352
-0.377422 -0.090161 -0.117727
-0.356970 -0.055315 -0.138891
-0.342416 -0.075078 -0.176427
-0.349377 -0.070236 -0.221266
-0.331704 -0.073024 -0.260423
-0.297847 -0.056499 -0.270661
-0.279062 -0.021095 -0.276927
-0.252697 -0.004189 -0.304517
-0.236552 0.032085 -0.299244
-0.201963 0.042231 -0.314054
-0.167450 0.053425 -0.311381
-0.135286 0.067529 -0.300705
-0.098663 0.062524 -0.300340
-0.072753 0.036206 -0.288947
-0.040539 0.024087 -0.277307
-0.014818 -0.005196 -0.288655
-0.020478 -0.007929 -0.239216
-0.030774 -0.032438 -0.202381
-0.025076 -0.052649 -0.164801
-0.019834 -0.082028 -0.135079
-0.022828 -0.105761 -0.098098
-0.025405 -0.116370 -0.046336
-0.018431 -0.112480 0.004842
-0.030572 -0.109474 0.053755
-0.016271 -0.106863 0.101077
-0.022992 -0.112739 0.149027
0.000581 -0.105163 0.195049
-0.000872 -0.090814 0.237755
-0.031810 -0.081660 0.265199
-0.044556 -0.043346 0.296119
-0.062798 -0.022047 0.337233
-0.067018 0.009167 0.368255
-0.071932 0.025992 0.414773
-0.071427 0.043020 0.455946
-0.059817 0.044162 0.499587
-0.096516 0.042422 0.516924
-0.104702 0.004828 0.500624
-0.076240 -0.015600 0.520152
-0.085967 -0.005427 0.562084
-0.120822 -0.024482 0.562274
-0.107330 -0.064360 0.558141
-0.085576 -0.063000 0.596947
-0.116602 -0.051779 0.625793
-0.147806 -0.078274 0.597926
-0.158379 -0.116479 0.583905
-0.198135 -0.111351 0.596918
-0.216693 -0.086013 0.564918
-0.199853 -0.104918 0.518209
-0.194851 -0.111800 0.472816
-0.170646 -0.105027 0.431205
-0.174802 -0.103667 0.381239
-0.157470 -0.109447 0.333085
-0.158443 -0.099369 0.281411
-0.155878 -0.103803 0.230628
-0.163003 -0.091956 0.184284
-0.158152 -0.102606 0.135342
-0.169471 -0.084381 0.087713
-0.176167 -0.098730 0.037076
-0.214558 -0.115690 0.039851
-0.228707 -0.156316 0.047607
-0.193562 -0.177044 0.049228
-0.173956 -0.148645 0.080396
-0.180550 -0.163525 0.127206
-0.161272 -0.156942 0.173637
-0.152455 -0.167959 0.221368
-0.141792 -0.178051 0.263534
-0.140100 -0.182417 0.307409
-0.133290 -0.170325 0.350553
-0.122893 -0.137452 0.382452
-0.103274 -0.122790 0.427217
-0.082860 -0.117091 0.465425
-0.070315 -0.160288 0.469150
-0.054461 -0.168544 0.419842
-0.042624 -0.127020 0.396283
-0.014364 -0.102660 0.418337
0.016916 -0.071704 0.406258
0.008540 -0.037865 0.431716
-0.023586 -0.021218 0.403542
-0.033591 -0.059613 0.373294
-0.048068 -0.087767 0.344959
-0.043470 -0.127278 0.318202
-0.044152 -0.151624 0.275320
-0.042371 -0.183083 0.241626
-0.052679 -0.166354 0.202089
-0.054195 -0.169754 0.152313
-0.060284 -0.150019 0.107007
-0.068268 -0.159363 0.056866
-0.069203 -0.145449 0.012626
-0.073473 -0.156180 -0.036915
-0.079284 -0.131698 -0.072377
-0.075722 -0.086557 -0.071194
-0.073259 -0.041769 -0.072699
-0.071604 0.000721 -0.058721
-0.110437 -0.003427 -0.038186
-0.111574 -0.014879 0.005324
-0.132975 -0.030289 0.047577
-0.133834 -0.032384 0.097616
-0.155512 -0.036532 0.136817
-0.161790 -0.026291 0.184679
-0.176584 -0.042694 0.230350
-0.184290 -0.037770 0.277672
-0.196872 -0.060960 0.319984
-0.221999 -0.067611 0.364136
-0.228859 -0.086271 0.410961
-0.251800 -0.089957 0.455216
-0.254403 -0.111025 0.495381
-0.270611 -0.115486 0.536788
-0.272771 -0.126870 0.582868
-0.290204 -0.134405 0.623515
-0.288701 -0.132746 0.670939
-0.307840 -0.169632 0.687983
-0.279643 -0.196956 0.707087
-0.279744 -0.189326 0.754146
-0.286465 -0.209496 0.794034
-0.312047 -0.205579 0.831599
-0.314864 -0.217616 0.874042
-0.338538 -0.214801 0.911228
-0.378357 -0.198466 0.932464
-0.410116 -0.195705 0.960536
-0.453915 -0.187095 0.968584
-0.492509 -0.181723 0.991909
-0.537318 -0.186579 0.985789
-0.579815 -0.186279 1.000000
-0.620165 -0.190509 0.975623
-0.663079 -0.198670 0.971110
-0.690581 -0.202029 0.925892
-0.719131 -0.225858 0.899032
-0.752015 -0.202900 0.868653
-0.744637 -0.219629 0.818352
-0.755653 -0.233067 0.775397
-0.751118 -0.211020 0.734268
-0.711059 -0.189748 0.714843
-0.671657 -0.205429 0.688465
-0.656194 -0.181682 0.645087
-0.642386 -0.135847 0.662964
-0.596629 -0.128081 0.672151
-0.560575 -0.112303 0.667755
-0.521261 -0.103694 0.648943
-0.489919 -0.074085 0.649191
-0.459600 -0.081334 0.610852
-0.432085 -0.076492 0.577318
-0.424455 -0.092174 0.532114
-0.411152 -0.094173 0.487582
-0.431529 -0.104959 0.450382
-0.422787 -0.116547 0.407661
-0.456530 -0.122463 0.380012
-0.482099 -0.124300 0.348508
-0.521198 -0.135643 0.343805
-0.517951 -0.181437 0.336970
-0.496475 -0.207687 0.365933
-0.475517 -0.243567 0.354175
-0.471993 -0.224743 0.307146
-0.446790 -0.191203 0.303713
-0.420096 -0.163810 0.290408
-0.382880 -0.139764 0.292190
-0.349453 -0.118002 0.303786
-0.316569 -0.106061 0.323489
-0.288638 -0.088923 0.353007
-0.267528 -0.067053 0.322408
-0.248427 -0.029256 0.311863
-0.229566 0.003713 0.295315
-0.189166 0.024468 0.298528
-0.177948 0.022170 0.245175
-0.157154 0.034628 0.199211
-0.139190 0.026046 0.149918
-0.116185 0.028861 0.107504
-0.092789 0.011425 0.075211
-0.060689 0.021231 0.039179
-0.029271 0.040381 0.023551
-0.024281 0.065720 0.060971
-0.011875 0.032710 0.088998
0.025493 0.026196 0.078424
0.048725 0.031745 0.117494
0.024710 0.028100 0.154080
0.012873 0.023448 0.205871
-0.017850 0.059001 0.209421
-0.060310 0.070072 0.221821
-0.097779 0.083673 0.227707
-0.137207 0.084109 0.238807
-0.177101 0.085006 0.235360
-0.203138 0.082381 0.270062
-0.198022 0.090419 0.314054
-0.212360 0.099668 0.355022
-0.215114 0.113147 0.396283
-0.192059 0.084680 0.419140
-0.166111 0.056648 0.405528
-0.132507 0.032207 0.404623
-0.111751 0.053697 0.373367
-0.088747 0.081892 0.351868
-0.091791 0.077281 0.298894
-0.071780 0.038436 0.280578
-0.044796 0.011248 0.251221
-0.020263 -0.024754 0.236747
0.001604 -0.038464 0.191251
0.012330 -0.059518 0.146383
0.021842 -0.056254 0.100040
0.023207 -0.078777 0.054442
0.036017 -0.081647 0.008084
0.032467 -0.105761 -0.035615
0.035145 -0.119988 -0.078760
0.028791 -0.144592 -0.117187
0.060411 -0.141614 -0.144908
0.073309 -0.161063 -0.183569
0.102276 -0.136296 -0.202059
0.126090 -0.154739 -0.235929
0.165378 -0.156684 -0.263782
0.191920 -0.175739 -0.302238
0.230261 -0.155963 -0.325739
0.250436 -0.125660 -0.349472
0.278494 -0.088529 -0.345368
0.298075 -0.049698 -0.346610
0.322608 -0.022618 -0.321576
0.342821 0.009630 -0.300559
0.385091 0.016852 -0.283952
0.421322 0.022550 -0.264191
0.463579 0.022945 -0.275481
0.483590 0.057614 -0.263694
0.462480 0.082136 -0.298382
0.435900 0.052065 -0.324322
0.405745 0.035131 -0.348508
0.383031 -0.005916 -0.350816
0.364714 -0.045849 -0.363786
0.345448 -0.081742 -0.341892
0.330516 -0.119634 -0.332924
0.296647 -0.138594 -0.305568
0.271659 -0.151651 -0.272881
0.230968 -0.143613 -0.255924
0.204667 -0.134827 -0.215511
0.169812 -0.132351 -0.194596
0.160274 -0.126394 -0.142484
0.141995 -0.092541 -0.129003
0.171354 -0.059083 -0.132596
0.200801 -0.081552 -0.164976
0.235605 -0.088094 -0.186519
0.262601 -0.121430 -0.199270
0.304353 -0.134704 -0.217716
0.329682 -0.158941 -0.253441
0.340787 -0.184090 -0.288874
0.312855 -0.221873 -0.275627
0.291190 -0.252720 -0.258174
0.318793 -0.269857 -0.231343
0.315407 -0.238017 -0.197809
0.283016 -0.244369 -0.174397
0.302964 -0.281459 -0.153350
