-0.123542 -0.740918 -0.150231
-0.148426 -0.788161 -0.146774
-0.189672 -0.816470 -0.120256
-0.241466 -0.828145 -0.113691
-0.277137 -0.807193 -0.086694
-0.325788 -0.808013 -0.086345
-0.368166 -0.763190 -0.090557
-0.394154 -0.710690 -0.077065
-0.421428 -0.664567 -0.101289
-0.443378 -0.595294 -0.104484
-0.466991 -0.533757 -0.095610
-0.490059 -0.472381 -0.081102
-0.522097 -0.425738 -0.065955
-0.556566 -0.415782 -0.031856
-0.575079 -0.431136 0.012192
-0.581828 -0.464843 0.053829
-0.568429 -0.503429 0.092445
-0.538305 -0.537276 0.120270
-0.527700 -0.537016 0.166046
-0.553171 -0.596753 0.179799
-0.537788 -0.655831 0.193610
-0.501642 -0.668006 0.231558
-0.533554 -0.690858 0.269985
-0.568680 -0.713729 0.292495
-0.606559 -0.667666 0.307657
-0.656467 -0.660929 0.309167
-0.685194 -0.598113 0.306887
-0.723994 -0.572882 0.296954
-0.767615 -0.537696 0.303736
-0.809602 -0.511886 0.297070
-0.854187 -0.509566 0.294514
-0.888991 -0.563826 0.296780
-0.924998 -0.603931 0.305609
-0.936608 -0.667906 0.330400
-0.960948 -0.716588 0.358646
-0.951922 -0.764949 0.393850
-0.966998 -0.794518 0.442472
-0.953082 -0.782743 0.494173
-0.980411 -0.782483 0.541168
-0.984687 -0.720726 0.572116
-1.000000 -0.662828 0.596950
-0.985469 -0.596133 0.603398
-0.966704 -0.524801 0.595062
-0.967836 -0.471661 0.565712
-0.942798 -0.422719 0.549824
-0.908413 -0.382255 0.546542
-0.883179 -0.353226 0.578303
-0.851281 -0.328715 0.601961
-0.822568 -0.320958 0.637236
-0.804362 -0.292769 0.673282
-0.774182 -0.243947 0.689373
-0.752442 -0.219876 0.724997
-0.731497 -0.159759 0.739230
-0.707703 -0.114836 0.760752
-0.702715 -0.053400 0.777541
-0.669154 -0.019073 0.802302
-0.663970 0.036846 0.829997
-0.635607 0.082269 0.851142
-0.659373 0.141406 0.864706
-0.684258 0.192887 0.854192
-0.690629 0.192927 0.809926
-0.721088 0.144905 0.806354
-0.760629 0.160019 0.820876
-0.773609 0.178092 0.776597
-0.759833 0.124273 0.749483
-0.776208 0.070353 0.760738
-0.816448 0.080589 0.742918
-0.798983 0.083828 0.697273
-0.775901 0.031788 0.686541
-0.802252 -0.014055 0.677087
-0.818404 0.006797 0.637977
-0.780554 0.017133 0.616788
-0.765883 -0.041564 0.619083
-0.798871 -0.067754 0.597095
-0.792388 -0.035646 0.557870
-0.750430 -0.056978 0.551712
-0.756088 -0.121414 0.561035
-0.761789 -0.167596 0.527706
-0.769613 -0.237430 0.527183
-0.781406 -0.295228 0.519355
-0.802099 -0.316660 0.560280
-0.803929 -0.258682 0.589892
-0.812941 -0.223075 0.629423
-0.797781 -0.171195 0.651222
-0.790586 -0.150843 0.699248
-0.782035 -0.101082 0.725244
-0.768957 -0.078250 0.769510
-0.764374 -0.027530 0.799107
-0.729681 -0.004958 0.833686
-0.712467 0.024911 0.876005
-0.677970 0.047702 0.904702
-0.660477 0.080309 0.942011
-0.617387 0.039165 0.936928
-0.571321 0.017014 0.942446
-0.565676 -0.027130 0.972450
-0.562896 -0.087847 0.979102
-0.602730 -0.093624 1.000000
-0.629040 -0.073732 0.967890
-0.615794 -0.109079 0.934459
-0.625686 -0.163278 0.953164
-0.666932 -0.153542 0.964129
-0.682218 -0.136508 0.924496
-0.671403 -0.186369 0.901797
-0.691733 -0.228993 0.928301
-0.731190 -0.205602 0.924366
-0.732364 -0.210460 0.879229
-0.727404 -0.272776 0.876411
-0.764877 -0.284672 0.899662
-0.793645 -0.249305 0.872723
-0.770717 -0.267658 0.828675
-0.760140 -0.290570 0.787561
-0.719873 -0.281133 0.767433
-0.685934 -0.277575 0.731634
-0.670984 -0.207701 0.743325
-0.646114 -0.148963 0.746825
-0.642788 -0.081829 0.749410
-0.612315 -0.031428 0.763410
-0.611826 0.033087 0.787082
-0.587528 0.092845 0.802679
-0.570455 0.141386 0.831100
-0.536977 0.112817 0.847337
-0.491163 0.103281 0.857227
-0.481466 0.045783 0.873696
-0.457001 -0.007117 0.872752
-0.488131 -0.048721 0.887783
-0.513197 -0.066955 0.853044
-0.488745 -0.110838 0.834528
-0.486999 -0.149723 0.869382
-0.529907 -0.158980 0.873013
-0.535301 -0.182591 0.831478
-0.507999 -0.229993 0.835443
-0.528776 -0.256223 0.869557
-0.567269 -0.262780 0.849936
-0.551606 -0.298427 0.817478
-0.537033 -0.344969 0.843503
-0.575289 -0.359583 0.864329
-0.603946 -0.359983 0.825073
-0.600006 -0.347528 0.780619
-0.605273 -0.287931 0.763134
-0.606251 -0.235231 0.739810
-0.583099 -0.174614 0.736441
-0.584413 -0.109758 0.722064
-0.563063 -0.053220 0.715354
-0.566500 0.014015 0.706757
-0.552668 0.050181 0.752184
-0.523117 0.057918 0.786966
-0.511758 0.007257 0.810609
-0.518143 -0.031368 0.774041
-0.483562 -0.005678 0.747871
-0.447150 -0.029949 0.765007
-0.414176 -0.067754 0.761914
-0.402761 -0.135069 0.766184
-0.359238 -0.168796 0.780402
-0.389180 -0.216778 0.785586
-0.422154 -0.263940 0.794387
-0.444454 -0.317419 0.800327
-0.459306 -0.374258 0.790553
-0.501837 -0.361803 0.773794
-0.512163 -0.307203 0.754929
-0.539702 -0.256343 0.735889
-0.518031 -0.198904 0.727292
-0.527225 -0.145225 0.699263
-0.512261 -0.089286 0.672105
-0.511101 -0.032008 0.648956
-0.465552 -0.028669 0.650670
-0.419346 -0.034067 0.653749
-0.376773 -0.042064 0.662404
-0.334619 -0.031948 0.660996
-0.330343 -0.050401 0.618052
-0.354543 -0.005698 0.599071
-0.330609 0.040025 0.615641
-0.294603 0.022132 0.595048
-0.306018 0.024911 0.553353
-0.315309 0.085208 0.553513
-0.274762 0.101202 0.564535
-0.253524 0.077371 0.529419
-0.274469 0.111897 0.499677
-0.259518 0.165237 0.517801
-0.217518 0.152322 0.512225
-0.218077 0.145065 0.467407
-0.233377 0.199784 0.455441
-0.199508 0.230532 0.480565
-0.163250 0.204802 0.499110
-0.161294 0.181051 0.543782
-0.126727 0.149383 0.563127
-0.128753 0.182371 0.608307
-0.140909 0.152182 0.655201
-0.167526 0.135768 0.696997
-0.183552 0.110638 0.736223
-0.218007 0.117655 0.770715
-0.229367 0.090985 0.817870
-0.246776 0.053660 0.852275
-0.273826 0.008577 0.873289
-0.307597 -0.010996 0.850416
-0.325635 -0.048422 0.822314
-0.293555 -0.057818 0.786777
-0.251107 -0.048582 0.784308
-0.242179 -0.101881 0.762234
-0.263724 -0.088326 0.725012
-0.242193 -0.038106 0.714367
-0.204370 -0.068374 0.708819
-0.216163 -0.111318 0.678379
-0.227676 -0.069754 0.647126
-0.188358 -0.047222 0.641971
-0.169105 -0.097883 0.629162
-0.195205 -0.110538 0.593508
-0.186682 -0.055139 0.571579
-0.141230 -0.065075 0.569299
-0.133783 -0.121674 0.550826
-0.129424 -0.106260 0.503511
-0.126937 -0.048142 0.486142
-0.114250 -0.002959 0.456791
-0.110254 0.045003 0.485721
-0.088681 0.047362 0.526617
-0.093250 0.065835 0.569226
-0.091545 0.098962 0.609846
-0.088569 0.083868 0.652587
-0.082715 0.110818 0.695109
-0.114977 0.076871 0.723879
-0.133140 0.074692 0.771092
-0.161951 0.096643 0.807312
-0.173674 0.091685 0.852899
-0.200682 0.118375 0.884079
-0.217448 0.147564 0.925629
-0.246469 0.182671 0.947718
-0.219432 0.185929 0.986232
-0.185676 0.228053 0.977417
-0.194157 0.286271 0.955677
-0.179612 0.332094 0.928577
-0.136773 0.316680 0.932702
-0.141594 0.259841 0.911890
-0.161238 0.276735 0.874262
-0.130584 0.316600 0.860001
-0.098699 0.274376 0.858766
-0.117953 0.237050 0.829358
-0.124911 0.278294 0.795955
-0.080773 0.291669 0.790974
-0.061785 0.238569 0.774462
-0.084252 0.252544 0.730182
-0.088094 0.276035 0.683898
-0.128837 0.270937 0.667037
-0.168141 0.282173 0.644991
-0.186179 0.223975 0.657118
-0.222576 0.194686 0.685583
-0.241690 0.145445 0.710010
-0.277584 0.134189 0.741698
-0.286806 0.098962 0.784831
-0.326012 0.107339 0.818364
-0.357854 0.138387 0.843125
-0.380447 0.187469 0.857053
-0.352084 0.196885 0.893127
-0.314289 0.203763 0.866783
-0.319808 0.255383 0.843227
-0.308267 0.297967 0.875119
-0.266519 0.285432 0.879810
-0.257437 0.288810 0.835719
-0.268782 0.348907 0.828835
-0.243926 0.374138 0.859943
-0.206983 0.351526 0.842864
-0.213187 0.381355 0.802679
-0.213061 0.439833 0.818756
-0.173813 0.434415 0.837490
-0.155538 0.419361 0.796217
-0.174959 0.429977 0.754043
-0.204524 0.383414 0.735701
-0.235151 0.430197 0.717126
-0.216848 0.450709 0.677377
-0.204818 0.440912 0.634753
-0.175350 0.392931 0.643801
-0.214752 0.348308 0.654141
-0.237261 0.287411 0.662738
-0.276844 0.250205 0.670958
-0.294854 0.191907 0.681836
-0.327339 0.151902 0.695284
-0.334619 0.088686 0.714425
-0.377052 0.073572 0.729979
-0.412737 0.094064 0.756584
-0.416146 0.156381 0.763773
-0.446270 0.157640 0.725346
-0.484917 0.136428 0.734219
-0.493706 0.196006 0.754696
-0.500217 0.257462 0.751559
-0.509871 0.318459 0.751719
-0.555420 0.320338 0.757136
-0.597770 0.310062 0.740144
-0.596289 0.333153 0.696881
-0.589526 0.395650 0.693628
-0.574283 0.449969 0.680659
-0.538109 0.465743 0.714889
-0.513504 0.424599 0.741030
-0.475095 0.401867 0.758269
-0.443182 0.365521 0.776350
-0.434506 0.334253 0.819482
-0.421344 0.311921 0.860335
-0.429671 0.310142 0.904513
-0.415839 0.373658 0.909669
-0.414400 0.410524 0.869862
-0.388425 0.402267 0.834310
-0.372469 0.397069 0.791787
-0.352769 0.386613 0.752503
-0.331196 0.398329 0.714425
-0.321597 0.410784 0.671902
-0.313060 0.353026 0.651135
-0.335247 0.300366 0.656101
-0.341423 0.234051 0.645035
-0.373014 0.180132 0.626896
-0.404773 0.127192 0.627158
-0.449763 0.103721 0.608859
-0.488466 0.099182 0.589486
-0.520825 0.124972 0.566975
-0.548295 0.123713 0.604531
-0.545347 0.174794 0.630382
-0.586061 0.194526 0.607044
-0.620684 0.160299 0.617471
-0.655098 0.141146 0.638848
-0.675497 0.099502 0.662114
-0.691579 0.069534 0.626475
-0.652219 0.049101 0.610965
-0.636459 0.020832 0.647068
-0.670928 -0.017593 0.650307
-0.670006 -0.043723 0.609774
-0.633231 -0.073472 0.616614
-0.647371 -0.108139 0.650786
-0.679619 -0.134969 0.627288
-0.655028 -0.160039 0.595251
-0.634894 -0.198485 0.622467
-0.669838 -0.228373 0.636234
-0.686298 -0.244167 0.595237
-0.650808 -0.277115 0.580714
-0.649327 -0.317579 0.613550
-0.689902 -0.336352 0.607174
-0.682902 -0.357504 0.565233
-0.653561 -0.400788 0.577795
-0.678208 -0.431136 0.606579
-0.709799 -0.444551 0.577199
-0.685864 -0.479818 0.549214
-0.666541 -0.523061 0.579741
-0.704853 -0.534697 0.607160
-0.746294 -0.509386 0.609062
-0.731497 -0.466863 0.650002
-0.723645 -0.442172 0.691101
-0.706557 -0.440833 0.732520
-0.696860 -0.433035 0.775624
-0.674673 -0.395490 0.806702
-0.671920 -0.362122 0.846073
-0.700172 -0.344349 0.878750
-0.668259 -0.360083 0.913793
-0.637171 -0.348608 0.944218
-0.646100 -0.407505 0.966482
-0.626203 -0.449069 0.936114
-0.596652 -0.486475 0.914577
-0.581437 -0.498211 0.873478
-0.576700 -0.493213 0.824856
-0.538850 -0.488934 0.802650
-0.547359 -0.522122 0.764572
-0.562546 -0.466843 0.742105
-0.532520 -0.423999 0.733522
-0.513211 -0.451269 0.698406
-0.551522 -0.444611 0.672933
-0.560241 -0.382555 0.671525
-0.530033 -0.355965 0.646516
-0.543027 -0.375497 0.606071
-0.577594 -0.334953 0.603079
-0.546311 -0.282153 0.600683
-0.520686 -0.280733 0.563693
-0.560269 -0.267818 0.534473
-0.580053 -0.204882 0.519544
-0.617610 -0.169975 0.496830
-0.633567 -0.100682 0.488785
-0.633790 -0.062656 0.453683
-0.593341 -0.079070 0.439015
-0.568638 -0.102901 0.478387
-0.541099 -0.120654 0.512718
-0.539897 -0.164118 0.553977
-0.503905 -0.195186 0.565581
-0.473306 -0.231452 0.596064
-0.442833 -0.257502 0.624631
-0.430412 -0.278034 0.664626
-0.441352 -0.221436 0.684885
-0.472342 -0.181031 0.668576
-0.464979 -0.148324 0.625691
-0.458552 -0.132810 0.583604
-0.438348 -0.131290 0.542838
-0.460633 -0.072532 0.525382
-0.461542 -0.012755 0.535446
-0.465971 0.048022 0.537480
-0.438250 0.105460 0.540660
-0.417306 0.163018 0.563011
-0.398457 0.220536 0.568355
-0.388411 0.270557 0.602658
-0.388300 0.336752 0.622626
-0.382278 0.394610 0.643539
-0.387447 0.457086 0.643510
-0.396026 0.512625 0.660502
-0.437971 0.493193 0.671045
-0.445418 0.432796 0.681545
-0.450797 0.389392 0.643699
-0.456651 0.341330 0.612780
-0.438013 0.319099 0.572523
-0.426430 0.293269 0.531917
-0.388593 0.266659 0.508783
-0.410907 0.199164 0.501376
-0.411689 0.132730 0.482816
-0.419765 0.062876 0.483789
-0.427757 0.014015 0.444897
-0.403208 -0.031488 0.430825
-0.365637 0.001859 0.438289
-0.373377 0.067634 0.433787
-0.363276 0.130490 0.433671
-0.380685 0.197265 0.443241
-0.372791 0.260801 0.443198
-0.373126 0.324937 0.442094
-0.325830 0.326376 0.437665
-0.289181 0.323477 0.412628
-0.249417 0.333193 0.430534
-0.215325 0.343609 0.454903
-0.171145 0.345869 0.453567
-0.130947 0.335572 0.471241
-0.121474 0.404286 0.474001
-0.138855 0.429737 0.512036
-0.157857 0.445391 0.548924
-0.188275 0.422599 0.575398
-0.227508 0.450689 0.585652
-0.242291 0.494752 0.563562
-0.266267 0.522461 0.537639
-0.259029 0.559387 0.506256
-0.238826 0.602811 0.489540
-0.233558 0.626562 0.448324
-0.188624 0.624423 0.453625
-0.180241 0.552390 0.453596
-0.196784 0.538895 0.408590
-0.193360 0.508887 0.361609
-0.195386 0.501369 0.315572
-0.179793 0.457666 0.279033
-0.164089 0.447530 0.236002
-0.156600 0.395270 0.199027
-0.132917 0.346908 0.167861
-0.113677 0.308123 0.139338
-0.063070 0.293329 0.138540
-0.021880 0.268378 0.132673
-0.016543 0.276795 0.183052
-0.045088 0.313641 0.205359
-0.083092 0.267978 0.194525
-0.109681 0.214518 0.209367
-0.145855 0.171675 0.205620
-0.176021 0.129191 0.232139
-0.198279 0.096343 0.260807
-0.211524 0.057978 0.292336
-0.227536 0.007817 0.309502
-0.260902 -0.032748 0.314817
-0.253385 -0.038485 0.362234
-0.249193 0.025470 0.377192
-0.242459 0.083188 0.359794
-0.194352 0.096443 0.361827
-0.147378 0.113997 0.365414
-0.105462 0.117875 0.370061
-0.075953 0.157740 0.386588
-0.067080 0.185490 0.344472
-0.109150 0.213079 0.343369
-0.155230 0.240629 0.335512
-0.192941 0.264260 0.326798
-0.221682 0.280393 0.285858
-0.252365 0.303785 0.255012
-0.286457 0.297247 0.223687
-0.314261 0.321758 0.191678
-0.345727 0.322178 0.163228
-0.371240 0.357444 0.139629
-0.401154 0.406266 0.138583
-0.434743 0.386013 0.105428
-0.470638 0.401507 0.143187
-0.493929 0.393191 0.179508
-0.504115 0.360883 0.215714
-0.516606 0.318539 0.243989
-0.510710 0.283752 0.279454
-0.481494 0.247286 0.251018
-0.440681 0.260981 0.244846
-0.399687 0.247326 0.245500
-0.360593 0.253424 0.264147
-0.319934 0.250405 0.269709
-0.282209 0.217157 0.268678
-0.246287 0.185629 0.282388
-0.198670 0.194426 0.279715
-0.151346 0.196925 0.274153
-0.112783 0.234171 0.279105
-0.065599 0.240908 0.259093
-0.023655 0.282013 0.258817
-0.006497 0.337952 0.261315
-0.043872 0.364841 0.277014
-0.047254 0.330714 0.315093
-0.010144 0.349167 0.334364
-0.021559 0.407745 0.335250
-0.056238 0.399628 0.361333
-0.036006 0.376857 0.396725
-0.009627 0.426258 0.402868
-0.039010 0.469901 0.407298
-0.060611 0.445531 0.441934
-0.026505 0.445231 0.470428
-0.012212 0.505528 0.467916
-0.054827 0.531998 0.473812
-0.096953 0.504468 0.482337
-0.128949 0.479018 0.449530
-0.163446 0.460545 0.422009
-0.183161 0.420700 0.381752
-0.200528 0.407665 0.337545
-0.202750 0.368380 0.297041
-0.209708 0.375397 0.244672
-0.223107 0.376697 0.199884
-0.235738 0.398629 0.160164
-0.264996 0.394410 0.127343
-0.233460 0.405706 0.092793
-0.190398 0.393630 0.090092
-0.167386 0.458666 0.098646
-0.148077 0.513645 0.106459
-0.159813 0.564306 0.072098
-0.186584 0.613007 0.043503
-0.206746 0.650393 0.012192
-0.252868 0.660549 -0.003928
-0.271451 0.716148 -0.003899
-0.256067 0.723845 0.042109
-0.250227 0.665787 0.063051
-0.238784 0.615206 0.092227
-0.219740 0.551490 0.100316
-0.203979 0.517723 0.134735
-0.177209 0.542314 0.165378
-0.189742 0.600212 0.156417
-0.231043 0.594014 0.169328
-0.225426 0.584218 0.213187
-0.206606 0.640377 0.219606
-0.236953 0.677962 0.202178
-0.270109 0.651133 0.230817
-0.264870 0.619705 0.269070
-0.250996 0.554849 0.269709
-0.206145 0.579320 0.282329
-0.167666 0.596473 0.300512
-0.146149 0.543414 0.270755
-0.111428 0.510066 0.241390
-0.089617 0.448490 0.224848
-0.055078 0.438433 0.185274
-0.048078 0.462424 0.141807
-0.043593 0.527580 0.141851
-0.030417 0.579000 0.120735
-0.016878 0.636778 0.110830
-0.041120 0.695336 0.092706
-0.063196 0.746576 0.085052
-0.103785 0.723385 0.088146
-0.095108 0.709610 0.133849
-0.081066 0.763910 0.151291
-0.120817 0.789720 0.150550
-0.144500 0.741538 0.179174
-0.105070 0.718967 0.206361
-0.072529 0.690937 0.233635
-0.031703 0.664048 0.242740
0.007433 0.640417 0.252935
0.039737 0.605530 0.244599
0.060220 0.554969 0.230570
0.069414 0.487195 0.230904
0.079515 0.488794 0.179174
0.095192 0.483696 0.135868
0.081919 0.501170 0.085735
0.064831 0.492393 0.035312
0.076260 0.469761 -0.005061
0.077476 0.409544 -0.032654
0.089645 0.349547 -0.055397
0.079865 0.290869 -0.078532
0.097889 0.228793 -0.096976
0.120971 0.183110 -0.116596
0.150704 0.146624 -0.133326
0.181903 0.133229 -0.164739
0.214375 0.116776 -0.188832
0.248704 0.129331 -0.214116
0.269900 0.152602 -0.250263
0.305221 0.151183 -0.277261
0.328792 0.169036 -0.310663
0.352475 0.157160 -0.347827
0.391374 0.172075 -0.323342
0.407036 0.129071 -0.294093
0.442037 0.113237 -0.320669
0.463679 0.171635 -0.312072
0.468961 0.185390 -0.267444
0.507985 0.159639 -0.258745
0.523201 0.210900 -0.293134
0.537243 0.256443 -0.318506
0.557293 0.275855 -0.355234
0.596946 0.264519 -0.338997
0.595409 0.202863 -0.342381
0.588451 0.200084 -0.386341
0.624415 0.230812 -0.398250
0.652597 0.193546 -0.378659
0.642663 0.143206 -0.402360
0.642285 0.160779 -0.446219
0.678110 0.204062 -0.446901
0.709030 0.180851 -0.416607
0.710344 0.119694 -0.413252
0.706823 0.099882 -0.455833
0.739434 0.132570 -0.474669
0.771597 0.114736 -0.448005
0.766931 0.054399 -0.456675
0.770717 0.056658 -0.501986
0.810021 0.084908 -0.502073
0.831789 0.044203 -0.476077
0.823965 -0.005078 -0.501057
0.842674 0.018893 -0.537828
0.881712 0.028589 -0.520503
0.889019 -0.030928 -0.508768
0.886099 -0.053140 -0.550797
0.916740 -0.016334 -0.569633
0.949058 -0.033167 -0.539556
0.952439 -0.094604 -0.546048
0.968675 -0.149203 -0.561791
0.924956 -0.178212 -0.559743
0.900882 -0.138547 -0.590531
0.909097 -0.106999 -0.628552
0.945453 -0.132590 -0.645369
0.930265 -0.190028 -0.656987
0.905618 -0.169376 -0.692946
0.939543 -0.144265 -0.717750
0.967738 -0.193107 -0.719392
0.935560 -0.236110 -0.738823
0.923237 -0.244487 -0.784148
0.886029 -0.295888 -0.778615
0.843149 -0.256463 -0.774331
0.802266 -0.227514 -0.778528
0.804851 -0.190068 -0.735381
0.803622 -0.146824 -0.702792
0.800897 -0.140926 -0.659906
0.784298 -0.159299 -0.621436
0.787875 -0.091125 -0.610413
0.760699 -0.035387 -0.603907
0.733929 0.006298 -0.586930
0.700717 -0.033287 -0.586508
0.719230 -0.071453 -0.555430
0.723254 -0.029649 -0.522144
0.682260 -0.015794 -0.519515
0.666136 -0.073112 -0.513256
0.687052 -0.085528 -0.475221
0.671291 -0.035746 -0.451505
0.629012 -0.050141 -0.457227
0.630046 -0.105260 -0.437723
0.642243 -0.085248 -0.396740
0.607034 -0.052900 -0.386080
0.579481 -0.106220 -0.393283
0.592139 -0.165197 -0.397001
0.605343 -0.188268 -0.440976
0.618603 -0.233411 -0.473521
0.646477 -0.227873 -0.509131
0.676461 -0.244167 -0.542504
0.719258 -0.221796 -0.534909
0.759763 -0.214638 -0.525890
0.793156 -0.199404 -0.500737
0.833201 -0.181851 -0.493882
0.879937 -0.186969 -0.491181
0.891031 -0.153782 -0.455019
0.895880 -0.132630 -0.412424
0.874195 -0.079130 -0.416999
0.836163 -0.103521 -0.430955
0.830057 -0.135868 -0.393138
0.829442 -0.088706 -0.364848
0.796761 -0.058958 -0.384090
0.768132 -0.105540 -0.377933
0.770298 -0.105220 -0.332549
0.758184 -0.046622 -0.327248
0.720543 -0.053900 -0.348989
0.703399 -0.096283 -0.321802
0.703427 -0.060317 -0.285292
0.678459 -0.016494 -0.303097
0.643920 -0.051341 -0.312363
0.635369 -0.067274 -0.269927
0.629878 -0.009556 -0.254838
0.598273 0.006258 -0.282605
0.570496 -0.037286 -0.270392
0.568862 -0.025110 -0.226577
0.556706 0.035187 -0.230178
0.520043 0.022312 -0.250496
0.502452 -0.013795 -0.218720
0.504450 0.028929 -0.185521
0.480670 0.072812 -0.205010
0.445683 0.037846 -0.211560
0.438949 0.024471 -0.168268
0.435470 0.082249 -0.153179
0.401098 0.095444 -0.179218
0.373769 0.049921 -0.164448
0.371324 0.076911 -0.122231
0.354361 0.134149 -0.139542
0.314275 0.153662 -0.135911
0.291333 0.204842 -0.142868
0.254964 0.233671 -0.132963
0.228920 0.275635 -0.150419
0.199061 0.315480 -0.148996
0.169286 0.338171 -0.177969
0.172402 0.394010 -0.144480
0.181778 0.445751 -0.116102
0.135488 0.480237 -0.115797
0.108871 0.526260 -0.128345
0.139428 0.546952 -0.161849
0.137989 0.513585 -0.198373
0.125107 0.501130 -0.239371
0.096324 0.457846 -0.226882
0.067541 0.502989 -0.211473
0.064915 0.540015 -0.247911
0.068491 0.481857 -0.280369
0.050551 0.425918 -0.291740
0.062483 0.436714 -0.338765
0.106454 0.423819 -0.337298
0.098015 0.360903 -0.328483
0.105546 0.291149 -0.332636
0.068575 0.302705 -0.309008
0.042881 0.332374 -0.278699
0.031256 0.349307 -0.236423
0.008258 0.335013 -0.195367
-0.016222 0.375877 -0.159540
-0.034134 0.385494 -0.109480
-0.068827 0.395930 -0.071474
-0.101871 0.422479 -0.046727
-0.137388 0.457706 -0.041615
-0.128683 0.502409 -0.007762
-0.087256 0.520362 0.003914
-0.048735 0.547232 0.002694
-0.038172 0.526980 -0.038217
-0.068170 0.558548 -0.061250
-0.055777 0.615426 -0.047395
-0.015034 0.613367 -0.063152
-0.025625 0.602591 -0.105196
-0.049978 0.654811 -0.110976
-0.015984 0.695896 -0.103206
0.021168 0.668166 -0.126166
-0.003912 0.627841 -0.162415
-0.032765 0.626202 -0.196210
-0.015188 0.579180 -0.218284
-0.019952 0.538455 -0.184983
-0.062483 0.541614 -0.183183
-0.072040 0.522861 -0.224877
-0.055106 0.465323 -0.215961
-0.071412 0.443971 -0.175820
-0.112909 0.431756 -0.182442
-0.104498 0.372658 -0.201191
-0.082841 0.351626 -0.156025
-0.105587 0.346808 -0.118484
-0.117520 0.322397 -0.071982
-0.136075 0.309702 -0.031013
-0.093068 0.274936 -0.016723
-0.057453 0.241308 -0.006877
-0.070182 0.186229 -0.022459
-0.072641 0.204322 -0.065098
-0.031479 0.219736 -0.069600
-0.015244 0.164118 -0.060465
-0.033631 0.137028 -0.096700
-0.016683 0.175553 -0.129521
0.023431 0.157500 -0.121040
0.018751 0.096503 -0.126718
0.002152 0.107499 -0.172058
0.004918 0.158220 -0.198954
-0.022146 0.209161 -0.194670
0.014643 0.240768 -0.170867
0.053877 0.275035 -0.159467
0.032220 0.320658 -0.123727
0.026016 0.354065 -0.078880
0.008607 0.403627 -0.048717
0.019966 0.413623 0.003638
0.038130 0.405406 0.045013
0.073130 0.381255 0.065999
0.053807 0.344989 0.096075
0.036104 0.308283 0.064692
0.071509 0.291609 0.042298
0.092062 0.267198 0.077777
0.062986 0.223115 0.084980
0.061911 0.196465 0.044200
0.104148 0.180032 0.046320
0.105140 0.146504 0.084907
0.069651 0.105680 0.068322
0.081779 0.068134 0.034092
0.091853 0.010036 0.021327
0.122927 0.038865 -0.012526
0.134161 0.094744 -0.024928
0.112797 0.128811 -0.059580
0.117045 0.187809 -0.034673
0.128544 0.258842 -0.034833
0.149893 0.317219 -0.029721
0.176650 0.362522 -0.042428
0.213816 0.369320 -0.018480
0.202219 0.344989 0.021980
0.172877 0.395690 0.031217
0.161532 0.447470 0.012540
0.138003 0.508307 0.009476
0.104079 0.553270 -0.001285
0.089170 0.586197 0.031943
0.088248 0.594674 0.075453
0.064635 0.568224 0.118281
0.029202 0.544753 0.151465
0.005924 0.533217 0.189195
-0.034162 0.557048 0.215597
-0.065376 0.583018 0.239502
-0.106356 0.609628 0.246603
-0.131464 0.667746 0.261170
-0.146693 0.722006 0.270159
-0.142166 0.779984 0.280819
-0.124128 0.781243 0.323487
-0.108731 0.738239 0.351690
-0.090763 0.712969 0.387663
-0.069302 0.665927 0.364005
-0.033477 0.689138 0.347769
-0.007908 0.688378 0.384787
-0.009836 0.627462 0.391177
0.002808 0.607849 0.350615
0.040994 0.634979 0.349657
0.056070 0.605070 0.386850
0.050789 0.545793 0.373503
0.075925 0.549531 0.337414
0.111623 0.565945 0.361232
0.112420 0.510526 0.382754
0.114711 0.471081 0.347290
0.154672 0.499430 0.335657
0.176510 0.486795 0.378281
0.165528 0.420560 0.381723
0.153694 0.385234 0.344647
0.112448 0.372418 0.332883
0.118805 0.375557 0.288487
0.147616 0.329115 0.285960
0.118065 0.287911 0.299524
0.089058 0.296747 0.266427
0.115116 0.281893 0.232473
0.121544 0.223595 0.246095
0.078468 0.207381 0.243859
0.062400 0.235770 0.201365
0.101508 0.236390 0.170548
0.113985 0.176033 0.164027
0.137444 0.121894 0.135403
0.160233 0.091925 0.101652
0.174931 0.139887 0.077167
0.213662 0.170315 0.061453
0.238672 0.207001 0.035167
0.283495 0.184410 0.042370
0.280966 0.108639 0.044694
0.272569 0.067454 0.009737
0.282796 0.012455 -0.011132
0.264325 -0.019992 -0.046248
0.261768 -0.019113 -0.097281
0.270151 -0.037186 -0.138467
0.267748 -0.036286 -0.182776
0.269425 -0.042224 -0.228102
0.277040 -0.030988 -0.269186
0.265052 -0.012575 -0.311593
0.269830 0.008357 -0.353433
0.277459 0.067894 -0.342221
0.317810 0.058378 -0.327568
0.328806 0.037326 -0.373271
0.326543 0.077810 -0.406746
0.368599 0.090186 -0.410798
0.378072 0.036806 -0.431943
0.351832 0.046502 -0.467669
0.371910 0.097463 -0.481596
0.410571 0.071413 -0.488160
0.396515 0.031328 -0.518803
0.381998 0.072492 -0.548604
0.419667 0.100842 -0.554036
0.441631 0.050941 -0.567556
0.415364 0.041164 -0.603863
0.423090 0.096043 -0.623033
0.466432 0.087567 -0.625124
0.466292 0.035786 -0.650162
0.445208 0.063336 -0.684363
0.475276 0.107359 -0.691188
0.508125 0.068694 -0.698392
0.489332 0.038685 -0.732418
0.483101 0.089566 -0.757383
0.526037 0.103221 -0.758501
0.538738 0.051001 -0.777831
0.512191 0.058718 -0.813818
0.527392 0.114077 -0.826497
0.568079 0.096663 -0.830592
0.561526 0.051680 -0.859710
0.539981 0.083868 -0.891210
0.569267 0.131430 -0.896337
0.599922 0.093664 -0.909915
0.578335 0.064116 -0.944116
0.571335 0.124513 -0.967150
0.612203 0.159020 -0.962589
0.643277 0.107999 -0.975602
0.677174 0.093924 -1.000000
0.720599 0.083248 -0.999768
0.747579 0.111718 -0.962197
0.785416 0.112177 -0.934851
0.762795 0.147664 -0.893723
0.735144 0.107279 -0.864430
0.752246 0.071513 -0.832233
0.739196 0.105760 -0.796406
0.695715 0.092805 -0.804727
0.698369 0.031248 -0.808489
0.709799 0.018933 -0.766126
0.671878 0.032947 -0.748698
0.648419 -0.008417 -0.772036
0.669824 -0.060237 -0.759532
0.658577 -0.060557 -0.716429
0.614425 -0.069953 -0.726638
0.614439 -0.117535 -0.755698
0.632044 -0.161259 -0.728134
0.594556 -0.174194 -0.705217
0.570636 -0.201903 -0.742279
0.602856 -0.258942 -0.747900
0.603722 -0.306424 -0.715006
0.564782 -0.343290 -0.723414
0.586369 -0.391371 -0.758937
0.606000 -0.448969 -0.737037
0.613461 -0.507787 -0.727960
0.638625 -0.554429 -0.718026
0.663956 -0.600812 -0.726551
0.671333 -0.660009 -0.721207
0.690028 -0.711390 -0.707599
0.713585 -0.761471 -0.704724
0.729388 -0.812631 -0.683927
0.757905 -0.851656 -0.661257
0.791410 -0.886463 -0.645529
0.813346 -0.918231 -0.610471
0.835702 -0.947640 -0.575355
0.866189 -0.968132 -0.542795
0.873566 -0.988264 -0.498007
0.892442 -1.000000 -0.452710
0.927317 -0.987925 -0.412671
0.942099 -0.977908 -0.362669
0.960976 -0.965933 -0.319304
0.979573 -0.922649 -0.278815
0.986978 -0.884524 -0.234157
1.000000 -0.850317 -0.193828
0.996172 -0.800036 -0.154892
0.998603 -0.766389 -0.107650
0.977337 -0.712569 -0.080609
0.959285 -0.681401 -0.033816
0.937153 -0.652592 0.010347
0.913499 -0.595194 0.032132
0.867293 -0.581619 0.051708
0.825013 -0.558408 0.072665
0.773665 -0.565085 0.069833
0.732392 -0.595294 0.057895
0.693507 -0.644055 0.052376
0.653798 -0.657230 0.022387
0.636822 -0.719667 0.013237
0.596694 -0.751754 0.004945
0.560031 -0.799296 -0.013891
0.524612 -0.835762 -0.012337
0.475584 -0.821728 -0.016592
0.436629 -0.845999 -0.001648
0.402523 -0.835183 0.027644
0.387042 -0.795158 0.064256
0.354124 -0.739239 0.066463
0.319655 -0.751614 0.089337
0.319864 -0.727644 0.132745
0.317237 -0.667326 0.163533
0.282489 -0.614227 0.160484
0.238784 -0.612987 0.179073
0.198293 -0.570183 0.165015
0.163865 -0.554049 0.124700
0.122522 -0.553150 0.107621
0.093306 -0.511945 0.078938
0.051920 -0.491353 0.081306
0.005268 -0.466843 0.070239
-0.019058 -0.415662 0.075874
-0.035559 -0.367061 0.107098
-0.034483 -0.300046 0.124075
-0.044138 -0.246886 0.146063
-0.015090 -0.194186 0.168892
0.006427 -0.142026 0.188425
0.033687 -0.093145 0.198548
0.033226 -0.070413 0.239720
0.051613 -0.030488 0.267182
0.056964 -0.015574 0.308296
0.054645 0.024631 0.341306
0.053667 0.042224 0.383727
0.053499 0.083548 0.415895
0.064663 0.139587 0.433598
0.065683 0.171875 0.471735
0.066228 0.219996 0.503090
0.093795 0.205402 0.538002
0.118232 0.268618 0.556824
0.094983 0.324937 0.578535
0.099216 0.329275 0.625299
0.107627 0.396229 0.637657
0.096981 0.443571 0.668489
0.076092 0.510506 0.673311
0.038479 0.533637 0.707672
0.058599 0.564685 0.751545
0.053192 0.635938 0.768798
0.050831 0.691417 0.797785
0.077126 0.737640 0.821036
0.114781 0.769568 0.843546
0.159366 0.798517 0.863123
0.203560 0.791139 0.881102
0.254279 0.770667 0.886694
0.299577 0.759451 0.888277
0.338210 0.724825 0.879345
0.370527 0.680381 0.850968
0.402663 0.652112 0.824188
0.424977 0.613687 0.789653
0.433737 0.571303 0.748873
0.440178 0.550831 0.703184
0.441408 0.537736 0.655869
0.443490 0.530998 0.610442
0.434981 0.549831 0.566118
0.421274 0.567524 0.524569
0.409272 0.573422 0.478314
0.392477 0.587257 0.437461
0.377220 0.575781 0.397350
0.374216 0.546752 0.357920
0.361948 0.536916 0.316080
0.353775 0.507487 0.279861
0.360621 0.486955 0.239894
0.356569 0.481197 0.197313
0.346453 0.462764 0.158683
0.358819 0.431396 0.121577
0.367146 0.443112 0.080884
0.375403 0.424699 0.041252
0.397731 0.428677 0.002723
0.386455 0.446670 -0.036329
0.393274 0.468062 -0.076978
0.389990 0.504028 -0.110903
0.375096 0.518083 -0.156243
0.368767 0.563026 -0.185303
0.348493 0.607069 -0.211342
0.346928 0.655411 -0.241666
0.335597 0.709011 -0.263145
0.315952 0.764250 -0.278495
0.310964 0.826606 -0.288821
0.290662 0.882625 -0.288603
0.248508 0.918771 -0.275910
0.223177 0.976649 -0.266500
0.189644 1.000000 -0.229205
