0.159938 -0.215993 0.193868
0.160636 -0.259501 0.157522
0.127995 -0.264415 0.120048
0.133651 -0.235330 0.081008
0.163899 -0.255018 0.049992
0.129006 -0.277785 0.017713
0.128935 -0.253167 -0.027827
0.141658 -0.248779 -0.070028
0.167105 -0.240930 -0.107433
0.155707 -0.185105 -0.115018
0.182236 -0.149414 -0.090352
0.220634 -0.140145 -0.108999
0.252848 -0.115559 -0.128334
0.293340 -0.110422 -0.145662
0.312147 -0.101120 -0.106595
0.302202 -0.144341 -0.089459
0.322591 -0.171990 -0.118536
0.362513 -0.152350 -0.111349
0.364892 -0.159242 -0.068722
0.359364 -0.208558 -0.068970
0.394485 -0.218546 -0.093265
0.423550 -0.198953 -0.066386
0.415457 -0.229331 -0.033557
0.429990 -0.269217 -0.060862
0.459397 -0.259134 -0.093966
0.441616 -0.230863 -0.130285
0.437100 -0.213089 -0.173187
0.411026 -0.191455 -0.200987
0.388258 -0.168129 -0.232964
0.348806 -0.152924 -0.243545
0.304938 -0.142985 -0.244287
0.267722 -0.167475 -0.267923
0.239099 -0.200357 -0.280112
0.271028 -0.237292 -0.280029
0.285831 -0.232633 -0.235643
0.254244 -0.236463 -0.207198
0.252563 -0.286719 -0.206868
0.295192 -0.293883 -0.195971
0.293853 -0.267797 -0.159404
0.262323 -0.293660 -0.140592
0.283951 -0.337200 -0.142488
0.319314 -0.321373 -0.119347
0.298113 -0.307779 -0.084361
0.281842 -0.351256 -0.075112
0.319570 -0.375730 -0.070605
0.335413 -0.349102 -0.038051
0.301832 -0.359472 -0.011543
0.310708 -0.408979 -0.012780
0.352952 -0.405772 0.002267
0.342580 -0.383468 0.039109
0.315680 -0.419382 0.053139
0.348393 -0.453764 0.053359
0.375279 -0.430901 0.080623
0.346726 -0.426896 0.113149
0.338377 -0.477759 0.114867
0.385323 -0.491129 0.120955
0.400469 -0.463336 0.155900
0.374737 -0.478142 0.192838
0.402620 -0.526532 0.204326
0.432669 -0.540046 0.234228
0.436587 -0.578959 0.263127
0.428380 -0.637528 0.259320
0.438638 -0.684227 0.243229
0.457673 -0.728310 0.226959
0.448683 -0.780034 0.208998
0.458429 -0.833562 0.196122
0.455237 -0.878698 0.167223
0.470910 -0.923434 0.146336
0.470796 -0.958901 0.105880
0.505988 -0.985657 0.074247
0.531776 -0.996650 0.036883
0.577212 -1.000000 0.008259
0.613971 -0.988066 -0.019939
0.667001 -0.977967 -0.027882
0.710528 -0.960688 -0.039027
0.755694 -0.928827 -0.028981
0.793507 -0.896343 -0.026989
0.828514 -0.854989 -0.008080
0.845811 -0.806615 -0.009207
0.872611 -0.755672 0.002061
0.894068 -0.706867 0.010870
0.927978 -0.666486 -0.011928
0.954179 -0.629758 -0.036141
0.968655 -0.603768 -0.073711
0.994486 -0.582038 -0.107474
1.000000 -0.541976 -0.146377
0.994173 -0.517024 -0.186874
0.991765 -0.465426 -0.214618
0.981207 -0.423546 -0.240261
0.976092 -0.364115 -0.248712
0.960633 -0.316618 -0.262137
0.939219 -0.263027 -0.248107
0.929816 -0.212228 -0.226271
0.900864 -0.165241 -0.214509
0.890506 -0.122451 -0.189608
0.858691 -0.098647 -0.152643
0.852123 -0.093956 -0.100191
0.842106 -0.082629 -0.056011
0.847706 -0.096844 -0.006830
0.832133 -0.096637 0.043438
0.829996 -0.114267 0.093073
0.853419 -0.136364 0.133982
0.843018 -0.159609 0.180731
0.846110 -0.191662 0.224279
0.823713 -0.203995 0.269283
0.814850 -0.247104 0.306757
0.798921 -0.287868 0.338363
0.768303 -0.323064 0.359127
0.744609 -0.374821 0.375905
0.746233 -0.435831 0.377458
0.721043 -0.481796 0.401424
0.704031 -0.540732 0.397342
0.684626 -0.587973 0.406687
0.662029 -0.643862 0.398538
0.643023 -0.699767 0.396490
0.611991 -0.741329 0.405807
0.577426 -0.788921 0.404516
0.536264 -0.825808 0.389152
0.492965 -0.852660 0.380976
0.443483 -0.871885 0.366011
0.402634 -0.885797 0.340548
0.360404 -0.904576 0.313394
0.309853 -0.903507 0.291009
0.273564 -0.889355 0.261835
0.235836 -0.892865 0.223551
0.204220 -0.872619 0.193016
0.186966 -0.856840 0.145236
0.175953 -0.859791 0.095175
0.163358 -0.848160 0.051751
0.163144 -0.843613 0.001003
0.152401 -0.819506 -0.040098
0.152187 -0.782874 -0.082231
0.172106 -0.769808 -0.121381
0.180512 -0.747280 -0.159514
0.195059 -0.708734 -0.191711
0.216402 -0.702575 -0.236138
0.227045 -0.667236 -0.269874
0.240680 -0.671017 -0.311910
0.257977 -0.653371 -0.353135
0.273820 -0.665465 -0.397095
0.275274 -0.654488 -0.441110
0.256338 -0.642012 -0.481758
0.259658 -0.609991 -0.522887
0.267338 -0.598775 -0.571340
0.259801 -0.582932 -0.611617
0.233015 -0.546141 -0.641382
0.219437 -0.530250 -0.684297
0.175212 -0.505249 -0.703110
0.150862 -0.484827 -0.743881
0.102135 -0.486710 -0.759643
0.047908 -0.491401 -0.760866
0.001845 -0.500973 -0.771420
-0.042608 -0.525958 -0.772822
-0.075406 -0.565095 -0.762639
-0.106880 -0.601503 -0.737739
-0.146688 -0.628099 -0.718322
-0.167233 -0.662561 -0.683995
-0.190728 -0.691678 -0.643498
-0.217756 -0.710122 -0.613720
-0.238842 -0.709834 -0.564978
-0.264716 -0.722598 -0.527861
-0.280574 -0.721481 -0.478680
-0.302729 -0.726411 -0.441261
-0.324457 -0.706628 -0.396298
-0.352725 -0.672022 -0.364129
-0.392234 -0.659418 -0.333278
-0.413577 -0.617777 -0.302607
-0.462974 -0.594866 -0.298237
-0.509507 -0.576103 -0.305039
-0.552207 -0.546428 -0.286763
-0.593326 -0.528176 -0.316019
-0.640629 -0.515667 -0.334804
-0.683586 -0.494464 -0.350249
-0.705770 -0.460959 -0.386638
-0.740021 -0.438814 -0.419288
-0.759042 -0.393264 -0.446235
-0.783263 -0.355308 -0.467247
-0.824026 -0.328680 -0.483050
-0.858477 -0.283162 -0.480686
-0.888283 -0.244982 -0.470297
-0.895635 -0.186030 -0.463825
-0.914656 -0.140448 -0.467535
-0.915411 -0.083969 -0.448778
-0.930499 -0.038227 -0.432164
-0.930129 0.009158 -0.399967
-0.922122 0.047752 -0.369392
-0.926026 0.100737 -0.345261
-0.921310 0.135215 -0.310302
-0.919187 0.155493 -0.265477
-0.908515 0.165959 -0.218741
-0.886901 0.170857 -0.175922
-0.878951 0.174495 -0.135507
-0.851994 0.162944 -0.090970
-0.828357 0.155238 -0.051367
-0.806074 0.159290 -0.003697
-0.763729 0.141086 0.023567
-0.734579 0.179999 0.050336
-0.712081 0.203676 0.084910
-0.673299 0.238712 0.103736
-0.651870 0.294170 0.106086
-0.644504 0.347347 0.113699
-0.621580 0.399933 0.103489
-0.624828 0.458151 0.091204
-0.630057 0.505425 0.113919
-0.615225 0.557054 0.103255
-0.619884 0.611490 0.091657
-0.597159 0.660280 0.069025
-0.582284 0.702368 0.047093
-0.560827 0.745684 0.025106
-0.519651 0.764351 -0.003889
-0.480213 0.792463 -0.026205
-0.444594 0.832892 -0.027717
-0.395468 0.860031 -0.026755
-0.358010 0.895274 -0.020709
-0.322263 0.902821 0.014910
-0.290775 0.938368 0.037845
-0.266839 0.942468 0.076500
-0.234710 0.958167 0.114084
-0.211914 0.960130 0.155405
-0.169299 0.976850 0.184318
-0.126684 0.993395 0.211788
-0.077615 0.980807 0.230119
-0.034786 0.990970 0.249894
0.019854 1.000000 0.252546
0.067698 0.993044 0.260846
0.122894 0.990379 0.255376
0.166464 0.964230 0.245661
0.213040 0.951004 0.248629
0.256566 0.920243 0.230037
0.290505 0.881840 0.216048
0.330398 0.853425 0.206813
0.361872 0.805578 0.197304
0.390339 0.765771 0.181776
0.409388 0.713073 0.177887
0.423365 0.662130 0.152162
0.451134 0.621478 0.138847
0.470126 0.581065 0.108725
0.503038 0.563292 0.084072
0.525407 0.531111 0.047272
0.549415 0.516960 0.006940
0.572525 0.501324 -0.034148
0.602887 0.463703 -0.058402
0.633220 0.423275 -0.079523
0.654478 0.373512 -0.093183
0.670392 0.324260 -0.092001
0.666232 0.265612 -0.079359
0.674225 0.213807 -0.077916
0.654834 0.169948 -0.045581
0.631240 0.132806 -0.018070
0.613017 0.101902 0.015088
0.574648 0.098535 0.053400
0.542476 0.102827 0.091575
0.518654 0.123951 0.128375
0.471052 0.148441 0.137692
0.437442 0.164651 0.166330
0.386948 0.175165 0.174122
0.340215 0.182153 0.190227
0.298797 0.157535 0.210152
0.257421 0.154759 0.238502
0.222771 0.121366 0.262866
0.184345 0.127700 0.296863
0.163529 0.078608 0.312212
0.126541 0.048614 0.339297
0.137170 0.009238 0.377802
0.118306 -0.014806 0.414671
0.137142 -0.056080 0.448379
0.151162 -0.101519 0.469308
0.188434 -0.135183 0.489288
0.191924 -0.164412 0.531640
0.213980 -0.199193 0.559866
0.209649 -0.245828 0.591128
0.214806 -0.287645 0.620811
0.191654 -0.341491 0.632532
0.176551 -0.390201 0.643086
0.142727 -0.427630 0.651839
0.117295 -0.479195 0.638249
0.083955 -0.515380 0.628739
0.064920 -0.561585 0.599799
0.040627 -0.603051 0.581963
0.007387 -0.627078 0.545245
-0.018287 -0.654392 0.518847
-0.034715 -0.671352 0.470833
-0.058936 -0.692476 0.433181
-0.074238 -0.688886 0.382652
-0.075691 -0.710616 0.333869
-0.106566 -0.705000 0.292410
-0.107734 -0.718035 0.243737
-0.138310 -0.723890 0.205618
-0.159511 -0.724736 0.156834
-0.193192 -0.710680 0.124308
-0.218995 -0.704330 0.077696
-0.257079 -0.689748 0.050721
-0.303755 -0.677335 0.026315
-0.353166 -0.674958 0.014937
-0.398488 -0.685217 -0.005895
-0.452658 -0.690513 -0.011309
-0.501471 -0.687354 -0.018276
-0.551295 -0.690817 -0.010471
-0.605109 -0.681946 -0.019706
-0.649975 -0.666821 -0.009248
-0.702094 -0.648968 -0.010169
-0.735391 -0.619978 0.009496
-0.785472 -0.600258 0.015418
-0.817344 -0.555426 0.031730
-0.863279 -0.530234 0.041253
-0.876985 -0.484779 0.071498
-0.918560 -0.455056 0.078809
-0.925256 -0.403730 0.104080
-0.962286 -0.367960 0.104685
-0.974055 -0.312295 0.119003
-0.977731 -0.262373 0.130409
-0.989314 -0.205144 0.120721
-0.981891 -0.153722 0.132525
-0.996780 -0.094180 0.128403
-0.994002 -0.048965 0.153234
-1.000000 -0.010849 0.184991
-0.988473 0.042838 0.207253
-0.971334 0.081129 0.235341
-0.952113 0.134018 0.253329
-0.926068 0.161189 0.282544
-0.892971 0.203724 0.302634
-0.864376 0.227943 0.328854
-0.829141 0.261431 0.345096
-0.792439 0.269983 0.382721
-0.748028 0.266936 0.397796
-0.699971 0.290676 0.409655
-0.667058 0.327659 0.423232
-0.625512 0.334296 0.453106
-0.594637 0.366428 0.481167
-0.577283 0.383500 0.521678
-0.568321 0.391461 0.565651
-0.564617 0.396327 0.617059
-0.570330 0.381218 0.660799
-0.561839 0.374485 0.712344
-0.550441 0.349341 0.751920
-0.525293 0.343007 0.798216
-0.489090 0.332046 0.827582
-0.448127 0.351112 0.858268
-0.411140 0.352835 0.885050
-0.359278 0.362743 0.898284
-0.312717 0.391716 0.907848
-0.266041 0.391493 0.901499
-0.214265 0.409729 0.907202
-0.172576 0.388892 0.892883
-0.118221 0.389515 0.887922
-0.074936 0.374725 0.869041
-0.040927 0.345991 0.847041
0.001403 0.331839 0.819131
0.027619 0.314161 0.776546
0.045628 0.303679 0.735430
0.046455 0.320655 0.685136
0.060546 0.343294 0.641670
0.043035 0.365200 0.595058
0.031053 0.401560 0.561061
0.023730 0.436262 0.528246
0.003256 0.480807 0.508486
-0.012602 0.523070 0.492270
-0.022077 0.562063 0.454865
-0.038205 0.609225 0.430886
-0.030355 0.631418 0.382900
-0.051171 0.660774 0.342197
-0.043790 0.676665 0.298457
-0.048991 0.687482 0.246293
-0.025454 0.691455 0.206511
-0.028759 0.707202 0.160613
-0.001688 0.722837 0.115719
0.030398 0.739845 0.078658
0.057297 0.769297 0.047313
0.092660 0.795207 0.020887
0.110783 0.846948 -0.000096
0.155108 0.878059 -0.018606
0.196669 0.910240 -0.029545
0.237446 0.941064 -0.025738
0.286658 0.960161 -0.043273
0.333846 0.963432 -0.051463
0.374851 0.941447 -0.078644
0.422225 0.943074 -0.104259
0.450735 0.959284 -0.146033
0.470667 0.949073 -0.186255
0.460950 0.942404 -0.237224
0.447828 0.962220 -0.285883
0.433367 0.969926 -0.329596
0.402748 0.972734 -0.365915
0.361031 0.956396 -0.395790
0.328375 0.960959 -0.427560
0.278237 0.946760 -0.442951
0.226945 0.946345 -0.430158
0.183946 0.948882 -0.455951
0.130787 0.935703 -0.459744
0.085294 0.934778 -0.472001
0.041112 0.916334 -0.499718
0.003883 0.913909 -0.531049
-0.007715 0.907815 -0.575806
-0.010664 0.880070 -0.621525
-0.022305 0.864961 -0.664427
-0.015965 0.824372 -0.700526
-0.026337 0.802514 -0.744143
-0.024955 0.754156 -0.770458
-0.039274 0.721082 -0.806695
-0.052881 0.667491 -0.819887
-0.079652 0.623823 -0.835566
-0.102463 0.588500 -0.856577
-0.122837 0.531430 -0.865235
-0.154951 0.496171 -0.876874
-0.165765 0.450892 -0.904330
-0.179629 0.392706 -0.914265
-0.193549 0.342720 -0.937187
-0.181937 0.298047 -0.960767
-0.163799 0.241552 -0.969232
-0.145790 0.199352 -0.992964
-0.130887 0.143591 -0.994201
-0.123706 0.086266 -1.000000
-0.099342 0.039488 -0.991989
-0.102933 -0.018571 -0.978164
-0.100838 -0.065270 -0.958198
-0.128237 -0.109720 -0.935799
-0.148739 -0.150882 -0.915846
-0.190813 -0.169581 -0.887441
-0.232245 -0.195778 -0.867365
-0.250910 -0.213632 -0.827885
-0.291502 -0.229411 -0.800168
-0.314213 -0.258177 -0.765621
-0.318530 -0.289942 -0.728807
-0.329130 -0.316172 -0.683775
-0.315467 -0.347044 -0.645875
-0.292998 -0.375363 -0.611150
-0.260926 -0.406762 -0.588366
-0.227786 -0.428141 -0.551030
-0.186952 -0.445786 -0.532424
-0.146417 -0.456715 -0.498042
-0.103175 -0.452870 -0.477017
-0.070320 -0.449552 -0.434624
-0.040043 -0.431794 -0.399033
-0.008727 -0.399151 -0.375933
0.005151 -0.364211 -0.339297
0.031224 -0.320160 -0.332550
0.027406 -0.261735 -0.319550
0.039431 -0.212084 -0.316912
0.023473 -0.156371 -0.328029
0.013286 -0.102668 -0.322601
0.017788 -0.060436 -0.358536
0.000264 -0.030904 -0.393591
-0.052881 -0.029580 -0.401217
-0.070049 0.016497 -0.424414
-0.108632 0.021395 -0.453477
-0.152886 0.030393 -0.458892
-0.196441 0.041035 -0.430872
-0.229638 0.065127 -0.453422
-0.268748 0.031287 -0.434802
-0.271170 0.002888 -0.398084
-0.286700 0.037350 -0.370257
-0.325996 0.043189 -0.388726
-0.338790 -0.003494 -0.384178
-0.334046 -0.004611 -0.341482
-0.365134 0.032691 -0.336783
-0.399657 0.010721 -0.357148
-0.400839 -0.029931 -0.330626
-0.409986 -0.002808 -0.291916
-0.458927 0.012157 -0.297261
-0.483747 -0.028303 -0.267826
-0.482636 -0.019720 -0.222987
-0.507184 -0.014136 -0.186379
-0.491398 -0.019608 -0.145731
-0.471451 -0.036632 -0.108601
-0.488548 -0.014551 -0.073147
-0.504235 -0.062223 -0.059254
-0.470767 -0.094978 -0.048357
-0.459996 -0.082405 -0.008149
-0.496014 -0.093829 0.014264
-0.495003 -0.142985 0.010155
-0.456562 -0.149606 0.030933
-0.468388 -0.127684 0.067238
-0.503950 -0.156068 0.075044
-0.483533 -0.199464 0.076074
-0.454895 -0.186381 0.106498
-0.484972 -0.173857 0.136263
-0.504078 -0.217540 0.139135
-0.467447 -0.241393 0.150747
-0.459098 -0.215275 0.186022
-0.498080 -0.223444 0.204505
-0.493749 -0.272536 0.206318
-0.457189 -0.273238 0.229308
-0.473859 -0.248030 0.262096
-0.506287 -0.279221 0.271317
-0.480142 -0.318676 0.279012
-0.456819 -0.295845 0.309615
-0.490629 -0.287661 0.335257
-0.502768 -0.334854 0.338954
-0.464698 -0.352069 0.353726
-0.460494 -0.319905 0.387173
-0.499761 -0.332381 0.405244
-0.490885 -0.380038 0.409861
-0.455978 -0.370593 0.433813
-0.477521 -0.343087 0.463770
-0.505161 -0.381713 0.475684
-0.467276 -0.414260 0.485839
-0.434749 -0.384473 0.508554
-0.455679 -0.392339 0.549725
-0.434792 -0.435416 0.556733
-0.413933 -0.469910 0.575710
-0.411810 -0.517694 0.570901
-0.427169 -0.565462 0.564854
-0.388843 -0.583937 0.595058
-0.407749 -0.581320 0.635899
-0.424633 -0.606465 0.667010
-0.451191 -0.612208 0.702821
-0.430403 -0.628339 0.739415
-0.454411 -0.639012 0.773385
-0.444081 -0.662497 0.807231
-0.469998 -0.638645 0.835690
-0.492808 -0.602205 0.855918
-0.473731 -0.632742 0.892842
-0.446831 -0.642714 0.925795
-0.444722 -0.650771 0.967569
-0.469200 -0.612416 0.980748
-0.510347 -0.637385 0.963392
-0.524424 -0.681228 0.982067
-0.565443 -0.652877 1.000000
-0.596489 -0.641326 0.970648
-0.633263 -0.646926 0.947053
-0.654962 -0.645362 0.910802
-0.671518 -0.600769 0.918993
-0.634260 -0.574859 0.918979
-0.623788 -0.585213 0.878853
-0.659621 -0.565988 0.860508
-0.655204 -0.520246 0.878276
-0.615111 -0.511455 0.860645
-0.628476 -0.515428 0.820574
-0.658268 -0.477855 0.824408
-0.630698 -0.441830 0.832969
-0.604539 -0.447063 0.799536
-0.635713 -0.439772 0.769867
-0.649890 -0.395003 0.782894
-0.610352 -0.373353 0.781905
-0.602231 -0.381490 0.741326
-0.635685 -0.357526 0.724629
-0.627222 -0.313523 0.742219
-0.585248 -0.309503 0.727446
-0.595506 -0.314895 0.685548
-0.619756 -0.274403 0.683500
-0.590349 -0.240994 0.696720
-0.560841 -0.252066 0.666268
-0.587884 -0.241042 0.634800
-0.595421 -0.193641 0.643759
-0.553490 -0.180622 0.641712
-0.547833 -0.195587 0.600239
-0.583980 -0.162162 0.587597
-0.604796 -0.124876 0.612593
-0.633419 -0.134465 0.648541
-0.595079 -0.123520 0.680477
-0.566526 -0.112528 0.715848
-0.564546 -0.164683 0.731184
-0.540866 -0.208303 0.746492
-0.563221 -0.208079 0.788954
-0.577597 -0.223109 0.831842
-0.587171 -0.230639 0.872903
-0.604155 -0.251779 0.907120
-0.644319 -0.230751 0.901788
-0.653366 -0.251556 0.863421
-0.648579 -0.298382 0.876544
-0.680594 -0.296228 0.905264
-0.712893 -0.282396 0.878839
-0.710856 -0.321931 0.853032
-0.720017 -0.354798 0.884404
-0.759142 -0.335572 0.897184
-0.779259 -0.345209 0.859037
-0.772763 -0.395450 0.861841
-0.765767 -0.404336 0.912589
-0.750707 -0.423530 0.949939
-0.718721 -0.453636 0.935730
-0.687575 -0.415648 0.929532
-0.675636 -0.398210 0.968408
-0.650175 -0.438001 0.979882
-0.623019 -0.438719 0.941653
-0.598484 -0.399518 0.937681
-0.566042 -0.413447 0.963516
-0.556026 -0.454737 0.942188
-0.546836 -0.431970 0.904605
-0.514237 -0.402948 0.920916
-0.489631 -0.440234 0.933243
-0.486126 -0.461518 0.894903
-0.463643 -0.423626 0.878482
-0.429135 -0.424439 0.904729
-0.417267 -0.473643 0.900991
-0.417281 -0.473835 0.854530
-0.401110 -0.432512 0.829974
-0.415529 -0.445866 0.782331
-0.459611 -0.467405 0.764384
-0.499548 -0.441638 0.766116
-0.502098 -0.392004 0.753693
-0.486254 -0.366428 0.793434
-0.475098 -0.320400 0.818595
-0.456776 -0.289288 0.848099
-0.454439 -0.236702 0.868739
-0.441103 -0.191519 0.888884
-0.417196 -0.148170 0.885765
-0.385993 -0.172772 0.856935
-0.361230 -0.197980 0.825672
-0.330242 -0.222550 0.859161
-0.351684 -0.255544 0.888857
-0.358096 -0.295016 0.915310
-0.389156 -0.322091 0.935263
-0.400440 -0.343023 0.977367
-0.449139 -0.325074 0.979016
-0.489916 -0.307109 0.979154
-0.479002 -0.258767 0.985200
-0.462218 -0.249146 0.943769
-0.500801 -0.247838 0.921219
-0.523056 -0.218705 0.888513
-0.516830 -0.251986 0.848401
-0.529482 -0.273334 0.805664
-0.514123 -0.303934 0.766061
-0.502098 -0.323559 0.726910
-0.482892 -0.348846 0.692116
-0.527217 -0.350251 0.667903
-0.555613 -0.329653 0.638249
-0.596831 -0.319729 0.619230
-0.604340 -0.305131 0.577826
-0.622890 -0.298829 0.539583
-0.620597 -0.295255 0.498042
-0.613986 -0.246338 0.496929
-0.575175 -0.248125 0.518778
-0.553589 -0.276955 0.492312
-0.559630 -0.248428 0.458699
-0.540496 -0.207617 0.472771
-0.500217 -0.226922 0.482390
-0.492737 -0.244472 0.443501
-0.497881 -0.203341 0.420896
-0.466778 -0.177064 0.440024
-0.432825 -0.208494 0.433346
-0.436459 -0.210840 0.390609
-0.435205 -0.162370 0.381759
-0.395938 -0.153818 0.399830
-0.372372 -0.186317 0.377115
-0.383984 -0.167459 0.339022
-0.368924 -0.121829 0.344629
-0.326979 -0.134337 0.349246
-0.323403 -0.154887 0.311099
-0.334445 -0.115160 0.288494
-0.301689 -0.086649 0.302167
-0.269361 -0.114410 0.286873
-0.281799 -0.111490 0.246224
-0.279263 -0.062829 0.242858
-0.236705 -0.058234 0.251117
-0.223341 -0.085373 0.218700
-0.242347 -0.057229 0.188495
-0.218511 -0.016704 0.197359
-0.178816 -0.035116 0.190900
-0.185342 -0.050161 0.150733
-0.193805 -0.004180 0.136675
-0.155479 0.016848 0.148425
-0.129704 -0.012253 0.125668
-0.147457 -0.002457 0.088359
-0.139849 0.046380 0.089582
-0.096464 0.042966 0.090943
-0.089611 0.017933 0.055462
-0.108048 0.050002 0.029132
-0.081533 0.088324 0.039494
-0.042864 0.066834 0.029311
-0.055630 0.061616 -0.011598
-0.063039 0.109863 -0.020599
-0.023046 0.127844 -0.010691
-0.001546 0.097147 -0.038394
-0.021991 0.111044 -0.073711
-0.010095 0.158445 -0.071443
0.032805 0.149590 -0.073917
0.033546 0.126201 -0.111844
0.014169 0.161620 -0.134243
0.046156 0.194741 -0.126122
0.080008 0.170108 -0.142680
0.064307 0.167682 -0.181734
0.060959 0.216934 -0.188014
0.103631 0.225885 -0.183713
0.117508 0.196417 -0.215044
0.094384 0.218195 -0.247269
0.112479 0.262883 -0.243339
0.154894 0.248907 -0.247241
0.149438 0.228262 -0.285993
0.131941 0.263872 -0.309217
0.166578 0.293835 -0.301329
0.197438 0.264128 -0.319619
0.178802 0.261958 -0.358137
0.178346 0.311130 -0.364610
0.223683 0.315741 -0.359140
0.233585 0.287533 -0.393989
0.212156 0.320224 -0.421280
0.219337 0.366955 -0.397315
0.248459 0.402549 -0.384466
0.216473 0.431252 -0.362988
0.216017 0.403044 -0.325885
0.225749 0.386531 -0.285677
0.237774 0.351862 -0.254676
0.201855 0.377469 -0.225639
0.166706 0.382527 -0.190282
0.140775 0.395545 -0.158140
0.110285 0.386116 -0.129516
0.078128 0.411947 -0.148328
0.075805 0.384808 -0.184497
0.063310 0.343326 -0.164956
0.026893 0.361131 -0.147573
0.007145 0.377979 -0.184579
0.005578 0.332461 -0.203048
-0.018301 0.307907 -0.166055
-0.046782 0.350681 -0.149785
-0.079966 0.380692 -0.145374
-0.098445 0.412202 -0.118289
-0.122737 0.377565 -0.097030
-0.087089 0.347778 -0.080815
-0.061486 0.368838 -0.052246
-0.082701 0.346709 -0.018318
-0.076432 0.298111 -0.029916
-0.031081 0.297505 -0.041885
-0.003199 0.304317 -0.011035
0.002899 0.256597 -0.000563
0.018771 0.244488 -0.039714
0.052211 0.275982 -0.041624
0.075720 0.264925 -0.008259
0.079538 0.216216 -0.018964
0.099684 0.225374 -0.056973
0.135361 0.245828 -0.039988
0.148241 0.208111 -0.016627
0.151361 0.175915 -0.048632
0.181082 0.201091 -0.071155
0.212983 0.204761 -0.041376
0.217228 0.153642 -0.035495
0.211586 0.130939 -0.080307
0.227886 0.163056 -0.115650
0.261981 0.167842 -0.143986
0.239982 0.199304 -0.172995
0.241920 0.241855 -0.142213
0.250468 0.292240 -0.131577
0.260798 0.332381 -0.107007
0.265343 0.389164 -0.112682
0.276869 0.438750 -0.117877
0.259359 0.483902 -0.144192
0.253988 0.524283 -0.169065
0.213097 0.554086 -0.181913
0.213880 0.603401 -0.176842
0.234853 0.599971 -0.134999
0.223027 0.551246 -0.117780
0.218254 0.504403 -0.097979
0.210575 0.450429 -0.108038
0.197595 0.405278 -0.118674
0.210048 0.361722 -0.145951
0.212484 0.325122 -0.178588
0.238970 0.283225 -0.198115
0.254671 0.248428 -0.223633
0.286230 0.208702 -0.228649
0.277197 0.179505 -0.260640
0.281415 0.161620 -0.298484
0.273308 0.144102 -0.335532
0.284606 0.113549 -0.369378
0.300578 0.158014 -0.395583
0.345715 0.173793 -0.386129
0.368568 0.154424 -0.421816
0.379923 0.199033 -0.450592
0.429976 0.207026 -0.438925
0.436159 0.162433 -0.408528
0.424647 0.113852 -0.414465
0.420045 0.057676 -0.415688
0.428451 0.012301 -0.406151
0.454055 -0.026708 -0.404653
0.464284 -0.072226 -0.409325
0.478247 -0.103625 -0.370944
0.492666 -0.131498 -0.336810
0.477635 -0.152063 -0.295860
0.487936 -0.204681 -0.295667
0.465567 -0.246817 -0.271303
0.437356 -0.280912 -0.251515
0.476053 -0.321357 -0.252285
0.498151 -0.362998 -0.257974
0.512755 -0.406442 -0.276937
0.490814 -0.456237 -0.275824
0.464128 -0.496139 -0.279603
0.425303 -0.463815 -0.281692
0.440533 -0.433198 -0.321749
0.471551 -0.468681 -0.345728
0.499334 -0.498436 -0.364376
0.539584 -0.519496 -0.363950
0.540752 -0.509764 -0.411922
0.543716 -0.503382 -0.455126
0.524210 -0.517199 -0.494235
0.538245 -0.466974 -0.517445
0.542889 -0.421121 -0.538305
0.495772 -0.403922 -0.526817
0.461136 -0.363477 -0.516992
0.426314 -0.341172 -0.491817
0.405983 -0.296276 -0.479724
0.376632 -0.263633 -0.450949
0.373854 -0.214030 -0.441261
0.392006 -0.172820 -0.464100
0.344333 -0.156036 -0.480604
0.310451 -0.129902 -0.508843
0.288823 -0.114490 -0.544022
0.268193 -0.075449 -0.522887
0.310508 -0.048406 -0.514738
0.329429 -0.041849 -0.555194
0.350915 -0.007818 -0.587061
0.369252 -0.029404 -0.623573
0.409701 -0.057213 -0.631433
0.441787 -0.053224 -0.596776
0.434478 -0.083554 -0.564112
0.461079 -0.120872 -0.575174
0.497610 -0.100625 -0.558931
0.485172 -0.102636 -0.518091
0.484559 -0.153387 -0.518970
0.526846 -0.159769 -0.528645
0.544257 -0.133907 -0.496874
0.527601 -0.160072 -0.464594
0.551979 -0.200692 -0.476660
0.592899 -0.179042 -0.475340
0.590391 -0.169278 -0.434088
0.581159 -0.216408 -0.419412
0.618502 -0.233415 -0.447431
0.660918 -0.220715 -0.442140
0.671489 -0.270573 -0.435215
0.663482 -0.283784 -0.481071
0.675351 -0.308864 -0.520180
0.633405 -0.330706 -0.535804
0.611763 -0.297967 -0.562106
0.589223 -0.293819 -0.606437
0.538943 -0.282284 -0.594921
0.497695 -0.248333 -0.597436
0.448583 -0.244504 -0.592750
0.407165 -0.218450 -0.593890
0.360661 -0.215482 -0.592049
0.328646 -0.183828 -0.602245
0.295235 -0.220045 -0.589892
0.297472 -0.226922 -0.546097
0.278081 -0.230671 -0.507620
0.320339 -0.245269 -0.489948
0.361173 -0.232841 -0.503470
0.392490 -0.254491 -0.532547
0.435846 -0.283975 -0.537302
0.474343 -0.306950 -0.560347
0.515234 -0.338955 -0.556224
0.561326 -0.352277 -0.565720
0.601106 -0.385111 -0.562930
0.630741 -0.422381 -0.562147
0.613501 -0.444733 -0.518366
0.600037 -0.455184 -0.479051
0.625754 -0.422732 -0.458259
0.604625 -0.383165 -0.474461
0.565842 -0.396870 -0.458383
0.580133 -0.395673 -0.417570
0.588910 -0.346804 -0.418491
0.548403 -0.331695 -0.428481
0.528129 -0.351399 -0.396051
0.548902 -0.323830 -0.365338
0.532332 -0.279253 -0.379863
0.485414 -0.290469 -0.388094
0.465909 -0.312933 -0.355141
0.450706 -0.274993 -0.329403
0.448213 -0.227528 -0.344423
0.442129 -0.176154 -0.352874
0.416099 -0.141278 -0.383889
0.382460 -0.111283 -0.376895
0.361672 -0.143878 -0.349507
0.375777 -0.194885 -0.363579
0.384269 -0.244344 -0.371508
0.410870 -0.279795 -0.389331
0.411724 -0.324899 -0.418766
0.430175 -0.374821 -0.432741
0.439935 -0.411309 -0.469528
0.445819 -0.444111 -0.501780
0.457132 -0.461342 -0.548089
0.468131 -0.476084 -0.586690
0.487095 -0.469016 -0.624356
0.450934 -0.475095 -0.647909
0.429035 -0.436437 -0.629152
0.460081 -0.404352 -0.645023
0.460039 -0.412681 -0.687128
0.416968 -0.403188 -0.692790
0.422410 -0.353346 -0.678320
0.471594 -0.349325 -0.692639
0.501272 -0.348735 -0.723873
0.530864 -0.320543 -0.702931
0.548417 -0.360222 -0.680381
0.578509 -0.377900 -0.708125
0.606263 -0.336450 -0.704182
0.611649 -0.333610 -0.660552
0.659108 -0.330164 -0.641808
0.662129 -0.286065 -0.618337
0.659308 -0.253183 -0.587157
0.642296 -0.217939 -0.558203
0.639689 -0.164412 -0.539721
0.636511 -0.117697 -0.528521
0.643122 -0.067791 -0.528933
0.654962 -0.073263 -0.480961
0.670635 -0.068557 -0.437372
0.630185 -0.050018 -0.424702
0.586259 -0.045790 -0.411290
0.572468 -0.010578 -0.447349
0.549130 -0.019768 -0.482926
0.514209 0.010147 -0.469899
0.532488 0.056655 -0.480205
0.545326 0.055394 -0.523766
0.507826 0.050959 -0.548213
0.498807 0.103593 -0.549587
0.532645 0.123983 -0.575875
0.522316 0.102173 -0.618818
0.479216 0.126057 -0.630938
0.492182 0.179393 -0.638427
0.523612 0.174527 -0.677633
0.490244 0.171958 -0.716371
0.477749 0.229490 -0.724478
0.518483 0.260203 -0.742988
0.513254 0.275886 -0.789724
0.501015 0.332796 -0.798642
0.513382 0.380835 -0.794877
0.561212 0.403204 -0.803768
