0.615969 0.689926 -0.017365
0.619038 0.657715 -0.062200
0.603913 0.616761 -0.099874
0.619326 0.573525 -0.136440
0.634536 0.629588 -0.167135
0.676569 0.648852 -0.138342
0.701273 0.583590 -0.140261
0.703817 0.582100 -0.191876
0.730946 0.643808 -0.197516
0.771826 0.623991 -0.169054
0.787341 0.562812 -0.195647
0.791105 0.607802 -0.245956
0.819828 0.668476 -0.253002
0.860742 0.634008 -0.276585
0.842091 0.623439 -0.324877
0.857860 0.689686 -0.343267
0.915221 0.677292 -0.333328
0.923818 0.599587 -0.343747
0.937806 0.531610 -0.363460
0.947335 0.459742 -0.360897
1.000000 0.470455 -0.348179
0.987622 0.507734 -0.298912
0.974855 0.459454 -0.262329
0.978297 0.455035 -0.207472
0.962172 0.453017 -0.158568
0.931567 0.512634 -0.158916
0.895519 0.481048 -0.189743
0.882395 0.427364 -0.158734
0.867304 0.467573 -0.118563
0.831104 0.504564 -0.145487
0.801109 0.446291 -0.157990
0.795802 0.426811 -0.105630
0.802906 0.469951 -0.064234
0.837547 0.469591 -0.026246
0.829442 0.544629 -0.009741
0.787103 0.541795 0.021053
0.758804 0.541507 0.062978
0.720077 0.526038 0.094433
0.675619 0.531778 0.122780
0.642979 0.552604 0.162323
0.603490 0.551859 0.195449
0.568595 0.611164 0.181705
0.581735 0.621157 0.130404
0.560371 0.550730 0.119406
0.515184 0.503915 0.100437
0.544348 0.467093 0.053964
0.573698 0.446892 0.014785
0.611594 0.456596 -0.020871
0.626736 0.437572 -0.067641
0.673127 0.480616 -0.065640
0.694915 0.438605 -0.021136
0.723774 0.387707 0.003837
0.713515 0.423689 0.052079
0.662479 0.400461 0.061737
0.631907 0.376129 0.107432
0.581769 0.406538 0.102983
0.542025 0.358090 0.092184
0.544975 0.277143 0.105530
0.534327 0.267294 0.164026
0.552130 0.302652 0.206860
0.510674 0.315911 0.236067
0.512352 0.250649 0.260394
0.565492 0.258479 0.280852
0.556268 0.336040 0.304237
0.516879 0.326432 0.344838
0.483714 0.285405 0.372920
0.459772 0.225043 0.395363
0.420672 0.173184 0.397298
0.403225 0.111909 0.418566
0.363922 0.101172 0.383869
0.395001 0.075231 0.343912
0.408837 0.002834 0.363593
0.349628 -0.017847 0.375434
0.303237 -0.063365 0.386201
0.301219 -0.063076 0.438544
0.278312 -0.049841 0.482469
0.269664 -0.060290 0.530447
0.255066 -0.104487 0.567989
0.228343 -0.049865 0.593226
0.183173 -0.057744 0.567145
0.173067 -0.124952 0.593656
0.162284 -0.096008 0.641898
0.138342 -0.073021 0.683028
0.122845 -0.030097 0.721463
0.104515 -0.016262 0.766398
0.051444 -0.026278 0.760609
0.031317 -0.068097 0.718635
0.017837 -0.115392 0.678745
0.005951 -0.165089 0.635332
-0.002577 -0.190671 0.585949
-0.013497 -0.217093 0.531605
-0.015921 -0.236861 0.483677
-0.027824 -0.241353 0.432177
-0.038676 -0.288696 0.390352
-0.082625 -0.238518 0.370010
-0.130508 -0.263379 0.400473
-0.126151 -0.254612 0.456670
-0.154586 -0.203209 0.480187
-0.188836 -0.249207 0.500678
-0.153874 -0.277935 0.533738
-0.136884 -0.219158 0.558760
-0.181223 -0.202464 0.582608
-0.184275 -0.266117 0.609615
-0.139342 -0.264988 0.633596
-0.149482 -0.201912 0.659875
-0.193754 -0.224347 0.682681
-0.172932 -0.286246 0.704445
-0.137240 -0.253555 0.730526
-0.171694 -0.209550 0.758989
-0.187141 -0.270921 0.786045
-0.177289 -0.305102 0.830616
-0.207962 -0.364431 0.822479
-0.182614 -0.389244 0.782340
-0.135595 -0.394168 0.802980
-0.148176 -0.441247 0.839745
-0.165098 -0.495772 0.809579
-0.120725 -0.506774 0.785235
-0.093291 -0.526350 0.828085
-0.127762 -0.586568 0.837959
-0.115367 -0.634344 0.800566
-0.092307 -0.691559 0.779777
-0.054886 -0.730160 0.752406
-0.023467 -0.784084 0.736546
0.014599 -0.759536 0.772699
0.015430 -0.804958 0.811762
0.058989 -0.842477 0.791569
0.096037 -0.789753 0.802418
0.096377 -0.807720 0.856266
0.116723 -0.883743 0.861707
0.172830 -0.871901 0.834122
0.198993 -0.807047 0.821156
0.203978 -0.751441 0.789650
0.214762 -0.734675 0.744187
0.237788 -0.744355 0.702163
0.259423 -0.697108 0.668094
0.233498 -0.727806 0.622102
0.179663 -0.702969 0.627444
0.137003 -0.667563 0.615685
0.087899 -0.645057 0.621093
0.032369 -0.663792 0.607565
-0.018431 -0.666963 0.606142
-0.070010 -0.704338 0.601297
-0.105600 -0.641886 0.615701
-0.128847 -0.580275 0.630420
-0.106245 -0.579122 0.676149
-0.056259 -0.572180 0.659776
-0.062923 -0.509368 0.635630
-0.080642 -0.470143 0.675901
-0.039490 -0.479607 0.705802
-0.003696 -0.449486 0.674941
-0.026315 -0.384512 0.668872
-0.025908 -0.366281 0.718586
0.025722 -0.367962 0.724010
0.034607 -0.314109 0.689842
0.005918 -0.260905 0.711408
0.035573 -0.261241 0.755648
0.093308 -0.282643 0.741508
0.116520 -0.244283 0.703982
0.150516 -0.202248 0.671402
0.115808 -0.183441 0.633215
0.077929 -0.150870 0.606506
0.065144 -0.229559 0.581864
0.037811 -0.295134 0.556230
0.020347 -0.358378 0.533060
-0.021686 -0.405145 0.517001
-0.011903 -0.467333 0.490755
-0.031148 -0.514052 0.524824
-0.080947 -0.488038 0.521450
-0.088628 -0.492794 0.471058
-0.079523 -0.566487 0.469603
-0.117503 -0.588778 0.501323
-0.155840 -0.559714 0.468032
-0.150398 -0.540089 0.417937
-0.133611 -0.472833 0.394833
-0.123862 -0.413144 0.362997
-0.095257 -0.350716 0.349850
-0.130119 -0.331356 0.307727
-0.179646 -0.321507 0.340208
-0.225986 -0.300298 0.359194
-0.265595 -0.304934 0.402193
-0.296607 -0.295854 0.441620
-0.298608 -0.276302 0.490970
-0.341133 -0.317592 0.501224
-0.322024 -0.382446 0.489052
-0.284399 -0.381605 0.522724
-0.311884 -0.377786 0.565012
-0.338742 -0.440719 0.558595
-0.299320 -0.487534 0.553237
-0.273937 -0.469975 0.596616
-0.312376 -0.486140 0.628998
-0.316106 -0.557192 0.615139
-0.266850 -0.576552 0.625327
-0.267443 -0.555270 0.674197
-0.306102 -0.598722 0.689230
-0.285738 -0.663072 0.677670
-0.242145 -0.655481 0.705537
-0.264832 -0.640109 0.752142
-0.297234 -0.698861 0.760361
-0.254743 -0.744740 0.774402
-0.244706 -0.722521 0.824331
-0.241908 -0.717261 0.877138
-0.247537 -0.644072 0.883819
-0.278702 -0.584598 0.889839
-0.245129 -0.535261 0.867248
-0.253319 -0.574030 0.819568
-0.301931 -0.593438 0.806701
-0.321396 -0.515036 0.810472
-0.301999 -0.455707 0.787715
-0.339760 -0.446147 0.753779
-0.377605 -0.436299 0.788476
-0.357088 -0.381125 0.816442
-0.348763 -0.332148 0.775163
-0.391610 -0.349275 0.734562
-0.441562 -0.367890 0.754722
-0.499873 -0.363206 0.744303
-0.559778 -0.348482 0.741508
-0.612137 -0.360108 0.711987
-0.663445 -0.348146 0.683822
-0.708446 -0.360876 0.658982
-0.760703 -0.326960 0.655393
-0.816488 -0.346656 0.646512
-0.869848 -0.317977 0.637929
-0.921478 -0.315070 0.628601
-0.967648 -0.278920 0.617769
-1.000000 -0.334334 0.639996
-0.972786 -0.360348 0.687676
-0.921427 -0.352854 0.705372
-0.880598 -0.394072 0.695813
-0.828153 -0.418740 0.705752
-0.775404 -0.432120 0.685013
-0.722129 -0.462817 0.693282
-0.665819 -0.458854 0.680366
-0.614087 -0.472593 0.689164
-0.557624 -0.435795 0.687147
-0.505960 -0.412783 0.674197
-0.456093 -0.361429 0.676546
-0.411143 -0.312764 0.659528
-0.450871 -0.257350 0.632124
-0.472778 -0.196003 0.602339
-0.499992 -0.164801 0.560894
-0.506316 -0.091876 0.538303
-0.528257 -0.034397 0.515083
-0.518880 0.034997 0.485612
-0.559438 0.059666 0.458869
-0.570833 0.126681 0.486505
-0.528850 0.142463 0.523997
-0.496109 0.174145 0.568336
-0.500619 0.114743 0.609417
-0.505214 0.057096 0.640145
-0.555589 0.068361 0.651755
-0.572596 0.049865 0.605018
-0.554148 -0.020153 0.604703
-0.582295 -0.041098 0.645073
-0.629059 -0.023924 0.626187
-0.625040 -0.071411 0.586528
-0.619597 -0.134176 0.612873
-0.668498 -0.119235 0.640492
-0.710158 -0.117410 0.608921
-0.753531 -0.131005 0.579863
-0.783424 -0.181183 0.545894
-0.819099 -0.212096 0.508401
-0.854486 -0.267823 0.490854
-0.876935 -0.258815 0.436129
-0.889821 -0.305414 0.398224
-0.847686 -0.352926 0.397380
-0.836801 -0.345119 0.451345
-0.863642 -0.389100 0.481973
-0.873307 -0.438725 0.521285
-0.883785 -0.498799 0.550078
-0.915882 -0.524476 0.589224
-0.931990 -0.572684 0.624946
-0.978517 -0.534757 0.633728
-0.994778 -0.534973 0.580657
-0.977703 -0.568025 0.538534
-0.953779 -0.493683 0.512999
-0.945131 -0.422752 0.496709
-0.925123 -0.350716 0.520772
-0.908659 -0.296839 0.548176
-0.856724 -0.263595 0.570552
-0.809299 -0.254468 0.602587
-0.750682 -0.239311 0.607383
-0.700561 -0.246757 0.644064
-0.663971 -0.233955 0.683971
-0.635112 -0.256461 0.731700
-0.603032 -0.256293 0.772947
-0.577225 -0.300298 0.812754
-0.517710 -0.289777 0.798432
-0.460451 -0.268303 0.801971
-0.406464 -0.258335 0.803460
-0.359632 -0.225283 0.805163
-0.366312 -0.220792 0.748073
-0.384404 -0.176931 0.705752
-0.398969 -0.177412 0.653640
-0.405311 -0.128939 0.608077
-0.422232 -0.123871 0.557867
-0.425573 -0.087337 0.510998
-0.447886 -0.084694 0.463368
-0.420961 -0.067472 0.418533
-0.442071 -0.124039 0.389078
-0.476423 -0.122118 0.341779
-0.510352 -0.127378 0.300830
-0.526375 -0.107369 0.251513
-0.562965 -0.112582 0.214451
-0.537464 -0.067977 0.179555
-0.489140 -0.108330 0.178877
-0.471591 -0.170302 0.206232
-0.443631 -0.141382 0.254970
-0.415721 -0.110228 0.291188
-0.411398 -0.051283 0.334899
-0.404666 0.010881 0.367992
-0.409973 0.061251 0.407436
-0.400732 0.138043 0.420104
-0.420350 0.153007 0.467403
-0.427913 0.171527 0.516422
-0.418706 0.152743 0.571164
-0.428269 0.155601 0.624219
-0.398816 0.141117 0.676231
-0.379012 0.122166 0.725581
-0.356478 0.096224 0.767390
-0.412195 0.083085 0.782721
-0.453465 0.024741 0.791585
-0.506333 0.002882 0.798994
-0.541313 -0.060699 0.808405
-0.585635 -0.046695 0.832418
-0.618343 -0.041555 0.791867
-0.609797 -0.120316 0.774286
-0.629822 -0.165306 0.816426
-0.660003 -0.203089 0.850660
-0.626702 -0.186251 0.892899
-0.619648 -0.143519 0.936510
-0.564440 -0.144913 0.963219
-0.516116 -0.126609 0.934773
-0.475965 -0.112726 0.902309
-0.469437 -0.065046 0.853438
-0.418502 -0.037207 0.848775
-0.379283 -0.013163 0.809761
-0.329179 -0.009320 0.779794
-0.290724 -0.004708 0.746271
-0.250420 -0.051787 0.719446
-0.268138 -0.042371 0.661016
-0.255625 -0.035478 0.603728
-0.263713 -0.048929 0.552790
-0.246147 -0.031658 0.499140
-0.253404 -0.007686 0.446582
-0.229632 0.014196 0.400605
-0.270173 0.034613 0.358185
-0.310918 0.023732 0.321569
-0.317480 -0.056231 0.326911
-0.323177 -0.138211 0.325522
-0.267630 -0.152143 0.303079
-0.237533 -0.088490 0.333659
-0.199247 -0.083205 0.382628
-0.186853 -0.070475 0.439206
-0.174187 -0.088610 0.491351
-0.181596 -0.061011 0.546886
-0.173593 -0.037207 0.601975
-0.191990 -0.014292 0.650233
-0.172593 -0.020849 0.705272
-0.169032 -0.032187 0.757632
-0.148448 -0.048424 0.802104
-0.153585 -0.073189 0.850478
-0.110789 -0.031010 0.870059
-0.120352 0.042227 0.849436
-0.152704 0.070138 0.811597
-0.133137 0.070234 0.760709
-0.123014 0.072540 0.706678
-0.117622 0.029689 0.656369
-0.096767 0.004059 0.608590
-0.100649 -0.052724 0.569609
-0.063974 -0.073141 0.526263
-0.031317 -0.127258 0.536186
0.012462 -0.085271 0.548209
-0.017634 -0.024548 0.570056
-0.016108 0.020777 0.618215
-0.045323 0.078858 0.647918
-0.058701 0.136145 0.677422
-0.086661 0.194442 0.692918
-0.100022 0.257230 0.717180
-0.125100 0.227830 0.760742
-0.176018 0.201071 0.771094
-0.194449 0.199654 0.716270
-0.214880 0.193649 0.670956
-0.206792 0.195715 0.615553
-0.237991 0.218366 0.569494
-0.214151 0.252642 0.522194
-0.168591 0.255957 0.499587
-0.190057 0.206884 0.459432
-0.227631 0.239527 0.435931
-0.194093 0.282235 0.403615
-0.172101 0.231288 0.368753
-0.214982 0.207100 0.334800
-0.230225 0.287207 0.312572
-0.231344 0.343918 0.275725
-0.292860 0.333950 0.262941
-0.342523 0.356937 0.289799
-0.362972 0.371493 0.335577
-0.364735 0.375096 0.384084
-0.381945 0.365296 0.428555
-0.374587 0.382254 0.475358
-0.371755 0.366065 0.522575
-0.389423 0.370941 0.568915
-0.393187 0.381798 0.618496
-0.376774 0.354151 0.666490
-0.367194 0.342597 0.717560
-0.350747 0.302676 0.756012
-0.354596 0.229943 0.736298
-0.356054 0.237870 0.678431
-0.358157 0.207292 0.624764
-0.346864 0.200399 0.567046
-0.351205 0.147579 0.518870
-0.338420 0.104991 0.472762
-0.306068 0.043380 0.498627
-0.332401 0.001994 0.529752
-0.344287 -0.077344 0.538815
-0.332791 -0.078281 0.597212
-0.343999 -0.087721 0.652234
-0.326144 -0.092789 0.705620
-0.344948 -0.113086 0.758244
-0.345406 -0.112077 0.815400
-0.356614 -0.112293 0.864039
-0.359293 -0.091156 0.912794
-0.328721 -0.109003 0.956521
-0.294267 -0.109603 0.991731
-0.245994 -0.125697 1.000000
-0.204334 -0.166050 0.993153
-0.154874 -0.175586 0.991747
-0.112637 -0.189470 0.967271
-0.099276 -0.244355 0.932078
-0.063398 -0.285646 0.910016
-0.047730 -0.335391 0.876079
-0.019092 -0.400990 0.867777
0.012039 -0.454218 0.847402
0.036624 -0.517775 0.843003
0.082659 -0.549409 0.835461
0.076555 -0.563028 0.785582
0.072028 -0.491929 0.772037
0.118233 -0.471368 0.789717
0.146922 -0.512394 0.758261
0.129237 -0.478454 0.715592
0.145667 -0.410502 0.728542
0.195992 -0.427003 0.734049
0.201706 -0.449726 0.685344
0.189430 -0.384608 0.664704
0.225834 -0.344807 0.688866
0.266019 -0.380765 0.667201
0.254303 -0.366257 0.618976
0.256541 -0.292323 0.625393
0.306950 -0.287399 0.638541
0.325669 -0.316271 0.596534
0.305305 -0.265229 0.566021
0.330417 -0.207244 0.585304
0.378317 -0.231553 0.574769
0.374010 -0.240128 0.524609
0.360429 -0.170062 0.514487
0.403123 -0.138091 0.534499
0.437459 -0.173376 0.503837
0.418333 -0.150653 0.458969
0.424013 -0.079674 0.468644
0.475473 -0.080275 0.476201
0.489835 -0.107033 0.431151
0.469505 -0.050682 0.403979
0.498889 0.001513 0.425098
0.546654 -0.025966 0.416995
0.541228 -0.027671 0.366007
0.532106 0.044797 0.360434
0.577174 0.068409 0.381388
0.610272 0.033556 0.350494
0.592824 0.066127 0.308322
0.601133 0.136313 0.322148
0.653119 0.130861 0.328929
0.664632 0.107081 0.281977
0.646032 0.164849 0.256359
0.674483 0.216348 0.280968
0.720976 0.192544 0.266580
0.713159 0.191752 0.216155
0.701443 0.263211 0.211259
0.747597 0.290906 0.226871
0.774031 0.253771 0.184633
0.763823 0.286799 0.139566
0.801448 0.335559 0.133612
0.850247 0.356409 0.115007
0.876918 0.414393 0.101842
0.929990 0.381293 0.096914
0.923903 0.305702 0.087851
0.902454 0.248751 0.066847
0.862150 0.223002 0.024873
0.806450 0.207124 0.002993
0.759042 0.174313 -0.018324
0.698917 0.170566 -0.013578
0.647897 0.174505 -0.012602
0.601336 0.199006 0.000628
0.577869 0.134104 0.004565
0.607067 0.111092 0.043429
0.594706 0.164129 0.076704
0.543754 0.149380 0.077349
0.549333 0.078449 0.094136
0.573851 0.094110 0.137962
0.530715 0.138283 0.154583
0.493226 0.079482 0.155277
0.462502 0.030577 0.179870
0.439188 -0.003435 0.137085
0.490310 -0.037831 0.117239
0.531021 -0.072925 0.099180
0.580023 -0.074030 0.081798
0.615291 -0.081404 0.041131
0.654187 -0.062524 0.011511
0.679841 -0.022002 -0.022211
0.673364 0.027935 -0.069031
0.701731 0.057384 -0.114709
0.682826 0.052075 -0.162273
0.661207 0.120724 -0.169153
0.715194 0.153127 -0.175553
0.738610 0.128723 -0.219528
0.768571 0.112029 -0.264016
0.805195 0.078858 -0.293454
0.841074 0.080587 -0.250306
0.825695 0.076360 -0.200675
0.806467 0.153223 -0.185162
0.783933 0.217741 -0.181623
0.754124 0.278175 -0.197632
0.738254 0.350404 -0.194489
0.684792 0.332365 -0.193629
0.687014 0.291843 -0.146181
0.685691 0.334550 -0.105332
0.633756 0.328713 -0.091572
0.647659 0.253651 -0.071164
0.692202 0.279280 -0.036798
0.732794 0.277022 0.006351
0.769622 0.293068 0.043231
0.804093 0.247238 0.079383
0.837360 0.203113 0.102735
0.861370 0.141021 0.113766
0.832426 0.125096 0.154302
0.787426 0.114599 0.128932
0.805144 0.063293 0.097675
0.816233 0.011121 0.131313
0.767537 0.003267 0.146942
0.745392 -0.014532 0.102388
0.775404 -0.073069 0.090199
0.767604 -0.112630 0.132504
0.711633 -0.113759 0.131098
0.699476 -0.115728 0.075034
0.723943 -0.103959 0.030530
0.742306 -0.083277 -0.020970
0.746867 -0.029953 -0.071197
0.792377 0.012610 -0.064780
0.830222 0.064902 -0.053964
0.842125 0.145849 -0.050425
0.886803 0.187404 -0.054527
0.918850 0.225404 -0.084444
0.912678 0.176571 -0.125244
0.863811 0.202537 -0.142196
0.877681 0.253507 -0.176678
0.875545 0.274500 -0.226921
0.898689 0.298809 -0.269871
0.864032 0.283916 -0.305180
0.826220 0.328882 -0.287352
0.854197 0.392318 -0.291222
0.862285 0.388283 -0.341117
0.812385 0.383167 -0.355572
0.797548 0.446195 -0.334949
0.828849 0.486381 -0.364585
0.807281 0.468582 -0.408908
0.758991 0.490632 -0.399630
0.769317 0.561659 -0.391079
0.790529 0.573429 -0.438031
0.750191 0.553757 -0.466229
0.717500 0.604127 -0.448897
0.745460 0.660646 -0.467469
0.743917 0.640373 -0.517001
0.691999 0.637370 -0.523253
0.683792 0.710031 -0.514587
0.710735 0.731793 -0.556759
0.687675 0.689205 -0.592482
0.640063 0.718630 -0.588182
0.652627 0.781370 -0.610012
0.668006 0.751898 -0.654533
0.624413 0.716564 -0.668326
0.592129 0.774332 -0.667549
0.617088 0.810242 -0.704859
0.610950 0.757302 -0.741359
0.556997 0.752834 -0.741541
0.549926 0.823213 -0.763090
0.566662 0.809329 -0.811861
0.567306 0.792419 -0.861641
0.579107 0.756894 -0.905087
0.609458 0.757903 -0.951014
0.602777 0.691920 -0.978748
0.630873 0.623751 -0.971025
0.651847 0.627978 -0.919806
0.622226 0.569442 -0.894089
0.597657 0.518519 -0.854728
0.575682 0.465844 -0.824480
0.545331 0.459742 -0.774601
0.516863 0.446532 -0.733305
0.487037 0.465171 -0.692571
0.514828 0.423689 -0.660752
0.560795 0.452561 -0.666854
0.545959 0.523684 -0.654699
0.532597 0.504900 -0.603976
0.576937 0.457581 -0.589852
0.626617 0.479151 -0.589885
0.632094 0.479439 -0.538716
0.623006 0.406850 -0.534069
0.660410 0.383167 -0.564830
0.699239 0.416386 -0.536979
0.688217 0.371685 -0.495187
0.691083 0.303012 -0.516307
0.743002 0.304597 -0.523269
0.750276 0.289441 -0.472414
0.725418 0.223650 -0.468842
0.757126 0.185194 -0.501703
0.798803 0.182023 -0.467486
0.761517 0.141790 -0.433119
0.735405 0.072708 -0.433682
0.703359 0.096152 -0.381669
0.662072 0.149428 -0.374492
0.620683 0.173785 -0.350445
0.597742 0.238494 -0.345996
0.603116 0.310602 -0.335031
0.577920 0.373631 -0.323124
0.576072 0.439710 -0.356332
0.545670 0.498198 -0.352380
0.533123 0.568193 -0.382777
0.509792 0.625480 -0.406261
0.476525 0.615152 -0.458241
0.437594 0.551163 -0.448632
0.386981 0.534084 -0.442811
0.375553 0.457533 -0.426802
0.352646 0.406730 -0.402408
0.364464 0.347881 -0.360996
0.314936 0.314085 -0.356829
0.325093 0.246901 -0.394867
0.364854 0.197612 -0.411603
0.405565 0.142583 -0.411934
0.386473 0.091828 -0.450121
0.386897 0.130741 -0.497321
0.443936 0.140757 -0.503589
0.464893 0.072540 -0.523484
0.452108 0.087865 -0.579962
0.487682 0.135713 -0.594946
0.531394 0.148492 -0.614759
0.575682 0.185891 -0.619257
0.592078 0.239912 -0.651689
0.620615 0.290017 -0.675024
0.625820 0.342741 -0.707753
0.593180 0.318145 -0.749132
0.559048 0.259320 -0.741871
0.512844 0.292924 -0.754523
0.531885 0.279328 -0.809314
0.530241 0.203281 -0.814193
0.528375 0.130068 -0.831145
0.546383 0.061972 -0.842573
0.579361 0.091828 -0.881934
0.599471 0.164921 -0.877303
0.557472 0.221656 -0.889144
0.514234 0.262635 -0.888350
0.463791 0.274020 -0.879999
0.413280 0.296695 -0.889508
0.412093 0.355304 -0.855969
0.407210 0.430919 -0.849337
0.399512 0.438293 -0.797440
0.451922 0.424481 -0.780356
0.476423 0.488639 -0.808140
0.519406 0.547560 -0.819518
0.551418 0.605712 -0.831773
0.607593 0.633959 -0.828515
0.658358 0.654160 -0.829723
0.708971 0.648972 -0.821172
0.707038 0.674145 -0.772600
0.678468 0.619331 -0.753862
0.710463 0.565214 -0.768035
0.752887 0.586712 -0.742335
0.729301 0.580227 -0.695598
0.717687 0.506702 -0.700245
0.766723 0.480712 -0.708564
0.783916 0.484315 -0.660867
0.747664 0.425034 -0.649191
0.745274 0.388836 -0.702990
0.774556 0.347065 -0.736017
0.730149 0.297367 -0.745609
0.692660 0.325927 -0.774369
0.665836 0.338706 -0.816343
0.658036 0.373030 -0.867529
0.623989 0.429333 -0.896983
0.609916 0.471825 -0.935551
0.571460 0.495508 -0.965650
0.576869 0.432576 -1.000000
0.553555 0.372838 -0.978550
0.521118 0.310650 -0.976582
0.495346 0.246853 -0.963963
0.484680 0.175154 -0.969388
0.468369 0.113422 -0.995766
0.453957 0.070331 -0.955446
0.415128 0.112630 -0.939388
0.386829 0.106601 -0.982817
0.378978 0.032451 -0.975176
0.358716 0.030770 -0.927877
0.316598 0.069298 -0.938743
0.297404 0.018015 -0.971687
0.296370 -0.039393 -0.939338
0.264764 -0.005645 -0.905650
0.223545 -0.001273 -0.937188
0.219153 -0.075519 -0.944614
0.212591 -0.093678 -0.895115
0.170388 -0.053036 -0.887524
0.140953 -0.091084 -0.920683
0.144107 -0.155986 -0.895793
0.124252 -0.135257 -0.851106
0.078420 -0.115080 -0.870158
0.064974 -0.183609 -0.885241
0.067501 -0.219014 -0.840638
0.034912 -0.176355 -0.814722
-0.006375 -0.189854 -0.845550
-0.008512 -0.263163 -0.838504
-0.013276 -0.261866 -0.787484
-0.056039 -0.217909 -0.784887
-0.087424 -0.262490 -0.814028
-0.080319 -0.325735 -0.783548
-0.081455 -0.282043 -0.731403
-0.113604 -0.236717 -0.704247
-0.111603 -0.272867 -0.658221
-0.060074 -0.266934 -0.652003
-0.058192 -0.191848 -0.653243
-0.097920 -0.176931 -0.616545
-0.123523 -0.223506 -0.585718
-0.171389 -0.261530 -0.604489
-0.186903 -0.326840 -0.589753
-0.169846 -0.374231 -0.553551
-0.165692 -0.428805 -0.520640
-0.175763 -0.473194 -0.471587
-0.179205 -0.518736 -0.431003
-0.224681 -0.494692 -0.409768
-0.246130 -0.495556 -0.463649
-0.257372 -0.537327 -0.503142
-0.280754 -0.548160 -0.548986
-0.314767 -0.579242 -0.583535
-0.282517 -0.590603 -0.627063
-0.244451 -0.641934 -0.593888
-0.203113 -0.691223 -0.579483
-0.159367 -0.635833 -0.595756
-0.102294 -0.608907 -0.586578
-0.052749 -0.566199 -0.583816
0.004188 -0.543260 -0.577713
0.043254 -0.482489 -0.563821
0.069281 -0.423929 -0.550293
0.076589 -0.353286 -0.541213
0.116893 -0.344351 -0.572934
0.089950 -0.344927 -0.615784
0.060227 -0.285886 -0.607085
0.100361 -0.237582 -0.603331
0.121183 -0.247598 -0.649588
0.077539 -0.234171 -0.675652
0.070129 -0.165330 -0.658138
0.114129 -0.138355 -0.677257
0.102260 -0.150293 -0.725598
0.056463 -0.114551 -0.729981
0.076759 -0.046815 -0.715510
0.131238 -0.062620 -0.741475
0.156858 -0.079746 -0.784540
0.200536 -0.032667 -0.772103
0.214694 -0.072420 -0.721629
0.204368 -0.151590 -0.736050
0.197297 -0.222545 -0.748106
0.175662 -0.287856 -0.754441
0.152297 -0.352565 -0.744369
0.157349 -0.435338 -0.750488
0.142649 -0.462721 -0.694192
0.134222 -0.514388 -0.651159
0.145006 -0.532811 -0.596997
0.131814 -0.594783 -0.564995
0.171423 -0.607994 -0.534218
0.152992 -0.565767 -0.494807
0.115418 -0.624904 -0.481758
0.154620 -0.684377 -0.471720
0.188989 -0.739695 -0.461532
0.217288 -0.799217 -0.474829
0.170405 -0.837289 -0.489465
0.125524 -0.796407 -0.504829
0.094935 -0.758959 -0.467271
0.072164 -0.711280 -0.435534
0.067467 -0.659204 -0.393494
0.008868 -0.650653 -0.393560
-0.042779 -0.642487 -0.378560
-0.087356 -0.610012 -0.371597
-0.072689 -0.571387 -0.330616
-0.032826 -0.531923 -0.352760
-0.062499 -0.501129 -0.390385
-0.090493 -0.458205 -0.353571
-0.039456 -0.425682 -0.330434
0.012852 -0.426259 -0.341250
0.009512 -0.448165 -0.392981
-0.010716 -0.393375 -0.421642
0.039219 -0.368322 -0.438048
0.052902 -0.430078 -0.471356
0.002577 -0.427940 -0.504217
-0.034352 -0.448597 -0.547597
-0.079946 -0.460751 -0.574422
-0.105007 -0.498030 -0.621854
-0.131458 -0.523251 -0.663282
-0.134697 -0.557071 -0.708167
-0.125422 -0.494163 -0.735802
-0.077793 -0.481889 -0.715824
-0.055344 -0.544941 -0.729699
-0.056293 -0.531442 -0.779116
-0.026010 -0.470215 -0.774419
0.015294 -0.502330 -0.754242
0.024857 -0.549241 -0.793157
0.033132 -0.491353 -0.827424
0.070383 -0.446315 -0.798565
0.098649 -0.509536 -0.767787
0.125591 -0.553180 -0.734529
0.121912 -0.615152 -0.698872
0.134035 -0.665474 -0.660107
0.078760 -0.667732 -0.633182
0.032148 -0.689542 -0.611352
-0.013090 -0.663360 -0.581037
-0.061973 -0.698525 -0.556379
-0.119080 -0.702585 -0.541991
-0.165098 -0.745821 -0.521913
-0.217017 -0.767174 -0.511213
-0.250776 -0.818241 -0.479178
-0.292792 -0.865632 -0.466394
-0.314038 -0.915498 -0.431366
-0.349492 -0.975692 -0.432689
-0.357529 -1.000000 -0.373135
-0.380843 -0.968294 -0.323438
-0.373705 -0.880621 -0.333030
-0.379656 -0.804549 -0.340274
-0.318056 -0.774428 -0.343118
-0.275446 -0.800274 -0.377187
-0.233447 -0.771426 -0.403566
-0.187192 -0.779713 -0.436824
-0.129932 -0.774476 -0.452817
-0.090120 -0.781178 -0.493749
-0.037608 -0.786486 -0.514306
0.004476 -0.766646 -0.553733
0.022432 -0.799385 -0.509361
0.026519 -0.814902 -0.460044
0.043915 -0.818889 -0.414315
0.077793 -0.825711 -0.371779
0.082778 -0.841204 -0.322380
0.134629 -0.834358 -0.318477
0.134239 -0.760929 -0.329739
0.100870 -0.738518 -0.292677
0.128321 -0.764436 -0.254407
0.172372 -0.731000 -0.267291
0.154569 -0.661727 -0.262065
0.139376 -0.667083 -0.212830
0.185649 -0.691247 -0.194341
0.213405 -0.633263 -0.210135
0.187344 -0.581356 -0.185790
0.195958 -0.612558 -0.138623
0.249012 -0.613254 -0.140228
0.258118 -0.542011 -0.149042
0.235956 -0.522291 -0.102884
0.270360 -0.570210 -0.071544
0.319667 -0.544653 -0.094450
0.354104 -0.489888 -0.062167
0.392594 -0.427412 -0.053534
0.377300 -0.358618 -0.043446
0.329840 -0.325471 -0.031753
0.287044 -0.283892 -0.018672
0.255184 -0.253171 0.023782
0.215474 -0.226124 0.060662
0.201180 -0.185987 0.105365
0.159282 -0.161510 0.137681
0.137799 -0.122670 0.173122
0.098496 -0.105304 0.201303
0.073402 -0.034012 0.211325
0.036760 0.012322 0.222141
0.012293 0.070210 0.188370
-0.017261 0.140565 0.203900
-0.035590 0.194466 0.173684
-0.076827 0.224635 0.153508
-0.121454 0.223218 0.126253
-0.158621 0.263163 0.105530
-0.200129 0.277239 0.079698
-0.194330 0.280962 0.021351
-0.207572 0.279617 -0.024989
-0.192227 0.283892 -0.079747
-0.192363 0.298088 -0.127278
-0.174119 0.320787 -0.171303
-0.135731 0.384848 -0.177819
-0.104617 0.429549 -0.203205
-0.055479 0.474058 -0.180796
-0.013259 0.519792 -0.172328
0.039287 0.531538 -0.139368
0.089781 0.549337 -0.125211
0.139783 0.556927 -0.112394
0.182122 0.587721 -0.092945
0.228258 0.631101 -0.106109
0.264188 0.685074 -0.097179
0.294284 0.745244 -0.096567
0.319786 0.795758 -0.130834
0.339844 0.863254 -0.146396
0.352510 0.922728 -0.177538
0.373010 0.941535 -0.235140
0.360683 0.978382 -0.286062
0.358920 1.000000 -0.334585
0.374570 0.963970 -0.389690
0.351120 0.938389 -0.439553
0.333571 0.918524 -0.488093
0.321668 0.874063 -0.531108
0.301541 0.863687 -0.584014
0.296794 0.787135 -0.602620
0.238330 0.776614 -0.589455
0.204995 0.772459 -0.635084
0.154806 0.730688 -0.638061
0.108907 0.728886 -0.661000
0.056717 0.697396 -0.649456
0.005867 0.698309 -0.660007
-0.044051 0.678060 -0.659858
-0.086424 0.621349 -0.663249
-0.134883 0.600476 -0.659412
-0.167642 0.533316 -0.645354
-0.212083 0.497646 -0.626666
-0.251827 0.457365 -0.610707
-0.276871 0.385257 -0.601131
-0.312613 0.336832 -0.580872
-0.317158 0.265613 -0.550111
-0.337199 0.210823 -0.518787
-0.324059 0.139700 -0.501224
-0.278719 0.101581 -0.470827
-0.253896 0.063245 -0.435832
-0.207047 0.041795 -0.423527
-0.172118 -0.000072 -0.401581
-0.131984 0.018159 -0.374591
-0.093935 -0.006461 -0.351272
-0.059159 0.002930 -0.317501
-0.009648 -0.010497 -0.312374
0.022026 -0.014148 -0.276172
0.069586 -0.018375 -0.260130
0.093596 -0.059089 -0.224953
0.128660 -0.088874 -0.197251
0.152856 -0.147675 -0.169434
0.176883 -0.113831 -0.130272
0.183546 -0.090603 -0.083931
0.175916 -0.041579 -0.041246
0.185276 -0.014868 0.003241
0.171151 0.001033 0.054196
0.171508 0.013427 0.103347
0.197229 -0.053084 0.123110
0.235176 -0.086088 0.089472
0.273344 -0.147507 0.076109
0.314224 -0.189926 0.056495
0.334012 -0.266814 0.045844
0.364549 -0.330827 0.039659
0.351357 -0.409301 0.019614
0.339047 -0.490968 0.017481
0.317564 -0.558152 0.021830
0.349933 -0.576384 0.065111
0.327161 -0.543092 0.104174
0.296895 -0.527119 0.147240
0.274124 -0.491881 0.184765
0.317938 -0.476076 0.209638
0.336962 -0.430486 0.174048
0.296692 -0.384224 0.177505
0.301694 -0.365176 0.226243
0.348729 -0.334502 0.218354
0.332757 -0.283484 0.185427
0.297879 -0.253843 0.217560
0.331943 -0.231745 0.251761
0.357122 -0.185795 0.219611
0.313241 -0.146714 0.202312
0.281144 -0.140589 0.251778
0.282347 -0.170710 0.298829
0.263628 -0.246877 0.305147
0.259593 -0.316127 0.320345
0.238517 -0.382975 0.311481
0.195602 -0.368611 0.344226
0.175662 -0.308465 0.312721
0.161504 -0.347305 0.266001
0.126168 -0.341660 0.223812
0.120929 -0.378915 0.173899
0.103600 -0.367145 0.115867
0.077640 -0.393183 0.064797
0.026722 -0.390205 0.056147
0.016244 -0.420398 0.105911
0.059973 -0.457941 0.128552
0.093087 -0.486909 0.164125
0.141258 -0.499544 0.190934
0.158926 -0.567352 0.222323
0.206318 -0.595455 0.201915
0.259084 -0.598722 0.209308
0.265849 -0.654352 0.169566
0.255320 -0.619331 0.124880
0.257490 -0.580323 0.079532
0.241874 -0.538480 0.041362
0.225105 -0.596056 0.012900
0.187056 -0.617962 0.047349
0.162792 -0.548785 0.048854
0.168422 -0.499808 0.006979
0.210794 -0.461760 -0.007244
0.227122 -0.402119 -0.046720
0.231090 -0.338177 -0.068700
0.198823 -0.289393 -0.041279
0.179646 -0.295686 0.004945
0.147990 -0.284637 0.051136
0.149618 -0.273251 0.104952
0.130559 -0.266598 0.153855
0.133221 -0.227950 0.202014
0.124404 -0.237990 0.255152
0.129813 -0.213922 0.304766
0.133306 -0.197132 0.352611
0.125676 -0.136241 0.385804
0.125184 -0.084598 0.420385
0.094054 -0.030601 0.441107
0.082202 0.045518 0.426008
0.037710 0.083926 0.416317
-0.019787 0.069322 0.391360
-0.069112 0.041218 0.408957
-0.103210 0.072564 0.362551
-0.086373 0.045734 0.308520
-0.078166 -0.034277 0.305775
-0.123743 -0.069538 0.316012
-0.142784 -0.059137 0.267721
-0.101362 -0.104871 0.242235
-0.106720 -0.176859 0.261320
-0.158689 -0.190094 0.238944
-0.187107 -0.239767 0.206248
-0.231022 -0.256509 0.245989
-0.269393 -0.263908 0.280290
-0.296743 -0.293596 0.316558
