1.000000 -0.475143 -0.019023
0.962367 -0.348488 0.022078
0.940187 -0.194210 0.020153
0.941836 -0.044092 0.061839
0.894785 0.100890 0.038276
0.889012 0.256629 0.051753
0.801984 0.386825 0.016721
0.726154 0.478020 -0.046144
0.603794 0.533047 -0.102898
0.554659 0.653460 -0.007136
0.450746 0.749170 0.040117
0.352041 0.822569 0.090342
0.291230 0.934658 0.125793
0.335287 1.000000 0.232353
0.392712 0.887025 0.291786
0.361634 0.749834 0.296892
0.485557 0.682677 0.235534
0.538164 0.562486 0.180454
0.564381 0.464031 0.085822
0.610261 0.321750 0.059830
0.689476 0.205897 0.010945
0.700241 0.057506 -0.021074
0.782060 -0.054363 -0.066234
0.783102 -0.192483 -0.114911
0.876164 -0.313028 -0.150905
0.909282 -0.427066 -0.247002
0.902337 -0.500288 -0.358041
0.757363 -0.462216 -0.379136
0.739566 -0.319979 -0.306895
0.663433 -0.186197 -0.280778
0.617032 -0.076586 -0.183635
0.534605 0.038470 -0.139604
0.502225 0.126256 -0.019985
0.429911 0.224047 0.066067
0.363544 0.300279 0.158523
0.248519 0.299748 0.085445
0.190572 0.176103 0.109260
0.277036 0.089734 0.061881
0.312629 0.087609 -0.070252
0.335894 0.051751 -0.192759
0.415066 0.098367 -0.302291
0.483430 -0.046748 -0.329832
0.513770 -0.175926 -0.415758
0.607440 -0.270264 -0.469457
0.612171 -0.378990 -0.575599
0.638605 -0.479481 -0.661442
0.646722 -0.564832 -0.770974
0.712351 -0.643720 -0.859621
0.816351 -0.539068 -0.862174
0.827550 -0.442561 -0.759757
0.735139 -0.335296 -0.746657
0.671723 -0.226703 -0.688814
0.541463 -0.171322 -0.622769
0.425961 -0.122095 -0.578027
0.299998 -0.165479 -0.515789
0.250602 -0.024791 -0.478163
0.192873 0.095666 -0.445098
0.231591 0.255346 -0.442670
0.353560 0.347027 -0.418604
0.461423 0.430785 -0.397007
0.390455 0.520076 -0.296265
0.311066 0.578246 -0.209417
0.209237 0.622737 -0.277598
0.146038 0.502767 -0.287977
0.122339 0.495595 -0.152579
0.045641 0.618133 -0.143329
-0.059401 0.581433 -0.224234
-0.142435 0.504361 -0.289693
-0.141394 0.341848 -0.281155
-0.142262 0.196335 -0.265920
-0.029494 0.147683 -0.199791
0.093387 0.112311 -0.226536
0.138703 0.036522 -0.119347
0.070078 0.040728 -0.002909
-0.002192 0.041702 0.106121
-0.123901 0.012041 0.177943
-0.205677 0.104387 0.281239
-0.274302 0.000044 0.348582
-0.346008 -0.033379 0.221094
-0.379126 -0.098057 0.111144
-0.491243 -0.046350 0.055268
-0.623153 -0.043207 0.116041
-0.744645 0.023773 0.173506
-0.868958 0.062730 0.186188
-0.867266 0.196423 0.219504
-0.786922 0.192926 0.320456
-0.830110 0.071539 0.408768
-0.825596 0.006109 0.550277
-0.796558 -0.087742 0.664288
-0.760141 -0.099119 0.807052
-0.845346 -0.119970 0.901308
-0.936411 -0.017575 0.850330
-0.869002 0.076320 0.766538
-0.846388 0.178405 0.672826
-0.780237 0.226659 0.547766
-0.706274 0.323742 0.456901
-0.655707 0.364956 0.328157
-0.638171 0.397362 0.206487
-0.662218 0.428881 0.077367
-0.585911 0.382089 -0.037104
-0.712091 0.298951 -0.084273
-0.839877 0.287972 -0.108549
-0.860755 0.253885 0.028314
-0.718818 0.221878 0.073893
-0.593680 0.162557 0.100052
-0.440762 0.154721 0.068662
-0.326258 0.143521 0.134247
-0.363066 0.236752 0.235032
-0.381079 0.367037 0.157434
-0.298435 0.473284 0.139060
-0.197995 0.402718 0.228503
-0.123511 0.288370 0.217411
-0.004536 0.228386 0.187611
0.019424 0.316304 0.083771
0.033704 0.442959 0.172879
0.167350 0.404887 0.243445
0.273520 0.378946 0.325102
0.380559 0.288238 0.372983
0.482084 0.210102 0.429821
0.608351 0.140157 0.421660
0.693860 0.008013 0.401779
0.792087 -0.080969 0.375285
0.848558 -0.210811 0.318949
0.901122 -0.302138 0.235618
0.764351 -0.306786 0.163043
0.694077 -0.166364 0.215444
0.566812 -0.107973 0.286512
0.491807 -0.023286 0.378215
0.369968 0.038647 0.426766
0.292055 0.145868 0.510558
0.160362 0.182832 0.591713
0.043601 0.264465 0.626326
-0.095254 0.273098 0.654285
-0.194262 0.326486 0.726190
-0.316058 0.364248 0.753688
-0.376044 0.399309 0.633316
-0.341190 0.368764 0.515664
-0.460078 0.366285 0.453803
-0.516375 0.287042 0.563419
-0.440762 0.204878 0.647546
-0.393320 0.140334 0.755404
-0.260499 0.160122 0.793575
-0.139006 0.115543 0.778215
-0.027280 0.075081 0.688270
0.076936 -0.008765 0.651941
0.174512 -0.028819 0.538349
0.238232 -0.122582 0.436727
0.334462 -0.143433 0.325981
0.411116 -0.243924 0.247630
0.523450 -0.268139 0.163168
0.588081 -0.384125 0.083562
0.691516 -0.476205 0.022329
0.704147 -0.608880 -0.059454
0.714695 -0.595068 -0.184347
0.571500 -0.598876 -0.214147
0.519587 -0.528664 -0.092100
0.419580 -0.452255 -0.027184
0.375784 -0.403958 0.101434
0.259891 -0.375891 0.191587
0.225818 -0.323609 0.320163
0.125551 -0.304971 0.426933
0.096512 -0.224136 0.550277
0.004362 -0.204834 0.675672
-0.062916 -0.112488 0.780642
-0.167524 -0.067865 0.877870
-0.259891 -0.004073 0.964215
-0.373874 -0.065519 0.876447
-0.454869 -0.093807 0.781940
-0.422098 -0.115764 0.632102
-0.379300 -0.123202 0.509888
-0.289277 -0.205188 0.415340
-0.222736 -0.181726 0.279565
-0.104673 -0.213732 0.196735
-0.027324 -0.165656 0.070168
0.005795 -0.148656 -0.067532
0.005491 -0.073708 -0.192676
0.051327 -0.129621 -0.300868
0.084055 -0.133782 -0.433462
0.109360 -0.219974 -0.544962
0.212492 -0.266678 -0.650099
0.288018 -0.357254 -0.724097
0.327951 -0.253442 -0.803746
0.302949 -0.117668 -0.735733
0.248519 0.009562 -0.727404
0.236756 0.020674 -0.864016
0.126158 -0.051751 -0.891556
-0.009701 -0.052592 -0.913278
-0.023591 -0.204347 -0.855226
-0.082145 -0.347824 -0.832876
-0.115524 -0.440037 -0.923784
0.000282 -0.524105 -0.892309
-0.044035 -0.587764 -0.780642
-0.054713 -0.687503 -0.683080
-0.146776 -0.742264 -0.579910
-0.162793 -0.784851 -0.435137
-0.250429 -0.840586 -0.323763
-0.290622 -0.897871 -0.205064
-0.446622 -0.909469 -0.220885
-0.587169 -0.928948 -0.198828
-0.607266 -0.770995 -0.170284
-0.686872 -0.632963 -0.158899
-0.755192 -0.501483 -0.177901
-0.854418 -0.417283 -0.201507
-0.909456 -0.277834 -0.241477
-0.950040 -0.145026 -0.273998
-0.926688 -0.011997 -0.305849
-0.824945 -0.009075 -0.202093
-0.769126 -0.127141 -0.149775
-0.840007 -0.220815 -0.070964
-0.895523 -0.330382 -0.022999
-1.000000 -0.414759 0.010191
-0.955249 -0.546638 0.060165
-0.894698 -0.633096 -0.026012
-0.838705 -0.762052 -0.077828
-0.801853 -0.815131 -0.202972
-0.750548 -0.879632 -0.305807
-0.684702 -0.910842 -0.418813
-0.751763 -0.997919 -0.490049
-0.791436 -0.922130 -0.598075
-0.711440 -0.791137 -0.604520
-0.617076 -0.693656 -0.592090
-0.557957 -0.764443 -0.484650
-0.472144 -0.856390 -0.538809
-0.334462 -0.869361 -0.490510
-0.283894 -1.000000 -0.491054
-0.229333 -0.949666 -0.618248
-0.195998 -0.881624 -0.720917
-0.210495 -0.740626 -0.787465
-0.231287 -0.627518 -0.857654
-0.288712 -0.504759 -0.845056
-0.338672 -0.484218 -0.963085
-0.415283 -0.593962 -0.963712
-0.485904 -0.570765 -0.856440
-0.541941 -0.455664 -0.897499
-0.603012 -0.512772 -1.000000
-0.675456 -0.616318 -0.949984
-0.736007 -0.518482 -0.857361
-0.731319 -0.383417 -0.847567
-0.634829 -0.306609 -0.779136
-0.557393 -0.205233 -0.717652
-0.511470 -0.298597 -0.604018
-0.472014 -0.285404 -0.469666
-0.533694 -0.285759 -0.328325
-0.501226 -0.411174 -0.238841
-0.505480 -0.525211 -0.158104
-0.447881 -0.644739 -0.107042
-0.438071 -0.763469 -0.031914
-0.357640 -0.840807 0.050999
-0.294312 -0.906990 0.144501
-0.249257 -0.893311 0.262028
-0.110142 -0.854841 0.327237
0.018643 -0.847846 0.378466
0.077718 -0.884147 0.255080
0.107017 -0.903936 0.133745
0.029494 -0.884590 0.006885
-0.034399 -0.862854 -0.103903
-0.094038 -0.767055 -0.205357
0.000195 -0.740272 -0.327906
0.026803 -0.708663 -0.472931
0.116305 -0.646465 -0.577357
0.148339 -0.631635 -0.721837
0.234325 -0.606003 -0.836811
0.285891 -0.652397 -0.948436
0.382599 -0.554473 -0.968442
0.448966 -0.578467 -0.850078
0.416889 -0.658064 -0.744020
0.348525 -0.615432 -0.641980
0.309417 -0.636416 -0.500973
0.208282 -0.652441 -0.396547
0.185841 -0.681305 -0.258847
0.099941 -0.698703 -0.143246
0.088613 -0.684979 0.002323
0.014129 -0.702599 0.138558
-0.092172 -0.663199 0.236873
-0.211928 -0.639382 0.172376
-0.339931 -0.650449 0.112902
-0.292315 -0.550976 -0.001025
-0.312455 -0.471601 -0.130355
-0.298999 -0.382310 -0.227791
-0.332986 -0.346142 -0.358878
-0.280118 -0.236531 -0.449995
-0.269918 -0.158219 -0.571623
-0.303600 -0.025411 -0.586397
-0.421533 0.042144 -0.611761
-0.356121 0.175926 -0.582965
-0.282809 0.198637 -0.685843
-0.244612 0.311966 -0.787967
-0.125681 0.392182 -0.791232
-0.094082 0.489840 -0.696474
0.026586 0.438399 -0.657508
0.161360 0.438001 -0.624443
0.271914 0.350569 -0.613854
0.390021 0.314180 -0.664455
0.423617 0.379255 -0.771853
0.290318 0.384169 -0.818730
0.184018 0.311922 -0.789181
0.050633 0.240560 -0.791985
-0.083925 0.188587 -0.751931
-0.186709 0.108504 -0.787046
-0.247303 -0.006330 -0.784870
-0.151768 -0.100137 -0.755488
-0.026195 -0.081588 -0.697185
-0.080148 -0.164948 -0.572460
-0.078846 -0.240427 -0.440871
-0.121123 -0.312763 -0.320791
-0.095080 -0.370933 -0.186690
-0.160015 -0.365266 -0.068452
-0.155631 -0.406260 0.053511
-0.285717 -0.429501 0.142995
-0.414675 -0.406083 0.169195
-0.536168 -0.361238 0.137219
-0.632528 -0.272566 0.127216
-0.698895 -0.260392 0.240891
-0.677366 -0.321440 0.354191
-0.752458 -0.235291 0.426556
-0.872952 -0.292620 0.357581
-0.841439 -0.445438 0.366579
-0.849903 -0.565452 0.433337
-0.783015 -0.638364 0.328283
-0.653146 -0.589136 0.342178
-0.546976 -0.552658 0.406215
-0.482822 -0.469521 0.484650
-0.442672 -0.323387 0.525625
-0.402609 -0.320731 0.652234
-0.329861 -0.261853 0.759171
-0.279293 -0.269025 0.895532
-0.207283 -0.286732 1.000000
-0.113006 -0.392315 0.963629
-0.090175 -0.389260 0.829151
-0.053194 -0.417858 0.688103
-0.006055 -0.397760 0.568609
0.034659 -0.498827 0.455980
0.085053 -0.482801 0.315643
0.127938 -0.535526 0.180914
0.209193 -0.524680 0.055394
0.255768 -0.574262 -0.074312
0.341580 -0.554695 -0.183635
0.385116 -0.637080 -0.292121
0.485644 -0.655275 -0.393031
0.502442 -0.707468 -0.537386
0.513727 -0.806897 -0.649848
0.483517 -0.875825 -0.772020
