0.994517 -0.524874 -1.000000
0.961125 -0.451917 -0.959869
0.955602 -0.415346 -0.909033
0.936949 -0.363525 -0.866091
0.944339 -0.282499 -0.829343
0.952583 -0.259772 -0.778830
0.957887 -0.180708 -0.742815
0.988141 -0.140065 -0.700912
0.979043 -0.092797 -0.653710
1.000000 -0.054930 -0.607708
0.998709 -0.056707 -0.553185
0.974672 0.048860 -0.546848
0.913112 0.007107 -0.560667
0.887268 -0.065739 -0.522809
0.859576 0.044307 -0.496102
0.817086 0.099756 -0.528644
0.763709 0.156130 -0.532922
0.715935 0.197624 -0.566735
0.661068 0.220351 -0.585709
0.651334 0.114599 -0.605273
0.643091 0.064628 -0.553704
0.591681 0.142545 -0.540798
0.550521 0.127443 -0.584062
0.491205 0.117375 -0.608710
0.451177 0.080027 -0.651580
0.402926 0.092020 -0.695345
0.359164 0.092242 -0.732613
0.305192 0.124667 -0.751837
0.273289 0.057484 -0.716789
0.292995 0.099052 -0.668835
0.275653 0.207174 -0.678591
0.215046 0.184446 -0.681097
0.211629 0.149208 -0.625142
0.220806 0.251185 -0.598579
0.212185 0.344944 -0.565983
0.233142 0.433521 -0.537880
0.261251 0.370299 -0.498393
0.301636 0.316368 -0.531616
0.328215 0.410386 -0.550625
0.347702 0.443737 -0.501061
0.381889 0.352680 -0.488907
0.420268 0.362785 -0.529826
0.442715 0.462319 -0.514897
0.463216 0.436630 -0.465565
0.501475 0.352643 -0.482087
0.536794 0.413422 -0.516920
0.555269 0.489081 -0.478238
0.580338 0.412348 -0.444229
0.619750 0.369189 -0.479885
0.649686 0.466390 -0.489014
0.667286 0.485490 -0.437552
0.699725 0.388807 -0.434044
0.738978 0.405723 -0.474837
0.759438 0.506404 -0.455953
0.782541 0.466983 -0.406925
0.831329 0.410275 -0.432325
0.854114 0.456692 -0.481120
0.816966 0.447291 -0.526174
0.799962 0.469203 -0.576562
0.759836 0.455397 -0.613131
0.731926 0.461171 -0.656162
0.683197 0.502221 -0.679880
0.634747 0.456063 -0.699587
0.580239 0.467427 -0.720011
0.553977 0.458839 -0.669480
0.572908 0.562259 -0.649074
0.551316 0.633699 -0.685894
0.491225 0.591686 -0.678018
0.482166 0.624815 -0.623656
0.481908 0.740524 -0.635685
0.432167 0.739562 -0.672952
0.367766 0.768508 -0.673543
0.334909 0.697439 -0.714945
0.290472 0.638548 -0.744480
0.337094 0.582840 -0.781980
0.348755 0.464651 -0.783824
0.407694 0.410979 -0.813430
0.453243 0.335394 -0.820948
0.495674 0.257625 -0.840548
0.502806 0.143211 -0.839457
0.516175 0.033499 -0.834015
0.500223 -0.074993 -0.833048
0.476068 -0.154353 -0.799791
0.462679 -0.264473 -0.801384
0.439457 -0.359639 -0.781032
0.433677 -0.467168 -0.771885
0.395993 -0.550748 -0.788442
0.344703 -0.624075 -0.783681
0.362144 -0.736637 -0.774230
0.343392 -0.747446 -0.715948
0.277282 -0.736749 -0.712815
0.258668 -0.851236 -0.729086
0.223051 -0.894766 -0.677821
0.164391 -0.893026 -0.654283
0.097506 -0.850015 -0.661246
0.037673 -0.864043 -0.664146
-0.022616 -0.815850 -0.671485
-0.067570 -0.883550 -0.640607
-0.107001 -0.785720 -0.608764
-0.160576 -0.731715 -0.613328
-0.200584 -0.692849 -0.578083
-0.253663 -0.642323 -0.570709
-0.282546 -0.559631 -0.542642
-0.336479 -0.519988 -0.521860
-0.375394 -0.438037 -0.502117
-0.400602 -0.426229 -0.451066
-0.441662 -0.356640 -0.426866
-0.450383 -0.358380 -0.369461
-0.498495 -0.338059 -0.336883
-0.509163 -0.335357 -0.272981
-0.533735 -0.329508 -0.220570
-0.492278 -0.355419 -0.177718
-0.492754 -0.342945 -0.125612
-0.466295 -0.384180 -0.083243
-0.470645 -0.419603 -0.032121
-0.452071 -0.401540 0.019430
-0.443410 -0.424970 0.071698
-0.445198 -0.387437 0.123088
-0.420189 -0.384661 0.171597
-0.432822 -0.364636 0.225905
-0.410574 -0.299933 0.268399
-0.404078 -0.256218 0.318661
-0.391305 -0.166938 0.351203
-0.365263 -0.128776 0.397116
-0.366653 -0.048120 0.435673
-0.325911 0.012252 0.465136
-0.321779 0.095462 0.500774
-0.280679 0.168271 0.520643
-0.263913 0.224534 0.564784
-0.221919 0.282499 0.592654
-0.167847 0.292567 0.618841
-0.127820 0.334098 0.653137
-0.075436 0.357122 0.677069
-0.027582 0.300970 0.709647
0.029569 0.301710 0.732183
0.066616 0.190591 0.738430
0.115881 0.128628 0.747505
0.129985 0.008365 0.736712
0.163914 -0.081470 0.731145
0.177124 -0.188666 0.715214
0.203524 -0.293308 0.715482
0.230202 -0.396358 0.699498
0.190076 -0.508587 0.699462
0.166158 -0.606826 0.660154
0.162186 -0.710838 0.633609
0.120509 -0.785720 0.609319
0.072258 -0.813148 0.568650
0.051678 -0.872890 0.526747
0.041865 -0.911497 0.476466
0.001460 -0.947031 0.441043
-0.010121 -1.000000 0.393626
-0.040157 -0.972276 0.350040
-0.057697 -0.990894 0.299723
-0.057598 -0.931485 0.255457
-0.064312 -0.927191 0.204443
-0.040355 -0.881181 0.161322
-0.054817 -0.818811 0.118166
-0.051142 -0.820514 0.061387
-0.040176 -0.772431 0.005683
-0.060995 -0.767915 -0.051399
-0.065663 -0.754516 -0.105994
-0.094506 -0.745521 -0.154842
-0.045520 -0.765287 -0.192557
-0.016319 -0.869522 -0.158601
-0.014114 -0.898838 -0.102539
0.019040 -0.853161 -0.062855
0.041170 -0.842279 -0.005647
0.042143 -0.776355 0.049717
0.046911 -0.721387 0.100391
0.030800 -0.606492 0.070982
0.011968 -0.515546 0.042503
0.068345 -0.484232 0.024997
0.075754 -0.574067 -0.009943
0.029430 -0.547305 -0.041698
0.051261 -0.444662 -0.057253
0.100923 -0.479679 -0.083333
0.069457 -0.548046 -0.117557
0.039461 -0.472757 -0.147575
0.088547 -0.441220 -0.176698
0.090474 -0.538681 -0.208792
0.039660 -0.512400 -0.242480
0.071483 -0.435409 -0.274538
0.094407 -0.391657 -0.322528
0.114570 -0.289717 -0.302444
0.157378 -0.226162 -0.329974
0.173469 -0.121113 -0.350183
0.227322 -0.192516 -0.375851
0.262185 -0.225015 -0.417880
0.313157 -0.260956 -0.438823
0.343709 -0.304486 -0.482105
0.372195 -0.380774 -0.447039
0.365302 -0.496187 -0.430088
0.398735 -0.463947 -0.373864
0.360872 -0.479494 -0.318626
0.369096 -0.511327 -0.270726
0.366176 -0.479346 -0.220821
0.388802 -0.500518 -0.175015
0.391742 -0.494707 -0.124162
0.418500 -0.461726 -0.081417
0.420506 -0.496521 -0.026429
0.437014 -0.373297 -0.007885
0.393431 -0.329064 0.025051
0.397841 -0.293049 0.077211
0.370527 -0.246076 0.122014
0.418619 -0.234195 0.158387
0.431988 -0.119744 0.151441
0.398496 -0.074363 0.195761
0.445317 -0.105678 0.237557
0.495237 -0.043974 0.215326
0.527220 0.058743 0.217635
0.567267 0.068219 0.169037
0.522055 0.127850 0.124556
0.489536 0.224941 0.126310
0.463772 0.320440 0.105099
0.446668 0.428709 0.125021
0.419553 0.531315 0.137551
0.419414 0.634957 0.161394
0.354059 0.649911 0.161626
0.335485 0.527095 0.183500
0.363455 0.421602 0.183804
0.367209 0.350977 0.140415
0.382803 0.244596 0.115606
0.419950 0.178450 0.072253
0.451912 0.106567 0.037455
0.468062 0.215058 0.000725
0.476286 0.308447 -0.029329
0.424539 0.301192 -0.059454
0.388981 0.328102 -0.013863
0.413574 0.427969 -0.002801
0.403522 0.479383 -0.051077
0.342359 0.467723 -0.046262
0.337194 0.527206 0.002300
0.355012 0.631033 -0.012557
0.300662 0.655352 -0.038297
0.271700 0.685298 0.009353
0.306066 0.781611 0.022581
0.294167 0.848497 -0.021113
0.244386 0.841946 -0.055427
0.252530 0.801562 -0.105976
0.218462 0.797638 -0.160875
0.225256 0.781796 -0.215702
0.166536 0.733306 -0.225099
0.113358 0.757070 -0.258643
0.056962 0.766102 -0.281949
0.014948 0.801673 -0.318071
-0.041547 0.785794 -0.290075
-0.019855 0.830508 -0.232044
0.037475 0.847313 -0.208166
0.070748 0.767545 -0.183339
0.124741 0.725644 -0.151781
0.186758 0.660423 -0.148703
0.240949 0.595314 -0.141238
0.220111 0.517138 -0.191358
0.203484 0.452362 -0.235069
0.166774 0.376110 -0.209455
0.125615 0.456729 -0.194669
0.110736 0.484047 -0.246292
0.092222 0.384217 -0.264586
0.048698 0.373075 -0.226263
0.017888 0.468019 -0.241567
0.000526 0.441701 -0.292492
-0.044646 0.369744 -0.276651
-0.086382 0.454434 -0.271495
-0.086402 0.478309 -0.329294
-0.089659 0.371224 -0.352546
-0.099989 0.267323 -0.327916
-0.060041 0.185409 -0.313864
-0.057935 0.052228 -0.307993
-0.021702 -0.042493 -0.309622
-0.057161 -0.106085 -0.268506
-0.091368 -0.212097 -0.259556
-0.132587 -0.299526 -0.247241
-0.153743 -0.405574 -0.255761
-0.208927 -0.387511 -0.223631
-0.228236 -0.264325 -0.246794
-0.196869 -0.174452 -0.270225
-0.160815 -0.104716 -0.242104
-0.122536 -0.006404 -0.242032
-0.059902 0.060187 -0.235463
-0.005751 0.121150 -0.225171
0.016080 0.023431 -0.184574
0.035012 -0.069366 -0.157671
0.013419 -0.043678 -0.107748
-0.045719 -0.057077 -0.126059
-0.041269 -0.166346 -0.138554
-0.025596 -0.204545 -0.089508
-0.075734 -0.164310 -0.065290
-0.115086 -0.223978 -0.097223
-0.102492 -0.331507 -0.083529
-0.132031 -0.325992 -0.035200
-0.187215 -0.349237 -0.057360
-0.177700 -0.463725 -0.070964
-0.170012 -0.505552 -0.020486
-0.192142 -0.466131 0.029400
-0.147386 -0.434261 0.064842
-0.119178 -0.408499 0.118595
-0.062127 -0.407166 0.142903
-0.082945 -0.345832 0.190875
-0.085508 -0.359824 0.249550
-0.102055 -0.358565 0.305058
-0.094864 -0.392434 0.357934
-0.147406 -0.337689 0.378966
-0.194108 -0.376221 0.331746
-0.188208 -0.408573 0.277259
-0.177283 -0.335838 0.235356
-0.171244 -0.309261 0.176967
-0.134097 -0.262807 0.127993
-0.107180 -0.219240 0.079806
-0.064471 -0.137252 0.110988
-0.026649 -0.080286 0.142975
-0.062504 0.009439 0.153034
-0.104618 -0.052598 0.180743
-0.066398 -0.089762 0.220087
-0.047069 0.008884 0.239150
-0.103108 0.045492 0.251394
-0.115603 -0.039384 0.287874
-0.075992 -0.019766 0.327271
-0.107756 0.072476 0.346907
-0.146055 0.010697 0.377641
-0.099612 -0.021728 0.414300
-0.073013 0.082544 0.425291
-0.092659 0.189999 0.409378
-0.071324 0.254035 0.368065
-0.061968 0.381108 0.352403
-0.029151 0.455323 0.320272
-0.082508 0.536275 0.320380
-0.098599 0.651096 0.340320
-0.122019 0.751259 0.358650
-0.115881 0.858528 0.377283
-0.177680 0.867227 0.397868
-0.185487 0.746039 0.426114
-0.155432 0.641546 0.419957
-0.166417 0.566183 0.379950
-0.154200 0.457692 0.354139
-0.128058 0.385253 0.305416
-0.107975 0.314073 0.263566
-0.114232 0.415458 0.222253
-0.120827 0.505219 0.188619
-0.181097 0.492079 0.180439
-0.196452 0.515842 0.232671
-0.174760 0.621410 0.232295
-0.206285 0.662200 0.190194
-0.261608 0.640361 0.211979
-0.251994 0.709728 0.255672
-0.244723 0.810631 0.232635
-0.305331 0.824252 0.221412
-0.318739 0.860638 0.272516
-0.286439 0.962726 0.265606
-0.311568 1.000000 0.216257
-0.360555 0.956877 0.187223
-0.359780 0.884106 0.144783
-0.404058 0.858676 0.096059
-0.404893 0.819477 0.042575
-0.462898 0.758365 0.048500
-0.521876 0.751999 0.024317
-0.581808 0.742449 0.006524
-0.627616 0.751259 -0.030689
-0.677119 0.744744 0.010033
-0.649904 0.824474 0.057628
-0.591025 0.859269 0.072109
-0.551256 0.796195 0.099049
-0.491523 0.778317 0.123267
-0.425393 0.722128 0.125487
-0.367686 0.666013 0.128011
-0.393053 0.574326 0.086018
-0.415620 0.491116 0.054908
-0.440212 0.426636 0.094484
-0.483180 0.502998 0.109431
-0.509262 0.511142 0.060152
-0.524578 0.401503 0.054353
-0.558050 0.397468 0.100176
-0.596945 0.476940 0.081131
-0.619471 0.423934 0.036721
-0.653520 0.349386 0.065988
-0.700798 0.424082 0.073022
-0.718259 0.424304 0.017139
-0.730495 0.308151 0.015976
-0.759836 0.202658 0.018338
-0.716034 0.126481 0.030421
-0.711167 0.007440 0.053225
-0.665677 -0.076954 0.055964
-0.686932 -0.121595 0.111865
-0.711286 -0.220425 0.138679
-0.740070 -0.303339 0.169699
-0.754949 -0.412237 0.181603
-0.800379 -0.388510 0.221734
-0.834388 -0.286201 0.190642
-0.817105 -0.211023 0.148756
-0.781985 -0.119744 0.155970
-0.753221 -0.020765 0.134347
-0.693587 0.045492 0.124305
-0.640528 0.109084 0.113780
-0.602864 0.034017 0.155003
-0.571141 -0.030389 0.190069
-0.585979 0.028132 0.236376
-0.646269 0.001925 0.233995
-0.636654 -0.108639 0.235875
-0.606162 -0.111823 0.283739
-0.652924 -0.068219 0.312056
-0.693507 -0.149208 0.298560
-0.666193 -0.238636 0.322206
-0.684548 -0.205360 0.374437
-0.741659 -0.256218 0.368548
-0.717285 -0.370336 0.366024
-0.698632 -0.385734 0.417558
-0.717186 -0.427524 0.468608
-0.696129 -0.357270 0.511872
-0.750360 -0.299304 0.530900
-0.775171 -0.374223 0.574897
-0.739812 -0.343944 0.627236
-0.753320 -0.232603 0.650005
-0.816212 -0.233454 0.667833
-0.810928 -0.302635 0.718776
-0.779224 -0.228679 0.757690
-0.827733 -0.144174 0.766909
-0.851074 -0.157980 0.817780
-0.872349 -0.072883 0.847887
-0.899584 -0.040902 0.890793
-0.940823 0.025800 0.915226
-0.953159 0.083987 0.959833
-1.000000 0.108010 1.000000
