-0.307356 0.320310 -1.000000
-0.289532 0.299279 -0.931919
-0.243509 0.266673 -0.876381
-0.249197 0.196385 -0.820724
-0.180014 0.233409 -0.785462
-0.210597 0.336011 -0.768753
-0.278101 0.299936 -0.730978
-0.240286 0.238959 -0.679246
-0.195102 0.324765 -0.653488
-0.258055 0.391766 -0.633907
-0.294570 0.322063 -0.586843
-0.228827 0.302711 -0.542820
-0.215798 0.410278 -0.524962
-0.289721 0.434669 -0.496451
-0.290724 0.356604 -0.443858
-0.218723 0.388261 -0.410918
-0.239554 0.495938 -0.395693
-0.304186 0.465961 -0.353777
-0.263852 0.404290 -0.301615
-0.218046 0.494696 -0.276120
-0.294462 0.550087 -0.253378
-0.359880 0.585066 -0.220128
-0.450490 0.582766 -0.226471
-0.532106 0.572688 -0.214430
-0.537713 0.464719 -0.237555
-0.488278 0.415865 -0.188648
-0.532323 0.447777 -0.129735
-0.602021 0.385851 -0.144051
-0.565994 0.284382 -0.146875
-0.531375 0.287522 -0.081164
-0.601587 0.297782 -0.043030
-0.634770 0.199890 -0.063282
-0.574066 0.134350 -0.035872
-0.577479 0.169694 0.034819
-0.651321 0.132780 0.060864
-0.619357 0.019699 0.064191
-0.562147 0.030141 0.121261
-0.521921 -0.042556 0.184387
-0.497244 -0.108864 0.238680
-0.502038 -0.193537 0.285025
-0.508648 -0.247905 0.349875
-0.477822 -0.313300 0.404479
-0.486869 -0.414696 0.375513
-0.414273 -0.406700 0.334506
-0.352295 -0.402319 0.389158
-0.333658 -0.505066 0.414677
-0.278913 -0.530589 0.360647
-0.228096 -0.442446 0.364597
-0.199139 -0.459096 0.432463
-0.157829 -0.558923 0.411014
-0.110344 -0.520438 0.349396
-0.061802 -0.433902 0.375633
0.004158 -0.375810 0.399691
0.051319 -0.313665 0.450250
0.091355 -0.210516 0.417502
0.115897 -0.105431 0.410535
0.136511 -0.100612 0.340180
0.059743 -0.129384 0.313871
0.007111 -0.054605 0.353777
0.058632 0.050662 0.364861
0.105657 0.057636 0.292326
0.065811 0.008854 0.230972
-0.017187 0.043140 0.241241
-0.072176 0.128361 0.241218
-0.123725 0.084801 0.292350
-0.067896 0.069502 0.346188
-0.046659 0.178202 0.349971
-0.121775 0.218293 0.367709
-0.137025 0.155345 0.427508
-0.069332 0.191273 0.463440
-0.089540 0.299717 0.467055
-0.160836 0.284491 0.502412
-0.121964 0.238740 0.561708
-0.072962 0.322319 0.581529
-0.135617 0.393994 0.596203
-0.162028 0.344592 0.662465
-0.077106 0.360803 0.697990
-0.012149 0.419151 0.725185
0.047716 0.341561 0.708882
0.035147 0.339480 0.634098
0.048285 0.445477 0.618323
0.130335 0.445696 0.630795
0.149947 0.373437 0.576813
0.117170 0.431565 0.520773
0.160348 0.526134 0.528649
0.234705 0.480968 0.518858
0.221811 0.445185 0.449531
0.208267 0.548590 0.422457
0.283383 0.591712 0.438448
0.325640 0.518759 0.397704
0.290372 0.545559 0.333836
0.312530 0.653236 0.332376
0.395311 0.629320 0.330987
0.399672 0.570278 0.268340
0.361315 0.664518 0.227596
0.412079 0.753866 0.225681
0.471239 0.827659 0.208733
0.535980 0.892250 0.217470
0.532485 0.963743 0.292039
0.486625 1.000000 0.350162
0.431365 0.913464 0.350785
0.486029 0.833537 0.372329
0.509190 0.884436 0.434570
0.432909 0.888197 0.464852
0.420368 0.777234 0.465762
0.484241 0.752077 0.509186
0.459564 0.812907 0.566663
0.387401 0.758138 0.576598
0.419690 0.656376 0.589620
0.465632 0.686426 0.647025
0.402760 0.723341 0.689037
0.362318 0.625997 0.691958
0.428684 0.567394 0.722671
0.446426 0.640274 0.781967
0.384124 0.624865 0.826397
0.359961 0.577070 0.887225
0.308358 0.542346 0.939507
0.243915 0.590251 0.972327
0.169260 0.601387 1.000000
0.130416 0.602665 0.918992
0.201333 0.557024 0.862114
0.221757 0.465815 0.826565
0.242290 0.386435 0.779884
0.223355 0.276203 0.770477
0.293812 0.266892 0.716016
0.366787 0.285477 0.767317
0.442038 0.287376 0.803560
0.512955 0.321625 0.831927
0.558490 0.310598 0.769543
0.519727 0.393081 0.731600
0.531971 0.475710 0.778640
0.616052 0.470160 0.775575
0.621551 0.493528 0.703807
0.586364 0.595290 0.707398
0.644955 0.638923 0.753600
0.714843 0.613619 0.706752
0.707665 0.674304 0.643171
0.762410 0.739589 0.591847
0.743556 0.693437 0.520940
0.707529 0.638010 0.466169
0.724811 0.533619 0.487953
0.680766 0.540885 0.550457
0.606328 0.560895 0.518834
0.602400 0.468918 0.478473
0.608576 0.397061 0.534681
0.541262 0.432332 0.573103
0.484485 0.414185 0.519935
0.498788 0.304391 0.512059
0.473189 0.280000 0.580978
0.396367 0.322830 0.576191
0.370850 0.252615 0.524100
0.380060 0.157499 0.563671
0.327157 0.185833 0.619017
0.259599 0.203724 0.578561
0.257378 0.097398 0.552683
0.253098 0.043104 0.616623
0.180475 0.086846 0.636133
0.134398 0.042811 0.579446
0.148348 -0.070707 0.595342
0.101540 -0.074505 0.664237
0.032628 -0.017289 0.682574
0.005540 0.015427 0.616910
-0.008113 -0.090424 0.592541
-0.062614 -0.121899 0.644392
-0.117332 -0.040438 0.628616
-0.133016 -0.067239 0.559242
-0.164926 -0.174185 0.566567
-0.232024 -0.122446 0.612506
-0.273794 -0.045002 0.564006
-0.309794 0.008708 0.506242
-0.242994 0.003377 0.461166
-0.251581 -0.109776 0.450489
-0.325694 -0.104592 0.421164
-0.300313 -0.042410 0.364358
-0.247870 -0.116385 0.336972
-0.305622 -0.194450 0.320957
-0.344385 -0.134751 0.269968
-0.277776 -0.127193 0.225418
-0.267347 -0.238120 0.215077
-0.341189 -0.252250 0.181156
-0.324530 -0.179845 0.125498
-0.257595 -0.236550 0.099238
-0.297089 -0.342182 0.086263
-0.335419 -0.337581 0.021030
-0.338941 -0.346162 -0.051288
-0.309550 -0.334003 -0.129137
-0.333523 -0.282629 -0.206985
-0.370173 -0.219242 -0.257735
-0.421207 -0.161114 -0.211246
-0.366841 -0.079032 -0.190228
-0.358200 -0.032113 -0.267239
-0.328241 0.039160 -0.325338
-0.297604 0.063295 -0.399428
-0.235193 0.110835 -0.455660
-0.154199 0.097435 -0.482782
-0.073341 0.089329 -0.503202
0.018163 0.086591 -0.490036
0.042596 -0.041643 -0.514022
0.102623 -0.142200 -0.525919
0.132691 -0.264518 -0.511485
0.132041 -0.379096 -0.514190
0.040781 -0.382017 -0.484434
0.008492 -0.254368 -0.493626
-0.023255 -0.151803 -0.448646
-0.050831 -0.036969 -0.427915
-0.115734 0.031565 -0.384969
-0.178795 0.084108 -0.349061
-0.225089 0.099115 -0.273535
-0.292566 0.092068 -0.214239
-0.342489 0.091775 -0.155637
-0.422074 0.111091 -0.134332
-0.401568 0.146910 -0.058662
-0.336069 0.231693 -0.078650
-0.288855 0.257325 -0.142902
-0.216935 0.205660 -0.162052
-0.143635 0.182839 -0.204448
-0.098912 0.095135 -0.257975
-0.064917 -0.009804 -0.283996
-0.066352 -0.114414 -0.330652
-0.038479 -0.221981 -0.344010
-0.050885 -0.309649 -0.398758
-0.051346 -0.430835 -0.412546
-0.064104 -0.525660 -0.449747
-0.070064 -0.637572 -0.446180
-0.034903 -0.659845 -0.512945
0.038695 -0.607668 -0.500329
0.061612 -0.667622 -0.443475
0.061802 -0.766937 -0.478569
0.112402 -0.744263 -0.535375
0.179689 -0.705450 -0.485439
0.186218 -0.706581 -0.410727
0.153793 -0.624172 -0.358780
0.140872 -0.656047 -0.288784
0.212222 -0.613875 -0.261206
0.197676 -0.505906 -0.279400
0.126759 -0.492907 -0.241050
0.157694 -0.517919 -0.174955
0.218317 -0.441461 -0.171772
0.171075 -0.352223 -0.176152
0.125946 -0.374532 -0.116042
0.187030 -0.381762 -0.065580
0.213224 -0.276495 -0.076903
0.142606 -0.219352 -0.063832
0.137513 -0.253455 0.008845
0.214850 -0.205842 0.031946
0.204746 -0.093601 0.010808
0.224033 0.023058 0.043413
0.231590 0.131173 -0.008247
0.241748 0.220082 -0.053802
0.288882 0.149101 -0.108191
0.211789 0.073482 -0.121812
0.143608 0.014916 -0.128969
0.067951 -0.031419 -0.102637
0.003698 -0.099881 -0.077956
-0.086696 -0.125587 -0.072259
-0.094958 -0.232131 -0.125474
-0.124863 -0.352807 -0.141705
-0.170994 -0.414587 -0.207943
-0.239148 -0.459206 -0.258693
-0.277694 -0.504592 -0.327756
-0.276665 -0.560493 -0.390690
-0.193613 -0.504445 -0.415562
-0.149676 -0.460338 -0.344082
-0.094307 -0.389685 -0.303171
-0.082497 -0.294532 -0.246699
-0.048230 -0.180502 -0.229679
-0.050614 -0.084290 -0.182520
-0.002641 0.030397 -0.187571
0.021115 0.128982 -0.207584
0.022063 0.226983 -0.248375
0.066190 0.287668 -0.309395
0.058226 0.386764 -0.351192
0.139816 0.397280 -0.378553
0.186380 0.302455 -0.398303
0.271437 0.292633 -0.419536
0.350616 0.319361 -0.438017
0.339780 0.313190 -0.510335
0.294733 0.403670 -0.516344
0.354868 0.473154 -0.492022
0.414517 0.453911 -0.543323
0.360042 0.461068 -0.611787
0.286606 0.541689 -0.593546
0.323880 0.634906 -0.551534
0.379221 0.693948 -0.595557
0.457018 0.649037 -0.587657
0.508973 0.569220 -0.568794
0.496810 0.572652 -0.488384
0.518914 0.639580 -0.418938
0.541587 0.686828 -0.355477
0.571682 0.676896 -0.287204
0.498273 0.669886 -0.252636
0.479230 0.570644 -0.282799
0.543862 0.512661 -0.260608
0.532729 0.524162 -0.188553
0.454417 0.486883 -0.181491
0.464684 0.384975 -0.209523
0.527366 0.352478 -0.166912
0.483862 0.351456 -0.103834
0.425704 0.275472 -0.124253
0.478011 0.194194 -0.141369
0.512576 0.183825 -0.075036
0.442526 0.152387 -0.041306
0.427871 0.060374 -0.082241
0.499221 0.006298 -0.066513
0.491880 0.002538 0.006116
0.422453 -0.059717 0.006188
0.457533 -0.148772 -0.024405
0.519917 -0.165094 0.024118
0.470995 -0.186490 0.082504
0.436702 -0.280292 0.045974
0.479284 -0.326627 -0.013370
0.477578 -0.268060 -0.085808
0.481668 -0.258969 -0.165045
0.461352 -0.214569 -0.234347
0.492991 -0.208800 -0.308054
0.449921 -0.093565 -0.330365
0.486490 0.004509 -0.344154
0.436025 0.104774 -0.385280
0.374670 0.169000 -0.413360
0.312421 0.091702 -0.410918
0.314128 0.090972 -0.329551
0.288394 0.207996 -0.322082
0.220999 0.278795 -0.289813
0.157477 0.365660 -0.274779
0.102082 0.449676 -0.245119
0.075373 0.555272 -0.227405
0.155689 0.585103 -0.197506
0.230425 0.518028 -0.213880
0.243563 0.407211 -0.194920
0.278751 0.290698 -0.189941
0.280836 0.162538 -0.211175
0.275554 0.051246 -0.220582
0.257080 -0.049274 -0.275067
0.268430 -0.160529 -0.283182
0.280945 -0.268498 -0.251511
0.303591 -0.350726 -0.298790
0.388620 -0.343898 -0.266473
0.388864 -0.372561 -0.194465
0.430499 -0.417325 -0.121141
0.454309 -0.481807 -0.059978
0.511573 -0.522446 -0.008534
0.528639 -0.620739 0.026273
0.604811 -0.614058 0.060529
0.655737 -0.581743 0.002190
0.646852 -0.607887 -0.069458
0.659637 -0.587111 -0.143476
0.651755 -0.567467 -0.219529
0.642193 -0.609932 -0.299532
0.589289 -0.546253 -0.341999
0.557163 -0.479836 -0.395263
0.529235 -0.351894 -0.386381
0.509840 -0.254843 -0.440267
0.546300 -0.174989 -0.490371
0.596901 -0.122885 -0.535830
0.641082 -0.043031 -0.486756
0.633389 -0.102912 -0.412163
0.691060 -0.181342 -0.402540
0.763358 -0.225523 -0.375609
0.822329 -0.303149 -0.376902
0.777985 -0.385194 -0.340850
0.726247 -0.400676 -0.399069
0.786789 -0.421853 -0.453697
0.826825 -0.518393 -0.428609
0.793588 -0.607704 -0.391624
0.805074 -0.641150 -0.319066
0.789931 -0.553336 -0.273439
0.766040 -0.499918 -0.208661
0.702301 -0.417143 -0.170048
0.666166 -0.300703 -0.140436
0.672531 -0.183971 -0.139813
0.717443 -0.148517 -0.198152
0.654599 -0.137052 -0.247418
0.626048 -0.037079 -0.222689
0.697073 0.020831 -0.238608
0.690464 0.008708 -0.311022
0.614833 0.056504 -0.318037
0.643439 0.155527 -0.293188
0.695665 0.175609 -0.348247
0.635420 0.176632 -0.398901
0.586987 0.260100 -0.368930
0.642924 0.341305 -0.372162
0.654978 0.337398 -0.443283
0.574418 0.357042 -0.462913
0.568242 0.458037 -0.432774
0.632170 0.506709 -0.473470
0.626373 0.454313 -0.548302
0.579592 0.370881 -0.579734
0.636369 0.266454 -0.554526
0.700134 0.193391 -0.538344
0.780478 0.159251 -0.542916
0.767448 0.080602 -0.609346
0.702139 0.160237 -0.650257
0.654978 0.227458 -0.696554
0.591863 0.260393 -0.737920
0.586824 0.175354 -0.789843
0.631872 0.081004 -0.788215
0.661913 -0.024811 -0.812225
0.675294 -0.128179 -0.764205
0.686969 -0.225523 -0.727770
0.705362 -0.289055 -0.670102
0.790013 -0.286025 -0.682311
0.803259 -0.176559 -0.677188
0.773218 -0.165641 -0.609824
0.827773 -0.233117 -0.579255
0.896496 -0.176011 -0.595318
0.874744 -0.081844 -0.561157
0.866645 -0.126463 -0.493961
0.949399 -0.165094 -0.490586
1.000000 -0.070342 -0.525967
0.975377 0.038028 -0.512370
0.964027 0.148005 -0.493794
0.930736 0.250205 -0.484147
0.895386 0.357736 -0.514597
0.884009 0.480931 -0.515434
0.839746 0.549137 -0.570062
0.789633 0.619608 -0.526446
0.775277 0.714249 -0.486062
0.738572 0.664445 -0.425234
0.807132 0.642026 -0.383676
0.846952 0.635162 -0.317270
0.887476 0.583241 -0.263600
0.820731 0.525002 -0.239350
0.808026 0.466983 -0.302764
0.881923 0.416924 -0.302452
0.880379 0.365806 -0.236885
0.813200 0.302200 -0.245479
0.840803 0.249402 -0.305541
0.906031 0.199087 -0.275498
0.863449 0.143003 -0.222521
0.811466 0.086554 -0.270710
0.876370 0.050333 -0.321005
0.915729 -0.035728 -0.295726
0.935395 -0.145121 -0.304439
0.935097 -0.158156 -0.226471
0.901345 -0.160566 -0.159180
0.966167 -0.108717 -0.121979
0.944578 -0.003998 -0.161550
0.861200 0.021561 -0.142471
0.797218 0.068225 -0.110632
0.771430 -0.018969 -0.057297
0.859521 -0.085203 -0.048224
0.923015 -0.060374 0.000395
0.858519 -0.065231 0.067495
0.795809 -0.045148 0.115013
0.800983 0.078558 0.096844
0.778175 0.107805 0.024597
0.730798 0.199014 0.007720
0.704956 0.273939 -0.042982
0.689407 0.362081 0.002669
0.773462 0.398959 0.004321
0.784134 0.460739 -0.057225
0.782049 0.557901 -0.096365
0.707529 0.542054 -0.126982
0.669416 0.571191 -0.055382
0.672017 0.675691 -0.026464
0.582219 0.687266 -0.036542
0.555727 0.601059 0.017655
0.498571 0.554249 0.067136
0.466390 0.456358 0.091505
0.404006 0.492506 0.131938
0.366868 0.543076 0.072666
0.357225 0.452633 0.030582
0.311554 0.389831 0.079009
0.249983 0.478777 0.078962
0.242182 0.564619 0.027661
0.293703 0.668535 0.031180
0.307058 0.679087 -0.047099
0.301857 0.717645 -0.115899
0.308250 0.711109 -0.189247
0.329812 0.746563 -0.259219
0.245459 0.684455 -0.280261
0.159834 0.679489 -0.313081
0.092547 0.651921 -0.352317
0.016402 0.656047 -0.383676
-0.066461 0.628699 -0.383963
-0.068872 0.628407 -0.463751
-0.014885 0.530625 -0.472752
0.029756 0.435034 -0.503537
0.095960 0.356933 -0.496331
0.074343 0.291575 -0.569512
0.037612 0.242866 -0.626318
-0.018867 0.196203 -0.668809
-0.058822 0.106162 -0.691407
-0.012393 0.093017 -0.754485
0.059445 0.055591 -0.714460
0.026235 -0.049128 -0.690234
0.021169 -0.157901 -0.705076
-0.015996 -0.262218 -0.710295
-0.043788 -0.369859 -0.700121
-0.064077 -0.476257 -0.707039
-0.100321 -0.570826 -0.686093
-0.115301 -0.673063 -0.647911
-0.123400 -0.795783 -0.663830
-0.117332 -0.888818 -0.614588
-0.141224 -0.871474 -0.537362
-0.146425 -0.927084 -0.464254
-0.162407 -0.958485 -0.387411
-0.142389 -1.000000 -0.314613
-0.115192 -0.994961 -0.242702
-0.051671 -0.924309 -0.254743
-0.098371 -0.837481 -0.273606
-0.142904 -0.830178 -0.211510
-0.076890 -0.812177 -0.168277
-0.052646 -0.718667 -0.200881
-0.120637 -0.657581 -0.187092
-0.116086 -0.665541 -0.113289
-0.039860 -0.617234 -0.106060
-0.063915 -0.517079 -0.136151
-0.132962 -0.489658 -0.090165
-0.134885 -0.412031 -0.029672
-0.157883 -0.297964 -0.038673
-0.118741 -0.230196 0.012197
-0.061612 -0.160164 0.049445
-0.055761 -0.094076 0.109340
-0.022632 0.000383 0.083127
-0.073260 0.023825 0.026033
-0.143012 0.023387 0.066657
-0.123210 0.106892 0.113313
-0.115978 0.183715 0.061151
-0.193856 0.182474 0.037189
-0.232972 0.211356 0.099285
-0.192150 0.312460 0.103666
-0.201874 0.361753 0.037380
-0.291943 0.352296 0.041929
-0.334850 0.337143 0.108071
-0.352593 0.235673 0.138329
-0.335934 0.261743 0.207368
-0.395663 0.338421 0.216202
-0.461189 0.277992 0.195303
-0.453361 0.189046 0.245143
-0.450679 0.265176 0.307887
-0.527853 0.308517 0.315858
-0.601452 0.316915 0.352580
-0.641759 0.374021 0.290579
-0.665217 0.305961 0.236382
-0.715466 0.257179 0.189199
-0.757425 0.163889 0.169426
-0.814527 0.105176 0.126671
-0.870383 0.062675 0.188505
-0.953029 0.112259 0.191042
-0.991115 0.006298 0.153674
-1.000000 -0.109338 0.189702
-0.969986 -0.189156 0.244665
-0.933959 -0.270726 0.282512
-0.868677 -0.350726 0.256419
-0.781778 -0.307969 0.227166
-0.706283 -0.303806 0.204352
-0.660938 -0.233628 0.158438
-0.615077 -0.270288 0.106635
-0.580052 -0.232424 0.049397
-0.537524 -0.254149 -0.004800
-0.492747 -0.230854 -0.061223
-0.544594 -0.207996 -0.133877
