0.083484 1.000000 1.000000
0.042776 0.969519 0.939373
-0.014388 0.904157 0.905873
-0.017145 0.869742 0.844630
-0.065478 0.816539 0.801677
-0.070259 0.777338 0.743864
-0.133712 0.738604 0.697064
-0.188895 0.678138 0.667213
-0.209055 0.628071 0.620852
-0.272982 0.597095 0.573437
-0.349315 0.539462 0.556489
-0.392608 0.492174 0.510700
-0.506419 0.471734 0.489905
-0.573576 0.401282 0.467923
-0.649996 0.412066 0.413341
-0.745412 0.372562 0.377708
-0.805505 0.407142 0.326490
-0.890971 0.337460 0.308178
-0.812656 0.262661 0.306838
-0.682562 0.241947 0.299539
-0.567244 0.183186 0.277206
-0.425950 0.152458 0.276304
-0.334496 0.087700 0.245288
-0.252563 0.011086 0.237770
-0.199621 -0.067068 0.213611
-0.070345 -0.072928 0.238495
0.045619 -0.103986 0.267380
0.130912 -0.035570 0.247640
0.194409 0.040109 0.252718
0.195227 0.060521 0.186178
0.055958 0.071745 0.183408
0.046007 0.148056 0.222294
0.067718 0.218894 0.187738
-0.054493 0.228027 0.164152
-0.117774 0.229127 0.223503
-0.062376 0.301257 0.246167
-0.102955 0.352397 0.196026
-0.232274 0.340458 0.206665
-0.236366 0.367390 0.270919
-0.190618 0.445380 0.259312
-0.288188 0.469836 0.215590
-0.388214 0.453495 0.262522
-0.379039 0.438420 0.330534
-0.354010 0.345300 0.349461
-0.343241 0.259663 0.364607
-0.339450 0.175428 0.371465
-0.383863 0.097989 0.387556
-0.381537 0.017496 0.415847
-0.278926 -0.052598 0.392238
-0.234384 -0.135650 0.365156
-0.126734 -0.178977 0.322731
-0.079176 -0.275261 0.310882
-0.019643 -0.356001 0.324885
0.005169 -0.437705 0.340580
0.073016 -0.510440 0.328864
-0.002929 -0.522517 0.267533
-0.064745 -0.453715 0.234648
-0.166193 -0.404501 0.260983
-0.252477 -0.337872 0.272809
-0.290730 -0.264202 0.316576
-0.400706 -0.212621 0.350846
-0.432239 -0.138841 0.399910
-0.518265 -0.085170 0.430355
-0.539287 -0.017826 0.483420
-0.673904 0.014635 0.449546
-0.775093 0.049050 0.412286
-0.858534 0.044538 0.349417
-0.985267 0.066931 0.353242
-1.000000 0.132046 0.305716
-0.881020 0.147259 0.266368
-0.766649 0.164892 0.227636
-0.655639 0.119034 0.195916
-0.512105 0.114962 0.184221
-0.402688 0.070920 0.148149
-0.270225 0.057880 0.139400
-0.175756 0.022723 0.083609
-0.046179 -0.013287 0.066485
0.066985 -0.061484 0.049888
0.158740 -0.132238 0.055934
0.207849 -0.209898 0.043338
0.065779 -0.233061 0.050174
-0.052296 -0.241726 0.018432
-0.108598 -0.297984 0.063298
-0.107651 -0.247146 0.115219
-0.180064 -0.185910 0.087214
-0.288317 -0.234794 0.080092
-0.307918 -0.256774 0.145489
-0.325881 -0.180848 0.170636
-0.433058 -0.162306 0.132959
-0.514388 -0.226679 0.146808
-0.515853 -0.213309 0.213787
-0.558284 -0.132486 0.213677
-0.670242 -0.145773 0.180506
-0.720040 -0.201507 0.225218
-0.718704 -0.151193 0.280261
-0.803351 -0.094743 0.253707
-0.906177 -0.148139 0.242694
-0.922245 -0.175126 0.306882
-0.937968 -0.089351 0.328996
-0.990609 -0.026547 0.289538
-0.965624 0.026822 0.241133
-0.993581 0.079640 0.187936
-0.845137 0.073341 0.163008
-0.729387 0.051305 0.114384
-0.600457 0.080410 0.093171
-0.488584 0.084014 0.053911
-0.346817 0.099282 0.048811
-0.263720 0.082336 -0.013596
-0.163436 0.110011 -0.052219
-0.157707 0.018927 -0.071585
-0.193805 -0.054606 -0.105723
-0.184845 -0.136778 -0.121198
-0.189627 -0.155181 -0.187760
-0.180538 -0.099915 -0.240627
-0.133066 -0.158593 -0.284482
-0.254760 -0.208522 -0.282284
-0.347937 -0.175153 -0.333238
-0.317136 -0.247586 -0.382434
-0.294434 -0.312371 -0.424420
-0.205135 -0.384088 -0.437499
-0.254674 -0.456081 -0.459921
-0.289524 -0.493466 -0.394766
-0.326958 -0.429672 -0.346779
-0.370337 -0.358450 -0.303540
-0.406479 -0.294242 -0.255905
-0.363488 -0.261258 -0.196333
-0.447015 -0.196446 -0.193234
-0.556905 -0.247641 -0.184793
-0.518997 -0.278507 -0.126210
-0.507926 -0.206377 -0.091369
-0.631171 -0.180463 -0.099568
-0.687301 -0.248549 -0.069431
-0.631300 -0.237132 -0.008254
-0.680925 -0.159913 0.005375
-0.807487 -0.180738 0.000517
-0.806195 -0.243239 0.047668
-0.767726 -0.198371 0.100645
-0.801241 -0.099667 0.087324
-0.796071 -0.039724 0.042788
-0.840097 0.046161 0.019971
-0.693375 0.077439 0.000846
-0.578789 0.121317 -0.035908
-0.442319 0.144590 -0.037447
-0.335444 0.168111 -0.092292
-0.227104 0.166956 -0.146368
-0.202421 0.133119 -0.206709
-0.238003 0.074743 -0.247552
-0.203929 0.037330 -0.304288
-0.355777 0.052406 -0.311762
-0.482898 0.080576 -0.311278
-0.540450 0.001403 -0.308376
-0.545231 -0.011306 -0.241792
-0.667270 0.016313 -0.232494
-0.723055 -0.058513 -0.257268
-0.703498 -0.104949 -0.196949
-0.809856 -0.063960 -0.159777
-0.919488 -0.042832 -0.114538
-0.850349 0.045391 -0.101986
-0.765357 0.108030 -0.097216
-0.650642 0.161344 -0.127749
-0.527268 0.205551 -0.121308
-0.423451 0.237545 -0.163250
-0.311062 0.283101 -0.154545
-0.181658 0.336277 -0.159513
-0.053115 0.367885 -0.175824
-0.044370 0.432780 -0.217414
-0.018523 0.493962 -0.171779
0.098647 0.458804 -0.148434
0.162359 0.457264 -0.208995
0.150771 0.540453 -0.220931
0.217024 0.566037 -0.167867
0.330878 0.529064 -0.183342
0.354226 0.573162 -0.238957
0.350521 0.654067 -0.208380
0.440984 0.636791 -0.150061
0.541914 0.570026 -0.171098
0.582364 0.602790 -0.238033
0.661282 0.639542 -0.281976
0.598389 0.641330 -0.342734
0.477384 0.623972 -0.367047
0.502714 0.658524 -0.430113
0.575816 0.580892 -0.442863
0.476867 0.517427 -0.449831
0.413587 0.428737 -0.455613
0.330361 0.360210 -0.460625
0.317825 0.266155 -0.453370
0.297364 0.183049 -0.474012
0.314508 0.098512 -0.474275
0.184328 0.098209 -0.521185
0.056475 0.096228 -0.538903
0.008615 0.100602 -0.473154
0.062376 0.185002 -0.461548
0.011631 0.245605 -0.501863
-0.074782 0.278232 -0.456338
0.018049 0.306704 -0.413187
0.084130 0.354488 -0.456580
-0.017791 0.405436 -0.468472
-0.041484 0.434046 -0.404152
0.082063 0.471019 -0.403317
0.082752 0.519683 -0.458954
-0.020462 0.570521 -0.443171
0.029680 0.603202 -0.383995
0.151030 0.627686 -0.411868
0.196002 0.626585 -0.476518
0.255622 0.549146 -0.510106
0.290127 0.470771 -0.531737
0.307487 0.383731 -0.562160
0.334109 0.288465 -0.555346
0.355001 0.195896 -0.577767
0.365297 0.108250 -0.573525
0.403722 0.027097 -0.616104
0.431162 -0.055542 -0.586560
0.515465 -0.113092 -0.543607
0.507323 -0.146598 -0.484475
0.451753 -0.203791 -0.440885
0.335573 -0.226926 -0.421606
0.267253 -0.297048 -0.396195
0.142802 -0.270612 -0.438928
0.173042 -0.315700 -0.511953
0.063712 -0.380732 -0.543277
0.050401 -0.467305 -0.554532
-0.087533 -0.498473 -0.553873
-0.229000 -0.521251 -0.553389
-0.300724 -0.592913 -0.535869
-0.433704 -0.584358 -0.550312
-0.414147 -0.646172 -0.600057
-0.500086 -0.707958 -0.567699
-0.598906 -0.756953 -0.561588
-0.650728 -0.827157 -0.546882
-0.691867 -0.901378 -0.567062
-0.750969 -0.935435 -0.619951
-0.799604 -1.000000 -0.650748
-0.811924 -0.999092 -0.718453
-0.784656 -0.948034 -0.784883
-0.759068 -0.934445 -0.854764
-0.735461 -0.833485 -0.861974
-0.622125 -0.814998 -0.904773
-0.564918 -0.782674 -0.959949
-0.443956 -0.763005 -0.991515
-0.465236 -0.670078 -1.000000
-0.396528 -0.638084 -0.941110
-0.303782 -0.578443 -0.937417
-0.227363 -0.530384 -0.899476
-0.128715 -0.479272 -0.890199
-0.015034 -0.455833 -0.865403
0.064358 -0.407912 -0.830738
0.169337 -0.367115 -0.816691
0.255837 -0.339028 -0.775299
0.318644 -0.283321 -0.739314
0.410830 -0.228990 -0.729070
0.482726 -0.171027 -0.694646
0.530973 -0.094358 -0.685524
0.594469 -0.032104 -0.656156
0.607909 0.043575 -0.630063
0.530585 0.128552 -0.636855
0.503058 0.216005 -0.647934
0.413802 0.288273 -0.649913
0.509175 0.363484 -0.642109
0.586198 0.416495 -0.598562
0.714655 0.416275 -0.553697
0.812268 0.475503 -0.560028
0.811665 0.517207 -0.497511
0.713147 0.479904 -0.450381
0.616438 0.441969 -0.412198
0.553545 0.368078 -0.389732
0.421297 0.329207 -0.373312
0.351986 0.263046 -0.350098
0.215516 0.219471 -0.346559
0.122986 0.168221 -0.294374
0.081933 0.114962 -0.239308
0.204963 0.053396 -0.234297
0.307358 0.012352 -0.193432
0.374386 -0.077109 -0.191937
0.458775 -0.068004 -0.246123
0.571896 -0.042200 -0.294352
0.589515 -0.060659 -0.358540
0.519686 0.008611 -0.382170
0.607607 0.065885 -0.352055
0.720858 0.040907 -0.382302
0.682261 0.048472 -0.446314
0.658525 0.131331 -0.438840
0.780219 0.157135 -0.421672
0.843887 0.132541 -0.476671
0.770871 0.175208 -0.521823
0.804041 0.251272 -0.494807
0.937968 0.245633 -0.501467
0.938744 0.238398 -0.568886
0.870897 0.318863 -0.572580
0.891876 0.376496 -0.517690
0.862411 0.386509 -0.453964
0.885155 0.423345 -0.393777
0.761954 0.377211 -0.361111
0.678125 0.319083 -0.314707
0.541484 0.296058 -0.295737
0.429870 0.259745 -0.253443
0.279659 0.244202 -0.246541
0.168390 0.217105 -0.193586
0.097312 0.182581 -0.145335
0.177867 0.102473 -0.137751
0.263074 0.052846 -0.095655
0.327346 -0.020797 -0.089940
0.448264 -0.047702 -0.095963
0.498449 -0.130615 -0.103415
0.617645 -0.157107 -0.086555
0.704747 -0.093312 -0.121418
0.672310 -0.013672 -0.132893
0.770311 0.025171 -0.100271
0.869648 -0.002586 -0.137817
0.825019 0.022778 -0.199455
0.830576 0.105059 -0.183166
0.959766 0.111111 -0.170702
1.000000 0.079695 -0.234758
0.937796 0.143325 -0.280371
0.876540 0.212264 -0.312289
0.813948 0.246871 -0.258587
0.777117 0.308052 -0.211435
0.623417 0.282798 -0.198334
0.501637 0.260681 -0.155622
0.355604 0.273307 -0.148808
0.248040 0.258397 -0.094029
0.156500 0.234436 -0.040480
0.081072 0.199829 0.011881
0.035367 0.123683 -0.007045
0.173344 0.102005 0.024103
0.297364 0.089296 0.052724
0.446067 0.116998 0.059846
0.535927 0.098924 0.107328
0.598690 0.038376 0.069277
0.630568 0.091524 0.015904
0.704058 0.151083 0.047426
0.802878 0.098017 0.065847
0.832946 0.086022 -0.007947
0.785000 0.177904 -0.034259
0.780736 0.262716 -0.051779
0.685104 0.253913 -0.101524
0.576161 0.259773 -0.057912
0.440165 0.299249 -0.054131
0.315112 0.340651 -0.022169
0.177651 0.361696 -0.018762
0.053545 0.384446 0.010584
-0.084432 0.352893 0.022872
-0.149651 0.386564 0.074948
-0.230507 0.438227 0.040590
-0.309899 0.382383 0.008320
-0.345137 0.340898 0.065606
-0.402516 0.405711 0.097722
-0.491988 0.423262 0.048108
-0.552598 0.347693 0.049317
-0.592832 0.350774 0.112757
-0.660894 0.422437 0.107635
-0.748341 0.395285 0.060066
-0.801714 0.329895 0.090687
-0.845783 0.370334 0.146280
-0.919014 0.433413 0.108691
-0.944775 0.431928 0.040018
-0.857155 0.456081 -0.012453
-0.779142 0.458062 -0.067254
-0.681658 0.436137 -0.114670
-0.660033 0.498693 -0.159997
-0.547773 0.528871 -0.132080
-0.468037 0.462051 -0.153160
-0.498880 0.485021 -0.224800
-0.433445 0.554813 -0.244694
-0.347118 0.526450 -0.294176
-0.375722 0.444885 -0.321807
-0.370983 0.379082 -0.366453
-0.391617 0.300102 -0.392436
-0.236797 0.284669 -0.390963
-0.186741 0.258755 -0.331172
