-0.279737 -0.878940 0.830894
-0.231703 -0.827379 0.839317
-0.183668 -0.764415 0.849658
-0.130430 -0.715046 0.835737
-0.089328 -0.621452 0.835723
-0.053270 -0.527997 0.832698
-0.014394 -0.445841 0.817286
0.020607 -0.364589 0.812683
0.073157 -0.315080 0.797200
0.128989 -0.290987 0.778564
0.176895 -0.264285 0.759686
0.226451 -0.272316 0.737129
0.271299 -0.308405 0.712896
0.307133 -0.378740 0.684288
0.319142 -0.463503 0.650779
0.336722 -0.517844 0.605523
0.326923 -0.594402 0.571659
0.307613 -0.633064 0.523164
0.285886 -0.661156 0.483377
0.245633 -0.635046 0.445053
0.223121 -0.629483 0.407098
0.185734 -0.549379 0.381658
0.167753 -0.506614 0.344356
0.132223 -0.460965 0.319143
0.114450 -0.445493 0.278461
0.101529 -0.406171 0.237779
0.091170 -0.397306 0.194469
0.115667 -0.407353 0.155548
0.116340 -0.413890 0.114582
0.142695 -0.448588 0.080959
0.149724 -0.423729 0.040632
0.171884 -0.442156 0.004212
0.189673 -0.429048 -0.035220
0.197374 -0.461869 -0.073885
0.227043 -0.495037 -0.105150
0.245633 -0.459261 -0.143289
0.271203 -0.533768 -0.171315
0.257433 -0.481060 -0.214923
0.266992 -0.458288 -0.257409
0.266160 -0.453003 -0.301018
0.285886 -0.465102 -0.339171
0.336850 -0.427970 -0.331742
0.347738 -0.459053 -0.283361
0.376239 -0.463433 -0.240577
0.394444 -0.465067 -0.199938
0.422048 -0.414689 -0.165591
0.440845 -0.413333 -0.124511
0.463646 -0.313481 -0.127153
0.418381 -0.254967 -0.139937
0.371547 -0.278922 -0.147366
0.370507 -0.299783 -0.198361
0.369578 -0.302947 -0.242381
0.395421 -0.333194 -0.282126
0.409239 -0.359026 -0.321984
0.419150 -0.424772 -0.356643
0.443311 -0.465172 -0.392126
0.433416 -0.515585 -0.430294
0.480586 -0.518192 -0.444541
0.489152 -0.600973 -0.410607
0.446497 -0.671725 -0.412155
0.444720 -0.681704 -0.461090
0.451477 -0.726032 -0.499627
0.427284 -0.660739 -0.526744
0.398159 -0.578305 -0.524613
0.408278 -0.579383 -0.573349
0.402226 -0.588318 -0.619358
0.441614 -0.551221 -0.645878
0.452966 -0.439200 -0.643307
0.450548 -0.418688 -0.596205
0.454423 -0.366397 -0.555153
0.457545 -0.348944 -0.511019
0.434697 -0.289735 -0.472099
0.420110 -0.251108 -0.434243
0.374814 -0.232125 -0.403234
0.336258 -0.235463 -0.378263
0.319750 -0.341921 -0.386629
0.357089 -0.360556 -0.428093
0.362997 -0.350995 -0.478476
0.382884 -0.326971 -0.522355
0.382884 -0.318453 -0.569585
0.414699 -0.283303 -0.606489
0.442511 -0.266927 -0.640012
0.482619 -0.230943 -0.660196
0.452326 -0.140895 -0.675495
0.459899 -0.076923 -0.641262
0.489312 0.007006 -0.627497
0.527132 -0.068196 -0.602852
0.558834 -0.123407 -0.635651
0.594236 -0.097923 -0.675978
0.623601 -0.113777 -0.709430
0.618525 -0.058913 -0.752299
0.637131 -0.000122 -0.786007
0.639612 0.010413 -0.828209
0.648275 0.067432 -0.864062
0.636730 0.157340 -0.888962
0.647106 0.241373 -0.914346
0.647634 0.344146 -0.927997
0.647987 0.426649 -0.955738
0.667569 0.508005 -0.978622
0.700793 0.593151 -0.979204
0.731279 0.668214 -0.996619
0.770395 0.733507 -1.000000
0.804531 0.791673 -0.978707
0.841054 0.865137 -0.975511
0.880234 0.834055 -0.942968
0.905644 0.802903 -0.907741
0.905340 0.759896 -0.870723
0.927916 0.696549 -0.840013
0.881162 0.640330 -0.829601
0.838908 0.589118 -0.827357
0.792971 0.584111 -0.816178
0.790969 0.647562 -0.775993
0.832487 0.731525 -0.780694
0.867969 0.818688 -0.765126
0.901593 0.890969 -0.751717
0.931663 0.953203 -0.724586
0.975646 1.000000 -0.714813
1.000000 0.893855 -0.727427
0.978737 0.814515 -0.750510
0.937427 0.760417 -0.731021
0.895957 0.701173 -0.725864
0.844240 0.715428 -0.714671
0.795917 0.714489 -0.710538
0.748187 0.740287 -0.716234
0.704507 0.775645 -0.700992
0.657177 0.771299 -0.712711
0.641422 0.815524 -0.673364
0.664638 0.912942 -0.676859
0.650644 0.931682 -0.721703
0.616844 0.884085 -0.747157
0.627524 0.787466 -0.773521
0.583252 0.727805 -0.772413
0.538772 0.658444 -0.778493
0.503979 0.664424 -0.747370
0.460844 0.679687 -0.726362
0.433128 0.703225 -0.690949
0.439260 0.593151 -0.675367
0.495301 0.602608 -0.666901
0.546586 0.587345 -0.656745
0.598047 0.604937 -0.654600
0.648515 0.557375 -0.662185
0.698311 0.546841 -0.664557
0.742951 0.502582 -0.690438
0.778448 0.479948 -0.717754
0.752638 0.513568 -0.757328
0.698391 0.530256 -0.735055
0.644000 0.498896 -0.725623
0.594860 0.482486 -0.701461
0.544344 0.454220 -0.697128
0.505340 0.441321 -0.662015
0.475078 0.434507 -0.626815
0.458714 0.433846 -0.587099
0.433720 0.389865 -0.555707
0.390313 0.346093 -0.577341
0.405540 0.318383 -0.623875
0.400496 0.290048 -0.671972
0.400656 0.267171 -0.715396
0.371195 0.299470 -0.755197
0.403683 0.346719 -0.782044
0.408678 0.453942 -0.765552
0.388552 0.436245 -0.719998
0.369226 0.439826 -0.677441
0.340181 0.372968 -0.646787
0.321271 0.327388 -0.612256
0.309727 0.253368 -0.581133
0.278521 0.185745 -0.560494
0.276343 0.140165 -0.520607
0.230374 0.097401 -0.523093
0.244848 0.000921 -0.540877
0.267569 -0.039791 -0.499769
0.257385 -0.020287 -0.457411
0.277160 0.047892 -0.426459
0.230790 0.037045 -0.400976
0.191242 0.011560 -0.376402
0.162629 0.099313 -0.397680
0.177344 0.193012 -0.421970
0.191610 0.257123 -0.461615
0.221600 0.345572 -0.483618
0.241614 0.404711 -0.516602
0.285982 0.471291 -0.532624
0.328653 0.507067 -0.546062
0.360131 0.426962 -0.526687
0.316964 0.372169 -0.497113
0.291170 0.344146 -0.453107
0.250180 0.310665 -0.420308
0.222768 0.283859 -0.382368
0.174926 0.248396 -0.359626
0.137955 0.227014 -0.328262
0.099544 0.213768 -0.302254
0.080106 0.213177 -0.263120
0.119078 0.177088 -0.233929
0.167320 0.220339 -0.255875
0.222272 0.230422 -0.265961
0.269554 0.234594 -0.277623
0.317573 0.199131 -0.276046
0.364887 0.205076 -0.290492
0.350636 0.184459 -0.334811
0.307021 0.208970 -0.354214
0.276711 0.100009 -0.350081
0.254167 0.088814 -0.309256
0.217340 0.066980 -0.275151
0.202850 0.087979 -0.231600
0.177007 0.104876 -0.196884
0.151837 0.156610 -0.164568
0.141670 0.185641 -0.123531
0.106925 0.234350 -0.100292
0.128428 0.222668 -0.061016
0.166824 0.296236 -0.070732
0.141286 0.392125 -0.081116
0.096181 0.390665 -0.045661
0.055368 0.336219 -0.039510
0.009655 0.318279 -0.056570
-0.006068 0.287232 -0.012777
-0.017949 0.278227 0.029340
0.005316 0.164676 0.031570
0.016988 0.095315 -0.006783
0.052854 0.053942 -0.039666
0.062541 0.001304 -0.083971
0.086222 -0.037080 -0.119596
0.087167 -0.052447 -0.170676
0.086542 -0.041460 -0.213475
0.063870 0.063225 -0.215634
0.046610 0.064928 -0.164596
0.010424 0.070004 -0.124965
-0.011352 0.056132 -0.079028
-0.045393 0.060895 -0.043885
-0.054904 0.047927 0.006044
-0.070483 0.024285 0.049979
-0.085598 -0.005997 0.089496
-0.118870 -0.024146 0.118900
-0.159587 0.047753 0.108176
-0.156881 0.063225 0.058189
-0.164486 0.110613 0.013146
-0.165559 0.149483 -0.028146
-0.176879 0.218531 -0.060093
-0.178288 0.253924 -0.102352
-0.128460 0.271691 -0.105022
-0.092226 0.213212 -0.081286
-0.079689 0.278748 -0.038843
-0.116100 0.266962 -0.005149
-0.138628 0.251699 0.039951
-0.178753 0.217766 0.066627
-0.209079 0.179000 0.096059
-0.243071 0.114820 0.116130
-0.287615 0.097366 0.134525
-0.307245 0.025224 0.161187
-0.350012 0.078731 0.167594
-0.366584 0.055819 0.125306
-0.367657 -0.055923 0.126230
-0.384645 -0.070561 0.176457
-0.408998 -0.095837 0.214753
-0.374109 -0.180217 0.228645
-0.334769 -0.140617 0.251131
-0.371259 -0.108144 0.288092
-0.406453 -0.082590 0.318333
-0.398943 0.039652 0.311842
-0.350556 0.083494 0.291415
-0.323305 0.135611 0.257438
-0.274422 0.175106 0.239100
-0.240525 0.221452 0.211685
-0.186390 0.214429 0.195321
-0.144904 0.187136 0.175349
-0.151613 0.070978 0.173148
-0.198799 0.070630 0.206344
-0.226659 0.045945 0.248432
-0.262541 0.056549 0.287069
-0.288384 0.039235 0.327140
-0.330190 0.067501 0.358745
-0.356641 0.091039 0.398788
-0.378064 0.128866 0.434612
-0.385558 0.132099 0.476587
-0.373485 0.025120 0.492354
-0.334449 -0.016741 0.459499
-0.302442 -0.091178 0.434556
-0.271187 -0.146493 0.406246
-0.256665 -0.234733 0.381203
-0.242815 -0.293664 0.346984
-0.290897 -0.285319 0.329157
-0.320038 -0.196071 0.337467
-0.341046 -0.190960 0.380777
-0.368810 -0.169022 0.419428
-0.365783 -0.161269 0.466701
-0.368970 -0.141625 0.508207
-0.358354 -0.106371 0.549556
-0.349372 -0.116906 0.592483
-0.349275 -0.058218 0.629543
-0.345369 -0.147710 0.655963
-0.300072 -0.182199 0.640139
-0.273781 -0.086345 0.640679
-0.286831 0.007875 0.661787
-0.315715 0.089405 0.642838
-0.344920 0.123407 0.676333
-0.373709 0.193464 0.707342
-0.384885 0.151569 0.748223
-0.391994 0.130083 0.791646
-0.403859 0.070456 0.826860
-0.454807 0.070734 0.813763
-0.444720 0.006762 0.771291
-0.451829 -0.048170 0.729416
-0.446353 -0.090621 0.688307
-0.463550 -0.093333 0.640452
-0.466000 -0.129804 0.597071
-0.472372 -0.096775 0.546531
-0.472020 -0.045771 0.508505
-0.441678 0.046606 0.523761
-0.440589 0.022582 0.576020
-0.458570 0.062008 0.621602
-0.473685 0.058601 0.670282
-0.490065 0.091386 0.710836
-0.512401 0.042642 0.751902
-0.524762 0.018966 0.791916
-0.533760 -0.043268 0.827016
-0.580898 0.013194 0.833422
-0.633064 -0.010900 0.819246
-0.666032 0.003181 0.851846
-0.711809 0.037253 0.865383
-0.752478 0.039965 0.886207
-0.744152 -0.066945 0.907641
-0.697606 -0.108457 0.898906
-0.654551 -0.182408 0.902116
-0.611240 -0.234941 0.899999
-0.587127 -0.340600 0.889559
-0.558050 -0.294915 0.847797
-0.549932 -0.243425 0.810965
-0.601137 -0.281356 0.795396
-0.634441 -0.278679 0.836434
-0.685341 -0.268249 0.853351
-0.723129 -0.261399 0.889417
-0.767112 -0.273255 0.914104
-0.792395 -0.290778 0.950497
-0.832327 -0.318940 0.973977
-0.829717 -0.226528 1.000000
-0.847362 -0.154698 0.968295
-0.882523 -0.100808 0.946662
-0.856809 -0.094202 0.908167
-0.863149 -0.204972 0.896505
-0.907213 -0.235115 0.880582
-0.892258 -0.192907 0.836334
-0.843279 -0.242451 0.830524
-0.804067 -0.301104 0.830354
-0.767304 -0.355202 0.849899
-0.735313 -0.321443 0.808237
-0.687711 -0.286432 0.786078
-0.654839 -0.288900 0.747782
-0.613274 -0.263624 0.721134
-0.598191 -0.244641 0.672214
-0.568601 -0.252186 0.630480
-0.564823 -0.221104 0.580622
-0.559155 -0.231465 0.531048
-0.565511 -0.187901 0.483547
-0.574798 -0.151638 0.441701
-0.596061 -0.117045 0.404655
-0.624129 -0.184076 0.380365
-0.641726 -0.279200 0.387467
-0.672292 -0.359791 0.381927
-0.724938 -0.408014 0.378646
-0.713826 -0.459713 0.418192
-0.689072 -0.466354 0.463647
-0.662733 -0.493438 0.498192
-0.645153 -0.444033 0.540466
-0.669234 -0.514229 0.578974
-0.675238 -0.578688 0.617611
-0.704859 -0.625763 0.651020
-0.705580 -0.671239 0.698620
-0.710960 -0.724815 0.736916
-0.697494 -0.752734 0.780638
-0.748907 -0.802868 0.788038
-0.777840 -0.901365 0.797896
-0.824706 -0.946493 0.807399
-0.865215 -1.000000 0.808493
-0.897590 -0.931473 0.785055
-0.877976 -0.853003 0.757427
-0.880714 -0.756454 0.729544
-0.864382 -0.684763 0.693691
-0.859451 -0.575037 0.676063
-0.846257 -0.492186 0.642327
-0.836266 -0.366154 0.638875
-0.841790 -0.255454 0.637526
-0.845857 -0.162729 0.662640
-0.803523 -0.096254 0.637199
-0.784501 -0.053142 0.595267
-0.824530 -0.063607 0.559897
-0.846546 0.009126 0.533008
-0.834505 -0.051230 0.493732
-0.818493 -0.154628 0.489073
-0.773101 -0.201147 0.490252
-0.797614 -0.286710 0.519201
-0.803298 -0.403320 0.538264
-0.819246 -0.510056 0.550750
-0.807621 -0.625276 0.555451
-0.814394 -0.724746 0.570153
-0.798015 -0.829326 0.581801
-0.813994 -0.836210 0.632540
-0.807269 -0.821608 0.676745
-0.754911 -0.775645 0.668804
-0.761028 -0.716958 0.622739
-0.745112 -0.620895 0.592185
-0.743447 -0.530917 0.560238
-0.727340 -0.448066 0.535835
-0.741606 -0.383259 0.495721
-0.743143 -0.329822 0.456786
-0.772060 -0.272595 0.424769
-0.731759 -0.185119 0.414442
-0.699303 -0.110787 0.411004
-0.659899 -0.040591 0.429073
-0.633208 0.056445 0.440365
-0.591770 0.120869 0.453576
-0.597598 0.139400 0.498278
-0.624161 0.071186 0.535977
-0.660684 0.039096 0.570991
-0.682139 -0.040209 0.602128
-0.718725 -0.074976 0.635367
-0.738163 -0.175941 0.651844
-0.773821 -0.244920 0.670324
-0.776543 -0.353568 0.682924
-0.812425 -0.430821 0.699060
-0.829173 -0.505328 0.732399
-0.867697 -0.578827 0.745779
-0.886014 -0.644711 0.780538
-0.920134 -0.740148 0.789913
-0.957505 -0.794767 0.820666
-1.000000 -0.844972 0.832343
-0.985734 -0.878766 0.872741
-0.972412 -0.770256 0.887840
-0.973885 -0.675411 0.870425
-0.932752 -0.641930 0.843422
-0.903338 -0.539331 0.832683
-0.859995 -0.495141 0.804814
-0.817981 -0.423659 0.791476
-0.776463 -0.398488 0.758592
-0.735137 -0.337192 0.738208
-0.709775 -0.292203 0.701731
-0.676327 -0.216654 0.687285
-0.661612 -0.181886 0.644060
-0.624273 -0.140791 0.616915
-0.615659 -0.098444 0.572398
-0.582387 -0.076123 0.537397
-0.572012 -0.023972 0.497709
-0.543159 0.004537 0.464343
-0.531166 0.043998 0.423504
-0.522440 -0.067710 0.405322
-0.517957 -0.174724 0.390166
-0.474566 -0.198887 0.420834
