-1.000000 -0.526040 -0.239163
-0.972111 -0.384856 -0.174978
-0.950780 -0.291955 -0.055983
-0.916334 -0.167450 0.019561
-0.865757 -0.093140 0.131578
-0.859275 0.000239 0.256482
-0.805306 0.113643 0.337273
-0.720472 0.008685 0.387550
-0.671553 -0.020105 0.245224
-0.647810 0.134358 0.213234
-0.580576 0.159748 0.339310
-0.502412 0.046504 0.311752
-0.467626 0.107322 0.174061
-0.433708 0.252065 0.221792
-0.356222 0.203145 0.328766
-0.293133 0.122035 0.226631
-0.271651 0.236927 0.121950
-0.218248 0.341195 0.222251
-0.131680 0.243354 0.266364
-0.094030 0.217167 0.109724
-0.035690 0.360370 0.074423
0.059961 0.317398 0.196373
0.128854 0.181367 0.170496
0.193148 0.057286 0.120167
0.228386 -0.082145 0.058275
0.258499 -0.243407 0.038663
0.312882 -0.363504 -0.034894
0.257669 -0.353518 -0.172737
0.290571 -0.197620 -0.203097
0.404952 -0.226569 -0.193470
0.408570 -0.339760 -0.307473
0.372616 -0.241229 -0.421731
0.457715 -0.133880 -0.404462
0.545074 -0.241548 -0.430696
0.517638 -0.281332 -0.575569
0.521557 -0.129047 -0.629667
0.631567 -0.096327 -0.593449
0.681390 -0.221098 -0.673476
0.651843 -0.165857 -0.814681
0.716590 -0.011394 -0.797412
0.822793 -0.072796 -0.749580
0.919010 -0.109075 -0.839540
1.000000 -0.070990 -0.714737
0.984812 -0.049956 -0.559727
0.967061 0.096646 -0.477001
0.848835 0.147319 -0.445876
0.801538 0.227259 -0.599715
0.729442 0.340610 -0.699251
0.665297 0.441319 -0.797973
0.577109 0.509043 -0.873771
0.570476 0.385122 -0.980388
0.540740 0.266725 -0.875299
0.439738 0.313946 -0.820182
0.375631 0.284944 -0.949366
0.402126 0.120229 -0.941572
0.366549 0.082835 -0.798533
0.257142 0.112262 -0.823799
0.246062 -0.001567 -0.939382
0.270370 -0.131543 -0.851969
0.176001 -0.098345 -0.752840
0.086870 0.003426 -0.825684
0.105638 0.164847 -0.853140
0.069345 0.325844 -0.915746
0.107560 0.475155 -0.934491
0.121994 0.628290 -0.984463
0.178224 0.766234 -1.000000
0.160096 0.814517 -0.851307
0.219492 0.693889 -0.780195
0.320532 0.725175 -0.849880
0.329916 0.875176 -0.789873
0.326751 0.834860 -0.637716
0.416409 0.735320 -0.641536
0.493631 0.841978 -0.698742
0.484586 0.940669 -0.573481
0.515113 0.837410 -0.461260
0.619695 0.801928 -0.522031
0.662207 0.955063 -0.530844
0.644117 1.000000 -0.373338
0.679129 0.847821 -0.291121
0.762192 0.751945 -0.398197
0.812769 0.795501 -0.538230
0.767694 0.662550 -0.635271
0.747230 0.526147 -0.516428
0.712256 0.366903 -0.441088
0.687345 0.253765 -0.324945
0.615248 0.177542 -0.226020
0.573378 0.305606 -0.144364
0.530565 0.381563 -0.269879
0.459637 0.262210 -0.315012
0.395606 0.267734 -0.186338
0.360594 0.423154 -0.198105
0.309264 0.405678 -0.342316
0.237394 0.269009 -0.309001
0.163790 0.294983 -0.194692
0.084910 0.384113 -0.273496
0.066933 0.266353 -0.390199
0.029886 0.148116 -0.301768
-0.056720 0.234430 -0.233457
-0.113138 0.275118 -0.371250
-0.134959 0.119751 -0.420050
-0.177923 0.066741 -0.271917
-0.275043 0.142007 -0.224441
-0.340770 0.002576 -0.282410
-0.257669 -0.120761 -0.204218
-0.224278 -0.226410 -0.106006
-0.151428 -0.350331 -0.077123
-0.107560 -0.468728 0.011716
-0.043718 -0.370568 0.103000
-0.136617 -0.286219 0.158372
-0.184518 -0.414655 0.223524
-0.095689 -0.444931 0.323723
-0.091053 -0.300029 0.397433
-0.198726 -0.309378 0.443482
-0.196578 -0.447853 0.521930
-0.118037 -0.390381 0.629616
-0.192885 -0.278836 0.690082
-0.272631 -0.398773 0.735011
-0.197181 -0.509202 0.801589
-0.151353 -0.528802 0.953237
-0.127911 -0.700582 0.939433
-0.126253 -0.800919 0.804646
-0.216854 -0.898282 0.738271
-0.289741 -0.829602 0.614793
-0.377704 -0.714392 0.701442
-0.469247 -0.605981 0.742295
-0.536708 -0.526731 0.852835
-0.584420 -0.402916 0.929041
-0.484510 -0.357183 1.000000
-0.424813 -0.323825 0.866792
-0.496420 -0.216424 0.809332
-0.486546 -0.111625 0.926392
-0.371184 -0.085597 0.922113
-0.366850 -0.040873 0.769243
-0.439248 0.084907 0.775865
-0.378194 0.169522 0.879578
-0.280546 0.177595 0.786766
-0.325658 0.239636 0.645561
-0.405555 0.364407 0.698997
-0.442790 0.410087 0.845143
-0.549710 0.309112 0.865366
-0.651541 0.233527 0.913351
-0.723374 0.108172 0.904335
-0.804138 -0.003798 0.937497
-0.852077 -0.149656 0.928786
-0.903784 -0.114705 0.788803
-0.810658 -0.100204 0.698029
-0.767770 -0.247231 0.731802
-0.858860 -0.331474 0.679792
-0.844162 -0.281067 0.530437
-0.739504 -0.346188 0.508074
-0.763134 -0.497942 0.539555
-0.849288 -0.521154 0.435383
-0.775684 -0.490930 0.307167
-0.689794 -0.612674 0.346289
-0.756501 -0.745146 0.380775
-0.782355 -0.893554 0.307575
-0.792455 -1.000000 0.439713
-0.807681 -0.954426 0.604503
-0.724655 -0.924521 0.725383
-0.676302 -0.762675 0.749223
-0.586794 -0.738879 0.620498
-0.483154 -0.716198 0.511996
-0.411133 -0.755079 0.388213
-0.365757 -0.730114 0.246192
-0.465441 -0.743659 0.163670
-0.521783 -0.621969 0.238755
-0.446559 -0.507715 0.198462
-0.459260 -0.524447 0.044674
-0.572699 -0.491780 0.042229
-0.560941 -0.341832 0.104529
-0.478556 -0.287175 -0.015944
-0.545037 -0.325366 -0.164841
-0.647773 -0.223754 -0.179206
