-0.166883 0.617721 0.015831
-0.222083 0.600614 -0.000536
-0.268550 0.631714 0.040436
-0.311266 0.683079 0.015831
-0.361532 0.706020 0.020572
-0.397234 0.797171 0.006092
-0.431138 0.883408 -0.009825
-0.480317 0.901393 -0.001931
-0.521977 0.971795 -0.009053
-0.569516 1.000000 0.000858
-0.612421 0.948328 0.000944
-0.658557 0.977366 0.012742
-0.700343 0.942406 0.040672
-0.716625 0.883935 -0.018277
-0.686882 0.773440 -0.020894
-0.701431 0.728084 0.039042
-0.747188 0.709310 0.019371
-0.742822 0.625047 -0.031727
-0.720203 0.524246 0.001244
-0.756488 0.498542 0.044469
-0.788501 0.456388 -0.003068
-0.760823 0.355236 -0.028959
-0.755952 0.287334 0.029775
-0.804264 0.269481 0.043847
-0.810001 0.184516 -0.009953
-0.775324 0.086523 0.011712
-0.791228 0.053361 0.077268
-0.838626 0.062266 0.097432
-0.857997 0.173330 0.123045
-0.901391 0.160127 0.093335
-0.916570 0.048097 0.129030
-0.914064 0.103981 0.188858
-0.943271 0.210703 0.176717
-0.983844 0.133107 0.163760
-0.985451 0.069152 0.227514
-0.988115 0.179910 0.269880
-1.000000 0.285536 0.305640
-0.990322 0.400680 0.334578
-0.968223 0.337033 0.386275
-0.930425 0.279000 0.353562
-0.910596 0.392477 0.332561
-0.902873 0.446474 0.391402
-0.873618 0.346946 0.411116
-0.839524 0.353745 0.362250
-0.826725 0.480513 0.373984
-0.811861 0.458756 0.436386
-0.777121 0.370896 0.419396
-0.751712 0.450905 0.378553
-0.742491 0.546003 0.423022
-0.717461 0.460336 0.462299
-0.683335 0.425858 0.417058
-0.666722 0.548196 0.404359
-0.652567 0.570084 0.466847
-0.620980 0.468714 0.468284
-0.593601 0.500910 0.416222
-0.579446 0.620221 0.439003
-0.556465 0.567102 0.491988
-0.524640 0.488672 0.457430
-0.503330 0.584560 0.424137
-0.488088 0.651234 0.477444
-0.460031 0.550433 0.499882
-0.431170 0.530299 0.447262
-0.412854 0.655094 0.445052
-0.392032 0.646935 0.505288
-0.363518 0.539818 0.491795
-0.339402 0.596447 0.442006
-0.320897 0.696853 0.477487
-0.297332 0.620836 0.521677
-0.269023 0.561005 0.475964
-0.247413 0.671280 0.452281
-0.226607 0.709968 0.508570
-0.199874 0.596666 0.515177
-0.175490 0.608861 0.459253
-0.155487 0.727251 0.473218
-0.131875 0.690756 0.527297
-0.106151 0.592762 0.497630
-0.083469 0.668779 0.451938
-0.058770 0.742910 0.496729
-0.034496 0.640355 0.523993
-0.012917 0.602193 0.468370
0.011625 0.715802 0.455692
0.040690 0.703257 0.507583
0.060078 0.582366 0.488170
0.077653 0.638820 0.427569
0.117878 0.705845 0.441792
0.164330 0.739445 0.450565
0.183182 0.598640 0.466396
0.195303 0.456563 0.452474
0.209174 0.319925 0.439754
0.227899 0.201404 0.412274
0.210435 0.054502 0.394234
0.198503 -0.094331 0.394298
0.179509 -0.221669 0.389429
0.178311 -0.356991 0.406483
0.125696 -0.378353 0.437802
0.079954 -0.448229 0.453590
0.042251 -0.481829 0.503743
0.007211 -0.555302 0.536607
-0.023856 -0.552626 0.592059
-0.050164 -0.624169 0.637085
-0.072641 -0.639610 0.697299
-0.058360 -0.779450 0.704443
-0.007337 -0.768571 0.724886
-0.015581 -0.737120 0.793466
-0.009308 -0.767431 0.857906
-0.018182 -0.724882 0.924942
-0.021445 -0.584604 0.943862
-0.038295 -0.500559 0.995023
-0.044253 -0.347560 1.000000
-0.029610 -0.294221 0.929103
-0.055018 -0.231407 0.877470
-0.054199 -0.165830 0.821117
-0.076707 -0.123720 0.765836
-0.037648 -0.160478 0.725679
-0.042960 -0.304047 0.729948
-0.090925 -0.316065 0.696248
-0.083107 -0.310319 0.631443
-0.082870 -0.341156 0.571637
-0.030193 -0.332909 0.540404
0.011640 -0.292817 0.517215
0.064097 -0.285580 0.515949
0.116917 -0.232547 0.515520
0.165670 -0.213159 0.493211
0.206683 -0.115210 0.495313
0.245994 -0.024542 0.471459
0.278086 0.079987 0.472102
0.319289 0.151091 0.469678
0.334941 0.085601 0.528520
0.322426 -0.049545 0.539052
0.274587 -0.075118 0.563099
0.231824 -0.142625 0.590900
0.177160 -0.148547 0.591930
0.128802 -0.158592 0.614261
0.076896 -0.154118 0.597336
0.028900 -0.158636 0.607439
0.026425 -0.047878 0.552953
0.025669 0.021296 0.492395
-0.004721 0.131966 0.487011
-0.017031 0.161312 0.416758
-0.011641 0.033359 0.384280
-0.016227 -0.087575 0.358088
-0.001726 -0.216537 0.350602
-0.003570 -0.215089 0.282086
0.038310 -0.133809 0.273999
0.072436 -0.222722 0.301285
0.124735 -0.276544 0.300749
0.170162 -0.303652 0.296587
0.190432 -0.164645 0.282300
0.171218 -0.043667 0.299783
0.163242 0.090777 0.314714
0.154872 0.187674 0.374198
0.135800 0.274350 0.421606
0.146172 0.319531 0.491709
0.152130 0.371773 0.551022
0.177791 0.404452 0.605916
0.141853 0.363658 0.653131
0.118603 0.239961 0.624129
0.121378 0.169953 0.566274
0.089538 0.192148 0.515091
0.067266 0.205308 0.455950
0.056153 0.296721 0.401913
0.084273 0.231539 0.339490
0.105158 0.209606 0.278439
0.142799 0.199254 0.231718
0.172889 0.165391 0.185640
0.212909 0.118938 0.161100
0.263128 0.115824 0.156188
0.301966 0.140476 0.114980
0.341120 0.186095 0.089281
0.363928 0.270095 0.048780
0.376112 0.171225 0.006307
0.331000 0.151530 -0.018234
0.326666 0.275140 -0.043182
0.366513 0.258340 -0.084175
0.343878 0.154030 -0.120750
0.315900 0.237109 -0.153378
0.300737 0.296282 -0.209366
0.281365 0.410198 -0.232083
0.298041 0.362035 -0.296802
0.297285 0.310188 -0.354527
0.314718 0.276280 -0.410344
0.320834 0.293344 -0.479975
0.324128 0.168944 -0.507476
0.318753 0.074460 -0.563249
0.325815 -0.005549 -0.614969
0.350798 0.090076 -0.650514
0.393356 0.071389 -0.610485
0.401694 -0.064985 -0.636442
0.430681 -0.159469 -0.668769
0.409024 -0.285229 -0.658837
0.384482 -0.384626 -0.628054
0.344335 -0.450510 -0.643220
0.348985 -0.538634 -0.592509
0.347472 -0.449019 -0.541455
0.304804 -0.400110 -0.555763
0.280214 -0.513894 -0.549456
0.291989 -0.545520 -0.487226
0.273673 -0.429762 -0.460540
0.228278 -0.441298 -0.481498
0.220302 -0.560083 -0.450887
0.230847 -0.516965 -0.386426
0.204382 -0.382169 -0.386855
0.166647 -0.366027 -0.429479
0.138921 -0.472705 -0.415213
0.128770 -0.444193 -0.351653
0.109524 -0.318346 -0.362572
0.074106 -0.349227 -0.411953
0.063861 -0.501217 -0.395199
0.042661 -0.574164 -0.348950
0.014005 -0.650576 -0.387691
0.049360 -0.730497 -0.411931
0.058691 -0.790021 -0.352640
0.014021 -0.836780 -0.339104
0.007164 -0.911043 -0.395349
0.049785 -0.987543 -0.387048
0.079387 -1.000000 -0.331617
0.119171 -0.905955 -0.322028
0.157489 -0.831736 -0.300813
0.189928 -0.734839 -0.297338
0.230295 -0.679746 -0.277281
0.260259 -0.612063 -0.233670
0.307452 -0.612677 -0.280327
0.355905 -0.564777 -0.308471
0.402372 -0.583112 -0.342515
0.447815 -0.522097 -0.364631
0.492753 -0.562364 -0.408006
0.545068 -0.497269 -0.425853
0.566489 -0.375809 -0.436043
0.573677 -0.243250 -0.444280
0.543382 -0.184647 -0.494498
0.493825 -0.229521 -0.505202
0.455097 -0.181007 -0.462106
0.434622 -0.202018 -0.403758
0.423982 -0.071346 -0.392089
0.396319 -0.056081 -0.447026
0.362068 -0.148591 -0.434820
0.345770 -0.094945 -0.378810
0.332088 0.023446 -0.405989
0.300737 -0.024498 -0.450201
0.271419 -0.082794 -0.405903
0.258179 0.033183 -0.375206
0.236632 0.093365 -0.426239
0.200063 -0.002873 -0.436879
0.176230 -0.016120 -0.375657
0.173803 0.066740 -0.323358
0.204650 0.032964 -0.270159
0.240115 0.024937 -0.226162
0.291689 0.041825 -0.208229
0.332813 -0.026999 -0.177982
0.382874 -0.016910 -0.159105
0.425117 -0.108192 -0.146770
0.471663 -0.144775 -0.123002
0.505347 -0.218818 -0.094686
0.525176 -0.118324 -0.057769
0.486070 -0.093409 -0.016904
0.491161 -0.212808 0.018491
0.532774 -0.171839 0.051526
0.543398 -0.162277 0.124525
0.556874 -0.150740 0.190424
0.511684 -0.196710 0.215801
0.478788 -0.284088 0.236888
0.438074 -0.261673 0.193384
0.438736 -0.181621 0.139413
0.426867 -0.276851 0.095480
0.384056 -0.312995 0.123903
0.363991 -0.191227 0.116803
0.366812 -0.173374 0.051505
0.337164 -0.275798 0.037454
0.297474 -0.231889 0.068516
0.293864 -0.113587 0.037390
0.288789 -0.163154 -0.024068
0.247429 -0.235706 -0.010254
0.219987 -0.133677 0.011348
0.222540 -0.061695 -0.044447
0.203152 -0.156794 -0.083296
0.159270 -0.157715 -0.052084
0.147322 -0.027437 -0.062938
0.159160 -0.033315 -0.133835
0.128234 -0.094989 -0.173370
0.169768 -0.113061 -0.215115
0.223407 -0.173857 -0.216509
0.278544 -0.169646 -0.217582
0.325137 -0.228600 -0.207457
0.377657 -0.202369 -0.211039
0.424975 -0.266455 -0.213828
0.475761 -0.246540 -0.214300
0.505931 -0.342165 -0.193191
0.505820 -0.468494 -0.169037
0.553391 -0.467135 -0.150203
0.546818 -0.419366 -0.087908
0.514285 -0.537844 -0.068173
0.528250 -0.662989 -0.104940
0.563810 -0.749490 -0.080829
0.587500 -0.869328 -0.060879
0.623044 -0.826385 -0.012206
0.633731 -0.889637 0.052899
0.683572 -0.860029 0.081515
0.671923 -0.749051 0.130811
0.669575 -0.671367 0.188107
0.646026 -0.557013 0.173413
0.608921 -0.472354 0.180900
0.597904 -0.460248 0.115473
0.578153 -0.582542 0.102194
0.539394 -0.566181 0.142545
0.517878 -0.465161 0.107793
0.512157 -0.534554 0.052685
0.484951 -0.631056 0.078727
0.448666 -0.552539 0.099105
0.437380 -0.504726 0.038806
0.427261 -0.626801 0.012356
0.391733 -0.662156 0.053371
0.363534 -0.556750 0.037712
0.358127 -0.587148 -0.024969
0.337037 -0.707161 -0.013064
0.298940 -0.662989 0.021344
0.280861 -0.587411 -0.027115
0.274587 -0.687027 -0.072120
0.244024 -0.762299 -0.034623
0.208054 -0.666323 -0.020186
0.181448 -0.676236 -0.076453
0.146976 -0.677991 -0.118798
0.132238 -0.665183 -0.181157
0.106734 -0.539818 -0.167450
0.140734 -0.439675 -0.175472
0.164062 -0.323171 -0.200184
0.213020 -0.380678 -0.196409
0.264074 -0.375765 -0.225004
0.313725 -0.422217 -0.243666
0.364606 -0.382959 -0.258382
0.414352 -0.427393 -0.276809
0.468479 -0.410813 -0.281078
0.516113 -0.470819 -0.311517
0.562738 -0.518281 -0.328314
0.556669 -0.650313 -0.286097
0.545856 -0.786380 -0.282215
0.581211 -0.834587 -0.241307
0.562470 -0.769492 -0.182744
0.515514 -0.815638 -0.170474
0.482839 -0.893629 -0.142673
0.446995 -0.983639 -0.143832
0.412507 -0.905297 -0.118927
0.402892 -0.839895 -0.177103
0.390361 -0.959908 -0.215372
0.343863 -0.992806 -0.197117
0.296008 -0.995614 -0.193084
0.280151 -0.863231 -0.166163
0.314813 -0.758351 -0.198404
0.335288 -0.791556 -0.263187
0.316310 -0.830903 -0.322608
0.347787 -0.740629 -0.360319
0.387776 -0.732120 -0.410709
0.419348 -0.635925 -0.444623
0.452953 -0.602018 -0.494905
0.496111 -0.532229 -0.520154
0.524467 -0.504726 -0.572774
0.539930 -0.443272 -0.625888
0.534082 -0.393574 -0.687389
0.528880 -0.384889 -0.753073
0.523931 -0.307512 -0.805243
0.480254 -0.259787 -0.787953
0.494519 -0.203948 -0.730785
0.525334 -0.114157 -0.756634
0.493336 -0.046474 -0.790956
0.465626 -0.009891 -0.739108
0.498380 0.055818 -0.703499
0.508185 0.147801 -0.749040
0.464397 0.196666 -0.755733
0.458139 0.244040 -0.694618
0.496993 0.327119 -0.693653
0.484998 0.399276 -0.750349
0.446585 0.474767 -0.731450
0.478047 0.571225 -0.701418
0.501517 0.603992 -0.768218
0.525003 0.622195 -0.827724
0.523695 0.545213 -0.892014
0.525854 0.488453 -0.951348
0.515530 0.400110 -1.000000
0.558198 0.322470 -0.993329
0.545983 0.225836 -0.946693
0.554116 0.088058 -0.927537
0.543886 -0.018006 -0.885385
0.566899 -0.118237 -0.917562
0.611617 -0.070293 -0.905592
0.608149 -0.070293 -0.839822
0.600489 -0.205439 -0.833666
0.645884 -0.240268 -0.856898
0.671009 -0.172760 -0.807324
0.646562 -0.249128 -0.751228
0.663412 -0.344226 -0.708904
0.646310 -0.327514 -0.646502
0.609568 -0.237943 -0.626510
0.578232 -0.158066 -0.589120
0.555125 -0.044369 -0.572710
0.595256 0.023007 -0.552931
0.616093 0.021428 -0.614583
0.582315 0.089023 -0.645837
0.590732 0.198158 -0.609177
0.636773 0.216668 -0.625909
0.628940 0.243557 -0.688633
0.603846 0.357166 -0.679066
0.639737 0.423138 -0.646116
0.674745 0.417568 -0.691915
0.650345 0.482838 -0.737950
0.647949 0.598465 -0.702726
0.696686 0.617370 -0.699144
0.704772 0.625441 -0.764571
0.675832 0.728567 -0.776648
0.700138 0.812348 -0.735526
0.742854 0.812216 -0.767874
0.720881 0.866564 -0.824592
0.674871 0.924202 -0.828453
0.630264 0.857748 -0.834031
0.579430 0.821340 -0.838449
0.592734 0.674921 -0.860030
0.599937 0.540344 -0.876183
0.626875 0.427788 -0.905592
0.652599 0.315364 -0.911963
0.692241 0.361553 -0.880130
0.674556 0.363571 -0.818736
0.669764 0.227503 -0.816355
0.716105 0.193376 -0.825729
0.731899 0.258077 -0.771929
0.703984 0.192061 -0.728768
0.724790 0.073802 -0.738357
0.769618 0.107841 -0.719115
0.759073 0.140432 -0.656971
0.739024 0.019366 -0.640045
0.777499 -0.056739 -0.656220
0.808961 -0.004057 -0.614025
0.784372 -0.045860 -0.560761
0.790440 -0.181007 -0.576614
0.840880 -0.190481 -0.585881
0.858975 -0.174427 -0.525945
0.848776 -0.316855 -0.513418
0.877527 -0.384187 -0.570521
0.928549 -0.355763 -0.572838
0.955172 -0.473802 -0.556814
0.954368 -0.513148 -0.632001
1.000000 -0.451607 -0.669284
