1.000000 1.000000 -0.702041
0.940703 0.970286 -0.684291
0.919706 0.877629 -0.651369
0.864740 0.861333 -0.622509
0.841538 0.775335 -0.596728
0.787604 0.755793 -0.564811
0.751093 0.660761 -0.553563
0.707668 0.585504 -0.539829
0.650278 0.608660 -0.507728
0.609555 0.544178 -0.539578
0.621037 0.450317 -0.510124
0.603794 0.472067 -0.443254
0.544259 0.495123 -0.456920
0.528566 0.405043 -0.487743
0.542869 0.343372 -0.433763
0.505145 0.387709 -0.387313
0.453298 0.373220 -0.424022
0.457966 0.270726 -0.424295
0.459734 0.253827 -0.356285
0.404172 0.293982 -0.345357
0.371573 0.231642 -0.386149
0.387803 0.143469 -0.353593
0.368752 0.165922 -0.288822
0.308741 0.185062 -0.305499
0.297100 0.092874 -0.333812
0.312098 0.037862 -0.277050
0.269527 0.078954 -0.235618
0.221136 0.052318 -0.273103
0.230870 -0.048135 -0.268266
0.229837 -0.060282 -0.198955
0.175189 -0.018019 -0.186202
0.141677 -0.076310 -0.229253
0.157032 -0.168967 -0.203313
0.144835 -0.157222 -0.135895
0.086373 -0.128110 -0.141782
0.062575 -0.205474 -0.181684
0.079857 -0.284646 -0.142010
0.052284 -0.258211 -0.083604
-0.005443 -0.253292 -0.108723
-0.008045 -0.349027 -0.131675
0.001569 -0.394770 -0.069299
-0.046643 -0.357727 -0.036720
-0.090286 -0.395740 -0.079452
-0.075348 -0.495725 -0.075961
-0.075149 -0.511185 -0.004232
-0.131843 -0.464639 0.015457
-0.192074 -0.472904 0.028530
-0.205165 -0.372651 0.038545
-0.197378 -0.353979 -0.036059
-0.248133 -0.393933 -0.070691
-0.268176 -0.296458 -0.115088
-0.268852 -0.216684 -0.158642
-0.219448 -0.164885 -0.138108
-0.178526 -0.245127 -0.149653
-0.185638 -0.250280 -0.219306
-0.165673 -0.153039 -0.230302
-0.110985 -0.169871 -0.199320
-0.091001 -0.241614 -0.242280
-0.091081 -0.182017 -0.299225
-0.051251 -0.114558 -0.275293
-0.004867 -0.181348 -0.267239
-0.002066 -0.215915 -0.333242
0.006536 -0.123760 -0.364019
0.057926 -0.097994 -0.328337
0.090445 -0.180077 -0.347547
0.086174 -0.163613 -0.417086
0.110151 -0.069384 -0.416789
0.164104 -0.095819 -0.391123
0.179241 -0.169235 -0.439695
0.171633 -0.104787 -0.499492
0.194736 -0.005605 -0.485895
0.250695 -0.011595 -0.455574
0.281009 -0.062290 -0.505766
0.270520 0.003831 -0.557350
0.298649 0.084709 -0.525729
0.353437 0.041744 -0.517767
0.362217 0.023173 -0.586690
0.357926 0.121217 -0.606744
0.404986 0.157189 -0.567982
0.448212 0.096455 -0.597869
0.440465 0.126437 -0.664419
0.451172 0.227124 -0.656366
0.512177 0.208821 -0.633004
0.531387 0.169302 -0.693394
0.550854 0.189881 -0.759830
0.516806 0.090867 -0.778287
0.454430 0.088491 -0.775002
0.403298 0.052418 -0.791429
0.347199 0.037494 -0.781230
0.301112 -0.014874 -0.780249
0.264303 -0.055095 -0.823164
0.205642 -0.045592 -0.835050
0.190346 -0.109605 -0.781778
0.205006 -0.051582 -0.725836
0.164760 0.023340 -0.742400
0.113409 -0.031137 -0.743769
0.119785 -0.064900 -0.676443
0.118693 0.025314 -0.643476
0.064303 0.054460 -0.667363
0.032996 -0.024544 -0.642015
0.046544 -0.014506 -0.574119
0.025308 0.080092 -0.565815
-0.032559 0.056032 -0.584317
-0.045272 -0.019492 -0.539851
-0.036889 0.033512 -0.479301
-0.076996 0.107765 -0.491097
-0.126718 0.047031 -0.498238
-0.123957 -0.001389 -0.439034
-0.132221 0.081899 -0.400431
-0.186015 0.112684 -0.427284
-0.218256 0.024511 -0.414804
-0.207628 0.018756 -0.346657
-0.232420 0.110910 -0.328907
-0.287525 0.085546 -0.350490
-0.295352 0.002627 -0.309629
-0.288677 0.054393 -0.250539
-0.334843 0.119443 -0.258364
-0.378089 0.047466 -0.261011
-0.366130 0.002125 -0.200027
-0.374930 0.087386 -0.160010
-0.432340 0.100637 -0.178034
-0.453675 0.008884 -0.155949
-0.437604 0.014138 -0.088053
-0.473123 0.107765 -0.076600
-0.528049 0.097258 -0.116298
-0.528248 -0.023507 -0.119469
-0.521792 -0.104318 -0.077034
-0.556099 -0.171878 -0.112442
-0.522408 -0.174622 -0.170095
-0.471156 -0.203801 -0.139067
-0.488657 -0.292108 -0.107902
-0.512157 -0.339792 -0.169684
-0.464323 -0.304455 -0.226150
-0.403576 -0.266309 -0.198065
-0.373897 -0.332965 -0.152596
-0.345391 -0.399120 -0.202925
-0.311641 -0.435493 -0.256699
-0.344696 -0.411769 -0.313234
-0.335936 -0.309408 -0.306298
-0.275467 -0.311449 -0.311933
-0.273302 -0.355954 -0.374970
-0.303159 -0.282973 -0.408736
-0.263607 -0.206177 -0.395093
-0.215554 -0.250280 -0.425801
-0.238995 -0.260921 -0.489317
-0.249245 -0.160100 -0.498648
-0.191716 -0.127574 -0.494199
-0.171514 -0.184293 -0.548886
-0.209039 -0.151433 -0.599512
-0.194676 -0.050645 -0.592918
-0.134009 -0.060583 -0.603687
-0.138339 -0.097258 -0.667682
-0.169011 -0.019759 -0.696428
-0.124752 0.054493 -0.677903
-0.070540 0.010925 -0.709935
-0.077791 0.016714 -0.781573
-0.072269 0.113420 -0.806304
-0.012992 0.133899 -0.793642
0.009118 0.051281 -0.835712
-0.015495 0.081531 -0.899068
0.002761 0.186234 -0.902125
0.066885 0.178705 -0.888117
0.089054 0.135204 -0.954348
0.143981 0.160300 -0.978623
0.203774 0.141629 -1.000000
0.244577 0.175492 -0.950949
0.298311 0.154478 -0.918004
0.306337 0.257776 -0.884010
0.273540 0.257040 -0.822776
0.258244 0.251451 -0.757891
0.214978 0.237732 -0.705509
0.181963 0.312252 -0.719038
0.134684 0.368067 -0.735259
0.126639 0.403671 -0.800805
0.086333 0.446670 -0.843058
0.059754 0.471499 -0.900688
0.012972 0.507337 -0.936598
-0.014899 0.412137 -0.945564
-0.028049 0.399655 -0.870709
-0.074037 0.457009 -0.845750
-0.120580 0.389048 -0.841780
-0.093901 0.321120 -0.797908
-0.084108 0.390788 -0.746141
-0.142074 0.412973 -0.736354
-0.159217 0.319848 -0.717555
-0.124593 0.316167 -0.660062
-0.144458 0.402299 -0.627163
-0.204430 0.376299 -0.626981
-0.200338 0.291639 -0.589770
-0.175685 0.335174 -0.534171
-0.220759 0.402834 -0.522170
-0.265137 0.331928 -0.512862
-0.240922 0.278087 -0.459384
-0.231665 0.358898 -0.417246
-0.288756 0.394636 -0.417633
-0.314362 0.310512 -0.391100
-0.284346 0.311315 -0.330892
-0.306198 0.402868 -0.309606
-0.365276 0.378942 -0.310313
-0.361581 0.308404 -0.260418
-0.339293 0.372986 -0.210842
-0.384386 0.439877 -0.210362
-0.426579 0.372016 -0.191768
-0.398689 0.346651 -0.131104
-0.398252 0.440479 -0.100898
-0.458184 0.452760 -0.101331
-0.472070 0.371179 -0.063276
-0.440445 0.403771 -0.006582
-0.468315 0.494654 0.003913
-0.525665 0.464103 0.013655
-0.505264 0.392494 0.067725
-0.487525 0.444595 0.125218
-0.547338 0.455872 0.153098
-0.558462 0.372384 0.189829
-0.577155 0.321187 0.244539
-0.593961 0.249343 0.281978
-0.634923 0.198247 0.312960
-0.670004 0.194934 0.363951
-0.697120 0.150028 0.411907
-0.744259 0.154311 0.443231
-0.784505 0.117804 0.476336
-0.838538 0.122522 0.489226
-0.890445 0.174689 0.518771
-0.940127 0.176396 0.556917
-0.989928 0.214777 0.589405
-0.996861 0.118071 0.611010
-1.000000 0.042781 0.660153
-0.995987 -0.039335 0.621596
-0.968554 -0.131322 0.609687
-0.982539 -0.109170 0.531410
-0.929976 -0.081263 0.474168
-0.889849 -0.017752 0.445946
-0.871514 0.021433 0.522398
-0.843901 -0.022403 0.577427
-0.813170 -0.015644 0.635947
-0.797755 -0.056467 0.700102
-0.812515 0.010290 0.752119
-0.848768 -0.059914 0.782919
-0.802503 -0.124596 0.799026
-0.770044 -0.057371 0.836875
-0.814601 -0.041108 0.884353
-0.817183 -0.140123 0.905410
-0.757807 -0.148053 0.925716
-0.764998 -0.062591 0.971619
-0.824772 -0.042012 1.000000
-0.872030 0.007378 0.960850
-0.920123 -0.069718 0.963337
-0.982718 -0.072228 0.961306
-0.987028 -0.179274 0.917251
-0.970540 -0.256236 0.874976
-0.935360 -0.299905 0.828639
-0.914501 -0.317071 0.765351
-0.899166 -0.364989 0.708566
-0.864621 -0.373454 0.655545
-0.849583 -0.321655 0.595086
-0.883135 -0.305995 0.534330
-0.835340 -0.228563 0.495317
-0.779738 -0.269755 0.501728
-0.738081 -0.293313 0.465362
-0.687525 -0.301544 0.446699
-0.652364 -0.312854 0.400591
-0.620838 -0.388011 0.385123
-0.561899 -0.385032 0.370955
-0.577374 -0.338185 0.303195
-0.596822 -0.234687 0.306321
-0.542928 -0.196908 0.329888
-0.507112 -0.240944 0.282594
-0.531704 -0.197812 0.224804
-0.518415 -0.098764 0.241573
-0.457807 -0.113453 0.246136
-0.448947 -0.146113 0.181365
-0.467720 -0.060115 0.149356
-0.423222 -0.000184 0.178034
-0.374970 -0.054460 0.152527
-0.390246 -0.044454 0.085931
-0.386631 0.058843 0.086365
-0.326738 0.063695 0.105666
-0.303476 0.009888 0.052029
-0.324851 0.069250 0.000285
-0.292868 0.153006 0.020818
-0.236770 0.111111 0.010940
-0.243643 0.090298 -0.056865
-0.252821 0.185899 -0.077901
-0.197497 0.221770 -0.060014
-0.165336 0.161338 -0.101308
-0.190564 0.186033 -0.163296
-0.177890 0.286085 -0.157866
-0.117243 0.274641 -0.157889
-0.114482 0.231240 -0.220583
-0.141160 0.309174 -0.256220
-0.100656 0.381352 -0.239770
-0.050755 0.333233 -0.265254
-0.068653 0.336445 -0.330345
-0.068772 0.438906 -0.334702
-0.009873 0.457746 -0.314488
0.019627 0.392896 -0.363791
-0.013607 0.431311 -0.423976
-0.014382 0.532601 -0.433376
0.038359 0.545483 -0.467369
0.023103 0.482608 -0.522193
-0.026619 0.533671 -0.542680
0.002026 0.622614 -0.554316
0.039988 0.588248 -0.601656
-0.002006 0.555522 -0.647514
-0.026679 0.647309 -0.660130
0.023818 0.695595 -0.682762
0.035280 0.632619 -0.738179
-0.021732 0.647242 -0.770964
-0.034764 0.755693 -0.765808
0.027314 0.797487 -0.778014
0.087286 0.723469 -0.770165
0.138637 0.676588 -0.749016
0.156357 0.771755 -0.710186
0.125924 0.791698 -0.649453
0.170481 0.731667 -0.607611
0.217124 0.699276 -0.568872
0.251728 0.624454 -0.540490
0.230413 0.636869 -0.474830
0.172984 0.606451 -0.488610
0.184644 0.514866 -0.513866
0.212773 0.479697 -0.458791
0.169487 0.493048 -0.410994
0.126440 0.435728 -0.442684
0.157370 0.347387 -0.438372
0.160131 0.342904 -0.368673
0.100079 0.330891 -0.359182
0.095312 0.238100 -0.390119
0.131367 0.192190 -0.340885
0.100675 0.212702 -0.281362
0.052324 0.150195 -0.286312
0.078764 0.063528 -0.258570
0.091160 0.105155 -0.190742
0.032857 0.139487 -0.164254
-0.001907 0.060249 -0.146071
0.025368 0.041075 -0.084745
0.014005 0.132226 -0.055200
-0.046385 0.123927 -0.055884
-0.050040 0.037628 -0.019290
-0.024652 0.075206 0.039275
-0.063488 0.156084 0.053010
-0.123222 0.103013 0.044705
-0.115534 -0.000351 0.074478
-0.124513 -0.070153 0.126039
-0.116885 -0.158393 0.092890
-0.058602 -0.141361 0.075323
-0.036651 -0.130519 0.140664
-0.052304 -0.221637 0.166011
-0.019249 -0.273570 0.117210
0.034903 -0.232445 0.131698
0.037187 -0.261524 0.200552
0.035518 -0.363215 0.186749
0.090485 -0.363583 0.147805
0.121116 -0.286654 0.198590
0.146385 -0.269454 0.262357
0.177672 -0.181582 0.247664
0.120401 -0.122455 0.260441
0.112972 -0.111646 0.331668
0.100576 -0.078151 0.395480
0.095272 -0.094447 0.466845
0.027513 -0.071258 0.471636
0.003516 -0.177467 0.452700
-0.024772 -0.242952 0.507455
-0.091895 -0.211565 0.486283
-0.104648 -0.279325 0.416105
-0.127652 -0.362278 0.383731
-0.169845 -0.346049 0.322839
-0.165753 -0.367900 0.241733
-0.110131 -0.444863 0.227040
-0.131983 -0.558668 0.253756
-0.172209 -0.651023 0.244082
-0.170838 -0.715705 0.173243
-0.130791 -0.789456 0.140253
-0.095292 -0.870936 0.145478
-0.138737 -0.966170 0.138565
-0.175586 -1.000000 0.067839
