0.222405 -0.131011 -0.555603
0.209235 -0.186085 -0.530592
0.195622 -0.238427 -0.509154
0.170214 -0.284728 -0.479898
0.141569 -0.333140 -0.475882
0.097922 -0.364588 -0.455345
0.052885 -0.386392 -0.465606
0.009593 -0.397876 -0.466064
-0.002069 -0.451128 -0.493075
-0.053122 -0.454169 -0.518087
-0.082446 -0.460210 -0.567666
-0.100745 -0.506802 -0.600266
-0.116619 -0.569737 -0.587760
-0.117092 -0.622389 -0.551587
-0.135509 -0.653257 -0.511841
-0.159010 -0.686544 -0.470308
-0.172815 -0.672621 -0.416041
-0.196612 -0.713771 -0.402192
-0.182866 -0.730715 -0.357530
-0.154295 -0.719213 -0.311967
-0.151723 -0.681084 -0.269319
-0.143993 -0.641154 -0.233918
-0.173939 -0.584880 -0.209250
-0.210861 -0.599404 -0.183010
-0.262992 -0.583060 -0.174406
-0.301378 -0.589102 -0.176978
-0.354381 -0.598184 -0.177421
-0.378976 -0.647195 -0.171733
-0.381518 -0.714972 -0.182109
-0.375517 -0.760963 -0.220855
-0.358549 -0.786389 -0.265518
-0.336378 -0.793650 -0.310180
-0.316395 -0.782748 -0.356629
-0.302767 -0.753101 -0.401964
-0.296707 -0.733736 -0.444626
-0.329091 -0.703469 -0.480799
-0.357278 -0.656878 -0.509154
-0.388909 -0.622990 -0.526576
-0.438217 -0.589721 -0.531493
-0.488220 -0.573378 -0.519430
-0.530478 -0.556433 -0.496205
-0.567429 -0.538269 -0.466278
-0.595838 -0.516484 -0.425860
-0.602533 -0.464451 -0.388129
-0.616161 -0.408778 -0.369135
-0.610397 -0.345223 -0.359545
-0.654502 -0.295011 -0.374723
-0.657266 -0.222393 -0.391916
-0.650112 -0.166410 -0.422959
-0.615245 -0.137963 -0.458918
-0.594227 -0.126170 -0.501565
-0.558886 -0.113467 -0.542212
-0.511085 -0.108316 -0.567666
-0.457047 -0.122530 -0.549801
-0.429792 -0.154307 -0.513628
-0.421943 -0.167010 -0.466064
-0.396535 -0.169431 -0.428090
-0.391569 -0.199388 -0.386786
-0.378636 -0.187595 -0.340336
-0.357854 -0.208780 -0.293887
-0.363279 -0.193346 -0.252455
-0.343074 -0.214822 -0.213823
-0.357736 -0.167320 -0.189155
-0.412469 -0.172161 -0.206463
-0.435098 -0.208470 -0.231688
-0.433827 -0.181844 -0.277137
-0.440419 -0.179733 -0.321357
-0.434300 -0.148866 -0.368692
-0.444573 -0.126480 -0.411339
-0.418248 -0.114067 -0.456674
-0.410163 -0.102274 -0.500222
-0.371704 -0.102875 -0.537738
-0.355194 -0.084420 -0.571239
-0.358194 -0.009382 -0.593120
-0.348262 0.040095 -0.611428
-0.395028 0.036454 -0.609198
-0.436369 0.071717 -0.587317
-0.473203 0.099544 -0.560963
-0.492151 0.144179 -0.529249
-0.515697 0.203106 -0.532379
-0.526103 0.262633 -0.518530
-0.533493 0.323806 -0.543998
-0.514322 0.346947 -0.594020
-0.524477 0.360928 -0.638240
-0.489373 0.360405 -0.682002
-0.473203 0.336819 -0.727108
-0.444809 0.298593 -0.762395
-0.417317 0.251556 -0.789192
-0.390534 0.199098 -0.810630
-0.356229 0.152196 -0.832068
-0.322056 0.116798 -0.858866
-0.283256 0.120129 -0.888351
-0.239461 0.129211 -0.924524
-0.215192 0.163234 -0.961583
-0.222390 0.230178 -0.985708
-0.223144 0.293249 -1.000000
-0.223277 0.363968 -0.991968
-0.207417 0.425645 -0.993740
-0.181699 0.479885 -0.973202
-0.146122 0.518014 -0.962483
-0.107160 0.549927 -0.948634
-0.065582 0.563695 -0.922737
-0.018816 0.568691 -0.912461
0.026679 0.554168 -0.886550
0.068597 0.538424 -0.895039
0.109939 0.585926 -0.877632
0.145959 0.569137 -0.840101
0.190759 0.563385 -0.831625
0.210166 0.537824 -0.786505
0.239033 0.505001 -0.766411
0.259593 0.482906 -0.731138
0.271595 0.433294 -0.698081
0.272526 0.362148 -0.688262
0.298392 0.319836 -0.701654
0.341803 0.308740 -0.699867
0.390771 0.325684 -0.697638
0.440656 0.332423 -0.686919
0.488693 0.322935 -0.670840
0.531187 0.294817 -0.658334
0.566749 0.282327 -0.662794
0.605549 0.310464 -0.652975
0.645264 0.346153 -0.633766
0.682689 0.357985 -0.631980
0.709013 0.409533 -0.641813
0.728420 0.472023 -0.627521
0.758898 0.512708 -0.608755
0.771831 0.564605 -0.576155
0.787543 0.606665 -0.548457
0.788459 0.677153 -0.534165
0.787543 0.739487 -0.503351
0.787543 0.783368 -0.464277
0.786612 0.808174 -0.418271
0.786612 0.807574 -0.368020
0.794002 0.798182 -0.319784
0.805088 0.773685 -0.271106
0.822632 0.736157 -0.231688
0.849430 0.683814 -0.206349
0.882686 0.642664 -0.186354
0.915011 0.585790 -0.176092
0.951963 0.548262 -0.160571
0.967675 0.493053 -0.131758
0.984303 0.432074 -0.112721
1.000000 0.378821 -0.089054
0.990777 0.322450 -0.056782
0.982455 0.253938 -0.039303
0.949199 0.198187 -0.029599
0.925180 0.135097 -0.040489
0.873448 0.109691 -0.048607
0.837413 0.093192 -0.088211
0.800461 0.122084 -0.119310
0.784764 0.186394 -0.128357
0.772762 0.244856 -0.101445
0.750591 0.263137 -0.054796
0.767205 0.257598 -0.011448
0.754286 0.309863 0.022110
0.742270 0.315324 0.065700
0.722863 0.364297 0.088654
0.678994 0.407345 0.075976
0.678063 0.461430 0.037731
0.642500 0.466562 -0.000114
0.599548 0.449173 0.016965
0.594005 0.528142 0.016350
0.548732 0.550992 -0.005502
0.523797 0.500005 -0.024296
0.533493 0.461876 0.012506
0.526103 0.512263 0.041032
0.483608 0.522991 0.018051
0.473454 0.460365 0.018951
0.485914 0.458545 0.063585
0.458673 0.511507 0.071517
0.422638 0.482306 0.048236
0.429112 0.428588 0.071903
0.432334 0.464296 0.111092
0.392160 0.495474 0.096914
0.369058 0.440246 0.088654
0.384770 0.417937 0.128843
0.371822 0.473378 0.151181
0.327022 0.469893 0.130744
0.323327 0.412031 0.147165
0.337649 0.431086 0.190699
0.305782 0.481086 0.190041
0.271136 0.442221 0.177421
0.284069 0.405525 0.212365
0.285459 0.456202 0.241621
0.240880 0.476709 0.224428
0.222863 0.420571 0.231131
0.241339 0.422546 0.274893
0.224016 0.480950 0.282940
0.180147 0.462186 0.264617
0.182452 0.412264 0.295659
0.194691 0.457422 0.330947
0.156823 0.499095 0.317326
0.124025 0.447895 0.318884
0.142722 0.434049 0.364218
0.132804 0.499540 0.378296
0.081767 0.492898 0.363775
0.072056 0.444486 0.400849
0.100464 0.471113 0.443496
0.091921 0.543111 0.454658
0.061207 0.595763 0.457345
0.050343 0.648106 0.449756
0.054733 0.679883 0.402850
0.070445 0.669891 0.351942
0.102312 0.652056 0.317998
0.141347 0.601069 0.330503
0.161198 0.539935 0.324915
0.166282 0.469738 0.323801
0.193080 0.413096 0.317769
0.181758 0.340421 0.323129
0.177146 0.278415 0.318441
0.193301 0.280042 0.369349
0.162366 0.332888 0.383198
0.119871 0.299465 0.368463
0.132804 0.244140 0.394818
0.144348 0.279538 0.435907
0.101617 0.317377 0.429647
0.073903 0.261568 0.426517
0.096769 0.237323 0.467621
0.088462 0.298826 0.490832
0.037425 0.296386 0.471637
0.035104 0.231437 0.489059
0.059359 0.245398 0.537738
0.033833 0.312497 0.539525
-0.015002 0.281475 0.549343
-0.008085 0.231921 0.573011
0.011440 0.289860 0.608298
0.001966 0.329635 0.562292
0.019983 0.269585 0.537281
-0.003917 0.209303 0.515843
-0.005188 0.179888 0.472967
-0.002306 0.203861 0.421387
0.016052 0.235561 0.374051
0.019629 0.273206 0.334520
-0.025393 0.246909 0.319556
-0.055427 0.286974 0.348369
-0.039834 0.349464 0.331390
-0.048495 0.340111 0.281825
-0.095956 0.319584 0.286956
-0.106982 0.377310 0.312181
-0.091862 0.422856 0.277351
-0.120669 0.398108 0.239392
-0.160592 0.395165 0.268648
-0.152536 0.465207 0.276008
-0.150423 0.486837 0.224871
-0.190996 0.454014 0.203433
-0.221326 0.465962 0.244751
-0.214999 0.533893 0.238277
-0.228938 0.543885 0.187026
-0.271240 0.498940 0.177636
-0.297224 0.504691 0.222413
-0.296648 0.570802 0.227772
-0.319114 0.590012 0.182781
-0.357500 0.545086 0.169604
-0.370551 0.520725 0.215495
-0.375857 0.581394 0.233360
-0.409690 0.601824 0.196516
-0.439946 0.547816 0.193271
-0.442267 0.539644 0.239835
-0.458200 0.599404 0.246752
-0.497916 0.593497 0.215495
-0.513155 0.535249 0.232460
-0.510627 0.551592 0.276908
-0.542258 0.602734 0.269762
-0.575514 0.564915 0.247209
-0.575056 0.517549 0.283154
-0.584531 0.557944 0.317098
-0.626330 0.580194 0.295659
-0.644806 0.520280 0.291872
-0.637179 0.508177 0.337421
-0.661893 0.561120 0.350369
-0.703470 0.543885 0.323801
-0.703470 0.479420 0.342566
-0.702997 0.500760 0.387000
-0.745950 0.537379 0.377396
-0.768594 0.478975 0.361760
-0.755661 0.438270 0.399949
-0.773206 0.479730 0.434564
-0.824480 0.486237 0.418485
-0.842024 0.424580 0.407538
-0.858667 0.398786 0.437694
-0.903468 0.434649 0.435907
-0.945489 0.475334 0.417599
-0.982441 0.514373 0.394146
-0.981524 0.585171 0.390130
-0.951505 0.626940 0.359302
-0.969049 0.623009 0.305035
-0.984303 0.680793 0.287627
-0.936266 0.701978 0.272878
-0.919165 0.650526 0.248096
-0.951963 0.655367 0.209907
-0.931181 0.706819 0.192385
-0.883602 0.683504 0.194729
-0.896994 0.629361 0.172062
-0.904384 0.658698 0.130072
-0.862363 0.688965 0.125170
-0.835565 0.633292 0.135217
-0.857736 0.598493 0.103060
-0.839260 0.631162 0.067887
-0.793529 0.627540 0.081836
-0.797224 0.562030 0.087867
-0.809241 0.552948 0.046220
-0.769052 0.576398 0.029870
-0.743186 0.540554 0.057840
-0.764426 0.486992 0.046892
-0.753813 0.494854 0.003873
-0.708082 0.498649 0.013306
-0.708540 0.448108 0.040747
-0.727016 0.413464 0.008146
-0.692385 0.425277 -0.018851
-0.660281 0.406435 0.013949
-0.684522 0.354731 0.025283
-0.684522 0.335522 -0.018480
-0.637637 0.340595 -0.018437
-0.635332 0.306765 0.020395
-0.662587 0.262071 0.001558
-0.635568 0.259941 -0.035973
-0.596991 0.253861 -0.006117
-0.620093 0.208257 0.018951
-0.631873 0.175492 -0.021624
-0.584531 0.180411 -0.033229
-0.574361 0.158703 0.011491
-0.607396 0.109226 0.005517
-0.584752 0.095923 -0.037945
-0.541341 0.100919 -0.008718
-0.565818 0.058239 0.023282
-0.572750 0.018755 -0.019580
-0.520323 0.028301 -0.025283
-0.509001 -0.008472 0.012391
-0.519629 -0.059595 -0.015478
-0.489373 -0.034789 -0.051494
-0.453352 -0.023596 -0.018408
-0.458200 -0.084711 -0.003073
-0.454032 -0.109536 -0.047235
-0.415248 -0.070497 -0.057340
-0.393875 -0.090171 -0.018022
-0.392146 -0.152196 -0.031228
-0.372975 -0.140384 -0.072418
-0.336378 -0.107716 -0.052881
-0.325973 -0.156127 -0.026512
-0.320430 -0.196057 -0.060670
-0.289435 -0.157328 -0.081965
-0.262697 -0.150686 -0.046163
-0.257243 -0.211201 -0.041747
-0.239136 -0.216952 -0.083809
-0.204461 -0.173982 -0.076262
-0.188483 -0.205740 -0.041275
-0.182999 -0.255972 -0.061913
-0.156631 -0.228145 -0.094127
-0.127646 -0.206960 -0.063442
-0.118186 -0.261723 -0.046721
-0.104100 -0.282288 -0.086924
-0.074021 -0.234496 -0.092012
-0.053580 -0.247199 -0.052266
-0.044918 -0.304983 -0.063557
-0.023560 -0.285019 -0.102117
0.004848 -0.246890 -0.079750
0.018712 -0.292590 -0.052323
0.031069 -0.325859 -0.087596
0.057970 -0.276556 -0.105404
0.081767 -0.271095 -0.067158
0.091684 -0.331319 -0.066329
0.107633 -0.325258 -0.110649
0.133721 -0.270205 -0.098258
0.153128 -0.304093 -0.060927
0.165129 -0.351284 -0.091226
0.187064 -0.298632 -0.118252
0.208777 -0.274736 -0.077720
0.229100 -0.335541 -0.072189
0.246660 -0.324058 -0.116795
0.264899 -0.264143 -0.101674
0.283611 -0.289259 -0.056868
0.305309 -0.340382 -0.080479
0.323327 -0.296211 -0.111992
0.341803 -0.256882 -0.075934
0.360737 -0.308024 -0.050122
0.380602 -0.334340 -0.091641
0.398161 -0.270495 -0.101945
0.419859 -0.265363 -0.054967
0.439266 -0.333740 -0.058154
0.459590 -0.319217 -0.105461
0.486372 -0.261413 -0.087382
0.507169 -0.298341 -0.044763
0.523324 -0.366408 -0.061970
0.559817 -0.363387 -0.104961
0.596311 -0.330099 -0.124841
0.599090 -0.320417 -0.158670
0.552885 -0.334340 -0.185582
0.510864 -0.313775 -0.215610
0.472523 -0.296812 -0.242636
0.417095 -0.295611 -0.231131
0.384297 -0.247800 -0.210250
0.392619 -0.193637 -0.238720
0.394466 -0.235096 -0.277137
0.344123 -0.257792 -0.263174
0.315478 -0.197878 -0.252126
0.343192 -0.176092 -0.297675
0.333954 -0.236007 -0.322471
0.281305 -0.232366 -0.312195
0.279916 -0.167320 -0.332733
0.311325 -0.187285 -0.371379
0.275748 -0.242959 -0.383884
0.227711 -0.203029 -0.385213
0.245507 -0.153707 -0.420729
0.268136 -0.194547 -0.457131
0.254966 -0.199388 -0.494419
0.289154 -0.156728 -0.514957
0.333496 -0.135853 -0.527920
0.375059 -0.157038 -0.537738
0.401384 -0.156127 -0.570796
0.451741 -0.170651 -0.569895
0.499320 -0.191216 -0.549358
0.529340 -0.237827 -0.523446
0.557053 -0.285619 -0.509611
0.580614 -0.327679 -0.475654
0.590310 -0.376090 -0.440595
0.596769 -0.428143 -0.409781
0.594005 -0.472914 -0.371822
0.584767 -0.523146 -0.341451
0.581530 -0.576999 -0.314654
0.566749 -0.614527 -0.272221
0.552427 -0.661119 -0.248553
0.534409 -0.696827 -0.208021
0.493763 -0.727075 -0.176192
0.445267 -0.754921 -0.165702
0.396772 -0.780327 -0.162801
0.358431 -0.816036 -0.163244
0.319632 -0.847503 -0.133159
0.285917 -0.886233 -0.116294
0.264662 -0.923761 -0.083637
0.242270 -0.949168 -0.038503
0.224710 -0.983056 -0.006746
0.218488 -0.987897 0.043934
0.210624 -1.000000 0.087081
0.204623 -0.977014 0.136332
0.176451 -0.972173 0.175192
0.146654 -0.986697 0.214824
0.127720 -0.961271 0.259929
0.089837 -0.955210 0.290743
0.039730 -0.941906 0.310409
0.002661 -0.964892 0.332962
-0.023664 -0.951588 0.378739
-0.044918 -0.940686 0.422058
-0.050801 -0.940686 0.464491
-0.023664 -0.920721 0.506924
0.000000 -0.898936 0.543541
0.033257 -0.883812 0.574354
0.083599 -0.870509 0.589104
0.128414 -0.842062 0.602495
0.164893 -0.790010 0.613657
0.157281 -0.727075 0.641355
0.167672 -0.716192 0.686461
0.148043 -0.656278 0.713259
0.110397 -0.639333 0.748088
0.070681 -0.626011 0.774900
0.017441 -0.619369 0.790965
-0.036833 -0.615728 0.785619
-0.080022 -0.630852 0.782046
-0.135036 -0.638133 0.783375
-0.189488 -0.625410 0.790521
-0.229632 -0.620569 0.752119
-0.262697 -0.647815 0.736483
-0.308487 -0.641754 0.743629
-0.342719 -0.590922 0.733796
-0.372857 -0.586081 0.703440
-0.399536 -0.589102 0.676185
-0.431639 -0.533428 0.679758
-0.443183 -0.517704 0.645371
-0.454269 -0.479575 0.615001
-0.467896 -0.411799 0.628407
-0.430368 -0.373070 0.639569
-0.410045 -0.394855 0.600709
-0.444809 -0.356726 0.572568
-0.435675 -0.298632 0.594449
-0.389027 -0.298032 0.588203
-0.393077 -0.314375 0.543541
-0.415011 -0.260212 0.535952
-0.381518 -0.223904 0.555146
-0.348040 -0.250220 0.529249
-0.370906 -0.241158 0.489502
-0.371704 -0.180023 0.497535
-0.325973 -0.174892 0.503351
-0.314251 -0.203939 0.464491
-0.339379 -0.161879 0.439923
-0.314843 -0.115578 0.458231
-0.273442 -0.140384 0.447955
-0.283951 -0.147646 0.402635
-0.291800 -0.088041 0.399277
-0.249734 -0.074738 0.415584
-0.224695 -0.112247 0.386100
-0.244102 -0.087131 0.348583
-0.230268 -0.030858 0.361989
-0.185379 -0.051132 0.365333
-0.182674 -0.078069 0.321342
-0.198046 -0.022085 0.301462
-0.161597 0.006652 0.319999
-0.127705 -0.034789 0.301691
-0.146476 -0.028146 0.258143
-0.139899 0.034188 0.259486
-0.092542 0.025881 0.268862
-0.082210 -0.014824 0.230230
-0.101440 0.031167 0.201418
-0.070548 0.076558 0.214824
-0.029680 0.042670 0.205891
-0.037646 0.037519 0.156769
-0.049766 0.095768 0.153854
-0.002882 0.101965 0.163687
0.013983 0.057348 0.131415
-0.010612 0.086395 0.098029
0.010391 0.142204 0.107305
0.054511 0.116643 0.102045
0.045495 0.091837 0.058111
0.033035 0.150008 0.045663
0.074598 0.174505 0.057611
0.101395 0.130857 0.034101
0.078293 0.144489 -0.003773
0.088684 0.204171 -0.000643
0.135110 0.192959 0.001415
0.138347 0.156805 -0.037031
0.118024 0.203184 -0.059326
0.150807 0.244779 -0.047621
0.187064 0.209012 -0.061542
0.168588 0.198110 -0.104118
0.163977 0.260019 -0.109206
0.208082 0.274349 -0.099215
0.226558 0.230798 -0.130415
0.201165 0.257114 -0.165473
0.218488 0.313678 -0.154654
0.263746 0.292435 -0.156884
0.256592 0.265576 -0.200646
0.239964 0.320766 -0.214495
0.276679 0.355041 -0.196187
0.309004 0.314124 -0.218854
0.284528 0.324155 -0.260272
0.285459 0.388813 -0.252569
0.334871 0.389413 -0.239949
0.343192 0.358817 -0.284054
0.315020 0.407190 -0.307722
0.337649 0.460966 -0.283383
0.379686 0.472159 -0.307951
0.352430 0.529807 -0.327388
0.333038 0.593807 -0.308622
0.330259 0.630871 -0.269091
0.345040 0.686835 -0.280939
0.296544 0.716192 -0.274007
0.279916 0.725874 -0.224985
0.307630 0.760672 -0.190041
0.309477 0.779727 -0.151524
0.297003 0.767624 -0.102231
0.303935 0.715591 -0.066572
0.333038 0.666580 -0.046006
0.327953 0.598339 -0.038388
0.330717 0.538424 -0.064157
0.356583 0.561120 -0.106461
0.393993 0.507867 -0.117638
0.371822 0.466272 -0.151739
0.345498 0.509222 -0.181109
0.384770 0.555523 -0.185582
0.418027 0.520435 -0.210365
0.383381 0.508777 -0.242522
0.372295 0.570957 -0.248996
0.420332 0.592897 -0.251683
0.429112 0.558099 -0.289643
0.390298 0.582150 -0.312638
0.406941 0.640844 -0.305950
0.450810 0.631781 -0.325587
0.429570 0.612707 -0.365562
0.402315 0.667180 -0.370921
0.441114 0.704689 -0.364004
0.465132 0.676862 -0.398848
0.428181 0.690166 -0.428090
0.426791 0.752191 -0.416713
0.475760 0.757342 -0.425417
0.471133 0.732226 -0.467850
0.436961 0.775486 -0.480570
0.465591 0.824208 -0.465835
0.503015 0.800912 -0.492189
0.476218 0.800002 -0.531493
0.466064 0.863537 -0.526576
0.518254 0.881701 -0.520330
0.539036 0.857496 -0.563650
0.556122 0.879281 -0.604282
0.574140 0.816346 -0.623948
0.551052 0.758562 -0.640469
0.529798 0.728605 -0.675299
0.491930 0.714372 -0.687805
0.506710 0.655077 -0.685132
0.510864 0.651436 -0.640012
0.466522 0.672311 -0.631980
0.445267 0.629051 -0.655204
0.462368 0.583660 -0.629750
0.447588 0.604690 -0.589990
0.403704 0.611352 -0.603396
0.400009 0.552038 -0.612771
0.409705 0.534048 -0.570796
0.377380 0.567781 -0.552030
0.342261 0.547506 -0.575255
0.348277 0.490323 -0.563650
0.345498 0.501360 -0.519873
0.304851 0.529207 -0.523003
0.283138 0.480175 -0.539968
0.292849 0.443886 -0.506481
0.273442 0.480040 -0.476325
0.231642 0.483061 -0.495319
0.225878 0.422546 -0.493976
0.232795 0.419370 -0.450199
0.200692 0.459920 -0.439037
0.165824 0.430951 -0.459589
0.173215 0.379576 -0.435464
0.167908 0.408778 -0.397276
0.125414 0.429963 -0.405994
0.107396 0.375916 -0.412011
0.121024 0.356919 -0.370035
0.100922 0.400839 -0.348826
0.058901 0.393422 -0.366462
0.057512 0.334302 -0.355072
0.066291 0.346288 -0.310638
0.030256 0.383740 -0.305721
-0.000798 0.341641 -0.319784
0.013864 0.301692 -0.288742
0.007627 0.339588 -0.254699
-0.036479 0.351633 -0.263845
-0.048259 0.292977 -0.263845
-0.031985 0.284806 -0.220969
-0.057851 0.328395 -0.203333
-0.097227 0.305235 -0.219855
-0.090014 0.250414 -0.200203
-0.087634 0.274329 -0.159113
-0.128400 0.301227 -0.161229
-0.150571 0.250801 -0.173291
-0.134297 0.220805 -0.135660
-0.151871 0.263059 -0.107133
-0.195740 0.260058 -0.123440
-0.198312 0.199466 -0.117466
-0.186694 0.203106 -0.073647
-0.220513 0.243191 -0.064157
-0.254331 0.208257 -0.081479
-0.241279 0.159904 -0.056139
-0.244339 0.189783 -0.017279
-0.288977 0.206359 -0.025054
-0.302590 0.148711 -0.028827
-0.284808 0.132232 0.012005
-0.308605 0.174969 0.033386
-0.349769 0.155527 0.018394
-0.343074 0.100454 0.035173
-0.336142 0.120129 0.077034
-0.376788 0.150976 0.079607
-0.402078 0.100919 0.071346
-0.381060 0.070052 0.104503
-0.392027 0.109846 0.135989
-0.437995 0.112867 0.127171
-0.442030 0.053108 0.133316
-0.424707 0.057484 0.175406
-0.455422 0.101364 0.189584
-0.491457 0.065365 0.178308
-0.474370 0.018464 0.203219
-0.472286 0.054018 0.242293
-0.518476 0.075493 0.236490
-0.534646 0.016199 0.234704
-0.512238 0.003631 0.275794
-0.535799 0.054153 0.296331
-0.580141 0.034033 0.278023
-0.570445 -0.025707 0.295659
-0.557497 0.001520 0.339436
-0.600228 0.039339 0.338536
-0.627247 -0.013313 0.326930
-0.604381 -0.045071 0.364004
-0.616856 0.008182 0.392802
-0.665351 0.009382 0.375609
-0.668825 -0.055973 0.384985
-0.652418 -0.042960 0.431434
-0.688217 0.006361 0.435007
-0.724710 -0.034498 0.417814
-0.711777 -0.080179 0.453329
-0.712694 -0.033278 0.490389
-0.759356 -0.012713 0.476096
-0.776901 -0.077449 0.473867
-0.757967 -0.084711 0.522103
-0.780138 -0.026326 0.539082
-0.826785 -0.045071 0.519416
-0.824022 -0.108916 0.541754
-0.816631 -0.075648 0.589990
-0.863279 -0.034498 0.588203
-0.899314 -0.086841 0.583730
-0.888687 -0.119819 0.631079
-0.892840 -0.076849 0.675742
-0.927486 -0.035098 0.700310
-0.961659 -0.017845 0.726650
-0.970897 0.042825 0.755234
-0.982441 0.110601 0.758807
-0.998152 0.170206 0.758807
-0.996763 0.236123 0.750775
-1.000000 0.294042 0.743186
-0.978745 0.355119 0.728894
-0.975050 0.410966 0.715931
-0.950115 0.470648 0.717275
-0.917317 0.524521 0.711472
-0.884061 0.577773 0.700310
-0.853110 0.621189 0.693607
-0.854972 0.625410 0.745416
-0.827717 0.564605 0.755234
-0.785222 0.581085 0.732024
-0.780596 0.640244 0.755692
-0.785680 0.606356 0.800354
-0.747812 0.559609 0.788735
-0.712235 0.607575 0.781589
-0.728405 0.644485 0.823579
-0.726100 0.583660 0.854836
-0.675284 0.564760 0.842330
-0.663977 0.623609 0.866898
-0.690996 0.599559 0.914248
-0.679910 0.525876 0.922280
-0.623093 0.527832 0.926739
-0.625177 0.568982 0.966942
-0.646417 0.514974 1.000000
-0.618009 0.452581 0.990167
-0.585447 0.413697 0.991954
-0.552190 0.408778 0.954437
-0.524935 0.468227 0.958896
-0.484983 0.436082 0.942832
-0.500695 0.390924 0.908874
-0.507390 0.431473 0.870028
-0.466507 0.468537 0.882977
-0.443641 0.410966 0.890123
-0.460964 0.397275 0.844117
-0.445267 0.457867 0.828038
-0.406350 0.463386 0.862882
-0.401842 0.397353 0.857966
-0.400925 0.414975 0.809730
-0.376330 0.474889 0.820449
-0.349991 0.451438 0.861096
-0.344567 0.399096 0.830268
-0.331175 0.450451 0.802141
-0.302885 0.486082 0.841444
-0.292775 0.432751 0.871815
-0.277256 0.405680 0.825365
-0.255824 0.467317 0.828939
-0.236919 0.466717 0.882091
-0.242151 0.394022 0.886550
-0.213048 0.393732 0.843231
-0.187626 0.444177 0.866898
-0.185793 0.409301 0.921394
-0.191735 0.343171 0.899956
-0.141628 0.356397 0.891009
-0.118186 0.379208 0.917821
-0.139544 0.312942 0.937458
-0.136839 0.285967 0.888336
-0.092601 0.301169 0.899956
-0.086142 0.235774 0.929426
-0.125695 0.178068 0.925853
-0.153807 0.127081 0.905301
-0.153408 0.100454 0.863325
-0.125458 0.058704 0.865998
-0.087753 0.037074 0.872701
-0.075869 0.009382 0.904415
-0.045037 0.011357 0.924967
-0.029901 0.016644 0.880290
-0.043189 0.079889 0.872701
-0.018816 0.103475 0.912447
0.023102 0.079269 0.897269
0.024019 0.111647 0.857523
0.019171 0.172161 0.875388
0.050816 0.163622 0.908874
0.083141 0.147045 0.875831
0.075987 0.203629 0.853950
0.083378 0.241080 0.891909
0.124719 0.210678 0.901728
0.140416 0.225724 0.859309
0.128873 0.288156 0.867341
0.159365 0.288252 0.907102
0.198149 0.257075 0.885664
0.202539 0.300491 0.849476
0.201165 0.348941 0.878961
0.240186 0.316428 0.899956
0.266052 0.306223 0.857080
0.271595 0.368616 0.846804
0.283611 0.385250 0.890123
0.324716 0.339782 0.882091
0.350582 0.372663 0.841444
0.381533 0.412341 0.828038
0.402315 0.461121 0.799454
0.404162 0.519215 0.769984
0.385686 0.579129 0.751661
0.357515 0.642974 0.752119
0.333496 0.698338 0.761051
0.302087 0.757942 0.779359
0.246187 0.759452 0.789192
0.234185 0.771265 0.829825
0.205540 0.826938 0.805714
0.160976 0.804243 0.778916
0.135568 0.783968 0.820006
0.137874 0.858096 0.833398
0.108549 0.871419 0.788292
0.061428 0.836911 0.801684
0.052427 0.849014 0.852606
0.075751 0.918610 0.846360
0.031645 0.925562 0.812403
-0.007509 0.925562 0.832068
0.015357 0.992138 0.832955
0.010051 1.000000 0.794538
0.017899 0.928002 0.822236
0.054275 0.874440 0.818219
0.093310 0.834490 0.812860
0.128178 0.793650 0.787392
0.172978 0.762783 0.760151
0.204860 0.706200 0.740942
0.243659 0.680483 0.723077
0.274832 0.620569 0.714602
0.301614 0.577909 0.681102
0.331648 0.546151 0.660107
0.352430 0.493053 0.633309
0.369058 0.508467 0.587760
