1.000000 0.038513 -1.000000
0.995416 0.024802 -0.927828
0.952749 0.005805 -0.865942
0.942011 0.042130 -0.799766
0.883288 -0.013622 -0.750628
0.876766 -0.044609 -0.681186
0.801569 -0.053437 -0.644649
0.735172 -0.079694 -0.614303
0.657748 -0.112249 -0.603846
0.582210 -0.127326 -0.583762
0.522990 -0.171011 -0.553099
0.460836 -0.136381 -0.603310
0.502691 -0.124973 -0.679382
0.583887 -0.126744 -0.703927
0.625349 -0.056042 -0.700758
0.671368 0.002239 -0.678188
0.714271 0.049516 -0.623882
0.743711 0.114653 -0.588052
0.763067 0.155910 -0.527750
0.693631 0.200101 -0.525776
0.641797 0.125454 -0.516221
0.662960 0.077974 -0.456236
0.644338 0.010308 -0.410315
0.666680 -0.041675 -0.353743
0.648607 -0.129602 -0.335803
0.699446 -0.189932 -0.337119
0.732919 -0.172832 -0.407878
0.675716 -0.116170 -0.445317
0.633180 -0.066540 -0.496722
0.580010 0.005805 -0.511614
0.529983 0.064567 -0.512857
0.472046 0.110175 -0.488727
0.415891 0.066616 -0.531431
0.434382 -0.008006 -0.496624
0.410521 0.004186 -0.422722
0.342370 -0.053564 -0.410461
0.286292 -0.106912 -0.401443
0.236999 -0.164131 -0.423550
0.168219 -0.133523 -0.384576
0.171938 -0.047847 -0.388890
0.227203 0.003605 -0.415653
0.280897 0.038639 -0.369074
0.345225 0.066211 -0.338606
0.421601 0.059508 -0.305165
0.488705 0.050275 -0.249299
0.537658 0.022728 -0.195944
0.467594 0.006767 -0.146513
0.409998 -0.038158 -0.195091
0.448369 -0.106533 -0.214200
0.443157 -0.190008 -0.245594
0.471156 -0.268779 -0.267239
0.454603 -0.338468 -0.322105
0.485640 -0.363056 -0.385600
0.483283 -0.288079 -0.421430
0.430637 -0.233643 -0.376118
0.381239 -0.166660 -0.348673
0.344936 -0.130235 -0.276574
0.309106 -0.112755 -0.211032
0.284721 -0.131069 -0.143198
0.209445 -0.149232 -0.167158
0.231289 -0.206602 -0.216906
0.268717 -0.251021 -0.168401
0.204233 -0.261367 -0.124650
0.158239 -0.291241 -0.182758
0.214317 -0.355315 -0.197772
0.267067 -0.368570 -0.128598
0.223300 -0.370088 -0.065079
0.169581 -0.399886 -0.021157
0.099255 -0.442383 -0.006362
0.055540 -0.415316 0.067468
0.086080 -0.327389 0.076267
0.108082 -0.256359 0.052746
0.147160 -0.198811 0.011992
0.184667 -0.140403 0.064518
0.212274 -0.072915 0.089331
0.158894 -0.066793 0.157994
0.083854 -0.054297 0.193263
0.041370 -0.045697 0.110586
0.053838 -0.111642 0.053745
-0.002187 -0.163777 0.028567
-0.001663 -0.213533 -0.033929
-0.050695 -0.267666 -0.077193
-0.020129 -0.285980 -0.143052
-0.007845 -0.341074 -0.197138
-0.008709 -0.320837 -0.271382
-0.060464 -0.327895 -0.326809
-0.024293 -0.270802 -0.370293
0.046766 -0.322633 -0.385039
0.044880 -0.402289 -0.386526
0.039170 -0.447138 -0.325493
0.043754 -0.517359 -0.303532
0.047578 -0.574148 -0.259463
0.076913 -0.632050 -0.232432
0.071517 -0.679631 -0.174934
0.076206 -0.674749 -0.105102
0.052476 -0.705609 -0.046628
0.034718 -0.701183 0.019475
0.045928 -0.704876 0.087260
0.048914 -0.743957 0.145026
0.055986 -0.749624 0.211982
0.084194 -0.766041 0.279377
0.031024 -0.816784 0.302191
0.031575 -0.876861 0.341482
-0.006142 -0.941466 0.369293
0.040349 -0.953785 0.427913
0.032046 -0.987858 0.492554
0.077096 -0.984797 0.550126
0.066724 -1.000000 0.626149
0.132990 -0.938557 0.644966
0.097264 -0.858395 0.640822
0.035241 -0.845874 0.698540
0.071622 -0.811952 0.769225
0.098443 -0.723620 0.752163
0.030134 -0.664630 0.725327
-0.033827 -0.622538 0.713652
-0.084587 -0.597066 0.663661
-0.136579 -0.541390 0.654910
-0.212405 -0.516221 0.621225
-0.273353 -0.478556 0.589051
-0.353030 -0.457130 0.578887
-0.346587 -0.450275 0.496283
-0.298184 -0.517309 0.472347
-0.247057 -0.569240 0.512346
-0.165599 -0.549156 0.520487
-0.093964 -0.523202 0.545080
-0.037939 -0.477417 0.588490
0.034220 -0.436185 0.594438
0.079742 -0.376817 0.617471
0.059783 -0.327338 0.559120
-0.029165 -0.330981 0.576035
-0.047028 -0.314994 0.647013
-0.121335 -0.300297 0.694811
-0.171466 -0.281022 0.755015
-0.261777 -0.292000 0.766885
-0.292133 -0.328552 0.825993
-0.242159 -0.394245 0.819558
-0.216936 -0.394751 0.737782
-0.191582 -0.396648 0.663880
-0.160911 -0.351976 0.593487
-0.148182 -0.301663 0.536988
-0.151613 -0.236830 0.499037
-0.218062 -0.267109 0.458771
-0.271782 -0.281933 0.519170
-0.280818 -0.207412 0.550394
-0.370238 -0.188845 0.541473
-0.447478 -0.176677 0.541131
-0.524221 -0.195776 0.524191
-0.543132 -0.119737 0.493309
-0.468275 -0.088952 0.455505
-0.388703 -0.111946 0.452556
-0.333281 -0.086574 0.500865
-0.271127 -0.085335 0.544568
-0.233620 -0.097224 0.613230
-0.200592 -0.092367 0.690107
-0.195877 -0.097578 0.763058
-0.243390 -0.028470 0.772808
-0.319006 -0.055005 0.729641
-0.356618 -0.117359 0.767470
-0.427310 -0.177209 0.769298
-0.480899 -0.240169 0.795744
-0.543708 -0.302726 0.768933
-0.538941 -0.378334 0.751578
-0.469689 -0.367887 0.705706
-0.464660 -0.283425 0.685646
-0.440066 -0.206577 0.654569
-0.437630 -0.116954 0.670217
-0.445802 -0.038867 0.683062
-0.477887 0.020780 0.717722
-0.536217 0.031986 0.664538
-0.570922 -0.039879 0.673313
-0.586008 -0.034895 0.745631
-0.633468 0.028141 0.742511
-0.689126 -0.001454 0.692398
-0.704737 -0.076583 0.728179
-0.679985 -0.059634 0.811636
-0.714611 0.000544 0.842884
-0.774591 0.039954 0.863748
-0.850836 0.064264 0.861701
-0.872157 0.136559 0.879177
-0.918124 0.193398 0.892485
-0.943111 0.266831 0.885271
-0.967443 0.324303 0.927731
-1.000000 0.395940 0.932752
-0.980277 0.453741 0.997416
-0.963541 0.541314 0.994979
-0.936353 0.622968 1.000000
-0.859715 0.669437 0.980744
-0.829306 0.743932 0.933263
-0.798426 0.810814 0.909304
-0.727341 0.849693 0.865698
-0.686717 0.898387 0.814171
-0.656517 0.947233 0.759159
-0.605443 1.000000 0.723621
