0.015702 -0.672312 -0.573710
-0.005123 -0.634910 -0.563068
0.025234 -0.604384 -0.569121
0.031143 -0.612815 -0.620749
-0.003809 -0.599907 -0.638434
0.002252 -0.556080 -0.626734
0.034945 -0.548972 -0.654658
0.020794 -0.563436 -0.700082
-0.008658 -0.533986 -0.704336
0.015306 -0.498488 -0.705815
0.036030 -0.510626 -0.747625
0.003567 -0.513199 -0.778861
-0.007510 -0.470637 -0.772725
0.025477 -0.453601 -0.792747
0.021113 -0.475768 -0.839399
-0.015511 -0.449153 -0.846528
0.001257 -0.405893 -0.842560
0.024609 -0.408713 -0.882118
-0.002865 -0.393944 -0.920683
-0.035647 -0.365642 -0.906915
-0.058399 -0.331293 -0.891061
-0.032648 -0.329258 -0.843804
0.003184 -0.315086 -0.875460
-0.012780 -0.276725 -0.894894
-0.017093 -0.233741 -0.897937
-0.038327 -0.197328 -0.913051
-0.037536 -0.157979 -0.938974
-0.064767 -0.130927 -0.920851
-0.102603 -0.126523 -0.918968
-0.133560 -0.112234 -0.947279
-0.169354 -0.094034 -0.932350
-0.206143 -0.108018 -0.943211
-0.227249 -0.103745 -0.898290
-0.234867 -0.099936 -0.849335
-0.265161 -0.110417 -0.810669
-0.240367 -0.097072 -0.770186
-0.239512 -0.076969 -0.716390
-0.239653 -0.048754 -0.672864
-0.232953 -0.011106 -0.648488
-0.212919 0.028360 -0.643629
-0.198665 0.017109 -0.594220
-0.180443 -0.021121 -0.608577
-0.155457 0.003038 -0.639544
-0.138945 0.031296 -0.606308
-0.122624 0.002137 -0.574837
-0.101773 -0.020481 -0.611620
-0.077987 0.015089 -0.623052
-0.062700 0.021979 -0.576400
-0.049429 -0.021412 -0.569692
-0.022478 -0.014260 -0.615319
-0.012703 0.025409 -0.641360
-0.036987 0.045266 -0.679219
-0.037421 0.085763 -0.700183
-0.056103 0.071692 -0.743069
-0.090442 0.061677 -0.716793
-0.095839 0.100968 -0.694820
-0.100880 0.122235 -0.739085
-0.131710 0.096244 -0.755913
-0.155343 0.111027 -0.713464
-0.155100 0.155115 -0.719012
-0.170362 0.153444 -0.768320
-0.207789 0.136538 -0.744330
-0.214859 0.136596 -0.690147
-0.196151 0.129328 -0.646067
-0.184054 0.132439 -0.595531
-0.158214 0.140884 -0.555436
-0.186989 0.126232 -0.516635
-0.191315 0.083161 -0.511961
-0.201996 0.044800 -0.477044
-0.211860 0.010204 -0.443505
-0.225476 -0.003256 -0.396214
-0.199801 0.029087 -0.370459
-0.183927 0.065267 -0.402855
-0.154756 0.060776 -0.437856
-0.129566 0.076722 -0.477077
-0.095406 0.085255 -0.498899
-0.079582 0.103614 -0.454718
-0.078625 0.067273 -0.426155
-0.056498 0.042853 -0.457576
-0.025311 0.070689 -0.457442
-0.018854 0.063857 -0.405830
-0.015766 0.018228 -0.405158
0.014783 0.016876 -0.444648
0.038021 0.051124 -0.459560
0.025821 0.081126 -0.499891
0.040675 0.118688 -0.518636
0.021240 0.115417 -0.564682
-0.015740 0.116653 -0.543786
-0.012780 0.155551 -0.520502
-0.005366 0.179841 -0.562177
-0.036094 0.167500 -0.590942
-0.065048 0.181557 -0.558983
-0.054520 0.224685 -0.556361
-0.055618 0.232709 -0.607922
-0.097026 0.220048 -0.607922
-0.118515 0.223581 -0.558277
-0.118694 0.210178 -0.509524
-0.123658 0.209262 -0.457509
-0.105231 0.213391 -0.412303
-0.146168 0.213013 -0.388918
-0.160358 0.170204 -0.382109
-0.181043 0.134677 -0.360086
-0.200043 0.095735 -0.339576
-0.214603 0.075719 -0.293361
-0.185509 0.097131 -0.258444
-0.161481 0.133573 -0.276768
-0.133369 0.130767 -0.312022
-0.098009 0.143864 -0.343712
-0.060633 0.144736 -0.358926
-0.047387 0.152906 -0.309080
-0.054992 0.113237 -0.289192
-0.032214 0.090371 -0.322596
0.002023 0.111274 -0.310509
0.002597 0.102742 -0.259099
-0.000491 0.057331 -0.259755
0.035507 0.054729 -0.292184
0.063185 0.088205 -0.304036
0.060479 0.120999 -0.343897
0.079097 0.158575 -0.356522
0.068391 0.162209 -0.406251
0.029394 0.168067 -0.389506
0.032151 0.202983 -0.357329
0.047004 0.232113 -0.390179
0.017093 0.230064 -0.423768
-0.012742 0.241605 -0.392919
0.002559 0.280286 -0.378831
0.006527 0.297540 -0.427584
-0.036796 0.294444 -0.432695
-0.060530 0.289226 -0.384160
-0.065979 0.267858 -0.339626
-0.079110 0.257348 -0.289209
-0.067089 0.255735 -0.238556
-0.109162 0.256970 -0.225073
-0.124334 0.215760 -0.227443
-0.153390 0.179420 -0.211119
-0.172557 0.138806 -0.196207
-0.190103 0.112306 -0.158936
-0.164262 0.121086 -0.116840
-0.134747 0.160232 -0.125750
-0.105716 0.164680 -0.164501
-0.069642 0.174681 -0.194207
-0.032317 0.170088 -0.208412
-0.019224 0.169433 -0.158566
-0.035864 0.130157 -0.141284
-0.014081 0.105663 -0.183128
0.026153 0.106361 -0.170671
0.059969 0.079004 -0.166871
0.087711 0.116420 -0.181010
0.109927 0.153269 -0.175966
0.101122 0.168241 -0.226367
0.061577 0.173300 -0.215490
0.065775 0.200643 -0.175697
0.084699 0.232927 -0.200898
0.057366 0.241852 -0.236051
0.026319 0.249847 -0.203588
0.042755 0.280868 -0.172537
0.049658 0.309504 -0.210833
0.011823 0.313298 -0.228401
-0.003414 0.329622 -0.185498
0.020908 0.365264 -0.183431
0.011644 0.381719 -0.232386
-0.029088 0.385746 -0.220382
-0.050692 0.378202 -0.176101
-0.068736 0.339783 -0.154784
-0.097600 0.317470 -0.127566
-0.107222 0.277931 -0.108233
-0.136648 0.290331 -0.074794
-0.158954 0.304300 -0.114890
-0.161748 0.264064 -0.138241
-0.179154 0.240762 -0.100936
-0.209958 0.273309 -0.096330
-0.234804 0.272277 -0.137300
-0.261180 0.242914 -0.121581
-0.271925 0.263497 -0.078628
-0.281789 0.303733 -0.098751
-0.310602 0.287191 -0.127364
-0.331122 0.266578 -0.089774
-0.337706 0.303602 -0.061681
-0.356783 0.326729 -0.097927
-0.385380 0.294357 -0.109746
-0.399506 0.289807 -0.061782
-0.409893 0.333096 -0.057664
-0.435989 0.331206 -0.097187
-0.459801 0.298703 -0.078342
-0.468503 0.320159 -0.034279
-0.481915 0.360075 -0.054015
-0.510103 0.338285 -0.087605
-0.520848 0.294851 -0.095288
-0.491358 0.279051 -0.139351
-0.472714 0.250632 -0.173545
-0.439358 0.251504 -0.210110
-0.424287 0.211283 -0.229914
-0.396967 0.185321 -0.261049
-0.384385 0.147745 -0.280416
-0.358697 0.122685 -0.305634
-0.353223 0.099776 -0.350487
-0.340143 0.059031 -0.328632
-0.363878 0.052883 -0.281408
-0.389974 0.079309 -0.253854
-0.377417 0.106899 -0.215591
-0.374317 0.140754 -0.169662
-0.367745 0.158095 -0.124119
-0.371688 0.117220 -0.100012
-0.337732 0.100576 -0.121026
-0.311610 0.131043 -0.105459
-0.318284 0.127366 -0.054738
-0.308037 0.082289 -0.054436
-0.270865 0.083467 -0.075484
-0.255718 0.116769 -0.043643
-0.275510 0.139692 -0.001395
-0.301517 0.174376 0.004640
-0.324027 0.184987 0.045946
-0.339607 0.223566 0.023940
-0.356822 0.203288 -0.014458
-0.378910 0.175146 0.012911
-0.399047 0.207198 0.037439
-0.413556 0.229424 -0.004926
-0.433309 0.195162 -0.026041
-0.457287 0.187778 0.013634
-0.472549 0.229453 0.014004
-0.489163 0.224903 -0.034968
-0.498823 0.180059 -0.050670
-0.480192 0.142207 -0.063800
-0.473250 0.098453 -0.070575
-0.454964 0.061139 -0.052418
-0.468312 0.035599 -0.099591
-0.449031 0.041850 -0.143016
-0.433182 0.033651 -0.197704
-0.411297 0.018112 -0.242842
-0.394721 -0.016629 -0.274381
-0.392067 -0.047722 -0.229612
-0.409498 -0.037503 -0.180505
-0.397975 -0.008794 -0.145050
-0.389247 0.019537 -0.099003
-0.371752 0.034262 -0.057428
-0.360982 -0.007762 -0.042062
-0.334784 -0.014943 -0.078476
-0.312402 0.020932 -0.065733
-0.303916 0.009783 -0.016980
-0.289037 -0.032459 -0.027268
-0.259291 -0.024828 -0.063010
-0.240929 0.011484 -0.032379
-0.245510 0.017705 0.020174
-0.277488 0.041995 0.045593
-0.293426 0.047838 0.092783
-0.314954 0.084891 0.084545
-0.336507 0.065384 0.046736
-0.353210 0.035308 0.076593
-0.370067 0.063494 0.109880
-0.392666 0.086388 0.077955
-0.413709 0.050339 0.062102
-0.427312 0.035381 0.108384
-0.445815 0.073102 0.122976
-0.469103 0.069018 0.075921
-0.477130 0.028273 0.053629
-0.462225 -0.004157 0.025032
-0.454211 -0.044408 -0.000017
-0.435683 -0.086199 0.006405
-0.456253 -0.107393 -0.036279
-0.442140 -0.091563 -0.081401
-0.430004 -0.098541 -0.136358
-0.414959 -0.103803 -0.186860
-0.407979 -0.128979 -0.231074
-0.392143 -0.165421 -0.199166
-0.400450 -0.168169 -0.143604
-0.387116 -0.136364 -0.106215
-0.376192 -0.110402 -0.062640
-0.350773 -0.093729 -0.028445
-0.332423 -0.134736 -0.021519
-0.318399 -0.141989 -0.071953
-0.296425 -0.095982 -0.064472
-0.269985 -0.091999 -0.025554
-0.240788 -0.094281 0.008322
-0.223523 -0.111652 0.050905
-0.233617 -0.076736 0.083873
-0.275651 -0.077638 0.076358
-0.293477 -0.114356 0.093035
-0.296412 -0.100430 0.143671
-0.319471 -0.063407 0.133231
-0.350480 -0.083961 0.113511
-0.358723 -0.104631 0.158196
-0.366686 -0.065921 0.184456
-0.393994 -0.049743 0.153103
-0.419400 -0.083554 0.159256
-0.424249 -0.076925 0.210581
-0.438350 -0.034887 0.204916
-0.468605 -0.042809 0.173125
-0.487504 -0.069367 0.206815
-0.492966 -0.039684 0.244843
-0.514327 -0.011571 0.214650
-0.543256 -0.042329 0.204697
-0.556233 -0.043768 0.253333
-0.563992 -0.001468 0.266009
-0.589654 0.003460 0.222887
-0.615915 -0.028200 0.247029
-0.622308 -0.012298 0.294773
-0.636396 0.027604 0.272061
-0.669995 -0.002442 0.244524
-0.696206 -0.021891 0.276197
-0.735062 -0.022429 0.295765
-0.766173 -0.032721 0.323857
-0.795446 -0.056226 0.348789
-0.840568 -0.063247 0.335676
-0.882793 -0.078975 0.331574
-0.916660 -0.075370 0.293832
-0.942870 -0.057810 0.252644
-0.955657 -0.048231 0.197014
-0.953436 -0.032648 0.141755
-0.945831 -0.013010 0.094750
-0.918127 -0.008562 0.042684
-0.901156 0.008140 -0.003715
-0.859313 0.029276 -0.026411
-0.819870 0.043914 -0.038767
-0.780962 0.047243 -0.054587
-0.753846 0.090851 -0.063598
-0.726844 0.121406 -0.044735
-0.698528 0.148850 -0.026024
-0.696844 0.200017 -0.011953
-0.679578 0.238771 0.015231
-0.696550 0.289807 0.010289
-0.704424 0.315420 0.063312
-0.718830 0.363200 0.081553
-0.731374 0.402564 0.121110
-0.743089 0.434166 0.167577
-0.744199 0.454560 0.222383
-0.729703 0.495101 0.262411
-0.722671 0.533927 0.301683
-0.708405 0.556502 0.357934
-0.706657 0.581882 0.410890
-0.688154 0.591621 0.469563
-0.674321 0.617452 0.523007
-0.664151 0.606317 0.583343
-0.650203 0.626930 0.632651
-0.627476 0.622409 0.689373
-0.603512 0.615810 0.735975
-0.565906 0.614545 0.777802
-0.541393 0.596564 0.819108
-0.502255 0.572012 0.839887
-0.468401 0.562128 0.868870
-0.425104 0.536457 0.878217
-0.397324 0.498823 0.882202
-0.358914 0.465811 0.872468
-0.337757 0.425415 0.857186
-0.314928 0.392273 0.815712
-0.310079 0.358025 0.777483
-0.312274 0.349405 0.714523
-0.321092 0.348359 0.659852
-0.333393 0.372213 0.609065
-0.322661 0.384292 0.549451
-0.334414 0.406402 0.504110
-0.336251 0.404585 0.442025
-0.337897 0.397549 0.384933
-0.321576 0.395485 0.329825
-0.297752 0.403480 0.283610
-0.267739 0.412100 0.243565
-0.227415 0.415923 0.229780
-0.188253 0.428686 0.208799
-0.148554 0.442408 0.216768
-0.102552 0.435052 0.199620
-0.062087 0.419324 0.197670
-0.020424 0.421912 0.200477
0.021789 0.402651 0.200612
0.063504 0.406242 0.189012
0.101799 0.387490 0.192223
0.134032 0.418641 0.184540
0.175543 0.410835 0.181195
0.207036 0.443178 0.170738
0.248687 0.449778 0.159272
0.283550 0.475245 0.138023
0.305153 0.507152 0.093422
0.305268 0.536747 0.048636
0.310577 0.584441 0.015551
0.297331 0.623426 -0.013802
0.276863 0.674259 -0.023217
0.246837 0.711937 -0.025974
0.213340 0.751083 -0.031791
0.176602 0.776100 -0.050535
0.130370 0.787932 -0.036145
0.094015 0.810434 -0.030009
0.045396 0.810478 -0.028714
0.004358 0.803747 -0.020207
-0.039603 0.810332 -0.030462
-0.083934 0.812396 -0.045105
-0.126006 0.821307 -0.065296
-0.159311 0.838867 -0.090866
-0.192361 0.837995 -0.136779
-0.219452 0.851542 -0.174083
-0.225246 0.858011 -0.236034
-0.230325 0.870919 -0.289478
-0.208721 0.862561 -0.344670
-0.205428 0.869160 -0.406099
-0.176576 0.862473 -0.454298
-0.137184 0.846048 -0.481230
-0.121922 0.833808 -0.532673
-0.094653 0.795607 -0.559891
-0.086869 0.766288 -0.612343
-0.069195 0.731183 -0.644066
-0.075575 0.686644 -0.679320
-0.083423 0.655188 -0.723165
-0.088808 0.614807 -0.759679
-0.112339 0.597174 -0.810349
-0.121412 0.551109 -0.841266
-0.157971 0.533942 -0.877040
-0.190498 0.518737 -0.910832
-0.217436 0.477469 -0.929425
-0.249568 0.461014 -0.969134
-0.287569 0.431360 -0.980045
-0.324550 0.411562 -0.999781
-0.353695 0.367430 -1.000000
-0.390765 0.334448 -0.996907
-0.415291 0.295665 -0.989644
-0.436372 0.255836 -0.957685
-0.465568 0.221923 -0.937158
-0.483357 0.195453 -0.890910
-0.506135 0.177254 -0.847385
-0.527420 0.166381 -0.803742
-0.550746 0.137410 -0.766673
-0.577888 0.135869 -0.726897
-0.598765 0.110140 -0.683338
-0.627030 0.103730 -0.643226
-0.619412 0.096520 -0.583259
-0.640696 0.087362 -0.536237
-0.647575 0.070922 -0.484592
-0.656635 0.022197 -0.457156
-0.651824 -0.020394 -0.429568
-0.642419 -0.068945 -0.419986
-0.630462 -0.110635 -0.409697
-0.597336 -0.150420 -0.409882
-0.567029 -0.179565 -0.409209
-0.529027 -0.201820 -0.390431
-0.501005 -0.236925 -0.370661
-0.467967 -0.260924 -0.362372
-0.420995 -0.261040 -0.359128
-0.389463 -0.260880 -0.324681
-0.380582 -0.304707 -0.309181
-0.343359 -0.307483 -0.333894
-0.322023 -0.285287 -0.292739
-0.326323 -0.317731 -0.251349
-0.301695 -0.355830 -0.263790
-0.261346 -0.338561 -0.241010
-0.263107 -0.355453 -0.182102
-0.247067 -0.408393 -0.177597
-0.200784 -0.417754 -0.179883
-0.161736 -0.427624 -0.176084
-0.117979 -0.416940 -0.195837
-0.083015 -0.431099 -0.185145
-0.059612 -0.444777 -0.232302
-0.041747 -0.420124 -0.283762
-0.003669 -0.392825 -0.274330
0.031245 -0.427377 -0.287931
0.037829 -0.431462 -0.350823
0.050590 -0.384888 -0.377116
0.097001 -0.378492 -0.374779
0.111752 -0.403422 -0.426357
0.112109 -0.397738 -0.479986
0.126350 -0.358796 -0.520266
0.161506 -0.346178 -0.550443
0.172161 -0.347472 -0.610006
0.160306 -0.330101 -0.659836
0.160077 -0.292656 -0.705933
0.142620 -0.266491 -0.743288
0.110106 -0.229540 -0.763058
0.076928 -0.197168 -0.766589
0.041083 -0.172806 -0.742750
0.005404 -0.164026 -0.713750
-0.012282 -0.160014 -0.654523
-0.035188 -0.150958 -0.611822
-0.035456 -0.153836 -0.550493
-0.043686 -0.149969 -0.495940
-0.038148 -0.122060 -0.445623
-0.042487 -0.128529 -0.389977
-0.046124 -0.105998 -0.338416
-0.038773 -0.116187 -0.278802
-0.031155 -0.116435 -0.228536
-0.020500 -0.129372 -0.175395
-0.021062 -0.133282 -0.125902
0.000861 -0.140754 -0.072710
-0.003094 -0.146539 -0.021401
0.027557 -0.152063 0.026579
0.044095 -0.173503 0.066809
0.082836 -0.182865 0.104265
0.118336 -0.192924 0.131079
0.160574 -0.183708 0.157440
0.189911 -0.176978 0.192273
0.225922 -0.149548 0.217877
0.254366 -0.130898 0.245700
0.279862 -0.086592 0.261117
0.303928 -0.053682 0.278180
0.322355 -0.003867 0.265572
0.336226 0.038027 0.254728
0.356515 0.074832 0.230116
0.383109 0.111739 0.201368
0.396061 0.152862 0.179513
0.405746 0.203448 0.168905
0.431791 0.229148 0.212161
0.461421 0.257348 0.244591
0.482336 0.258409 0.295816
0.506990 0.263410 0.346755
0.511571 0.230078 0.394264
0.539555 0.194174 0.425517
0.568305 0.170713 0.465931
0.577072 0.119574 0.489686
0.585940 0.070457 0.495553
0.607608 0.022080 0.477683
0.608055 -0.022836 0.454987
0.613452 -0.067724 0.417666
0.630756 -0.093860 0.364877
0.648366 -0.127133 0.333877
0.652526 -0.157208 0.278987
0.661203 -0.188679 0.238320
0.656749 -0.214990 0.183649
0.662390 -0.238785 0.132324
0.651913 -0.277510 0.100936
0.642483 -0.302148 0.045862
0.646809 -0.328037 0.004825
0.631317 -0.373594 -0.024528
0.614409 -0.414993 -0.050821
0.589309 -0.453746 -0.068961
0.562588 -0.485653 -0.093018
0.523898 -0.505306 -0.095523
0.493017 -0.540236 -0.103693
0.448992 -0.537910 -0.090143
0.431765 -0.580661 -0.092110
0.389872 -0.591927 -0.063968
0.349382 -0.613295 -0.077266
0.333469 -0.662863 -0.071331
0.301606 -0.690438 -0.052284
0.273277 -0.707009 -0.014273
0.228245 -0.724831 -0.011751
0.191711 -0.751185 -0.009583
0.148618 -0.743495 0.012827
0.114228 -0.774980 0.008154
0.071300 -0.770082 0.002186
0.040956 -0.805332 -0.008675
0.010113 -0.836904 -0.001311
-0.028514 -0.856194 0.028411
-0.062394 -0.878376 0.012340
-0.061322 -0.922130 0.052217
-0.092598 -0.946114 0.092447
-0.119396 -0.962976 0.130592
-0.163139 -0.982920 0.145134
-0.193638 -0.995785 0.173831
-0.240380 -0.992543 0.185297
-0.279415 -0.999927 0.199334
-0.327446 -1.000000 0.193114
-0.365767 -0.979388 0.190441
-0.412803 -0.972149 0.181531
-0.450945 -0.949589 0.187633
-0.481417 -0.914179 0.199284
-0.523859 -0.889874 0.184103
-0.547531 -0.851411 0.172167
-0.574762 -0.813937 0.143638
-0.610224 -0.792700 0.136997
-0.644193 -0.757145 0.113293
-0.666690 -0.717010 0.101172
-0.705457 -0.689493 0.078375
-0.722748 -0.647426 0.058336
-0.757508 -0.619124 0.057563
-0.788261 -0.578234 0.039524
-0.802145 -0.532794 0.028865
-0.817037 -0.493153 -0.009330
-0.838411 -0.460244 -0.038498
-0.851976 -0.439021 -0.095372
-0.862644 -0.416403 -0.142797
-0.860564 -0.402622 -0.205857
-0.868233 -0.416504 -0.269220
-0.861151 -0.418118 -0.326715
-0.848939 -0.424645 -0.390162
-0.837926 -0.430575 -0.448616
-0.829185 -0.425720 -0.509120
-0.809125 -0.437146 -0.568011
-0.788912 -0.427784 -0.620564
-0.776624 -0.425837 -0.674647
-0.753846 -0.401939 -0.727166
-0.737716 -0.381807 -0.775970
-0.725657 -0.344478 -0.823361
-0.715194 -0.306378 -0.861776
-0.722531 -0.259325 -0.887480
-0.714415 -0.207169 -0.913656
-0.721574 -0.158066 -0.921961
-0.726602 -0.107073 -0.949145
-0.712871 -0.058232 -0.976565
-0.723475 -0.010263 -0.973152
-0.736415 0.043827 -0.980095
-0.740587 0.099703 -0.978448
-0.733441 0.155857 -0.978935
-0.735177 0.204044 -0.959316
-0.726168 0.259412 -0.948372
-0.714556 0.308762 -0.924550
-0.706555 0.351630 -0.893650
-0.688396 0.402492 -0.874317
-0.665299 0.443265 -0.846528
-0.648595 0.492354 -0.822840
-0.625294 0.523781 -0.781938
-0.596353 0.564482 -0.758822
-0.571176 0.587842 -0.720643
-0.532715 0.612539 -0.691576
-0.505624 0.638849 -0.654103
-0.473927 0.644242 -0.605047
-0.451557 0.655508 -0.561202
-0.415546 0.655610 -0.523696
-0.389183 0.636960 -0.476455
-0.357294 0.629881 -0.433805
-0.331568 0.600503 -0.395323
-0.295953 0.588031 -0.360674
-0.277501 0.541050 -0.348217
-0.246492 0.513751 -0.323286
-0.235403 0.477149 -0.294403
-0.227071 0.424456 -0.307853
-0.220984 0.376472 -0.311837
-0.243647 0.335378 -0.324782
-0.242281 0.287220 -0.338584
-0.275395 0.262625 -0.347797
-0.292980 0.237012 -0.382899
-0.291704 0.235820 -0.443337
-0.307693 0.225252 -0.489232
-0.314469 0.228159 -0.541785
-0.354971 0.240268 -0.564817
-0.376652 0.257813 -0.603332
-0.415215 0.291959 -0.603366
-0.442472 0.328677 -0.591917
-0.473518 0.353926 -0.574887
-0.500584 0.378914 -0.530320
-0.527203 0.403509 -0.499437
-0.547901 0.412798 -0.443505
-0.567156 0.433483 -0.401678
-0.594196 0.445809 -0.363347
-0.632644 0.470942 -0.348268
-0.668094 0.485464 -0.323336
-0.714071 0.477789 -0.319856
-0.757355 0.476757 -0.299212
-0.799185 0.462264 -0.305331
-0.833217 0.423453 -0.288519
-0.868003 0.397433 -0.281089
-0.894112 0.349667 -0.278382
-0.925937 0.313501 -0.263958
-0.946903 0.263293 -0.266143
-0.969004 0.224961 -0.255586
-0.977682 0.169710 -0.252022
-0.992969 0.125229 -0.255602
-0.987597 0.070660 -0.259704
-1.000000 0.020772 -0.259704
-0.995904 -0.027706 -0.290032
-0.994334 -0.067942 -0.317402
-0.998749 -0.102160 -0.352773
-0.989370 -0.132075 -0.405124
-0.986971 -0.157034 -0.453155
-0.971059 -0.161031 -0.512180
-0.953232 -0.178940 -0.560597
-0.940254 -0.176847 -0.616025
-0.924903 -0.155072 -0.662845
-0.890347 -0.145260 -0.705899
-0.863090 -0.133645 -0.750416
-0.834443 -0.095037 -0.776289
-0.805922 -0.099558 -0.816300
-0.765752 -0.082972 -0.847435
-0.727482 -0.051996 -0.866954
-0.682028 -0.055121 -0.891532
-0.641819 -0.044204 -0.913202
-0.593648 -0.054249 -0.921910
-0.552239 -0.058552 -0.931207
-0.508674 -0.070747 -0.916901
-0.468822 -0.098352 -0.914480
-0.438082 -0.113367 -0.873561
-0.406001 -0.146859 -0.850579
-0.399710 -0.162325 -0.797455
-0.385648 -0.193069 -0.762066
-0.383019 -0.217301 -0.719500
-0.367056 -0.248132 -0.683859
-0.382088 -0.279210 -0.656339
-0.380033 -0.318080 -0.635442
-0.397362 -0.351789 -0.615537
-0.407367 -0.375818 -0.577846
-0.396929 -0.418757 -0.556260
-0.407979 -0.450374 -0.527260
-0.395729 -0.482876 -0.496814
-0.412254 -0.512792 -0.528336
-0.390663 -0.506905 -0.571003
-0.356783 -0.518068 -0.545063
-0.367604 -0.557520 -0.526386
-0.373385 -0.574759 -0.574399
-0.335830 -0.568843 -0.589126
-0.318871 -0.592290 -0.549485
-0.338650 -0.630200 -0.562295
-0.326196 -0.634096 -0.611082
-0.287493 -0.633427 -0.598490
-0.289458 -0.670567 -0.569558
-0.305830 -0.698375 -0.604862
-0.276723 -0.693360 -0.639830
-0.248088 -0.708288 -0.606291
-0.264983 -0.749702 -0.599650
-0.269296 -0.764413 -0.647714
-0.228921 -0.758424 -0.660508
-0.214476 -0.795113 -0.623355
-0.217283 -0.836657 -0.650572
-0.169915 -0.837050 -0.650875
-0.138345 -0.830043 -0.619286
-0.131352 -0.829854 -0.565254
-0.111969 -0.832471 -0.521678
-0.104198 -0.852560 -0.474135
-0.083232 -0.862154 -0.432493
-0.052185 -0.876588 -0.459997
-0.044758 -0.837326 -0.483567
-0.037689 -0.816757 -0.437470
-0.007548 -0.843489 -0.421347
0.013635 -0.835291 -0.466268
0.015064 -0.791464 -0.457761
0.034601 -0.795782 -0.412000
0.066234 -0.817600 -0.429871
0.075269 -0.785606 -0.466722
0.078230 -0.751955 -0.432342
0.106597 -0.769006 -0.402804
0.133535 -0.775024 -0.442816
0.130561 -0.729162 -0.459140
0.145491 -0.707765 -0.417951
0.183403 -0.723842 -0.421566
0.189618 -0.707649 -0.469042
0.181158 -0.664128 -0.460199
0.210124 -0.656612 -0.427584
0.239653 -0.668125 -0.462905
0.228717 -0.638530 -0.499370
0.231562 -0.601302 -0.468268
0.269525 -0.605198 -0.457576
0.279696 -0.601695 -0.508868
0.262903 -0.561619 -0.519342
0.285170 -0.540251 -0.482037
0.321321 -0.550644 -0.501051
0.316408 -0.534044 -0.549165
0.310947 -0.492034 -0.529126
0.344137 -0.485624 -0.502228
0.368204 -0.493662 -0.543584
0.352049 -0.460084 -0.573189
0.357830 -0.426055 -0.540877
0.396788 -0.431346 -0.544273
0.400604 -0.424020 -0.596019
0.381794 -0.383958 -0.597162
0.407520 -0.364901 -0.561673
0.441272 -0.371791 -0.586117
0.428435 -0.347530 -0.627608
0.422029 -0.308835 -0.600844
0.460579 -0.305681 -0.586117
0.477666 -0.308036 -0.632618
0.458257 -0.272887 -0.651026
0.469090 -0.242448 -0.613873
0.506645 -0.245530 -0.627137
0.502358 -0.234773 -0.678395
0.487019 -0.192197 -0.664694
0.513919 -0.176251 -0.632450
0.544404 -0.179667 -0.665854
0.526871 -0.148894 -0.699948
0.523783 -0.114603 -0.665837
0.563290 -0.114240 -0.656238
0.573371 -0.105402 -0.704722
0.552520 -0.066881 -0.706437
0.568177 -0.045585 -0.665736
0.605745 -0.047417 -0.682178
0.597310 -0.023054 -0.728023
0.582278 0.016033 -0.700284
0.612304 0.023272 -0.664089
0.641156 0.036137 -0.704655
0.621823 0.081911 -0.721752
0.629799 0.115199 -0.672747
0.677039 0.120287 -0.662340
0.704806 0.153109 -0.696821
0.721714 0.197968 -0.669569
0.767870 0.200221 -0.651346
0.807122 0.194334 -0.640166
0.847178 0.176760 -0.639225
0.884962 0.158139 -0.604795
0.917859 0.118179 -0.595111
0.942615 0.077114 -0.578148
0.973024 0.047650 -0.542928
0.993390 0.018970 -0.506279
1.000000 -0.021397 -0.461947
0.999362 -0.044103 -0.411597
0.991565 -0.082783 -0.365701
0.974274 -0.098831 -0.318158
0.942564 -0.126581 -0.283779
0.919569 -0.160450 -0.259368
0.875264 -0.181876 -0.248542
0.835272 -0.188083 -0.229259
0.788300 -0.199436 -0.227460
0.752621 -0.218362 -0.240640
0.707027 -0.204000 -0.234874
0.668949 -0.210498 -0.252694
0.622870 -0.197256 -0.264546
0.582814 -0.181091 -0.263201
0.546038 -0.146960 -0.279223
0.512196 -0.117249 -0.283762
0.487581 -0.070486 -0.298623
0.463106 -0.031471 -0.309029
0.428626 -0.003038 -0.314325
0.386924 0.012341 -0.315956
0.344176 0.014493 -0.322243
0.305421 -0.005858 -0.331523
0.277616 -0.039320 -0.319503
0.246977 -0.068175 -0.324109
0.230069 -0.113222 -0.295463
0.215088 -0.155464 -0.280416
0.206143 -0.197343 -0.259873
0.181438 -0.240719 -0.278802
0.191787 -0.292933 -0.262041
0.172148 -0.318792 -0.213691
0.159860 -0.362154 -0.206210
0.148592 -0.391996 -0.159508
0.112058 -0.402826 -0.122203
0.082492 -0.432901 -0.091287
0.070816 -0.450272 -0.042146
0.051585 -0.449501 0.016627
0.034945 -0.454836 0.065565
0.032240 -0.444297 0.124674
0.038008 -0.431578 0.178538
0.043623 -0.393639 0.221778
0.051215 -0.385702 0.270010
0.057085 -0.360787 0.310963
0.077936 -0.369640 0.361784
0.093632 -0.372562 0.407444
0.135934 -0.396255 0.421297
0.175619 -0.413016 0.428425
0.207126 -0.448135 0.433737
0.225386 -0.488211 0.440647
0.220780 -0.539771 0.464452
0.218202 -0.587420 0.451742
0.196726 -0.630273 0.447506
0.178963 -0.672791 0.455929
0.150749 -0.714495 0.436394
0.121488 -0.748307 0.438562
0.084470 -0.780722 0.420574
0.045077 -0.802366 0.413833
0.010725 -0.828968 0.421936
-0.031768 -0.841832 0.447153
-0.063019 -0.864174 0.466553
-0.106444 -0.861892 0.496680
-0.139392 -0.858403 0.529580
-0.169762 -0.844449 0.562833
-0.199278 -0.810827 0.595969
-0.231320 -0.791101 0.628633
-0.230490 -0.748757 0.668073
-0.252299 -0.731125 0.715700
-0.253587 -0.683984 0.746432
-0.288092 -0.652499 0.769195
-0.325622 -0.653342 0.801305
-0.361428 -0.623397 0.814670
-0.409613 -0.625563 0.803507
-0.452604 -0.632846 0.799573
-0.494612 -0.638122 0.762789
-0.529729 -0.635317 0.728561
-0.562984 -0.644591 0.681926
-0.582265 -0.642789 0.623489
-0.587956 -0.638079 0.565405
-0.599798 -0.628805 0.515996
-0.587561 -0.614007 0.456198
-0.584026 -0.591578 0.409714
-0.569262 -0.548623 0.378612
-0.565000 -0.512748 0.340030
-0.566110 -0.469619 0.317570
-0.600807 -0.432174 0.319200
-0.613044 -0.388479 0.333440
-0.648072 -0.358665 0.331809
-0.670046 -0.319577 0.366693
-0.695465 -0.287656 0.398534
-0.712718 -0.266680 0.448347
-0.725415 -0.246344 0.500210
-0.730264 -0.241693 0.556730
-0.725377 -0.210483 0.609754
-0.723514 -0.192168 0.663837
-0.707167 -0.185467 0.721635
-0.694113 -0.150595 0.768673
-0.672560 -0.134619 0.813274
-0.646515 -0.102378 0.852597
-0.620152 -0.080952 0.889178
-0.593775 -0.043260 0.922650
-0.561031 -0.021048 0.950255
-0.524217 0.014115 0.964914
-0.487083 0.032009 0.985139
-0.439422 0.042635 1.000000
-0.401752 0.065544 0.993645
-0.358774 0.058770 0.990098
-0.314392 0.063538 0.962376
-0.282618 0.054191 0.923793
-0.255119 0.033869 0.888304
-0.244336 0.015292 0.830035
-0.238045 0.011920 0.772389
-0.252822 0.013301 0.719500
-0.267088 0.014958 0.668393
-0.293720 -0.003271 0.622329
-0.317927 0.020307 0.575997
-0.349586 0.031543 0.533598
-0.378260 0.064395 0.511440
-0.408898 0.100808 0.499386
-0.430987 0.142745 0.489081
-0.453497 0.181847 0.486979
-0.461523 0.235616 0.495621
-0.473786 0.285475 0.498630
-0.461332 0.338460 0.506716
-0.454352 0.391517 0.504867
-0.428843 0.433890 0.509372
-0.415138 0.475637 0.471143
-0.403475 0.515786 0.436007
-0.374138 0.547533 0.412000
-0.356477 0.561866 0.355866
-0.357039 0.584949 0.300355
-0.342657 0.618993 0.266261
-0.316562 0.641800 0.219643
-0.292878 0.640724 0.170368
-0.293592 0.652048 0.119412
-0.271146 0.691616 0.085789
-0.242358 0.723595 0.070188
-0.210124 0.755589 0.062875
-0.180800 0.790083 0.079065
-0.161213 0.825842 0.094060
-0.155215 0.851179 0.149723
-0.139583 0.884190 0.183817
-0.149128 0.908088 0.235294
-0.171587 0.919891 0.282030
-0.174177 0.928264 0.344720
-0.176589 0.932523 0.399257
-0.163943 0.929020 0.461157
-0.136546 0.938657 0.509894
-0.097651 0.958703 0.533043
-0.067026 0.988138 0.560328
-0.030058 1.000000 0.578636
0.015217 0.983778 0.587933
0.049441 0.984839 0.614293
0.091016 0.962279 0.598003
0.129209 0.938236 0.605753
0.143348 0.897171 0.623758
0.168371 0.852923 0.610695
0.178286 0.812673 0.591749
0.178286 0.772480 0.572617
0.192259 0.729962 0.585495
0.211885 0.697968 0.560244
0.213825 0.671105 0.601315
0.174764 0.662005 0.603870
0.172672 0.644431 0.556092
0.198742 0.611158 0.565103
0.179129 0.592973 0.605349
0.146665 0.583932 0.575963
0.163063 0.558086 0.539179
0.174739 0.526935 0.573677
0.139468 0.515714 0.593127
0.125061 0.503896 0.545988
0.151565 0.471189 0.537145
0.142569 0.446783 0.579678
0.104797 0.440605 0.566263
0.110297 0.420909 0.520451
0.130612 0.385702 0.540860
0.099923 0.370497 0.567624
0.074299 0.365148 0.528958
0.097919 0.336454 0.501555
0.097600 0.304780 0.538204
0.058374 0.297700 0.542878
0.051381 0.287133 0.492931
0.075958 0.251752 0.493250
0.054750 0.228508 0.527495
0.021891 0.226837 0.499538
0.038544 0.205992 0.458837
0.048127 0.167863 0.485197
0.010840 0.156496 0.498697
-0.004830 0.156133 0.451658
0.018216 0.123223 0.434359
0.007676 0.093278 0.472168
-0.031143 0.093569 0.457307
-0.026702 0.080167 0.408621
-0.009960 0.040672 0.417329
-0.041198 0.025671 0.445808
-0.065265 0.026412 0.402300
-0.046864 -0.000102 0.369416
-0.045626 -0.036340 0.401426
-0.087213 -0.039960 0.398080
-0.092675 -0.043928 0.346317
-0.072066 -0.080792 0.338483
-0.091998 -0.107291 0.372005
-0.126133 -0.102320 0.341846
-0.113258 -0.118935 0.296908
-0.102654 -0.159069 0.313081
-0.138230 -0.170436 0.332095
-0.156440 -0.168052 0.284754
-0.134632 -0.195468 0.255468
-0.139800 -0.231721 0.285964
-0.180239 -0.230383 0.277222
-0.178452 -0.236590 0.224350
-0.159668 -0.274762 0.221206
-0.186683 -0.296261 0.252492
-0.214948 -0.293659 0.214044
-0.197632 -0.311088 0.172234
-0.188048 -0.351484 0.189785
-0.227989 -0.362314 0.193635
-0.235748 -0.359537 0.142797
-0.209550 -0.390514 0.127919
-0.223242 -0.425444 0.155742
-0.257581 -0.426462 0.129886
-0.244004 -0.430183 0.080426
-0.228168 -0.470274 0.090917
-0.260274 -0.492587 0.105375
-0.279109 -0.486903 0.059765
-0.252082 -0.508446 0.031017
-0.254442 -0.548057 0.055680
-0.292941 -0.554045 0.041071
-0.287582 -0.552824 -0.009936
-0.260797 -0.585560 -0.013718
-0.286025 -0.618077 0.004758
-0.312236 -0.613367 -0.039120
-0.295149 -0.627061 -0.083553
-0.305970 -0.670015 -0.084730
-0.345618 -0.662558 -0.084276
-0.347379 -0.636204 -0.124691
-0.330956 -0.668009 -0.157322
-0.359412 -0.698346 -0.151405
-0.390114 -0.671657 -0.166031
-0.375248 -0.662151 -0.212851
-0.378221 -0.706501 -0.226972
-0.415980 -0.714088 -0.219844
-0.427159 -0.681629 -0.253904
-0.410187 -0.701733 -0.295832
-0.431127 -0.741024 -0.292537
-0.466653 -0.720848 -0.295614
-0.460719 -0.700599 -0.340618
-0.451493 -0.738887 -0.365230
-0.489023 -0.754891 -0.358775
-0.510078 -0.722999 -0.381807
-0.493974 -0.727593 -0.428324
-0.506786 -0.771303 -0.433384
-0.545680 -0.759659 -0.431939
