-1.000000 -0.872328 -0.949917
-0.913321 -0.895840 -0.950324
-0.876219 -0.829319 -0.907831
-0.920613 -0.836539 -0.813934
-0.888664 -0.909707 -0.788520
-0.801722 -0.891044 -0.792010
-0.805734 -0.832656 -0.722409
-0.838707 -0.878923 -0.644810
-0.768778 -0.929908 -0.639728
-0.704530 -0.877541 -0.621599
-0.740724 -0.846627 -0.534987
-0.746113 -0.914164 -0.479381
-0.660166 -0.933297 -0.480533
-0.629477 -0.864508 -0.441090
-0.674515 -0.871207 -0.349870
-0.641249 -0.940700 -0.316797
-0.556766 -0.915311 -0.312663
-0.568919 -0.854551 -0.246755
-0.607631 -0.895188 -0.168208
-0.547922 -0.956157 -0.153231
-0.464172 -0.914060 -0.154891
-0.492020 -0.838755 -0.094575
-0.550909 -0.846783 -0.015147
-0.516003 -0.905119 0.044289
-0.435884 -0.867845 0.059639
-0.467364 -0.800490 0.107553
-0.494568 -0.832994 0.195148
-0.409324 -0.869174 0.216563
-0.328999 -0.859738 0.163736
-0.311869 -0.907048 0.072448
-0.267709 -0.950865 -0.010064
-0.246303 -1.000000 -0.095896
-0.172626 -0.975524 -0.157704
-0.179449 -0.922870 -0.233845
-0.115904 -0.874361 -0.196910
-0.046209 -0.927119 -0.202975
-0.050426 -0.936764 -0.305276
-0.038947 -0.860807 -0.329708
0.041026 -0.851684 -0.282979
0.086210 -0.906996 -0.337840
0.073999 -0.872068 -0.430416
0.107968 -0.799812 -0.408695
0.190635 -0.819883 -0.384263
0.211866 -0.855437 -0.473247
0.198395 -0.789151 -0.532378
0.258836 -0.739574 -0.483887
0.330698 -0.785893 -0.497509
0.327213 -0.789047 -0.600081
0.333685 -0.709285 -0.615296
0.412662 -0.696200 -0.567449
0.464201 -0.743979 -0.624818
0.447890 -0.703915 -0.716106
0.486574 -0.635466 -0.688455
0.568450 -0.662001 -0.665616
0.584175 -0.690465 -0.764495
0.569914 -0.615082 -0.815560
0.635685 -0.569701 -0.760157
0.714604 -0.541315 -0.737420
0.767255 -0.515379 -0.660771
0.751764 -0.436112 -0.680221
0.664060 -0.436555 -0.639185
0.688717 -0.455088 -0.541459
0.741193 -0.389845 -0.528413
0.673988 -0.335731 -0.542510
0.617441 -0.365707 -0.464403
0.683446 -0.358982 -0.386229
0.701514 -0.275805 -0.403782
0.617207 -0.248488 -0.374132
0.602390 -0.194479 -0.293992
0.591789 -0.133823 -0.392328
0.594659 -0.074679 -0.463420
0.665495 -0.035215 -0.388093
0.726376 0.014206 -0.339602
0.749744 0.057580 -0.250483
0.776714 0.118418 -0.181424
0.807022 0.137447 -0.079597
0.824885 0.213768 -0.068076
0.810038 0.286571 -0.040053
0.800463 0.361198 -0.066009
0.886175 0.383250 -0.047101
0.919412 0.342248 -0.133340
0.872646 0.385778 -0.201145
0.901461 0.460692 -0.163193
0.990834 0.466557 -0.175460
0.982694 0.483839 -0.282064
0.928285 0.557919 -0.262546
0.976046 0.613779 -0.209617
1.000000 0.678188 -0.282911
0.943600 0.684209 -0.375928
0.882632 0.687754 -0.447867
0.818208 0.656240 -0.504049
0.779056 0.583177 -0.555522
0.729421 0.523225 -0.593338
0.766992 0.465541 -0.531632
0.719494 0.472214 -0.442072
0.651000 0.424825 -0.473552
0.689742 0.352336 -0.459185
0.675540 0.344907 -0.359053
0.583677 0.346445 -0.364915
0.574482 0.287692 -0.433059
0.612492 0.233005 -0.372302
0.560251 0.240955 -0.286944
0.482679 0.226045 -0.336383
0.507160 0.152226 -0.366101
0.525989 0.121259 -0.271661
0.436909 0.134084 -0.235200
0.393277 0.087295 -0.314595
0.438344 0.018298 -0.316560
0.414097 -0.024502 -0.232862
0.364462 -0.013841 -0.147640
0.315178 -0.039855 -0.063400
0.227620 -0.021531 -0.110840
0.213447 -0.047910 -0.208736
0.229465 -0.125821 -0.193284
0.150048 -0.139141 -0.138626
0.100764 -0.124283 -0.239504
0.135553 -0.201256 -0.286944
0.167296 -0.270905 -0.311443
0.228411 -0.325983 -0.326895
0.298808 -0.366411 -0.373047
0.334475 -0.437024 -0.416455
0.387215 -0.497472 -0.447697
0.308325 -0.542019 -0.481617
0.236259 -0.580753 -0.531531
0.136988 -0.590267 -0.539900
0.087353 -0.562715 -0.622209
0.087323 -0.474455 -0.619972
0.088582 -0.398186 -0.657111
0.079592 -0.356167 -0.559351
0.175086 -0.373084 -0.527261
0.219245 -0.370764 -0.641659
0.260886 -0.346132 -0.734845
0.327242 -0.404390 -0.755955
0.269847 -0.471458 -0.788858
0.229319 -0.477218 -0.882586
0.317140 -0.518533 -0.936803
0.366834 -0.589563 -0.932127
0.296788 -0.656162 -0.975806
0.235380 -0.710718 -1.000000
0.226010 -0.740199 -0.902579
0.195408 -0.671958 -0.860255
0.124132 -0.666197 -0.921758
0.083663 -0.733240 -0.887906
0.076986 -0.711787 -0.788045
0.028259 -0.645788 -0.809020
-0.041905 -0.680638 -0.853411
-0.061027 -0.724221 -0.771712
-0.074526 -0.660098 -0.708685
-0.145685 -0.634214 -0.760496
-0.197605 -0.697581 -0.749992
-0.199362 -0.699927 -0.646810
-0.230021 -0.624778 -0.625699
-0.306510 -0.621911 -0.695673
-0.344139 -0.702273 -0.690319
-0.327242 -0.719998 -0.575311
-0.319482 -0.658508 -0.507641
-0.387303 -0.608565 -0.526956
-0.458081 -0.656136 -0.507540
-0.433951 -0.675894 -0.411575
-0.428153 -0.600719 -0.370574
-0.511377 -0.577781 -0.387245
-0.550177 -0.637030 -0.330826
-0.509005 -0.621416 -0.240792
-0.538786 -0.546528 -0.232896
-0.624850 -0.565113 -0.231032
-0.622595 -0.611172 -0.147640
-0.584907 -0.560082 -0.079259
-0.647808 -0.501147 -0.089153
-0.721485 -0.543165 -0.068212
-0.693783 -0.567433 0.025990
-0.687019 -0.495126 0.066755
-0.771560 -0.469007 0.054454
-0.812674 -0.531331 0.099421
-0.768983 -0.538708 0.190099
-0.783654 -0.462986 0.224154
-0.873993 -0.466505 0.221375
-0.883803 -0.529116 0.288232
-0.836833 -0.500156 0.367592
-0.887786 -0.432306 0.380434
-0.958359 -0.473647 0.429941
-0.919471 -0.486680 0.525838
-0.884506 -0.479564 0.621429
-0.821840 -0.483735 0.694148
-0.754956 -0.558883 0.688828
-0.711587 -0.623579 0.658229
-0.754927 -0.628323 0.565552
-0.723301 -0.562611 0.522822
-0.636798 -0.582708 0.528786
-0.641044 -0.650454 0.473179
-0.675803 -0.617897 0.386669
-0.609974 -0.565921 0.370675
-0.545433 -0.619305 0.359459
-0.582008 -0.660463 0.280539
-0.584292 -0.600355 0.212497
-0.497613 -0.581196 0.212192
-0.463527 -0.651027 0.186608
-0.507628 -0.664581 0.097963
-0.486866 -0.596366 0.045949
-0.397933 -0.603665 0.052082
-0.394038 -0.673079 -0.000407
-0.425488 -0.642816 -0.088171
-0.362734 -0.585288 -0.101623
-0.292454 -0.635830 -0.103893
-0.323201 -0.678813 -0.185219
-0.319717 -0.614013 -0.249771
-0.219714 -0.622406 -0.240656
-0.174559 -0.675477 -0.189184
-0.151952 -0.679465 -0.087967
-0.072623 -0.686112 -0.016875
-0.052944 -0.695887 0.097184
0.006647 -0.686321 0.186270
0.013470 -0.699093 0.295991
0.056810 -0.670681 0.394531
0.023427 -0.673157 0.492189
-0.055580 -0.690387 0.539053
-0.036516 -0.654051 0.630477
-0.054262 -0.574393 0.582664
-0.134850 -0.548665 0.568534
-0.202729 -0.503206 0.595778
-0.268236 -0.476202 0.673512
-0.327945 -0.437311 0.729999
-0.289877 -0.361719 0.742333
-0.230578 -0.340423 0.649792
-0.161615 -0.329710 0.562604
-0.130546 -0.327468 0.460100
-0.047263 -0.319779 0.393650
-0.016897 -0.298718 0.279150
-0.006618 -0.292566 0.176138
-0.029313 -0.263398 0.063265
-0.069197 -0.288135 -0.040798
-0.175613 -0.302836 -0.019179
-0.253946 -0.339302 -0.004473
-0.217752 -0.413017 0.017383
-0.202612 -0.411219 0.117177
-0.286128 -0.436425 0.137339
-0.277929 -0.509253 0.096710
-0.205101 -0.533599 0.152519
-0.247094 -0.528151 0.243740
-0.323582 -0.571160 0.223273
-0.288647 -0.647795 0.229779
-0.271575 -0.637394 0.347972
-0.329819 -0.557528 0.375250
-0.371812 -0.486133 0.410898
-0.398196 -0.395527 0.401884
-0.396732 -0.314800 0.400766
-0.401593 -0.240642 0.346650
-0.367566 -0.164190 0.299312
-0.419251 -0.091310 0.241571
-0.481303 -0.066964 0.166887
-0.545433 -0.053670 0.097421
-0.593575 -0.076582 -0.002813
-0.629945 -0.097722 -0.102707
-0.660927 -0.166953 -0.147267
-0.620955 -0.234204 -0.115211
-0.592843 -0.206027 -0.024228
-0.675950 -0.195470 0.015791
-0.698029 -0.272964 0.016130
-0.631585 -0.299056 0.076107
-0.647662 -0.253441 0.157738
-0.732437 -0.278412 0.174748
-0.711792 -0.355099 0.191217
-0.653870 -0.347409 0.271356
-0.707253 -0.312507 0.342889
-0.758382 -0.376968 0.364576
-0.681396 -0.424252 0.401918
-0.614689 -0.354160 0.432415
-0.558786 -0.292722 0.466707
-0.532021 -0.230242 0.409983
-0.492547 -0.152461 0.385212
-0.528800 -0.077886 0.343533
-0.521421 0.002711 0.291417
-0.516472 0.077260 0.251974
-0.476119 0.146909 0.230863
-0.485959 0.173548 0.330758
-0.442414 0.114587 0.384501
-0.359425 0.123501 0.344211
-0.344344 0.191716 0.406120
-0.348883 0.149228 0.501508
-0.298750 0.115655 0.576090
-0.363612 0.104968 0.647758
-0.413219 0.053566 0.593236
-0.351840 -0.001955 0.578971
-0.331401 -0.016031 0.678323
-0.414536 -0.036310 0.710277
-0.429383 -0.100485 0.650503
-0.355969 -0.140575 0.682864
-0.380216 -0.145527 0.783437
-0.457437 -0.185617 0.768154
-0.418665 -0.250991 0.724408
-0.358986 -0.272339 0.804310
-0.420071 -0.287431 0.879265
-0.444493 -0.357184 0.824913
-0.430554 -0.439162 0.818915
-0.492401 -0.448076 0.733049
-0.444991 -0.414868 0.649724
-0.383379 -0.402513 0.577039
-0.318311 -0.364952 0.530616
-0.272336 -0.309639 0.473756
-0.239743 -0.275206 0.378910
-0.151952 -0.234152 0.341127
-0.099271 -0.173183 0.281319
-0.033705 -0.115004 0.294568
-0.029986 -0.084923 0.198299
-0.100940 -0.067224 0.130324
-0.064131 -0.130200 0.045983
-0.016340 -0.168022 -0.032700
0.061876 -0.226932 -0.062248
0.118217 -0.289256 -0.097963
0.175320 -0.328172 -0.027007
0.257548 -0.287196 0.007861
0.208791 -0.238401 0.098302
0.192861 -0.174539 0.177493
0.156022 -0.104473 0.220596
0.110604 -0.065113 0.290163
0.054292 -0.052497 0.375114
-0.009810 -0.021061 0.437701
-0.037922 -0.001382 0.534648
-0.124015 -0.024346 0.536715
-0.104776 -0.102049 0.563519
-0.064248 -0.073897 0.664633
-0.141966 -0.042019 0.716208
-0.183256 -0.108487 0.752940
-0.150546 -0.181081 0.788926
-0.120384 -0.261964 0.800413
-0.100852 -0.319779 0.720477
-0.045711 -0.351736 0.641151
-0.033559 -0.392034 0.539595
0.020264 -0.412809 0.460371
0.035521 -0.419065 0.340314
0.065653 -0.455088 0.244316
0.073472 -0.448233 0.128054
0.097895 -0.495100 0.032666
0.112741 -0.505656 -0.073566
0.121497 -0.533104 -0.178577
0.138306 -0.513815 -0.280539
0.127529 -0.583229 -0.331639
0.028786 -0.571056 -0.337332
0.017014 -0.479564 -0.297584
-0.017482 -0.405406 -0.269425
-0.053179 -0.359764 -0.186981
-0.056517 -0.281045 -0.210667
-0.093356 -0.200865 -0.211413
-0.110604 -0.138463 -0.281658
-0.158101 -0.068580 -0.288096
-0.117017 -0.043583 -0.381112
-0.145363 -0.116281 -0.443462
-0.229084 -0.149124 -0.384060
-0.307622 -0.185148 -0.359595
-0.352543 -0.251590 -0.335875
-0.351753 -0.286884 -0.429941
-0.262233 -0.289647 -0.442987
-0.249407 -0.333177 -0.356342
-0.299160 -0.397143 -0.380028
-0.253858 -0.413513 -0.467385
-0.176023 -0.425764 -0.420691
-0.205628 -0.487254 -0.361492
-0.241910 -0.533547 -0.439768
-0.149228 -0.532843 -0.488394
-0.099534 -0.581717 -0.427400
-0.081408 -0.648055 -0.371082
-0.070573 -0.606167 -0.259768
-0.060207 -0.599416 -0.146183
0.015286 -0.594516 -0.072007
0.032534 -0.601345 0.050524
0.053208 -0.572490 0.155840
0.035550 -0.576478 0.272407
0.054555 -0.541549 0.373962
0.056927 -0.541810 0.480939
0.077660 -0.499870 0.581614
0.072125 -0.465906 0.671953
0.049138 -0.406918 0.733896
0.040030 -0.318476 0.760361
0.066503 -0.246637 0.824642
0.102814 -0.189735 0.880993
0.166740 -0.155224 0.946257
0.211368 -0.099859 1.000000
0.215790 -0.035476 0.927485
0.162552 -0.040168 0.838941
0.118656 -0.016291 0.746467
0.089051 -0.022860 0.646166
0.173885 -0.027943 0.601572
0.202173 -0.092926 0.650029
0.134499 -0.139506 0.617871
0.147911 -0.131660 0.516655
0.231778 -0.161818 0.518010
0.215497 -0.234517 0.556267
0.158775 -0.254796 0.477890
0.214501 -0.242858 0.398462
0.278046 -0.294625 0.426451
0.226273 -0.360181 0.426722
0.206185 -0.354994 0.324049
0.288793 -0.353795 0.283420
0.315968 -0.423652 0.321778
0.250842 -0.472396 0.286232
0.260974 -0.447034 0.180068
0.324168 -0.401418 0.135001
0.324490 -0.312194 0.146081
0.332836 -0.232614 0.156111
0.337872 -0.158378 0.202264
0.295265 -0.075878 0.216868
0.269085 0.004744 0.231947
0.191719 0.015640 0.167599
0.112683 0.036128 0.119481
0.046590 0.030080 0.048084
0.038303 0.111615 0.035749
0.098539 0.131165 -0.036461
0.045448 0.123762 -0.119583
-0.011626 0.193202 -0.080817
0.043281 0.259071 -0.060486
0.089227 0.326608 -0.051235
0.153006 0.375456 -0.025990
0.186243 0.437076 0.024669
0.236376 0.503441 0.025346
0.307125 0.475785 0.077124
0.340215 0.431394 -0.002880
0.353275 0.495621 -0.064789
0.406454 0.538604 -0.002236
0.473982 0.485742 -0.000678
0.490263 0.489495 -0.103656
0.503499 0.569232 -0.106570
0.575244 0.567850 -0.040697
0.626314 0.522130 -0.103622
0.624411 0.575774 -0.181864
0.659756 0.641278 -0.135170
0.742159 0.611380 -0.116058
0.766377 0.616333 -0.218495
0.755893 0.696486 -0.238996
0.799848 0.735168 -0.157602
0.847492 0.713273 -0.075429
0.888079 0.755057 0.004371
0.874667 0.836148 -0.055268
0.782571 0.875248 -0.006472
0.767607 0.912548 0.098607
0.758470 1.000000 0.101894
