0.088885 -0.166443 -1.000000
0.039619 -0.254534 -0.950243
-0.012843 -0.362548 -0.931052
-0.073139 -0.410394 -0.878401
-0.033685 -0.417896 -0.789496
-0.015328 -0.267601 -0.784275
-0.088708 -0.218264 -0.782079
-0.107851 -0.290952 -0.697100
-0.055796 -0.226064 -0.636333
-0.080518 -0.084613 -0.644648
-0.152300 -0.105729 -0.610390
-0.133081 -0.160779 -0.517628
-0.089468 -0.044815 -0.485232
-0.143350 0.064689 -0.497639
-0.196242 0.002186 -0.435209
-0.151895 -0.006757 -0.350263
-0.136352 0.140657 -0.344941
-0.209250 0.189994 -0.334298
-0.227100 0.108312 -0.251646
-0.165105 0.152979 -0.191479
-0.180293 0.300691 -0.191379
-0.252583 0.293983 -0.154660
-0.239981 0.216575 -0.066919
-0.180598 0.302479 -0.029402
-0.213687 0.440503 -0.039014
-0.270079 0.414021 0.028903
-0.223931 0.398470 0.109359
-0.194163 0.536593 0.107031
-0.257020 0.624783 0.108328
-0.289856 0.580762 0.195670
-0.226771 0.611070 0.256137
-0.218936 0.760471 0.233819
-0.288918 0.804293 0.265815
-0.280399 0.758682 0.362902
-0.219671 0.848015 0.382459
-0.254333 0.982263 0.364565
-0.313285 0.961594 0.436473
-0.269749 0.914543 0.523947
-0.193326 0.892731 0.544801
-0.196800 0.715010 0.527706
-0.174183 0.546381 0.527739
-0.179178 0.392110 0.523083
-0.155318 0.253689 0.497805
-0.196065 0.245094 0.411495
-0.157067 0.356635 0.363600
-0.089012 0.286431 0.363201
-0.108916 0.163909 0.310949
-0.137290 0.238088 0.227699
-0.071466 0.309435 0.202488
-0.023847 0.191534 0.194040
-0.066141 0.120882 0.123695
-0.068448 0.228996 0.050888
0.008127 0.242709 0.036919
0.024228 0.100214 0.010643
-0.025749 0.102549 -0.073871
0.008887 0.207632 -0.125890
0.075700 0.134198 -0.131411
0.051029 0.006906 -0.177011
0.019562 0.068614 -0.260793
0.083586 0.134844 -0.294519
0.130165 0.011427 -0.301570
0.088327 -0.071446 -0.365197
0.082927 0.032494 -0.440231
0.159223 0.049883 -0.456196
0.176313 -0.092910 -0.478082
0.127883 -0.103294 -0.558438
0.159324 0.011179 -0.614348
0.232298 -0.041139 -0.620235
0.217288 -0.174542 -0.664205
0.180369 -0.111492 -0.751779
0.225452 0.017737 -0.782412
0.306490 -0.039251 -0.737843
0.359560 -0.151041 -0.745227
0.427362 -0.062205 -0.754939
0.420313 0.009341 -0.654128
0.408142 -0.092960 -0.578560
0.469427 -0.190739 -0.555079
0.521534 -0.048542 -0.519890
0.490320 0.058280 -0.443624
0.461795 0.141253 -0.369154
0.388846 0.090674 -0.380895
0.397137 -0.041586 -0.332402
0.415444 0.020222 -0.242400
0.349772 0.098375 -0.229562
0.299821 -0.013912 -0.238043
0.327028 -0.094251 -0.157420
0.312094 0.009738 -0.085512
0.236533 0.028966 -0.102774
0.217009 -0.116808 -0.091565
0.240590 -0.136285 0.003758
0.197637 -0.024793 0.044768
0.125727 -0.062205 0.012672
0.123496 -0.204303 0.050090
0.138101 -0.176032 0.147409
0.080822 -0.078253 0.161877
0.021616 -0.170120 0.138994
0.034877 -0.272867 0.213464
0.032443 -0.180206 0.293820
-0.038325 -0.122572 0.276325
-0.071136 -0.260893 0.285372
-0.051257 -0.281264 0.383423
-0.087313 -0.160829 0.419311
-0.158437 -0.206588 0.392570
-0.160364 -0.337805 0.446351
-0.149055 -0.273116 0.537983
-0.210619 -0.183137 0.537518
-0.263385 -0.294878 0.529535
-0.244089 -0.365877 0.613517
-0.254383 -0.253987 0.682997
-0.331034 -0.218910 0.655658
-0.368079 -0.369702 0.645613
-0.341405 -0.463904 0.719318
-0.345639 -0.581060 0.803865
-0.284253 -0.635167 0.871250
-0.255043 -0.704626 0.961318
-0.175526 -0.629552 0.971862
-0.118247 -0.535400 1.000000
-0.098875 -0.492672 0.904843
-0.166297 -0.422914 0.883257
-0.160795 -0.318974 0.957660
-0.094717 -0.254136 0.925763
-0.121163 -0.210116 0.834897
-0.181308 -0.123118 0.868223
-0.137594 -0.019128 0.919311
-0.084423 0.002832 0.828777
-0.101639 0.046356 0.735116
-0.053539 0.165400 0.725637
0.015657 0.094450 0.743930
0.010814 -0.022855 0.678807
-0.002143 0.053013 0.591000
0.062946 0.135639 0.593794
0.111832 0.015303 0.592962
0.087922 -0.041288 0.504191
0.102577 0.081135 0.446850
0.179178 0.091420 0.467405
0.199513 -0.049237 0.443923
0.176896 -0.040940 0.344376
0.227151 0.065782 0.316770
0.292519 -0.009887 0.343112
0.281083 -0.130024 0.284374
0.278041 -0.052169 0.196667
0.350584 0.000497 0.203685
0.391077 -0.128534 0.209506
0.364732 -0.188056 0.120036
0.392497 -0.071993 0.057906
0.469021 -0.094003 0.061631
0.536164 -0.148954 0.023116
0.601887 -0.255080 0.026741
0.651381 -0.176380 -0.048127
0.706657 -0.089432 -0.090168
0.674075 -0.064441 -0.180902
0.619560 0.038704 -0.143950
0.669511 0.140905 -0.111056
0.703437 0.157649 -0.200925
0.639591 0.209967 -0.252212
0.622577 0.330700 -0.190082
0.701434 0.395588 -0.196035
0.720121 0.413723 -0.296647
0.682113 0.544592 -0.309985
0.742942 0.626025 -0.252079
0.821342 0.540220 -0.285738
0.896370 0.539276 -0.324785
0.944268 0.404183 -0.279984
0.996349 0.287773 -0.265848
0.975633 0.128733 -0.222943
1.000000 -0.026035 -0.210570
0.953396 -0.148408 -0.169294
0.949111 -0.301486 -0.159050
0.888332 -0.397228 -0.138429
0.859072 -0.539574 -0.127054
0.785261 -0.589904 -0.137631
0.735791 -0.703036 -0.138562
0.660256 -0.761812 -0.150735
0.618621 -0.708352 -0.062330
0.566540 -0.589805 -0.076964
0.502009 -0.662096 -0.108561
0.486618 -0.742883 -0.022517
0.483347 -0.622845 0.044303
0.424217 -0.553684 -0.000632
0.373506 -0.669151 0.006153
0.374875 -0.679187 0.107829
0.350711 -0.540369 0.129981
0.282174 -0.545834 0.079991
0.252076 -0.667263 0.129382
0.257325 -0.609033 0.223608
0.214017 -0.482586 0.209971
0.146494 -0.574403 0.183762
0.134095 -0.668008 0.264052
0.108714 -0.569186 0.334830
0.044538 -0.519501 0.289530
0.011321 -0.654494 0.272933
0.001813 -0.696279 0.370119
-0.038706 -0.576986 0.400685
-0.098013 -0.600388 0.334730
-0.119997 -0.736771 0.367724
-0.133613 -0.705868 0.463148
-0.185948 -0.596015 0.447915
-0.238232 -0.682019 0.393534
-0.250910 -0.791176 0.462350
-0.275378 -0.697471 0.536520
-0.332683 -0.633825 0.483137
-0.372390 -0.760223 0.462150
-0.384713 -0.804889 0.556908
-0.421834 -0.678641 0.587807
-0.480432 -0.680777 0.519823
-0.508627 -0.818701 0.540611
-0.523841 -0.794654 0.638429
-0.570344 -0.672828 0.627752
-0.623439 -0.737666 0.565955
-0.645448 -0.842053 0.635003
-0.670601 -0.745218 0.707410
-0.725446 -0.679634 0.653562
-0.767790 -0.806181 0.631411
-0.785717 -0.843494 0.731557
-0.819288 -0.688677 0.753409
-0.880193 -0.666468 0.683995
-0.963640 -0.629155 0.677376
-0.959152 -0.508918 0.582785
-0.919520 -0.447906 0.497173
-0.857880 -0.379093 0.452072
-0.795023 -0.297958 0.478913
-0.732977 -0.212153 0.454567
-0.679856 -0.313261 0.489457
-0.685155 -0.420530 0.415552
-0.658329 -0.329706 0.339719
-0.588017 -0.305212 0.380762
-0.565653 -0.451731 0.383490
-0.571510 -0.481741 0.283709
-0.517958 -0.379490 0.255072
-0.459133 -0.442291 0.306492
-0.458778 -0.574353 0.258731
-0.445643 -0.521687 0.165336
-0.377943 -0.453421 0.185093
-0.339453 -0.579520 0.216025
-0.345817 -0.655537 0.127586
-0.310927 -0.558603 0.066587
-0.245002 -0.561733 0.117076
-0.225528 -0.705470 0.108328
-0.222207 -0.703781 0.006719
-0.166474 -0.599742 -0.003160
-0.111275 -0.677548 0.051620
-0.109221 -0.807473 -0.003825
-0.085209 -0.729219 -0.090667
-0.020678 -0.652854 -0.063261
0.033990 -0.758086 -0.034258
0.045983 -0.825260 -0.124127
0.065482 -0.701545 -0.175913
0.127071 -0.668902 -0.120169
0.166982 -0.797287 -0.138030
0.172256 -0.776817 -0.236945
0.206942 -0.639837 -0.244529
0.272133 -0.681522 -0.190215
0.296652 -0.810652 -0.247256
0.343865 -0.773737 -0.326349
0.406367 -0.854623 -0.289629
0.364910 -1.000000 -0.308688
0.312677 -0.944850 -0.397193
0.286687 -0.906047 -0.486496
0.230929 -0.813782 -0.543504
0.177580 -0.750733 -0.604969
0.126285 -0.643961 -0.629116
0.065152 -0.714115 -0.583250
0.090407 -0.700800 -0.486829
0.092258 -0.549362 -0.485099
0.017559 -0.522830 -0.505654
-0.010688 -0.598897 -0.425664
0.027296 -0.524072 -0.352059
-0.003461 -0.388682 -0.369886
-0.076512 -0.422765 -0.353589
-0.067510 -0.470214 -0.256768
-0.036221 -0.337507 -0.218453
-0.104986 -0.252049 -0.239839
-0.161150 -0.320366 -0.186989
-0.142310 -0.278382 -0.091233
-0.148675 -0.124956 -0.094392
-0.221497 -0.126894 -0.134305
-0.265794 -0.209520 -0.070678
-0.249464 -0.135788 0.016796
-0.289045 -0.008198 0.000067
-0.360802 -0.075471 0.003625
-0.355985 -0.126695 0.097851
-0.349696 0.013166 0.140158
-0.415318 0.072241 0.108262
-0.461668 -0.040493 0.153728
-0.431064 -0.039300 0.254507
-0.443742 0.120286 0.272467
-0.486035 0.245342 0.293222
-0.438645 0.347046 0.247090
-0.439456 0.287127 0.153329
-0.516462 0.283003 0.140225
-0.529749 0.431758 0.147276
-0.484412 0.472351 0.070611
-0.520190 0.389179 -0.001796
-0.591719 0.453868 0.008149
-0.565906 0.594227 -0.017262
-0.540069 0.561584 -0.110623
-0.607237 0.510310 -0.149172
-0.646234 0.639936 -0.135535
-0.601455 0.727133 -0.194539
-0.610406 0.650072 -0.281082
-0.687843 0.663636 -0.285705
-0.688452 0.817012 -0.289962
-0.644561 0.833060 -0.374443
-0.692027 0.752919 -0.436673
-0.755493 0.843792 -0.425231
-0.720958 0.972823 -0.466307
-0.704882 0.901575 -0.564758
-0.773318 0.910866 -0.607497
-0.825069 0.964674 -0.665735
-0.882982 1.000000 -0.716923
-0.933111 0.938789 -0.781015
-1.000000 0.947931 -0.833433
