1.000000 -0.168375 -0.877200
0.961664 -0.097297 -0.911251
0.909669 -0.002901 -0.909831
0.880166 0.101518 -0.916512
0.819238 0.175902 -0.923777
0.788113 0.292701 -0.909079
0.774813 0.403978 -0.893547
0.741485 0.501926 -0.934028
0.712022 0.591046 -0.961252
0.660928 0.681889 -0.980083
0.625417 0.774140 -0.996639
0.563167 0.851267 -1.000000
0.513575 0.929766 -0.992985
0.455450 0.978687 -0.977557
0.396725 0.979531 -0.927786
0.357108 1.000000 -0.879016
0.324601 0.997362 -0.823378
0.278253 0.925686 -0.800747
0.245466 0.869555 -0.759202
0.208612 0.790951 -0.738763
0.155716 0.738935 -0.740308
0.119343 0.656743 -0.734504
0.110670 0.545466 -0.737677
0.057914 0.488491 -0.744170
0.084733 0.371375 -0.751143
0.070032 0.272513 -0.735652
0.080106 0.171541 -0.755632
0.054709 0.081436 -0.769557
0.052907 -0.011131 -0.796781
0.024526 -0.087590 -0.827053
0.003535 -0.183744 -0.837366
0.007781 -0.274975 -0.874966
-0.062220 -0.270016 -0.873755
-0.122307 -0.258269 -0.881375
-0.180392 -0.250215 -0.863254
-0.240018 -0.247894 -0.870707
-0.291052 -0.184729 -0.880874
-0.314927 -0.196476 -0.818180
-0.285023 -0.135421 -0.775194
-0.312163 -0.039091 -0.785486
-0.372029 -0.064097 -0.776530
-0.366642 -0.111822 -0.718449
-0.342767 -0.029419 -0.686152
-0.386210 0.042714 -0.697906
-0.434180 -0.010463 -0.674022
-0.412067 -0.025234 -0.615274
-0.400671 0.077215 -0.598697
-0.457754 0.114636 -0.604793
-0.485073 0.046934 -0.564187
-0.450543 0.064343 -0.514186
-0.458214 0.169677 -0.506545
-0.519463 0.169782 -0.499593
-0.523749 0.095820 -0.450886
-0.485995 0.142772 -0.408756
-0.513314 0.235409 -0.399173
-0.569135 0.196265 -0.384079
-0.557238 0.115234 -0.341677
-0.521386 0.169712 -0.298065
-0.564488 0.242267 -0.284411
-0.604927 0.170661 -0.261571
-0.571158 0.138692 -0.212572
-0.564769 0.231575 -0.182634
-0.624075 0.257988 -0.177039
-0.642502 0.172103 -0.142654
-0.605608 0.190814 -0.090879
-0.621391 0.295866 -0.078269
-0.684883 0.285280 -0.073926
-0.689630 0.189337 -0.034155
-0.692334 0.138305 0.022506
-0.692694 0.035996 -0.005804
-0.633028 0.049818 -0.031587
-0.598538 0.065715 0.024719
-0.554574 -0.027978 0.028226
-0.506464 -0.090474 0.015971
-0.521747 -0.124413 -0.043258
-0.523509 -0.018552 -0.068999
-0.463101 0.007227 -0.067037
-0.448681 -0.057204 -0.116391
-0.479285 0.002585 -0.160630
-0.440389 0.085340 -0.156058
-0.390416 0.030228 -0.173720
-0.413049 -0.001002 -0.230903
-0.423905 0.097403 -0.255475
-0.362996 0.124343 -0.255057
-0.345631 0.047391 -0.296896
-0.381523 0.087063 -0.345393
-0.363597 0.190919 -0.350571
-0.304792 0.186206 -0.368296
-0.317490 0.150790 -0.429591
-0.351299 0.237343 -0.449654
-0.303530 0.317671 -0.440448
-0.248250 0.254401 -0.469676
-0.248230 0.168551 -0.509489
-0.292995 0.189829 -0.552621
-0.265335 0.273603 -0.579908
-0.213099 0.222291 -0.597716
-0.240479 0.150931 -0.636255
-0.262350 0.221939 -0.677008
-0.207811 0.256546 -0.695046
-0.185259 0.161271 -0.715923
-0.225617 0.153182 -0.764755
-0.212819 0.247683 -0.796781
-0.147243 0.222889 -0.798660
-0.118201 0.127649 -0.785862
-0.094848 0.177801 -0.717071
-0.064584 0.250145 -0.675860
-0.067207 0.365994 -0.657655
-0.045516 0.378444 -0.589073
0.001412 0.311657 -0.562705
0.017295 0.267519 -0.504144
-0.025407 0.308914 -0.465626
-0.072455 0.257847 -0.494624
-0.053327 0.156769 -0.485334
-0.052146 0.156805 -0.420552
-0.109389 0.193276 -0.410906
-0.139552 0.113300 -0.439738
-0.116799 0.033148 -0.403453
-0.136167 0.072116 -0.346249
-0.196655 0.073839 -0.358859
-0.200361 -0.030545 -0.367816
-0.180231 -0.064097 -0.310236
-0.224736 -0.018763 -0.275956
-0.270542 -0.076019 -0.301468
-0.250954 -0.178469 -0.290862
-0.235892 -0.174636 -0.228606
-0.288148 -0.129900 -0.208814
-0.324521 -0.213744 -0.225871
-0.302228 -0.288761 -0.187707
-0.312263 -0.234494 -0.132278
-0.373311 -0.226300 -0.139982
-0.385369 -0.331422 -0.142299
-0.361454 -0.353368 -0.084657
-0.399049 -0.288550 -0.050732
-0.450023 -0.339652 -0.068060
-0.436723 -0.437881 -0.044698
-0.428311 -0.405525 0.015783
-0.482730 -0.362231 0.025408
-0.514997 -0.453954 0.013215
-0.489079 -0.515712 0.057684
-0.504001 -0.455290 0.108562
-0.565470 -0.449945 0.099292
-0.578068 -0.562453 0.093113
-0.538671 -0.616157 0.136955
-0.535647 -0.519053 0.185432
-0.574503 -0.453813 0.216142
-0.544199 -0.449980 0.272720
-0.491803 -0.407389 0.247834
-0.514897 -0.320168 0.220485
-0.536087 -0.272548 0.275308
-0.477102 -0.269524 0.304119
-0.438025 -0.226476 0.252949
-0.465164 -0.144847 0.217729
-0.453087 -0.033218 0.196225
-0.444054 0.052878 0.158542
-0.379360 0.037649 0.153615
-0.372430 -0.044613 0.112508
-0.381563 0.003288 0.055826
-0.333514 0.070885 0.054698
-0.291332 -0.005363 0.062987
-0.301567 -0.060439 0.009332
-0.289289 0.020275 -0.030084
-0.231005 0.031881 -0.012881
-0.212718 -0.069161 -0.026848
-0.224115 -0.065011 -0.089334
-0.184538 0.016512 -0.102883
-0.134385 -0.031670 -0.080482
-0.137449 -0.118469 -0.118040
-0.134185 -0.064167 -0.172384
-0.079806 -0.021084 -0.165557
-0.048560 -0.112420 -0.156454
-0.060678 -0.157789 -0.214201
-0.030034 -0.071096 -0.248356
0.030955 -0.065644 -0.239003
0.053107 -0.132221 -0.283847
0.050243 -0.070427 -0.335748
0.104341 -0.014015 -0.323681
0.142717 -0.106195 -0.327397
0.122047 -0.147344 -0.385854
0.084132 -0.108094 -0.433015
0.017175 -0.123850 -0.442974
0.004316 -0.022983 -0.478319
-0.021441 -0.025621 -0.549490
-0.038826 -0.050416 -0.611036
-0.082490 -0.101940 -0.654648
-0.105884 -0.123006 -0.712917
-0.156497 -0.182795 -0.699994
-0.182274 -0.085304 -0.660348
-0.160703 0.014050 -0.644502
-0.124050 -0.000615 -0.580450
-0.105002 -0.005856 -0.517714
-0.079786 -0.109853 -0.480970
-0.058515 -0.213428 -0.472870
-0.013109 -0.293193 -0.484582
0.001412 -0.400777 -0.481492
0.065765 -0.382665 -0.497443
0.096610 -0.338949 -0.446982
0.071634 -0.434611 -0.402284
0.056212 -0.526861 -0.373599
0.051985 -0.487119 -0.314036
0.006139 -0.416744 -0.326813
-0.034220 -0.486521 -0.350446
-0.038606 -0.545747 -0.297647
-0.058555 -0.466510 -0.259588
-0.109749 -0.446041 -0.291509
-0.136167 -0.543602 -0.287939
-0.132803 -0.560413 -0.223366
-0.149887 -0.461410 -0.195787
-0.196214 -0.422477 -0.243491
-0.226939 -0.535583 -0.252907
-0.224335 -0.623261 -0.214952
-0.238255 -0.574692 -0.159252
-0.292975 -0.535091 -0.176016
-0.318512 -0.627024 -0.193303
-0.314406 -0.674152 -0.135076
-0.346352 -0.601948 -0.101088
-0.398107 -0.604621 -0.136036
-0.408903 -0.710025 -0.130232
-0.415232 -0.707809 -0.066870
-0.461980 -0.640565 -0.062444
-0.501798 -0.696450 -0.100044
-0.502739 -0.789438 -0.068394
-0.525933 -0.751877 -0.013132
-0.577888 -0.715969 -0.038936
-0.598818 -0.808606 -0.063258
-0.603305 -0.860868 -0.008184
-0.643944 -0.793624 0.019144
-0.688448 -0.803190 -0.024468
-0.695899 -0.910915 -0.017224
-0.709779 -0.909543 0.045826
-0.759431 -0.845464 0.041796
-0.792058 -0.910845 0.002067
-0.793861 -1.000000 0.041462
-0.819598 -0.943060 0.096349
-0.877022 -0.905499 0.082549
-0.915397 -0.857035 0.117957
-0.938671 -0.755464 0.126433
-0.896630 -0.733624 0.183094
-0.838406 -0.701725 0.166642
-0.792559 -0.623296 0.169210
-0.762095 -0.658748 0.111067
-0.779500 -0.590096 0.066536
-0.768925 -0.511843 0.029103
-0.785529 -0.435912 -0.007370
-0.789254 -0.400390 -0.066891
-0.740303 -0.332794 -0.059563
-0.694757 -0.408339 -0.051629
-0.702969 -0.457506 -0.107706
-0.691933 -0.369722 -0.143761
-0.635632 -0.350027 -0.122654
-0.612238 -0.444458 -0.140128
-0.624295 -0.439358 -0.202530
-0.589485 -0.353790 -0.213449
-0.534866 -0.398526 -0.195411
-0.537089 -0.479030 -0.237876
-0.536608 -0.418010 -0.290799
-0.482770 -0.373063 -0.280131
-0.451104 -0.465490 -0.282636
-0.465505 -0.497424 -0.341615
-0.442872 -0.410836 -0.371010
-0.386050 -0.422829 -0.351260
-0.375615 -0.519124 -0.377127
-0.385950 -0.490636 -0.438631
-0.343829 -0.411012 -0.444936
-0.290631 -0.470378 -0.417587
-0.276871 -0.563508 -0.446857
-0.243183 -0.534950 -0.496733
-0.197657 -0.484059 -0.463413
-0.182214 -0.572160 -0.426898
-0.167052 -0.636063 -0.476711
-0.122287 -0.573004 -0.497150
-0.089019 -0.570647 -0.443224
-0.079105 -0.678443 -0.441784
-0.049722 -0.689064 -0.497296
-0.005057 -0.617951 -0.481805
0.015893 -0.671901 -0.428568
0.034640 -0.766613 -0.458193
0.045516 -0.721666 -0.529176
0.064484 -0.650448 -0.573812
0.080226 -0.715863 -0.623625
0.018917 -0.758278 -0.629804
-0.024566 -0.675875 -0.615712
-0.015733 -0.589815 -0.653354
-0.030995 -0.642394 -0.709994
-0.090000 -0.682593 -0.692728
-0.125091 -0.592699 -0.693021
-0.165530 -0.527107 -0.720099
-0.191748 -0.431973 -0.728115
-0.248150 -0.464294 -0.710871
-0.234790 -0.484587 -0.649032
-0.217005 -0.384740 -0.634543
-0.269321 -0.334095 -0.649930
-0.307336 -0.390050 -0.612100
-0.280677 -0.359629 -0.557089
-0.293095 -0.252537 -0.565649
-0.353763 -0.257355 -0.568488
-0.360413 -0.295409 -0.508257
-0.331350 -0.213744 -0.477964
-0.369766 -0.135034 -0.498048
-0.423925 -0.175902 -0.477630
-0.421902 -0.164471 -0.413516
-0.440769 -0.063393 -0.399173
-0.503841 -0.085550 -0.416355
-0.527635 -0.167355 -0.379152
-0.545621 -0.121705 -0.325059
-0.595874 -0.071096 -0.347899
-0.625357 -0.158879 -0.366793
-0.630364 -0.207836 -0.310445
-0.664273 -0.131060 -0.282407
-0.712683 -0.133030 -0.324412
-0.724961 -0.244237 -0.318879
-0.720695 -0.268433 -0.249859
-0.740364 -0.167461 -0.217186
-0.783266 -0.103171 -0.190129
-0.743768 -0.023370 -0.173991
-0.725782 0.001635 -0.233115
-0.779721 0.020803 -0.259880
-0.792559 0.105703 -0.221174
-0.743448 0.166758 -0.236978
-0.753382 0.176464 -0.298607
-0.806479 0.227918 -0.291760
-0.785950 0.312466 -0.256957
-0.744990 0.349043 -0.299777
-0.782084 0.360402 -0.350801
-0.823424 0.425678 -0.321593
-0.783246 0.505794 -0.306603
-0.766682 0.525384 -0.369402
-0.824766 0.542125 -0.394455
-0.847018 0.595899 -0.331698
-0.845456 0.678337 -0.290027
-0.899354 0.655195 -0.259671
-0.874298 0.580073 -0.216831
-0.842532 0.643378 -0.176601
-0.892684 0.690576 -0.149126
-0.918442 0.599768 -0.121401
-0.871373 0.574059 -0.081150
-0.871874 0.669932 -0.049375
-0.931741 0.667927 -0.029249
-0.927214 0.573848 0.005553
-0.884793 0.612113 0.047934
-0.917701 0.699545 0.071588
-0.967373 0.640108 0.094094
-0.933964 0.575817 0.138187
-0.913474 0.665113 0.176789
-0.973482 0.711995 0.194075
-0.998698 0.617388 0.235412
-0.975144 0.631808 0.296770
-0.995834 0.639158 0.356751
-0.989525 0.618865 0.419654
-0.990707 0.569135 0.475584
-1.000000 0.554469 0.539615
-0.986681 0.523485 0.600054
-0.973622 0.465455 0.652143
-0.993791 0.415795 0.705338
-0.986100 0.364447 0.761185
-0.984738 0.259922 0.797010
-0.982495 0.217156 0.858160
-0.974283 0.092831 0.875551
-0.959461 0.010639 0.918119
-0.923108 -0.073980 0.951836
-0.951329 -0.154694 1.000000
-0.957298 -0.276452 0.996597
-0.911812 -0.382770 0.992108
