-0.011843 -1.000000 0.443897
0.008170 -0.929759 0.485589
0.005031 -0.861157 0.440994
-0.068363 -0.860337 0.433322
-0.087841 -0.842989 0.495085
-0.059837 -0.763650 0.498460
-0.101398 -0.727286 0.454924
-0.162526 -0.743815 0.481293
-0.150171 -0.703326 0.534030
-0.139130 -0.628509 0.508878
-0.202306 -0.619438 0.483451
-0.240194 -0.628112 0.534325
-0.213437 -0.561997 0.563754
-0.231668 -0.506195 0.520846
-0.300187 -0.520661 0.523298
-0.308312 -0.502493 0.584002
-0.285361 -0.422731 0.579097
-0.334313 -0.401256 0.538308
-0.390610 -0.419028 0.576017
-0.369218 -0.370261 0.623850
-0.366925 -0.298354 0.589829
-0.437826 -0.307028 0.570504
-0.469058 -0.317765 0.629363
-0.446351 -0.238241 0.653279
-0.480700 -0.192992 0.606682
-0.549041 -0.222109 0.625694
-0.547660 -0.198572 0.690989
-0.536174 -0.107861 0.677804
-0.596879 -0.097124 0.632129
-0.655314 -0.131213 0.672585
-0.646610 -0.067557 0.725009
-0.646610 0.010010 0.687614
-0.714438 -0.005170 0.654496
-0.755843 -0.010142 0.711825
-0.733583 0.067451 0.745551
-0.751302 0.128727 0.695266
-0.826789 0.102704 0.686378
-0.848359 0.108893 0.754753
-0.822270 0.198440 0.770390
-0.866435 0.251544 0.728992
-0.936000 0.231497 0.763641
-0.920351 0.251861 0.835076
-0.898780 0.344000 0.853460
-0.942968 0.426221 0.855304
-1.000000 0.443173 0.893308
-0.979832 0.509924 0.944201
-0.955145 0.594631 0.969942
-0.925916 0.671881 0.991406
-0.877566 0.746697 1.000000
-0.822960 0.814876 0.988346
-0.778794 0.882235 0.961369
-0.740884 0.927273 0.906806
-0.718957 0.973554 0.859601
-0.688015 0.997514 0.790010
-0.646610 0.996694 0.726540
-0.607653 1.000000 0.676274
-0.532701 0.977256 0.648983
-0.482971 0.907015 0.621083
-0.436779 0.862797 0.587985
-0.402008 0.776450 0.580627
-0.382975 0.688833 0.585827
-0.377321 0.590083 0.581844
-0.358755 0.511775 0.555494
-0.350096 0.439656 0.545979
-0.294689 0.389038 0.555789
-0.248186 0.338208 0.530342
-0.199145 0.275504 0.541682
-0.136882 0.252893 0.511036
-0.083656 0.191378 0.503365
-0.016362 0.163425 0.484353
0.017030 0.086466 0.464125
0.070611 0.034393 0.446350
0.084168 -0.043385 0.422276
0.129024 -0.105587 0.405737
0.123125 -0.162605 0.354843
0.160678 -0.204126 0.311228
0.128334 -0.134307 0.266868
0.112328 -0.047828 0.289156
0.077200 0.014982 0.314603
0.013045 0.026645 0.346250
-0.041583 0.079167 0.366026
-0.088019 0.086783 0.416920
-0.153488 0.119735 0.436540
-0.189061 0.136264 0.492633
-0.258381 0.154565 0.516549
-0.303014 0.179002 0.566521
-0.383042 0.203808 0.559163
-0.454877 0.217772 0.519002
-0.517742 0.216582 0.479154
-0.526958 0.214413 0.405737
-0.498798 0.201243 0.345347
-0.438783 0.164271 0.305951
-0.427563 0.120476 0.253056
-0.361783 0.099160 0.215543
-0.323739 0.040899 0.183170
-0.263167 0.025613 0.145186
-0.184876 0.071735 0.127509
-0.175304 0.098155 0.198356
-0.257313 0.117911 0.211364
-0.327189 0.150466 0.212168
-0.324273 0.220602 0.263945
-0.333667 0.296159 0.234358
-0.401051 0.304331 0.245698
-0.391568 0.385521 0.288312
-0.382530 0.479960 0.272303
-0.415654 0.538010 0.235280
-0.465563 0.591326 0.234751
-0.440697 0.595028 0.165905
-0.441142 0.574797 0.106104
-0.379925 0.625203 0.096608
-0.336873 0.578922 0.133885
-0.345443 0.508046 0.102553
-0.322448 0.537190 0.047284
-0.262455 0.570645 0.068669
-0.237968 0.493369 0.089937
-0.245448 0.455365 0.038160
-0.203842 0.508046 0.006141
-0.146432 0.501435 0.045596
-0.142959 0.417362 0.039396
-0.135746 0.420641 -0.022994
-0.077045 0.474380 -0.021621
-0.038266 0.426645 0.018619
-0.042451 0.361349 -0.019934
-0.016006 0.404139 -0.069120
0.042941 0.429527 -0.032961
0.059815 0.349792 -0.015166
0.061039 0.326969 -0.076792
0.111304 0.387583 -0.093508
0.164507 0.359921 -0.041535
0.156160 0.277382 -0.054406
0.197208 0.280370 -0.108223
0.256689 0.308165 -0.068061
0.249032 0.249693 -0.011340
0.270246 0.172152 -0.011497
0.322782 0.166043 0.043065
0.303304 0.154883 0.110440
0.279996 0.125078 0.169319
0.247651 0.124099 0.227315
0.229553 0.137190 0.286625
0.269200 0.172998 0.341502
0.277214 0.201349 0.406502
0.318241 0.277778 0.436697
0.348159 0.333659 0.467814
0.411113 0.405567 0.480998
0.470593 0.460522 0.480684
0.540849 0.476655 0.457239
0.595120 0.490089 0.407561
0.636859 0.515689 0.358375
0.689039 0.535524 0.337833
0.745381 0.473137 0.313995
0.795468 0.422307 0.296298
0.823984 0.334506 0.270086
0.874761 0.283041 0.251918
0.894951 0.197884 0.219604
0.926940 0.142109 0.169691
0.949913 0.112331 0.103926
0.970082 0.131451 0.034570
0.997195 0.180059 -0.017932
1.000000 0.247524 -0.064843
0.994435 0.308879 -0.107457
0.974244 0.380575 -0.157272
0.940163 0.435319 -0.210599
0.923467 0.504529 -0.244011
0.921375 0.534281 -0.314230
0.914429 0.595028 -0.360199
0.933908 0.600820 -0.431635
0.947108 0.597937 -0.500912
0.949913 0.557421 -0.567129
0.955478 0.534493 -0.624772
0.970772 0.475623 -0.687300
0.981902 0.411570 -0.735741
0.983995 0.326863 -0.773137
0.974934 0.251755 -0.813612
0.940853 0.169825 -0.835076
0.907462 0.116800 -0.877376
0.843462 0.057640 -0.892699
0.781555 0.035160 -0.931331
0.709207 0.021170 -0.953403
0.629892 0.046215 -0.962605
0.570767 0.093924 -0.984049
0.509550 0.166228 -1.000000
0.453208 0.242658 -0.985893
0.412159 0.313534 -0.989562
0.347113 0.362195 -0.977320
0.277214 0.385124 -0.945418
0.232336 0.406387 -0.884126
0.191287 0.432833 -0.843042
0.172521 0.381818 -0.782338
0.152687 0.367140 -0.729600
0.191643 0.300707 -0.685456
0.217043 0.277170 -0.627224
0.256333 0.265296 -0.583080
0.296692 0.205580 -0.561008
0.311295 0.163134 -0.513175
0.356507 0.115293 -0.490494
0.378078 0.040529 -0.481292
0.382263 -0.013131 -0.437148
0.420863 -0.058380 -0.408032
0.418080 -0.119418 -0.370637
0.438605 -0.153111 -0.325570
0.449045 -0.227293 -0.303498
0.400338 -0.206003 -0.259354
0.341904 -0.213012 -0.297357
0.349205 -0.294625 -0.311464
0.343306 -0.316126 -0.250466
0.279284 -0.282036 -0.243109
0.250768 -0.328106 -0.288156
0.264681 -0.403319 -0.264259
0.232336 -0.388033 -0.208460
0.170073 -0.368595 -0.232671
0.163817 -0.442988 -0.264867
0.170785 -0.492152 -0.210913
0.112684 -0.452906 -0.179953
0.065914 -0.475623 -0.229924
0.046948 -0.557448 -0.215209
-0.032701 -0.568185 -0.205085
-0.066627 -0.489269 -0.173203
-0.074618 -0.409084 -0.210913
-0.110191 -0.366955 -0.253213
-0.107831 -0.291319 -0.207852
-0.035306 -0.278731 -0.194667
-0.008526 -0.269422 -0.254743
-0.046258 -0.198757 -0.271616
-0.022105 -0.152079 -0.224391
0.047638 -0.159722 -0.241872
0.038244 -0.134096 -0.301340
0.009728 -0.055788 -0.282642
0.071635 -0.033679 -0.249230
0.116157 -0.041428 -0.300124
0.077913 0.017256 -0.337833
0.081742 0.088582 -0.294905
0.161391 0.092046 -0.301340
0.160345 0.109421 -0.372776
0.145029 0.207326 -0.357453
