0.004541 -1.000000 0.638669
0.061596 -0.964140 0.623433
0.102643 -0.895680 0.638669
0.137866 -0.824768 0.653580
0.177238 -0.751431 0.647143
0.213406 -0.678903 0.619358
0.244711 -0.612059 0.582449
0.267113 -0.557448 0.522849
0.275180 -0.523231 0.455814
0.248469 -0.502862 0.382321
0.234970 -0.486562 0.312556
0.203540 -0.534654 0.259392
0.186142 -0.465777 0.208439
0.236359 -0.442956 0.160347
0.248201 -0.495534 0.100833
0.208954 -0.453962 0.049252
0.232192 -0.369593 0.048623
0.290477 -0.384694 0.032650
0.277833 -0.421362 -0.033951
0.246795 -0.352094 -0.057986
0.291456 -0.292579 -0.053001
0.328335 -0.338219 -0.097951
0.291741 -0.347191 -0.154084
0.282837 -0.261205 -0.154582
0.338058 -0.242453 -0.168475
0.338058 -0.289319 -0.234685
0.293272 -0.240419 -0.265656
0.310100 -0.159727 -0.285638
0.316226 -0.202942 -0.362339
0.316921 -0.261205 -0.405013
0.345021 -0.241253 -0.463270
0.366443 -0.272210 -0.523195
0.364770 -0.210688 -0.568925
0.417088 -0.182573 -0.556052
0.440452 -0.256328 -0.584833
0.422092 -0.251842 -0.655270
0.414862 -0.238385 -0.720961
0.382310 -0.224927 -0.771091
0.374243 -0.306036 -0.781233
0.350595 -0.320693 -0.720961
0.307874 -0.267725 -0.727745
0.287983 -0.299934 -0.785980
0.280469 -0.374496 -0.759561
0.246670 -0.357779 -0.708781
0.208402 -0.309687 -0.754836
0.206033 -0.304810 -0.821198
0.238870 -0.235933 -0.850999
0.258619 -0.173993 -0.890964
0.290619 -0.107984 -0.902472
0.245833 -0.083130 -0.953945
0.191983 -0.112053 -0.935675
0.172858 -0.151590 -0.882836
0.117565 -0.177253 -0.886217
0.064089 -0.196422 -0.899091
0.012216 -0.196422 -0.885545
0.012857 -0.273019 -0.864544
0.047778 -0.260813 -0.811055
0.019036 -0.204168 -0.779890
-0.026302 -0.253876 -0.772434
-0.001015 -0.308879 -0.737888
0.015724 -0.261205 -0.687108
-0.033603 -0.235933 -0.672869
-0.054598 -0.310913 -0.659345
-0.015546 -0.332116 -0.611578
-0.003472 -0.252650 -0.574344
-0.024521 -0.176053 -0.586524
-0.004701 -0.098622 -0.567907
0.025963 -0.036890 -0.540469
0.005182 -0.049304 -0.465632
-0.005396 -0.053581 -0.402651
-0.034956 -0.075384 -0.350506
-0.068595 -0.053790 -0.304429
-0.093774 -0.063570 -0.249076
-0.138151 -0.070899 -0.211994
-0.192535 -0.044819 -0.196931
-0.239992 -0.027919 -0.170685
-0.292150 -0.013653 -0.174738
-0.334443 0.031987 -0.151721
-0.356703 -0.026902 -0.114639
-0.313021 -0.034021 -0.072052
-0.319432 0.041767 -0.047583
-0.369221 0.029144 -0.027601
-0.358929 -0.032613 0.014423
-0.326929 0.005698 0.054627
-0.368954 0.057050 0.075693
-0.404569 -0.002647 0.097517
-0.361155 -0.049722 0.132064
-0.341406 -0.020590 0.190993
-0.346962 -0.018139 0.256012
-0.397892 0.028936 0.254494
-0.429322 -0.014253 0.210715
-0.437389 -0.077419 0.249228
-0.467733 -0.041976 0.295456
-0.507515 -0.020382 0.252956
-0.522811 -0.090459 0.233320
-0.537004 -0.114504 0.290883
-0.574845 -0.058876 0.299856
-0.606008 -0.078644 0.248231
-0.617138 -0.152399 0.266848
-0.640519 -0.136099 0.324411
-0.683364 -0.094527 0.298339
-0.704502 -0.154433 0.264486
-0.711749 -0.201716 0.316111
-0.743465 -0.154433 0.351004
-0.783532 -0.151173 0.306813
-0.795783 -0.226153 0.302240
-0.813021 -0.230248 0.366565
-0.850862 -0.171959 0.364376
-0.880921 -0.203750 0.317476
-0.890929 -0.273853 0.356921
-0.908736 -0.234733 0.421939
-0.938796 -0.158528 0.400440
-0.977741 -0.099013 0.379612
-0.923214 -0.038716 0.388585
-0.874795 -0.014879 0.370986
-0.833054 0.033630 0.365048
-0.797439 0.077027 0.325603
-0.747365 0.069490 0.353540
-0.726209 0.008567 0.312730
-0.732887 0.050530 0.256683
-0.702846 0.113070 0.270749
-0.657205 0.073559 0.282583
-0.651079 0.039942 0.221898
-0.646075 0.110827 0.189541
-0.604904 0.142332 0.220706
-0.568167 0.084565 0.207507
-0.570945 0.094345 0.141123
-0.556486 0.170237 0.136724
-0.507230 0.164526 0.162211
-0.485255 0.117165 0.117131
-0.493607 0.166169 0.064531
-0.469389 0.232986 0.083928
-0.420418 0.201090 0.095025
-0.413188 0.170237 0.032542
-0.415966 0.239923 -0.000769
-0.376469 0.278365 0.029031
-0.335565 0.224745 0.015355
-0.340854 0.226779 -0.051571
-0.334443 0.301003 -0.064596
-0.282980 0.305228 -0.041818
-0.261824 0.246495 -0.080266
-0.274913 0.276018 -0.142575
-0.247080 0.345208 -0.143746
-0.196435 0.310470 -0.139021
-0.198661 0.262639 -0.196238
-0.207155 0.321580 -0.245522
-0.157347 0.357466 -0.241621
-0.127431 0.289475 -0.262448
-0.152201 0.276644 -0.322049
-0.136335 0.348755 -0.351502
-0.080205 0.330890 -0.350831
-0.079030 0.261048 -0.391814
-0.096125 0.305880 -0.452087
-0.047795 0.355823 -0.469707
-0.021494 0.293361 -0.529307
-0.008548 0.256119 -0.584833
0.032160 0.212826 -0.625123
0.065265 0.199682 -0.687108
0.095822 0.148643 -0.741290
0.133343 0.112470 -0.789382
0.131544 0.043410 -0.838818
0.143992 -0.028127 -0.880127
0.111582 -0.070507 -0.935675
0.133200 -0.079870 -0.996619
0.154979 -0.003247 -1.000000
0.120610 0.051547 -0.953945
0.098707 0.114504 -0.915346
0.065247 0.120816 -0.849655
0.026070 0.138342 -0.799525
0.014727 0.110645 -0.729782
0.008904 0.090067 -0.669488
0.031199 0.055224 -0.620399
-0.004808 -0.009584 -0.629870
0.023007 -0.038716 -0.689123
0.071675 -0.074967 -0.665435
0.109481 -0.147913 -0.673562
0.147892 -0.199682 -0.689123
0.173695 -0.160953 -0.748052
0.178075 -0.083547 -0.758889
0.192410 -0.008359 -0.783271
0.213975 0.070507 -0.757545
0.216201 0.156389 -0.752127
0.248326 0.225658 -0.723670
0.246795 0.311513 -0.701325
0.239992 0.376426 -0.672197
0.189615 0.360152 -0.632254
0.182118 0.276853 -0.612271
0.165343 0.203750 -0.587542
0.164933 0.125093 -0.575687
0.133485 0.054807 -0.579415
0.187531 -0.001421 -0.560798
0.231213 -0.047870 -0.571635
0.284511 -0.042184 -0.609215
0.322210 -0.050947 -0.661360
0.359214 -0.024033 -0.704034
0.377573 -0.010184 -0.773128
0.376184 0.084565 -0.770397
0.404837 0.166065 -0.760254
0.405958 0.256719 -0.750761
0.403180 0.285094 -0.692526
0.378125 0.245922 -0.636978
0.345021 0.266499 -0.574344
0.324436 0.246678 -0.506616
0.295071 0.244592 -0.448034
0.306076 0.209358 -0.381650
0.287841 0.243575 -0.330523
0.252226 0.181634 -0.317996
0.298971 0.124493 -0.308850
0.345573 0.175427 -0.283775
0.354210 0.253876 -0.271248
0.370610 0.295448 -0.329158
0.376736 0.363960 -0.366413
0.394829 0.317746 -0.426686
0.395381 0.282460 -0.483924
0.407347 0.216373 -0.525580
0.426544 0.170029 -0.576359
0.420988 0.121442 -0.637672
0.434344 0.030970 -0.663398
0.449640 -0.042576 -0.682362
0.479699 -0.057859 -0.618686
0.502778 -0.081487 -0.561470
0.521155 -0.049930 -0.491705
0.488870 -0.111244 -0.441250
0.459381 -0.152816 -0.395867
0.418477 -0.089650 -0.395867
0.373406 -0.051965 -0.419924
0.390662 0.025050 -0.393505
0.442678 0.022833 -0.435832
0.428770 0.013236 -0.504578
0.418762 0.035247 -0.573325
0.376184 -0.020981 -0.589905
0.331950 0.021399 -0.544868
0.272259 0.040959 -0.530998
0.223431 0.064170 -0.495086
0.176401 0.090250 -0.475450
0.179322 0.178792 -0.469360
0.219389 0.217807 -0.509650
0.251531 0.276540 -0.545562
0.273239 0.321423 -0.593979
0.308854 0.384198 -0.605163
0.341958 0.342209 -0.666107
0.329439 0.297117 -0.725036
0.328887 0.210870 -0.751455
0.300360 0.127544 -0.749418
0.299113 0.038507 -0.751455
0.262946 -0.030553 -0.722998
0.241381 -0.094136 -0.684399
0.210485 -0.136099 -0.644434
0.210628 -0.178896 -0.578743
0.161799 -0.134064 -0.546234
0.102714 -0.128353 -0.515068
0.082876 -0.111662 -0.453452
0.107896 -0.165856 -0.409413
0.160125 -0.167473 -0.441250
0.183364 -0.096979 -0.418212
0.201581 -0.048079 -0.372178
0.150118 -0.025050 -0.363358
0.128268 -0.097813 -0.347103
0.158184 -0.107984 -0.290558
0.141143 -0.043801 -0.260931
0.089216 -0.066230 -0.262795
0.095021 -0.134064 -0.227902
0.115126 -0.097396 -0.174911
0.069770 -0.053373 -0.167456
0.031288 -0.115313 -0.165419
0.052230 -0.156884 -0.110391
0.038019 -0.091684 -0.064336
0.008583 -0.061536 -0.013925
-0.014157 -0.011201 0.026604
-0.020977 0.018530 0.086096
-0.044875 0.058276 0.137656
-0.052034 0.117764 0.180416
-0.065870 0.144157 0.238565
-0.120610 0.150364 0.227317
-0.130921 0.074576 0.214616
-0.119506 0.049096 0.273957
-0.153732 0.094553 0.307831
-0.199355 0.073559 0.284295
-0.195188 -0.002047 0.300701
-0.190879 0.009376 0.362686
-0.236644 0.048079 0.370813
-0.270176 -0.007733 0.351329
-0.257657 -0.059710 0.397059
-0.271280 -0.017930 0.450049
-0.322477 -0.000404 0.437176
-0.338343 -0.072542 0.429720
-0.329439 -0.094527 0.490014
-0.362829 -0.040959 0.518796
-0.407899 -0.060310 0.490686
-0.410410 -0.134873 0.512359
-0.407347 -0.121024 0.575687
-0.450477 -0.073350 0.582124
-0.486644 -0.122250 0.555358
-0.481908 -0.182156 0.600069
-0.490544 -0.143844 0.655270
-0.539782 -0.120607 0.637325
-0.560937 -0.189902 0.632579
-0.555381 -0.212722 0.694888
-0.579297 -0.154042 0.723670
-0.628268 -0.166247 0.698269
-0.636067 -0.236768 0.727398
-0.632168 -0.212722 0.790726
-0.672787 -0.154850 0.787324
-0.717305 -0.174410 0.737562
-0.715649 -0.176445 0.667451
-0.718427 -0.200073 0.601760
-0.695598 -0.216373 0.546906
-0.707850 -0.140584 0.522177
-0.676686 -0.101047 0.566888
-0.629390 -0.135708 0.548249
-0.628820 -0.105950 0.485615
-0.626612 -0.027919 0.502541
-0.578745 -0.034021 0.535397
-0.550360 -0.054807 0.484921
-0.558159 0.009976 0.447687
-0.540904 0.065187 0.492377
-0.488870 0.036264 0.495432
-0.477189 0.041976 0.431432
-0.486644 0.121650 0.423630
-0.451029 0.148852 0.471375
-0.402611 0.113905 0.437869
-0.403180 0.155763 0.374692
-0.382862 0.205576 0.328486
-0.402896 0.244096 0.269557
-0.352251 0.296621 0.263467
-0.307465 0.256458 0.244503
-0.314143 0.252442 0.177794
-0.317758 0.331177 0.169905
-0.269891 0.353059 0.197755
-0.237481 0.314617 0.156446
-0.253757 0.349981 0.102069
-0.241791 0.424048 0.117803
-0.189348 0.417737 0.130634
-0.174870 0.392048 0.070296
-0.194903 0.453910 0.036031
-0.168335 0.512851 0.060933
-0.118669 0.484528 0.046846
-0.123816 0.483094 -0.016764
-0.130636 0.562351 -0.023504
-0.083411 0.583345 0.000683
-0.053138 0.544721 -0.042837
-0.068648 0.583945 -0.094483
-0.047795 0.655274 -0.074089
0.005289 0.615319 -0.074674
0.013267 0.550432 -0.115311
-0.019517 0.475765 -0.097192
-0.036523 0.398803 -0.108961
-0.075326 0.329613 -0.094483
-0.091121 0.247721 -0.094136
-0.097033 0.250720 -0.019213
-0.117975 0.271845 0.039477
-0.076092 0.231160 0.071705
-0.033211 0.285303 0.060868
-0.043344 0.341088 0.106533
-0.026961 0.294274 0.158483
0.023506 0.275940 0.144894
0.040672 0.350659 0.149836
0.036274 0.358327 0.218669
0.073670 0.286789 0.229094
0.125134 0.299594 0.214703
0.182242 0.272967 0.223502
0.195598 0.266056 0.147062
0.228150 0.289162 0.086031
0.241506 0.273071 0.019972
0.279489 0.310757 -0.028619
0.301749 0.345208 -0.085922
0.331380 0.396091 -0.123937
0.293682 0.402480 -0.179658
0.252083 0.457926 -0.163056
0.262109 0.471071 -0.088133
0.315247 0.518354 -0.085511
0.319147 0.552988 -0.156793
0.318025 0.580894 -0.223676
0.341691 0.546572 -0.271421
0.397607 0.595368 -0.275496
0.451581 0.618579 -0.299704
0.507230 0.654857 -0.278205
0.554812 0.692960 -0.263966
0.594042 0.699688 -0.208613
0.648871 0.662811 -0.236723
0.711197 0.663828 -0.250593
0.764620 0.630811 -0.275496
0.818043 0.685631 -0.285487
0.865891 0.681537 -0.251612
0.846410 0.656083 -0.191340
0.787983 0.691525 -0.187438
0.735665 0.723917 -0.169667
0.686694 0.760403 -0.194222
0.636619 0.801557 -0.204040
0.581808 0.799105 -0.236029
0.533122 0.843129 -0.254820
0.482192 0.808077 -0.282257
0.439900 0.856977 -0.251785
0.407899 0.921760 -0.247711
0.454644 0.958428 -0.206901
0.503615 0.997966 -0.214703
0.548419 0.986569 -0.165592
0.608804 0.975146 -0.173394
0.656653 0.951100 -0.224347
0.710076 0.966174 -0.257030
0.744569 0.930314 -0.301048
0.775180 0.929506 -0.355924
0.765724 0.925020 -0.422286
0.825273 0.922177 -0.437869
0.838058 0.842711 -0.436179
0.849206 0.773443 -0.464288
0.813021 0.732680 -0.422958
0.766276 0.766923 -0.447340
0.770728 0.751431 -0.509650
0.768502 0.672591 -0.497795
0.718427 0.671757 -0.468341
0.690042 0.707017 -0.518124
0.702846 0.651597 -0.565198
0.680034 0.589865 -0.532688
0.629942 0.618997 -0.523195
0.619916 0.635714 -0.590598
0.634393 0.561934 -0.621070
0.603782 0.513138 -0.573650
0.546193 0.539635 -0.591270
0.486929 0.527821 -0.603797
0.462159 0.600662 -0.593307
0.413473 0.657699 -0.611253
0.374795 0.708842 -0.626835
0.327498 0.732288 -0.652561
0.298561 0.785257 -0.691161
0.286737 0.864306 -0.656614
0.333606 0.894063 -0.609215
0.354762 0.970269 -0.613615
0.323314 1.000000 -0.553668
0.351414 0.949483 -0.500851
0.387599 0.918917 -0.463270
0.415414 0.852491 -0.453777
0.379247 0.829254 -0.402304
0.331113 0.823151 -0.450721
0.341691 0.763454 -0.495432
0.340284 0.693977 -0.530998
0.361440 0.608200 -0.541487
0.387599 0.544929 -0.572653
0.406226 0.492352 -0.509325
0.428218 0.487266 -0.445303
0.446292 0.521796 -0.389777
0.499163 0.525265 -0.413140
0.488870 0.571322 -0.468688
0.466896 0.631020 -0.436851
0.510293 0.650162 -0.401285
0.543967 0.665028 -0.453452
0.514478 0.720057 -0.483577
0.513641 0.772217 -0.434813
0.567900 0.779154 -0.428376
0.581256 0.802365 -0.491380
0.547582 0.866340 -0.496451
0.571782 0.903843 -0.443959
0.627716 0.899357 -0.468688
0.627164 0.900166 -0.547252
0.574845 0.896097 -0.584487
0.564837 0.843520 -0.635635
0.559548 0.767131 -0.655942
0.555649 0.786483 -0.720289
0.607682 0.810529 -0.729088
0.632168 0.742877 -0.711490
0.611582 0.695802 -0.759561
0.632168 0.737791 -0.812399
0.686142 0.728820 -0.795473
0.675012 0.640382 -0.778546
0.664435 0.572340 -0.807653
0.651079 0.493291 -0.809690
0.670561 0.409783 -0.822564
0.659431 0.367090 -0.751455
0.629390 0.306219 -0.700654
0.613808 0.281730 -0.634269
0.577908 0.266812 -0.585505
0.556770 0.239402 -0.529307
0.561222 0.164213 -0.484596
0.564285 0.107593 -0.435160
0.615464 0.087407 -0.459867
0.643849 0.162987 -0.457852
0.629942 0.238280 -0.434813
0.640519 0.283764 -0.507288
0.656101 0.345991 -0.557070
0.672787 0.366985 -0.632254
0.700050 0.430360 -0.678287
0.715079 0.474122 -0.741962
0.742913 0.549911 -0.769725
0.760168 0.622857 -0.793435
0.787983 0.693560 -0.795473
0.796887 0.776703 -0.806309
0.849758 0.765697 -0.838818
0.878125 0.770574 -0.893673
0.923766 0.736148 -0.849655
0.888151 0.661377 -0.831363
0.882577 0.581911 -0.851670
0.853658 0.549519 -0.793435
0.821925 0.508365 -0.743306
0.783532 0.499707 -0.687108
0.772402 0.458135 -0.625123
0.724553 0.440114 -0.579415
0.706746 0.420032 -0.506941
0.660553 0.382425 -0.459867
0.656653 0.341349 -0.386396
0.683364 0.309453 -0.337285
0.729005 0.314147 -0.303757
0.746812 0.239011 -0.317996
0.750142 0.248478 -0.386049
0.784084 0.310157 -0.388086
0.826377 0.276905 -0.356596
0.837506 0.215565 -0.400613
0.850862 0.274505 -0.452087
0.897055 0.318476 -0.418559
0.951599 0.363569 -0.416868
0.927666 0.451771 -0.408741
0.920436 0.541252 -0.387415
0.905958 0.621631 -0.380631
0.940452 0.696011 -0.360323
0.940452 0.760611 -0.396886
0.952703 0.718023 -0.455814
0.978310 0.637540 -0.434141
0.997774 0.556248 -0.432104
1.000000 0.488388 -0.381650
0.999448 0.422014 -0.341013
0.979967 0.372436 -0.294286
0.984970 0.363595 -0.223155
0.967163 0.351181 -0.160694
0.947699 0.428691 -0.155948
0.907080 0.420736 -0.203866
0.879799 0.361613 -0.172701
0.869791 0.405401 -0.119364
0.842510 0.464238 -0.149012
0.802443 0.415598 -0.170685
0.785206 0.386963 -0.113945
0.772402 0.458448 -0.090755
0.736787 0.476678 -0.138176
0.703950 0.415103 -0.130720
0.691146 0.430516 -0.067045
0.674460 0.505209 -0.075259
0.633841 0.487266 -0.120209
0.609908 0.432759 -0.081436
0.599900 0.484632 -0.029031
0.560652 0.524665 -0.070946
0.533122 0.485128 -0.122420
0.561489 0.471983 -0.185228
0.579582 0.461499 -0.246692
0.627164 0.433672 -0.287849
0.668887 0.455892 -0.341685
0.709524 0.446060 -0.392833
0.756820 0.479129 -0.436851
0.785206 0.470471 -0.508631
0.834176 0.475244 -0.559086
0.857540 0.471592 -0.634269
0.892051 0.468723 -0.689817
0.905406 0.441783 -0.753470
0.940452 0.436332 -0.802906
0.953807 0.437454 -0.866581
0.973289 0.361117 -0.872672
0.918762 0.329326 -0.858454
0.882577 0.403263 -0.882164
0.858662 0.446634 -0.934309
0.819699 0.477486 -0.969528
0.784084 0.403576 -0.976290
0.776302 0.341975 -0.934309
0.745139 0.277192 -0.914002
0.713406 0.252442 -0.861163
0.695598 0.187346 -0.820526
0.657775 0.153729 -0.774471
0.674460 0.071916 -0.785980
0.735665 0.097187 -0.787345
0.772402 0.138133 -0.758217
0.815247 0.193970 -0.781927
0.826946 0.223415 -0.708781
0.838628 0.241853 -0.641053
0.831398 0.228292 -0.566541
0.890929 0.252911 -0.550980
0.904837 0.333029 -0.526576
0.878695 0.394030 -0.492377
0.859214 0.464864 -0.458523
0.840302 0.508261 -0.405360
0.805239 0.573148 -0.380284
0.749590 0.544616 -0.339669
0.693390 0.566419 -0.304104
0.633841 0.559299 -0.291230
0.585138 0.577634 -0.252631
0.527833 0.558987 -0.231803
0.472452 0.579068 -0.207919
0.423766 0.575600 -0.164920
0.391766 0.618371 -0.130200
0.354210 0.636522 -0.086941
0.314552 0.675434 -0.057054
0.292293 0.726994 -0.014098
0.258761 0.668914 0.020860
0.290067 0.610234 0.053153
0.301054 0.645077 0.110478
0.249448 0.653031 0.128856
0.235807 0.573956 0.125497
0.272544 0.548998 0.169146
0.253615 0.593125 0.219948
0.204377 0.557474 0.223502
0.222879 0.483198 0.233992
0.247917 0.498377 0.290710
0.208687 0.526699 0.325777
0.180996 0.452163 0.315785
0.209523 0.379686 0.299531
0.230946 0.368446 0.233992
0.258619 0.329821 0.183125
0.297991 0.332221 0.127838
0.314143 0.286163 0.067825
0.348921 0.263395 0.015160
0.345573 0.228500 -0.055364
0.392051 0.209358 -0.106512
0.432118 0.207115 -0.159502
0.481640 0.239819 -0.130200
0.521707 0.251633 -0.091861
0.538678 0.273175 -0.030895
0.554545 0.348234 -0.046824
0.503348 0.373192 -0.064336
0.476352 0.356136 -0.010587
0.503900 0.405766 0.028554
0.492485 0.474644 -0.001485
0.438796 0.470471 0.003435
0.436837 0.465672 0.068151
0.458259 0.540339 0.076711
0.421255 0.584154 0.039282
0.373673 0.556039 0.076235
0.378125 0.513972 0.138956
0.392051 0.436228 0.150854
0.442126 0.477695 0.176862
0.467733 0.527508 0.220446
0.507515 0.574374 0.247039
0.529489 0.496134 0.289713
0.526426 0.419067 0.254819
0.555097 0.343957 0.244828
0.573189 0.274949 0.220208
0.609908 0.221485 0.215201
0.641071 0.271245 0.176862
0.650527 0.327500 0.224607
0.675582 0.277713 0.269037
0.714527 0.253198 0.228747
0.734561 0.326040 0.216632
0.745139 0.346330 0.280740
0.770728 0.272054 0.300874
0.789657 0.215069 0.263294
0.750694 0.146087 0.251265
0.715079 0.091893 0.231890
0.661105 0.074784 0.230611
0.669457 0.017122 0.282257
0.676134 0.079453 0.336440
0.621590 0.112887 0.340666
0.574008 0.129579 0.366912
0.521707 0.141810 0.353540
0.517808 0.201716 0.404168
0.544234 0.262430 0.366912
0.499448 0.262170 0.314420
0.455766 0.297378 0.283276
0.481908 0.265951 0.214703
0.474963 0.220468 0.146368
0.493607 0.168594 0.087288
0.475800 0.108793 0.036031
0.475515 0.048704 -0.011172
0.454092 -0.007733 -0.049707
0.491096 -0.067639 -0.028966
0.468552 -0.071733 0.034081
0.418762 -0.103916 0.019321
0.438226 -0.180513 0.007488
0.454929 -0.190293 0.076430
0.408184 -0.179287 0.116069
0.368669 -0.184999 0.164162
0.330828 -0.157693 0.204712
0.369221 -0.133647 0.252284
0.395666 -0.076193 0.217412
0.351984 -0.028519 0.210130
0.344184 -0.017122 0.275647
0.390377 0.020382 0.288521
0.381758 0.081696 0.247884
0.334176 0.106967 0.273458
0.354762 0.119799 0.339322
0.404837 0.164030 0.331195
0.383147 0.221276 0.279202
0.367280 0.296413 0.252110
0.403732 0.288197 0.190061
0.395114 0.255597 0.119364
0.419314 0.213322 0.056794
0.414577 0.178192 -0.009569
0.447129 0.146192 -0.065528
0.426544 0.093510 -0.111757
0.369506 0.066830 -0.125627
0.321640 0.018139 -0.139866
0.272544 -0.011201 -0.128856
0.289515 -0.056633 -0.076365
0.309406 0.001630 -0.037765
0.261557 0.034439 -0.027340
0.241648 -0.028519 0.004866
0.275322 -0.028727 0.055884
0.260578 0.040959 0.078033
0.209381 0.023433 0.089455
0.218979 -0.037281 0.132237
0.245548 0.002647 0.176775
0.204235 0.051756 0.193030
0.168477 -0.005099 0.210715
0.194903 -0.037073 0.260758
0.190184 0.034647 0.297494
0.145381 0.083130 0.281239
0.141623 0.130205 0.222137
0.128001 0.184790 0.172961
0.136548 0.193266 0.101007
0.158113 0.242766 0.046218
0.165770 0.252337 -0.025693
0.196720 0.282590 -0.081198
0.188796 0.289371 -0.159502
0.203683 0.287337 -0.230611
0.207850 0.192040 -0.242293
0.211874 0.110227 -0.241447
0.236787 0.103916 -0.181175
0.185875 0.122042 -0.146130
0.146912 0.068264 -0.151201
0.160410 0.027501 -0.096694
0.159983 0.089859 -0.055797
0.108305 0.114922 -0.068411
0.082680 0.048079 -0.046738
0.105171 0.041559 0.013968
0.089447 0.104933 0.043465
0.054117 0.156571 0.066959
0.082609 0.209566 0.010327
0.083019 0.246600 -0.055277
0.114431 0.306923 -0.097019
0.111653 0.355693 -0.157811
0.120201 0.406731 -0.212319
0.100310 0.453701 -0.264811
0.156653 0.465359 -0.294611
0.183364 0.385502 -0.278530
0.145862 0.317772 -0.289886
0.123406 0.246835 -0.313575
0.084515 0.193370 -0.316631
0.103373 0.154642 -0.262795
0.097977 0.211496 -0.216740
0.042400 0.219346 -0.224868
0.030682 0.142827 -0.207768
0.054723 0.146192 -0.144938
0.026711 0.212618 -0.114639
-0.002671 0.262900 -0.072052
0.032071 0.333394 -0.103803
0.041438 0.411843 -0.139194
0.068363 0.477695 -0.164747
0.070108 0.547772 -0.199792
0.129176 0.548998 -0.170685
0.184201 0.555622 -0.142402
0.173837 0.559091 -0.066959
0.179322 0.544330 -0.003132
0.137599 0.590882 0.017609
0.099295 0.536688 0.004519
0.110816 0.494699 0.059221
0.097461 0.548085 0.103456
0.046050 0.548998 0.085944
0.037592 0.472088 0.099555
0.046353 0.478921 0.164400
0.007675 0.529438 0.178119
-0.033638 0.484528 0.156186
-0.024200 0.424153 0.197430
-0.034921 0.465568 0.252956
-0.085975 0.486145 0.239085
-0.109356 0.417685 0.239410
-0.101913 0.403836 0.303085
-0.128410 0.466481 0.326102
-0.176401 0.448851 0.299531
-0.183079 0.378487 0.328811
-0.184344 0.403523 0.390947
-0.226904 0.449737 0.384684
-0.261272 0.392883 0.366067
-0.256268 0.343305 0.418212
-0.270728 0.392935 0.464960
-0.320536 0.403836 0.442269
-0.338343 0.326274 0.441250
-0.330276 0.308279 0.506941
-0.366159 0.359970 0.535722
-0.413188 0.318529 0.511687
-0.415966 0.248582 0.549615
-0.437674 0.274949 0.609540
-0.483866 0.305097 0.590577
-0.500285 0.224953 0.566195
-0.497507 0.181243 0.627832
-0.525874 0.214234 0.676943
-0.575397 0.187450 0.659323
-0.565941 0.109001 0.670160
-0.554260 0.116956 0.734160
-0.602108 0.148643 0.753124
-0.632168 0.089441 0.730779
-0.610460 0.026276 0.769053
-0.602678 0.062970 0.833400
-0.648301 0.123867 0.837453
-0.689490 0.142410 0.798854
-0.686694 0.201716 0.749396
-0.692820 0.235646 0.692179
-0.672235 0.255545 0.631213
-0.644419 0.313000 0.595323
-0.631063 0.248634 0.538085
-0.630494 0.206802 0.475450
-0.612686 0.187242 0.413465
-0.624368 0.258258 0.384185
-0.592653 0.306219 0.422611
-0.545908 0.271193 0.403994
-0.549808 0.289893 0.340493
-0.549808 0.368472 0.349465
-0.500285 0.372123 0.378767
-0.470511 0.335533 0.329656
-0.487766 0.388919 0.276167
-0.494444 0.467393 0.304949
-0.451866 0.475244 0.355902
-0.404569 0.431533 0.325928
-0.392603 0.455292 0.261603
-0.382577 0.535045 0.265829
-0.343632 0.532906 0.313575
-0.310243 0.482285 0.282756
-0.300787 0.532307 0.230784
-0.278795 0.592917 0.260758
-0.230394 0.556248 0.272440
-0.212711 0.564594 0.209198
-0.201172 0.650580 0.215288
-0.152753 0.658508 0.246020
-0.099687 0.677468 0.263792
-0.051054 0.676451 0.293592
-0.010613 0.688683 0.336093
0.041616 0.708842 0.348447
0.055773 0.622048 0.361840
0.056414 0.565819 0.315785
0.115268 0.564594 0.314593
0.124653 0.542582 0.380457
0.111083 0.461812 0.372850
0.112829 0.383546 0.362859
0.096161 0.314825 0.342356
0.070625 0.246548 0.349812
0.051197 0.173706 0.372850
0.019588 0.110645 0.366565
0.023417 0.093119 0.435832
0.007764 0.170133 0.465285
-0.028172 0.209045 0.415849
-0.088486 0.212305 0.415503
-0.139397 0.231265 0.411775
-0.144277 0.177462 0.474431
-0.139949 0.181243 0.549268
-0.147607 0.192536 0.610559
-0.152059 0.270880 0.604469
-0.197129 0.273801 0.568904
-0.227456 0.234916 0.611253
-0.223289 0.283920 0.662379
-0.243180 0.346017 0.632579
-0.290209 0.316260 0.606831
-0.308017 0.273932 0.665435
-0.290209 0.319754 0.722651
-0.302176 0.402871 0.701650
-0.336402 0.415911 0.648162
-0.375347 0.362708 0.660342
-0.390929 0.391761 0.720614
-0.405406 0.463116 0.702669
-0.445188 0.438366 0.662379
-0.474411 0.400994 0.707762
-0.483581 0.466089 0.744671
-0.510026 0.507531 0.699635
-0.552034 0.454666 0.692179
-0.568737 0.453910 0.756851
-0.579849 0.526804 0.764979
-0.619916 0.529646 0.720961
-0.648871 0.473627 0.750089
-0.657775 0.510999 0.809690
-0.681690 0.576617 0.791398
-0.727331 0.540757 0.768381
-0.740117 0.505105 0.823907
-0.744017 0.570305 0.861835
-0.783532 0.606165 0.827982
-0.818043 0.534836 0.838818
-0.803013 0.486041 0.897725
-0.746243 0.446582 0.895688
-0.703398 0.417372 0.930928
-0.663883 0.364821 0.938362
-0.691146 0.318476 0.985783
-0.731783 0.291301 0.934981
-0.701724 0.246678 0.885545
-0.703398 0.171750 0.911271
-0.749590 0.135890 0.879433
-0.781306 0.172480 0.829997
-0.795213 0.118573 0.783271
-0.839732 0.087407 0.804944
-0.863666 0.162387 0.799525
-0.850310 0.188154 0.736869
-0.874795 0.118990 0.699288
-0.929340 0.123867 0.717905
-0.982192 0.131222 0.698941
-1.000000 0.122042 0.767016
-0.976637 0.199056 0.789361
-0.999448 0.274036 0.814415
-0.964385 0.280113 0.880127
-0.919314 0.322258 0.882836
-0.889273 0.366203 0.930928
-0.855314 0.423449 0.951236
-0.836402 0.474226 1.000000
-0.890929 0.514989 0.995254
-0.938243 0.475244 0.970872
-0.945473 0.456388 0.899763
-0.966611 0.422875 0.839490
-0.959933 0.368107 0.779218
-0.959933 0.337437 0.714871
-0.937122 0.310652 0.660342
-0.930996 0.383051 0.632926
-0.898177 0.414321 0.680996
-0.857540 0.362604 0.672197
-0.845306 0.377287 0.607850
-0.831398 0.452632 0.616324
-0.790209 0.437245 0.657633
-0.762946 0.391474 0.615977
-0.755146 0.444573 0.568904
-0.728435 0.495821 0.607850
-0.687264 0.445538 0.617668
-0.670009 0.441131 0.556052
-0.657775 0.518849 0.551652
-0.621590 0.523126 0.603450
-0.587097 0.471879 0.579415
-0.574845 0.510504 0.523867
-0.557590 0.579251 0.549940
-0.516703 0.545242 0.583468
-0.488033 0.524457 0.530304
-0.481640 0.598628 0.506269
-0.454092 0.631828 0.557395
-0.412921 0.578860 0.559086
-0.395666 0.593516 0.496776
-0.371447 0.661168 0.506594
-0.331380 0.632245 0.542831
-0.313858 0.579251 0.498142
-0.299113 0.631411 0.451393
-0.262661 0.673999 0.486286
-0.228720 0.613702 0.503885
-0.215774 0.585380 0.439213
-0.178075 0.641608 0.420249
-0.139949 0.620222 0.478159
-0.096339 0.592291 0.518796
-0.064072 0.670531 0.533013
-0.098565 0.737165 0.522524
-0.134536 0.793811 0.523867
-0.173214 0.840677 0.502194
-0.140234 0.909946 0.505922
-0.103711 0.887543 0.454796
-0.144971 0.870434 0.401957
-0.198803 0.881023 0.393505
-0.240402 0.876537 0.333384
-0.226067 0.849649 0.268885
-0.272117 0.796263 0.255838
-0.318025 0.786483 0.217824
-0.328050 0.709651 0.238912
-0.338628 0.726577 0.300701
-0.383147 0.769348 0.287004
-0.408184 0.710668 0.259739
-0.411799 0.664219 0.311711
-0.443247 0.716797 0.346084
-0.483314 0.719640 0.303930
-0.498326 0.644868 0.301720
-0.511415 0.637540 0.364376
-0.550360 0.695594 0.362686
-0.580419 0.665654 0.314767
-0.592653 0.596385 0.342703
-0.616034 0.626325 0.396365
-0.654979 0.665445 0.362166
-0.676686 0.603296 0.329331
-0.690042 0.558882 0.384532
-0.720653 0.620014 0.418212
-0.754042 0.658717 0.361667
-0.779080 0.600662 0.320358
-0.819147 0.556952 0.294438
-0.806343 0.469141 0.308828
-0.777976 0.453962 0.367259
-0.819147 0.413981 0.398403
-0.815247 0.350372 0.348620
-0.759046 0.335976 0.340493
-0.734009 0.361300 0.410084
-0.755716 0.401567 0.460539
-0.759046 0.491544 0.459542
-0.761824 0.572131 0.498467
-0.757372 0.642625 0.526923
-0.726761 0.706208 0.563485
-0.701724 0.765488 0.599051
-0.659431 0.809303 0.614287
-0.645523 0.768957 0.671178
-0.626042 0.698854 0.641031
-0.575397 0.727803 0.620377
-0.553138 0.738391 0.685071
-0.539230 0.665654 0.709453
-0.487196 0.665237 0.673887
-0.449088 0.723525 0.697598
-0.421825 0.682163 0.741615
-0.401507 0.629377 0.697598
-0.375062 0.682163 0.662032
-0.342510 0.706000 0.709778
-0.317758 0.638348 0.721980
-0.293539 0.631228 0.664741
-0.264050 0.697445 0.668816
-0.235255 0.683180 0.723670
-0.212853 0.618579 0.707762
-0.182670 0.646511 0.655942
-0.152059 0.701097 0.687108
-0.127431 0.651597 0.727051
-0.103444 0.609634 0.682015
-0.072904 0.667688 0.653905
-0.045285 0.686440 0.706744
-0.019927 0.615528 0.713180
0.005966 0.615111 0.653905
0.037734 0.681145 0.666107
0.061578 0.660959 0.725707
0.069877 0.571714 0.702669
0.100381 0.522318 0.663723
0.088753 0.446529 0.703016
0.041759 0.433437 0.744996
-0.006856 0.402976 0.757545
-0.031608 0.447494 0.707415
-0.006464 0.405975 0.655942
-0.023239 0.331699 0.676943
-0.081950 0.351285 0.691833
-0.094807 0.420997 0.643762
-0.074079 0.404332 0.577725
-0.125347 0.420632 0.527248
