0.433132 -0.603580 0.569042
0.400414 -0.571401 0.520585
0.369684 -0.532276 0.484402
0.338971 -0.497832 0.446758
0.317763 -0.440073 0.423587
0.288036 -0.390639 0.398217
0.269926 -0.353780 0.355150
0.245937 -0.298156 0.331123
0.203133 -0.274561 0.299825
0.183720 -0.222280 0.272709
0.133190 -0.206319 0.256003
0.096405 -0.169826 0.234528
0.041844 -0.150286 0.239430
0.009214 -0.158935 0.194902
-0.039715 -0.178820 0.183132
-0.079280 -0.209468 0.157309
-0.127065 -0.195190 0.133080
-0.138170 -0.251936 0.108063
-0.158323 -0.280664 0.151533
-0.198962 -0.235673 0.157359
-0.222933 -0.243912 0.111320
-0.228812 -0.310967 0.112646
-0.256708 -0.313167 0.156469
-0.296625 -0.272253 0.140334
-0.311568 -0.307732 0.098308
-0.325243 -0.362730 0.125139
-0.362415 -0.331608 0.156469
-0.394306 -0.306373 0.115568
-0.413579 -0.360682 0.095067
-0.441493 -0.373277 0.141375
-0.472504 -0.309565 0.141442
-0.505117 -0.301391 0.098895
-0.551494 -0.331177 0.115837
-0.560488 -0.266300 0.148208
-0.562336 -0.201122 0.139662
-0.577173 -0.139696 0.141593
-0.602904 -0.090737 0.118976
-0.556985 -0.056961 0.104973
-0.541497 -0.092052 0.062275
-0.578545 -0.072641 0.027150
-0.552796 -0.005888 0.028006
-0.502741 -0.003235 0.009218
-0.465886 0.050016 -0.015749
-0.421657 0.067616 -0.055089
-0.395574 0.123045 -0.085110
-0.367519 0.167087 -0.115199
-0.340274 0.226291 -0.128094
-0.325754 0.232093 -0.177978
-0.331104 0.192969 -0.219618
-0.307291 0.234315 -0.253299
-0.257905 0.227499 -0.233117
-0.254156 0.162515 -0.240203
-0.258081 0.162385 -0.291699
-0.212003 0.193702 -0.301706
-0.183104 0.142866 -0.279828
-0.200352 0.090197 -0.306894
-0.182787 0.104950 -0.354142
-0.126871 0.103764 -0.332970
-0.114709 0.083145 -0.285503
-0.098570 0.101499 -0.238994
-0.063123 0.136461 -0.197858
-0.024104 0.136504 -0.151550
0.012311 0.151666 -0.114544
0.062930 0.135102 -0.085043
0.097004 0.145562 -0.034236
0.114815 0.152378 0.013768
0.068456 0.194565 0.028644
0.025406 0.203020 -0.006750
-0.026444 0.214753 -0.037325
-0.073683 0.229850 -0.060512
-0.115343 0.233668 -0.093959
-0.141479 0.234315 -0.149938
-0.184529 0.235932 -0.117449
-0.219712 0.221460 -0.078848
-0.253927 0.188849 -0.048037
-0.317112 0.186261 -0.048591
-0.373784 0.176383 -0.021576
-0.427060 0.152658 -0.009604
-0.469477 0.135900 0.030877
-0.515501 0.084633 0.046073
-0.529986 0.044710 0.090433
-0.523193 0.061684 0.141543
-0.524495 0.083705 0.189043
-0.517543 0.135814 0.219886
-0.499820 0.092786 0.263860
-0.451965 0.065847 0.245895
-0.398847 0.045508 0.232530
-0.347930 0.056400 0.196968
-0.307220 0.040289 0.156150
-0.266018 0.052863 0.116340
-0.233792 0.020878 0.071829
-0.183385 0.002200 0.039323
-0.163075 -0.034789 -0.008849
-0.136428 -0.082670 -0.047735
-0.136146 -0.122528 -0.091860
-0.131130 -0.151709 -0.137228
-0.144683 -0.165340 -0.188220
-0.088555 -0.205866 -0.191662
-0.035825 -0.235911 -0.206471
-0.004127 -0.180071 -0.226703
0.031056 -0.138919 -0.253786
0.042408 -0.079629 -0.282011
0.050504 -0.035156 -0.331156
0.068368 0.011043 -0.370412
0.061891 0.010353 -0.430639
0.038412 0.055128 -0.461651
-0.006644 0.065135 -0.427499
-0.010481 0.001898 -0.392156
-0.025688 -0.054287 -0.364754
0.000326 -0.119638 -0.346200
0.021763 -0.176081 -0.329595
0.068526 -0.205349 -0.292404
0.084155 -0.264100 -0.268579
0.064584 -0.291448 -0.224487
0.041246 -0.295352 -0.180748
0.032376 -0.267573 -0.129303
0.016324 -0.253489 -0.082693
-0.006098 -0.217039 -0.046123
-0.013491 -0.182940 -0.002686
-0.042021 -0.156088 0.033866
-0.077379 -0.111830 0.053259
-0.095877 -0.050706 0.070704
-0.127311 -0.003127 0.099265
-0.164553 0.051051 0.108701
-0.190971 0.100313 0.138034
-0.218621 0.152809 0.149904
-0.224024 0.201769 0.185903
-0.276807 0.181106 0.199889
-0.266159 0.126798 0.231892
-0.322057 0.132794 0.242839
-0.384785 0.142112 0.227879
-0.433484 0.148754 0.204708
-0.467523 0.156605 0.166359
-0.464496 0.222690 0.167198
-0.413878 0.225838 0.147671
-0.422572 0.193055 0.101414
-0.467664 0.234013 0.084607
-0.451613 0.299515 0.076950
-0.401962 0.275229 0.040666
-0.354970 0.250534 0.025975
-0.308329 0.213394 0.027620
-0.246429 0.224307 0.030928
-0.190918 0.212423 0.016941
-0.152638 0.261922 0.021206
-0.115589 0.221223 0.052252
-0.089136 0.179920 0.022163
-0.038307 0.139006 0.007707
0.004303 0.113254 -0.025034
0.050011 0.060132 -0.026394
0.102407 0.022280 -0.022785
0.100260 0.018247 0.038047
0.106719 0.008131 0.089056
0.093712 0.059765 0.129067
0.048585 0.071821 0.157594
-0.005430 0.104066 0.142365
-0.046755 0.112714 0.105981
-0.028240 0.066494 0.064693
-0.020073 0.029958 0.017529
0.001276 -0.019950 -0.012979
0.024913 -0.031317 -0.066910
0.040014 -0.044452 -0.115450
0.054710 -0.034509 -0.163740
0.021164 -0.063216 -0.199788
-0.035913 -0.065157 -0.179405
-0.091900 -0.073612 -0.167585
-0.141620 -0.042295 -0.141005
-0.185427 -0.034358 -0.100457
-0.220962 -0.013372 -0.066406
-0.246517 -0.024566 -0.011988
-0.289708 -0.024695 0.026025
-0.310177 -0.024717 0.080795
-0.350834 -0.041216 0.120874
-0.358226 -0.041022 0.178649
-0.377481 -0.052432 0.226569
-0.381775 -0.033430 0.281255
-0.415444 -0.076135 0.308791
-0.424755 -0.155570 0.308573
-0.425107 -0.218419 0.291078
-0.409953 -0.188224 0.240690
-0.378572 -0.176016 0.197925
-0.381581 -0.137129 0.155831
-0.368311 -0.139114 0.097535
-0.356431 -0.101111 0.048759
-0.340872 -0.093174 -0.008412
-0.318467 -0.045228 -0.050589
-0.311145 -0.030001 -0.108231
-0.285555 -0.000669 -0.157863
-0.264522 -0.000302 -0.205799
-0.250037 0.066343 -0.203012
-0.203995 0.051224 -0.169348
-0.161702 0.030993 -0.195994
-0.097074 0.021029 -0.195322
-0.040560 0.036622 -0.189882
0.009495 0.045789 -0.170573
0.055344 0.100787 -0.168777
0.097021 0.150005 -0.174368
0.070480 0.166979 -0.228718
0.050803 0.170775 -0.275580
0.031742 0.149682 -0.327462
-0.007436 0.198296 -0.339182
-0.025564 0.257910 -0.355720
-0.077731 0.249908 -0.340979
-0.065464 0.253747 -0.292102
-0.045013 0.314073 -0.293076
-0.090668 0.343470 -0.308707
-0.119708 0.326345 -0.267151
-0.089559 0.355893 -0.232093
-0.093712 0.416866 -0.251469
-0.148942 0.422215 -0.250781
-0.162160 0.396549 -0.197992
-0.123105 0.425580 -0.164915
-0.103252 0.473978 -0.135582
-0.050064 0.448852 -0.137177
-0.046544 0.467120 -0.193794
-0.046315 0.531026 -0.209292
0.004761 0.538639 -0.223983
-0.007559 0.509652 -0.272407
-0.038940 0.558956 -0.290607
-0.005887 0.611043 -0.287652
0.029577 0.584083 -0.323164
-0.004198 0.580826 -0.365106
-0.017767 0.644365 -0.369170
0.034540 0.666516 -0.376977
0.042989 0.636666 -0.422748
0.001839 0.661555 -0.451241
0.018331 0.727035 -0.447329
0.066432 0.721255 -0.473706
0.044238 0.703073 -0.521005
0.010023 0.762817 -0.526629
0.055027 0.814472 -0.526411
0.070691 0.802782 -0.578764
0.064830 0.858881 -0.613184
0.085563 0.901003 -0.651953
0.100418 0.967195 -0.658736
0.135882 1.000000 -0.694550
0.186342 0.999029 -0.735753
0.227615 0.970452 -0.771550
0.239759 0.905101 -0.807448
0.259577 0.849865 -0.835303
0.281577 0.787706 -0.810017
0.292700 0.724275 -0.808523
0.280609 0.666192 -0.769384
0.281964 0.596204 -0.762635
0.253575 0.544958 -0.731472
0.247292 0.474970 -0.738574
0.208184 0.422388 -0.732412
0.207709 0.358223 -0.771567
0.205931 0.301758 -0.805417
0.239882 0.239426 -0.832768
0.266476 0.189173 -0.863108
0.314507 0.148409 -0.891450
0.348986 0.107516 -0.918046
0.409918 0.102168 -0.944474
0.468227 0.102901 -0.957403
0.522665 0.100485 -0.970919
0.582329 0.134800 -0.984284
0.638949 0.171336 -0.996457
0.689057 0.227348 -1.000000
0.731350 0.281894 -0.983965
0.777463 0.330875 -0.973706
0.805817 0.402718 -0.964975
0.850222 0.449887 -0.945901
0.876218 0.525936 -0.946204
0.901316 0.590489 -0.921388
0.914129 0.646263 -0.879966
0.943609 0.695848 -0.848450
0.969393 0.729624 -0.795191
0.977137 0.769481 -0.747893
0.982435 0.785959 -0.684744
1.000000 0.804076 -0.631804
0.989968 0.839793 -0.575708
0.964113 0.872016 -0.522617
0.942183 0.881182 -0.467527
0.899344 0.897919 -0.427130
0.851613 0.869729 -0.388596
0.808633 0.865351 -0.356191
0.750482 0.825148 -0.352178
0.699740 0.792947 -0.363343
0.668817 0.729861 -0.382635
0.607832 0.699752 -0.374660
0.545299 0.686746 -0.361496
0.493167 0.676135 -0.371890
0.464549 0.624135 -0.340005
0.424103 0.595233 -0.314802
0.411115 0.569805 -0.264666
0.376847 0.531414 -0.236224
0.364386 0.496538 -0.192401
0.368328 0.433474 -0.163605
0.360972 0.389669 -0.121243
0.401470 0.327273 -0.112126
0.430088 0.268284 -0.102018
0.453109 0.204810 -0.112008
0.476341 0.141206 -0.095352
0.508074 0.101909 -0.139729
0.547639 0.058816 -0.155479
0.571576 0.018570 -0.189647
0.599454 -0.045746 -0.196884
0.625344 -0.081700 -0.236929
0.647732 -0.156152 -0.239330
0.668975 -0.211517 -0.261913
0.668834 -0.293368 -0.261930
0.664329 -0.365599 -0.261627
0.655793 -0.435803 -0.236190
0.638650 -0.488882 -0.196699
0.614608 -0.528826 -0.153296
0.592854 -0.541766 -0.098526
0.569552 -0.542931 -0.046073
0.562371 -0.536116 0.012022
0.586712 -0.497832 0.062158
0.590971 -0.448528 0.110850
0.601144 -0.413006 0.156536
0.618392 -0.339761 0.177323
0.608870 -0.289248 0.224722
0.604646 -0.248938 0.268965
0.597290 -0.183328 0.300195
0.584142 -0.153090 0.354629
0.568848 -0.082303 0.380134
0.528754 -0.058147 0.426811
0.496669 -0.032676 0.471775
0.447441 0.001380 0.503761
0.415233 0.004443 0.555459
0.396700 0.039318 0.603194
0.382250 0.097530 0.640015
0.341629 0.137927 0.678851
0.317006 0.170926 0.721482
0.284516 0.227672 0.752208
0.254261 0.267098 0.790473
0.218269 0.331608 0.809883
0.174339 0.381322 0.832348
0.129335 0.439750 0.832365
0.093272 0.497056 0.826673
0.045065 0.546296 0.805098
0.008844 0.599202 0.777561
-0.005060 0.647040 0.728315
-0.045382 0.671196 0.682360
-0.063880 0.699968 0.637076
-0.060325 0.701370 0.573525
-0.061944 0.677019 0.516757
-0.063546 0.631101 0.473152
-0.053619 0.593702 0.427969
-0.030862 0.558460 0.387740
-0.021798 0.512434 0.351640
-0.023153 0.439167 0.339148
-0.014740 0.381818 0.312771
-0.033256 0.317804 0.299540
-0.023241 0.250900 0.299288
-0.049201 0.187965 0.283371
-0.062366 0.120177 0.289113
-0.091495 0.063690 0.275614
-0.100260 0.010288 0.315759
-0.120940 -0.050059 0.334044
-0.137783 -0.093648 0.374660
-0.155313 -0.151148 0.397092
-0.175747 -0.178108 0.441519
-0.179848 -0.229613 0.473589
-0.195477 -0.260326 0.516857
-0.175166 -0.289874 0.560848
-0.181784 -0.323757 0.605091
-0.166736 -0.333225 0.657326
-0.155841 -0.359474 0.705950
-0.153254 -0.351278 0.759310
-0.133753 -0.367368 0.808338
-0.154204 -0.388159 0.861110
-0.155999 -0.410827 0.913211
-0.186149 -0.467400 0.947698
-0.211141 -0.504173 0.983394
-0.251076 -0.567238 0.997246
-0.291222 -0.622948 1.000000
-0.340731 -0.660671 0.985627
-0.377604 -0.722420 0.963968
-0.417151 -0.756648 0.932234
-0.444784 -0.810137 0.892307
-0.474810 -0.836967 0.848349
-0.498975 -0.881721 0.800984
-0.533436 -0.890348 0.753736
-0.543239 -0.906762 0.692098
-0.557566 -0.943600 0.640586
-0.578440 -0.924447 0.585093
-0.565011 -0.932816 0.523389
-0.567246 -0.943815 0.467796
-0.567686 -0.921255 0.410256
-0.571118 -0.930594 0.357601
-0.558076 -0.907624 0.301588
-0.542940 -0.910881 0.247507
-0.533682 -0.911226 0.193861
-0.537062 -0.896323 0.140552
-0.544735 -0.930982 0.092095
-0.547393 -0.933225 0.034538
-0.544190 -0.961113 -0.017412
-0.543926 -0.979014 -0.067665
-0.550103 -0.960789 -0.126801
-0.555207 -1.000000 -0.176399
-0.563691 -0.976146 -0.236224
-0.570344 -0.943341 -0.292219
-0.577806 -0.918904 -0.341936
-0.582629 -0.850577 -0.375231
-0.584635 -0.802178 -0.420212
-0.594826 -0.751386 -0.455959
-0.593136 -0.672059 -0.477702
-0.605562 -0.617513 -0.508127
-0.617547 -0.542155 -0.525605
-0.630712 -0.486488 -0.562040
-0.663854 -0.419390 -0.566372
-0.694672 -0.360358 -0.571074
-0.740362 -0.310644 -0.566238
-0.791649 -0.274561 -0.545418
-0.839099 -0.250232 -0.523893
-0.882413 -0.233387 -0.477434
-0.923245 -0.227866 -0.439404
-0.954979 -0.242705 -0.384785
-0.971945 -0.253144 -0.329645
-0.989686 -0.273957 -0.280416
-0.986307 -0.308573 -0.223026
-0.998117 -0.337108 -0.177121
-0.985269 -0.365513 -0.121764
-1.000000 -0.393141 -0.069243
-0.987293 -0.426787 -0.020249
-0.963268 -0.465998 0.022046
-0.919585 -0.477904 0.067967
-0.892339 -0.469384 0.116072
-0.881304 -0.459118 0.176517
-0.853373 -0.437830 0.219635
-0.826163 -0.379101 0.252628
-0.814441 -0.350696 0.300967
-0.782391 -0.302038 0.330199
-0.770370 -0.277817 0.378455
-0.748264 -0.222668 0.408459
-0.727285 -0.197886 0.455472
-0.701500 -0.161178 0.493569
-0.662762 -0.142715 0.530794
-0.644476 -0.109479 0.573962
-0.615048 -0.085603 0.615249
-0.601813 -0.062633 0.663202
-0.597853 -0.026076 0.709678
-0.539420 0.006772 0.724856
