0.356223 0.143673 -0.988648
0.388303 0.092925 -0.986127
0.414499 0.057136 -1.000000
0.450193 0.004662 -0.984877
0.479106 -0.040452 -0.973525
0.513441 -0.073305 -0.962818
0.553197 -0.090208 -0.930677
0.594761 -0.115165 -0.902952
0.641746 -0.128179 -0.884059
0.678336 -0.084157 -0.890975
0.702291 -0.029560 -0.881518
0.728038 0.017220 -0.880268
0.738881 0.082411 -0.867665
0.754234 0.135996 -0.863895
0.749275 0.203190 -0.853168
0.755145 0.264254 -0.826068
0.771409 0.312622 -0.779449
0.802130 0.339126 -0.730935
0.830132 0.329048 -0.669799
0.859957 0.287823 -0.627596
0.884345 0.228147 -0.609953
0.905134 0.165060 -0.611848
0.899713 0.093064 -0.624430
0.910556 0.037436 -0.669799
0.951223 -0.016823 -0.653426
0.970190 -0.080665 -0.644594
0.989157 -0.141035 -0.631367
1.000000 -0.191108 -0.591039
0.990979 -0.242570 -0.541900
0.964769 -0.273717 -0.498105
0.918695 -0.297584 -0.526777
0.876221 -0.338194 -0.524559
0.831954 -0.357418 -0.503448
0.779533 -0.355851 -0.509759
0.748365 -0.380649 -0.546316
0.707712 -0.415685 -0.551357
0.670659 -0.455045 -0.557648
0.623675 -0.482958 -0.541275
0.580304 -0.517061 -0.547566
0.537382 -0.556104 -0.522362
0.494011 -0.590208 -0.493064
0.454255 -0.617486 -0.446425
0.436647 -0.633595 -0.379018
0.407733 -0.650339 -0.335847
0.408629 -0.657164 -0.267169
0.423549 -0.633595 -0.203049
0.426252 -0.610046 -0.141933
0.433929 -0.550530 -0.099246
0.419472 -0.491628 -0.067730
0.390558 -0.435524 -0.069464
0.342677 -0.403603 -0.090575
0.302921 -0.347498 -0.080010
0.304945 -0.314625 -0.109328
0.274007 -0.347796 -0.158628
0.246670 -0.303793 -0.208715
0.261806 -0.232651 -0.219281
0.300666 -0.263639 -0.253297
0.362555 -0.268599 -0.344981
0.392365 -0.277745 -0.411138
0.423086 -0.261774 -0.469432
0.449745 -0.252946 -0.526777
0.436184 -0.262251 -0.596080
0.395531 -0.245189 -0.642719
0.365721 -0.240090 -0.699419
0.315571 -0.259612 -0.723374
0.269482 -0.262707 -0.754244
0.217308 -0.267052 -0.761181
0.169644 -0.265345 -0.764326
0.113623 -0.262409 -0.763076
0.062229 -0.258223 -0.736601
0.018975 -0.230310 -0.712667
-0.016372 -0.190017 -0.680526
-0.046761 -0.161191 -0.640198
-0.042409 -0.116871 -0.558898
-0.027663 -0.055866 -0.577812
0.006556 -0.031782 -0.525205
0.047671 -0.050292 -0.487700
0.081327 -0.100206 -0.468484
0.073303 -0.157779 -0.417752
0.073188 -0.219934 -0.407993
0.074763 -0.266575 -0.376175
0.066523 -0.289529 -0.290801
0.066639 -0.366702 -0.377122
0.055912 -0.417867 -0.416825
0.110241 -0.448240 -0.430052
0.111816 -0.499068 -0.380268
0.097128 -0.535036 -0.343731
0.092618 -0.557652 -0.292999
0.096680 -0.553625 -0.225572
0.095321 -0.517974 -0.162399
0.088555 -0.467147 -0.111062
0.047671 -0.401123 -0.066319
0.046645 -0.432111 -0.039138
0.070932 -0.348431 -0.023390
0.051618 -0.328274 0.008832
0.014233 -0.365472 0.034238
0.053541 -0.404218 0.056761
0.092834 -0.364540 0.074707
0.063473 -0.325180 0.117817
0.053310 -0.384696 0.149312
0.105947 -0.397711 0.150684
0.116789 -0.329822 0.173408
0.086748 -0.336944 0.227003
0.115662 -0.395231 0.240936
0.163095 -0.360513 0.228899
0.155635 -0.295104 0.265919
0.147510 -0.320517 0.325765
0.192688 -0.362675 0.313808
0.235147 -0.326092 0.281345
0.269034 -0.286414 0.264346
0.265868 -0.244574 0.203613
0.242838 -0.204281 0.147840
0.220922 -0.169404 0.097653
0.194943 -0.134230 0.039702
0.160608 -0.116018 -0.014639
0.127184 -0.094770 -0.059060
0.089220 -0.075170 -0.100980
0.061102 -0.059279 -0.144917
0.014117 -0.070210 -0.180828
-0.030714 -0.053168 -0.210933
-0.080069 -0.032893 -0.225894
-0.125304 -0.007440 -0.236279
-0.173720 0.013788 -0.218333
-0.193382 0.064893 -0.173287
-0.215501 0.119311 -0.162096
-0.214344 0.155914 -0.104126
-0.173532 0.142820 -0.034016
-0.188423 0.176844 -0.026777
-0.200306 0.238067 -0.030165
-0.223235 0.272468 -0.052063
-0.234974 0.290918 0.017563
-0.208807 0.348887 0.047808
-0.184780 0.396778 0.010404
-0.188336 0.435206 -0.003307
-0.184693 0.460937 0.067790
-0.143173 0.483573 0.111647
-0.089625 0.492560 0.112070
-0.043537 0.467464 0.087672
-0.021461 0.433976 0.026314
-0.041339 0.402055 -0.035206
-0.068952 0.400190 -0.086785
-0.072277 0.339126 -0.129794
-0.085389 0.272468 -0.145078
-0.094020 0.203964 -0.140985
-0.102347 0.138555 -0.131689
-0.098935 0.070210 -0.105376
-0.096853 0.013054 -0.059543
-0.085664 -0.010078 0.019861
-0.087471 -0.023628 0.076078
-0.071829 -0.031266 0.138686
-0.036250 -0.032238 0.193048
-0.009708 -0.004920 0.249365
-0.029022 -0.036881 0.292697
-0.011862 -0.041225 0.356333
-0.003274 -0.041543 0.424225
0.021461 -0.020196 0.484877
0.040327 0.022200 0.536234
0.050823 0.053426 0.588539
0.097591 0.040094 0.625398
0.145703 0.065647 0.638303
0.186587 0.086299 0.650926
0.229278 0.085049 0.656269
0.264292 0.039400 0.620357
0.296141 0.056620 0.563334
0.328220 0.084474 0.575937
0.360286 0.037396 0.551680
0.372039 0.025096 0.485502
0.390110 0.054874 0.432270
0.416769 0.063802 0.422813
0.404119 0.039698 0.354297
0.418576 0.085168 0.309070
0.440709 0.113756 0.284651
0.433929 0.113498 0.214240
0.387855 0.138555 0.176876
0.389662 0.199004 0.148123
0.373398 0.241162 0.117655
0.356223 0.262409 0.061762
0.349906 0.289370 0.015365
0.371591 0.320220 -0.031980
0.348547 0.371980 -0.066157
0.330028 0.437388 -0.053474
0.284171 0.491628 -0.051659
0.250067 0.506210 -0.002520
0.225895 0.487601 0.023874
0.231085 0.473337 0.077025
0.264741 0.582768 0.092491
0.291168 0.614689 0.153446
0.336345 0.600444 0.198814
0.390110 0.587410 0.198250
0.441157 0.589593 0.161108
0.466919 0.582451 0.096241
0.480017 0.594850 0.034863
0.481376 0.608182 -0.042223
0.481376 0.622128 -0.100980
0.477299 0.629885 -0.169335
0.468264 0.669246 -0.215490
0.476403 0.691267 -0.287636
0.469174 0.711721 -0.363895
0.439350 0.722870 -0.430677
0.386048 0.742709 -0.438238
0.350802 0.775582 -0.396016
0.334986 0.802226 -0.335222
0.330476 0.789212 -0.260858
0.354416 0.741479 -0.209360
0.391917 0.730945 -0.178469
0.412243 0.695612 -0.124451
0.461946 0.684442 -0.115155
0.473685 0.611594 -0.116889
0.467816 0.580606 -0.183671
0.467816 0.578741 -0.241017
0.440709 0.509304 -0.246058
0.424445 0.450085 -0.269992
0.440261 0.391818 -0.223696
0.432570 0.325795 -0.185869
0.419935 0.249375 -0.160201
0.458332 0.212177 -0.142558
0.451103 0.148792 -0.097976
0.428059 0.085010 -0.076562
0.405478 0.024124 -0.065048
0.361196 -0.018708 -0.053091
0.320992 -0.052236 -0.046316
0.271969 -0.063623 -0.032847
0.228598 -0.066877 -0.021414
0.183869 -0.064476 0.000484
0.181397 -0.110126 -0.015506
0.152252 -0.098798 0.001109
0.162415 -0.133913 -0.089003
0.127632 -0.125243 -0.138787
0.136884 -0.047276 -0.133887
0.186356 -0.041543 -0.092773
0.209848 -0.100821 -0.084264
0.255936 -0.112209 -0.160040
0.294782 -0.139190 -0.187301
0.348995 -0.152045 -0.195810
0.391021 -0.182736 -0.204783
0.443412 -0.172202 -0.191555
0.471430 -0.203508 -0.136266
0.478658 -0.227215 -0.074828
0.477299 -0.246598 -0.008186
0.467367 -0.249851 0.061278
0.447937 -0.252331 0.128786
0.422638 -0.250923 0.186998
0.446578 -0.239932 0.258116
0.428059 -0.225350 0.324676
0.418113 -0.222097 0.387204
0.404119 -0.188926 0.449913
0.385137 -0.161191 0.508186
0.359389 -0.121831 0.560491
0.333194 -0.088878 0.611848
0.320081 -0.043626 0.660685
0.317826 0.023588 0.690305
0.327310 0.086101 0.710469
0.357582 0.142523 0.695971
0.389199 0.201028 0.676755
0.431673 0.182339 0.635480
0.442068 0.155696 0.571198
0.462394 0.147482 0.521737
0.462394 0.118299 0.465339
0.429418 0.105126 0.409102
0.431673 0.124926 0.357120
0.458780 0.134071 0.325140
0.434391 0.192576 0.302295
0.403208 0.241479 0.299310
0.358493 0.277288 0.299149
0.328220 0.324545 0.302456
0.290271 0.366702 0.284974
0.244183 0.382831 0.260475
0.195623 0.384994 0.252208
0.159480 0.404535 0.245514
0.139602 0.439868 0.209521
0.143217 0.462504 0.137839
0.122211 0.430881 0.078578
0.070585 0.462504 0.078094
0.046081 0.525731 0.094245
0.047093 0.575943 0.060612
0.012657 0.596417 0.020648
-0.030265 0.607884 -0.013852
-0.073520 0.649407 -0.011110
-0.097981 0.711721 0.003629
-0.103113 0.780542 0.019861
-0.104125 0.840059 0.036396
-0.088656 0.887176 0.085494
-0.057545 0.924989 0.122676
-0.008580 0.946693 0.140743
0.030497 0.973356 0.151631
0.078378 0.960322 0.177864
0.117686 0.950403 0.205589
0.132374 0.899576 0.255918
0.149997 0.857418 0.298201
0.145703 0.790462 0.326088
0.149086 0.745824 0.364520
0.119493 0.688152 0.384220
0.103229 0.630818 0.420454
0.090579 0.555807 0.445820
0.108882 0.565091 0.511030
0.133270 0.567571 0.562689
0.133502 0.561382 0.625076
0.172810 0.597965 0.661632
0.194032 0.653137 0.688712
0.217308 0.715451 0.678630
0.232444 0.761318 0.696596
0.284619 0.774967 0.679901
0.317378 0.809051 0.640521
0.329579 0.852458 0.583800
0.343125 0.901421 0.558293
0.364363 0.914455 0.489918
0.372487 0.934294 0.429427
0.373398 0.939253 0.356959
0.391021 0.962802 0.318526
0.409092 0.931814 0.256301
0.413602 0.945443 0.190225
0.411795 0.986371 0.152095
0.465098 1.000000 0.163407
0.510290 0.975201 0.133907
0.542355 0.961572 0.086765
0.577138 0.954133 0.059584
0.611025 0.907630 0.060693
0.633173 0.848113 0.067387
0.648974 0.787982 0.077146
0.651692 0.711106 0.071702
0.632262 0.648474 0.041941
0.620060 0.609114 -0.006614
0.591147 0.573166 -0.062528
0.562233 0.548982 -0.115155
0.528809 0.519839 -0.163830
0.493563 0.507757 -0.211235
0.455166 0.499385 -0.259910
0.484079 0.548665 -0.341836
0.488604 0.577193 -0.408316
0.522925 0.609114 -0.461245
0.564951 0.615324 -0.505041
0.610129 0.608182 -0.538109
0.652140 0.609729 -0.559544
0.693255 0.622128 -0.567105
0.733011 0.639487 -0.516998
0.772305 0.630203 -0.480784
0.806655 0.619966 -0.433823
0.828340 0.607884 -0.373331
0.836464 0.583998 -0.303706
0.827429 0.543408 -0.245110
0.802130 0.483256 -0.214240
0.802130 0.414752 -0.202887
0.779533 0.362993 -0.162883
0.751531 0.303158 -0.167440
0.726231 0.249375 -0.181312
0.698228 0.191346 -0.203210
0.660265 0.140896 -0.198008
0.619612 0.107527 -0.228092
0.583470 0.084851 -0.268742
0.540996 0.088739 -0.310642
0.511634 0.109114 -0.360427
0.489053 0.127167 -0.412409
0.446130 0.142741 -0.439186
0.405015 0.152978 -0.450841
0.367514 0.178630 -0.442029
0.380178 0.196524 -0.538109
0.351713 0.173590 -0.596725
0.327310 0.166548 -0.659717
0.302921 0.179483 -0.719583
0.320992 0.176150 -0.758035
0.323247 0.108420 -0.776304
0.322351 0.039460 -0.763701
0.316019 -0.021466 -0.735976
0.304049 -0.074634 -0.701315
0.289361 -0.115006 -0.649010
0.262485 -0.136710 -0.591039
0.227919 -0.141967 -0.536859
0.190881 -0.120740 -0.488648
0.156994 -0.076558 -0.456829
0.127401 -0.025195 -0.440134
0.114751 0.040412 -0.417450
0.096911 0.092608 -0.399181
0.096232 0.154446 -0.350970
0.082223 0.198845 -0.441384
0.051849 0.257906 -0.447998
0.032535 0.324862 -0.438238
0.019090 0.385926 -0.428157
0.005197 0.444511 -0.396661
0.006094 0.505575 -0.354761
0.015245 0.566024 -0.307497
0.052514 0.625858 -0.287636
0.107754 0.628020 -0.296145
0.140499 0.586180 -0.342138
0.171682 0.541543 -0.358531
0.210079 0.494425 -0.363895
0.243055 0.437071 -0.354115
0.275135 0.413820 -0.304351
0.293206 0.378487 -0.249526
0.309239 0.343927 -0.198330
0.331835 0.313237 -0.157217
0.361645 0.328116 -0.097189
0.381523 0.330754 -0.026616
0.391021 0.338035 0.048171
0.395980 0.350117 0.115720
0.381523 0.375392 0.187664
0.363900 0.384696 0.251422
0.330924 0.399873 0.308767
0.290488 0.410110 0.353188
0.241928 0.418780 0.382647
0.201940 0.428084 0.413518
0.153611 0.456910 0.411159
0.100742 0.457545 0.392729
0.060538 0.479229 0.410050
0.019423 0.507142 0.379804
-0.010387 0.527596 0.320886
-0.041455 0.513014 0.262612
-0.067087 0.468694 0.214401
-0.085042 0.404833 0.184276
-0.093687 0.336329 0.178126
-0.094642 0.267052 0.183490
-0.077929 0.198707 0.178449
-0.054943 0.145141 0.190930
-0.062345 0.106634 0.253236
-0.062576 0.066996 0.298524
-0.054943 0.074078 0.368311
-0.064716 0.046760 0.423277
-0.057545 0.083542 0.483930
-0.098097 0.109114 0.523309
-0.134253 0.133139 0.546316
-0.185907 0.155299 0.543473
-0.226054 0.175991 0.522362
-0.266432 0.197992 0.481732
-0.300319 0.215292 0.435093
-0.327873 0.238841 0.377767
-0.344484 0.251855 0.307658
-0.358710 0.260842 0.243860
-0.381407 0.248304 0.171916
-0.403439 0.225350 0.115941
-0.413602 0.187220 0.058797
-0.414051 0.135698 0.010727
-0.413602 0.077530 -0.023390
-0.408861 0.012955 -0.048433
-0.403887 -0.048288 -0.069141
-0.388982 -0.105702 -0.098137
-0.363784 -0.162282 -0.120982
-0.344369 -0.217911 -0.142235
-0.305856 -0.260842 -0.162883
-0.271058 -0.302226 -0.171694
-0.233340 -0.357715 -0.172803
-0.199829 -0.407947 -0.146348
-0.198615 -0.455045 -0.098137
-0.211742 -0.528211 -0.094346
-0.219332 -0.588660 -0.072932
-0.203776 -0.656549 -0.061116
-0.203921 -0.711721 -0.016373
-0.202851 -0.745209 0.035851
-0.204933 -0.732790 0.108057
-0.217467 -0.769373 0.151793
-0.197458 -0.781772 0.219059
-0.204904 -0.805341 0.284349
-0.225779 -0.824565 0.348772
-0.247913 -0.857418 0.385793
-0.286541 -0.887176 0.434165
-0.332731 -0.922509 0.447070
-0.380279 -0.937388 0.443925
-0.421279 -0.959092 0.427532
-0.461715 -0.978316 0.398879
-0.499216 -0.986986 0.355870
-0.532192 -0.997520 0.312235
-0.564271 -0.982026 0.260314
-0.587301 -0.973971 0.208170
-0.600862 -0.969012 0.150280
-0.627737 -1.000000 0.117736
-0.645360 -0.969012 0.069867
-0.667941 -0.936773 0.048514
-0.728935 -0.915070 0.036779
-0.770498 -0.911340 0.018349
-0.812972 -0.916935 0.058213
-0.845037 -0.905150 0.111969
-0.874862 -0.887791 0.163750
-0.896099 -0.869817 0.220934
-0.906031 -0.853073 0.287494
-0.905583 -0.836944 0.354297
-0.896995 -0.828274 0.422027
-0.883897 -0.823315 0.490543
-0.869889 -0.806571 0.559866
-0.869440 -0.798516 0.621305
-0.848203 -0.796036 0.683671
-0.827429 -0.788597 0.746058
-0.806192 -0.792941 0.800258
-0.765987 -0.817740 0.830504
-0.719899 -0.839444 0.841211
-0.664790 -0.834484 0.838065
-0.626841 -0.862378 0.865790
-0.577817 -0.888406 0.870186
-0.555901 -0.911340 0.802153
-0.520221 -0.877872 0.761181
-0.478875 -0.845633 0.767492
-0.441157 -0.813395 0.778199
-0.412243 -0.760703 0.790801
-0.397338 -0.698072 0.811590
-0.380843 -0.652204 0.846252
-0.379484 -0.582153 0.860749
-0.387739 -0.533171 0.897931
-0.403656 -0.472424 0.921866
-0.422407 -0.428401 0.955882
-0.436863 -0.362060 0.962193
-0.464649 -0.316490 0.980461
-0.491525 -0.270146 0.997480
-0.517287 -0.213427 1.000000
-0.553197 -0.174364 0.998750
-0.591147 -0.138872 0.990543
-0.633621 -0.109729 0.982357
-0.675632 -0.073702 0.959048
-0.723513 -0.067115 0.936988
-0.761014 -0.058822 0.884684
-0.783596 -0.078185 0.821672
-0.796260 -0.150181 0.828608
-0.770050 -0.189561 0.871456
-0.727590 -0.194362 0.899181
-0.706353 -0.126017 0.905472
-0.734356 -0.132524 0.954632
-0.678336 -0.147244 0.954632
-0.658009 -0.084474 0.925636
-0.674273 -0.020692 0.888474
-0.699125 0.028528 0.905472
-0.699573 0.096516 0.873977
-0.717644 0.140737 0.816631
-0.752890 0.152125 0.761826
-0.789480 0.155061 0.715510
-0.821559 0.123993 0.664778
-0.858150 0.095981 0.641146
-0.887511 0.052236 0.602089
-0.914618 -0.001468 0.580978
-0.933600 -0.062770 0.570896
-0.946235 -0.131591 0.575614
-0.962962 -0.183827 0.593882
-0.963858 -0.255426 0.579082
-0.964306 -0.315260 0.596100
-0.961603 -0.364540 0.626648
-0.989157 -0.417867 0.621930
-0.995490 -0.471174 0.637678
-1.000000 -0.531306 0.596100
-0.974252 -0.580903 0.571198
-0.942173 -0.614391 0.540025
-0.914170 -0.632980 0.499375
-0.892022 -0.608797 0.451789
-0.872158 -0.561382 0.409425
-0.860405 -0.532853 0.354438
-0.829236 -0.513014 0.300097
-0.831491 -0.521386 0.246461
-0.842782 -0.456612 0.215510
-0.812510 -0.407630 0.181090
-0.796708 -0.372297 0.144513
-0.759655 -0.321450 0.125620
-0.715837 -0.287049 0.134270
-0.666149 -0.271238 0.152216
-0.618933 -0.262866 0.181716
-0.575114 -0.254196 0.227326
-0.537165 -0.244276 0.314595
-0.569910 -0.316808 0.346413
-0.518631 -0.316490 0.378856
-0.514800 -0.244733 0.407690
-0.563809 -0.228762 0.427693
-0.555901 -0.266437 0.489616
-0.521118 -0.209856 0.511352
-0.542586 -0.148018 0.490241
-0.588660 -0.173273 0.502843
-0.568782 -0.172975 0.575614
-0.556364 -0.099274 0.569625
-0.603348 -0.071380 0.549784
-0.629096 -0.111197 0.594528
-0.604707 -0.058743 0.646187
-0.631351 -0.010237 0.609953
-0.667941 0.001547 0.622555
-0.699125 0.005852 0.642416
-0.695959 0.084355 0.641146
-0.699573 0.141590 0.634210
-0.665238 0.201643 0.620357
-0.652140 0.261774 0.603016
-0.632262 0.319446 0.604609
-0.599055 0.358489 0.634532
-0.559978 0.359263 0.669194
-0.504174 0.338809 0.666351
-0.481593 0.378487 0.693128
-0.454934 0.395231 0.726217
-0.415410 0.362060 0.758660
-0.364464 0.366702 0.742287
-0.337820 0.400190 0.756785
-0.291731 0.370730 0.741017
-0.249272 0.373527 0.716760
-0.215067 0.379102 0.659414
-0.207477 0.383149 0.583498
-0.210947 0.394616 0.514820
-0.227182 0.404535 0.461568
-0.208966 0.440483 0.405331
-0.241133 0.408860 0.360588
-0.286657 0.423442 0.344517
-0.323811 0.387176 0.350345
-0.341535 0.441098 0.308767
-0.309571 0.410110 0.256785
-0.319633 0.342062 0.272372
-0.367398 0.354462 0.280719
-0.370348 0.379102 0.213151
-0.345713 0.311213 0.198492
-0.367962 0.266575 0.245594
-0.408861 0.309209 0.232992
-0.394852 0.250149 0.183954
-0.375769 0.198925 0.243538
-0.360286 0.199322 0.314756
-0.333743 0.214518 0.375549
-0.295794 0.223505 0.422975
-0.246785 0.225350 0.462193
-0.221486 0.245665 0.518268
-0.207116 0.220549 0.588841
-0.183464 0.189402 0.644614
-0.160232 0.176527 0.696596
-0.159437 0.150181 0.748901
-0.171884 0.098421 0.794572
-0.170395 0.043408 0.819151
-0.157818 -0.020414 0.843731
-0.160825 -0.076479 0.859479
-0.178968 -0.138872 0.873352
-0.183450 -0.204599 0.863270
-0.165046 -0.259771 0.825463
-0.164078 -0.286414 0.775679
-0.165321 -0.305341 0.719603
-0.169701 -0.357100 0.740715
-0.162993 -0.404535 0.701637
-0.177204 -0.415367 0.639573
-0.149737 -0.424672 0.579707
-0.120028 -0.448855 0.592007
-0.123020 -0.491945 0.537484
-0.124437 -0.475519 0.474493
-0.122659 -0.541225 0.479836
-0.103648 -0.577193 0.432895
-0.079288 -0.598262 0.386902
-0.054379 -0.600742 0.326249
-0.033200 -0.575328 0.260798
0.018411 -0.569119 0.241501
0.021794 -0.491330 0.250151
-0.002479 -0.467762 0.297415
0.032304 -0.560767 0.299310
0.072624 -0.516427 0.304674
0.046645 -0.478614 0.347663
0.038173 -0.539678 0.378231
0.089452 -0.553010 0.356495
0.104140 -0.484188 0.377606
0.072291 -0.481709 0.429911
0.101884 -0.542773 0.433843
0.145472 -0.504345 0.420131
0.126042 -0.439551 0.453684
0.105499 -0.479546 0.498427
0.156763 -0.491013 0.480461
0.175513 -0.419097 0.473223
0.129887 -0.386541 0.504093
0.156314 -0.416617 0.512280
0.181614 -0.358033 0.474795
0.170771 -0.302543 0.436988
0.156546 -0.302226 0.368633
0.139154 -0.254196 0.328306
0.072508 -0.216204 0.326874
0.059642 -0.210788 0.352240
0.115879 -0.197933 0.395874
0.134181 -0.137166 0.392568
0.119045 -0.069277 0.376820
0.098718 -0.015772 0.391156
0.073636 0.012816 0.330504
0.032983 -0.011626 0.283865
-0.010156 -0.035452 0.306872
-0.045344 -0.009106 0.246300
-0.035687 -0.043546 0.183692
-0.049580 -0.115244 0.190527
-0.099224 -0.111673 0.225350
-0.116948 -0.073007 0.168045
-0.102304 -0.126314 0.121708
-0.118727 -0.193588 0.142961
-0.150488 -0.197000 0.205811
-0.184780 -0.145082 0.221257
-0.194061 -0.158870 0.202121
-0.241812 -0.130659 0.146832
-0.242145 -0.163215 0.077973
-0.262254 -0.219775 0.087107
-0.299075 -0.227056 0.065189
-0.302126 -0.294786 0.100415
-0.306983 -0.289212 0.176009
-0.347636 -0.279907 0.173287
-0.346393 -0.331369 0.232831
-0.314429 -0.319585 0.293322
-0.309802 -0.250784 0.326249
-0.358146 -0.227215 0.336170
-0.360633 -0.278677 0.384684
-0.319633 -0.249851 0.424084
-0.329796 -0.179165 0.441082
-0.376781 -0.187081 0.467234
-0.356339 -0.219002 0.520486
-0.331488 -0.166468 0.556398
-0.351366 -0.099810 0.569948
-0.397107 -0.071599 0.584123
-0.440246 -0.037357 0.560814
-0.469623 -0.014879 0.501573
-0.507124 -0.057573 0.467557
-0.534895 -0.100663 0.460943
-0.537830 -0.077808 0.394765
-0.494691 -0.101992 0.374461
-0.503047 -0.160576 0.401541
-0.543714 -0.169563 0.367040
-0.523156 -0.159029 0.309070
-0.488821 -0.202893 0.320583
-0.519990 -0.250625 0.336654
-0.543482 -0.245963 0.276465
-0.504174 -0.251081 0.241098
-0.486566 -0.303793 0.269851
-0.532640 -0.337876 0.256704
-0.524732 -0.325795 0.195185
-0.473005 -0.348431 0.196375
-0.497857 -0.411657 0.216760
-0.534216 -0.419712 0.172420
-0.505302 -0.417232 0.123725
-0.476851 -0.464965 0.144755
-0.510058 -0.504642 0.148627
-0.526539 -0.496290 0.084688
-0.484296 -0.510237 0.062145
-0.483169 -0.569119 0.095274
-0.527667 -0.585565 0.068920
-0.511186 -0.571916 0.003388
-0.473237 -0.620581 0.010868
-0.506892 -0.675773 0.025689
-0.536934 -0.678233 -0.035912
-0.512993 -0.677003 -0.104589
-0.455614 -0.678868 -0.119410
