-0.882540 0.164169 -0.666013
-0.890693 0.117733 -0.661956
-0.886484 0.079538 -0.645152
-0.895514 0.044340 -0.630666
-0.900799 -0.003913 -0.629244
-0.904305 -0.045820 -0.618682
-0.912459 -0.087857 -0.592133
-0.904226 -0.126338 -0.575618
-0.901463 -0.171022 -0.553915
-0.894279 -0.198095 -0.512076
-0.872420 -0.232786 -0.495970
-0.836007 -0.260560 -0.475624
-0.802250 -0.288035 -0.458359
-0.764309 -0.312083 -0.446533
-0.717697 -0.327125 -0.447125
-0.672492 -0.329500 -0.447349
-0.626504 -0.322583 -0.460453
-0.587222 -0.301805 -0.473701
-0.553969 -0.278015 -0.483973
-0.519468 -0.245362 -0.487660
-0.482258 -0.226829 -0.483999
-0.439470 -0.221170 -0.458609
-0.404783 -0.254551 -0.463560
-0.367002 -0.276159 -0.469171
-0.343882 -0.307554 -0.475347
-0.324241 -0.338118 -0.489451
-0.322329 -0.370239 -0.511839
-0.312449 -0.408344 -0.521045
-0.293910 -0.430692 -0.546659
-0.285451 -0.465371 -0.562857
-0.261627 -0.489329 -0.583915
-0.286566 -0.485448 -0.618748
-0.272901 -0.443022 -0.626136
-0.234111 -0.447344 -0.644533
-0.207245 -0.450536 -0.674520
-0.175772 -0.465721 -0.696263
-0.143077 -0.432094 -0.680486
-0.133038 -0.418285 -0.642795
-0.100104 -0.405514 -0.618274
-0.101511 -0.422386 -0.576422
-0.091658 -0.443671 -0.540483
-0.110090 -0.479893 -0.528643
-0.082919 -0.510444 -0.517568
-0.096359 -0.512573 -0.474689
-0.135733 -0.529016 -0.471739
-0.131975 -0.569041 -0.473306
-0.125495 -0.576491 -0.432362
-0.171005 -0.572273 -0.421722
-0.199450 -0.601228 -0.434601
-0.198268 -0.630092 -0.400730
-0.239741 -0.614738 -0.376103
-0.287628 -0.620436 -0.391932
-0.326127 -0.625614 -0.408223
-0.342913 -0.655983 -0.440501
-0.375807 -0.673413 -0.459491
-0.401835 -0.698747 -0.484184
-0.427279 -0.710583 -0.521479
-0.441144 -0.743172 -0.545974
-0.448740 -0.791205 -0.549569
-0.468660 -0.828647 -0.547739
-0.481953 -0.868607 -0.524113
-0.490863 -0.902585 -0.494943
-0.498260 -0.932123 -0.466339
-0.494170 -0.943116 -0.418153
-0.497835 -0.969112 -0.386375
-0.499827 -0.978430 -0.337056
-0.490027 -0.961597 -0.292109
-0.491315 -0.956717 -0.247939
-0.482019 -0.928009 -0.212171
-0.486986 -0.907231 -0.175495
-0.487889 -0.861210 -0.163142
-0.494303 -0.820406 -0.148274
-0.495166 -0.776825 -0.170121
-0.526785 -0.746611 -0.188071
-0.518539 -0.700720 -0.198633
-0.541871 -0.672596 -0.220981
-0.565284 -0.640396 -0.230582
-0.588470 -0.597633 -0.222641
-0.620422 -0.570223 -0.215569
-0.647778 -0.543876 -0.182790
-0.663236 -0.519023 -0.149735
-0.684165 -0.500879 -0.116009
-0.695772 -0.500788 -0.067006
-0.695227 -0.500607 -0.022783
-0.688162 -0.501931 0.017067
-0.660354 -0.513624 0.055087
-0.640992 -0.516895 0.092449
-0.597726 -0.533104 0.103432
-0.561579 -0.542540 0.120934
-0.522337 -0.552832 0.115627
-0.487557 -0.567341 0.129876
-0.444304 -0.568133 0.125003
-0.429139 -0.595128 0.155069
-0.431077 -0.633998 0.128256
-0.397360 -0.646898 0.107185
-0.381889 -0.681849 0.097637
-0.360548 -0.707313 0.075368
-0.358078 -0.738305 0.051057
-0.343789 -0.777915 0.049043
-0.355250 -0.783495 0.001119
-0.361757 -0.777279 -0.042919
-0.327256 -0.761536 -0.074894
-0.298611 -0.769167 -0.106948
-0.281068 -0.737332 -0.126399
-0.247630 -0.734411 -0.150565
-0.220884 -0.708234 -0.158559
-0.181908 -0.702965 -0.173493
-0.149412 -0.688961 -0.153607
-0.110422 -0.682952 -0.161904
-0.074327 -0.665522 -0.154595
-0.038671 -0.650195 -0.165433
-0.022629 -0.687650 -0.171228
-0.046984 -0.696424 -0.203624
-0.036506 -0.666236 -0.226486
0.003572 -0.675710 -0.227527
-0.001421 -0.711479 -0.244554
-0.021009 -0.699500 -0.277781
0.009668 -0.674867 -0.289962
0.039202 -0.703640 -0.291925
0.018300 -0.726689 -0.318132
0.016294 -0.699474 -0.347065
0.056878 -0.693971 -0.350884
0.060649 -0.733840 -0.363487
0.034727 -0.732958 -0.396120
0.051964 -0.702069 -0.415269
0.088617 -0.728376 -0.418456
0.069042 -0.763755 -0.437406
0.048923 -0.740914 -0.469065
0.089998 -0.729467 -0.487015
0.089852 -0.747078 -0.529631
0.085150 -0.734892 -0.572774
0.078670 -0.687741 -0.569323
0.121577 -0.667936 -0.585285
0.150129 -0.676515 -0.622172
0.152161 -0.633803 -0.646166
0.191018 -0.608483 -0.630521
0.234031 -0.593908 -0.623752
0.273804 -0.594103 -0.616035
0.316379 -0.587211 -0.622014
0.347760 -0.608898 -0.609911
0.392845 -0.597062 -0.622277
0.431277 -0.612078 -0.625951
0.461063 -0.606017 -0.662483
0.481568 -0.593804 -0.697935
0.487743 -0.579917 -0.739023
0.477530 -0.572662 -0.782008
0.459603 -0.555959 -0.818461
0.425248 -0.538478 -0.846459
0.391716 -0.529068 -0.874141
0.356963 -0.536206 -0.900097
0.316114 -0.559373 -0.918627
0.277788 -0.583447 -0.927108
0.244044 -0.611195 -0.930400
0.198136 -0.623018 -0.927924
0.152918 -0.635088 -0.932283
0.107222 -0.616114 -0.930848
0.064912 -0.606510 -0.935523
0.036227 -0.570313 -0.928635
-0.001062 -0.546252 -0.936550
-0.021221 -0.505954 -0.921537
-0.042881 -0.474053 -0.932771
-0.063796 -0.434625 -0.917402
-0.084911 -0.397455 -0.932613
-0.119346 -0.368215 -0.918745
-0.143967 -0.347969 -0.940606
-0.189822 -0.329332 -0.943925
-0.226196 -0.306023 -0.946269
-0.264309 -0.297703 -0.954197
-0.312329 -0.303635 -0.949799
-0.352474 -0.297314 -0.962836
-0.395514 -0.315107 -0.944320
-0.433136 -0.333121 -0.944820
-0.474038 -0.355587 -0.928280
-0.507317 -0.377027 -0.912529
-0.552522 -0.384217 -0.903021
-0.578444 -0.412821 -0.875089
-0.626052 -0.417481 -0.867648
-0.663488 -0.437195 -0.849856
-0.697232 -0.456480 -0.823360
-0.722849 -0.476662 -0.792412
-0.765305 -0.486305 -0.772447
-0.784893 -0.513559 -0.743461
-0.817136 -0.525616 -0.706390
-0.846750 -0.539178 -0.679775
-0.854864 -0.552754 -0.632365
-0.891211 -0.556245 -0.597519
-0.902247 -0.556491 -0.553942
-0.920440 -0.561358 -0.512155
-0.929776 -0.577075 -0.466774
-0.940838 -0.593428 -0.427832
-0.936350 -0.598775 -0.379040
-0.947106 -0.612623 -0.337820
-0.940241 -0.623148 -0.291016
-0.941847 -0.641824 -0.252719
-0.945552 -0.651272 -0.203440
-0.946894 -0.661551 -0.157466
-0.943096 -0.651882 -0.111689
-0.968806 -0.645211 -0.075855
-0.966189 -0.643926 -0.026286
-0.964211 -0.623512 0.019016
-0.973122 -0.612480 0.063832
-0.956575 -0.592286 0.105447
-0.958793 -0.571637 0.150407
-0.922472 -0.554493 0.176627
-0.911530 -0.527238 0.211842
-0.884465 -0.513650 0.241749
-0.845144 -0.487589 0.254458
-0.812834 -0.468083 0.278452
-0.765544 -0.450458 0.282113
-0.724762 -0.433093 0.281797
-0.681841 -0.425229 0.272645
-0.643515 -0.412549 0.242632
-0.606597 -0.393665 0.228870
-0.568258 -0.381998 0.217518
-0.533837 -0.356249 0.213369
-0.508778 -0.326113 0.201043
-0.472497 -0.303089 0.203295
-0.469895 -0.263415 0.207786
-0.445619 -0.230813 0.215345
-0.444145 -0.193202 0.231411
-0.436496 -0.157758 0.250138
-0.440453 -0.128310 0.276701
-0.466548 -0.096656 0.285669
-0.472059 -0.064327 0.309440
-0.514807 -0.057604 0.329404
-0.538312 -0.045677 0.362789
-0.552336 -0.029922 0.397464
-0.595349 -0.021914 0.417297
-0.618895 -0.009649 0.448403
-0.649598 0.010584 0.471133
-0.649983 0.054775 0.486119
-0.667605 0.091296 0.489096
-0.670899 0.131191 0.490373
-0.650912 0.174993 0.481076
-0.632852 0.203481 0.451168
-0.610462 0.218289 0.414426
-0.605641 0.222468 0.372955
-0.585575 0.214123 0.334001
-0.570065 0.178887 0.302341
-0.587129 0.156525 0.262623
-0.567316 0.139043 0.220428
-0.545112 0.117538 0.191680
-0.522323 0.088116 0.171978
-0.535590 0.097902 0.125609
-0.500637 0.127908 0.108818
-0.461781 0.117408 0.082822
-0.477663 0.134384 0.041167
-0.478141 0.178342 0.037217
-0.475246 0.217848 0.055864
-0.443481 0.252124 0.061685
-0.452843 0.295822 0.069099
-0.454264 0.336924 0.088327
-0.459802 0.363828 0.121922
-0.453361 0.385320 0.167422
-0.457345 0.411095 0.200450
-0.449165 0.432626 0.245977
-0.437771 0.457506 0.280257
-0.421569 0.497803 0.299075
-0.424052 0.540879 0.321674
-0.406908 0.587004 0.321516
-0.412034 0.629014 0.312469
-0.400720 0.665470 0.287012
-0.401463 0.704302 0.268101
-0.394053 0.730193 0.226605
-0.412804 0.753334 0.187031
-0.415673 0.761653 0.144336
-0.441037 0.769609 0.101865
-0.458328 0.776280 0.063476
-0.478473 0.762574 0.019622
-0.498287 0.769725 -0.015197
-0.514488 0.761692 -0.061712
-0.527835 0.770309 -0.102220
-0.530929 0.770556 -0.152132
-0.526427 0.763055 -0.195288
-0.533080 0.758811 -0.244383
-0.520292 0.755216 -0.285300
-0.519096 0.739200 -0.331472
-0.527383 0.731465 -0.373970
-0.510544 0.727883 -0.414110
-0.496600 0.714061 -0.456080
-0.472604 0.710700 -0.496260
-0.437956 0.705600 -0.526694
-0.415022 0.685665 -0.566966
-0.384186 0.665574 -0.592278
-0.342541 0.653660 -0.603893
-0.307747 0.632817 -0.629178
-0.263087 0.629092 -0.638462
-0.217258 0.635737 -0.637567
-0.172877 0.639449 -0.623370
-0.132201 0.655088 -0.610741
-0.106265 0.672025 -0.577607
-0.093424 0.693958 -0.539666
-0.085615 0.716488 -0.506967
-0.078803 0.734009 -0.464008
-0.066559 0.765105 -0.431651
-0.081034 0.782795 -0.390839
-0.073677 0.800147 -0.344339
-0.056931 0.802431 -0.298285
-0.029441 0.831957 -0.268997
0.010996 0.844494 -0.259884
0.049773 0.875226 -0.261859
0.060662 0.918795 -0.282535
0.084566 0.946672 -0.302328
0.108868 0.971058 -0.330129
0.121657 0.985581 -0.376656
0.144392 1.000000 -0.410435
0.162652 0.995613 -0.457516
0.193063 0.983362 -0.489122
0.232836 0.973226 -0.511391
0.275424 0.960792 -0.520478
0.313962 0.945244 -0.509982
0.351943 0.934524 -0.486436
0.387652 0.917990 -0.479377
0.404850 0.903363 -0.441278
0.437200 0.877238 -0.414254
0.454848 0.849373 -0.385967
0.468195 0.806272 -0.366213
0.483560 0.760692 -0.372784
0.484768 0.718552 -0.381687
0.484449 0.674179 -0.403324
0.463082 0.650896 -0.442239
0.443428 0.621396 -0.467722
0.401397 0.604498 -0.488516
0.386192 0.606562 -0.527340
0.345582 0.593376 -0.552388
0.310350 0.586640 -0.580807
0.290683 0.577698 -0.621263
0.268094 0.555051 -0.657729
0.238971 0.545434 -0.689757
0.219582 0.508056 -0.715621
0.192890 0.472457 -0.723563
0.165533 0.445332 -0.740011
0.157008 0.398117 -0.729160
0.152400 0.354808 -0.708036
0.149598 0.317379 -0.682066
0.149956 0.290033 -0.649472
0.160009 0.287269 -0.600732
0.125747 0.270864 -0.572971
0.135906 0.223649 -0.565873
0.172067 0.212228 -0.533305
0.172479 0.214915 -0.489504
0.156995 0.176771 -0.476466
0.184524 0.145143 -0.485303
0.214881 0.156253 -0.452169
0.198149 0.147544 -0.414597
0.207803 0.129764 -0.380791
0.201827 0.122989 -0.341059
0.215094 0.136370 -0.304514
0.219516 0.119732 -0.269181
0.225797 0.125961 -0.229805
0.244827 0.104326 -0.202689
0.252875 0.105533 -0.163102
0.277868 0.087922 -0.139621
0.295464 0.085625 -0.104380
0.331890 0.090050 -0.087576
0.356060 0.073931 -0.060250
0.373483 0.078512 -0.023902
0.400454 0.076293 0.005939
0.389751 0.063263 0.050307
0.398861 0.039954 0.083533
0.396948 0.018345 0.118708
0.369366 0.010117 0.153791
0.346910 -0.008858 0.184292
0.305649 -0.031167 0.181434
0.274017 -0.059681 0.185503
0.239901 -0.078032 0.177127
0.199450 -0.073217 0.172031
0.160368 -0.067130 0.178550
0.118961 -0.064703 0.167975
0.101485 -0.026067 0.151039
0.099758 0.011492 0.125517
0.105097 0.033841 0.088024
0.079626 0.049091 0.051189
0.081313 0.086507 0.032857
0.084540 0.095994 -0.008982
0.051858 0.080122 -0.042195
0.018897 0.081458 -0.068481
-0.016414 0.060602 -0.059091
-0.054514 0.050310 -0.053573
-0.081313 0.030233 -0.033029
-0.113941 0.005704 -0.033371
-0.155095 -0.005730 -0.031804
-0.181204 -0.043121 -0.023810
-0.217219 -0.069285 -0.025048
-0.240060 -0.104261 -0.004478
-0.265903 -0.143002 -0.007967
-0.255199 -0.178420 0.004754
-0.222809 -0.188063 0.033029
-0.180327 -0.208607 0.043169
-0.145627 -0.233500 0.051940
-0.099984 -0.245492 0.044065
-0.061260 -0.261909 0.035781
-0.014515 -0.255057 0.030276
0.018831 -0.277821 0.035742
0.007875 -0.306516 0.061237
-0.002417 -0.281520 0.091843
0.006215 -0.236199 0.091184
-0.036015 -0.219821 0.073208
-0.068909 -0.191385 0.053981
-0.110767 -0.182495 0.035333
-0.144379 -0.171879 0.006809
-0.184590 -0.179069 -0.013775
-0.217073 -0.160198 -0.046080
-0.237205 -0.127038 -0.062159
-0.248440 -0.092062 -0.077989
-0.269209 -0.056177 -0.084455
-0.255066 -0.042900 -0.121988
-0.264163 -0.086598 -0.137330
-0.285783 -0.119433 -0.144810
-0.262211 -0.153514 -0.136210
-0.223766 -0.152022 -0.117339
-0.188162 -0.168206 -0.100377
-0.155295 -0.160289 -0.065978
-0.114366 -0.150996 -0.045105
-0.081631 -0.142379 -0.021084
-0.051220 -0.139368 0.005781
-0.040610 -0.134631 0.043683
-0.043345 -0.122782 0.083270
-0.035032 -0.093580 0.116891
-0.077063 -0.070855 0.126123
-0.105336 -0.045405 0.146983
-0.134578 -0.015451 0.150078
-0.171390 -0.045638 0.150841
-0.195878 -0.074502 0.139252
-0.192106 -0.056125 0.097414
-0.145255 -0.047858 0.095820
-0.106053 -0.056242 0.071457
-0.062867 -0.065352 0.060961
-0.028605 -0.074541 0.034807
0.005724 -0.072854 0.012247
-0.010863 -0.040161 -0.010628
-0.044235 -0.016567 0.006940
-0.082202 -0.030830 0.007493
-0.126345 -0.032829 0.017160
-0.162453 -0.053023 0.035294
-0.206024 -0.062328 0.036611
-0.241083 -0.081420 0.055443
-0.282715 -0.099758 0.047686
-0.293764 -0.127415 0.076975
-0.281347 -0.165973 0.081953
-0.269342 -0.202650 0.073472
-0.268359 -0.240845 0.060553
-0.280736 -0.277418 0.072326
-0.271560 -0.296782 0.037519
-0.231574 -0.289371 0.034451
-0.223168 -0.303855 0.071931
-0.235744 -0.341635 0.065228
-0.212863 -0.349396 0.031857
-0.176582 -0.342323 0.053191
-0.176330 -0.346489 0.096926
-0.191788 -0.324231 0.129099
-0.209835 -0.316561 0.165262
-0.234841 -0.297223 0.189849
-0.207670 -0.271980 0.205705
-0.201017 -0.252020 0.170345
-0.238480 -0.239742 0.162496
-0.242397 -0.218367 0.196513
-0.209994 -0.193176 0.190824
-0.228334 -0.180743 0.150486
-0.265836 -0.164338 0.145179
-0.246023 -0.123288 0.144612
-0.201137 -0.131918 0.145508
-0.171483 -0.121237 0.174968
-0.149478 -0.117785 0.209682
-0.114353 -0.114891 0.229726
-0.106292 -0.156149 0.226210
-0.094433 -0.170970 0.190968
-0.060105 -0.187297 0.204599
-0.076094 -0.215641 0.228238
-0.099227 -0.233513 0.199173
-0.066187 -0.240664 0.173387
-0.038591 -0.259573 0.196737
-0.063850 -0.289696 0.204520
-0.069480 -0.301130 0.165723
-0.029627 -0.306412 0.157136
-0.025152 -0.335094 0.185780
-0.051380 -0.361012 0.170451
-0.030849 -0.365684 0.135868
0.005684 -0.376755 0.152461
-0.012151 -0.410265 0.170464
-0.028552 -0.428772 0.138028
0.006919 -0.435209 0.118208
0.024687 -0.458479 0.145705
-0.006985 -0.486616 0.143243
-0.001965 -0.494987 0.103234
0.036865 -0.509108 0.107672
0.030796 -0.537919 0.134933
0.002922 -0.558360 0.111413
0.027702 -0.564862 0.079806
0.054793 -0.586095 0.102787
0.030610 -0.615257 0.117247
0.017211 -0.629079 0.080438
0.055603 -0.642914 0.069060
0.059188 -0.670766 0.101233
0.020690 -0.692180 0.102392
0.025590 -0.715671 0.062423
0.046227 -0.750920 0.084666
0.027582 -0.783223 0.104946
-0.007277 -0.815124 0.090210
-0.003825 -0.859613 0.069732
-0.008194 -0.895966 0.100890
-0.039627 -0.928853 0.115008
-0.079294 -0.950436 0.115785
-0.110077 -0.981636 0.127571
-0.147207 -0.997054 0.157492
-0.178840 -0.995743 0.187874
-0.200659 -1.000000 0.223062
-0.230193 -0.976860 0.256051
-0.249648 -0.950397 0.285142
-0.248626 -0.914096 0.310796
-0.253605 -0.876420 0.331762
-0.232331 -0.831775 0.330537
-0.206555 -0.800562 0.336819
-0.185785 -0.766611 0.306582
-0.171177 -0.732556 0.275265
-0.162532 -0.705976 0.242329
-0.177499 -0.677475 0.211684
-0.163873 -0.649209 0.187334
-0.182000 -0.614738 0.163576
-0.182346 -0.581228 0.137119
-0.197193 -0.537790 0.141952
-0.184072 -0.500204 0.129468
-0.204948 -0.469524 0.144244
-0.210008 -0.431588 0.158822
-0.228042 -0.427240 0.201254
-0.231946 -0.389798 0.230753
-0.258386 -0.380583 0.259923
-0.247523 -0.350214 0.291042
-0.272675 -0.337923 0.320212
-0.252384 -0.334653 0.358996
-0.219742 -0.307775 0.385387
-0.221017 -0.270773 0.413293
-0.211522 -0.280935 0.459425
-0.197418 -0.275160 0.502384
-0.201323 -0.301402 0.544170
-0.202651 -0.332161 0.575961
-0.198574 -0.362855 0.605802
-0.217099 -0.398130 0.621882
-0.223593 -0.443593 0.617036
-0.215240 -0.491937 0.617773
-0.202226 -0.536388 0.631693
-0.234708 -0.571196 0.626807
-0.235757 -0.618372 0.613388
-0.262224 -0.650636 0.597651
-0.299687 -0.674971 0.584889
-0.334692 -0.687079 0.557800
-0.375103 -0.688325 0.534846
-0.408980 -0.679928 0.505847
-0.434477 -0.655360 0.481405
-0.465964 -0.637671 0.453855
-0.493944 -0.605601 0.444926
-0.522244 -0.577841 0.440817
-0.536918 -0.533377 0.453183
-0.562070 -0.502138 0.464917
-0.575416 -0.467629 0.498341
-0.575363 -0.433703 0.527076
-0.574659 -0.403425 0.556997
-0.574088 -0.386060 0.600890
-0.557276 -0.378416 0.646522
-0.548963 -0.368474 0.687439
-0.522987 -0.380531 0.726881
-0.516042 -0.368786 0.768338
-0.497357 -0.365840 0.808044
-0.480771 -0.355522 0.846709
-0.457571 -0.367838 0.882951
-0.423920 -0.359260 0.918969
-0.386643 -0.364944 0.941370
-0.341133 -0.358066 0.961085
-0.299819 -0.362543 0.977783
-0.255451 -0.369837 0.994943
-0.213872 -0.387267 1.000000
-0.163024 -0.387228 0.995496
-0.120873 -0.396157 0.997774
-0.075961 -0.415690 0.992204
-0.042549 -0.431899 0.969118
0.003586 -0.430550 0.969566
0.042376 -0.447590 0.945755
0.088949 -0.451951 0.934048
0.120528 -0.476571 0.904009
0.149916 -0.486486 0.873482
0.176025 -0.508485 0.849053
0.193421 -0.529224 0.806608
0.208135 -0.547757 0.770353
0.208573 -0.565304 0.722404
0.207538 -0.573947 0.679709
0.187286 -0.575037 0.633366
0.187007 -0.563500 0.590565
0.156158 -0.544318 0.557234
0.143940 -0.516700 0.524916
0.110820 -0.492911 0.502160
0.101764 -0.452353 0.484434
0.069733 -0.423658 0.487752
0.064646 -0.382037 0.478771
0.041061 -0.350266 0.491163
0.027463 -0.308748 0.479811
0.013731 -0.276146 0.508178
0.004927 -0.231670 0.502739
-0.012457 -0.197251 0.517765
-0.023359 -0.160471 0.529842
-0.010836 -0.114359 0.534609
-0.012324 -0.076462 0.546264
0.006640 -0.032530 0.541259
0.014422 0.005587 0.547528
0.039083 0.045768 0.534951
0.045284 0.085235 0.542208
0.084261 0.116201 0.535096
0.111803 0.146091 0.533595
0.149027 0.166960 0.508916
0.174497 0.202222 0.499500
0.210698 0.215797 0.478244
0.224430 0.246141 0.443780
0.247258 0.284141 0.428912
0.271719 0.314147 0.400111
0.263393 0.341804 0.361090
0.261560 0.381011 0.343667
0.252410 0.410576 0.312021
0.221880 0.437156 0.285103
0.193129 0.466331 0.269879
0.147048 0.476830 0.253733
0.107925 0.498543 0.242842
0.066399 0.490561 0.219427
0.020159 0.499854 0.210841
-0.013692 0.505590 0.181026
-0.030159 0.517621 0.142439
-0.046811 0.505253 0.099047
-0.070078 0.502047 0.063740
-0.081087 0.498154 0.024284
-0.062960 0.478232 -0.017831
-0.057103 0.463878 -0.056734
-0.051606 0.420362 -0.078186
-0.076372 0.407072 -0.117984
-0.098324 0.393743 -0.151368
-0.128350 0.365931 -0.170780
-0.164564 0.356469 -0.191285
-0.203182 0.341921 -0.203664
-0.202744 0.329747 -0.249862
-0.189504 0.286711 -0.256407
-0.224855 0.259404 -0.245331
-0.233686 0.246841 -0.286301
-0.217803 0.209879 -0.302368
-0.217657 0.171684 -0.276253
-0.225651 0.132593 -0.283707
-0.216329 0.097162 -0.267048
-0.212903 0.059590 -0.277530
-0.212000 0.022070 -0.262886
-0.189490 -0.010740 -0.267377
-0.190699 -0.048844 -0.260331
-0.170155 -0.083717 -0.252074
-0.165175 -0.124728 -0.262373
-0.157366 -0.165818 -0.252799
-0.149319 -0.204337 -0.264493
-0.156078 -0.243558 -0.248110
-0.149013 -0.283090 -0.248927
-0.151855 -0.320091 -0.232886
-0.134658 -0.356054 -0.219032
-0.176144 -0.374029 -0.236390
-0.211256 -0.388759 -0.250744
-0.250166 -0.397092 -0.245173
-0.244681 -0.432860 -0.226697
-0.228068 -0.414989 -0.191627
-0.262676 -0.394197 -0.182593
-0.289142 -0.424099 -0.181250
-0.267191 -0.444566 -0.152303
-0.276606 -0.414431 -0.124200
-0.316326 -0.412406 -0.123002
-0.320323 -0.452522 -0.112677
-0.300590 -0.447006 -0.073775
-0.326406 -0.411498 -0.061079
-0.361624 -0.396936 -0.076040
-0.367640 -0.369474 -0.105289
-0.392805 -0.351862 -0.132681
-0.402034 -0.334549 -0.168054
-0.386032 -0.298547 -0.158717
-0.346764 -0.310279 -0.160969
-0.346790 -0.320818 -0.199739
-0.356378 -0.285491 -0.215569
-0.326220 -0.263739 -0.201214
-0.295344 -0.285582 -0.218848
-0.310032 -0.278418 -0.259383
-0.315012 -0.238198 -0.265362
-0.273804 -0.229957 -0.266402
-0.268359 -0.245258 -0.308110
-0.289541 -0.211203 -0.329194
-0.294866 -0.181457 -0.357060
-0.315171 -0.150724 -0.370598
-0.322554 -0.130776 -0.412161
-0.356870 -0.108051 -0.425567
-0.378994 -0.066845 -0.423025
-0.388091 -0.038306 -0.457950
-0.417545 -0.006067 -0.468196
-0.434743 0.030596 -0.478284
-0.446363 0.074969 -0.479996
-0.462166 0.112931 -0.494192
-0.480306 0.151191 -0.501514
-0.512709 0.177926 -0.476071
-0.536121 0.212916 -0.469934
-0.558046 0.243324 -0.437986
-0.575191 0.279806 -0.424474
-0.599466 0.294926 -0.383767
-0.624525 0.319170 -0.361024
-0.656131 0.325841 -0.323729
-0.682996 0.340493 -0.295256
-0.715598 0.330396 -0.258830
-0.745438 0.320545 -0.226368
-0.775305 0.297678 -0.204414
-0.794295 0.269138 -0.169318
-0.816791 0.244077 -0.142821
-0.811997 0.201041 -0.123133
-0.822223 0.162067 -0.105644
-0.802794 0.119459 -0.099349
-0.796831 0.077357 -0.095702
-0.765119 0.042822 -0.102655
-0.743460 0.002018 -0.102273
-0.702624 -0.019565 -0.117852
-0.692465 -0.059084 -0.117062
-0.670420 -0.085508 -0.144007
-0.661696 -0.130270 -0.153383
-0.640727 -0.167427 -0.171794
-0.617567 -0.208400 -0.167264
-0.647911 -0.239612 -0.144059
-0.679225 -0.273265 -0.159362
-0.683236 -0.313200 -0.132734
-0.726501 -0.317677 -0.109635
-0.773074 -0.317015 -0.094832
-0.795158 -0.329734 -0.052743
-0.835595 -0.307269 -0.033134
-0.861093 -0.280468 -0.012248
-0.892579 -0.250917 0.002950
-0.900919 -0.209879 0.029368
-0.924013 -0.170088 0.032462
-0.927372 -0.130659 0.050992
-0.937465 -0.086286 0.058340
-0.953175 -0.052400 0.080623
-0.947757 -0.010402 0.105420
-0.953653 0.018306 0.135051
-0.970997 0.033465 0.171781
-0.978274 0.035126 0.220678
-0.990505 0.044379 0.263545
-0.991209 0.020992 0.307135
-1.000000 -0.001590 0.341705
-0.997464 -0.031505 0.381753
-0.991674 -0.045534 0.420852
-0.986189 -0.084729 0.444557
-0.966880 -0.106909 0.483881
-0.960944 -0.122613 0.529157
-0.925832 -0.145065 0.557142
-0.901211 -0.139861 0.599784
-0.885807 -0.138096 0.641992
-0.852341 -0.131970 0.676864
-0.836512 -0.116059 0.719809
-0.798425 -0.119861 0.748663
-0.782834 -0.113658 0.787315
-0.743234 -0.102613 0.816591
-0.701123 -0.100835 0.832736
-0.657672 -0.086598 0.854334
-0.614379 -0.090362 0.861946
-0.564832 -0.081614 0.865159
-0.521420 -0.083353 0.854676
-0.476694 -0.063120 0.842021
-0.445446 -0.048675 0.814299
-0.408064 -0.024886 0.805818
-0.385926 0.003082 0.772065
-0.365316 0.033387 0.750112
-0.346910 0.064236 0.715503
-0.351438 0.084755 0.671649
-0.349526 0.120991 0.646759
-0.344294 0.159160 0.628269
-0.333457 0.188101 0.588932
-0.321187 0.218315 0.556338
-0.318650 0.253954 0.535241
-0.303166 0.295666 0.520689
-0.290802 0.333147 0.505373
-0.257151 0.359130 0.479232
-0.221136 0.380596 0.468394
-0.182850 0.402257 0.446019
-0.143077 0.417805 0.442029
-0.101657 0.429628 0.454829
-0.068073 0.431770 0.483077
-0.030756 0.447045 0.506018
-0.014966 0.449900 0.547028
0.007822 0.455105 0.585140
0.015856 0.437026 0.629494
0.040092 0.443346 0.667316
0.062415 0.413899 0.700911
0.084712 0.403036 0.735573
0.122201 0.378857 0.758251
0.171616 0.372511 0.767035
0.212159 0.353523 0.773092
0.260219 0.355068 0.758145
0.302037 0.356690 0.756460
0.339778 0.332589 0.735836
0.379738 0.329202 0.705455
0.423468 0.324465 0.692878
0.461090 0.296055 0.677773
0.497809 0.285270 0.656109
0.528844 0.254161 0.646101
0.555005 0.216187 0.647786
0.577554 0.177797 0.651803
0.580224 0.135552 0.654595
0.602149 0.097681 0.662049
0.599015 0.050259 0.662299
0.607434 0.006599 0.664577
0.598523 -0.036151 0.644915
0.612109 -0.074502 0.633800
0.631803 -0.110206 0.605895
0.640249 -0.131062 0.562199
0.671987 -0.146013 0.527814
0.672226 -0.158978 0.481655
0.696675 -0.157486 0.443161
0.702080 -0.131399 0.400637
0.705864 -0.115345 0.359035
0.683541 -0.084937 0.326283
0.681363 -0.041174 0.306911
0.667605 -0.021771 0.266890
0.666994 0.018345 0.256025
0.661523 0.042991 0.212895
0.641006 0.057552 0.175837
0.640302 0.076047 0.137712
0.629704 0.079784 0.091303
0.630979 0.086468 0.049174
0.640660 0.067870 0.006611
0.642719 0.040681 -0.029578
0.651297 0.004121 -0.056720
0.653263 -0.039318 -0.072998
0.665640 -0.078915 -0.081031
0.672612 -0.124754 -0.088774
0.707219 -0.148985 -0.104828
0.741627 -0.174474 -0.105118
0.782157 -0.183118 -0.106382
0.825184 -0.168608 -0.125069
0.861770 -0.147388 -0.129257
0.899272 -0.119174 -0.127018
0.937585 -0.094787 -0.143401
0.966296 -0.068532 -0.158230
0.972975 -0.024912 -0.182843
0.972790 0.011246 -0.209182
0.978951 0.048831 -0.233440
0.985419 0.078370 -0.271670
0.994781 0.109855 -0.302052
0.992005 0.121419 -0.350225
1.000000 0.137733 -0.390076
0.990571 0.130620 -0.437617
0.988340 0.148790 -0.478705
0.970519 0.148595 -0.522836
0.966375 0.145221 -0.569639
0.955273 0.108726 -0.600258
0.941369 0.100952 -0.646983
0.912858 0.098992 -0.684700
0.927001 0.100147 -0.731464
0.905208 0.073062 -0.765309
0.891716 0.090946 -0.809295
0.880800 0.097707 -0.852174
0.842966 0.120653 -0.873337
0.824546 0.143534 -0.905339
0.795118 0.182689 -0.914399
0.773074 0.214577 -0.931836
0.737590 0.249839 -0.935299
0.699424 0.269203 -0.944913
0.651922 0.278054 -0.945677
0.616996 0.302428 -0.950971
0.571485 0.286257 -0.961506
0.531208 0.277159 -0.978508
0.504648 0.236900 -0.986765
0.481647 0.206154 -1.000000
0.479005 0.159303 -0.989715
0.469005 0.121497 -0.996563
0.460094 0.080148 -0.979469
0.456601 0.037475 -0.977862
0.476322 -0.000513 -0.953842
0.489323 -0.032582 -0.928530
0.469602 -0.067312 -0.899479
0.459058 -0.102029 -0.877789
0.499748 -0.118888 -0.853886
0.525710 -0.127038 -0.820186
0.510491 -0.132048 -0.775002
0.513492 -0.163469 -0.746701
0.548126 -0.149270 -0.719414
0.536559 -0.116253 -0.695841
0.529641 -0.097292 -0.661219
0.513280 -0.066118 -0.639871
0.508791 -0.027689 -0.628546
0.492736 0.002602 -0.608845
0.472697 0.015516 -0.643190
0.447465 -0.016852 -0.644152
0.432246 -0.014023 -0.606118
0.416164 0.022018 -0.611768
0.391782 0.011220 -0.641821
0.370189 -0.015853 -0.621500
0.355847 0.009935 -0.593213
0.337667 0.034801 -0.619591
0.313113 0.009610 -0.638713
0.293804 -0.003640 -0.604551
0.278957 0.035243 -0.595293
0.259223 0.045444 -0.632760
0.233779 0.010714 -0.642940
0.203700 -0.017151 -0.647233
0.193395 -0.056878 -0.644296
0.159836 -0.052854 -0.674889
0.178402 -0.058850 -0.711895
0.193660 -0.069402 -0.746319
0.236421 -0.062069 -0.740432
0.261839 -0.057851 -0.709643
0.296048 -0.070141 -0.729963
0.295371 -0.037838 -0.755683
0.299275 -0.009987 -0.725946
0.334772 -0.026002 -0.712579
0.356272 -0.023705 -0.746951
0.353629 0.016216 -0.750059
0.372049 0.024393 -0.713132
0.407572 0.005951 -0.724366
0.424624 -0.006924 -0.763229
0.442047 -0.049986 -0.753641
0.403216 -0.078863 -0.752522
0.370216 -0.103080 -0.748084
0.340323 -0.119978 -0.727750
0.365475 -0.149997 -0.712922
0.388861 -0.125325 -0.690165
0.359300 -0.110115 -0.667751
0.347614 -0.145831 -0.653225
0.382301 -0.158394 -0.636434
0.386962 -0.127428 -0.610517
0.351505 -0.131373 -0.591079
0.359858 -0.170944 -0.578621
0.394385 -0.162210 -0.555588
0.383695 -0.134423 -0.524982
0.371331 -0.162962 -0.494456
0.411198 -0.189698 -0.492243
0.451329 -0.166973 -0.485329
0.473068 -0.185311 -0.449127
0.502032 -0.212864 -0.477164
0.529999 -0.230541 -0.503635
0.537794 -0.240651 -0.545013
0.568126 -0.259625 -0.564569
0.588842 -0.278522 -0.593094
0.600449 -0.320026 -0.610240
0.618762 -0.347748 -0.635855
0.634472 -0.384503 -0.646917
0.658774 -0.420323 -0.626939
0.676994 -0.454521 -0.608989
0.698627 -0.483229 -0.584271
0.727630 -0.501931 -0.551940
0.749436 -0.525343 -0.520202
0.757443 -0.526927 -0.472252
0.773233 -0.537387 -0.433824
0.780935 -0.513338 -0.390826
0.779103 -0.501489 -0.350778
0.778293 -0.470783 -0.320476
0.768014 -0.423100 -0.309190
0.739542 -0.391874 -0.300050
0.713487 -0.361193 -0.314457
0.685453 -0.346723 -0.351634
0.637181 -0.348734 -0.359338
0.592069 -0.330396 -0.368175
0.572681 -0.347787 -0.409764
0.541247 -0.384009 -0.406090
0.506919 -0.408201 -0.408499
0.492909 -0.440517 -0.390418
0.465632 -0.467759 -0.381423
0.449005 -0.486733 -0.348856
0.451236 -0.519153 -0.324413
0.435075 -0.545719 -0.295612
0.454052 -0.561280 -0.260950
0.422220 -0.564836 -0.231675
0.390308 -0.579904 -0.210538
0.353629 -0.578061 -0.194300
0.352049 -0.541553 -0.168936
0.379950 -0.511677 -0.171781
0.397081 -0.476947 -0.181618
0.415474 -0.489640 -0.215424
0.379100 -0.494676 -0.234941
0.366763 -0.456506 -0.233018
0.398104 -0.444255 -0.255432
0.395275 -0.466136 -0.288685
0.356192 -0.454832 -0.297337
0.363935 -0.415274 -0.302750
0.393695 -0.419207 -0.330445
0.369233 -0.438363 -0.356784
0.339619 -0.409992 -0.360115
0.368782 -0.381712 -0.374378
0.380070 -0.404995 -0.408710
0.347441 -0.399921 -0.431322
0.318146 -0.384282 -0.450207
0.287456 -0.362920 -0.462823
0.254349 -0.361868 -0.481774
0.226647 -0.348462 -0.506308
0.188016 -0.352212 -0.510272
0.153489 -0.343296 -0.526049
0.120648 -0.322323 -0.525878
0.082587 -0.315471 -0.536005
0.095429 -0.274784 -0.544249
0.119200 -0.280313 -0.578555
0.084553 -0.294602 -0.601351
0.060609 -0.263843 -0.612506
0.048511 -0.238977 -0.642821
0.053438 -0.200976 -0.624121
0.090542 -0.185752 -0.634143
0.073929 -0.171930 -0.675442
0.033226 -0.153268 -0.667922
0.007636 -0.123132 -0.673572
-0.028392 -0.110686 -0.664235
-0.058591 -0.085923 -0.670898
-0.089400 -0.065820 -0.657571
-0.117248 -0.039162 -0.662536
-0.132759 -0.002914 -0.666790
-0.156676 0.026041 -0.657084
-0.185068 0.054217 -0.668093
-0.194032 0.091166 -0.657597
-0.214855 0.125585 -0.667488
-0.233553 0.160510 -0.670543
-0.260325 0.176058 -0.631706
-0.262649 0.193968 -0.591132
-0.243207 0.210489 -0.554047
-0.216023 0.225245 -0.523968
-0.204563 0.190412 -0.492823
-0.156277 0.182638 -0.500277
-0.114725 0.174552 -0.497709
-0.086943 0.151814 -0.516014
-0.067767 0.115241 -0.526721
-0.035723 0.095060 -0.542445
-0.021460 0.067027 -0.572089
-0.006826 0.031881 -0.542998
0.005564 -0.003563 -0.524732
0.017357 -0.007897 -0.486067
0.021580 -0.027300 -0.453051
