0.195492 0.102577 -0.899140
0.204958 0.175943 -0.877854
0.212174 0.239598 -0.862180
0.206762 0.316362 -0.833377
0.226604 0.381647 -0.800184
0.254556 0.438669 -0.787657
0.261772 0.509693 -0.753202
0.307329 0.546261 -0.737548
0.353767 0.571030 -0.729410
0.411490 0.573165 -0.729410
0.465157 0.571742 -0.720631
0.517468 0.541601 -0.724399
0.563011 0.504666 -0.757592
0.598641 0.438301 -0.766972
0.601339 0.401710 -0.836504
0.590516 0.391311 -0.909162
0.556705 0.393836 -0.960534
0.551741 0.471656 -0.981820
0.549490 0.535518 -1.000000
0.532794 0.607254 -0.968050
0.531452 0.671805 -0.934858
0.534150 0.730273 -0.885991
0.533255 0.780476 -0.837766
0.532794 0.830703 -0.775130
0.536863 0.845762 -0.702471
0.562117 0.878037 -0.666754
0.568870 0.928264 -0.605380
0.576547 0.958382 -0.543685
0.592334 0.966278 -0.473532
0.618483 0.977756 -0.419976
0.639234 0.968436 -0.352649
0.668990 0.939030 -0.298150
0.704172 0.894542 -0.259305
0.739339 0.857974 -0.228157
0.768201 0.796981 -0.198252
0.805186 0.757521 -0.181015
0.825923 0.685073 -0.153294
0.856588 0.628419 -0.141549
0.863804 0.544471 -0.137019
0.893560 0.475604 -0.143753
0.894469 0.391679 -0.146259
0.923330 0.343265 -0.158626
0.927847 0.262370 -0.175222
0.948584 0.208034 -0.208735
0.965713 0.148855 -0.231445
0.984660 0.072459 -0.247880
0.990966 -0.012729 -0.246317
1.000000 -0.078290 -0.251328
0.998182 -0.163478 -0.245535
0.993679 -0.246232 -0.242549
0.981962 -0.324603 -0.216873
0.972928 -0.401366 -0.187749
0.959407 -0.475971 -0.152833
0.933244 -0.530491 -0.108116
0.909809 -0.578192 -0.073821
0.874627 -0.608333 -0.020946
0.836746 -0.625549 0.033313
0.790756 -0.612993 0.081137
0.751071 -0.568505 0.103666
0.703263 -0.528333 0.097252
0.658167 -0.507168 0.063559
0.645540 -0.491397 -0.011706
0.616679 -0.489240 -0.071877
0.594124 -0.455885 -0.129663
0.581511 -0.424321 -0.188531
0.576995 -0.412476 -0.251488
0.599550 -0.406393 -0.312241
0.595033 -0.381280 -0.375499
0.631110 -0.382542 -0.428755
0.650057 -0.420373 -0.488244
0.672598 -0.470944 -0.528652
0.705067 -0.519725 -0.543064
0.737535 -0.593251 -0.534285
0.753770 -0.651719 -0.484175
0.745645 -0.695472 -0.427813
0.726713 -0.735644 -0.365797
0.703263 -0.719874 -0.298150
0.667186 -0.702290 -0.252731
0.625698 -0.661039 -0.225331
0.589174 -0.621945 -0.186507
0.601339 -0.564557 -0.125894
0.623894 -0.492476 -0.103105
0.651846 -0.422531 -0.095749
0.671703 -0.345400 -0.103586
0.687923 -0.276717 -0.092381
0.703263 -0.195753 -0.067888
0.691531 -0.132350 -0.019222
0.695138 -0.092683 0.037582
0.679813 -0.061372 0.106793
0.656363 -0.033618 0.166764
0.623894 -0.012109 0.217654
0.593229 0.018743 0.258544
0.560313 0.081504 0.287807
0.514308 0.129664 0.298471
0.475980 0.169653 0.313964
0.443511 0.232964 0.300976
0.406987 0.286588 0.276222
0.376322 0.340924 0.253994
0.352411 0.400287 0.207873
0.328975 0.447989 0.181496
0.340693 0.474181 0.119360
0.331226 0.496769 0.074983
0.301009 0.517222 0.028843
0.282970 0.524385 -0.026498
0.269434 0.477050 -0.080335
0.219836 0.448700 -0.099036
0.186920 0.486370 -0.111964
0.168882 0.446198 -0.164579
0.130554 0.404603 -0.151731
0.082514 0.432218 -0.158626
0.035167 0.421452 -0.137640
0.010361 0.394548 -0.083923
-0.005412 0.472390 -0.061454
-0.024128 0.528333 -0.062717
-0.040824 0.572086 -0.041490
-0.067867 0.556316 0.014692
-0.069902 0.595042 0.066385
-0.044201 0.604385 0.129041
0.001573 0.647426 0.125814
-0.015787 0.712344 0.118498
-0.028861 0.738881 0.176946
-0.016465 0.719506 0.242869
0.033811 0.718083 0.264016
0.056366 0.763260 0.282656
0.087478 0.729561 0.331823
0.132343 0.691179 0.334489
0.175188 0.665699 0.324928
0.215320 0.637739 0.322102
0.232910 0.561687 0.318514
0.252753 0.498560 0.288449
0.268092 0.426479 0.236616
0.262681 0.363352 0.187368
0.244643 0.349716 0.114009
0.276650 0.395627 0.069852
0.311384 0.354743 0.024694
0.324458 0.328023 -0.035698
0.327619 0.326209 -0.096230
0.360088 0.365142 -0.123389
0.388040 0.347925 -0.189012
0.424116 0.349716 -0.224550
0.471016 0.366221 -0.185084
0.504394 0.338238 -0.133250
0.502590 0.269900 -0.086509
0.489963 0.196029 -0.076647
0.471463 0.127162 -0.084083
0.436296 0.076316 -0.114630
0.415559 0.028867 -0.161592
0.403827 -0.021750 -0.198092
0.372267 -0.031552 -0.254455
0.375875 -0.045463 -0.311299
0.362339 -0.086347 -0.377383
0.341588 -0.147409 -0.418733
0.324906 -0.200138 -0.454431
0.305511 -0.261475 -0.467579
0.287473 -0.328023 -0.447215
0.276202 -0.375357 -0.402758
0.270791 -0.396339 -0.335111
0.240573 -0.417504 -0.277786
0.218480 -0.419294 -0.220320
0.204497 -0.375541 -0.159247
0.184669 -0.311862 -0.124171
0.163470 -0.240494 -0.115552
0.135951 -0.169286 -0.130284
0.097854 -0.146697 -0.176946
0.075530 -0.139971 -0.234251
0.054331 -0.166508 -0.290634
0.034042 -0.140430 -0.345132
0.030882 -0.125532 -0.398368
-0.011285 -0.124362 -0.445972
-0.026610 -0.088872 -0.497966
-0.021646 -0.061096 -0.540558
-0.072153 -0.075007 -0.602874
-0.104622 -0.052511 -0.652362
-0.144768 -0.011742 -0.682428
-0.169906 0.060224 -0.701209
-0.182750 0.130560 -0.719388
-0.188738 0.214669 -0.711230
-0.189965 0.291960 -0.708104
-0.190528 0.364063 -0.679301
-0.168550 0.439036 -0.652362
-0.149949 0.500350 -0.676154
-0.159762 0.584298 -0.671764
-0.171263 0.658169 -0.639213
-0.159300 0.721664 -0.624181
-0.188507 0.802009 -0.601612
-0.196055 0.852235 -0.542743
-0.181292 0.900281 -0.493897
-0.158174 0.922525 -0.434688
-0.137553 0.939030 -0.380510
-0.119053 0.949796 -0.321641
-0.105300 0.970594 -0.265579
-0.103843 1.000000 -0.209356
-0.138332 0.998554 -0.151430
-0.149271 0.944769 -0.090818
-0.157049 0.949062 -0.038825
-0.198205 0.917498 -0.000822
-0.225710 0.862267 0.035958
-0.261397 0.819225 0.048406
-0.303837 0.787661 0.022088
-0.339207 0.765417 -0.018781
-0.360521 0.750359 -0.083061
-0.366264 0.712344 -0.149847
-0.366408 0.673251 -0.206550
-0.351732 0.605096 -0.248201
-0.365514 0.545549 -0.279048
-0.358674 0.477050 -0.305346
-0.375630 0.414634 -0.319757
-0.354229 0.398129 -0.258383
-0.386554 0.448356 -0.227997
-0.426050 0.406737 -0.260408
-0.410595 0.333395 -0.233950
-0.413250 0.361194 -0.170051
-0.460438 0.391311 -0.183219
-0.478693 0.316362 -0.206691
-0.465388 0.285326 -0.142811
-0.496616 0.341291 -0.112906
-0.542621 0.327288 -0.151270
-0.564498 0.265423 -0.186346
-0.573401 0.180052 -0.193542
-0.591656 0.114422 -0.188852
-0.586028 0.043260 -0.207011
-0.558408 -0.016218 -0.244273
-0.533602 -0.074433 -0.272474
-0.489747 -0.109050 -0.298150
-0.458736 -0.151105 -0.313503
-0.411894 -0.138181 -0.346375
-0.363003 -0.167403 -0.338237
-0.334286 -0.211088 -0.346696
-0.282191 -0.220591 -0.350444
-0.247861 -0.275110 -0.314425
-0.227571 -0.348109 -0.287507
-0.250963 -0.434009 -0.260568
-0.267313 -0.507168 -0.254936
-0.230833 -0.524040 -0.201379
-0.244700 -0.478841 -0.144375
-0.289046 -0.512907 -0.133110
-0.271426 -0.590749 -0.124491
-0.235797 -0.576034 -0.071556
-0.268381 -0.532993 -0.028061
-0.300735 -0.593963 -0.030366
-0.266866 -0.656034 -0.012327
-0.246851 -0.619811 0.050670
-0.293216 -0.601148 0.080997
-0.311990 -0.673595 0.075184
-0.279796 -0.704080 0.129582
-0.294284 -0.657090 0.192139
-0.347475 -0.652430 0.201138
-0.390897 -0.677199 0.211722
-0.434507 -0.668568 0.202401
-0.430553 -0.615495 0.257902
-0.407565 -0.553791 0.219859
-0.444536 -0.550577 0.171474
-0.479256 -0.522961 0.213445
-0.454349 -0.459834 0.239422
-0.446008 -0.431851 0.176866
-0.491998 -0.431483 0.156982
-0.506313 -0.382887 0.209918
-0.471031 -0.329813 0.193622
-0.486255 -0.327128 0.129222
-0.533154 -0.308993 0.143753
-0.519402 -0.245704 0.181796
-0.491104 -0.217905 0.130825
-0.529648 -0.225779 0.086148
-0.560775 -0.177458 0.127899
-0.525261 -0.115088 0.129121
-0.523457 -0.113481 0.054659
-0.573401 -0.101452 0.037321
-0.565277 -0.020373 0.022509
-0.530110 -0.018651 -0.029905
-0.549043 -0.079713 -0.080095
-0.597068 -0.068717 -0.099196
-0.576778 -0.031759 -0.152512
-0.566403 -0.103220 -0.191518
-0.595942 -0.168321 -0.216251
-0.616693 -0.204981 -0.255397
-0.602941 -0.284247 -0.267463
-0.605192 -0.363512 -0.246477
-0.618497 -0.431851 -0.220641
-0.630893 -0.491030 -0.177888
-0.642394 -0.536574 -0.123229
-0.661342 -0.581773 -0.073440
-0.669221 -0.637372 -0.025175
-0.637878 -0.668568 0.025756
-0.641947 -0.635581 0.097673
-0.675989 -0.649561 0.128520
-0.664271 -0.699788 0.179531
-0.648037 -0.683283 0.241787
-0.654574 -0.654244 0.295183
-0.665844 -0.640608 0.347477
-0.660880 -0.609389 0.415907
-0.665397 -0.549865 0.461947
-0.673059 -0.487449 0.500150
-0.677114 -0.417871 0.537432
-0.674863 -0.336631 0.558097
-0.675989 -0.261108 0.579082
-0.669004 -0.185538 0.611333
-0.644646 -0.110657 0.636087
-0.634501 -0.029349 0.644846
-0.625265 0.053704 0.637009
-0.625929 0.130743 0.642020
-0.599333 0.207506 0.634824
-0.600012 0.281377 0.595358
-0.613086 0.347214 0.565292
-0.633375 0.396706 0.511435
-0.668774 0.430772 0.471648
-0.705976 0.440826 0.420617
-0.742731 0.455885 0.387104
-0.763020 0.488528 0.325550
-0.780842 0.508614 0.261971
-0.783771 0.511828 0.187829
-0.792560 0.476316 0.122186
-0.812863 0.437957 0.070113
-0.837655 0.366221 0.045299
-0.875536 0.328918 0.026217
-0.888163 0.250892 0.005492
-0.921541 0.191897 0.012427
-0.948598 0.130743 0.049849
-0.972048 0.086990 0.094747
-0.988282 0.039816 0.133411
-1.000000 -0.029762 0.173198
-0.988730 -0.107283 0.195125
-0.992337 -0.166164 0.226895
-0.962120 -0.237096 0.236455
-0.923792 -0.267581 0.277164
-0.901699 -0.259317 0.345754
-0.902593 -0.271874 0.408070
-0.870124 -0.305595 0.454431
-0.814206 -0.319415 0.460704
-0.765964 -0.300752 0.466958
-0.725601 -0.275638 0.445030
-0.699670 -0.299145 0.391173
-0.652092 -0.265791 0.376441
-0.611960 -0.237991 0.394300
-0.570010 -0.264344 0.381772
-0.524915 -0.266135 0.388347
-0.521206 -0.216643 0.329779
-0.519402 -0.143552 0.358121
-0.479371 -0.160241 0.404001
-0.445604 -0.192976 0.359844
-0.442227 -0.127162 0.321802
-0.425257 -0.082307 0.372692
-0.389180 -0.133957 0.396184
-0.366293 -0.136207 0.333066
-0.361819 -0.056918 0.328215
-0.339106 -0.056574 0.392736
-0.304746 -0.116924 0.372692
-0.289854 -0.068327 0.317252
-0.276044 -0.011007 0.368143
-0.247587 -0.068052 0.413401
-0.210485 -0.108729 0.364555
-0.166414 -0.065986 0.350925
-0.125705 -0.067202 0.364555
-0.080047 -0.075558 0.339019
-0.042614 -0.114858 0.315227
-0.024806 -0.171099 0.261350
-0.015340 -0.197452 0.191357
-0.004286 -0.223828 0.122186
-0.012410 -0.267581 0.061935
-0.037664 -0.311518 0.009120
-0.067867 -0.337527 -0.048145
-0.105416 -0.362456 -0.099517
-0.147698 -0.393469 -0.136538
-0.200009 -0.413555 -0.143753
-0.240429 -0.392758 -0.184302
-0.278872 -0.373199 -0.218917
-0.321673 -0.335552 -0.244132
-0.360449 -0.279403 -0.244593
-0.387203 -0.210904 -0.236756
-0.408344 -0.140063 -0.227997
-0.435243 -0.088321 -0.196368
-0.454796 -0.055036 -0.132950
-0.466745 -0.039702 -0.070854
-0.481738 -0.046405 -0.000120
-0.451520 -0.044522 0.055922
-0.437263 -0.129848 0.077168
-0.391373 -0.159346 0.109940
-0.382874 -0.197452 0.158946
-0.354287 -0.267925 0.146419
-0.323448 -0.317785 0.145317
-0.289912 -0.357429 0.106051
-0.251815 -0.381808 0.080836
-0.206546 -0.400287 0.062055
-0.164264 -0.411397 0.045800
-0.112978 -0.393836 0.036079
-0.063596 -0.380568 0.053797
-0.033825 -0.360298 0.115291
-0.007894 -0.378778 0.166303
0.002251 -0.340557 0.233629
-0.008125 -0.327128 0.300355
-0.009481 -0.344505 0.351386
0.022988 -0.315466 0.402137
0.011270 -0.279954 0.465715
0.009019 -0.306858 0.515183
0.045760 -0.275822 0.554970
0.054331 -0.209113 0.597863
0.057044 -0.164901 0.645166
0.058617 -0.100029 0.682107
0.066742 -0.046542 0.718125
0.087926 0.016700 0.730653
0.110928 0.080700 0.718125
0.136413 0.132809 0.711872
0.167078 0.175392 0.671784
0.170238 0.243363 0.628550
0.174293 0.306123 0.607264
0.171580 0.369435 0.561223
0.140915 0.434353 0.536490
0.112732 0.497848 0.543064
0.072831 0.549498 0.543365
0.025701 0.579271 0.553386
-0.008572 0.617285 0.575956
-0.061114 0.644557 0.572809
-0.104853 0.624471 0.614159
-0.116802 0.586801 0.672406
-0.142618 0.584298 0.723136
-0.143859 0.557027 0.786414
-0.131911 0.496425 0.836524
-0.112068 0.437590 0.874085
-0.098547 0.379122 0.909803
-0.103049 0.324970 0.946764
-0.124926 0.249286 0.956786
-0.133483 0.199610 0.990599
-0.186819 0.178628 0.993105
-0.226099 0.150829 1.000000
-0.273966 0.142129 0.984326
-0.316594 0.110382 0.952396
-0.355355 0.070485 0.939227
-0.378083 0.003317 0.909803
-0.391835 -0.068075 0.914814
-0.396121 -0.148671 0.911046
-0.384115 -0.225067 0.904151
-0.370074 -0.296275 0.900403
-0.360189 -0.366382 0.889760
-0.356177 -0.447644 0.865326
-0.347042 -0.507535 0.818344
-0.328499 -0.569217 0.797679
-0.304371 -0.620867 0.753823
-0.277848 -0.671093 0.716261
-0.265105 -0.721664 0.674591
-0.265683 -0.762548 0.612595
-0.258857 -0.810617 0.577198
-0.282927 -0.857951 0.534926
-0.312409 -0.886646 0.481049
-0.318152 -0.921079 0.423102
-0.311399 -0.941900 0.355615
-0.274803 -0.960539 0.302219
-0.242334 -0.999288 0.270430
-0.202260 -1.000000 0.224088
-0.150959 -0.991392 0.206630
-0.103381 -0.998577 0.203023
-0.053220 -0.969882 0.201620
-0.008355 -0.949062 0.232547
0.023219 -0.921814 0.279509
0.052080 -0.911047 0.325249
0.075083 -0.860844 0.366278
0.088157 -0.862267 0.422481
0.125128 -0.835730 0.443787
0.157150 -0.775472 0.447856
0.192779 -0.750726 0.473532
0.214425 -0.715214 0.413080
0.206315 -0.654588 0.369405
0.230659 -0.583564 0.360005
0.241035 -0.522594 0.328837
0.250949 -0.566714 0.272634
0.204049 -0.574956 0.252430
0.203602 -0.492821 0.235052
0.242839 -0.497848 0.197390
0.222997 -0.555604 0.157764
0.182403 -0.501085 0.138201
0.209922 -0.449779 0.125193
0.241035 -0.496769 0.078010
0.207657 -0.563478 0.048406
0.173384 -0.536230 0.004891
0.180152 -0.554869 -0.056363
0.149487 -0.603650 -0.090577
0.099427 -0.619076 -0.102103
0.066280 -0.620155 -0.147983
0.030665 -0.586433 -0.191357
0.007663 -0.543047 -0.237077
-0.007446 -0.459834 -0.237859
