-0.588737 0.183648 -0.148724
-0.542199 0.160945 -0.192439
-0.501169 0.116908 -0.205841
-0.466137 0.072982 -0.222218
-0.421200 0.029638 -0.200332
-0.392765 -0.012052 -0.158027
-0.355065 -0.042061 -0.107830
-0.308228 -0.054121 -0.053210
-0.274264 -0.060513 0.024746
-0.293797 -0.069377 0.049530
-0.412533 -0.062607 0.030122
-0.466308 -0.067519 0.085410
-0.504499 -0.048453 0.140964
-0.541196 -0.035480 0.179627
-0.556203 -0.031055 0.246506
-0.580048 -0.016728 0.291480
-0.577380 -0.011627 0.358359
-0.582055 -0.003204 0.413456
-0.579387 -0.006274 0.473643
-0.554196 -0.019924 0.536194
-0.534535 -0.031795 0.592492
-0.505502 -0.064937 0.647303
-0.469980 -0.104187 0.686634
-0.431127 -0.140840 0.718205
-0.388346 -0.179082 0.746802
-0.337560 -0.213531 0.767049
-0.272813 -0.240091 0.784321
-0.214149 -0.259047 0.809944
-0.138920 -0.258795 0.821269
-0.078720 -0.241083 0.851048
-0.038202 -0.210823 0.892170
-0.002338 -0.186466 0.929098
0.047189 -0.156080 0.952929
0.092403 -0.113901 0.946981
0.114754 -0.069487 0.954721
0.127414 -0.023246 0.954130
0.122738 0.024380 0.942806
0.098402 0.071439 0.918384
0.045204 0.110973 0.938631
0.026354 0.138840 0.986292
0.010834 0.191520 0.995234
-0.017687 0.237273 1.000000
-0.052697 0.281671 0.997026
-0.100558 0.312924 0.973195
-0.176129 0.304312 0.952929
-0.241368 0.285482 0.955312
-0.305966 0.265927 0.948163
-0.361704 0.244153 0.914800
-0.350988 0.270603 0.917774
-0.336109 0.316120 0.870722
-0.297768 0.338508 0.818295
-0.248839 0.334572 0.759899
-0.206357 0.315616 0.702114
-0.171112 0.284505 0.637180
-0.151344 0.250057 0.568070
-0.130253 0.200557 0.439384
-0.075219 0.291023 0.571636
-0.006330 0.313774 0.570148
0.030196 0.367524 0.547214
0.041852 0.416725 0.515052
0.023856 0.457817 0.470059
-0.006330 0.489542 0.426858
-0.046036 0.506530 0.375326
-0.084398 0.504546 0.321412
-0.139923 0.490534 0.275847
-0.157108 0.570735 0.285513
-0.191286 0.595075 0.227575
-0.250632 0.620675 0.205536
-0.317792 0.624611 0.164280
-0.395839 0.617227 0.159667
-0.450468 0.589187 0.197205
-0.457470 0.581315 0.265266
-0.440136 0.581063 0.325892
-0.416354 0.582039 0.380093
-0.390011 0.568515 0.438488
-0.360701 0.549826 0.492994
-0.322766 0.526934 0.543039
-0.264871 0.494722 0.573733
-0.193293 0.472334 0.584752
-0.120668 0.455109 0.577298
-0.059208 0.430265 0.571350
-0.000011 0.387457 0.534707
0.066381 0.377617 0.521000
0.117743 0.335296 0.495987
0.153095 0.288929 0.485253
0.165114 0.231007 0.461118
0.178797 0.179098 0.453682
0.153778 0.130511 0.462014
0.128417 0.090820 0.458449
0.073724 0.058104 0.433131
0.032865 0.040439 0.387242
-0.030517 0.025403 0.342268
-0.072721 0.013107 0.316645
-0.132089 -0.004495 0.294454
-0.168871 -0.011863 0.237565
-0.198715 -0.029701 0.228624
-0.261477 -0.022758 0.224315
-0.342150 -0.003141 0.205536
-0.420197 0.007502 0.195852
-0.497326 0.021987 0.192725
-0.570207 0.032016 0.189446
-0.644775 0.044312 0.206737
-0.713151 0.052357 0.206432
-0.786523 0.043729 0.229825
-0.848581 0.039856 0.253046
-0.898599 0.007502 0.271824
-0.937622 -0.011564 0.324996
-0.981321 -0.018444 0.367586
-1.000000 -0.045509 0.420014
-0.994663 -0.060025 0.487942
-0.990671 -0.059033 0.550493
-0.971992 -0.061127 0.613349
-0.931623 -0.068763 0.670543
-0.895930 -0.083153 0.721179
-0.857568 -0.122010 0.753360
-0.820893 -0.165810 0.778373
-0.783193 -0.208115 0.797438
-0.738491 -0.257803 0.804587
-0.695134 -0.301604 0.808762
-0.647102 -0.347104 0.786723
-0.591405 -0.379333 0.760490
-0.538036 -0.410333 0.732503
-0.507167 -0.444041 0.679465
-0.504328 -0.460762 0.615141
-0.510669 -0.455849 0.550779
-0.529348 -0.439113 0.498961
-0.581052 -0.412553 0.479591
-0.638093 -0.391141 0.509980
-0.663774 -0.340460 0.507292
-0.642106 -0.328652 0.572837
-0.644433 -0.291023 0.623472
-0.643088 -0.255599 0.663985
-0.597575 -0.208366 0.645511
-0.620759 -0.157324 0.629440
-0.648105 -0.141202 0.687816
-0.641765 -0.095575 0.705698
-0.652097 -0.051665 0.674699
-0.692465 -0.035794 0.624674
-0.724828 -0.032535 0.580882
-0.768186 0.005723 0.553467
-0.788530 0.038628 0.507597
-0.795874 0.021089 0.434313
-0.831225 -0.021341 0.400663
-0.860237 -0.066291 0.372352
-0.877251 -0.115617 0.340476
-0.875927 -0.168014 0.313080
-0.859917 -0.220175 0.291327
-0.803196 -0.253631 0.275103
-0.733154 -0.268147 0.266906
-0.665439 -0.274051 0.257221
-0.591405 -0.263219 0.241435
-0.525527 -0.238123 0.233542
-0.464643 -0.217215 0.229367
-0.442633 -0.176878 0.186929
-0.479821 -0.131976 0.159076
-0.475488 -0.084381 0.200332
-0.407858 -0.073801 0.176348
-0.375004 -0.050673 0.129201
-0.396437 -0.025576 0.125560
-0.373510 -0.020113 0.083637
-0.495170 0.020208 0.057938
-0.545209 0.065157 0.053210
-0.594906 0.110957 0.068213
-0.636086 0.148775 0.103578
-0.664116 0.174485 0.155339
-0.692807 0.194842 0.210303
-0.743166 0.209343 0.246792
-0.805544 0.181491 0.275237
-0.831225 0.141265 0.320230
-0.839572 0.107399 0.369969
-0.823882 0.071943 0.421215
-0.787868 0.034472 0.459631
-0.751513 0.001173 0.493890
-0.700129 -0.037322 0.514441
-0.649770 -0.074289 0.522182
-0.595056 -0.110579 0.513850
-0.545529 -0.143910 0.501630
-0.495341 -0.167888 0.459345
-0.445131 -0.190654 0.424189
-0.420773 -0.212302 0.369378
-0.406513 -0.226567 0.306827
-0.420453 -0.219183 0.241130
-0.427861 -0.198526 0.179017
-0.420859 -0.159166 0.131737
-0.339140 -0.159780 0.101729
-0.459477 -0.170722 0.055554
-0.469318 -0.194086 -0.011344
-0.489001 -0.245759 -0.041809
-0.522858 -0.292488 -0.042972
-0.563376 -0.336288 -0.040436
-0.586218 -0.387693 -0.017387
-0.616745 -0.429273 0.020876
-0.656772 -0.459785 0.072045
-0.698144 -0.476018 0.125331
-0.747500 -0.481922 0.175014
-0.798862 -0.495698 0.200484
-0.774846 -0.538506 0.244409
-0.766841 -0.547355 0.309801
-0.739153 -0.552267 0.369664
-0.723825 -0.547355 0.441767
-0.713813 -0.515866 0.505519
-0.754502 -0.486346 0.540369
-0.728479 -0.505538 0.604103
-0.663112 -0.509962 0.648504
-0.614909 -0.483402 0.690199
-0.582397 -0.444041 0.712829
-0.600734 -0.421889 0.753360
-0.560878 -0.433697 0.800412
-0.483151 -0.426313 0.798620
-0.448974 -0.371460 0.775990
-0.470321 -0.345388 0.812327
-0.435546 -0.371209 0.870722
-0.364864 -0.348836 0.858216
-0.342684 -0.319804 0.874287
-0.331092 -0.298896 0.902884
-0.262267 -0.317348 0.921358
-0.200017 -0.302092 0.889787
-0.150106 -0.302344 0.887404
-0.101241 -0.315128 0.857606
-0.070543 -0.323976 0.805178
-0.059699 -0.326936 0.746192
-0.063541 -0.338256 0.690199
-0.093898 -0.347356 0.631804
-0.121756 -0.304296 0.586544
-0.100067 -0.285859 0.632414
-0.037689 -0.278727 0.630031
0.013182 -0.257063 0.580882
0.018519 -0.220175 0.526071
-0.005006 -0.172942 0.489715
-0.029022 -0.136652 0.482565
-0.013011 -0.175146 0.593388
0.024027 -0.160394 0.650868
0.022191 -0.153262 0.709264
0.024859 -0.155230 0.762892
0.080385 -0.141328 0.799230
0.147438 -0.118939 0.804587
0.201810 -0.088805 0.779555
0.220810 -0.075029 0.723562
0.215814 -0.058923 0.653271
0.193122 -0.030126 0.593388
0.154760 -0.007864 0.542753
0.090397 -0.033826 0.507883
0.015680 -0.040833 0.482870
-0.004835 -0.026930 0.440566
-0.082562 -0.030929 0.419728
-0.150192 -0.023860 0.417040
-0.201810 0.000370 0.368482
-0.269141 0.035023 0.454273
-0.319308 0.071927 0.490916
-0.345437 0.107509 0.540064
-0.337774 0.141029 0.594284
-0.324880 0.169368 0.640745
-0.285280 0.189851 0.689608
-0.221642 0.198164 0.722971
-0.162765 0.215136 0.753360
-0.093236 0.215499 0.774789
-0.021017 0.214271 0.783730
0.051202 0.213782 0.802204
0.123742 0.193110 0.792672
0.184134 0.177681 0.805178
0.226830 0.139234 0.780165
0.268842 0.107667 0.773607
0.282846 0.079988 0.714030
0.299198 0.103683 0.649686
0.288183 0.162173 0.641336
0.253514 0.210209 0.627038
0.216476 0.255237 0.608583
0.170771 0.293857 0.576402
0.125428 0.328542 0.553772
0.080385 0.363352 0.518617
0.027015 0.394337 0.489429
-0.027357 0.424597 0.459936
-0.080214 0.447977 0.417040
-0.138514 0.469862 0.391131
-0.192716 0.489542 0.341963
-0.257805 0.504546 0.313976
-0.319073 0.518338 0.273464
-0.385934 0.518338 0.239643
-0.458473 0.503822 0.219987
-0.531184 0.489794 0.224315
-0.600243 0.464461 0.240387
-0.652438 0.432973 0.275237
-0.692124 0.409105 0.327970
-0.706469 0.403689 0.395001
-0.711486 0.413293 0.459936
-0.693810 0.448465 0.518026
-0.709138 0.490046 0.559720
-0.660444 0.486110 0.619297
-0.579557 0.497666 0.602025
-0.582226 0.544647 0.603512
-0.541366 0.564327 0.647303
-0.477814 0.551779 0.674699
-0.415522 0.562359 0.643738
-0.381750 0.589187 0.622271
-0.336642 0.607387 0.612739
-0.267540 0.591643 0.585038
-0.208599 0.584259 0.553772
-0.160118 0.545890 0.534116
-0.130082 0.496926 0.511772
-0.116569 0.439617 0.495682
-0.121159 0.378356 0.476617
-0.128929 0.318702 0.459936
-0.114498 0.255851 0.449202
-0.076542 0.308484 0.534707
-0.008849 0.315616 0.571045
0.067384 0.315994 0.594284
0.140436 0.311444 0.609174
0.221493 0.308374 0.609765
0.293861 0.303446 0.604713
0.357243 0.280081 0.591901
0.406940 0.243665 0.561207
0.434286 0.208492 0.521305
0.440307 0.168392 0.475721
0.432963 0.136038 0.422092
0.418276 0.111052 0.361638
0.396608 0.090065 0.302938
0.368237 0.066842 0.248432
0.356581 0.043210 0.196004
0.412277 0.002889 0.201514
0.418959 -0.053507 0.218786
0.439623 -0.088679 0.245458
0.440307 -0.093607 0.310106
0.416952 -0.070967 0.361924
0.370243 -0.030126 0.384268
0.313202 0.008368 0.374144
0.248177 0.034928 0.337807
0.186120 0.064984 0.324100
0.126090 0.063441 0.269880
0.035021 0.055679 0.233695
0.066722 0.133330 0.261682
0.059699 0.179397 0.214783
0.027848 0.216727 0.176196
0.011346 0.251175 0.122052
-0.025180 0.267769 0.064629
-0.071718 0.285985 0.022897
-0.122760 0.269863 -0.026328
-0.177623 0.242311 -0.046480
-0.226787 0.201722 -0.033725
-0.261413 0.161937 -0.032277
-0.317814 0.225953 -0.085200
-0.395690 0.208729 -0.082436
-0.453393 0.194653 -0.045431
-0.480995 0.159717 -0.019008
-0.473481 0.110926 -0.025604
-0.441545 0.061206 -0.038644
-0.398508 0.011926 -0.038682
-0.371418 -0.035542 -0.005815
-0.498842 -0.013831 -0.046213
-0.571894 -0.016476 -0.051284
-0.645095 -0.022695 -0.033897
-0.711145 -0.023923 -0.002326
-0.763510 -0.036157 0.032162
-0.794529 -0.077611 0.064115
-0.817221 -0.122624 0.092559
-0.812888 -0.175146 0.114007
-0.804541 -0.224111 0.129792
-0.770192 -0.269611 0.132404
-0.737167 -0.313900 0.138143
-0.685463 -0.348584 0.138657
-0.617407 -0.361384 0.143061
-0.545700 -0.375397 0.174709
-0.539360 -0.418945 0.207767
-0.502514 -0.468634 0.198235
-0.445878 -0.493730 0.176787
-0.399191 -0.494706 0.144167
-0.345139 -0.489794 0.125713
-0.293563 -0.478474 0.105828
-0.259406 -0.438625 0.073247
-0.248754 -0.379333 0.061655
-0.239083 -0.320780 0.061770
-0.199718 -0.281923 0.058338
-0.209965 -0.328164 0.002078
-0.187208 -0.287324 -0.040246
-0.142015 -0.248955 -0.014184
-0.121756 -0.243791 0.026996
-0.122247 -0.329896 -0.011706
-0.133007 -0.376625 0.004347
-0.157599 -0.417465 0.040665
-0.177794 -0.457314 0.062399
-0.142015 -0.504058 0.060244
-0.106237 -0.557195 0.071683
-0.042194 -0.595075 0.067089
0.017516 -0.622139 0.082436
0.080385 -0.644780 0.105218
0.127093 -0.653628 0.161154
0.155443 -0.688564 0.184680
0.211139 -0.694956 0.223267
0.243502 -0.672332 0.274341
0.246491 -0.660020 0.338703
0.256161 -0.668884 0.388729
0.296530 -0.631980 0.420605
0.276186 -0.651172 0.401254
0.288866 -0.608363 0.452195
0.299198 -0.565555 0.457552
0.291193 -0.532587 0.478409
0.261498 -0.490770 0.477513
0.186120 -0.471594 0.456961
0.133092 -0.510954 0.438793
0.077054 -0.514386 0.476026
0.046036 -0.542930 0.484052
0.042364 -0.523738 0.547805
-0.005348 -0.479954 0.541857
-0.074877 -0.475530 0.523383
-0.132345 -0.466178 0.529941
-0.132003 -0.402209 0.513259
-0.146755 -0.366296 0.444150
-0.197306 -0.311444 0.385755
-0.234856 -0.337768 0.491812
-0.242264 -0.335548 0.548701
-0.171539 -0.354236 0.569558
-0.102736 -0.341704 0.592187
-0.044200 -0.324480 0.550493
0.004173 -0.309712 0.508188
0.061385 -0.340224 0.572837
0.107069 -0.351292 0.601434
0.172457 -0.349324 0.569843
0.180783 -0.359904 0.528740
0.118746 -0.380813 0.492708
0.041361 -0.396557 0.479591
-0.037689 -0.402949 0.477513
-0.114669 -0.398273 0.480487
-0.189621 -0.380324 0.484662
-0.264572 -0.362612 0.481974
-0.334550 -0.345640 0.480792
-0.408776 -0.327188 0.490916
-0.483322 -0.307996 0.488533
-0.558551 -0.302092 0.473643
-0.626416 -0.310940 0.445332
-0.671779 -0.344160 0.407508
-0.691120 -0.395565 0.387547
-0.688794 -0.453866 0.378911
-0.670456 -0.507018 0.379502
-0.620588 -0.551291 0.378015
-0.564721 -0.584747 0.378320
-0.494829 -0.601971 0.366690
-0.427284 -0.590651 0.341372
-0.380341 -0.558675 0.307113
-0.356624 -0.513410 0.273902
-0.335276 -0.468146 0.235468
-0.348234 -0.430249 0.177092
-0.374428 -0.385725 0.138066
-0.404763 -0.333092 0.114236
-0.367255 -0.282899 0.062894
-0.483493 -0.310452 0.032562
-0.538356 -0.289292 -0.019008
-0.577231 -0.266179 -0.073799
-0.584233 -0.260999 -0.141346
-0.568884 -0.264935 -0.209712
-0.533852 -0.292252 -0.262444
-0.500336 -0.329644 -0.297142
-0.463981 -0.370484 -0.322022
-0.414028 -0.402209 -0.354184
-0.356901 -0.434689 -0.374450
-0.283145 -0.455346 -0.363125
-0.263420 -0.498642 -0.341372
-0.201042 -0.524714 -0.328275
-0.164025 -0.554739 -0.285665
-0.186120 -0.561619 -0.216861
-0.224119 -0.579331 -0.176939
-0.267262 -0.599011 -0.139344
-0.333846 -0.582779 -0.103960
-0.392104 -0.577867 -0.102110
-0.440627 -0.595563 -0.099422
-0.468806 -0.617227 -0.105523
-0.426367 -0.660524 -0.118716
-0.370414 -0.686092 -0.088479
-0.305048 -0.692500 -0.068919
-0.230288 -0.679700 -0.048634
-0.183046 -0.630988 -0.053705
-0.135248 -0.573427 -0.050312
-0.117423 -0.511930 -0.066364
-0.100729 -0.457802 -0.080510
-0.103739 -0.398761 -0.108726
-0.134181 -0.349576 -0.138886
-0.155187 -0.296928 -0.129735
-0.137917 -0.230503 -0.137170
-0.214427 -0.273059 -0.245610
-0.275289 -0.272319 -0.289249
-0.347487 -0.282899 -0.317846
-0.401262 -0.279451 -0.357158
-0.429462 -0.290283 -0.424189
-0.431212 -0.301840 -0.492403
-0.380341 -0.342932 -0.512954
-0.381835 -0.366044 -0.551694
-0.352696 -0.381064 -0.594875
-0.274542 -0.388433 -0.599642
-0.238656 -0.427305 -0.554973
-0.251358 -0.470602 -0.568070
-0.194723 -0.467657 -0.615732
-0.119494 -0.477482 -0.591310
-0.124340 -0.524226 -0.557642
-0.170024 -0.542442 -0.589823
-0.120668 -0.535546 -0.638362
-0.076542 -0.564075 -0.667569
-0.045204 -0.575883 -0.705698
-0.013011 -0.523738 -0.711056
0.034530 -0.504058 -0.733685
0.042364 -0.456337 -0.743828
0.030346 -0.406397 -0.703906
0.084718 -0.424361 -0.663985
0.121757 -0.445505 -0.622881
0.145089 -0.454857 -0.559129
0.144086 -0.475530 -0.499857
0.149765 -0.506026 -0.467085
0.200465 -0.510954 -0.422702
0.223820 -0.533578 -0.375346
0.235155 -0.508482 -0.313976
0.215814 -0.493226 -0.251864
0.199804 -0.490282 -0.193182
0.153778 -0.468634 -0.150725
0.123742 -0.479954 -0.097630
0.086725 -0.429273 -0.096601
0.033185 -0.445993 -0.146341
0.018178 -0.489794 -0.110365
-0.002167 -0.450433 -0.054811
-0.075560 -0.374420 -0.064115
-0.080214 -0.483890 -0.112977
-0.077716 -0.513898 -0.048996
-0.119408 -0.473058 -0.011439
-0.175126 -0.472082 -0.063943
-0.181124 -0.531610 -0.065239
-0.195705 -0.529642 0.005033
-0.261434 -0.499146 -0.006596
-0.288098 -0.533578 -0.058757
-0.282953 -0.550803 0.008122
-0.303681 -0.507018 0.037691
-0.390673 -0.559651 0.004480
-0.438214 -0.582291 -0.029550
-0.514853 -0.577867 -0.028101
-0.562052 -0.553747 -0.074257
-0.598898 -0.539971 -0.123920
-0.620759 -0.536523 -0.181858
-0.661789 -0.579819 -0.208968
-0.710483 -0.583267 -0.239052
-0.727817 -0.596067 -0.301470
-0.732151 -0.605907 -0.364917
-0.724145 -0.614267 -0.429261
-0.681450 -0.628044 -0.484968
-0.651115 -0.662980 -0.525766
-0.606242 -0.699380 -0.559739
-0.558039 -0.744645 -0.568967
-0.514853 -0.791878 -0.558843
-0.482831 -0.836166 -0.535908
-0.452475 -0.874046 -0.492403
-0.431447 -0.907015 -0.448325
-0.406193 -0.943919 -0.397975
-0.357990 -0.969488 -0.355976
-0.300010 -0.988192 -0.323204
-0.234408 -0.995088 -0.296399
-0.168956 -1.000000 -0.281662
-0.100067 -0.998032 -0.288353
-0.041020 -0.984256 -0.322308
0.009169 -0.980320 -0.356872
0.041190 -0.950799 -0.406917
0.080385 -0.926191 -0.446533
0.118405 -0.899631 -0.480201
0.158432 -0.850430 -0.490020
0.224140 -0.826326 -0.465598
0.279857 -0.812550 -0.427468
0.323556 -0.796302 -0.377729
0.350561 -0.782541 -0.317541
0.361576 -0.769741 -0.254399
0.384589 -0.765317 -0.188264
0.424296 -0.733829 -0.138600
0.444960 -0.699884 -0.087507
0.453628 -0.653140 -0.045355
0.454311 -0.605419 -0.012163
0.442954 -0.549323 0.003298
0.422951 -0.494218 0.008236
0.392594 -0.443537 -0.007149
0.352568 -0.399265 -0.032429
0.289528 -0.372689 -0.061770
0.217479 -0.350552 -0.075744
0.143104 -0.341452 -0.090939
0.083715 -0.282159 -0.102549
0.081730 -0.372940 -0.159972
0.051693 -0.415245 -0.173222
0.030026 -0.432233 -0.234744
0.027015 -0.459282 -0.292224
0.023514 -0.492250 -0.333632
0.002167 -0.504058 -0.399176
0.028510 -0.519314 -0.460241
0.072059 -0.530634 -0.511772
0.128075 -0.529154 -0.549902
0.184455 -0.514386 -0.583265
0.236820 -0.483890 -0.601434
0.276186 -0.439601 -0.596362
0.299860 -0.397045 -0.588927
0.262502 -0.344900 -0.576707
0.217821 -0.307996 -0.526662
0.223820 -0.275515 -0.428059
0.311217 -0.322024 -0.568967
0.290190 -0.311192 -0.640764
0.321208 -0.261991 -0.659829
0.361235 -0.252639 -0.686024
0.370585 -0.217955 -0.711056
0.383586 -0.164204 -0.703315
0.439623 -0.141076 -0.663985
0.496323 -0.135912 -0.640154
0.536371 -0.127552 -0.594284
0.581714 -0.126560 -0.556460
0.626416 -0.115129 -0.520104
0.629084 -0.063221 -0.490325
0.628422 -0.026867 -0.436105
0.653100 -0.002149 -0.413170
0.638434 0.047240 -0.397975
0.591064 0.084334 -0.363125
0.603061 0.113807 -0.337807
0.577722 0.157513 -0.364917
0.511010 0.180200 -0.344365
0.511672 0.209595 -0.321126
0.459648 0.238753 -0.336606
0.389926 0.250057 -0.331840
0.325541 0.251789 -0.306522
0.266835 0.259173 -0.281357
0.194808 0.250561 -0.271367
0.129762 0.229401 -0.248299
0.070714 0.202148 -0.217452
0.013673 0.161386 -0.196462
-0.026012 0.113209 -0.163842
-0.022511 0.056152 -0.142470
-0.028681 -0.002023 -0.110747
0.024027 -0.003141 -0.173069
0.093727 -0.010950 -0.161154
0.128075 -0.040219 -0.164738
0.195790 -0.014209 -0.148571
0.216476 0.031921 -0.107010
0.222155 0.009659 -0.040970
0.279516 -0.000055 -0.071569
0.285536 0.052468 -0.067699
0.280199 0.062560 0.010028
0.302208 0.007565 0.007683
0.288866 0.011879 -0.028120
0.371909 0.085042 0.001716
0.390588 0.059112 0.060206
0.459648 0.054010 0.020170
0.488339 0.109399 0.009856
0.484987 0.144870 0.064038
0.527683 0.112784 0.113931
0.585727 0.104329 0.079385
0.635766 0.125584 0.111109
0.681130 0.076761 0.106648
0.712489 0.058340 0.048748
0.757832 0.057364 0.011992
0.733154 0.020397 -0.040589
0.740498 0.018822 -0.100013
0.731831 -0.035243 -0.109107
0.741159 -0.014445 -0.137113
0.693789 0.021719 -0.174861
0.657775 0.016917 -0.226698
0.643771 -0.039353 -0.247536
0.575715 -0.051539 -0.215965
0.539701 -0.010273 -0.238461
0.563718 -0.022821 -0.301012
0.533020 -0.072069 -0.293272
0.468976 -0.049933 -0.268545
0.468315 -0.017956 -0.322613
0.476320 -0.065189 -0.362534
0.409609 -0.084617 -0.330353
0.373574 -0.036219 -0.337502
0.395263 -0.038802 -0.402742
0.360573 -0.092001 -0.406917
0.295206 -0.070731 -0.385755
0.298537 -0.029339 -0.423293
0.305539 -0.076131 -0.474825
0.240834 -0.110453 -0.451604
0.176108 -0.079831 -0.440585
0.130082 -0.040156 -0.444455
0.091400 -0.034188 -0.377424
0.119088 0.005471 -0.390521
0.050199 0.013532 -0.422397
-0.022020 0.002275 -0.392618
-0.064054 0.026269 -0.342573
-0.047040 0.012178 -0.270032
0.020846 0.039337 -0.252169
-0.000160 0.088679 -0.272720
-0.046527 0.089844 -0.225059
0.009831 0.076383 -0.186777
0.046207 0.116121 -0.192286
-0.005348 0.151168 -0.189312
-0.027357 0.137801 -0.130326
0.040358 0.140005 -0.105599
0.051544 0.187332 -0.129583
-0.009169 0.204493 -0.099499
0.008849 0.186592 -0.038549
0.079723 0.210083 -0.042591
0.093407 0.249333 -0.079385
0.095392 0.236045 -0.145368
0.067384 0.271217 -0.191238
0.113410 0.252765 -0.238309
0.096054 0.198888 -0.233104
0.022020 0.209595 -0.236669
0.031520 0.239493 -0.295198
0.062709 0.194905 -0.327684
0.001163 0.165322 -0.314567
-0.048534 0.162425 -0.350314
-0.112086 0.140808 -0.361333
-0.086896 0.160709 -0.429261
-0.015509 0.135550 -0.451299
-0.033014 0.077674 -0.467981
-0.068878 0.047209 -0.505805
-0.083886 0.015374 -0.541266
-0.086725 -0.012477 -0.580291
-0.093556 -0.009722 -0.631823
-0.092062 0.033574 -0.676491
-0.043026 0.063740 -0.714621
0.024689 0.076981 -0.737270
0.083053 0.090663 -0.765867
0.141098 0.120766 -0.776581
0.183451 0.162299 -0.774808
0.197455 0.211814 -0.750977
0.190133 0.257315 -0.745010
0.118746 0.286836 -0.728919
0.061705 0.320182 -0.709264
-0.004173 0.357196 -0.680076
-0.017174 0.394841 -0.664595
-0.006180 0.389913 -0.738452
-0.027186 0.391393 -0.798048
-0.015018 0.364832 -0.862982
-0.004344 0.361132 -0.925533
0.054212 0.355716 -0.971994
0.118746 0.354252 -1.000000
0.198459 0.343168 -0.994643
0.268180 0.323126 -0.991059
0.333227 0.302344 -0.988695
0.397611 0.283151 -0.967228
0.457641 0.256465 -0.960689
0.516347 0.236045 -0.955923
0.578383 0.214271 -0.936267
0.637089 0.196621 -0.932683
0.698464 0.180200 -0.902904
0.752495 0.156096 -0.874898
0.795190 0.117444 -0.840333
0.796535 0.061080 -0.818295
0.755185 0.011926 -0.824853
0.722480 -0.030378 -0.840943
0.657114 -0.068637 -0.854632
0.583059 -0.084617 -0.839151
0.511672 -0.083263 -0.846892
0.436955 -0.072195 -0.841534
0.375580 -0.038250 -0.819477
0.315871 -0.012981 -0.814119
0.284191 0.029890 -0.755743
0.279516 0.085121 -0.798639
0.237504 0.135392 -0.781347
0.225485 0.185553 -0.755743
0.231163 0.231731 -0.737270
0.173119 0.240343 -0.776581
0.097399 0.225717 -0.781347
0.048192 0.235179 -0.723562
0.067042 0.257819 -0.678283
0.065719 0.293480 -0.789697
0.032011 0.343168 -0.808171
0.077054 0.387709 -0.807580
0.078720 0.409105 -0.853450
0.085380 0.466178 -0.847483
0.143766 0.499382 -0.830210
0.216476 0.520542 -0.827827
0.291535 0.521770 -0.826645
0.362238 0.503822 -0.825444
0.428950 0.484378 -0.824243
0.491669 0.451913 -0.825444
0.545700 0.437397 -0.853450
0.622424 0.429037 -0.828418
0.685122 0.417953 -0.847483
0.758515 0.416489 -0.824853
0.827895 0.405909 -0.825444
0.894607 0.401233 -0.793282
0.948638 0.407625 -0.764075
0.977329 0.438625 -0.722971
1.000000 0.470114 -0.687225
0.997332 0.513158 -0.641355
0.997332 0.542679 -0.580577
0.999338 0.572199 -0.542448
0.955981 0.616235 -0.532324
0.935295 0.658556 -0.524870
0.884594 0.689540 -0.548415
0.828557 0.706764 -0.579090
0.789853 0.727925 -0.610375
0.773843 0.742189 -0.662193
0.733837 0.721029 -0.717023
0.657114 0.696924 -0.710465
0.627761 0.745149 -0.682459
0.662451 0.773189 -0.731912
0.595739 0.763349 -0.774217
0.536371 0.774669 -0.790288
0.460971 0.773189 -0.817112
0.398593 0.753997 -0.795646
0.349579 0.756957 -0.740854
0.312541 0.778605 -0.694374
0.329896 0.786477 -0.624674
0.331882 0.824846 -0.592492
0.354233 0.835678 -0.532629
0.370927 0.882911 -0.531142
0.339887 0.906023 -0.471851
0.375580 0.938015 -0.421806
0.414946 0.946375 -0.366690
0.455634 0.966056 -0.330658
0.520360 0.967536 -0.292967
0.549692 0.993120 -0.266753
0.547045 1.000000 -0.205098
0.559704 0.983280 -0.140602
0.579728 0.965568 -0.090786
0.600414 0.916855 -0.055269
0.641765 0.885367 -0.027568
0.681130 0.850430 0.001010
0.716482 0.801733 0.014298
0.767182 0.775645 0.033535
0.799204 0.744645 0.077975
0.821213 0.712181 0.129049
0.835900 0.671844 0.172173
0.859917 0.623131 0.201075
0.896592 0.585487 0.223705
0.909272 0.535798 0.254990
0.934633 0.488078 0.271081
0.953974 0.439853 0.291175
0.963987 0.384512 0.317236
0.957305 0.329408 0.334223
0.938625 0.273925 0.327379
0.915292 0.224363 0.302499
0.887263 0.184939 0.260195
0.851249 0.168518 0.200484
0.815215 0.172816 0.142985
0.752495 0.206398 0.119154
0.720474 0.201659 0.055745
0.712489 0.242563 0.001182
0.765176 0.278727 -0.021276
0.770512 0.320182 -0.055040
0.825227 0.335800 -0.081921
0.812546 0.390905 -0.095247
0.843223 0.438137 -0.085048
0.877251 0.476994 -0.073056
0.921953 0.490786 -0.050826
0.957988 0.454118 -0.020113
0.977329 0.402949 0.005052
0.972654 0.349812 0.025223
0.941294 0.299384 0.049111
0.911941 0.255961 0.078489
0.855241 0.229023 0.118773
0.790537 0.213657 0.156540
0.715137 0.210209 0.187673
0.642426 0.225213 0.214630
0.577722 0.243665 0.241130
0.502343 0.268273 0.248146
0.430295 0.292000 0.231903
0.379914 0.307744 0.177988
0.295868 0.299636 0.144472
0.313544 0.371712 0.138219
0.310214 0.395077 0.076964
0.271190 0.411325 0.020437
0.208129 0.437397 -0.012087
0.165775 0.481434 -0.033382
0.113410 0.526210 -0.033058
0.088390 0.584511 -0.019274
0.074044 0.635916 0.005147
0.059699 0.681668 0.038091
0.048022 0.725957 0.082893
0.078720 0.778605 0.079385
0.076393 0.819934 0.041142
0.096395 0.835174 -0.019865
0.036195 0.855358 -0.056756
-0.026845 0.859294 -0.080872
-0.086554 0.846006 -0.102625
-0.149765 0.815998 -0.112901
-0.210606 0.790413 -0.117972
-0.241410 0.735309 -0.119154
-0.237418 0.677244 -0.100013
-0.189130 0.658556 -0.045736
-0.150426 0.711692 -0.033706
-0.091571 0.729405 -0.061770
-0.029193 0.747117 -0.045164
0.034018 0.735797 -0.006920
0.102394 0.727925 -0.015080
0.165775 0.705285 -0.022515
0.202131 0.655108 -0.011687
0.185116 0.596555 -0.034507
0.148100 0.587707 -0.095400
0.161442 0.530382 -0.108878
0.133412 0.478238 -0.100757
0.137426 0.423621 -0.065011
0.121073 0.367776 -0.025642
0.042535 0.281671 -0.001087
0.031029 0.378593 0.026538
-0.011517 0.397549 -0.037424
0.023023 0.352284 -0.087126
0.056198 0.320796 -0.108059
0.087387 0.406649 -0.109183
0.144769 0.425825 -0.067108
0.210819 0.390905 -0.090939
0.252511 0.409105 -0.118487
0.307204 0.410821 -0.070387
0.330217 0.392133 -0.019236
0.264188 0.397549 0.008541
0.218483 0.384261 0.037920
0.263185 0.427069 0.091968
0.271190 0.423621 0.150725
0.311879 0.439617 0.183345
0.322211 0.421889 0.244409
0.341894 0.383269 0.284769
0.384589 0.341704 0.293406
0.418276 0.314766 0.314262
0.424296 0.256575 0.310106
0.426943 0.214885 0.261834
0.458964 0.189174 0.223705
0.412939 0.143060 0.243971
0.339567 0.125552 0.177835
0.415607 0.150003 0.147160
0.438300 0.105337 0.176196
0.342235 0.067362 0.154748
0.387599 0.073155 0.122872
0.466308 0.075800 0.112367
0.483002 0.037542 0.166663
0.426943 0.003015 0.146779
0.452966 0.012304 0.083332
0.525697 0.008179 0.107163
0.508342 -0.039416 0.143729
0.466991 -0.057569 0.083255
0.536371 -0.045383 0.052866
0.589740 -0.062481 0.102625
0.551699 -0.115491 0.098679
0.551699 -0.109225 0.029912
0.625754 -0.090033 0.033115
0.639096 -0.139234 0.072084
0.605751 -0.163590 0.016281
0.636428 -0.122750 -0.030427
0.703139 -0.116720 -0.004023
0.709800 -0.172690 -0.020685
0.705808 -0.183270 -0.087202
0.669794 -0.183758 -0.144701
0.679785 -0.192370 -0.183803
0.669111 -0.243791 -0.191543
0.619072 -0.271579 -0.214935
0.558381 -0.253379 -0.164433
0.515685 -0.202950 -0.179322
0.471645 -0.208855 -0.236078
0.408285 -0.207626 -0.185728
0.392936 -0.147106 -0.181115
0.357905 -0.119931 -0.235335
0.321208 -0.134684 -0.293272
0.244506 -0.154490 -0.290584
0.183451 -0.116106 -0.260061
0.272855 -0.128654 -0.365203
0.272855 -0.157072 -0.429546
0.223478 -0.142556 -0.487637
0.199142 -0.117963 -0.537681
0.144769 -0.093969 -0.556746
0.109738 -0.051161 -0.559129
0.025692 -0.051665 -0.608278
-0.041361 -0.017594 -0.622881
-0.078720 0.036928 -0.625856
-0.072379 0.095307 -0.622881
-0.031029 0.146193 -0.610375
0.030858 0.178232 -0.598746
0.097399 0.202148 -0.582960
0.167441 0.218569 -0.570149
0.239169 0.228173 -0.562103
0.313886 0.238249 -0.543649
0.384931 0.234565 -0.538882
0.460309 0.239367 -0.518922
0.533681 0.224473 -0.509389
0.595077 0.188623 -0.504909
0.634421 0.140100 -0.518331
0.649108 0.086884 -0.544831
0.644433 0.039636 -0.581168
0.622424 -0.006888 -0.614531
0.573730 -0.042250 -0.649686
0.526359 -0.059159 -0.692582
0.494999 -0.093733 -0.728919
0.464301 -0.149074 -0.738452
0.405595 -0.186954 -0.730120
0.342235 -0.214507 -0.718796
0.283188 -0.241083 -0.701523
0.227150 -0.261991 -0.659219
0.165434 -0.269611 -0.619907
0.109076 -0.268147 -0.574038
0.076713 -0.260511 -0.516844
0.079723 -0.219687 -0.463806
0.063712 -0.176626 -0.431053
0.097740 -0.146366 -0.366099
0.062367 -0.118074 -0.359255
0.054362 -0.078351 -0.379216
0.097057 -0.088931 -0.319334
0.127093 -0.131236 -0.318437
0.199804 -0.149940 -0.348236
0.249843 -0.192622 -0.342859
0.290873 -0.227559 -0.309496
0.330558 -0.254371 -0.312489
0.393598 -0.256087 -0.301317
0.458303 -0.260275 -0.277639
0.511010 -0.268383 -0.230568
0.557036 -0.287575 -0.189312
0.549692 -0.306280 -0.129964
0.541025 -0.351292 -0.112234
0.558381 -0.381301 -0.135683
0.603744 -0.382293 -0.074295
0.524352 -0.389913 -0.044097
0.466991 -0.412301 -0.065983
0.461654 -0.416489 -0.128915
0.452966 -0.388197 -0.169352
0.520360 -0.440105 -0.201380
0.559042 -0.445505 -0.263474
0.522346 -0.469610 -0.313385
0.446967 -0.480442 -0.332145
0.381921 -0.477986 -0.347931
0.322894 -0.482410 -0.330963
0.269184 -0.504058 -0.346138
0.213808 -0.507506 -0.331249
0.239831 -0.546867 -0.289554
0.273176 -0.508970 -0.251711
0.210477 -0.482410 -0.246049
0.174122 -0.528162 -0.231159
0.219486 -0.537514 -0.177244
0.207147 -0.486346 -0.156235
0.135419 -0.495698 -0.158332
0.142101 -0.543907 -0.121099
0.180463 -0.508970 -0.074429
0.126410 -0.474050 -0.069300
0.075048 -0.515866 -0.068747
0.116740 -0.540459 -0.011992
0.114071 -0.486346 0.020990
0.037348 -0.492250 0.013364
0.041532 -0.548835 0.045088
0.099405 -0.524714 0.093531
0.064032 -0.465674 0.102320
