0.968665 1.000000 -0.430116
0.972819 0.919073 -0.439242
0.961751 0.904960 -0.470394
0.977825 0.936018 -0.494989
0.996156 0.872328 -0.505988
0.979055 0.816662 -0.519209
0.971183 0.838079 -0.546532
0.996175 0.835495 -0.562938
0.998431 0.764389 -0.562846
0.971386 0.758523 -0.576434
0.975957 0.796076 -0.599277
1.000000 0.755916 -0.607567
0.983558 0.696384 -0.609293
0.963523 0.720835 -0.628050
0.983906 0.739600 -0.647706
0.996814 0.675012 -0.650286
0.971076 0.644808 -0.657383
0.965760 0.682810 -0.680106
0.991934 0.666764 -0.693382
0.985766 0.597658 -0.693510
0.960144 0.603996 -0.708448
0.973604 0.636784 -0.731722
0.997143 0.576151 -0.735247
0.978939 0.516080 -0.725267
0.954586 0.503337 -0.749551
0.950470 0.438232 -0.758999
0.923522 0.409803 -0.761110
0.902509 0.363238 -0.767372
0.874796 0.371733 -0.777406
0.848061 0.347057 -0.781061
0.821325 0.358204 -0.792307
0.791191 0.395937 -0.787010
0.757348 0.395352 -0.786386
0.729296 0.420298 -0.782373
0.696083 0.395757 -0.780326
0.668059 0.376722 -0.778940
0.641915 0.343888 -0.781336
0.626170 0.353282 -0.805454
0.637887 0.367733 -0.830610
0.636008 0.366249 -0.859200
0.645623 0.362946 -0.885063
0.671061 0.409241 -0.884163
0.689304 0.424815 -0.863304
0.715430 0.446929 -0.850662
0.745080 0.431175 -0.837808
0.771186 0.444816 -0.861275
0.800719 0.437131 -0.874321
0.819747 0.389779 -0.884944
0.836867 0.435872 -0.898678
0.846124 0.473335 -0.876837
0.856001 0.419849 -0.859218
0.874554 0.391217 -0.881326
0.882823 0.421849 -0.905941
0.864600 0.424703 -0.931032
0.852941 0.436928 -0.957070
0.829411 0.440120 -0.974330
0.842289 0.409488 -0.997071
0.843471 0.343371 -0.982134
0.818169 0.309526 -0.974908
0.814228 0.275659 -1.000000
0.841244 0.242938 -0.998816
0.836625 0.220082 -0.969730
0.812310 0.205003 -0.954811
0.799209 0.222712 -0.931124
0.789119 0.176326 -0.905426
0.778206 0.131964 -0.886431
0.778961 0.072612 -0.867123
0.752236 0.030789 -0.863717
0.722682 0.025260 -0.859907
0.719410 0.075825 -0.840737
0.728986 0.127806 -0.856767
0.708458 0.113940 -0.878085
0.684811 0.143897 -0.862973
0.695773 0.211295 -0.854692
0.718431 0.223229 -0.879077
0.734922 0.274311 -0.900175
0.747258 0.308178 -0.924000
0.756980 0.359170 -0.942720
0.773723 0.376520 -0.966498
0.769142 0.449244 -0.965902
0.778690 0.458345 -0.934429
0.780327 0.414522 -0.910917
0.756090 0.388723 -0.896144
0.736123 0.367643 -0.876212
0.706327 0.328944 -0.874431
0.679466 0.297638 -0.874459
0.658628 0.234263 -0.877994
0.646979 0.233724 -0.846824
0.642534 0.232420 -0.819621
0.646311 0.235769 -0.787689
0.646195 0.200013 -0.760991
0.655384 0.194125 -0.733016
0.639707 0.138414 -0.724414
0.653254 0.093467 -0.743556
0.683291 0.108142 -0.735587
0.680406 0.134234 -0.704105
0.663102 0.162753 -0.684531
0.680686 0.179563 -0.660844
0.705408 0.214644 -0.670723
0.724764 0.271232 -0.672036
0.730594 0.240376 -0.702994
0.733305 0.238308 -0.734963
0.754569 0.200058 -0.754821
0.765782 0.190417 -0.783714
0.785033 0.164101 -0.803471
0.802404 0.179203 -0.829591
0.811545 0.159741 -0.857759
0.829943 0.170798 -0.884540
0.836112 0.164213 -0.916278
0.855914 0.155381 -0.941352
0.871213 0.156123 -0.969436
0.898830 0.185788 -0.975487
0.900766 0.150572 -0.949596
0.897513 0.125604 -0.922962
0.880374 0.160033 -0.898642
0.872753 0.182597 -0.868445
0.850346 0.213632 -0.847963
0.836954 0.253658 -0.822182
0.808301 0.261433 -0.803930
0.781266 0.289817 -0.788442
0.752129 0.294155 -0.775589
0.729751 0.328292 -0.759742
0.702948 0.327528 -0.746586
0.680192 0.371486 -0.736689
0.655249 0.387150 -0.722137
0.621444 0.391599 -0.719713
0.591194 0.398431 -0.712827
0.573261 0.337888 -0.721053
0.563132 0.329303 -0.693079
0.550147 0.315167 -0.662020
0.536678 0.294042 -0.639434
0.526007 0.224622 -0.625736
0.509632 0.172034 -0.614847
0.496628 0.109940 -0.613011
0.470386 0.154100 -0.602719
0.444387 0.191226 -0.595604
0.445897 0.152774 -0.567088
0.446982 0.153898 -0.535946
0.445433 0.117424 -0.509091
0.440765 0.129492 -0.476646
0.443254 0.115334 -0.446128
0.433474 0.145403 -0.416859
0.429310 0.161629 -0.389500
0.425718 0.210823 -0.369375
0.452443 0.194418 -0.356090
0.472604 0.236353 -0.367832
0.493219 0.287570 -0.366042
0.511201 0.338247 -0.372074
0.532872 0.305144 -0.391464
0.525348 0.261838 -0.412434
0.532233 0.216352 -0.437755
0.527614 0.195227 -0.468622
0.531497 0.171809 -0.495348
0.532620 0.178686 -0.526747
0.536794 0.183136 -0.554492
0.551638 0.206126 -0.577306
0.562173 0.221318 -0.602664
0.571634 0.224442 -0.632815
0.597972 0.233926 -0.654207
0.619963 0.246331 -0.677067
0.635040 0.302897 -0.668630
0.661552 0.347349 -0.658724
0.664893 0.402679 -0.642124
0.641121 0.444434 -0.649506
0.619866 0.391689 -0.655657
0.613330 0.375104 -0.627389
0.604305 0.390723 -0.601728
0.599512 0.446682 -0.581695
0.566434 0.427107 -0.570173
0.540338 0.434883 -0.550342
0.506050 0.436614 -0.542813
0.477106 0.456300 -0.528583
0.452211 0.480100 -0.516969
0.435391 0.507697 -0.497138
0.434462 0.492910 -0.463829
0.437860 0.469043 -0.433807
0.457537 0.404567 -0.434055
0.480060 0.415444 -0.458715
0.509642 0.406657 -0.470706
0.540657 0.403915 -0.482953
0.567344 0.364541 -0.488893
0.599405 0.356631 -0.500985
0.623071 0.314718 -0.508531
0.652702 0.300739 -0.515279
0.674799 0.255703 -0.526251
0.700256 0.234443 -0.540188
0.685896 0.249837 -0.566491
0.661765 0.299234 -0.563948
0.633713 0.280963 -0.555355
0.602824 0.282379 -0.546467
0.581036 0.274760 -0.521853
0.553943 0.271299 -0.507375
0.534208 0.293256 -0.481622
0.515830 0.301459 -0.459027
0.505081 0.346113 -0.435653
0.493365 0.366856 -0.410102
0.479421 0.424838 -0.394375
0.451756 0.383599 -0.384891
0.428719 0.343326 -0.380906
0.402294 0.299998 -0.380750
0.368509 0.282221 -0.388802
0.343904 0.243634 -0.396835
0.322456 0.289278 -0.390656
0.334550 0.335641 -0.411543
0.356250 0.285188 -0.429804
0.362525 0.229094 -0.450351
0.373012 0.280266 -0.474534
0.397133 0.301121 -0.495825
0.406448 0.343664 -0.520485
0.434287 0.351215 -0.538067
0.462291 0.373351 -0.552912
0.487952 0.357440 -0.568832
0.516052 0.387914 -0.581631
0.537859 0.397105 -0.604308
0.566579 0.432748 -0.615573
0.590536 0.462413 -0.629464
0.611006 0.506888 -0.646816
0.599173 0.537452 -0.670723
0.591417 0.575455 -0.699193
0.568196 0.548396 -0.682254
0.551193 0.508708 -0.664140
0.538285 0.443356 -0.652462
0.513176 0.390813 -0.641307
0.496909 0.348698 -0.618566
0.471945 0.305414 -0.604390
0.453102 0.283435 -0.577821
0.438180 0.253590 -0.555850
0.431547 0.252039 -0.525847
0.420479 0.209205 -0.503399
0.408501 0.206980 -0.474305
0.400570 0.164101 -0.451490
0.389774 0.147808 -0.424902
0.390083 0.108232 -0.399709
0.383141 0.083916 -0.373819
0.379655 0.100569 -0.342025
0.372286 0.105513 -0.314702
0.361218 0.176214 -0.302730
0.333233 0.154123 -0.291639
0.303244 0.143762 -0.275609
0.274882 0.142167 -0.266695
0.249435 0.185855 -0.263610
0.225866 0.213205 -0.249985
0.204601 0.260085 -0.242521
0.214895 0.243275 -0.211177
0.223435 0.230690 -0.183423
0.188721 0.221655 -0.177281
0.160698 0.186642 -0.165382
0.127049 0.184866 -0.158946
0.101988 0.139110 -0.145928
0.071883 0.103220 -0.141585
0.054996 0.042857 -0.125931
0.041362 -0.011776 -0.115033
0.039648 -0.076028 -0.104521
0.020611 -0.096995 -0.126299
0.037982 -0.120705 -0.147038
0.048334 -0.170124 -0.165327
0.064379 -0.208823 -0.181706
0.071941 -0.162101 -0.205218
0.078691 -0.095377 -0.203520
0.088529 -0.030474 -0.210810
0.104642 0.030901 -0.202446
0.128211 0.033867 -0.227923
0.150831 0.065016 -0.246781
0.178931 0.075466 -0.255567
0.204204 0.121581 -0.268329
0.231724 0.120345 -0.288270
0.257278 0.149201 -0.305218
0.278814 0.141290 -0.329722
0.298219 0.152932 -0.353437
0.310836 0.091152 -0.362232
0.314855 0.024069 -0.375756
0.304571 -0.036250 -0.365638
0.315029 -0.039059 -0.339114
0.311030 0.026811 -0.331944
0.279898 0.025372 -0.333991
0.272132 -0.027890 -0.313903
0.254509 -0.033755 -0.290510
0.251139 -0.058880 -0.259423
0.237166 -0.081264 -0.232266
0.240691 -0.077039 -0.198920
0.251226 -0.075938 -0.173516
0.272113 -0.069758 -0.153805
0.286483 -0.085826 -0.130063
0.262836 -0.056116 -0.112481
0.239355 -0.098479 -0.111664
0.222118 -0.146324 -0.098241
0.202975 -0.200036 -0.096469
0.178331 -0.163674 -0.097580
0.181933 -0.146145 -0.124793
0.183531 -0.211385 -0.135884
0.154026 -0.226420 -0.126969
0.138823 -0.167742 -0.139088
0.158141 -0.159044 -0.166300
0.163990 -0.144392 -0.197047
0.183356 -0.136526 -0.223434
0.190348 -0.130503 -0.252078
0.214749 -0.118008 -0.269109
0.196032 -0.088141 -0.292594
0.174303 -0.040947 -0.274994
0.168958 -0.024833 -0.247038
0.150240 -0.063802 -0.230439
0.131997 -0.069825 -0.206320
0.118905 -0.126188 -0.186379
0.105135 -0.174843 -0.169899
0.104496 -0.235319 -0.149352
0.089013 -0.209497 -0.123333
0.081315 -0.169000 -0.101868
0.072096 -0.115311 -0.081183
0.077926 -0.068566 -0.053814
0.076289 -0.016203 -0.034075
0.086776 -0.050857 -0.011123
0.115361 -0.057487 -0.024353
0.116523 -0.003528 -0.050261
0.111362 0.061060 -0.062270
0.142232 0.042430 -0.078052
0.165472 0.046632 -0.100968
0.199150 0.051936 -0.107927
0.217238 0.044902 -0.137408
0.234009 0.025552 -0.161701
0.244458 0.031058 -0.191263
0.258663 0.010945 -0.218871
0.277535 0.021260 -0.243999
0.293242 -0.019889 -0.268678
0.309732 -0.048093 -0.290850
0.332933 -0.074499 -0.310717
0.362854 -0.056768 -0.305631
0.397869 -0.036070 -0.304447
0.379364 -0.015529 -0.282807
0.355485 -0.000539 -0.263986
0.330909 0.041576 -0.252372
0.313266 0.077623 -0.227363
0.283946 0.099400 -0.212545
0.260222 0.132818 -0.193917
0.231482 0.129042 -0.175509
0.205938 0.136728 -0.157303
0.179319 0.103962 -0.141934
0.147761 0.113715 -0.131311
0.124163 0.085264 -0.113528
0.095927 0.092523 -0.102713
0.069288 0.081534 -0.088583
0.036888 0.064926 -0.082349
0.012748 0.052296 -0.066686
-0.010124 -0.003349 -0.057441
-0.030991 -0.041688 -0.043541
-0.019865 -0.108839 -0.028631
-0.028619 -0.094793 -0.000491
-0.041159 -0.097917 0.028484
-0.044315 -0.089714 0.056091
-0.035910 -0.109491 0.084681
-0.041255 -0.134773 0.113399
-0.032473 -0.124480 0.143100
-0.030856 -0.145471 0.171680
-0.018568 -0.131065 0.198571
-0.050977 -0.135582 0.213178
-0.075631 -0.171472 0.232358
-0.103499 -0.191564 0.243962
-0.123185 -0.242960 0.252032
-0.131638 -0.191384 0.277106
-0.156611 -0.146190 0.292126
-0.177672 -0.106816 0.304750
-0.199237 -0.058543 0.308248
-0.179561 -0.013641 0.321826
-0.168144 0.024136 0.299709
-0.164203 0.085781 0.288095
-0.157280 0.128840 0.267144
-0.126419 0.102007 0.259240
-0.116659 0.036879 0.256981
-0.099907 -0.017507 0.245468
-0.096963 -0.074612 0.226170
-0.072697 -0.045621 0.203979
-0.048450 -0.047509 0.182018
-0.041129 -0.019552 0.152657
-0.027157 -0.031216 0.125004
-0.019381 -0.008315 0.095597
-0.008303 -0.029215 0.065731
0.009804 -0.012945 0.039079
0.027002 -0.002854 0.015952
0.016553 0.054745 0.002777
0.010298 0.128098 -0.007707
-0.010095 0.178214 -0.003567
-0.036046 0.134571 -0.006018
-0.026159 0.072949 0.002410
-0.019584 0.100276 0.030109
-0.049602 0.120907 0.040695
-0.068233 0.098276 0.064235
-0.095733 0.071735 0.076501
-0.118101 0.057420 0.100583
-0.145418 0.009933 0.109938
-0.177924 -0.001124 0.121130
-0.206412 0.004989 0.130568
-0.228442 0.044969 0.143329
-0.237321 -0.008113 0.163748
-0.214168 0.002674 0.185167
-0.196390 0.025080 0.208129
-0.171562 0.054049 0.188325
-0.140382 0.082927 0.179007
-0.116736 0.124166 0.168348
-0.084956 0.149224 0.172920
-0.059634 0.189608 0.168485
-0.026469 0.206958 0.170175
-0.016844 0.179473 0.139969
-0.013474 0.142526 0.117494
-0.027011 0.080230 0.124159
-0.041342 0.091489 0.153089
-0.064195 0.055959 0.173397
-0.091453 0.049531 0.190373
-0.113666 0.019934 0.206155
-0.142590 0.043576 0.221671
-0.165423 0.075758 0.232936
-0.196245 0.113221 0.230687
-0.212455 0.069960 0.252932
-0.223019 0.013259 0.265262
-0.230475 -0.055352 0.279061
-0.246394 -0.129177 0.277023
-0.254451 -0.198822 0.280714
-0.283665 -0.195766 0.274104
-0.275579 -0.175450 0.246909
-0.240429 -0.198508 0.246303
-0.215563 -0.244511 0.246726
-0.205754 -0.222599 0.214904
-0.183260 -0.204958 0.190070
-0.176259 -0.189136 0.161306
-0.154810 -0.146459 0.148223
-0.149262 -0.115716 0.122479
-0.125819 -0.090388 0.106100
-0.115187 -0.042205 0.082597
-0.097612 -0.026429 0.057992
-0.087977 0.031665 0.036270
-0.080240 0.076320 0.015245
-0.075844 0.115176 -0.012371
-0.081964 0.078207 -0.037013
-0.086825 0.047082 -0.067861
-0.096120 0.010135 -0.043789
-0.098173 -0.021642 -0.017366
-0.090485 -0.058251 0.008396
-0.098270 -0.113199 0.033056
-0.101456 -0.135178 0.064161
-0.108244 -0.181450 0.089804
-0.115990 -0.187631 0.122167
-0.122139 -0.216217 0.148627
-0.133139 -0.210374 0.177786
-0.139666 -0.236286 0.205925
-0.162421 -0.224554 0.229484
-0.171485 -0.225543 0.258551
-0.187317 -0.220689 0.284478
-0.189041 -0.213722 0.315244
-0.203381 -0.209138 0.340767
-0.223348 -0.166303 0.361296
-0.242850 -0.143313 0.381925
-0.272084 -0.108299 0.372368
-0.294220 -0.156572 0.382843
-0.317585 -0.188103 0.397460
-0.340912 -0.225543 0.403143
-0.373177 -0.241589 0.393659
-0.404424 -0.246107 0.393649
-0.433474 -0.246826 0.384909
-0.439410 -0.211677 0.414444
-0.445258 -0.176237 0.439665
-0.468760 -0.235387 0.445109
-0.484175 -0.295436 0.459808
-0.510194 -0.343237 0.463499
-0.522879 -0.398027 0.483963
-0.540357 -0.460750 0.491189
-0.548995 -0.505158 0.517042
-0.557129 -0.545497 0.537286
-0.559617 -0.582736 0.560340
-0.544744 -0.643010 0.562580
-0.516798 -0.656876 0.552867
-0.486431 -0.676945 0.551232
-0.458031 -0.688361 0.550590
-0.451252 -0.670607 0.520292
-0.464654 -0.625818 0.503344
-0.469544 -0.577455 0.482476
-0.474424 -0.505809 0.475673
-0.446207 -0.489808 0.455649
-0.427054 -0.451154 0.434230
-0.402710 -0.411017 0.426141
-0.388631 -0.359080 0.404602
-0.361683 -0.336315 0.387994
-0.340534 -0.292964 0.369715
-0.310817 -0.285727 0.353382
-0.288187 -0.265254 0.333027
-0.262129 -0.295346 0.342511
-0.236634 -0.345933 0.353060
-0.231821 -0.391779 0.374333
-0.236750 -0.339573 0.396248
-0.259399 -0.300447 0.386452
-0.278843 -0.357530 0.385763
-0.280208 -0.381824 0.414334
-0.302489 -0.392858 0.432742
-0.316607 -0.378430 0.462048
-0.335877 -0.383464 0.486001
-0.352270 -0.342832 0.511387
-0.362680 -0.310156 0.536433
-0.375820 -0.254601 0.552114
-0.377263 -0.225364 0.579721
-0.385590 -0.186574 0.601820
-0.381533 -0.173652 0.630428
-0.415928 -0.159943 0.632154
-0.429330 -0.230712 0.639003
-0.442518 -0.289435 0.649634
-0.437086 -0.318089 0.619456
-0.422222 -0.361238 0.601838
-0.419704 -0.399263 0.578289
-0.404444 -0.453042 0.590316
-0.432118 -0.482774 0.599635
-0.443264 -0.491696 0.569218
-0.413672 -0.491764 0.551407
-0.395051 -0.508686 0.525369
-0.369729 -0.501000 0.505024
-0.351535 -0.505158 0.482099
-0.326697 -0.480392 0.467887
-0.336874 -0.512574 0.440950
-0.369884 -0.504236 0.439031
-0.391797 -0.477515 0.456640
-0.405761 -0.515630 0.476894
-0.430395 -0.526822 0.497661
-0.437560 -0.559431 0.526141
-0.445375 -0.586129 0.551379
-0.444871 -0.602333 0.581658
-0.480583 -0.597658 0.582787
-0.506602 -0.566308 0.587130
-0.533889 -0.531968 0.587341
-0.555841 -0.478257 0.600415
-0.575372 -0.425287 0.603151
-0.571314 -0.408028 0.630804
-0.540841 -0.390251 0.624295
-0.539960 -0.378295 0.590261
-0.547339 -0.342832 0.566528
-0.513389 -0.316785 0.564425
-0.483952 -0.305144 0.547128
-0.457362 -0.263029 0.543144
-0.428729 -0.260961 0.523588
-0.397714 -0.266243 0.510946
-0.376624 -0.273344 0.486534
-0.348775 -0.285300 0.472661
-0.327239 -0.273299 0.451288
-0.294258 -0.293863 0.444485
-0.264792 -0.306290 0.437369
-0.230843 -0.301032 0.430502
-0.217141 -0.236263 0.430217
-0.199886 -0.164056 0.427573
-0.228132 -0.161045 0.439958
-0.257481 -0.175046 0.448019
-0.289543 -0.181720 0.442033
-0.324993 -0.167180 0.445788
-0.356744 -0.187428 0.455254
-0.390703 -0.191923 0.461635
-0.418823 -0.223296 0.475039
-0.447941 -0.238173 0.483835
-0.467811 -0.280671 0.500443
-0.497354 -0.315010 0.504547
-0.516353 -0.351687 0.523074
-0.543940 -0.392071 0.526287
-0.567354 -0.425826 0.539031
-0.592017 -0.475268 0.541758
-0.617155 -0.502551 0.552178
-0.633868 -0.558667 0.569539
-0.649535 -0.602872 0.587185
-0.637712 -0.612041 0.616638
-0.663111 -0.585770 0.632631
-0.688723 -0.576331 0.653444
-0.706783 -0.546509 0.672119
-0.709707 -0.511945 0.699460
-0.723525 -0.496775 0.724854
-0.729635 -0.444300 0.745236
-0.765076 -0.455829 0.744878
-0.760176 -0.492460 0.769125
-0.745419 -0.537857 0.786808
-0.734428 -0.605951 0.780032
-0.727195 -0.671101 0.772293
-0.731610 -0.728566 0.758962
-0.760834 -0.745960 0.768033
-0.778516 -0.695508 0.780712
-0.798076 -0.655213 0.792583
-0.816358 -0.591074 0.795980
-0.834998 -0.548307 0.809430
-0.864532 -0.508326 0.808952
-0.886687 -0.464481 0.816159
-0.919484 -0.444861 0.819612
-0.946268 -0.420815 0.825038
-0.975647 -0.413623 0.824303
-0.985078 -0.381239 0.799083
-0.973942 -0.376070 0.771687
-0.971038 -0.354114 0.743207
-0.957684 -0.334292 0.718749
-0.926127 -0.317010 0.720622
-0.906654 -0.340877 0.740627
-0.879318 -0.356563 0.753251
-0.859468 -0.406724 0.761725
-0.832732 -0.393218 0.739571
-0.801639 -0.399982 0.726938
-0.781837 -0.419332 0.708172
-0.748101 -0.422366 0.703747
-0.723399 -0.422455 0.682484
-0.695027 -0.444929 0.666592
-0.667411 -0.442906 0.650139
-0.640375 -0.440974 0.632154
-0.647957 -0.422703 0.604932
-0.664273 -0.393487 0.577132
-0.690796 -0.385554 0.564930
-0.700886 -0.453896 0.567731
-0.687862 -0.472302 0.592363
-0.705911 -0.419017 0.605859
-0.735706 -0.436277 0.602279
-0.759091 -0.444165 0.620402
-0.786475 -0.489426 0.629877
-0.816629 -0.512057 0.640637
-0.834262 -0.576938 0.651682
-0.853280 -0.629144 0.656704
-0.854055 -0.703665 0.663746
-0.872482 -0.700901 0.692087
-0.905647 -0.714655 0.703242
-0.934280 -0.728072 0.709972
-0.937843 -0.655415 0.696375
-0.936953 -0.606153 0.675001
-0.957694 -0.559746 0.687001
-0.938967 -0.528597 0.707640
-0.911563 -0.511091 0.687635
-0.886571 -0.464436 0.678160
-0.861114 -0.442165 0.659375
-0.839966 -0.405218 0.645365
-0.817849 -0.410994 0.626177
-0.802646 -0.348833 0.640481
-0.809444 -0.350001 0.670622
-0.820531 -0.399285 0.689149
-0.850133 -0.397555 0.697302
-0.873005 -0.419556 0.716720
-0.907438 -0.425984 0.715214
-0.936159 -0.425242 0.710119
-0.962255 -0.437850 0.693657
-0.981021 -0.442277 0.721540
-0.991324 -0.459514 0.746714
-0.991721 -0.497989 0.772440
-1.000000 -0.537137 0.794272
-0.999293 -0.562375 0.821200
-0.989523 -0.631795 0.810027
-0.961209 -0.644201 0.801066
-0.935994 -0.681821 0.796402
-0.908736 -0.685934 0.785109
-0.888353 -0.668315 0.761734
-0.869102 -0.686204 0.739608
-0.845988 -0.653055 0.721898
-0.829953 -0.648021 0.695640
-0.804738 -0.612311 0.681906
-0.787725 -0.588332 0.658650
-0.760408 -0.572173 0.644548
-0.749224 -0.544643 0.615325
-0.737904 -0.526462 0.589572
-0.724522 -0.521878 0.559330
-0.706095 -0.577545 0.550204
-0.684637 -0.639257 0.539655
-0.701205 -0.656763 0.563746
-0.717608 -0.649887 0.588526
-0.721453 -0.637256 0.618896
-0.731736 -0.653797 0.651305
-0.751984 -0.640852 0.677692
-0.768707 -0.648650 0.705143
-0.794648 -0.635436 0.725075
-0.812901 -0.640066 0.751277
-0.841195 -0.626784 0.764654
-0.863728 -0.606760 0.787304
-0.893407 -0.588489 0.793446
-0.909791 -0.557476 0.820006
-0.923425 -0.533227 0.843124
-0.929158 -0.495854 0.868996
-0.933951 -0.493157 0.898834
-0.939819 -0.467942 0.925817
-0.909481 -0.480437 0.941756
-0.888294 -0.481448 0.962597
-0.861307 -0.510551 0.973136
-0.836993 -0.530777 0.989708
-0.809299 -0.553723 0.996805
-0.777015 -0.577095 0.993683
-0.746251 -0.581792 1.000000
-0.719497 -0.607637 0.984108
-0.692664 -0.624244 0.996245
-0.670945 -0.671708 0.977277
-0.646088 -0.687327 0.960568
-0.619827 -0.656741 0.940691
-0.594893 -0.619952 0.931197
-0.576098 -0.577387 0.916425
-0.561389 -0.541655 0.893969
-0.536164 -0.509068 0.881776
-0.548007 -0.460750 0.861183
-0.556993 -0.396364 0.871548
-0.529822 -0.376812 0.881492
-0.517476 -0.371194 0.854977
-0.534412 -0.323280 0.843014
-0.529376 -0.274895 0.863350
-0.499794 -0.273030 0.859861
-0.498419 -0.254939 0.832887
-0.514581 -0.197025 0.834457
-0.495485 -0.166303 0.852764
-0.470687 -0.169517 0.836927
-0.481512 -0.133290 0.815205
-0.487681 -0.074881 0.829500
-0.459560 -0.064566 0.838084
-0.446730 -0.062296 0.812377
-0.462088 -0.009147 0.802535
-0.453383 0.035126 0.822586
-0.423791 0.031283 0.816646
-0.425243 0.050767 0.789360
-0.439836 0.111131 0.793069
-0.420150 0.138189 0.811257
-0.396610 0.133312 0.794254
-0.407949 0.173989 0.773587
-0.413304 0.230240 0.789590
-0.384051 0.237140 0.797118
-0.373603 0.243544 0.770355
-0.390248 0.300964 0.764847
-0.382066 0.341012 0.786193
-0.352232 0.337978 0.780289
-0.356241 0.369688 0.754821
-0.369826 0.428074 0.763470
-0.349501 0.447828 0.783741
-0.326135 0.447918 0.763699
-0.340108 0.497966 0.745071
-0.343217 0.562195 0.762460
-0.309112 0.585298 0.766610
-0.303399 0.640672 0.741215
-0.297415 0.703980 0.723973
-0.284614 0.747129 0.704619
-0.260474 0.755130 0.678196
-0.242308 0.762029 0.653637
-0.214440 0.750433 0.638103
-0.187569 0.709891 0.622229
-0.162450 0.663595 0.623551
-0.142726 0.601726 0.631419
-0.126226 0.544981 0.637295
-0.123127 0.470908 0.650947
-0.103441 0.403443 0.656346
-0.096711 0.327236 0.659816
-0.075137 0.269614 0.656851
-0.076289 0.187586 0.648891
-0.055577 0.145088 0.626865
-0.037653 0.111693 0.603867
-0.037731 0.080792 0.573570
-0.025152 0.079241 0.542336
-0.034477 0.081983 0.509596
-0.038021 0.100231 0.482255
-0.064970 0.131627 0.462131
-0.085914 0.199204 0.461130
-0.117075 0.228263 0.447267
-0.144120 0.269187 0.447671
-0.168958 0.320853 0.448552
-0.195257 0.357754 0.456181
-0.224452 0.359125 0.474075
-0.246733 0.404769 0.487516
-0.273711 0.407600 0.507228
-0.299729 0.447716 0.518401
-0.324770 0.463110 0.538204
-0.354333 0.495382 0.543750
-0.382211 0.514169 0.556273
-0.415182 0.517855 0.554758
-0.446769 0.511585 0.556062
-0.470396 0.476504 0.541537
-0.467346 0.394678 0.531346
-0.464208 0.334045 0.515032
-0.448909 0.302447 0.494163
-0.444271 0.294537 0.462186
-0.416693 0.302110 0.447808
-0.388224 0.304492 0.429152
-0.368500 0.331213 0.405162
-0.344630 0.317729 0.380713
-0.342210 0.322628 0.351701
-0.348436 0.306717 0.321680
-0.353229 0.315594 0.292925
-0.373341 0.307436 0.266584
-0.363154 0.275457 0.237242
-0.385455 0.234623 0.216217
-0.405121 0.169427 0.206146
-0.421815 0.113401 0.192870
-0.433639 0.052790 0.181715
-0.433338 -0.019709 0.168412
-0.441898 -0.091287 0.160020
-0.431624 -0.168910 0.166970
-0.429910 -0.245949 0.169110
-0.428274 -0.317909 0.181779
-0.429794 -0.388026 0.191300
-0.428661 -0.453491 0.206559
-0.408811 -0.520889 0.212885
-0.399951 -0.579725 0.226913
-0.375849 -0.640807 0.231430
-0.366360 -0.698362 0.246505
-0.339237 -0.746635 0.254245
-0.322804 -0.804256 0.263169
-0.289165 -0.829269 0.268834
-0.264056 -0.854215 0.282394
-0.236140 -0.874441 0.298075
-0.202365 -0.894375 0.305787
-0.172521 -0.901836 0.314170
-0.142571 -0.916084 0.322533
-0.105010 -0.914758 0.320385
-0.071128 -0.901881 0.315106
-0.040616 -0.882599 0.303428
-0.015808 -0.831382 0.288876
0.011867 -0.794211 0.278988
0.033160 -0.762501 0.256788
0.045574 -0.747062 0.225481
0.067545 -0.723532 0.204383
0.068252 -0.703710 0.169422
0.072571 -0.690047 0.138785
0.069104 -0.697126 0.106504
0.075631 -0.703171 0.074536
0.071593 -0.747668 0.045451
0.056477 -0.790952 0.018642
0.047433 -0.839899 -0.002566
0.023516 -0.890375 -0.019358
0.002736 -0.923883 -0.038455
-0.024310 -0.969728 -0.041218
-0.055954 -1.000000 -0.040814
-0.092654 -0.992494 -0.039400
-0.124173 -0.966245 -0.042283
-0.149804 -0.916758 -0.044992
-0.177924 -0.868868 -0.047838
-0.205976 -0.833247 -0.042724
-0.224365 -0.767647 -0.030789
-0.247827 -0.724363 -0.026152
-0.274698 -0.683417 -0.011931
-0.300562 -0.673776 -0.027731
-0.335954 -0.673506 -0.023361
-0.354139 -0.674517 -0.044046
-0.389115 -0.696946 -0.045074
-0.422019 -0.718565 -0.055935
-0.445965 -0.770187 -0.059644
-0.473766 -0.809223 -0.045138
-0.499717 -0.845563 -0.047351
-0.532204 -0.875947 -0.036903
-0.563055 -0.880037 -0.019331
-0.586159 -0.872486 0.007157
-0.620515 -0.854035 0.015667
-0.644171 -0.831966 0.036958
-0.653128 -0.786480 0.060535
-0.681529 -0.757849 0.071745
-0.691299 -0.700047 0.095322
-0.706705 -0.667551 0.117494
-0.707790 -0.634694 0.148351
-0.717328 -0.610873 0.173489
-0.710056 -0.579994 0.203915
-0.713871 -0.547767 0.231274
-0.700663 -0.515743 0.254135
-0.705843 -0.486774 0.280999
-0.705785 -0.457492 0.306916
-0.709136 -0.437018 0.333541
-0.730603 -0.415219 0.354520
-0.732385 -0.367890 0.376683
-0.755402 -0.363575 0.396698
-0.740596 -0.353102 0.421854
-0.732404 -0.285682 0.421431
-0.761096 -0.258152 0.421716
-0.770818 -0.285727 0.446633
-0.749360 -0.260107 0.463306
-0.756283 -0.193721 0.458623
-0.785207 -0.197384 0.467364
-0.778458 -0.217812 0.494044
-0.761493 -0.163584 0.501526
-0.782525 -0.115311 0.498166
-0.801446 -0.143201 0.517657
-0.783532 -0.138639 0.540178
-0.779310 -0.069600 0.538966
-0.808873 -0.051779 0.542676
-0.813850 -0.075241 0.570806
-0.794793 -0.027507 0.585744
-0.806926 0.040520 0.579317
-0.838048 0.036497 0.596118
-0.829014 0.056948 0.628123
-0.824201 0.133335 0.643483
-0.848196 0.185518 0.655721
-0.840285 0.223768 0.686184
-0.834059 0.259456 0.710789
-0.822507 0.302560 0.736331
-0.815757 0.299683 0.768115
-0.797989 0.333820 0.795016
-0.772696 0.315841 0.818831
-0.748827 0.311032 0.841178
-0.729335 0.261658 0.859117
-0.701292 0.207385 0.857639
-0.682623 0.151066 0.854389
-0.669996 0.100973 0.830647
-0.656856 0.046295 0.815673
-0.647144 0.049689 0.783126
-0.624320 0.021013 0.760679
-0.616264 -0.010495 0.736331
-0.627661 -0.071398 0.717537
-0.628823 -0.073196 0.685018
-0.625889 -0.072050 0.657502
-0.620031 -0.047239 0.631722
-0.630527 -0.037194 0.605694
-0.615228 -0.024136 0.581713
-0.615150 -0.006360 0.554519
-0.588783 -0.041666 0.539802
-0.595300 -0.078949 0.514894
-0.601594 -0.064971 0.488976
-0.597159 -0.064566 0.461093
-0.595193 -0.036047 0.435010
-0.606155 -0.056543 0.408844
-0.585771 -0.022406 0.387186
-0.581288 -0.070005 0.361846
-0.588831 -0.080118 0.334891
-0.607743 -0.098052 0.314702
-0.609747 -0.112053 0.286424
-0.629927 -0.098254 0.264565
-0.639078 -0.097647 0.237049
-0.662153 -0.045486 0.228318
-0.667914 0.035733 0.233193
-0.680377 0.103827 0.227437
-0.683853 0.160662 0.252032
-0.689159 0.233769 0.258349
-0.694407 0.282289 0.284377
-0.700469 0.347911 0.301142
-0.696160 0.385577 0.331815
-0.686332 0.459042 0.347093
-0.665852 0.509765 0.360277
-0.651317 0.589590 0.359092
-0.631883 0.647369 0.360194
-0.610280 0.700249 0.341786
-0.589412 0.745556 0.330181
-0.576243 0.776547 0.299590
-0.560615 0.792368 0.272130
-0.549682 0.814347 0.243861
-0.536242 0.798683 0.212416
-0.523596 0.779783 0.185902
-0.510417 0.766906 0.158001
-0.488078 0.761759 0.130962
-0.470745 0.761107 0.106706
-0.436214 0.752343 0.095992
-0.417409 0.744634 0.071681
-0.380294 0.737151 0.069358
-0.348843 0.745691 0.061857
-0.316733 0.739353 0.078309
-0.286095 0.747489 0.079512
-0.258808 0.754500 0.103383
-0.232402 0.747106 0.117714
-0.211670 0.748455 0.139023
-0.199895 0.748275 0.170661
-0.189283 0.748320 0.199407
-0.179832 0.702182 0.225022
