-0.178488 0.032601 0.482864
-0.171209 -0.040764 0.465596
-0.148188 -0.108835 0.472762
-0.168665 -0.187543 0.475292
-0.173577 -0.269269 0.449826
-0.162980 -0.351440 0.451169
-0.186980 -0.426066 0.444314
-0.210088 -0.493396 0.411901
-0.197986 -0.552760 0.368495
-0.189552 -0.620857 0.342374
-0.180592 -0.661274 0.289881
-0.151199 -0.683685 0.249676
-0.118181 -0.717053 0.220010
-0.103535 -0.735604 0.170625
-0.070955 -0.764074 0.135822
-0.042219 -0.736866 0.092229
-0.008426 -0.736593 0.057864
0.028816 -0.682819 0.033351
0.071160 -0.668151 0.013599
0.105523 -0.603418 0.001296
0.150833 -0.577793 -0.003576
0.182434 -0.506382 -0.000437
0.220422 -0.457925 0.007104
0.250824 -0.403507 0.021469
0.288797 -0.353740 0.006058
0.323365 -0.303503 0.022827
0.356822 -0.241021 0.003981
0.389431 -0.190017 0.016847
0.419628 -0.125037 -0.005309
0.449285 -0.059686 -0.006292
0.486060 -0.007050 -0.021625
0.536968 0.008113 -0.042703
0.570615 0.051895 -0.077240
0.605914 0.097754 -0.096492
0.633699 0.139458 -0.140615
0.655536 0.193109 -0.175418
0.675765 0.219823 -0.222462
0.681641 0.275007 -0.269755
0.677475 0.319679 -0.318110
0.675853 0.362793 -0.361719
0.661178 0.383917 -0.417631
0.659483 0.416691 -0.463597
0.657641 0.425646 -0.521352
0.649924 0.411670 -0.579075
0.649690 0.416246 -0.628835
0.645626 0.385970 -0.683279
0.633729 0.383596 -0.736303
0.624140 0.334768 -0.785782
0.613339 0.301103 -0.836152
0.604657 0.240353 -0.881743
0.582484 0.187246 -0.919340
0.564184 0.123553 -0.949490
0.530040 0.065202 -0.978391
0.497051 -0.004848 -0.981795
0.466371 -0.058870 -1.000000
0.426118 -0.123825 -0.993505
0.388159 -0.177204 -0.981264
0.350347 -0.225339 -0.981639
0.319726 -0.297690 -0.957516
0.288110 -0.357030 -0.945040
0.269197 -0.424978 -0.911424
0.235608 -0.472024 -0.891611
0.216329 -0.529806 -0.849704
0.192490 -0.567008 -0.808360
0.178458 -0.605941 -0.765391
0.169367 -0.625383 -0.708027
0.164427 -0.658603 -0.662763
0.179525 -0.670377 -0.605852
0.189362 -0.669759 -0.555498
0.196890 -0.680296 -0.508970
0.239365 -0.671564 -0.471685
0.273129 -0.633917 -0.442160
0.281548 -0.575641 -0.401830
0.310883 -0.612026 -0.366778
0.357523 -0.567800 -0.353147
0.395351 -0.526096 -0.343607
0.438279 -0.489636 -0.348775
0.468710 -0.542990 -0.318251
0.489421 -0.604284 -0.348432
0.530669 -0.576012 -0.369978
0.564593 -0.595033 -0.330851
0.562532 -0.685713 -0.331569
0.593636 -0.723385 -0.373663
0.641899 -0.754477 -0.359970
0.657758 -0.824824 -0.352616
0.703449 -0.857797 -0.352273
0.730387 -0.921416 -0.344388
0.779220 -0.955501 -0.347417
0.830538 -0.956688 -0.339719
0.876492 -0.968512 -0.337330
0.920107 -0.942936 -0.365122
0.961413 -0.920204 -0.379253
0.976950 -0.848645 -0.412525
1.000000 -0.783393 -0.432495
0.996945 -0.723978 -0.468312
0.952044 -0.684723 -0.492638
0.912258 -0.637157 -0.476369
0.905330 -0.568047 -0.501413
0.875673 -0.593500 -0.538729
0.837788 -0.620140 -0.514966
0.828623 -0.555753 -0.491858
0.820350 -0.513407 -0.532343
0.784540 -0.555556 -0.548129
0.759137 -0.548753 -0.508861
0.758260 -0.471554 -0.510953
0.736789 -0.466954 -0.553672
0.699722 -0.506431 -0.541915
0.687371 -0.459706 -0.505816
0.684506 -0.396310 -0.532781
0.652496 -0.423246 -0.563321
0.620691 -0.437791 -0.531063
0.619595 -0.365638 -0.514747
0.610138 -0.330142 -0.556107
0.570966 -0.367765 -0.564585
0.550357 -0.345553 -0.524287
0.554230 -0.270234 -0.533358
0.530333 -0.272435 -0.573829
0.491892 -0.297146 -0.555170
0.486951 -0.237756 -0.525333
0.484540 -0.183487 -0.559854
0.449431 -0.211240 -0.584180
0.420841 -0.209830 -0.547176
0.424042 -0.134882 -0.538917
0.408344 -0.111631 -0.581542
0.367813 -0.142278 -0.578154
0.355141 -0.102726 -0.538807
0.358415 -0.033121 -0.560167
0.328232 -0.046107 -0.595500
0.294147 -0.062209 -0.565132
0.295389 0.003710 -0.540993
0.287189 0.049174 -0.578762
0.244700 0.021520 -0.587912
0.225085 0.041679 -0.542211
0.228607 0.122761 -0.543866
0.214546 0.192738 -0.555998
0.257884 0.223113 -0.557903
0.272062 0.176140 -0.598654
0.228841 0.190215 -0.627992
0.261596 0.232908 -0.662014
0.306775 0.225834 -0.671444
0.342279 0.228010 -0.703515
0.373674 0.204982 -0.664418
0.401036 0.175299 -0.633223
0.410771 0.163599 -0.585726
0.426834 0.141313 -0.543601
0.425007 0.097160 -0.504661
0.414790 0.156451 -0.474839
0.374975 0.172974 -0.495995
0.353577 0.109305 -0.487736
0.356910 0.114549 -0.439459
0.334707 0.180345 -0.434290
0.296895 0.156030 -0.455259
0.290215 0.099164 -0.424298
0.287189 0.144034 -0.385467
0.253016 0.186034 -0.402095
0.225143 0.125952 -0.408684
0.228271 0.102602 -0.362999
0.212865 0.172999 -0.346230
0.172407 0.166865 -0.367262
0.162834 0.099782 -0.346417
0.174921 0.122415 -0.299920
0.146156 0.184006 -0.297969
0.112363 0.128253 -0.293909
0.138673 0.080983 -0.259622
0.145908 0.075270 -0.213999
0.169601 0.031290 -0.182210
0.129201 0.023004 -0.141662
0.089269 -0.036361 -0.149578
0.065416 -0.106238 -0.150483
0.051238 -0.148437 -0.190220
0.039939 -0.188335 -0.226662
0.004597 -0.214035 -0.251893
0.041547 -0.243420 -0.279904
0.069333 -0.288933 -0.300935
0.101942 -0.296354 -0.335145
0.072811 -0.337786 -0.367043
0.045362 -0.278223 -0.381798
0.022268 -0.221901 -0.405858
-0.011847 -0.175720 -0.414305
-0.034487 -0.227219 -0.440005
-0.041094 -0.276195 -0.402829
-0.061221 -0.228406 -0.372961
-0.095291 -0.212823 -0.401705
-0.111501 -0.282601 -0.405218
-0.117011 -0.293534 -0.357893
-0.145542 -0.236841 -0.349556
-0.177216 -0.252993 -0.382454
-0.184670 -0.325047 -0.365763
-0.192125 -0.308054 -0.316783
-0.225216 -0.251534 -0.315862
-0.263979 -0.243420 -0.337658
-0.256378 -0.160607 -0.361500
-0.245752 -0.074800 -0.361313
-0.230493 -0.001731 -0.370353
-0.231297 0.083704 -0.352397
-0.237538 0.169536 -0.356457
-0.251219 0.241590 -0.328181
-0.262649 0.309785 -0.310194
-0.279721 0.354779 -0.274392
-0.305401 0.407539 -0.298905
-0.329767 0.355966 -0.333208
-0.319623 0.285569 -0.350805
-0.290551 0.263456 -0.385810
-0.268685 0.217176 -0.416475
-0.224822 0.191674 -0.433026
-0.231998 0.103690 -0.423267
-0.233942 0.019912 -0.442612
-0.235345 -0.054467 -0.457555
-0.252066 -0.116899 -0.479492
-0.277908 -0.143786 -0.442784
-0.317621 -0.111853 -0.452964
-0.332339 -0.168052 -0.481443
-0.339881 -0.219229 -0.444189
-0.368149 -0.170822 -0.413681
-0.392559 -0.116553 -0.447890
-0.386800 -0.095577 -0.495121
-0.349952 -0.044845 -0.507721
-0.317548 0.006753 -0.523053
-0.288622 0.063520 -0.520883
-0.314697 0.115737 -0.543523
-0.348622 0.121129 -0.508783
-0.318381 0.148486 -0.470639
-0.294629 0.206688 -0.486002
-0.317168 0.272460 -0.465674
-0.347862 0.255021 -0.428217
-0.370400 0.232636 -0.387153
-0.384637 0.190709 -0.351320
-0.428442 0.212724 -0.349931
-0.444462 0.168621 -0.387528
-0.436379 0.097952 -0.360517
-0.462410 0.106040 -0.318844
-0.491745 0.118631 -0.284525
-0.508890 0.169932 -0.254048
-0.491248 0.136836 -0.212937
-0.444155 0.152790 -0.226506
-0.432666 0.225735 -0.227645
-0.421616 0.233600 -0.181726
-0.388232 0.180296 -0.182147
-0.362625 0.213812 -0.215623
-0.356836 0.279015 -0.192624
-0.333947 0.251509 -0.157057
-0.298225 0.224918 -0.183162
-0.287540 0.296898 -0.201446
-0.285640 0.337835 -0.156510
-0.250561 0.310750 -0.132871
-0.216212 0.351093 -0.106828
-0.175170 0.328312 -0.086015
-0.152675 0.394182 -0.101051
-0.124363 0.418695 -0.068824
-0.091228 0.451964 -0.050291
-0.073338 0.457381 -0.005059
-0.037542 0.507173 -0.032851
-0.038785 0.579227 -0.018908
-0.006687 0.622737 -0.003794
-0.001440 0.689126 0.020001
0.020806 0.747254 0.040033
0.017678 0.802686 0.074180
0.054906 0.847012 0.051665
0.036665 0.851464 -0.001171
0.004305 0.824379 -0.031399
0.021771 0.759845 -0.055678
0.028772 0.697141 -0.077552
0.048197 0.630652 -0.080394
0.072607 0.589295 -0.107249
0.085250 0.523870 -0.114104
0.111866 0.476699 -0.141302
0.076480 0.415999 -0.147189
0.045859 0.438458 -0.191609
0.044938 0.369620 -0.230425
0.028845 0.296601 -0.214717
-0.008850 0.254997 -0.215155
-0.044938 0.230286 -0.192718
-0.063822 0.189201 -0.159773
-0.091930 0.141733 -0.137430
-0.119657 0.144306 -0.101301
-0.157089 0.122860 -0.080378
-0.180417 0.185614 -0.098678
-0.183925 0.150712 -0.145955
-0.216242 0.096394 -0.141537
-0.253513 0.050336 -0.165300
-0.299803 0.012862 -0.154418
-0.342863 -0.009350 -0.185536
-0.387297 -0.007198 -0.206708
-0.414323 -0.013852 -0.255500
-0.437533 -0.000693 -0.299967
-0.439609 -0.020308 -0.351554
-0.449855 -0.031661 -0.397286
-0.458786 -0.066909 -0.442769
-0.461987 -0.099758 -0.487173
-0.481119 -0.121030 -0.532562
-0.484627 -0.158257 -0.572736
-0.504827 -0.168868 -0.613300
-0.512793 -0.214455 -0.648118
-0.521621 -0.199565 -0.695177
-0.528813 -0.220491 -0.737677
-0.544291 -0.208370 -0.780911
-0.588374 -0.157193 -0.790732
-0.623556 -0.105842 -0.794557
-0.653680 -0.053923 -0.763112
-0.662216 0.006406 -0.725389
-0.676949 0.054071 -0.686917
-0.698640 0.010587 -0.640342
-0.688028 0.017117 -0.583493
-0.688306 0.017983 -0.535263
-0.656896 -0.018007 -0.506753
-0.637617 -0.030647 -0.465533
-0.600447 -0.053700 -0.449217
-0.575950 -0.087365 -0.417334
-0.539862 -0.071708 -0.393570
-0.503819 -0.100821 -0.371758
-0.476340 -0.112719 -0.329617
-0.434142 -0.116528 -0.301201
-0.400788 -0.129564 -0.268365
-0.358663 -0.092436 -0.251112
-0.313411 -0.081948 -0.238434
-0.281489 -0.024686 -0.223289
-0.230478 -0.011799 -0.224507
-0.200295 0.061814 -0.210064
-0.182069 0.144999 -0.219073
-0.162702 0.215717 -0.218761
-0.141084 0.273894 -0.255875
-0.110215 0.323810 -0.280778
-0.098595 0.378871 -0.321092
-0.084870 0.428169 -0.353178
-0.091959 0.470862 -0.393133
-0.060884 0.439250 -0.425953
-0.092777 0.376224 -0.441004
-0.130824 0.417854 -0.460599
-0.156680 0.434946 -0.500617
-0.183165 0.497922 -0.492685
-0.211477 0.539131 -0.519962
-0.234118 0.596987 -0.489469
-0.233562 0.673222 -0.483926
-0.224763 0.744261 -0.474245
-0.244364 0.769615 -0.423299
-0.225304 0.784506 -0.374850
-0.198059 0.777951 -0.334582
-0.177742 0.727318 -0.301294
-0.147428 0.650514 -0.301747
-0.117874 0.591323 -0.291676
-0.138760 0.521990 -0.285072
-0.144417 0.449614 -0.286493
-0.165976 0.385723 -0.297578
-0.198439 0.326012 -0.283058
-0.204987 0.237756 -0.276172
-0.214298 0.159988 -0.285634
-0.201187 0.080439 -0.280903
-0.227832 0.004972 -0.294737
-0.256276 -0.061269 -0.288897
-0.290887 -0.112719 -0.305448
-0.322926 -0.173098 -0.289397
-0.350814 -0.229989 -0.281887
-0.384067 -0.264915 -0.252127
-0.403638 -0.325937 -0.234749
-0.432418 -0.372786 -0.211079
-0.413738 -0.436702 -0.185270
-0.409631 -0.493495 -0.157650
-0.385835 -0.550163 -0.143504
-0.370912 -0.623306 -0.141505
-0.358371 -0.686777 -0.116664
-0.332281 -0.743890 -0.100879
-0.323657 -0.786509 -0.058410
-0.272646 -0.774018 -0.056537
-0.271053 -0.689398 -0.043359
-0.263833 -0.621302 -0.022140
-0.284222 -0.550732 -0.027589
-0.299818 -0.483972 -0.018970
-0.334810 -0.438483 -0.017675
-0.362756 -0.378179 -0.024935
-0.364145 -0.295043 -0.007807
-0.389080 -0.226353 0.017909
-0.405070 -0.152840 0.035411
-0.437256 -0.110913 0.069730
-0.469178 -0.051054 0.086858
-0.505792 -0.024612 0.122957
-0.539585 -0.003562 0.152888
-0.577236 -0.018774 0.176839
-0.600023 -0.033022 0.132012
-0.573480 -0.057658 0.091932
-0.544350 -0.010315 0.066045
-0.508423 0.014742 0.041704
-0.461694 0.046502 0.043531
-0.437723 -0.026096 0.020329
-0.408841 -0.062976 -0.020266
-0.381319 -0.102973 -0.049495
-0.366892 -0.136589 -0.089653
-0.383190 -0.206590 -0.080222
-0.425299 -0.195681 -0.094837
-0.417363 -0.202483 -0.142317
-0.407628 -0.278371 -0.141974
-0.448861 -0.302835 -0.118600
-0.485022 -0.251583 -0.134636
-0.482303 -0.183338 -0.162724
-0.474995 -0.116899 -0.136665
-0.465582 -0.046725 -0.119740
-0.469777 0.003933 -0.085203
-0.506756 0.040838 -0.104127
-0.536428 -0.019219 -0.091714
-0.528637 -0.016078 -0.040080
-0.535463 0.052513 -0.022858
-0.578216 0.046107 0.002123
-0.589967 -0.030820 0.011976
-0.599117 -0.102355 0.031102
-0.596603 -0.177476 0.038597
-0.640467 -0.194073 0.026262
-0.634357 -0.196621 -0.022140
-0.605753 -0.267537 -0.016410
-0.630528 -0.319333 0.006839
-0.660447 -0.371797 0.018268
-0.693627 -0.394331 0.046825
-0.671190 -0.446003 0.073071
-0.643010 -0.388468 0.095149
-0.664058 -0.340902 0.125580
-0.657436 -0.378005 0.166846
-0.613105 -0.380850 0.167096
-0.606615 -0.304690 0.161366
-0.626844 -0.283269 0.202289
-0.597846 -0.317033 0.232095
-0.561495 -0.280004 0.214998
-0.576681 -0.208717 0.224382
-0.578786 -0.218364 0.271504
-0.536311 -0.240131 0.279373
-0.514372 -0.175670 0.263900
-0.534703 -0.129861 0.299374
-0.519151 -0.175324 0.340172
-0.472788 -0.191130 0.324090
-0.425563 -0.205600 0.315144
-0.426878 -0.267216 0.282277
-0.432491 -0.320867 0.247365
-0.461767 -0.351811 0.211641
-0.484744 -0.409667 0.184755
-0.507370 -0.448056 0.148750
-0.523931 -0.485456 0.111449
-0.541412 -0.494113 0.068294
-0.556598 -0.442070 0.026637
-0.574752 -0.392921 -0.009712
-0.564696 -0.342560 -0.052196
-0.567195 -0.296478 -0.091308
-0.555707 -0.275181 -0.138508
-0.563380 -0.246760 -0.183521
-0.587950 -0.311022 -0.198026
-0.606265 -0.357203 -0.158946
-0.579487 -0.397274 -0.128453
-0.553616 -0.438409 -0.090918
-0.523200 -0.441402 -0.049136
-0.496744 -0.460992 -0.009758
-0.486688 -0.434105 0.040892
-0.456944 -0.403384 0.081300
-0.452179 -0.352429 0.126017
-0.435341 -0.288958 0.155651
-0.446888 -0.237929 0.196590
-0.439536 -0.154398 0.217325
-0.431584 -0.086722 0.241385
-0.418664 -0.008064 0.244414
-0.398902 0.045760 0.276625
-0.378586 0.106535 0.293222
-0.350946 0.138073 0.327431
-0.375998 0.208074 0.328712
-0.421631 0.186628 0.331116
-0.443321 0.118062 0.330289
-0.459706 0.097309 0.283276
-0.474206 0.070001 0.241073
-0.464427 0.063001 0.191016
-0.462089 -0.028075 0.181835
-0.454722 -0.096072 0.154777
-0.431628 -0.162882 0.139616
-0.422449 -0.216657 0.097959
-0.411662 -0.290467 0.080847
-0.415945 -0.334892 0.037004
-0.421163 -0.413130 0.016878
-0.423560 -0.474721 -0.012397
-0.446932 -0.544944 -0.025153
-0.448861 -0.617369 -0.042875
-0.468242 -0.685095 -0.045623
-0.484057 -0.748021 -0.029291
-0.501144 -0.812580 -0.034038
-0.515059 -0.873602 -0.015442
-0.523068 -0.950307 -0.014271
-0.566435 -0.959137 0.017862
-0.618528 -0.970169 0.007666
-0.660857 -1.000000 0.000500
-0.705890 -0.968908 -0.025934
-0.745237 -0.961017 -0.050838
-0.763010 -0.941897 -0.105704
-0.791761 -0.943331 -0.147501
-0.829734 -0.899921 -0.175278
-0.860487 -0.886415 -0.213296
-0.899849 -0.843351 -0.236483
-0.935308 -0.788587 -0.246725
-0.958490 -0.714010 -0.271644
-0.970095 -0.639408 -0.295361
-0.988000 -0.577743 -0.317892
-0.996784 -0.485456 -0.320156
-1.000000 -0.406253 -0.324090
-0.978879 -0.322994 -0.337736
-0.972156 -0.248714 -0.351554
-0.941476 -0.175745 -0.339922
-0.918821 -0.106782 -0.340313
-0.872618 -0.064559 -0.330976
-0.838884 -0.014223 -0.327869
-0.791118 -0.002523 -0.311100
-0.753071 0.033343 -0.299577
-0.708564 0.040121 -0.286415
-0.708287 0.057584 -0.228723
-0.711429 -0.013530 -0.191032
-0.705130 -0.082418 -0.167080
-0.697091 -0.155511 -0.150468
-0.712584 -0.192218 -0.109029
-0.728881 -0.175398 -0.063485
-0.751814 -0.172900 -0.024482
-0.774309 -0.135376 0.006542
-0.738455 -0.128896 0.046076
-0.694182 -0.135500 0.047684
-0.686143 -0.063669 0.064687
-0.700847 -0.075789 0.112683
-0.674684 -0.118309 0.139398
-0.646752 -0.060725 0.151561
-0.679273 -0.018947 0.173357
-0.690952 -0.070075 0.206973
-0.650304 -0.072005 0.227630
-0.647307 0.001014 0.239480
-0.683497 0.001360 0.268381
-0.671278 -0.050559 0.300389
-0.633509 -0.011675 0.314863
-0.654162 0.050633 0.329727
-0.679303 0.013951 0.362983
-0.644779 -0.011626 0.389136
-0.628218 0.058177 0.399628
-0.664935 0.084125 0.422268
-0.666133 0.031834 0.456899
-0.625397 0.048085 0.474714
-0.634956 0.121970 0.485550
-0.670328 0.106486 0.517448
-0.649120 0.063372 0.553765
-0.624228 0.129044 0.575046
-0.663970 0.181063 0.591847
-0.691361 0.128846 0.628538
-0.673982 0.140447 0.682655
-0.700555 0.204240 0.714460
-0.744930 0.168992 0.741284
-0.759473 0.176437 0.796025
-0.778650 0.187494 0.839852
-0.775054 0.148981 0.891626
-0.754840 0.114846 0.937031
-0.728253 0.067701 0.967867
-0.679215 0.045983 0.991459
-0.630572 0.032354 1.000000
-0.582893 0.017438 0.998251
-0.533738 0.036213 0.974581
-0.489977 0.067948 0.968289
-0.456812 0.100129 0.929099
-0.426556 0.165133 0.914172
-0.389621 0.197611 0.882461
-0.365899 0.260389 0.848517
-0.333348 0.299124 0.818789
-0.304846 0.323736 0.771074
-0.289017 0.368260 0.728559
-0.265820 0.383274 0.683233
-0.254975 0.368235 0.625978
-0.253192 0.411695 0.574531
-0.247345 0.462699 0.532609
-0.236354 0.483155 0.481162
-0.216680 0.539997 0.446750
-0.195647 0.592337 0.413493
-0.156242 0.646112 0.395787
-0.124495 0.698179 0.367480
-0.088729 0.744855 0.352928
-0.036899 0.771198 0.343872
0.005138 0.814831 0.335223
0.058663 0.816118 0.322170
0.101913 0.844316 0.315268
0.152587 0.842807 0.291130
0.197197 0.852528 0.267694
0.232700 0.858687 0.221806
0.262941 0.889829 0.189267
0.280203 0.909691 0.133386
0.283945 0.932473 0.080784
0.289075 0.973607 0.038081
0.298123 0.974077 -0.018611
0.297421 1.000000 -0.066217
0.304130 0.984021 -0.123644
0.291604 0.972865 -0.174309
0.285333 0.966014 -0.224101
0.291984 0.923172 -0.273096
0.289879 0.897893 -0.319172
0.284500 0.825814 -0.356785
0.261392 0.771000 -0.390494
0.249699 0.721554 -0.425000
0.220261 0.657960 -0.451231
0.199696 0.613040 -0.481678
0.158346 0.554937 -0.488095
0.133689 0.518279 -0.522366
0.107116 0.441278 -0.506753
0.061484 0.409790 -0.501897
0.029225 0.363585 -0.511484
-0.012782 0.352429 -0.523210
-0.051501 0.319506 -0.511765
-0.089065 0.294375 -0.531984
-0.132519 0.271767 -0.528518
-0.130268 0.227367 -0.568130
-0.104529 0.172578 -0.545365
-0.140017 0.150465 -0.514685
-0.168519 0.120115 -0.550518
-0.139228 0.061220 -0.569941
-0.119496 0.030326 -0.522148
-0.115564 -0.015930 -0.485784
-0.070999 -0.001385 -0.480241
-0.075983 0.069308 -0.459959
-0.103696 0.053775 -0.422643
-0.074244 -0.002746 -0.405733
-0.038054 0.037895 -0.401034
-0.059540 0.078337 -0.368479
-0.070590 0.021272 -0.336924
-0.028392 -0.006901 -0.330820
-0.011203 0.055828 -0.316424
-0.042789 0.063990 -0.278670
-0.031725 -0.002078 -0.255672
0.013396 0.007445 -0.247912
0.007359 0.044202 -0.201789
-0.025907 -0.010513 -0.168845
-0.017854 -0.082888 -0.147439
-0.033917 -0.088775 -0.097319
-0.041357 -0.144034 -0.064593
-0.058955 -0.166494 -0.022515
-0.077854 -0.219205 0.005886
-0.102673 -0.249233 0.041173
-0.116324 -0.219378 0.082596
-0.141771 -0.210621 0.119600
-0.179160 -0.170179 0.140491
-0.179365 -0.171861 0.191578
-0.156958 -0.091397 0.202133
-0.184627 -0.027654 0.197246
-0.192373 0.040071 0.217387
-0.217119 0.104111 0.218386
-0.211915 0.184402 0.215685
-0.233708 0.238671 0.187394
