0.353196 0.535416 0.315491
0.379210 0.497804 0.279704
0.395109 0.472570 0.237801
0.420606 0.450945 0.204400
0.464797 0.424161 0.212662
0.502654 0.385148 0.230788
0.533967 0.348574 0.235175
0.586980 0.365699 0.251187
0.616775 0.346893 0.293715
0.656151 0.315478 0.308974
0.682407 0.268536 0.329741
0.702604 0.212200 0.333248
0.722300 0.159935 0.316980
0.730379 0.112829 0.283211
0.721799 0.081216 0.233926
0.718761 0.052603 0.187508
0.693523 0.022589 0.145989
0.648072 0.001409 0.111899
0.608179 -0.024204 0.077057
0.574361 -0.070700 0.072862
0.556685 -0.121565 0.085127
0.545585 -0.165078 0.079427
0.565782 -0.221743 0.087257
0.585979 -0.267317 0.099954
0.626873 -0.306215 0.118208
0.664731 -0.342789 0.155612
0.706643 -0.362617 0.187508
0.752095 -0.348706 0.232549
0.793991 -0.352315 0.248689
0.790469 -0.387076 0.210901
0.741479 -0.395317 0.210036
0.734418 -0.406130 0.146357
0.768252 -0.420552 0.113324
0.751594 -0.418491 0.058916
0.768753 -0.381917 0.021640
0.792488 -0.364924 -0.012001
0.801569 -0.335833 -0.045370
0.788950 -0.304665 -0.092765
0.770773 -0.286387 -0.137726
0.733917 -0.280206 -0.177260
0.695543 -0.282266 -0.210276
0.658171 -0.291265 -0.242188
0.623836 -0.310071 -0.274708
0.603138 -0.339690 -0.306988
0.580921 -0.358743 -0.340005
0.613737 -0.373940 -0.392300
0.626372 -0.373165 -0.435324
0.615757 -0.332998 -0.472600
0.605158 -0.295913 -0.507874
0.589000 -0.266295 -0.547663
0.561225 -0.240022 -0.587693
0.540026 -0.214788 -0.626714
0.491554 -0.205772 -0.659250
0.452679 -0.177703 -0.686263
0.413787 -0.148348 -0.707286
0.360774 -0.131338 -0.714780
0.306743 -0.116801 -0.703780
0.302963 -0.135723 -0.651244
0.266867 -0.190575 -0.656240
0.239092 -0.233841 -0.633727
0.219654 -0.275047 -0.593185
0.195789 -0.309050 -0.557671
0.194157 -0.330163 -0.502622
0.184560 -0.289221 -0.457837
0.130270 -0.268091 -0.457340
0.092025 -0.284574 -0.467604
0.070067 -0.266031 -0.416318
0.054847 -0.204223 -0.421810
0.022532 -0.206547 -0.458093
-0.028058 -0.206547 -0.427078
-0.037267 -0.143964 -0.413051
-0.062279 -0.120526 -0.442577
-0.107569 -0.108807 -0.436573
-0.140304 -0.069794 -0.400306
-0.159112 -0.015073 -0.387288
-0.185174 0.024715 -0.372285
-0.219509 0.053757 -0.348011
-0.264200 0.065410 -0.325738
-0.311914 0.057679 -0.305980
-0.357737 0.029429 -0.287214
-0.389551 0.000255 -0.248305
-0.416550 -0.015848 -0.205025
-0.425647 -0.045450 -0.156621
-0.416308 -0.076238 -0.106888
-0.391054 -0.103022 -0.060773
-0.361275 -0.125932 -0.017365
-0.313546 -0.150656 0.014515
-0.268369 -0.168951 0.043656
-0.212189 -0.192636 0.053472
-0.155072 -0.203712 0.057971
-0.106729 -0.220969 0.064920
-0.053490 -0.249813 0.067979
-0.006148 -0.281228 0.074672
0.036799 -0.308011 0.092749
0.065769 -0.352052 0.115582
0.095435 -0.381917 0.146229
0.127249 -0.419002 0.177500
0.155024 -0.439094 0.220668
0.181280 -0.454555 0.270705
0.201719 -0.464856 0.319990
0.228993 -0.473608 0.370780
0.260290 -0.466405 0.417311
0.288825 -0.466405 0.468853
0.336279 -0.465878 0.509619
0.397129 -0.471548 0.520635
0.455959 -0.455576 0.518634
0.502654 -0.414371 0.515640
0.542046 -0.370858 0.524142
0.559706 -0.309050 0.526640
0.545585 -0.251609 0.544653
0.511234 -0.221743 0.584187
0.471357 -0.210404 0.623208
0.428442 -0.190839 0.648731
0.368352 -0.174604 0.646729
0.322659 -0.165605 0.668746
0.267109 -0.137783 0.666744
0.233792 -0.099544 0.668249
0.203109 -0.046999 0.669242
0.198197 0.009271 0.660243
0.188211 0.057169 0.631214
0.148706 0.090034 0.600199
0.115890 0.126855 0.589679
0.092155 0.167764 0.570673
0.093286 0.211491 0.530643
0.071586 0.239313 0.492118
0.048739 0.262932 0.450583
0.019510 0.288051 0.419568
-0.001446 0.330938 0.386039
-0.035425 0.335174 0.339509
-0.079843 0.322169 0.308221
-0.122951 0.286634 0.294211
-0.160437 0.268355 0.340758
-0.194012 0.303116 0.341254
-0.227458 0.276201 0.304971
-0.256752 0.242016 0.319494
-0.272909 0.218645 0.370027
-0.301686 0.228303 0.397039
-0.336522 0.203514 0.384790
-0.356719 0.164583 0.400546
-0.345118 0.109153 0.412059
-0.357236 0.087397 0.443074
-0.360758 0.030138 0.451080
-0.329962 -0.023182 0.436829
-0.279841 -0.048927 0.448085
-0.230496 -0.057432 0.457340
-0.177661 -0.027435 0.454330
-0.134746 0.004112 0.469846
-0.085611 0.052141 0.461840
-0.119348 0.050477 0.537144
-0.112836 0.052405 0.574676
-0.087404 0.074623 0.606699
-0.065996 0.050675 0.603193
-0.041339 0.039022 0.583178
-0.089149 0.048927 0.675759
-0.140482 0.061025 0.709768
-0.186935 0.037011 0.740799
-0.214710 0.001673 0.775833
-0.239964 -0.026017 0.807345
-0.289439 -0.039022 0.830866
-0.347380 -0.056526 0.837367
-0.395594 -0.091946 0.835878
-0.438266 -0.129031 0.830866
-0.485220 -0.159935 0.808850
-0.524353 -0.201652 0.784832
-0.563487 -0.230495 0.753801
-0.600601 -0.245692 0.710777
-0.633918 -0.263460 0.672749
-0.664230 -0.267069 0.623208
-0.696028 -0.285612 0.587693
-0.737940 -0.267069 0.551666
-0.747538 -0.269377 0.493607
-0.761676 -0.297199 0.452585
-0.780354 -0.323982 0.415309
-0.788934 -0.343300 0.363270
-0.772776 -0.382445 0.322984
-0.752078 -0.428793 0.302473
-0.728860 -0.480811 0.294723
-0.699566 -0.528213 0.303978
-0.668269 -0.568381 0.327996
-0.634936 -0.604955 0.357506
-0.606660 -0.627618 0.404293
-0.585445 -0.644611 0.454330
-0.566525 -0.651830 0.513126
-0.560466 -0.632760 0.572674
-0.573327 -0.618338 0.626218
-0.598080 -0.584352 0.673245
-0.645034 -0.548289 0.664743
-0.689969 -0.580742 0.665239
-0.710666 -0.554981 0.715276
-0.723302 -0.497820 0.708775
-0.769254 -0.495760 0.676752
-0.802070 -0.530785 0.692267
-0.806610 -0.483398 0.727797
-0.842464 -0.449396 0.705269
-0.881840 -0.474119 0.696270
-0.907595 -0.449923 0.744306
-0.922751 -0.390159 0.747812
-0.949508 -0.344585 0.744802
-0.972726 -0.292815 0.720784
-0.989902 -0.242082 0.698768
-1.000000 -0.194449 0.688264
-0.984343 -0.137272 0.682756
-0.963645 -0.084348 0.677248
-0.940912 -0.036319 0.683765
-0.898514 -0.003997 0.713771
-0.858621 0.013458 0.741792
-0.813687 -0.004129 0.772823
-0.767218 -0.027946 0.788339
-0.726824 -0.051894 0.802845
-0.683909 -0.088847 0.823357
-0.648072 -0.136234 0.821851
-0.591520 -0.139069 0.815863
-0.542531 -0.130053 0.829361
-0.491037 -0.103533 0.824862
-0.448106 -0.070700 0.824365
-0.403430 -0.034258 0.811860
-0.368077 -0.015073 0.826863
-0.312802 -0.019062 0.811860
-0.266333 -0.013013 0.807857
-0.218248 -0.030385 0.795848
-0.172232 -0.048416 0.771318
-0.133550 -0.061553 0.749798
-0.112869 -0.087051 0.703780
-0.086532 -0.090397 0.659747
-0.085239 -0.090908 0.605194
-0.098101 -0.067997 0.560665
-0.105808 -0.027039 0.527136
-0.097357 0.025111 0.509123
-0.089456 0.085946 0.502622
-0.087324 0.089968 0.503631
-0.118928 0.107686 0.583178
-0.076320 0.131553 0.620213
-0.079843 0.194267 0.617203
-0.090086 0.233907 0.646729
-0.097729 0.287277 0.664246
-0.118621 0.345739 0.664743
-0.141435 0.380632 0.687255
-0.138527 0.441665 0.687255
-0.150273 0.493172 0.680258
-0.160937 0.554981 0.668249
-0.170276 0.604938 0.634224
-0.204870 0.639716 0.600695
-0.247526 0.665988 0.574179
-0.294609 0.671394 0.535142
-0.345118 0.663664 0.502622
-0.397371 0.659033 0.476603
-0.445844 0.673966 0.459086
-0.487999 0.705908 0.453834
-0.520573 0.753805 0.469093
-0.532432 0.801192 0.504127
-0.513754 0.843419 0.543660
-0.480680 0.887723 0.560169
-0.439785 0.925319 0.565164
-0.385511 0.949021 0.555157
-0.342581 0.970134 0.517129
-0.313433 0.996390 0.482111
-0.261163 0.998978 0.451592
-0.215598 1.000000 0.419056
-0.166302 0.987127 0.390795
-0.118847 0.966525 0.360020
-0.078130 0.925830 0.325738
-0.053910 0.902145 0.283707
-0.027023 0.852699 0.260186
-0.011141 0.798093 0.258440
-0.015018 0.740916 0.259689
0.009008 0.695590 0.286461
0.056172 0.677064 0.283211
0.089004 0.665988 0.323737
0.114743 0.651039 0.369515
0.134067 0.611894 0.407799
0.161083 0.572748 0.429816
0.172442 0.521769 0.461583
0.177871 0.466389 0.479853
0.172312 0.407152 0.489364
0.145426 0.352942 0.481854
0.120172 0.301567 0.472600
0.066400 0.254691 0.474857
0.029916 0.258944 0.515640
-0.029657 0.259339 0.508130
-0.068791 0.251988 0.498123
-0.111301 0.272146 0.463345
-0.099312 0.225205 0.435820
-0.131143 0.273761 0.424068
-0.090846 0.306973 0.399041
-0.050387 0.314967 0.355521
-0.096533 0.393768 0.327740
-0.085336 0.455576 0.333488
-0.067934 0.502452 0.327500
-0.099910 0.551124 0.351005
-0.119057 0.578418 0.392284
-0.157851 0.584863 0.425316
-0.202462 0.554206 0.452841
-0.239835 0.529746 0.483856
-0.297388 0.500902 0.482863
-0.338800 0.467938 0.484609
-0.366058 0.452741 0.523646
-0.394333 0.405355 0.498123
-0.367318 0.361826 0.525631
-0.377934 0.389137 0.574676
-0.435988 0.380895 0.564172
-0.435487 0.321922 0.553652
-0.409489 0.316252 0.605194
-0.452662 0.351656 0.632719
-0.504916 0.324362 0.609197
-0.493816 0.264745 0.623720
-0.493557 0.279942 0.679249
-0.549091 0.302984 0.689753
-0.602621 0.285991 0.676255
-0.651594 0.273118 0.665735
-0.673310 0.276332 0.614705
-0.676849 0.274536 0.559672
-0.681389 0.241440 0.509123
-0.682908 0.208047 0.471351
-0.679870 0.258762 0.439071
-0.621299 0.271305 0.438318
-0.608680 0.220639 0.419056
-0.645034 0.228237 0.377025
-0.618778 0.276843 0.358515
-0.565006 0.253092 0.361269
-0.584944 0.208722 0.331999
-0.608680 0.244077 0.292722
-0.556168 0.273761 0.284956
-0.524854 0.220507 0.284956
-0.564246 0.195108 0.248929
-0.550868 0.238539 0.204272
-0.490778 0.224117 0.205521
-0.494575 0.163314 0.221405
-0.540269 0.152057 0.181631
-0.503155 0.166198 0.134476
-0.458721 0.126839 0.158238
-0.494817 0.076288 0.173497
-0.544308 0.081117 0.134220
-0.510474 0.083952 0.080628
-0.481697 0.029429 0.091692
-0.526890 0.005414 0.114333
-0.558947 0.012881 0.062230
-0.530671 -0.024600 0.022040
-0.555408 -0.075843 0.044505
-0.595560 -0.099923 0.051102
-0.627358 -0.141129 0.086809
-0.672809 -0.155040 0.110266
-0.643516 -0.178214 0.157245
-0.615757 -0.128256 0.178509
-0.664230 -0.096577 0.192263
-0.685929 -0.140354 0.231540
-0.637456 -0.148348 0.268944
-0.635954 -0.095424 0.286205
-0.689969 -0.110868 0.300215
-0.670272 -0.147310 0.342759
-0.634936 -0.149370 0.380035
-0.637957 -0.150656 0.414556
-0.614739 -0.201141 0.425557
-0.568286 -0.219172 0.447589
-0.517535 -0.223293 0.469093
-0.467301 -0.225336 0.481598
-0.407211 -0.214524 0.492615
-0.350918 -0.196493 0.492871
-0.300038 -0.160446 0.518138
-0.339559 -0.222254 0.556166
-0.311413 -0.269377 0.581176
-0.282248 -0.312906 0.609694
-0.241596 -0.334284 0.644231
-0.212690 -0.314192 0.689257
-0.218119 -0.308786 0.738301
-0.196290 -0.291529 0.790340
-0.174510 -0.262685 0.838872
-0.148884 -0.220194 0.873394
-0.120285 -0.191086 0.905418
-0.078776 -0.164830 0.926938
-0.045023 -0.120015 0.939955
-0.022338 -0.083952 0.963973
0.009670 -0.047906 0.978976
0.037558 0.002316 0.971467
0.043117 0.055949 0.974973
0.021207 0.110620 0.967976
-0.000057 0.156441 0.979985
-0.023937 0.209497 0.961459
-0.039222 0.234484 0.975982
-0.036912 0.279678 0.998495
-0.036104 0.334927 1.000000
-0.019882 0.383730 0.984484
0.007457 0.417469 0.947961
0.035232 0.439358 0.919940
0.080408 0.435237 0.884906
0.118782 0.428529 0.842875
0.151356 0.417717 0.799851
0.194901 0.415656 0.763312
0.240853 0.386813 0.745795
0.273669 0.342393 0.729287
0.303964 0.304022 0.709768
0.320639 0.255598 0.695261
0.347897 0.205871 0.679762
0.357494 0.146172 0.682756
0.350417 0.091254 0.679762
0.316600 0.044494 0.658738
0.307260 0.005530 0.624713
0.295385 -0.022144 0.578679
0.308004 -0.033615 0.522637
0.327700 -0.049191 0.476106
0.324678 -0.054465 0.417311
0.332499 -0.066959 0.368522
0.308521 -0.084990 0.322232
0.279227 -0.099676 0.281962
0.237573 -0.100055 0.243181
0.206777 -0.101077 0.204656
0.161955 -0.105461 0.177004
0.109960 -0.110868 0.160736
0.059080 -0.099676 0.140609
0.015035 -0.094138 0.115966
-0.037041 -0.081776 0.101828
-0.085934 -0.054350 0.081365
-0.089052 -0.032841 0.028669
-0.116165 -0.054086 -0.010992
-0.108959 -0.059493 -0.069243
-0.075916 -0.103269 -0.101331
-0.082331 -0.139580 -0.124725
-0.068096 -0.150408 -0.179133
-0.057125 -0.174868 -0.215544
-0.073105 -0.148084 -0.263948
-0.079342 -0.098638 -0.298230
-0.087921 -0.059624 -0.320983
-0.113628 -0.006832 -0.315491
-0.097794 0.047197 -0.340501
-0.063233 0.086276 -0.349004
-0.099813 0.123213 -0.326251
-0.101930 0.100863 -0.271698
-0.047737 0.095160 -0.268576
-0.042664 0.148496 -0.281706
-0.078857 0.162490 -0.243805
-0.056592 0.129822 -0.205905
-0.008830 0.151117 -0.216169
-0.029786 0.200547 -0.212902
-0.054750 0.187230 -0.165619
-0.010688 0.163363 -0.145236
0.016731 0.207404 -0.157613
-0.019397 0.239313 -0.135725
-0.019720 0.209431 -0.089066
0.033584 0.211887 -0.087321
0.032323 0.265322 -0.093822
-0.006374 0.269822 -0.054801
0.022532 0.236808 -0.023706
0.067482 0.267317 -0.030559
0.038625 0.313285 -0.021144
0.015665 0.288694 0.022761
0.063507 0.270597 0.039621
0.086096 0.323208 0.032016
0.041856 0.344964 0.059044
0.048610 0.305440 0.098385
0.103514 0.315857 0.098946
0.092526 0.374847 0.097200
0.052827 0.367627 0.137598
0.091654 0.331696 0.164867
0.132549 0.374072 0.153738
0.095305 0.418491 0.168742
0.077758 0.384373 0.213399
0.133437 0.367364 0.224543
0.151227 0.426469 0.220908
0.103643 0.441418 0.258184
0.107941 0.391708 0.295716
0.169275 0.388230 0.302473
0.168903 0.436523 0.328989
0.122579 0.431628 0.374527
0.109831 0.386681 0.402804
0.093803 0.333377 0.370780
0.126231 0.274404 0.348507
0.182152 0.265388 0.367529
0.190748 0.221480 0.324746
0.198827 0.179911 0.292962
0.162586 0.157067 0.289968
0.121562 0.145315 0.295972
0.145297 0.124268 0.233542
0.170794 0.092028 0.220156
0.125488 0.057300 0.222045
0.097584 0.044098 0.189269
0.099216 0.010755 0.160864
0.075367 -0.004772 0.126470
0.045508 -0.023825 0.170247
0.011997 0.021946 0.180014
-0.000881 0.026841 0.124965
-0.018105 -0.027946 0.125589
-0.051615 -0.018023 0.168870
-0.079115 0.024979 0.144355
-0.079245 0.005151 0.101267
-0.104612 -0.053312 0.123716
-0.148254 -0.022408 0.147238
-0.167691 -0.012238 0.091756
-0.169275 -0.069283 0.076673
-0.207019 -0.083441 0.121090
-0.254974 -0.073404 0.098257
-0.282248 -0.117691 0.069548
-0.294367 -0.181313 0.058724
-0.291959 -0.243121 0.056290
-0.270130 -0.293853 0.057475
-0.229478 -0.334795 0.066666
-0.174187 -0.337366 0.099266
-0.139351 -0.296935 0.133467
-0.115276 -0.265784 0.195642
-0.138220 -0.352826 0.191510
-0.086257 -0.385016 0.185378
-0.039626 -0.381406 0.181503
-0.002803 -0.370594 0.148855
0.007699 -0.393257 0.176635
0.036557 -0.372391 0.208035
0.032582 -0.328878 0.175258
0.051066 -0.301056 0.172745
0.003757 -0.305440 0.144612
-0.035522 -0.286898 0.111643
-0.079536 -0.253158 0.098882
-0.115874 -0.208343 0.096448
-0.144344 -0.226111 0.033585
-0.189472 -0.239000 0.013138
-0.223548 -0.234880 -0.026107
-0.247025 -0.219172 -0.070781
-0.272279 -0.262949 -0.101700
-0.309393 -0.294364 -0.123156
-0.332482 -0.349728 -0.131290
-0.359498 -0.397889 -0.128968
-0.374654 -0.449396 -0.118896
-0.376916 -0.504512 -0.101828
-0.373135 -0.554470 -0.076753
-0.359999 -0.599796 -0.039830
-0.369596 -0.637919 -0.014995
-0.332999 -0.677575 0.011537
-0.312802 -0.708990 0.043560
-0.283767 -0.712600 0.091884
-0.281231 -0.730120 0.132603
-0.261922 -0.723412 0.182256
-0.269112 -0.690959 0.226416
-0.295498 -0.664192 0.261947
-0.323644 -0.618866 0.277703
-0.373135 -0.599285 0.278711
-0.407470 -0.558590 0.268704
-0.425647 -0.520994 0.230051
-0.447104 -0.504512 0.187892
-0.454181 -0.487519 0.132475
-0.454924 -0.489579 0.079939
-0.441045 -0.491128 0.022169
-0.412511 -0.510693 -0.026732
-0.390294 -0.545718 -0.064296
-0.351419 -0.581781 -0.094382
-0.315064 -0.621437 -0.111403
-0.266592 -0.661093 -0.104774
-0.240837 -0.705397 -0.092381
-0.199813 -0.750723 -0.071677
-0.160744 -0.785220 -0.040630
-0.135118 -0.816652 0.008334
-0.128493 -0.824366 0.068491
-0.143891 -0.835178 0.120594
-0.172862 -0.831585 0.175258
-0.216730 -0.812004 0.211029
-0.266333 -0.775957 0.197643
-0.309393 -0.769777 0.173257
-0.353439 -0.776468 0.158366
-0.407712 -0.782138 0.185378
-0.449883 -0.749174 0.166500
-0.471340 -0.774919 0.126086
-0.500618 -0.801192 0.109081
-0.490778 -0.845496 0.071181
-0.482457 -0.901634 0.053920
-0.446345 -0.941290 0.036835
-0.402929 -0.968074 0.022633
-0.347121 -0.982496 0.023546
-0.293979 -0.996918 0.034370
-0.237815 -1.000000 0.057971
-0.190473 -0.994858 0.086568
-0.139545 -0.985595 0.117840
-0.086532 -0.963953 0.137470
-0.045556 -0.942312 0.179502
-0.013532 -0.920688 0.221293
0.007521 -0.910897 0.276950
0.037688 -0.888745 0.323737
0.054217 -0.887212 0.371020
0.077516 -0.864022 0.421313
0.088245 -0.853210 0.472343
0.098472 -0.824366 0.516632
0.060599 -0.788319 0.546655
0.032824 -0.796560 0.578679
-0.009816 -0.764618 0.589679
-0.043504 -0.773897 0.542652
-0.091896 -0.771326 0.534646
-0.116036 -0.774919 0.585676
-0.111996 -0.727022 0.618708
-0.131272 -0.677064 0.588190
-0.181005 -0.693035 0.615202
-0.185804 -0.675515 0.671756
-0.146929 -0.639979 0.695774
-0.131660 -0.596714 0.722786
-0.116795 -0.550349 0.738798
-0.095305 -0.509144 0.752312
-0.053587 -0.464328 0.754810
-0.015051 -0.424672 0.733290
0.017798 -0.389648 0.729287
0.064073 -0.364150 0.698768
0.086855 -0.336344 0.656737
0.110461 -0.317291 0.618708
0.129527 -0.322944 0.563675
0.130157 -0.328103 0.506129
0.118912 -0.331713 0.452841
0.089763 -0.351788 0.408552
0.049870 -0.377797 0.379779
0.003854 -0.406641 0.364519
-0.053231 -0.416431 0.350765
-0.096275 -0.417980 0.315731
-0.133227 -0.422101 0.266190
-0.166431 -0.412311 0.216409
-0.186693 -0.400476 0.162737
-0.194384 -0.372143 0.108697
-0.182152 -0.343036 0.055665
-0.169016 -0.319087 0.005756
-0.160307 -0.269130 -0.032512
-0.133922 -0.228946 -0.062807
-0.087970 -0.186455 -0.069836
-0.094821 -0.223029 -0.152233
-0.080214 -0.215299 -0.210164
-0.068468 -0.239247 -0.261819
-0.036944 -0.264745 -0.306476
-0.017345 -0.313945 -0.335506
-0.004532 -0.369819 -0.356769
0.001737 -0.429831 -0.366777
-0.014388 -0.489052 -0.356769
-0.034407 -0.536455 -0.362774
-0.034456 -0.590533 -0.338756
-0.053538 -0.639468 -0.306476
-0.066206 -0.681185 -0.272947
-0.077548 -0.725472 -0.229923
-0.104515 -0.755355 -0.197771
-0.149837 -0.768227 -0.231044
-0.122434 -0.813042 -0.260202
-0.117732 -0.857330 -0.269697
-0.075173 -0.882053 -0.299975
-0.018169 -0.895964 -0.291969
0.025634 -0.907815 -0.268208
0.067030 -0.920688 -0.257191
0.120172 -0.907815 -0.252564
0.168144 -0.888234 -0.241308
0.210557 -0.868670 -0.234550
0.262569 -0.844968 -0.223166
0.303463 -0.809944 -0.232053
0.348155 -0.791401 -0.239178
0.385011 -0.769249 -0.257319
0.417067 -0.748135 -0.266702
0.452679 -0.741955 -0.321735
0.466800 -0.711051 -0.364519
0.486496 -0.688915 -0.402307
0.508713 -0.642040 -0.433322
0.544066 -0.608037 -0.448342
0.584460 -0.564771 -0.445587
0.621315 -0.535416 -0.424820
0.651611 -0.514302 -0.381540
0.680888 -0.506572 -0.342006
0.706142 -0.497820 -0.290464
0.720781 -0.488030 -0.231556
0.733917 -0.478767 -0.180510
0.746035 -0.463307 -0.121779
0.741996 -0.429831 -0.071549
0.719278 -0.399949 -0.025995
0.688967 -0.358496 0.002090
0.646052 -0.323719 0.033057
0.596578 -0.285612 0.020551
0.543549 -0.297199 -0.005100
0.493072 -0.324493 -0.013586
0.446603 -0.352315 -0.012401
0.417326 -0.384752 -0.017285
0.424645 -0.452494 -0.015331
0.423886 -0.500391 -0.017845
0.445343 -0.546228 0.014803
0.428442 -0.582292 0.064664
0.382991 -0.583313 0.103765
0.325939 -0.574050 0.110586
0.270647 -0.570441 0.099442
0.227216 -0.571463 0.059236
0.194271 -0.545207 0.023209
0.172684 -0.515324 -0.012337
0.147575 -0.525626 -0.058131
0.116650 -0.557568 -0.094318
0.069809 -0.561689 -0.122963
0.036621 -0.580231 -0.144852
0.004080 -0.624008 -0.136670
-0.012401 -0.667274 -0.141041
0.010801 -0.720330 -0.150744
0.041662 -0.769249 -0.147734
0.084706 -0.805312 -0.129720
0.121562 -0.830546 -0.102516
0.158175 -0.844968 -0.065641
0.192881 -0.848067 -0.027757
0.222676 -0.829525 0.016068
0.246153 -0.804801 0.051727
0.263829 -0.764618 0.092749
0.268628 -0.727022 0.139600
0.290586 -0.683756 0.170247
0.329219 -0.648220 0.180382
0.349157 -0.598263 0.154491
0.322400 -0.548816 0.160239
0.316341 -0.525115 0.194649
0.353697 -0.491128 0.156108
0.319379 -0.475157 0.108697
0.281247 -0.446313 0.140609
0.332499 -0.409739 0.147238
0.338299 -0.400987 0.082245
0.291345 -0.378572 0.100755
0.348915 -0.349991 0.092125
0.360273 -0.353074 0.035394
0.341337 -0.376000 -0.014435
0.310023 -0.401498 -0.048252
0.256251 -0.403048 -0.073214
0.245652 -0.401498 -0.119473
0.189359 -0.413349 -0.139536
0.144037 -0.379099 -0.159118
0.147947 -0.325779 -0.187395
0.195789 -0.321658 -0.204160
0.166512 -0.338404 -0.253316
0.128509 -0.291018 -0.259689
0.167772 -0.246978 -0.263580
0.198197 -0.275311 -0.297974
0.146557 -0.280980 -0.322488
0.135198 -0.221480 -0.316740
0.190231 -0.223804 -0.352014
0.181910 -0.264498 -0.387288
0.126231 -0.251362 -0.402804
0.146315 -0.196245 -0.416814
0.172684 -0.237698 -0.466355
0.125359 -0.277618 -0.488868
0.086096 -0.244654 -0.513878
0.079907 -0.260889 -0.569167
0.047786 -0.300808 -0.595203
0.012062 -0.343811 -0.613200
-0.016343 -0.396356 -0.626714
-0.017248 -0.456615 -0.637730
-0.014550 -0.512242 -0.643735
-0.007909 -0.556530 -0.658738
0.038512 -0.585374 -0.685766
0.080796 -0.621948 -0.700769
0.136847 -0.622986 -0.719295
0.196048 -0.632760 -0.721793
0.253730 -0.634820 -0.715292
0.306243 -0.608548 -0.714780
0.349157 -0.576622 -0.690266
0.383492 -0.552937 -0.656240
0.410766 -0.521505 -0.612704
0.419087 -0.479789 -0.573170
0.427166 -0.432402 -0.534646
0.421365 -0.376264 -0.506129
0.399908 -0.318824 -0.498619
0.368853 -0.270415 -0.502878
0.325179 -0.237187 -0.514134
0.283266 -0.211442 -0.510388
0.230754 -0.202937 -0.539658
0.186580 -0.176665 -0.557671
0.127750 -0.174357 -0.559672
0.095176 -0.136497 -0.527152
0.115502 -0.117955 -0.473352
0.147317 -0.063102 -0.489108
0.108054 -0.025243 -0.472359
0.103772 -0.049702 -0.420817
0.158805 -0.052801 -0.412811
0.163604 0.002052 -0.423075
0.122079 0.012106 -0.389546
0.144667 -0.021501 -0.351758
0.190619 0.005151 -0.358018
0.165623 0.052784 -0.352270
0.137719 0.033929 -0.308477
0.183413 0.012947 -0.286221
0.208279 0.059740 -0.295476
0.165494 0.085633 -0.273700
0.166883 0.050477 -0.230804
0.220155 0.057745 -0.227041
0.214597 0.112400 -0.228546
0.172943 0.107835 -0.190149
0.202236 0.072101 -0.159503
0.245652 0.108099 -0.163249
0.211058 0.154100 -0.153866
0.184931 0.123559 -0.112155
0.236813 0.109285 -0.092765
0.252713 0.165968 -0.096880
0.202349 0.180439 -0.071245
0.211317 0.139728 -0.032528
0.264831 0.158254 -0.025659
0.247413 0.214145 -0.023610
0.207778 0.200976 0.013922
0.245151 0.174357 0.047003
0.280487 0.216255 0.042648
0.239334 0.254246 0.058980
0.224194 0.218002 0.101075
0.279486 0.216650 0.119457
0.284785 0.277618 0.120209
0.235812 0.282645 0.148102
0.256752 0.241505 0.185762
0.308262 0.274915 0.189013
0.282766 0.330674 0.199404
0.249950 0.313796 0.247936
0.294625 0.304665 0.283707
0.327958 0.339426 0.303226
0.330220 0.380764 0.328236
0.352696 0.370973 0.370027
0.389309 0.434199 0.373278
0.408746 0.482096 0.379538
0.441821 0.533356 0.363767
0.459239 0.572748 0.321992
0.472876 0.617300 0.303978
0.521849 0.629150 0.278455
0.567284 0.614218 0.242428
0.608696 0.605466 0.212662
0.639492 0.560139 0.188132
0.667768 0.522016 0.177132
0.665748 0.460208 0.181759
0.649090 0.403806 0.175002
0.607177 0.363243 0.172120
0.550626 0.343415 0.170247
0.496094 0.369424 0.171127
0.447621 0.388626 0.156492
0.396369 0.412574 0.166996
0.344875 0.426469 0.136606
0.287306 0.440891 0.154491
0.307260 0.518407 0.111147
0.291345 0.541597 0.054913
0.243131 0.543394 0.028141
0.224695 0.600818 0.034081
0.268127 0.630436 0.008606
0.271407 0.599285 -0.038389
0.223176 0.609586 -0.055201
0.229236 0.665213 -0.058708
0.273426 0.659280 -0.088938
0.253230 0.628376 -0.125221
0.212836 0.664175 -0.133788
0.246411 0.707952 -0.143667
0.276448 0.679635 -0.182015
0.232516 0.665213 -0.205777
0.215615 0.722901 -0.214408
0.266608 0.739894 -0.235928
0.298422 0.712072 -0.265694
0.334777 0.669845 -0.242685
0.357995 0.622195 -0.241051
0.363812 0.577133 -0.213030
0.395109 0.540048 -0.205777
0.390310 0.493947 -0.189141
0.382991 0.523302 -0.141361
0.332240 0.548552 -0.155372
0.314321 0.496782 -0.172376
0.323418 0.474119 -0.126342
0.302462 0.515588 -0.096576
0.252470 0.512242 -0.123412
0.251711 0.455065 -0.113212
0.264588 0.461246 -0.059861
0.225196 0.511978 -0.053136
0.178113 0.485195 -0.077906
0.181151 0.449132 -0.029422
0.236054 0.463817 -0.003659
0.263570 0.496518 0.012705
0.302704 0.454554 0.040374
0.325680 0.400328 0.048540
0.351177 0.348442 0.041191
0.369855 0.299770 0.009343
0.370113 0.268470 -0.045210
0.380470 0.251988 -0.101011
0.337540 0.226622 -0.139424
0.286805 0.255664 -0.141425
0.299683 0.309560 -0.163746
0.294383 0.280964 -0.203904
0.245151 0.261779 -0.170503
0.223694 0.318181 -0.208899
0.253730 0.353848 -0.248433
0.228234 0.327460 -0.297717
0.177240 0.349596 -0.276213
0.178872 0.407152 -0.286717
0.189730 0.424161 -0.342006
0.162214 0.436259 -0.359523
0.179260 0.437809 -0.405558
0.133567 0.459433 -0.403556
0.162973 0.507594 -0.427574
0.183413 0.484931 -0.476603
0.132678 0.481849 -0.498379
0.120301 0.542619 -0.493111
0.163103 0.579968 -0.519883
0.201089 0.578171 -0.564172
0.211575 0.596186 -0.607212
0.268369 0.617300 -0.614209
0.323660 0.620662 -0.608701
0.386772 0.624008 -0.605194
0.441061 0.636881 -0.581689
0.493573 0.638677 -0.561161
0.542046 0.640737 -0.530643
0.588499 0.635595 -0.497626
0.634451 0.630700 -0.469093
0.671307 0.622970 -0.419312
0.715239 0.603916 -0.394798
0.755633 0.600059 -0.352270
0.784911 0.576358 -0.303722
0.821766 0.539784 -0.277206
0.845501 0.485706 -0.258200
0.868219 0.432650 -0.255574
0.882357 0.382824 -0.287710
0.914171 0.368666 -0.328989
0.933867 0.314324 -0.348763
0.896495 0.269509 -0.367529
0.878818 0.270860 -0.426565
0.909130 0.283420 -0.465602
0.902554 0.222056 -0.478364
0.847020 0.220441 -0.503134
0.863679 0.247489 -0.550161
0.864180 0.199904 -0.589695
0.804607 0.185713 -0.597701
0.812685 0.201899 -0.634720
0.788449 0.165292 -0.664743
0.753597 0.133399 -0.678257
0.721282 0.099956 -0.671756
0.661709 0.100434 -0.653742
0.614254 0.101852 -0.664246
0.561225 0.127399 -0.667256
0.547588 0.178758 -0.694269
0.559706 0.205574 -0.740799
0.516792 0.216139 -0.770821
0.510232 0.275294 -0.764321
0.534969 0.322944 -0.781325
0.550626 0.359386 -0.806848
0.537506 0.415920 -0.813349
0.553146 0.468449 -0.791845
0.579903 0.510693 -0.798346
0.620814 0.556019 -0.791349
0.660691 0.590269 -0.795352
0.706643 0.623497 -0.777322
0.753597 0.650528 -0.791845
0.799549 0.673966 -0.761823
0.840460 0.690448 -0.731800
0.861158 0.685816 -0.677248
0.894475 0.669845 -0.636225
0.922751 0.641001 -0.599702
0.937406 0.582802 -0.587197
0.978300 0.555244 -0.593698
0.990920 0.494458 -0.589182
1.000000 0.441929 -0.605707
0.989918 0.389137 -0.626714
0.969204 0.357194 -0.670251
0.974762 0.342393 -0.712282
0.961642 0.292815 -0.740799
0.937907 0.272855 -0.784832
0.898013 0.250192 -0.817864
0.846002 0.233198 -0.838376
0.795009 0.225089 -0.861385
0.762694 0.214524 -0.897412
0.768252 0.197564 -0.944951
0.781372 0.146469 -0.977471
0.778351 0.095292 -1.000000
0.789451 0.038956 -0.995501
0.794508 -0.012617 -0.968473
0.787431 -0.060778 -0.941957
0.768753 -0.096957 -0.900918
0.754114 -0.128256 -0.863899
0.749558 -0.163792 -0.814358
0.769254 -0.182334 -0.759821
0.770272 -0.186966 -0.700273
0.749558 -0.186455 -0.648731
0.730880 -0.185680 -0.591696
0.727357 -0.152469 -0.536151
0.712702 -0.128767 -0.488371
0.707160 -0.098506 -0.444082
0.693523 -0.046620 -0.414813
0.667267 -0.011727 -0.386536
0.632932 0.040241 -0.394798
0.595059 0.051630 -0.381780
0.577383 0.085023 -0.367273
0.610716 0.125421 -0.345753
0.597580 0.170665 -0.337747
0.584961 0.214969 -0.367529
0.544567 0.238341 -0.404805
0.498615 0.259916 -0.366024
0.507194 0.280585 -0.301977
0.565264 0.305819 -0.382789
0.532949 0.348574 -0.406550
0.544066 0.380121 -0.353007
0.596578 0.369424 -0.331246
0.629895 0.414371 -0.361765
0.612218 0.472570 -0.339509
0.619295 0.474894 -0.281209
0.638992 0.498067 -0.276213
0.629394 0.533603 -0.242685
0.589000 0.567095 -0.213783
0.532949 0.562711 -0.190021
0.523869 0.584088 -0.170503
0.475396 0.601345 -0.167509
0.423385 0.601592 -0.169878
0.373894 0.591818 -0.189893
0.330980 0.559101 -0.213030
0.303221 0.505798 -0.214279
0.253730 0.453005 -0.154491
0.253989 0.518670 -0.263068
0.237831 0.533603 -0.316740
0.246153 0.569666 -0.366777
0.275188 0.603916 -0.400306
0.296403 0.636881 -0.427814
0.326698 0.688898 -0.416062
0.374912 0.715682 -0.416814
0.408988 0.751745 -0.418063
0.414288 0.808922 -0.395294
0.445602 0.840337 -0.354015
0.480954 0.864022 -0.316483
0.505692 0.885136 -0.271330
0.523869 0.897497 -0.217786
0.545585 0.902145 -0.165747
0.568803 0.888234 -0.110330
0.594057 0.861962 -0.067466
0.623335 0.828486 -0.030959
0.649090 0.791401 0.002714
0.673827 0.742993 0.031744
0.701602 0.701788 0.057731
0.684927 0.645385 0.084807
0.672308 0.588209 0.062983
0.710683 0.559876 0.036996
0.724820 0.526911 0.085255
0.686446 0.492925 0.105703
0.662210 0.455313 0.070428
0.717760 0.435237 0.053968
0.718261 0.409228 0.106007
0.665248 0.380253 0.098385
0.685945 0.348442 0.058227
0.721799 0.315741 0.093502
0.688967 0.292551 0.140481
0.644534 0.251741 0.129224
0.646052 0.203580 0.110266
0.594057 0.166940 0.132843
0.528409 0.148365 0.116335
0.519829 0.111725 0.093069
0.461501 0.111280 0.090812
0.404949 0.109071 0.123348
0.318102 0.095226 0.192888
