0.855356 -0.235316 -0.364601
0.859868 -0.202401 -0.398282
0.847952 -0.163748 -0.419366
0.817787 -0.131999 -0.435763
0.805370 -0.103687 -0.469398
0.789008 -0.064293 -0.487430
0.743367 -0.039660 -0.503079
0.715675 -0.006609 -0.522777
0.676953 0.033361 -0.519538
0.651952 0.074194 -0.511021
0.676067 0.070576 -0.458840
0.725352 0.037162 -0.464913
0.736164 -0.012135 -0.439890
0.744270 -0.055981 -0.427028
0.790813 -0.053286 -0.399295
0.804367 -0.013149 -0.375454
0.819074 0.024716 -0.354682
0.814779 0.066851 -0.339982
0.830455 0.103430 -0.318026
0.841251 0.129365 -0.281153
0.837858 0.167776 -0.254027
0.855373 0.207806 -0.233551
0.859183 0.221296 -0.185683
0.874658 0.235573 -0.143827
0.883917 0.225066 -0.098436
0.843206 0.248276 -0.080451
0.807927 0.217345 -0.097424
0.824756 0.179918 -0.074736
0.822383 0.196527 -0.030435
0.772497 0.205566 -0.030559
0.754598 0.162583 -0.041335
0.775889 0.140660 -0.004430
0.753629 0.164929 0.030731
0.704511 0.158994 0.016467
0.706935 0.111046 0.020625
0.716043 0.109486 0.067012
0.672808 0.131273 0.078099
0.640220 0.101462 0.058619
0.650966 0.065201 0.086134
0.640738 0.084505 0.128863
0.591737 0.098025 0.119660
0.573571 0.055981 0.108059
0.583732 0.030409 0.146490
0.560837 0.059569 0.177555
0.514410 0.068502 0.158013
0.498534 0.023899 0.151644
0.502110 0.014497 0.198234
0.466814 0.046458 0.212622
0.427206 0.027048 0.190822
0.429328 -0.014300 0.212467
0.426521 0.001991 0.258107
0.381448 0.024186 0.255584
0.353405 -0.013255 0.241632
0.365839 -0.044338 0.277353
0.352903 -0.016495 0.317217
0.306092 0.004701 0.305756
0.254936 0.004943 0.302579
0.252446 0.045352 0.275796
0.276412 0.022763 0.235886
0.240113 -0.012725 0.221669
0.221696 -0.001945 0.174410
0.220208 -0.000946 0.125857
0.256123 0.031968 0.119115
0.296533 0.006760 0.139996
0.304521 -0.023823 0.104493
0.325997 0.008880 0.075468
0.364936 0.019084 0.104976
0.386010 -0.022915 0.101721
0.392043 -0.021734 0.053294
0.423847 0.014603 0.052406
0.461265 -0.005004 0.078644
0.469956 -0.038781 0.045679
0.484378 -0.010575 0.009678
0.523652 0.009788 0.033705
0.551177 -0.028683 0.042098
0.563811 -0.039387 -0.003449
0.596918 -0.002173 -0.008401
0.627802 -0.010908 0.030808
0.645551 -0.055632 0.017884
0.655127 -0.049773 -0.038034
0.661578 -0.007971 -0.058697
0.695921 0.013937 -0.029360
0.736031 -0.015072 -0.034125
0.738487 -0.011665 -0.083207
0.750102 0.034149 -0.081696
0.793838 0.030606 -0.057062
0.816884 0.004429 -0.089482
0.813709 0.035269 -0.126044
0.841485 0.068259 -0.102874
0.887025 0.044459 -0.095617
0.892741 0.035269 -0.146365
0.862525 0.047336 -0.185419
0.829368 -0.001128 -0.185855
0.826661 -0.052847 -0.196334
0.837223 -0.099463 -0.173538
0.791131 -0.124444 -0.177944
0.750687 -0.144959 -0.199480
0.702790 -0.150198 -0.215161
0.683571 -0.158449 -0.171404
0.689303 -0.115451 -0.155381
0.659739 -0.095012 -0.188704
0.616756 -0.118237 -0.177150
0.614934 -0.104520 -0.130825
0.609386 -0.059493 -0.139685
0.566435 -0.061431 -0.165939
0.537874 -0.084293 -0.132989
0.541735 -0.054845 -0.095571
0.524220 -0.018690 -0.119115
0.478679 -0.036722 -0.130607
0.462753 -0.046942 -0.085994
0.463555 -0.003278 -0.069644
0.435428 0.020326 -0.101644
0.393581 -0.007305 -0.099682
0.387999 -0.005382 -0.051394
0.378757 0.040190 -0.048840
0.336425 0.039417 -0.075857
0.307897 0.009864 -0.049245
0.310972 0.037268 -0.009693
0.287575 0.074785 -0.027990
0.244174 0.052181 -0.037302
0.233946 0.038736 0.008027
0.231723 0.082037 0.025701
0.193536 0.098434 -0.002001
0.159092 0.065701 0.011157
0.159242 0.074285 0.057685
0.144435 0.119736 0.053667
0.101067 0.111575 0.030045
0.078840 0.084823 0.063867
0.080327 0.114316 0.100663
0.056496 0.153726 0.079438
0.017172 0.132953 0.049416
0.008849 0.085973 0.079516
-0.000710 0.070879 0.123771
-0.033867 0.035738 0.111936
0.009601 0.012120 0.087536
0.051716 0.002400 0.112777
0.040268 -0.039614 0.130389
0.036023 -0.059584 0.085885
0.084840 -0.047699 0.067791
0.118348 -0.047427 0.113353
0.136330 -0.086034 0.131152
0.174267 -0.116345 0.132304
0.160512 -0.138873 0.092441
0.163989 -0.103385 0.061874
0.213256 -0.093347 0.070391
0.230219 -0.134467 0.053496
0.211836 -0.128260 0.009164
0.237355 -0.089350 -0.001222
0.284082 -0.108941 0.004539
0.278985 -0.138918 -0.031385
0.270479 -0.106564 -0.065004
0.315017 -0.084929 -0.064116
0.344464 -0.122703 -0.075016
0.322521 -0.131712 -0.116764
0.332799 -0.090515 -0.136275
0.383520 -0.094845 -0.133768
0.389069 -0.132136 -0.161018
0.363900 -0.114664 -0.200056
0.398361 -0.077813 -0.205491
0.446358 -0.101901 -0.205755
0.447478 -0.137965 -0.237148
0.453695 -0.115391 -0.278677
0.502528 -0.100523 -0.270502
0.524638 -0.143869 -0.280032
0.504700 -0.144581 -0.330935
0.508661 -0.097374 -0.348235
0.557277 -0.087260 -0.321608
0.601397 -0.071318 -0.300680
0.639050 -0.066079 -0.268104
0.679309 -0.026745 -0.260225
0.714372 0.007684 -0.255211
0.727257 0.055754 -0.242053
0.758776 0.093180 -0.235995
0.721842 0.122204 -0.215674
0.712483 0.087699 -0.173335
0.727240 0.044141 -0.160987
0.683137 0.014255 -0.185481
0.637846 -0.008895 -0.202750
0.601464 -0.006488 -0.245930
0.574791 -0.001794 -0.286837
0.568307 0.001824 -0.335389
0.544425 0.036586 -0.365146
0.562357 0.034815 -0.411799
0.528014 0.001764 -0.431403
0.478830 0.027729 -0.408653
0.442982 0.061583 -0.404013
0.404160 0.034149 -0.391213
0.424866 0.021855 -0.349232
0.430214 0.064550 -0.330406
0.381214 0.076935 -0.332508
0.363231 0.041037 -0.307080
0.388317 0.050182 -0.266298
0.370251 0.093135 -0.259399
0.320649 0.080099 -0.258247
0.322353 0.045882 -0.222791
0.357416 0.067124 -0.187677
0.340871 0.116708 -0.192660
0.293659 0.128775 -0.207982
0.263543 0.100629 -0.181822
0.279286 0.116012 -0.138782
0.266368 0.160160 -0.144730
0.215094 0.151137 -0.150227
0.205719 0.129819 -0.108822
0.225239 0.163249 -0.079843
0.197396 0.198586 -0.096209
0.152257 0.180206 -0.083752
0.160713 0.178071 -0.037302
0.170740 0.223870 -0.029859
0.126085 0.240131 -0.045835
0.096104 0.217950 -0.014848
0.116309 0.235634 0.024019
0.109156 0.280479 0.015003
0.057766 0.278602 0.013586
0.052000 0.261978 0.059694
0.076600 0.296906 0.082241
0.047521 0.332046 0.065751
0.001797 0.313485 0.083518
0.020464 0.312622 0.132475
0.024057 0.361100 0.140666
-0.006092 0.377437 0.176512
-0.003919 0.402902 0.218508
-0.042675 0.374681 0.248655
-0.027617 0.320631 0.255055
0.029455 0.313727 0.274753
0.076885 0.308337 0.291041
0.124598 0.318042 0.273990
0.150117 0.277966 0.284657
0.128007 0.250532 0.250819
0.143249 0.274923 0.213339
0.194121 0.273893 0.221436
0.200120 0.227519 0.217745
0.183475 0.223613 0.172027
0.215730 0.254105 0.151862
0.259766 0.230395 0.163805
0.249321 0.191758 0.138766
0.245511 0.214059 0.097081
0.291804 0.233757 0.095010
0.318844 0.195407 0.091413
0.298605 0.181886 0.048202
0.312009 0.220373 0.023879
0.362730 0.215846 0.029827
0.367125 0.175497 0.006937
0.351550 0.192257 -0.035168
0.387882 0.224718 -0.040572
0.427807 0.195225 -0.038656
0.414688 0.171939 -0.076931
0.414622 0.207064 -0.107935
0.463605 0.222810 -0.099791
0.489592 0.182734 -0.109180
0.465761 0.170592 -0.154634
0.470958 0.204369 -0.187303
0.517870 0.199949 -0.204805
0.512438 0.155497 -0.221607
0.472295 0.162295 -0.250368
0.495375 0.194665 -0.277976
0.535919 0.170213 -0.292458
0.509547 0.134997 -0.312281
0.486367 0.161553 -0.345479
0.526426 0.181629 -0.367170
0.549639 0.140160 -0.379939
0.510600 0.122386 -0.405181
0.501425 0.157844 -0.437274
0.558062 0.177768 -0.438831
0.607430 0.166156 -0.443549
0.622588 0.202674 -0.471749
0.610856 0.236769 -0.437258
0.633351 0.218344 -0.394327
0.684708 0.213817 -0.398267
0.688017 0.266111 -0.393549
0.653756 0.278450 -0.352938
0.672307 0.248291 -0.315192
0.701604 0.237784 -0.276481
0.716243 0.210501 -0.239950
0.693966 0.235513 -0.204369
0.644531 0.222447 -0.214444
0.652821 0.178283 -0.201566
0.668463 0.185490 -0.157032
0.626181 0.209532 -0.142893
0.590718 0.176239 -0.151660
0.612377 0.145308 -0.121466
0.610873 0.170607 -0.081946
0.559533 0.176269 -0.081167
0.549606 0.129789 -0.078504
0.576914 0.121780 -0.036726
0.551244 0.152000 -0.008214
0.508043 0.127987 0.001518
0.520477 0.099085 0.038906
0.525474 0.135966 0.072058
0.479264 0.158116 0.072883
0.450737 0.131394 0.100195
0.474217 0.141250 0.142223
0.467382 0.187352 0.141600
0.415206 0.188124 0.140479
0.409056 0.168169 0.182585
0.435829 0.201235 0.209025
0.407151 0.240782 0.194528
0.352770 0.226520 0.191694
0.347455 0.191591 0.229159
0.339183 0.180690 0.275952
0.347689 0.134028 0.271078
0.396171 0.138646 0.257064
0.413752 0.164051 0.293112
0.406583 0.131560 0.326233
0.435930 0.098086 0.306472
0.480033 0.120932 0.305881
0.483242 0.122931 0.353654
0.481253 0.077889 0.363324
0.522248 0.066322 0.336728
0.557411 0.094028 0.357049
0.552514 0.075375 0.400930
0.563644 0.030545 0.388161
0.612193 0.037237 0.371499
0.634771 0.038766 0.415209
0.618962 -0.013089 0.414928
0.622856 -0.052650 0.389547
0.605425 -0.082037 0.422496
0.558012 -0.062779 0.423431
0.545745 -0.066064 0.376825
0.550893 -0.112893 0.373197
0.518772 -0.124884 0.407734
0.477777 -0.102855 0.389049
0.476975 -0.124687 0.346585
0.469722 -0.167215 0.365878
0.424849 -0.155860 0.386448
0.398060 -0.142461 0.348640
0.402539 -0.184369 0.326669
0.380629 -0.210698 0.360615
0.336041 -0.188714 0.363698
0.324727 -0.195558 0.316345
0.323440 -0.242674 0.321063
0.288628 -0.246459 0.357236
0.250641 -0.225051 0.334034
0.250641 -0.256845 0.296600
0.239745 -0.294953 0.323134
0.196761 -0.278526 0.342925
0.170640 -0.271198 0.302221
0.172094 -0.316346 0.288674
0.149098 -0.334711 0.326949
0.105312 -0.310229 0.321359
0.094098 -0.328534 0.278148
0.092377 -0.373515 0.289951
0.055225 -0.369306 0.323274
0.018759 -0.353455 0.292115
0.019612 -0.391396 0.263137
0.007228 -0.422524 0.297083
-0.038196 -0.404855 0.308403
-0.058936 -0.408807 0.263868
-0.053421 -0.456059 0.261813
-0.081982 -0.465416 0.301022
-0.125283 -0.446355 0.284143
-0.128960 -0.474924 0.245930
-0.132302 -0.515121 0.270097
-0.176706 -0.502661 0.294077
-0.206722 -0.493880 0.252548
-0.207591 -0.543494 0.241321
-0.225657 -0.585175 0.235746
-0.228815 -0.628733 0.226621
-0.238291 -0.666159 0.200975
-0.247182 -0.710823 0.210318
-0.251962 -0.752897 0.192893
-0.279888 -0.792110 0.196257
-0.283899 -0.839242 0.192644
-0.300494 -0.882270 0.178988
-0.341238 -0.917607 0.205475
-0.382718 -0.942649 0.221810
-0.432938 -0.960863 0.235061
-0.491297 -0.960817 0.257142
-0.550358 -0.969780 0.257546
-0.604104 -0.973777 0.267465
-0.659990 -0.986389 0.265721
-0.719903 -0.982150 0.267637
-0.770341 -1.000000 0.297347
-0.828533 -0.987388 0.316438
-0.874876 -0.948266 0.323072
-0.910673 -0.916002 0.346336
-0.947741 -0.870279 0.357173
-0.962481 -0.814276 0.359198
-1.000000 -0.770399 0.360552
-0.999549 -0.715108 0.364632
-0.979761 -0.660906 0.359431
-0.993917 -0.612018 0.340450
-0.962314 -0.565810 0.323741
-0.958353 -0.517756 0.294373
-0.922589 -0.471851 0.298842
-0.894680 -0.427823 0.273819
-0.858280 -0.387111 0.254806
-0.813174 -0.352698 0.245541
-0.768185 -0.317360 0.246600
-0.711146 -0.291834 0.240340
-0.661778 -0.260857 0.244015
-0.614266 -0.247867 0.267170
-0.554068 -0.242795 0.283193
-0.517485 -0.231092 0.314803
-0.475220 -0.239873 0.354168
-0.439255 -0.239797 0.391042
-0.398962 -0.247398 0.424941
-0.401486 -0.242674 0.480360
-0.398594 -0.268352 0.521827
-0.381164 -0.300267 0.560710
-0.378373 -0.317754 0.607487
-0.356680 -0.361297 0.635625
-0.344698 -0.394318 0.669867
-0.304087 -0.432168 0.684379
-0.279570 -0.469368 0.717235
-0.243639 -0.505613 0.705183
-0.186684 -0.527915 0.712813
-0.143232 -0.555061 0.720583
-0.088566 -0.572033 0.704342
-0.037143 -0.596409 0.709418
0.020715 -0.599694 0.701134
0.074979 -0.620769 0.716815
0.129946 -0.620164 0.701664
0.184779 -0.605584 0.723121
0.236219 -0.599104 0.751898
0.286706 -0.565614 0.750372
0.327350 -0.545114 0.788943
0.344297 -0.497180 0.815975
0.362312 -0.459905 0.847943
0.368111 -0.427323 0.886390
0.381080 -0.385703 0.917253
0.383737 -0.350835 0.956649
0.404845 -0.301418 0.971021
0.407937 -0.256194 0.992821
0.407419 -0.201114 0.993055
0.402589 -0.150925 1.000000
0.409290 -0.104263 0.995266
0.407352 -0.058994 0.962488
0.413619 -0.018463 0.936250
0.422092 0.004535 0.886421
0.424515 0.032180 0.846449
0.418866 0.047351 0.801229
0.422894 0.073225 0.762938
0.414204 0.093998 0.722966
0.429345 0.103415 0.678867
0.434593 0.140266 0.650651
0.440743 0.150652 0.604528
0.453444 0.188427 0.579894
0.445038 0.209638 0.537897
0.444971 0.240252 0.503640
0.428075 0.265203 0.469912
0.428376 0.290562 0.432711
0.414003 0.328383 0.411487
0.378272 0.352304 0.389049
0.370836 0.383750 0.357220
0.339768 0.417513 0.344140
0.314047 0.432380 0.307033
0.290015 0.468762 0.294435
0.262357 0.493683 0.262810
0.269543 0.534046 0.244497
0.259733 0.564720 0.208776
0.281225 0.575727 0.167029
0.281726 0.609142 0.134842
0.294762 0.616242 0.089202
0.317223 0.648567 0.063867
0.341639 0.660149 0.021870
0.392896 0.663843 0.008743
0.429596 0.667371 -0.027056
0.466095 0.642844 -0.056346
0.504216 0.650096 -0.091320
0.528482 0.630323 -0.129657
0.574457 0.630232 -0.160302
0.601431 0.625417 -0.203965
0.647272 0.621375 -0.228832
0.664319 0.613623 -0.275329
0.652737 0.610898 -0.328319
0.656514 0.618589 -0.375984
0.621318 0.641390 -0.414539
0.605124 0.663979 -0.456801
0.575610 0.691232 -0.486293
0.548119 0.703753 -0.525316
0.521563 0.736243 -0.552519
0.489208 0.762254 -0.579660
0.476958 0.771232 -0.634737
0.446258 0.788628 -0.675005
0.452291 0.780907 -0.733368
0.430615 0.767402 -0.785096
0.424264 0.749173 -0.831811
0.431083 0.701890 -0.862861
0.407068 0.677651 -0.908408
0.383453 0.625856 -0.919619
0.370401 0.588687 -0.946387
0.338080 0.539754 -0.947243
0.281642 0.514334 -0.941093
0.228264 0.493880 -0.951790
0.193970 0.457256 -0.972142
0.147527 0.440965 -0.991186
0.116359 0.391366 -1.000000
0.077837 0.353470 -0.997431
0.045081 0.307610 -0.986593
0.023740 0.269669 -0.957365
-0.018275 0.232333 -0.942447
-0.041505 0.208003 -0.894752
-0.075096 0.176769 -0.874057
-0.102320 0.161447 -0.823885
-0.142547 0.168805 -0.778229
-0.170907 0.160796 -0.736700
-0.196410 0.173423 -0.684146
-0.207323 0.197117 -0.631389
-0.243739 0.208488 -0.594485
-0.268540 0.198313 -0.542055
-0.316571 0.198162 -0.517078
-0.352185 0.169638 -0.480236
-0.392461 0.149638 -0.456567
-0.416710 0.115133 -0.418728
-0.462903 0.090727 -0.405741
-0.483927 0.057283 -0.365722
-0.537907 0.030924 -0.358622
-0.560820 -0.005836 -0.319942
-0.581075 -0.043657 -0.283022
-0.595080 -0.056147 -0.226870
-0.641022 -0.067396 -0.187645
-0.650447 -0.070394 -0.137225
-0.674379 -0.055148 -0.085231
-0.706216 -0.052695 -0.043126
-0.723380 -0.037676 0.010986
-0.749818 -0.024641 0.052173
-0.761818 -0.027835 0.102313
-0.752392 -0.024429 0.160053
-0.750771 -0.013679 0.211719
-0.723480 -0.010363 0.257609
-0.687248 0.015133 0.297410
-0.665154 0.032635 0.338410
-0.639300 0.046291 0.379659
-0.643161 0.062764 0.428772
-0.600912 0.075194 0.467078
-0.588612 0.104354 0.507953
-0.579755 0.123869 0.547988
-0.544275 0.126822 0.592367
-0.519173 0.148048 0.634161
-0.497781 0.161205 0.674149
-0.473632 0.162870 0.716690
-0.473983 0.177057 0.766753
-0.429094 0.195058 0.799640
-0.423813 0.189896 0.847975
-0.378389 0.217572 0.877467
-0.337712 0.237875 0.905216
-0.285687 0.271228 0.908953
-0.234046 0.291789 0.899734
-0.198483 0.338890 0.888445
-0.179497 0.381297 0.861709
-0.154663 0.414121 0.831453
-0.157454 0.453486 0.788071
-0.156535 0.487930 0.747693
-0.158457 0.524902 0.712689
-0.145471 0.547203 0.658141
-0.150435 0.581844 0.624289
-0.127924 0.624736 0.590109
-0.107468 0.658968 0.548548
-0.099496 0.700573 0.520566
-0.066490 0.746084 0.506692
-0.040051 0.789703 0.488193
-0.017890 0.834382 0.485188
0.024308 0.873065 0.472637
0.054574 0.919061 0.460631
0.111278 0.943754 0.450151
0.160596 0.963437 0.436931
0.204566 0.981756 0.397987
0.248502 0.991310 0.367887
0.279487 0.987782 0.314850
0.311407 1.000000 0.269116
0.348759 0.980742 0.223787
0.382534 0.970886 0.182227
0.430348 0.944648 0.153388
0.458040 0.933277 0.106938
0.498149 0.895609 0.081136
0.539646 0.868417 0.049261
0.585872 0.844768 0.024673
0.644247 0.824647 0.013711
0.693364 0.800513 0.012885
0.735997 0.757243 0.008697
0.778981 0.717969 0.001892
0.822182 0.680316 0.021450
0.852782 0.637529 0.026448
0.892875 0.598180 0.045882
0.918411 0.558679 0.082786
0.950231 0.529686 0.110769
0.968715 0.490095 0.151566
0.972475 0.463584 0.198857
1.000000 0.442782 0.237366
0.991460 0.423326 0.291882
0.993883 0.402055 0.339842
0.996022 0.410018 0.391680
0.973996 0.406899 0.447193
0.964537 0.408429 0.496648
0.927486 0.430473 0.540545
0.884051 0.437846 0.577963
0.850860 0.454197 0.618013
0.789978 0.455393 0.636450
0.742866 0.453168 0.665709
0.687081 0.476151 0.673760
0.629474 0.492108 0.670645
0.579805 0.497892 0.689113
0.522499 0.504493 0.677590
0.472513 0.509383 0.692227
0.416226 0.501677 0.678120
0.362496 0.498089 0.677870
0.312761 0.466824 0.665787
0.271632 0.434848 0.665226
0.234080 0.405385 0.654560
0.215445 0.364507 0.621112
0.194655 0.326202 0.599390
0.202711 0.279995 0.569165
0.182456 0.233348 0.559308
0.182790 0.197254 0.528757
0.154295 0.161371 0.516237
0.149817 0.117677 0.494842
0.121740 0.084308 0.478819
0.107501 0.039766 0.468853
0.082450 0.010091 0.443269
0.059404 -0.031817 0.441525
0.040452 -0.069274 0.415084
-0.007495 -0.094028 0.409556
0.012426 -0.142598 0.391104
0.012526 -0.176118 0.432618
-0.049359 -0.179721 0.435249
-0.069882 -0.218495 0.398438
-0.060289 -0.267519 0.406909
