-1.000000 0.341976 0.022557
-0.885670 0.392565 -0.034233
-0.810959 0.469552 0.031386
-0.779593 0.544840 0.162143
-0.798514 0.655854 0.241273
-0.886939 0.663014 0.346699
-0.980952 0.599805 0.268148
-0.949629 0.613257 0.103423
-0.917205 0.610328 -0.038769
-0.849605 0.628842 -0.163832
-0.803551 0.668294 -0.301730
-0.779297 0.628191 -0.460423
-0.667168 0.695632 -0.460182
-0.541705 0.733492 -0.368700
-0.440708 0.760107 -0.282526
-0.380262 0.778585 -0.156353
-0.403966 0.888913 -0.150467
-0.533662 0.881283 -0.139128
-0.537218 0.819122 -0.017297
-0.470550 0.889202 0.072109
-0.546318 0.979786 0.056525
-0.656924 0.927678 0.114907
-0.579293 0.880090 0.252419
-0.515842 0.885405 0.383175
-0.476052 0.779092 0.393308
-0.388643 0.786830 0.280500
-0.312917 0.866421 0.333671
-0.278673 0.815361 0.457769
-0.225846 0.726152 0.392584
-0.137040 0.779128 0.308919
-0.077229 0.830983 0.422451
-0.043027 0.742424 0.501001
0.024784 0.687857 0.398326
0.113166 0.768171 0.370341
0.156215 0.780176 0.518468
0.235751 0.690858 0.534631
0.322398 0.608194 0.543461
0.382632 0.509764 0.533377
0.397532 0.395711 0.571542
0.447184 0.293954 0.608791
0.420559 0.179034 0.602663
0.429745 0.067947 0.648259
0.389490 -0.043249 0.668138
0.294419 -0.046069 0.769994
0.186438 -0.059232 0.680780
0.204512 -0.063427 0.525078
0.157654 -0.033919 0.371885
0.186607 -0.020937 0.222214
0.146564 0.024409 0.076259
0.142966 0.035402 -0.078189
0.096531 0.028712 -0.212275
-0.001249 -0.048203 -0.198331
-0.058350 -0.046503 -0.039444
-0.121167 -0.098358 0.100866
-0.178734 -0.084689 0.258643
-0.247899 -0.135460 0.396203
-0.297551 -0.105012 0.560927
-0.300303 -0.089137 0.735736
-0.284641 -0.102155 0.884104
-0.258058 -0.217003 0.874261
-0.128616 -0.218630 0.849895
-0.000444 -0.253236 0.885262
0.067790 -0.202792 0.758655
0.000868 -0.093802 0.735109
0.009080 0.034570 0.722757
0.051916 0.051674 0.558418
0.052043 0.113365 0.420955
0.132003 0.141245 0.273504
0.190501 0.229479 0.160262
0.275117 0.273234 0.023860
0.274143 0.327873 -0.107187
0.187792 0.409380 -0.157656
0.186353 0.461344 -0.293286
0.060509 0.413647 -0.355142
0.006413 0.361539 -0.219946
-0.071049 0.308527 -0.091264
-0.131706 0.298691 0.047261
-0.229444 0.231576 0.130154
-0.336494 0.230527 0.241176
-0.427416 0.158494 0.326289
-0.529726 0.162942 0.453427
-0.595632 0.135206 0.585969
-0.631357 0.166558 0.727920
-0.666448 0.064511 0.786736
-0.548393 0.001229 0.749439
-0.446888 0.029833 0.652988
-0.427289 0.022022 0.514077
-0.310716 0.027916 0.407204
-0.256238 0.073009 0.268003
-0.149569 0.072901 0.154423
-0.107748 0.128119 0.004318
-0.052086 0.142728 -0.147717
-0.074859 0.206516 -0.280934
-0.062795 0.223982 -0.451545
-0.153040 0.182035 -0.558467
-0.191687 0.081290 -0.601312
-0.323965 0.077023 -0.504861
-0.419882 0.126998 -0.432728
-0.508561 0.044080 -0.460713
-0.438083 -0.030014 -0.369955
-0.411543 0.027953 -0.241225
-0.525958 0.045310 -0.175122
-0.551610 -0.061619 -0.147861
-0.451840 -0.076806 -0.054450
-0.491756 -0.003435 0.046826
-0.608288 -0.048673 0.074425
-0.571208 -0.153215 0.110227
-0.500561 -0.130650 0.230465
-0.606129 -0.093043 0.307665
-0.691845 -0.179287 0.285711
-0.633093 -0.256238 0.376276
-0.684311 -0.219245 0.508576
-0.786324 -0.238591 0.599238
-0.779128 -0.131265 0.661046
-0.877458 -0.062161 0.646329
-0.928041 0.002314 0.745145
-0.995259 0.092102 0.795132
-0.862516 0.152672 0.761502
-0.823869 0.223476 0.635473
-0.737053 0.230274 0.486285
-0.666152 0.273270 0.369472
-0.530318 0.309720 0.322381
-0.439396 0.379258 0.226846
-0.302588 0.394482 0.157656
-0.208957 0.468142 0.069649
-0.063472 0.462537 0.011652
0.001968 0.512693 -0.130298
0.059874 0.584472 -0.226460
0.054668 0.686483 -0.341632
0.092806 0.740399 -0.470363
0.111897 0.689014 -0.608743
0.111050 0.678057 -0.757979
0.019958 0.586353 -0.751996
-0.071811 0.563137 -0.649369
-0.066478 0.485680 -0.540759
-0.128828 0.541766 -0.435767
-0.236725 0.559666 -0.513208
-0.268768 0.454690 -0.537044
-0.275456 0.422796 -0.394852
-0.369891 0.490128 -0.355335
-0.460983 0.450821 -0.446479
-0.459333 0.346894 -0.397795
-0.488159 0.360237 -0.255362
-0.598552 0.413756 -0.270753
-0.657898 0.336407 -0.358423
-0.649770 0.246004 -0.263854
-0.715084 0.299089 -0.153314
-0.824631 0.321906 -0.238523
-0.857309 0.201020 -0.244457
-0.904040 0.165654 -0.111867
-0.985312 0.152889 0.007696
-0.917035 0.212085 0.118091
-0.852145 0.283069 0.211937
-0.743741 0.364396 0.196835
-0.647146 0.436320 0.254686
-0.562911 0.522745 0.251212
-0.436898 0.556556 0.328701
-0.344325 0.557315 0.195098
-0.269614 0.638642 0.094015
-0.133781 0.622008 0.021447
-0.125738 0.648007 -0.148778
-0.067155 0.716931 -0.237606
-0.084171 0.817133 -0.168995
-0.055514 0.773957 -0.029456
0.075409 0.734541 -0.078816
0.152024 0.832176 -0.118911
0.282736 0.880560 -0.181154
0.395162 0.955992 -0.216279
0.529556 0.956209 -0.298449
0.545049 1.000000 -0.432679
0.437237 0.951182 -0.497768
0.398971 0.856404 -0.401607
0.324769 0.763181 -0.343466
0.273381 0.703189 -0.196111
0.255434 0.667571 -0.058310
0.230968 0.649418 0.091554
0.191856 0.531135 0.071482
0.228470 0.414370 0.082676
0.173485 0.388371 0.245181
0.099790 0.308961 0.355190
0.018900 0.276597 0.487974
-0.054668 0.199356 0.593062
-0.124257 0.167245 0.715809
-0.218650 0.099226 0.769415
-0.233423 0.155818 0.905527
-0.245910 0.269726 0.853610
-0.235243 0.316518 0.714313
-0.123156 0.355826 0.654677
-0.058266 0.435489 0.549878
0.085907 0.452050 0.487684
0.212216 0.454835 0.450966
0.311435 0.372894 0.372367
0.418951 0.282057 0.375021
0.500815 0.180082 0.322332
0.588182 0.089680 0.337145
0.486169 0.005677 0.335360
0.433173 -0.071020 0.213288
0.407437 -0.178817 0.265301
0.427459 -0.261409 0.152638
0.451121 -0.251826 0.006104
0.485492 -0.165546 -0.076114
0.505132 -0.222753 -0.205568
0.385299 -0.267086 -0.217968
0.319732 -0.168728 -0.218113
0.383733 -0.122876 -0.332368
0.359394 -0.201707 -0.434224
0.231687 -0.188616 -0.435767
0.236344 -0.083062 -0.482425
0.308895 -0.095212 -0.605558
0.219666 -0.171548 -0.667414
0.084002 -0.156433 -0.615498
0.011281 -0.166450 -0.492316
-0.086669 -0.141896 -0.389834
-0.145294 -0.159181 -0.262165
-0.130183 -0.201743 -0.096765
-0.115071 -0.264591 0.032496
-0.031429 -0.292833 0.162915
-0.131833 -0.314747 0.288075
-0.179327 -0.368301 0.422499
-0.252598 -0.360816 0.551326
-0.252344 -0.470601 0.589925
-0.110754 -0.483438 0.584329
-0.015641 -0.413213 0.547417
0.022202 -0.402980 0.382403
0.096870 -0.408802 0.257388
0.086288 -0.422434 0.090734
0.164596 -0.458234 -0.037466
0.087346 -0.519635 -0.140383
0.120235 -0.519057 -0.288509
0.189443 -0.486982 -0.426455
0.195750 -0.438743 -0.588092
0.282440 -0.427425 -0.734047
0.374294 -0.386201 -0.836626
0.466147 -0.320026 -0.880196
0.513387 -0.218160 -0.907650
0.562911 -0.144536 -1.000000
0.687739 -0.118934 -0.967287
0.765371 -0.138895 -0.852452
0.873987 -0.105735 -0.921449
0.842790 -0.000289 -0.944706
0.824885 0.030412 -0.802176
0.945692 0.008715 -0.751273
1.000000 0.094887 -0.849702
0.960295 0.194004 -0.793395
0.933628 0.288060 -0.711853
0.853330 0.360165 -0.642566
0.796948 0.402003 -0.764493
0.744122 0.307261 -0.813756
0.671527 0.291784 -0.693421
0.600838 0.382440 -0.699259
0.549070 0.380741 -0.836626
0.500053 0.261300 -0.823213
0.460094 0.245136 -0.661818
0.378442 0.345266 -0.644255
0.296662 0.435633 -0.627753
0.414210 0.506147 -0.557260
0.542509 0.534570 -0.552580
0.522995 0.612606 -0.435237
0.454888 0.541115 -0.321319
0.533577 0.467274 -0.251888
0.625347 0.424098 -0.167016
0.746704 0.380596 -0.155388
0.698322 0.268062 -0.185014
0.666871 0.240001 -0.322863
0.778069 0.189050 -0.365082
0.772186 0.108375 -0.265253
0.657009 0.065994 -0.304432
0.681221 0.041730 -0.446720
0.782472 -0.026506 -0.420665
0.717624 -0.102842 -0.342790
0.629749 -0.124214 -0.452365
0.715465 -0.158277 -0.554365
0.762154 -0.241773 -0.473547
0.649855 -0.297353 -0.470749
0.635379 -0.310733 -0.617717
0.745942 -0.368157 -0.634942
0.717031 -0.453135 -0.536272
0.570488 -0.451870 -0.582061
0.490444 -0.478376 -0.701141
0.428559 -0.567802 -0.589105
0.370018 -0.592175 -0.450580
0.292726 -0.681384 -0.438904
0.412898 -0.754249 -0.425346
0.502000 -0.687134 -0.328026
0.412517 -0.651334 -0.204892
0.317615 -0.749186 -0.206050
0.245868 -0.841361 -0.151046
0.122817 -0.851595 -0.202432
0.078287 -0.748608 -0.170394
0.130945 -0.685977 -0.050107
0.174501 -0.612172 0.048949
0.223052 -0.548058 0.156836
0.236725 -0.532437 0.318907
0.212004 -0.451038 0.450098
0.244640 -0.401750 0.606186
0.275329 -0.378607 0.747943
0.344198 -0.366312 0.882464
0.383310 -0.305055 1.000000
0.418019 -0.214074 0.904755
0.366336 -0.203226 0.760971
0.407987 -0.280864 0.642711
0.429152 -0.359876 0.534728
0.404432 -0.482498 0.495646
0.395331 -0.587438 0.443053
0.317700 -0.687062 0.407927
0.254714 -0.777067 0.366819
0.170014 -0.846821 0.316832
0.106605 -0.937441 0.311235
0.199856 -0.998915 0.224434
0.341108 -1.000000 0.242334
