-0.578848 -0.436027 0.594172
-0.502773 -0.322712 0.626284
-0.454278 -0.179160 0.613704
-0.310723 -0.225863 0.672987
-0.166553 -0.218700 0.713515
-0.035538 -0.220002 0.765249
0.092189 -0.161763 0.798504
0.211453 -0.128085 0.867347
0.135597 -0.028213 0.956041
-0.009756 -0.052215 0.972966
-0.097275 -0.025701 0.862589
-0.208910 -0.011373 0.756696
-0.256484 -0.032911 0.612332
-0.330805 -0.049331 0.497244
-0.358341 -0.119293 0.371498
-0.420297 0.023700 0.327631
-0.407143 0.148040 0.219633
-0.368952 0.267171 0.132539
-0.321948 0.338481 0.014523
-0.257317 0.466403 -0.065023
-0.224739 0.449099 -0.199460
-0.320764 0.536690 -0.264140
-0.386578 0.641633 -0.197722
-0.427707 0.774067 -0.196213
-0.468309 0.885429 -0.123299
-0.604806 0.864961 -0.157194
-0.600728 0.717269 -0.079752
-0.542718 0.697267 0.048235
-0.642602 0.738388 0.127644
-0.727139 0.633632 0.087117
-0.652555 0.520502 0.115980
-0.645233 0.547622 0.256547
-0.775590 0.545389 0.284130
-0.799838 0.415234 0.238662
-0.716090 0.347412 0.323239
-0.775503 0.383463 0.442765
-0.899897 0.331039 0.415228
-0.852104 0.188185 0.393500
-0.711573 0.170276 0.466368
-0.594545 0.234981 0.466825
-0.446781 0.240842 0.523637
-0.371232 0.267031 0.382659
-0.261132 0.349785 0.305080
-0.177647 0.390069 0.185234
-0.055752 0.486638 0.157377
0.029268 0.618793 0.095396
0.089251 0.721084 0.023946
0.062153 0.670380 -0.108158
-0.072633 0.712618 -0.111360
-0.129239 0.837470 -0.068042
-0.220485 0.791371 0.063330
-0.207287 0.834539 0.198134
-0.304497 0.931294 0.201656
-0.407493 0.834213 0.178876
-0.380527 0.756669 0.289893
-0.398198 0.864170 0.383574
-0.528950 0.880172 0.362898
-0.566790 0.749320 0.407726
-0.515796 0.754390 0.535210
-0.575472 0.872776 0.582417
-0.700568 0.823933 0.568191
-0.692193 0.706198 0.653134
-0.661500 0.789231 0.765524
-0.771074 0.875613 0.766439
-0.860741 0.760484 0.771791
-0.833863 0.626050 0.816618
-0.797865 0.509199 0.743156
-0.656896 0.526968 0.821696
-0.518427 0.510548 0.861171
-0.387148 0.483382 0.854813
-0.399513 0.339039 0.893694
-0.456339 0.301082 0.761316
-0.340890 0.336109 0.678659
-0.244864 0.324619 0.552044
-0.131607 0.399605 0.488965
-0.047815 0.414769 0.360657
0.097231 0.449796 0.303021
0.225484 0.508222 0.219861
0.347072 0.528271 0.159436
0.425164 0.574555 0.048007
0.544516 0.595813 -0.017542
0.567316 0.734574 0.038721
0.587793 0.665915 0.187476
0.706794 0.600233 0.227638
0.752614 0.696058 0.320861
0.752921 0.744854 0.450038
0.692938 0.876125 0.417057
0.563107 0.810676 0.364682
0.484971 0.738249 0.452645
0.427005 0.850866 0.517188
0.373073 0.914269 0.404890
0.294499 0.802396 0.368296
0.223905 0.798860 0.488461
0.177384 0.934876 0.487181
0.107272 0.920968 0.369531
0.026199 0.818304 0.415731
-0.026769 0.891522 0.522585
-0.078947 0.996558 0.444732
-0.159362 0.914967 0.362578
-0.223993 0.847285 0.477209
-0.223642 0.884824 0.614894
-0.105343 0.829934 0.704320
-0.011641 0.756576 0.798504
-0.027558 0.608466 0.712737
-0.006336 0.458356 0.674588
0.003705 0.314758 0.654644
0.092320 0.343459 0.516822
0.226492 0.341598 0.436086
0.306163 0.329969 0.303159
0.363383 0.295593 0.186195
0.334093 0.281451 0.046772
0.487602 0.248889 0.019509
0.623528 0.240470 -0.000755
0.641286 0.376439 -0.066578
0.711047 0.506315 -0.087071
0.713634 0.662054 -0.125815
0.714643 0.800256 -0.127324
0.666542 0.926038 -0.089541
0.521628 0.998139 -0.128148
0.409598 1.000000 -0.217437
0.426479 0.862589 -0.266336
0.411615 0.717362 -0.275256
0.503913 0.727968 -0.404615
0.628922 0.744156 -0.448117
0.711003 0.763786 -0.578346
0.779712 0.765415 -0.704915
0.791463 0.750948 -0.846946
0.738671 0.601907 -0.831393
0.661982 0.556274 -0.709581
0.714029 0.545715 -0.573039
0.744547 0.560461 -0.438739
0.804749 0.610373 -0.314823
0.865126 0.583626 -0.187521
0.923925 0.543575 -0.058619
1.000000 0.494685 0.059580
0.912306 0.430259 0.141687
0.861794 0.311129 0.218535
0.783527 0.234562 0.307504
0.845044 0.272148 0.431969
0.809966 0.412862 0.425886
0.680310 0.385556 0.420808
0.675005 0.317037 0.543993
0.711135 0.425096 0.625003
0.601868 0.504268 0.588592
0.512902 0.409001 0.643849
0.552671 0.418770 0.777600
0.514261 0.555623 0.795760
0.378949 0.533155 0.792924
0.375924 0.463426 0.915697
0.427839 0.564461 1.000000
0.324403 0.662845 0.961485
0.198123 0.619119 0.903117
0.170105 0.601023 0.762047
0.166992 0.435144 0.790957
0.145112 0.284010 0.809208
0.215838 0.251355 0.663701
0.299191 0.169997 0.554239
0.332515 0.143993 0.391442
0.307960 0.092220 0.238982
0.319931 0.086591 0.073760
0.397979 -0.004210 -0.003637
0.466117 -0.123712 0.049333
0.548813 -0.243726 0.057338
0.636989 -0.321223 0.131853
0.736654 -0.222468 0.143014
0.661588 -0.125015 0.212588
0.637603 -0.209210 0.320541
0.766295 -0.232376 0.354756
0.802249 -0.099709 0.383116
0.719992 -0.089150 0.493676
0.761866 -0.204233 0.569014
0.901607 -0.148227 0.564851
0.926819 -0.036027 0.642614
0.980050 0.032492 0.748325
0.866968 0.065426 0.827093
0.739460 0.036679 0.833863
0.605419 0.083614 0.879743
0.521715 0.040819 0.749331
0.440686 -0.026073 0.656336
0.339223 -0.049657 0.574000
0.204525 -0.068310 0.545960
0.225703 -0.048401 0.382247
0.184399 -0.075427 0.231937
0.146691 -0.024910 0.096128
0.088549 -0.104594 -0.037532
0.040887 -0.190231 -0.134140
-0.097406 -0.277963 -0.138989
-0.154408 -0.403093 -0.241498
-0.151733 -0.498732 -0.347895
-0.027602 -0.435655 -0.405759
0.028479 -0.426864 -0.248771
0.055182 -0.509896 -0.125998
0.169535 -0.527899 -0.045262
0.224300 -0.634934 0.024129
0.341460 -0.572834 0.061089
0.293754 -0.457658 0.131350
0.214084 -0.526131 0.220502
0.305768 -0.606047 0.281705
0.381054 -0.498314 0.326899
0.292395 -0.429841 0.406491
0.254905 -0.538597 0.488919
0.377151 -0.563624 0.547378
0.371451 -0.417188 0.607804
0.256089 -0.333132 0.611920
0.193125 -0.282614 0.484482
0.100695 -0.223026 0.398623
0.013308 -0.199116 0.275256
-0.032776 -0.116362 0.152162
-0.112095 -0.088685 0.032317
-0.111438 -0.026584 -0.105688
-0.204218 -0.062542 -0.201198
-0.308969 -0.156041 -0.203211
-0.339574 -0.106826 -0.347803
-0.239340 -0.035330 -0.428493
-0.272137 0.092313 -0.472406
-0.346984 0.162135 -0.568282
-0.271436 0.292336 -0.533747
-0.155679 0.302989 -0.603778
-0.085173 0.361926 -0.713012
-0.056146 0.214839 -0.770144
-0.153092 0.152460 -0.843652
-0.210094 0.041842 -0.941358
-0.284809 -0.061984 -1.000000
-0.190450 -0.171625 -0.958008
-0.207287 -0.195534 -0.821970
-0.262535 -0.247261 -0.706562
-0.382194 -0.279218 -0.614894
-0.455594 -0.306477 -0.498525
-0.580383 -0.272567 -0.547652
-0.563326 -0.377369 -0.665119
-0.560871 -0.511850 -0.623127
-0.623791 -0.637214 -0.615717
-0.564861 -0.675869 -0.490886
-0.628834 -0.567996 -0.416783
-0.755245 -0.595767 -0.454703
-0.760726 -0.723689 -0.389612
-0.745643 -0.670380 -0.261396
-0.851928 -0.581812 -0.262814
-0.947559 -0.680056 -0.282208
-0.928661 -0.753320 -0.163598
-0.956635 -0.621956 -0.081399
-1.000000 -0.493895 -0.118359
-0.888146 -0.402675 -0.188025
-0.774757 -0.341412 -0.246255
-0.647513 -0.312850 -0.268806
-0.630193 -0.237074 -0.150699
-0.648916 -0.345040 -0.060220
-0.542148 -0.418351 -0.106832
-0.446386 -0.316990 -0.087574
-0.473396 -0.316200 0.058162
-0.461338 -0.455192 0.096585
-0.332296 -0.483800 0.068133
-0.275996 -0.412908 0.175537
-0.343564 -0.466868 0.283947
-0.290202 -0.605070 0.265970
-0.153443 -0.546924 0.299408
-0.134940 -0.423096 0.368845
-0.182601 -0.285359 0.309334
-0.206060 -0.158693 0.243373
-0.296122 -0.047889 0.159618
-0.320413 0.071846 0.045399
-0.414421 0.132178 -0.032043
-0.477737 0.230608 -0.130389
-0.582663 0.360251 -0.124991
-0.704032 0.451657 -0.167349
-0.815667 0.360437 -0.143243
-0.907789 0.308757 -0.054914
-0.912437 0.174927 -0.105048
-0.779449 0.146040 -0.076184
-0.786684 0.164275 0.060037
-0.879508 0.060170 0.078517
-0.813255 -0.048541 0.018457
-0.699428 -0.050076 0.098415
-0.772083 -0.095569 0.219450
-0.821060 -0.233353 0.178236
-0.720737 -0.334620 0.257324
-0.790411 -0.405884 0.374974
-0.884375 -0.508454 0.296297
-0.761252 -0.600512 0.237335
-0.677329 -0.722293 0.161311
-0.580777 -0.808257 0.108158
-0.509877 -0.927712 0.083503
-0.409423 -1.000000 0.029664
-0.450683 -0.976509 -0.102852
-0.434854 -0.835562 -0.102440
-0.304672 -0.832678 -0.070329
-0.263193 -0.909199 -0.182261
-0.316598 -0.825003 -0.281065
-0.244777 -0.707268 -0.248679
-0.124153 -0.767554 -0.270544
-0.135553 -0.796302 -0.410882
-0.113104 -0.652006 -0.454063
0.012781 -0.626468 -0.475379
0.111218 -0.512874 -0.547927
0.162870 -0.388022 -0.509137
0.085787 -0.259216 -0.501041
0.090742 -0.100547 -0.496970
0.074562 0.038912 -0.464401
0.208997 0.066403 -0.404981
0.308837 0.143714 -0.507216
0.429943 0.229399 -0.553370
0.528468 0.267822 -0.641882
0.595378 0.359879 -0.555063
0.637472 0.237121 -0.464447
0.727315 0.139714 -0.512293
0.837722 0.217304 -0.450038
0.830355 0.192650 -0.311987
0.863811 0.112083 -0.201564
0.718808 0.101756 -0.165428
0.643830 0.014490 -0.240400
0.560301 -0.106036 -0.223978
0.560652 -0.181068 -0.364454
0.667376 -0.277730 -0.359696
0.610857 -0.377183 -0.272923
0.512069 -0.463333 -0.230199
0.485629 -0.374858 -0.084601
