0.618373 -0.238019 0.541633
0.647356 -0.176253 0.534451
0.685748 -0.109751 0.537281
0.705344 -0.053706 0.509362
0.705255 0.021067 0.496432
0.712751 0.091986 0.492187
0.715887 0.145100 0.445769
0.688150 0.215637 0.440324
0.682144 0.283023 0.427269
0.653673 0.335374 0.387548
0.620886 0.398484 0.366953
0.612056 0.435459 0.313927
0.567703 0.481387 0.276695
0.538364 0.524806 0.237242
0.527576 0.541888 0.173076
0.505800 0.575892 0.116665
0.506801 0.594620 0.058534
0.493099 0.594841 -0.008050
0.486204 0.617183 -0.069351
0.457488 0.614292 -0.132245
0.424924 0.644161 -0.178682
0.360151 0.648597 -0.222253
0.310727 0.701310 -0.253163
0.237280 0.726181 -0.258177
0.182272 0.785557 -0.259915
0.127532 0.829377 -0.241666
0.060201 0.851578 -0.211204
0.026881 0.895679 -0.162045
-0.011400 0.923180 -0.117793
-0.029973 0.941707 -0.052266
-0.046410 0.961821 0.010253
-0.109203 0.973423 0.055274
-0.132692 0.979826 0.121106
-0.161141 0.985246 0.183087
-0.212300 1.000000 0.228235
-0.263638 0.996909 0.283267
-0.320269 0.991991 0.330420
-0.379636 0.995945 0.377878
-0.429394 0.975551 0.429651
-0.480932 0.975531 0.482320
-0.513051 0.943895 0.539323
-0.536874 0.934441 0.604348
-0.552889 0.891524 0.659417
-0.536874 0.871310 0.724120
-0.518834 0.867035 0.783863
-0.458911 0.861635 0.834812
-0.434755 0.830702 0.892728
-0.377279 0.807819 0.940741
-0.322427 0.782888 0.982897
-0.241217 0.768595 0.993213
-0.164233 0.771125 1.000000
-0.080576 0.759884 0.987840
-0.013846 0.762634 0.957485
0.056264 0.749566 0.926987
0.100239 0.739108 0.870146
0.122304 0.737100 0.812606
0.142790 0.718874 0.759131
0.137385 0.690811 0.700445
0.130067 0.683746 0.645108
0.110827 0.659517 0.597597
0.096347 0.611622 0.563750
0.077907 0.573222 0.524638
0.049614 0.521795 0.509415
0.046388 0.462016 0.506514
0.046989 0.408882 0.480225
0.029973 0.350790 0.483520
0.025013 0.299102 0.516024
0.041450 0.240648 0.512424
0.057732 0.187013 0.533950
0.096747 0.150419 0.567851
0.138520 0.092568 0.566812
0.167147 0.032609 0.590415
0.213146 -0.011653 0.610903
0.235967 -0.054348 0.652307
0.292065 -0.080644 0.622937
0.322783 -0.023315 0.598671
0.298115 0.038430 0.600390
0.260257 0.066071 0.560795
0.229672 0.118964 0.526267
0.164722 0.148331 0.500676
0.110338 0.171897 0.462119
0.048101 0.181653 0.436564
0.025836 0.207006 0.386760
-0.032331 0.174065 0.377519
-0.075794 0.204697 0.410525
-0.091342 0.249059 0.371252
-0.138497 0.207287 0.343762
-0.197998 0.206444 0.373615
-0.268665 0.213148 0.375442
-0.259011 0.194701 0.438372
-0.258789 0.175611 0.487567
-0.253473 0.129924 0.524512
-0.274537 0.115833 0.574155
-0.254229 0.171195 0.598438
-0.240460 0.226778 0.637013
-0.222666 0.262809 0.680620
-0.261147 0.215858 0.716384
-0.249780 0.152346 0.681874
-0.245799 0.093130 0.669195
-0.257499 0.042826 0.624352
-0.210921 -0.004145 0.617403
-0.254140 -0.047122 0.646361
-0.296113 -0.064224 0.603972
-0.321559 -0.101641 0.564036
-0.380949 -0.051638 0.556031
-0.398699 0.004125 0.538481
-0.435511 0.043248 0.506998
-0.384886 0.051739 0.468423
-0.393093 -0.006273 0.440092
-0.451927 0.013359 0.418100
-0.495079 0.037266 0.385847
-0.550064 0.062358 0.371252
-0.607318 0.072254 0.345069
-0.626069 0.098088 0.297307
-0.671223 0.114648 0.255509
-0.600133 0.126592 0.221519
-0.549018 0.164450 0.207908
-0.522193 0.219873 0.202142
-0.512428 0.272163 0.176318
-0.473681 0.298419 0.137797
-0.425969 0.320259 0.173470
-0.405461 0.263532 0.191039
-0.390224 0.239705 0.143295
-0.342779 0.281819 0.128574
-0.299294 0.267486 0.168116
-0.291931 0.206303 0.157138
-0.271445 0.214935 0.104254
-0.215971 0.248055 0.115053
-0.184941 0.208029 0.148219
-0.182539 0.161760 0.108391
-0.148663 0.190646 0.068222
-0.094345 0.202650 0.099204
-0.078374 0.142631 0.107334
-0.071012 0.124183 0.055543
-0.023500 0.166156 0.039390
0.021987 0.148492 0.078341
0.033821 0.089557 0.062151
0.053039 0.113805 0.007244
0.070011 0.173644 -0.005507
0.006795 0.214453 -0.020837
0.003637 0.272003 -0.004432
-0.008797 0.304843 -0.054093
-0.044275 0.279069 -0.097807
-0.098749 0.267205 -0.128019
-0.119168 0.218387 -0.094637
-0.139387 0.259738 -0.053287
-0.182672 0.298078 -0.078448
-0.223867 0.253555 -0.095533
-0.241150 0.230893 -0.044762
-0.271045 0.282662 -0.028286
-0.317867 0.284729 -0.069816
-0.348296 0.231977 -0.057710
-0.367247 0.245586 -0.006062
-0.404994 0.294726 -0.020801
-0.448635 0.261364 -0.053555
-0.471256 0.220716 -0.016718
-0.496235 0.262127 0.019655
-0.538898 0.291614 -0.015607
-0.575577 0.238099 -0.034375
-0.578046 0.198173 0.020460
-0.536874 0.195805 0.067721
-0.474837 0.160476 0.036972
-0.422366 0.107462 0.019744
-0.361642 0.070367 -0.000600
-0.308792 0.030361 -0.009357
-0.256231 -0.004888 -0.026012
-0.210076 -0.047704 -0.014551
-0.166190 -0.008240 0.011918
-0.210321 0.008662 0.051227
-0.218084 -0.048126 0.072485
-0.152511 -0.059708 0.084143
-0.145771 -0.012215 0.118527
-0.196819 -0.022753 0.154487
-0.176578 -0.079279 0.172199
-0.114074 -0.061193 0.189857
-0.135428 -0.015647 0.224492
-0.171684 -0.052963 0.258231
-0.116744 -0.085000 0.276498
-0.080331 -0.038069 0.295373
-0.133315 -0.020685 0.332927
-0.148618 -0.065870 0.373257
-0.138920 -0.076830 0.429150
-0.151043 -0.145702 0.425926
-0.088117 -0.166879 0.398437
-0.028505 -0.201766 0.389339
-0.025524 -0.205681 0.330635
-0.001679 -0.154654 0.301999
0.047122 -0.171476 0.267132
-0.001590 -0.185146 0.223972
-0.030573 -0.140443 0.193779
-0.004326 -0.158850 0.144083
-0.044208 -0.216922 0.143384
-0.107668 -0.208692 0.126138
-0.168103 -0.220916 0.101371
-0.222933 -0.203774 0.062760
-0.296135 -0.198474 0.047789
-0.348385 -0.181653 0.014569
-0.424835 -0.170231 0.027427
-0.459445 -0.125267 -0.002265
-0.500862 -0.171917 -0.027982
-0.551999 -0.189502 0.007423
-0.627226 -0.211663 0.014694
-0.622510 -0.267807 0.057620
-0.612523 -0.320480 0.085719
-0.581249 -0.350349 0.042273
-0.526175 -0.311969 0.044297
-0.508669 -0.318733 0.096482
-0.494167 -0.379094 0.090751
-0.444142 -0.372650 0.052911
-0.403704 -0.338526 0.085934
-0.398521 -0.381623 0.125870
-0.367291 -0.424540 0.095801
-0.312417 -0.388649 0.084107
-0.291509 -0.381282 0.135164
-0.281166 -0.440719 0.146572
-0.236612 -0.454449 0.106869
-0.189323 -0.411171 0.120533
-0.180826 -0.418999 0.176443
-0.162364 -0.480825 0.175530
-0.118946 -0.516274 0.148005
-0.112606 -0.563467 0.183768
-0.081844 -0.514990 0.222593
-0.061136 -0.458323 0.199438
-0.084980 -0.400552 0.208338
-0.118879 -0.338345 0.192489
-0.141211 -0.281538 0.176963
-0.214747 -0.253555 0.169907
-0.273647 -0.222924 0.136239
-0.344225 -0.199358 0.125046
-0.390157 -0.155016 0.097288
-0.454329 -0.125809 0.093831
-0.489362 -0.072956 0.097180
-0.516677 -0.020063 0.117596
-0.557982 0.025383 0.129702
-0.624067 0.060089 0.118617
-0.683679 0.088192 0.115966
-0.736484 0.043348 0.119441
-0.698337 -0.015828 0.140161
-0.662481 -0.065850 0.158177
-0.616460 -0.116937 0.167811
-0.570372 -0.159010 0.182407
-0.567280 -0.217223 0.221465
-0.546149 -0.248497 0.269478
-0.556448 -0.278366 0.319407
-0.491898 -0.296613 0.330653
-0.424145 -0.292197 0.348203
-0.413668 -0.346535 0.306369
-0.413268 -0.396879 0.274026
-0.400923 -0.428052 0.328862
-0.443875 -0.468440 0.371914
-0.485670 -0.488714 0.417097
-0.536251 -0.497847 0.455224
-0.594595 -0.491163 0.498509
-0.635211 -0.521654 0.541364
-0.683212 -0.525568 0.580405
-0.711928 -0.551443 0.630602
-0.744781 -0.556561 0.680692
-0.689062 -0.526773 0.708987
-0.643619 -0.489878 0.674943
-0.601935 -0.514950 0.636530
-0.552822 -0.534822 0.589968
-0.534382 -0.558529 0.535938
-0.476150 -0.517439 0.520465
-0.490563 -0.449671 0.521110
-0.510160 -0.394891 0.541382
-0.504376 -0.361289 0.493745
-0.564878 -0.395453 0.467599
-0.630607 -0.388247 0.482535
-0.653695 -0.350690 0.443745
-0.635100 -0.388528 0.400586
-0.674248 -0.436443 0.417008
-0.734438 -0.407517 0.414232
-0.726942 -0.394450 0.359539
-0.723361 -0.450715 0.338748
-0.786532 -0.465870 0.356137
-0.820586 -0.422331 0.327591
-0.791158 -0.446680 0.278002
-0.777723 -0.513564 0.280706
-0.738842 -0.547408 0.312709
-0.704121 -0.599578 0.335954
-0.660769 -0.627962 0.369282
-0.624156 -0.661464 0.406316
-0.575221 -0.687901 0.452431
-0.513563 -0.645305 0.463623
-0.458133 -0.603954 0.467796
-0.454552 -0.598575 0.403236
-0.498104 -0.567301 0.371323
-0.510760 -0.527937 0.329704
-0.540344 -0.478717 0.304381
-0.569638 -0.436222 0.271394
-0.595596 -0.384072 0.242902
-0.616082 -0.321724 0.237923
-0.640105 -0.283164 0.189230
-0.648290 -0.220796 0.161490
-0.680721 -0.175230 0.129720
-0.723517 -0.130687 0.118312
-0.789824 -0.146726 0.135988
-0.782261 -0.205861 0.164158
-0.766913 -0.258754 0.192077
-0.735328 -0.312792 0.203664
-0.694467 -0.367552 0.192812
-0.665284 -0.431385 0.193044
-0.597220 -0.468279 0.195623
-0.547662 -0.512220 0.187994
-0.487850 -0.541225 0.183087
-0.438781 -0.581512 0.172342
-0.388511 -0.616801 0.191576
-0.337797 -0.594400 0.156905
-0.330723 -0.540643 0.192812
-0.313908 -0.572038 0.244280
-0.261970 -0.577297 0.280509
-0.239904 -0.616661 0.324188
-0.211366 -0.634044 0.378719
-0.190502 -0.668570 0.420070
-0.162921 -0.683525 0.476141
-0.088317 -0.696051 0.500210
-0.023700 -0.718994 0.528058
0.038625 -0.745712 0.539269
0.007952 -0.767692 0.597436
-0.068454 -0.777127 0.589144
-0.115943 -0.816370 0.570913
-0.170305 -0.783590 0.590397
-0.181672 -0.739810 0.552879
-0.222688 -0.775440 0.521486
-0.276850 -0.777628 0.558270
-0.303431 -0.721403 0.543531
-0.310549 -0.699844 0.490038
-0.274960 -0.651568 0.467098
-0.277473 -0.590847 0.428827
-0.262971 -0.546946 0.377770
-0.251804 -0.505094 0.336581
-0.210098 -0.467456 0.306548
-0.251159 -0.408902 0.300764
-0.258099 -0.344949 0.306315
-0.320225 -0.311989 0.289714
-0.353879 -0.255483 0.291487
-0.427170 -0.225312 0.285004
-0.434777 -0.167481 0.318601
-0.401724 -0.120851 0.289213
-0.377657 -0.067255 0.265520
-0.354768 -0.026246 0.223202
-0.313374 0.031646 0.208732
-0.304877 0.079922 0.161149
-0.328410 0.138656 0.162707
-0.395763 0.117499 0.177034
-0.406239 0.054067 0.169154
-0.446032 -0.003724 0.178449
-0.443385 -0.072214 0.193850
-0.479775 -0.120229 0.220086
-0.431085 -0.161218 0.186347
-0.360374 -0.188036 0.206118
-0.322360 -0.237838 0.212027
-0.260034 -0.261966 0.246250
-0.188812 -0.292176 0.254435
-0.141500 -0.340433 0.284951
-0.118034 -0.365685 0.341058
-0.096680 -0.381081 0.392634
-0.085914 -0.390977 0.448670
-0.094967 -0.426125 0.492940
-0.135584 -0.383249 0.521450
-0.193105 -0.397682 0.492134
-0.193905 -0.457721 0.511654
-0.175377 -0.458403 0.564108
-0.206095 -0.403844 0.583324
-0.264950 -0.387163 0.550963
-0.291108 -0.453084 0.550085
-0.270756 -0.490300 0.595036
-0.270533 -0.451960 0.641705
-0.327721 -0.418518 0.648922
-0.392137 -0.412757 0.671988
-0.419140 -0.395734 0.618084
-0.397320 -0.460210 0.594140
-0.365378 -0.515271 0.615863
-0.328277 -0.530406 0.662354
-0.270645 -0.569850 0.668263
-0.239259 -0.568083 0.716831
-0.269733 -0.621017 0.737856
-0.250759 -0.661866 0.701179
-0.182917 -0.651669 0.709363
-0.178157 -0.661946 0.763931
-0.199044 -0.721283 0.760492
-0.148752 -0.740292 0.724926
-0.097548 -0.721243 0.766223
-0.104821 -0.709720 0.820485
-0.130868 -0.654740 0.845450
-0.156648 -0.610639 0.878957
-0.217416 -0.577397 0.885923
-0.218150 -0.551704 0.938431
-0.162565 -0.506418 0.914577
-0.116188 -0.464827 0.895844
-0.056331 -0.492829 0.913735
-0.047434 -0.527295 0.865167
-0.067808 -0.512059 0.813483
-0.118189 -0.532775 0.780765
-0.117366 -0.485723 0.744428
-0.052572 -0.492528 0.727057
-0.058867 -0.551041 0.709937
-0.110338 -0.543795 0.675105
-0.079264 -0.500055 0.644033
-0.030640 -0.538877 0.625946
-0.066429 -0.584905 0.603023
-0.099639 -0.548331 0.567457
-0.040294 -0.531410 0.541095
-0.022922 -0.589462 0.526822
-0.076884 -0.601224 0.495805
-0.068142 -0.555658 0.459970
-0.005594 -0.572138 0.442223
-0.017850 -0.630311 0.427305
-0.069543 -0.621960 0.391345
-0.033799 -0.585025 0.356889
0.015581 -0.626758 0.345893
-0.024612 -0.672063 0.325871
-0.056954 -0.632619 0.288389
-0.032308 -0.577618 0.269514
-0.048412 -0.519185 0.297415
-0.047100 -0.461735 0.316452
-0.007285 -0.434416 0.366721
0.013001 -0.403041 0.421216
0.038870 -0.373493 0.466417
0.059000 -0.325297 0.501321
0.123861 -0.316967 0.480654
0.107802 -0.305445 0.427645
0.064494 -0.258634 0.435471
0.108803 -0.220475 0.464608
0.156781 -0.217283 0.426123
0.113496 -0.193095 0.388175
0.100929 -0.140724 0.416488
0.163410 -0.116294 0.414536
0.162832 -0.109911 0.359271
0.109848 -0.070347 0.359880
0.135717 -0.025824 0.390951
0.187877 -0.012676 0.357605
0.151554 0.001335 0.311903
0.113896 0.047383 0.336402
0.167147 0.082371 0.351176
0.189056 0.089055 0.296305
0.124773 0.102564 0.266648
0.084891 0.137090 0.315359
0.092521 0.135806 0.374600
0.045054 0.074422 0.384002
-0.015982 0.034476 0.411689
-0.071323 0.002098 0.427001
-0.093077 -0.027571 0.485579
-0.113896 -0.075726 0.524996
-0.096613 -0.109189 0.568603
-0.150531 -0.150519 0.564144
-0.117567 -0.173142 0.511439
-0.046989 -0.180750 0.521647
-0.055286 -0.221519 0.564627
-0.067564 -0.276961 0.590648
-0.091498 -0.317148 0.632285
-0.015848 -0.339288 0.633109
0.041984 -0.305545 0.640147
0.051615 -0.244623 0.639825
0.116632 -0.245928 0.662963
0.139298 -0.275877 0.611082
0.132625 -0.213911 0.578542
0.136851 -0.155638 0.557141
0.071835 -0.136789 0.570985
0.084046 -0.121835 0.624083
0.132269 -0.074462 0.610652
0.083801 -0.035500 0.579652
0.049413 0.013138 0.560168
-0.022788 0.035660 0.537854
-0.081088 0.056356 0.500676
-0.151554 0.069183 0.486636
-0.169949 0.079239 0.423526
-0.193283 0.102143 0.365718
-0.198465 0.092126 0.303737
-0.197798 0.093612 0.245265
-0.222799 0.034757 0.251193
-0.272713 -0.014764 0.279972
-0.308769 -0.042385 0.326785
-0.379725 -0.058704 0.353791
-0.441762 -0.070166 0.377681
-0.512629 -0.093130 0.382838
-0.573308 -0.120650 0.385292
-0.622822 -0.161118 0.375782
-0.683234 -0.169529 0.350693
-0.722093 -0.179425 0.397792
-0.718957 -0.117700 0.419783
-0.761197 -0.089296 0.374296
-0.823500 -0.125006 0.369067
-0.890296 -0.129202 0.370123
-0.941812 -0.166197 0.353271
-0.961742 -0.201305 0.305904
-0.993060 -0.256827 0.286491
-1.000000 -0.297054 0.241093
-0.951932 -0.344568 0.206118
-0.942857 -0.400291 0.180097
-0.893410 -0.420786 0.142578
-0.877484 -0.480624 0.130096
-0.839137 -0.528298 0.119673
-0.785442 -0.557304 0.098649
-0.751476 -0.611402 0.085576
-0.702052 -0.646470 0.065196
-0.715042 -0.623124 0.012599
-0.693711 -0.563989 0.026603
-0.630785 -0.582516 0.041825
-0.615659 -0.609916 -0.006599
-0.624712 -0.555156 -0.032817
-0.574398 -0.525347 -0.006062
-0.526486 -0.566919 -0.025797
-0.539699 -0.554996 -0.080221
-0.530178 -0.494294 -0.074813
-0.464783 -0.504873 -0.058211
-0.447233 -0.529583 -0.108642
-0.464116 -0.475486 -0.137528
-0.428305 -0.437948 -0.101711
-0.369204 -0.461233 -0.119458
-0.375343 -0.424299 -0.164176
-0.378257 -0.368234 -0.134967
-0.318378 -0.381663 -0.106117
-0.286215 -0.384353 -0.156350
-0.289529 -0.318272 -0.157371
-0.243997 -0.319637 -0.108463
-0.175644 -0.324274 -0.114337
-0.110960 -0.309419 -0.119226
-0.057376 -0.280293 -0.142507
0.002169 -0.283585 -0.185003
0.061647 -0.257711 -0.206512
0.108024 -0.261906 -0.254918
0.175177 -0.245406 -0.273167
0.225491 -0.224750 -0.319621
0.290485 -0.236092 -0.349636
0.310171 -0.243940 -0.413444
0.345426 -0.259296 -0.461098
0.318423 -0.323511 -0.473419
0.266730 -0.349205 -0.440128
0.278786 -0.376223 -0.390772
0.239637 -0.340152 -0.358841
0.182784 -0.353621 -0.387477
0.181271 -0.414202 -0.377161
0.178246 -0.406594 -0.322182
0.119746 -0.374015 -0.322021
0.083201 -0.421308 -0.346645
0.093611 -0.459808 -0.303110
0.067675 -0.423034 -0.263693
0.004482 -0.419602 -0.286115
-0.007663 -0.481106 -0.281405
-0.001412 -0.481969 -0.225423
-0.044831 -0.438470 -0.207210
-0.105155 -0.462839 -0.227035
-0.118301 -0.496522 -0.178556
-0.116388 -0.438430 -0.138603
-0.116121 -0.381683 -0.176372
-0.095145 -0.326000 -0.208105
-0.050837 -0.310383 -0.254076
0.001368 -0.270517 -0.277895
0.044676 -0.250585 -0.323060
0.105555 -0.203954 -0.330152
0.151310 -0.158649 -0.331531
0.184007 -0.108787 -0.314195
0.151577 -0.069825 -0.351731
0.085336 -0.082190 -0.324922
0.103331 -0.058443 -0.266147
0.098059 -0.032589 -0.215663
0.124595 -0.026186 -0.165089
0.066741 -0.014945 -0.137367
0.047968 -0.074622 -0.131547
0.080598 -0.091203 -0.085397
0.029951 -0.071350 -0.049974
-0.018317 -0.119868 -0.076836
0.009398 -0.177578 -0.071983
0.018851 -0.242776 -0.059447
0.057287 -0.262769 -0.114301
0.125930 -0.275817 -0.141146
0.167458 -0.292156 -0.191021
0.233921 -0.301972 -0.219656
0.267686 -0.302775 -0.276713
0.343402 -0.290912 -0.295929
0.403036 -0.265278 -0.315538
0.470923 -0.246048 -0.340198
0.519101 -0.198474 -0.369300
0.583807 -0.182456 -0.375657
0.604693 -0.173724 -0.315538
0.536095 -0.171998 -0.287207
0.473102 -0.153029 -0.311294
0.417205 -0.153751 -0.341309
0.370316 -0.144196 -0.380242
0.327165 -0.104210 -0.401660
0.273759 -0.124625 -0.363766
0.317511 -0.097104 -0.313962
0.331146 -0.035941 -0.307014
0.274470 -0.020164 -0.278736
0.286704 -0.059487 -0.236759
0.348540 -0.037326 -0.222092
0.329278 0.019080 -0.207532
0.279164 0.007678 -0.171017
0.318912 -0.027651 -0.136597
0.360819 0.023235 -0.123524
0.309993 0.062137 -0.100547
0.288639 0.036122 -0.054719
0.276606 0.046299 0.006026
0.276873 0.030020 0.060683
0.273825 0.042666 0.117542
0.348474 0.045476 0.126246
0.369738 0.105435 0.109054
0.390602 0.140061 0.156117
0.453640 0.169609 0.141665
0.502664 0.217725 0.139659
0.526686 0.183701 0.086865
0.548129 0.156782 0.041342
0.546394 0.109189 0.011882
0.554157 0.094374 -0.038691
0.536607 0.069624 -0.086202
0.549263 0.020144 -0.113602
0.537608 -0.011371 -0.159753
0.543235 -0.060431 -0.189964
0.612412 -0.064847 -0.187439
0.619285 -0.069363 -0.132550
0.574732 -0.119265 -0.123094
0.586098 -0.159512 -0.176139
0.657877 -0.138235 -0.197665
0.714597 -0.157224 -0.169745
0.776189 -0.178783 -0.143080
0.755525 -0.175330 -0.089157
0.711639 -0.195785 -0.049902
0.651582 -0.191549 -0.025403
0.625624 -0.154654 0.010808
0.621354 -0.141506 0.064265
0.553756 -0.143353 0.062850
0.543769 -0.203252 0.054343
0.577557 -0.219913 0.101747
0.537385 -0.186571 0.137421
0.476750 -0.211000 0.123398
0.493700 -0.270317 0.134537
0.503331 -0.258835 0.189301
0.442829 -0.235068 0.203378
0.404059 -0.285030 0.184753
0.425057 -0.324033 0.227124
0.397587 -0.282581 0.271179
0.323094 -0.276218 0.249402
0.253628 -0.279470 0.241469
0.191859 -0.266422 0.211759
0.189101 -0.194098 0.219871
0.220041 -0.155357 0.174724
0.173442 -0.132353 0.133767
0.181271 -0.066974 0.123739
0.170372 -0.056376 0.065142
0.138275 -0.054991 0.016324
0.133382 -0.123160 0.021660
0.094656 -0.152346 0.061739
0.060068 -0.186330 0.016879
0.105956 -0.220916 -0.012975
0.124551 -0.271682 -0.048738
0.186943 -0.310022 -0.075314
0.231296 -0.326602 -0.128037
0.293777 -0.347197 -0.162725
0.330457 -0.351272 -0.219603
0.390358 -0.363296 -0.255652
0.433932 -0.353440 -0.303647
0.507246 -0.381001 -0.322648
0.586187 -0.389371 -0.316523
0.654718 -0.403021 -0.306745
0.678585 -0.355227 -0.340556
0.664305 -0.309379 -0.297666
0.665618 -0.280052 -0.250029
0.591347 -0.273890 -0.249743
0.545037 -0.315522 -0.237636
0.490029 -0.280213 -0.223005
0.480465 -0.219551 -0.211580
0.412467 -0.215396 -0.213764
0.402591 -0.256105 -0.172324
0.433376 -0.219772 -0.135021
0.394139 -0.170492 -0.138316
0.335172 -0.197230 -0.124240
0.354969 -0.223927 -0.076514
0.373230 -0.168304 -0.052785
0.316199 -0.132213 -0.059555
0.272602 -0.167421 -0.031385
0.310304 -0.160877 0.016431
0.311750 -0.098871 0.021983
0.238903 -0.096322 0.022860
0.207363 -0.156260 0.043634
0.203826 -0.213690 0.022341
0.193905 -0.279570 0.014551
0.220152 -0.335454 0.002068
0.209387 -0.397983 -0.013154
0.279653 -0.400211 -0.046105
0.336529 -0.398645 -0.074920
0.370761 -0.396216 -0.120587
0.383373 -0.413278 -0.175028
0.429661 -0.443649 -0.220713
0.450459 -0.450053 -0.279327
0.494790 -0.476449 -0.318869
0.513340 -0.490882 -0.370338
0.554134 -0.540001 -0.353236
0.500239 -0.563647 -0.306906
0.427926 -0.558408 -0.303325
0.377301 -0.518161 -0.310667
0.325852 -0.561198 -0.303020
0.341356 -0.580127 -0.250566
0.335306 -0.524625 -0.228503
0.268398 -0.520650 -0.242490
0.242751 -0.570713 -0.218510
0.261725 -0.557123 -0.166665
0.232876 -0.501260 -0.163191
0.166746 -0.515371 -0.175584
0.158160 -0.550861 -0.131242
0.173864 -0.508024 -0.093008
0.128154 -0.464204 -0.107943
0.073013 -0.500979 -0.099795
0.084291 -0.512762 -0.046822
0.088962 -0.455272 -0.027534
0.024879 -0.441120 -0.044673
-0.012601 -0.482029 -0.017810
0.010577 -0.463602 0.031725
-0.006106 -0.403683 0.028430
-0.079442 -0.413961 0.008927
-0.118501 -0.466372 0.002212
-0.106178 -0.499072 -0.053143
-0.113719 -0.564290 -0.057370
-0.110716 -0.627259 -0.044171
-0.051793 -0.630772 -0.090268
0.012378 -0.618106 -0.106314
0.025368 -0.675235 -0.130293
-0.021965 -0.669092 -0.170157
-0.000500 -0.614413 -0.190591
0.062604 -0.635249 -0.203754
0.044142 -0.681076 -0.235505
0.006306 -0.648617 -0.273758
0.071723 -0.622602 -0.293385
0.125908 -0.669975 -0.290520
0.095368 -0.712651 -0.320821
0.067742 -0.740633 -0.367974
0.019407 -0.711467 -0.395267
0.006150 -0.695910 -0.444855
-0.004749 -0.639263 -0.469444
-0.007396 -0.674231 -0.514949
-0.057332 -0.694786 -0.563033
-0.095301 -0.704883 -0.607411
-0.154290 -0.675134 -0.586135
-0.124351 -0.610237 -0.584130
-0.099950 -0.607246 -0.644481
-0.100728 -0.570071 -0.698475
-0.116588 -0.544718 -0.750266
-0.125975 -0.492789 -0.790686
-0.131958 -0.454750 -0.832448
-0.112718 -0.396598 -0.865794
-0.105155 -0.347498 -0.902076
-0.038403 -0.329854 -0.880139
0.032197 -0.316465 -0.877130
0.091320 -0.289065 -0.862714
0.131179 -0.245004 -0.835206
0.188278 -0.235570 -0.805353
0.174465 -0.183138 -0.777075
0.119124 -0.204717 -0.751502
0.150464 -0.253696 -0.728060
0.193572 -0.220033 -0.696613
0.146372 -0.187655 -0.669875
0.116810 -0.237758 -0.646702
0.171395 -0.265519 -0.621576
0.198999 -0.208069 -0.596648
0.178980 -0.148612 -0.591687
0.218907 -0.113585 -0.637425
0.250737 -0.085301 -0.677128
0.269555 -0.088955 -0.739844
0.315687 -0.095980 -0.791044
0.359684 -0.090099 -0.841349
0.420252 -0.106519 -0.867710
0.486270 -0.118984 -0.900483
0.543747 -0.129001 -0.928098
0.615059 -0.113986 -0.944591
0.657877 -0.164631 -0.909473
0.716443 -0.212686 -0.902506
0.784396 -0.222121 -0.871166
0.848145 -0.239986 -0.849909
0.898838 -0.239063 -0.804780
0.938497 -0.293582 -0.825195
0.968459 -0.337723 -0.852004
0.974176 -0.392342 -0.878939
1.000000 -0.418357 -0.827667
0.942034 -0.430923 -0.797312
0.889718 -0.457962 -0.763984
0.853373 -0.393848 -0.773100
0.807374 -0.336619 -0.765184
0.792693 -0.269353 -0.778687
0.747072 -0.216099 -0.793283
0.711194 -0.172720 -0.824139
0.649958 -0.135926 -0.826879
0.598576 -0.098791 -0.858022
0.539854 -0.053666 -0.856356
0.477484 -0.023837 -0.868194
0.418851 0.014724 -0.857377
0.392426 0.063442 -0.884974
0.376611 0.096964 -0.837069
0.353167 0.079139 -0.787426
0.343291 0.092809 -0.734220
0.356459 0.032368 -0.715524
0.431330 0.045757 -0.728382
0.459957 0.074984 -0.685527
0.531669 0.088272 -0.655799
0.599533 0.076650 -0.626250
0.652071 0.053264 -0.600766
0.619685 -0.004747 -0.576697
0.569238 -0.036824 -0.602629
0.519769 -0.080765 -0.628901
0.486382 -0.135585 -0.653417
0.434243 -0.175089 -0.675892
0.422922 -0.235168 -0.706319
0.387733 -0.280795 -0.742029
0.389001 -0.342139 -0.762552
0.393872 -0.403162 -0.781141
0.404438 -0.460832 -0.800195
0.418117 -0.503628 -0.838519
0.391136 -0.542992 -0.874569
0.413757 -0.596969 -0.852900
0.372919 -0.590646 -0.807072
0.312818 -0.589502 -0.835744
0.317088 -0.644884 -0.859078
0.327543 -0.678948 -0.813824
0.267686 -0.661384 -0.790471
0.223934 -0.679530 -0.829529
0.240416 -0.741697 -0.824873
0.207607 -0.740172 -0.768623
0.136874 -0.734511 -0.779421
0.065985 -0.740754 -0.775965
0.030796 -0.702735 -0.807914
0.036379 -0.651287 -0.838197
0.023811 -0.606022 -0.873244
0.043808 -0.574688 -0.915902
0.092254 -0.531871 -0.929835
0.033776 -0.485382 -0.934724
0.000812 -0.478557 -0.883040
-0.026570 -0.451357 -0.838877
-0.031596 -0.451638 -0.776019
-0.060424 -0.468259 -0.721111
-0.084224 -0.478577 -0.668729
-0.127865 -0.513805 -0.628292
-0.167213 -0.523220 -0.577396
-0.204716 -0.542791 -0.533681
-0.246244 -0.530687 -0.490773
-0.288684 -0.522497 -0.446592
-0.342757 -0.510895 -0.418190
-0.379725 -0.495739 -0.374224
-0.433176 -0.488794 -0.343207
-0.468142 -0.449169 -0.382140
-0.444253 -0.449752 -0.438408
-0.426547 -0.476449 -0.485633
-0.391003 -0.516957 -0.515218
-0.335439 -0.530707 -0.544068
-0.284413 -0.502022 -0.580172
-0.240839 -0.469624 -0.614431
-0.175065 -0.434155 -0.611923
-0.116966 -0.404346 -0.622328
-0.050926 -0.388468 -0.618926
-0.000323 -0.343082 -0.615004
0.062759 -0.362573 -0.629599
0.042362 -0.354062 -0.691151
0.026881 -0.352296 -0.745449
0.025747 -0.371687 -0.796058
0.062025 -0.433432 -0.818605
0.102241 -0.482411 -0.823082
0.151910 -0.518583 -0.807162
0.198020 -0.482511 -0.831374
0.190391 -0.433211 -0.798494
0.205427 -0.460651 -0.750696
0.269421 -0.480986 -0.767190
0.293021 -0.422071 -0.779224
0.263682 -0.376002 -0.737032
0.239415 -0.408240 -0.683342
0.287282 -0.462137 -0.670824
0.328388 -0.507482 -0.648081
0.377968 -0.555979 -0.666777
0.439070 -0.543755 -0.628811
0.419029 -0.562262 -0.578381
0.397075 -0.603212 -0.541883
0.349185 -0.627962 -0.510382
0.316910 -0.639303 -0.462388
0.275671 -0.671902 -0.431084
0.220597 -0.656125 -0.460883
0.240016 -0.683505 -0.508681
0.248891 -0.740332 -0.490791
0.179625 -0.744226 -0.473652
0.159473 -0.744086 -0.529097
0.196886 -0.790475 -0.549477
0.169015 -0.835479 -0.519319
0.103865 -0.826948 -0.546414
0.141945 -0.846319 -0.600372
0.162921 -0.906318 -0.594767
0.164722 -0.969830 -0.610312
0.217973 -0.987093 -0.573187
0.242507 -1.000000 -0.522596
0.303898 -0.971436 -0.530422
0.279186 -0.913564 -0.537245
0.250181 -0.910734 -0.489143
0.306389 -0.919225 -0.457499
0.341823 -0.869644 -0.476213
0.294689 -0.826908 -0.464680
0.292554 -0.840297 -0.410937
0.359217 -0.828594 -0.400048
0.360752 -0.770663 -0.420142
0.310438 -0.751593 -0.381871
0.342334 -0.775420 -0.328235
0.412734 -0.755006 -0.334772
0.462715 -0.711547 -0.331316
0.514208 -0.749566 -0.349636
0.489362 -0.764761 -0.398455
0.483357 -0.706870 -0.415468
0.549308 -0.688322 -0.411241
0.575355 -0.732985 -0.443064
0.538431 -0.719777 -0.488892
0.549597 -0.659357 -0.495232
0.621843 -0.661866 -0.497864
0.628805 -0.705224 -0.538517
0.578179 -0.681678 -0.577754
0.531713 -0.638661 -0.588231
0.470055 -0.647634 -0.614108
0.414603 -0.646048 -0.646344
0.362420 -0.674131 -0.669356
0.398009 -0.713273 -0.699514
0.427726 -0.745591 -0.658682
0.364800 -0.766829 -0.641992
0.347094 -0.794430 -0.693174
0.407463 -0.832589 -0.686387
0.391447 -0.858764 -0.636870
0.315576 -0.860350 -0.654438
0.272090 -0.884779 -0.692709
0.211389 -0.882531 -0.660706
0.187210 -0.824038 -0.669141
0.126686 -0.792282 -0.678471
0.116677 -0.726502 -0.697544
0.076261 -0.672685 -0.697257
0.063582 -0.611843 -0.701376
0.045543 -0.600301 -0.647257
0.110427 -0.604215 -0.628596
0.138920 -0.556702 -0.653382
0.095724 -0.510674 -0.637676
0.103887 -0.525649 -0.577145
0.177067 -0.547167 -0.566006
0.222421 -0.504271 -0.582374
0.253740 -0.449772 -0.590899
0.285659 -0.398324 -0.613052
0.330145 -0.360707 -0.639341
0.378368 -0.314297 -0.631444
0.427704 -0.273408 -0.631963
0.494144 -0.240568 -0.638124
0.552911 -0.203834 -0.623922
0.596441 -0.143775 -0.636422
0.638125 -0.095920 -0.645735
0.663215 -0.048186 -0.675767
0.713062 -0.029879 -0.720682
0.687839 0.040277 -0.719822
0.661458 0.100015 -0.737677
0.621487 0.147107 -0.757412
0.678229 0.179826 -0.776986
0.698360 0.132052 -0.815937
0.624557 0.105897 -0.824766
0.562142 0.117318 -0.843802
0.532470 0.057179 -0.842746
0.575510 0.015707 -0.804780
0.601646 -0.047062 -0.784758
0.650626 -0.086405 -0.754636
0.686148 -0.150319 -0.742243
0.717511 -0.201987 -0.711459
0.717978 -0.269735 -0.722580
0.718912 -0.331119 -0.712659
0.714909 -0.392322 -0.727057
0.684769 -0.449972 -0.712229
0.722115 -0.513002 -0.701824
0.713641 -0.581693 -0.677504
0.712351 -0.636834 -0.644768
0.696135 -0.688904 -0.613052
0.736418 -0.725016 -0.583359
0.796297 -0.693220 -0.589090
0.792248 -0.704803 -0.650677
0.745226 -0.751734 -0.670986
0.687305 -0.719135 -0.692906
0.657832 -0.670317 -0.716616
0.639237 -0.610057 -0.733182
0.623800 -0.548171 -0.713232
0.585475 -0.484318 -0.713984
0.563588 -0.423917 -0.712856
0.515631 -0.392121 -0.737139
0.549708 -0.338646 -0.744858
0.611166 -0.355387 -0.766026
0.580804 -0.388448 -0.811298
0.547951 -0.338245 -0.831768
0.599310 -0.298620 -0.838376
0.635278 -0.338144 -0.874229
0.578313 -0.331821 -0.918552
0.572307 -0.271682 -0.939183
0.555313 -0.215737 -0.976021
0.525307 -0.169569 -1.000000
0.454996 -0.172981 -0.975250
0.437669 -0.197932 -0.926253
0.402747 -0.200763 -0.875339
0.391492 -0.176695 -0.815722
0.366468 -0.176635 -0.763268
0.368470 -0.119125 -0.720180
0.402213 -0.079681 -0.670789
0.419207 -0.048587 -0.621773
0.464205 -0.034636 -0.572740
0.492810 -0.005149 -0.529903
0.554446 0.020565 -0.497291
0.571840 0.060290 -0.456639
0.629761 0.023054 -0.442885
0.660635 0.034917 -0.502306
0.690708 0.098429 -0.508036
0.720069 0.152426 -0.503488
0.724785 0.210418 -0.488409
0.718334 0.272444 -0.493889
0.792382 0.271561 -0.491274
0.856375 0.271120 -0.516131
0.895524 0.270256 -0.466919
0.893811 0.208491 -0.454150
0.915765 0.149315 -0.451356
0.922193 0.083053 -0.476356
0.911472 0.015828 -0.474709
0.910048 -0.042766 -0.507911
0.884335 -0.110333 -0.503720
0.888895 -0.163065 -0.551805
0.884513 -0.220294 -0.580082
0.850792 -0.221238 -0.627450
0.790269 -0.193275 -0.613643
0.815381 -0.144337 -0.585132
0.810510 -0.105033 -0.630530
0.748896 -0.080444 -0.640273
0.753856 -0.025142 -0.614628
0.812712 -0.005209 -0.637336
0.782483 0.011693 -0.684686
0.753412 0.059527 -0.658951
0.808108 0.089115 -0.637909
