-0.290440 1.000000 0.184575
-0.242639 0.990187 0.192334
-0.208403 0.947052 0.232435
-0.168039 0.917013 0.251986
-0.137438 0.879064 0.287707
-0.089773 0.878063 0.303267
-0.053059 0.850908 0.332675
-0.006264 0.852870 0.351758
0.037285 0.831022 0.359660
0.079483 0.835167 0.388172
0.125916 0.850227 0.392917
0.171148 0.830541 0.418761
0.221112 0.828138 0.420146
0.267125 0.819908 0.423588
0.308827 0.811357 0.462710
0.356583 0.809634 0.468515
0.394273 0.777333 0.506395
0.441248 0.771065 0.506028
0.477707 0.745772 0.542381
0.525463 0.743830 0.547391
0.563319 0.702156 0.561158
0.611164 0.698451 0.572339
0.641239 0.644481 0.573968
0.687823 0.630964 0.581341
0.716395 0.578957 0.563582
0.758578 0.553484 0.557676
0.791101 0.520461 0.527351
0.824030 0.477947 0.521384
0.863478 0.459883 0.492852
0.884779 0.405333 0.466478
0.916191 0.373772 0.425013
0.927758 0.316338 0.397458
0.912330 0.263089 0.353550
0.916326 0.230948 0.299051
0.880198 0.194641 0.262494
0.865881 0.182085 0.203841
0.829137 0.160197 0.175329
0.805898 0.154389 0.121441
0.760335 0.186130 0.115841
0.726986 0.216069 0.084599
0.698984 0.262769 0.102114
0.664238 0.295311 0.079651
0.640082 0.346317 0.095047
0.592627 0.351984 0.085658
0.559788 0.393297 0.094090
0.513265 0.395340 0.099059
0.473441 0.412262 0.123580
0.431994 0.404632 0.154087
0.403031 0.391115 0.106411
0.399802 0.329835 0.113661
0.377644 0.328934 0.170441
0.337835 0.350883 0.150971
0.329588 0.303381 0.110505
0.328792 0.259244 0.153354
0.291717 0.282334 0.183903
0.262198 0.282394 0.136145
0.263700 0.222437 0.125270
0.245839 0.206336 0.183251
0.205744 0.245647 0.183129
0.174318 0.228004 0.141766
0.122882 0.225261 0.130259
0.081736 0.213626 0.102664
0.055102 0.258003 0.131848
0.073008 0.308288 0.095964
0.051121 0.288022 0.033033
0.026875 0.274364 -0.020732
0.062267 0.218912 -0.040283
0.095496 0.193039 -0.077919
0.111765 0.246128 -0.102542
0.127779 0.269317 -0.049000
0.155811 0.223538 -0.033604
0.182821 0.230167 -0.083194
0.195604 0.288883 -0.074885
0.215269 0.282034 -0.017963
0.245163 0.239499 -0.034357
0.267200 0.274003 -0.077207
0.280510 0.318000 -0.037575
0.303089 0.283916 0.004155
0.332878 0.260866 -0.037290
0.352271 0.313935 -0.054662
0.365821 0.332299 0.004175
0.391600 0.280512 0.016557
0.416732 0.269237 -0.038756
0.429200 0.298675 -0.089711
0.438844 0.288322 -0.150788
0.466696 0.340970 -0.154617
0.501337 0.314636 -0.106880
0.503215 0.248691 -0.112338
0.510455 0.188013 -0.121400
0.504447 0.129637 -0.108203
0.527115 0.132020 -0.053806
0.498573 0.172032 -0.024846
0.461258 0.136626 -0.029449
0.478323 0.090427 0.004073
0.484212 0.121587 0.057533
0.439325 0.134684 0.066739
0.426121 0.074126 0.068022
0.453070 0.057564 0.116065
0.434518 0.096194 0.156511
0.391855 0.074166 0.154047
0.403317 0.017292 0.172457
0.422095 0.030449 0.227587
0.384254 0.054821 0.254328
0.357334 0.002133 0.251191
0.386958 -0.036777 0.289683
0.385606 -0.015770 0.347603
0.371184 -0.007740 0.405258
0.358626 0.036457 0.445033
0.402536 0.051096 0.464401
0.418294 0.066896 0.407051
0.387483 0.109812 0.391776
0.398780 0.150845 0.436581
0.443111 0.156191 0.420472
0.437477 0.173294 0.360535
0.411729 0.223218 0.372734
0.446025 0.256361 0.399169
0.476761 0.255119 0.345139
0.473531 0.250193 0.282331
0.489109 0.223438 0.229868
0.510561 0.219834 0.167732
0.526529 0.151105 0.179993
0.543024 0.096394 0.196509
0.576373 0.118323 0.234369
0.546719 0.144817 0.275590
0.523720 0.094652 0.292188
0.561216 0.066956 0.315792
0.573744 0.107749 0.358743
0.533965 0.102682 0.392123
0.538817 0.042244 0.405686
0.580249 0.045429 0.433709
0.566113 0.083317 0.479716
0.535888 0.044187 0.504847
0.566128 -0.001372 0.516557
0.591050 0.032892 0.556841
0.556348 0.042265 0.598469
0.550835 -0.018814 0.611910
0.595662 -0.036737 0.626512
0.605591 0.005417 0.676082
0.576043 -0.016351 0.728443
0.604495 -0.072383 0.753330
0.632121 -0.051456 0.801352
0.621440 -0.099158 0.851045
0.636988 -0.144597 0.887275
0.621920 -0.213986 0.898762
0.625045 -0.279911 0.906114
0.616302 -0.341931 0.907051
0.584185 -0.392737 0.918252
0.579873 -0.455297 0.916460
0.541551 -0.502378 0.918272
0.533665 -0.562936 0.916337
0.492519 -0.608315 0.913731
0.470421 -0.665529 0.905136
0.442405 -0.714111 0.892774
0.397203 -0.746213 0.914097
0.362592 -0.796558 0.909046
0.310434 -0.803066 0.933933
0.266239 -0.826877 0.941143
0.216741 -0.803587 0.967639
0.174018 -0.787806 0.987312
0.137529 -0.733777 0.988840
0.093558 -0.715613 0.999185
0.074405 -0.652171 0.990937
0.041927 -0.609857 0.992363
0.034401 -0.551461 0.958943
0.009329 -0.502739 0.946112
-0.000135 -0.444944 0.928068
-0.020866 -0.389472 0.929473
-0.056889 -0.351704 0.934524
-0.065482 -0.293509 0.906093
-0.091561 -0.243945 0.887683
-0.105681 -0.205195 0.841575
-0.133247 -0.158374 0.831982
-0.156051 -0.116420 0.798868
-0.155856 -0.074126 0.740255
-0.191083 -0.046350 0.709564
-0.204633 0.000431 0.675655
-0.233896 0.028327 0.636349
-0.251022 0.046690 0.583418
-0.263415 0.087162 0.542015
-0.290830 0.115139 0.503870
-0.295082 0.122768 0.439982
-0.318546 0.148782 0.396542
-0.325472 0.170610 0.339314
-0.339563 0.210562 0.296505
-0.368090 0.245206 0.262454
-0.374760 0.260025 0.194086
-0.396557 0.306105 0.155920
-0.376472 0.311372 0.085007
-0.385065 0.331598 0.026964
-0.351220 0.340289 -0.025640
-0.339593 0.356990 -0.081993
-0.315242 0.363559 -0.135331
-0.293459 0.392877 -0.185390
-0.279008 0.404332 -0.243269
-0.233761 0.429925 -0.270967
-0.202380 0.438195 -0.321229
-0.165440 0.447087 -0.359659
-0.119607 0.471819 -0.363610
-0.082697 0.485156 -0.398660
-0.033815 0.492565 -0.394159
-0.000946 0.521523 -0.430166
0.053119 0.521903 -0.428475
0.101175 0.522644 -0.444259
0.148014 0.510248 -0.449330
0.195079 0.522264 -0.459594
0.238132 0.527490 -0.486355
0.287691 0.511710 -0.487394
0.333779 0.506583 -0.510611
0.376893 0.489161 -0.531934
0.423777 0.468975 -0.518838
0.466651 0.442581 -0.536088
0.507631 0.410760 -0.547025
0.559834 0.413844 -0.524480
0.593093 0.355569 -0.505030
0.623633 0.322226 -0.554499
0.677848 0.334281 -0.539082
0.704903 0.284677 -0.495825
0.722660 0.218612 -0.524256
0.765323 0.206116 -0.571178
0.815842 0.203472 -0.546739
0.833929 0.143816 -0.521852
0.847344 0.105306 -0.578490
0.901800 0.112836 -0.592053
0.932460 0.068679 -0.548593
0.940392 0.006739 -0.571606
0.969370 -0.040943 -0.581483
0.980681 -0.099719 -0.584579
0.990040 -0.158054 -0.564376
1.000000 -0.217270 -0.574478
0.989890 -0.277388 -0.587899
0.967176 -0.330376 -0.567675
0.950667 -0.389512 -0.569569
0.921734 -0.435812 -0.554845
0.948909 -0.462346 -0.509572
0.939896 -0.416507 -0.464217
0.888941 -0.431407 -0.460042
0.886928 -0.492986 -0.437253
0.863733 -0.535721 -0.397255
0.862471 -0.596499 -0.379557
0.834185 -0.642599 -0.354140
0.822092 -0.693945 -0.324549
0.791476 -0.728209 -0.292615
0.812117 -0.715273 -0.236223
0.799919 -0.654915 -0.233473
0.753966 -0.658840 -0.234227
0.749294 -0.686035 -0.176612
0.768658 -0.636571 -0.140361
0.734392 -0.593436 -0.139852
0.698489 -0.556248 -0.126268
0.665350 -0.517017 -0.140870
0.693201 -0.467453 -0.145880
0.717822 -0.489221 -0.195511
0.682310 -0.494928 -0.234410
0.669511 -0.435532 -0.232821
0.707953 -0.412522 -0.256853
0.705970 -0.443782 -0.311230
0.664914 -0.421233 -0.330598
0.681814 -0.361496 -0.334691
0.717056 -0.373772 -0.378763
0.697047 -0.392576 -0.432202
0.683842 -0.335623 -0.450980
0.725859 -0.308628 -0.452202
0.740866 -0.348780 -0.495560
0.708118 -0.339027 -0.539489
0.718198 -0.278669 -0.545151
0.762423 -0.287241 -0.562849
0.752268 -0.324489 -0.613091
0.723681 -0.285018 -0.644821
0.755123 -0.240100 -0.653843
0.784266 -0.280472 -0.690033
0.754747 -0.302921 -0.736772
0.747206 -0.254298 -0.778054
0.787195 -0.262288 -0.820965
0.778332 -0.330737 -0.844691
0.754927 -0.344014 -0.904973
0.761837 -0.394058 -0.945175
0.745283 -0.439096 -0.979858
0.724192 -0.507204 -0.973280
0.690452 -0.550740 -0.993829
0.659296 -0.595779 -1.000000
0.622416 -0.636331 -0.974441
0.587159 -0.677644 -0.982363
0.552728 -0.718176 -0.963851
0.528692 -0.770704 -0.946743
0.492834 -0.812238 -0.954584
0.468724 -0.861922 -0.910350
0.422500 -0.885773 -0.872103
0.380258 -0.908342 -0.847949
0.333539 -0.911005 -0.808989
0.294255 -0.915131 -0.770905
0.256354 -0.908742 -0.722720
0.214172 -0.942586 -0.720195
0.178359 -0.954201 -0.664617
0.133713 -0.952539 -0.635493
0.090193 -0.953921 -0.620504
0.057340 -0.970922 -0.570954
0.012093 -0.983939 -0.560059
-0.018643 -0.989827 -0.506965
-0.060930 -1.000000 -0.483198
-0.090118 -0.973566 -0.430329
-0.129597 -0.971764 -0.397519
-0.149621 -0.928388 -0.355933
-0.185419 -0.905058 -0.325852
-0.215689 -0.866328 -0.299866
-0.226670 -0.834847 -0.245489
-0.250165 -0.790630 -0.213209
-0.245328 -0.760171 -0.155411
-0.220632 -0.728029 -0.113498
-0.216876 -0.682430 -0.078164
-0.195935 -0.642919 -0.045171
-0.174258 -0.635390 0.006028
-0.156742 -0.590071 0.033135
-0.136883 -0.559131 0.075394
-0.146978 -0.532958 0.128284
-0.143042 -0.495870 0.170624
-0.148269 -0.482933 0.231701
-0.186756 -0.453896 0.249134
-0.201989 -0.452734 0.303654
-0.232124 -0.435412 0.339721
-0.241993 -0.416607 0.390453
-0.275177 -0.393037 0.425156
-0.288382 -0.338126 0.409311
-0.325246 -0.302440 0.409311
-0.328416 -0.258924 0.364547
-0.360684 -0.232210 0.334732
-0.395836 -0.240941 0.302696
-0.430357 -0.216269 0.281048
-0.474973 -0.223819 0.273431
-0.490025 -0.176838 0.236752
-0.516810 -0.192959 0.183557
-0.537691 -0.257502 0.155493
-0.585822 -0.275225 0.180970
-0.614665 -0.252135 0.130361
-0.639046 -0.310831 0.108427
-0.683587 -0.324449 0.101951
-0.719114 -0.343773 0.062197
-0.727857 -0.328053 -0.002505
-0.754687 -0.337485 -0.051546
-0.738673 -0.327733 -0.120036
-0.738853 -0.329976 -0.181887
-0.707472 -0.333921 -0.237811
-0.698113 -0.344995 -0.301454
-0.677638 -0.353686 -0.359273
-0.643928 -0.302741 -0.385178
-0.590013 -0.314456 -0.404627
-0.576088 -0.365401 -0.437884
-0.550174 -0.330436 -0.497536
-0.498032 -0.316819 -0.511303
-0.467507 -0.333080 -0.556678
-0.424994 -0.328574 -0.588876
-0.390172 -0.318481 -0.624924
-0.378545 -0.257923 -0.665187
-0.324901 -0.241882 -0.682457
-0.300174 -0.266974 -0.732801
-0.292047 -0.214827 -0.785956
-0.251037 -0.166365 -0.797829
-0.202815 -0.175536 -0.817014
-0.183301 -0.193139 -0.877765
-0.153677 -0.144817 -0.906704
-0.105426 -0.109091 -0.910737
-0.052863 -0.115018 -0.899515
-0.011116 -0.106828 -0.911002
0.027941 -0.084339 -0.885198
0.072873 -0.075648 -0.884608
0.108746 -0.054540 -0.857134
0.135020 -0.011625 -0.837868
0.166446 0.027325 -0.854324
0.201313 0.055341 -0.834162
0.230020 0.098317 -0.848580
0.270851 0.121587 -0.844120
0.296329 0.167166 -0.850006
0.338676 0.185029 -0.865280
0.379897 0.172633 -0.840455
0.422395 0.188013 -0.859985
0.455489 0.157613 -0.821535
0.497581 0.131700 -0.819743
0.505243 0.066756 -0.810924
0.535558 0.024001 -0.825364
0.523630 -0.041163 -0.824203
0.489950 -0.081896 -0.808969
0.479555 -0.140571 -0.819763
0.442495 -0.182465 -0.832471
0.417693 -0.240520 -0.825058
0.384254 -0.282434 -0.852572
0.347810 -0.322246 -0.867867
0.320079 -0.354828 -0.907947
0.282178 -0.368045 -0.868233
0.278677 -0.302520 -0.836544
0.309022 -0.252376 -0.831575
0.341756 -0.244946 -0.788033
0.377464 -0.208839 -0.756079
0.428780 -0.200829 -0.738666
0.473981 -0.188493 -0.719115
0.484151 -0.258844 -0.728361
0.492264 -0.317500 -0.741823
0.479179 -0.341991 -0.686612
0.433827 -0.327352 -0.696835
0.428734 -0.361396 -0.747546
0.439295 -0.415045 -0.722415
0.406937 -0.411901 -0.677589
0.371620 -0.408978 -0.722048
0.375871 -0.462487 -0.751436
0.359828 -0.495309 -0.701234
0.314911 -0.487919 -0.716997
0.317931 -0.521943 -0.773023
0.341876 -0.572949 -0.752902
0.351145 -0.590892 -0.690929
0.392155 -0.587067 -0.661725
0.423567 -0.615164 -0.609466
0.467882 -0.621792 -0.587552
0.454573 -0.628921 -0.521608
0.458178 -0.672758 -0.469899
0.453476 -0.712449 -0.418293
0.466140 -0.760731 -0.381980
0.423732 -0.764616 -0.346666
0.387619 -0.755845 -0.400982
0.390578 -0.730452 -0.460755
0.389031 -0.670435 -0.474421
0.386567 -0.619409 -0.519755
0.408470 -0.560753 -0.550303
0.425640 -0.506744 -0.579223
0.455970 -0.492686 -0.519958
0.481553 -0.485336 -0.468596
0.450472 -0.457580 -0.432304
0.423807 -0.509007 -0.426867
0.455835 -0.542830 -0.398558
0.463796 -0.508866 -0.348540
0.419916 -0.510328 -0.329437
0.418700 -0.572869 -0.324386
0.449480 -0.581360 -0.279479
0.420803 -0.558190 -0.234491
0.396587 -0.612600 -0.228463
0.435164 -0.643380 -0.202273
0.451628 -0.602007 -0.158262
0.431258 -0.546275 -0.138772
0.443531 -0.489521 -0.156694
0.446491 -0.419932 -0.138569
0.466560 -0.363599 -0.148853
0.426421 -0.328694 -0.125209
0.417573 -0.288122 -0.072685
0.399471 -0.252716 -0.022932
0.404203 -0.213886 0.025966
0.359332 -0.224520 0.052829
0.357559 -0.297974 0.046393
0.380213 -0.340750 0.008696
0.369382 -0.350823 -0.051566
0.379191 -0.390013 -0.106207
0.393147 -0.398003 -0.176306
0.403677 -0.405854 -0.240174
0.392891 -0.337225 -0.250784
0.385921 -0.276607 -0.257138
0.339803 -0.276547 -0.265692
0.331571 -0.294350 -0.204798
0.349793 -0.244626 -0.178445
0.323954 -0.202251 -0.204798
0.284386 -0.227183 -0.184188
0.295007 -0.221115 -0.122398
0.299153 -0.160337 -0.118529
0.253200 -0.149483 -0.125127
0.244111 -0.161859 -0.062380
0.267997 -0.111454 -0.036597
0.252584 -0.063452 -0.075129
0.216741 -0.066596 -0.118427
0.219640 -0.072303 -0.181133
0.194418 -0.052338 -0.241294
0.198023 -0.043166 -0.303817
0.150117 -0.058626 -0.315486
0.109873 -0.026084 -0.336361
0.067855 -0.001792 -0.352593
0.033935 0.035396 -0.381044
-0.005874 0.015710 -0.344120
0.023284 0.010904 -0.280681
0.051752 -0.001312 -0.229502
0.079528 -0.049774 -0.248625
0.123257 -0.088704 -0.235062
0.167348 -0.127494 -0.250479
0.205474 -0.166184 -0.262494
0.182791 -0.183707 -0.326972
0.163607 -0.193560 -0.383284
0.133683 -0.238578 -0.370046
0.107003 -0.201049 -0.332614
0.094805 -0.164763 -0.379944
0.074660 -0.206036 -0.416724
0.043519 -0.223038 -0.374180
0.025478 -0.164122 -0.369476
0.009389 -0.153748 -0.426011
-0.023750 -0.197685 -0.420044
-0.052908 -0.161078 -0.385076
-0.061636 -0.121146 -0.436866
-0.071025 -0.162299 -0.484583
-0.076058 -0.226122 -0.480714
-0.043429 -0.267976 -0.493177
-0.038652 -0.336344 -0.512199
-0.010576 -0.380761 -0.538186
-0.035933 -0.430305 -0.505112
-0.065197 -0.480390 -0.523950
-0.097254 -0.528432 -0.531832
-0.119081 -0.573470 -0.564274
-0.156907 -0.582361 -0.520732
-0.169721 -0.514253 -0.506150
-0.143838 -0.459343 -0.508798
-0.112502 -0.441319 -0.467028
-0.080369 -0.390354 -0.448414
-0.030931 -0.366042 -0.433587
0.012393 -0.343653 -0.419026
0.030570 -0.410399 -0.407071
0.044030 -0.468975 -0.403996
0.030014 -0.481271 -0.345281
-0.015518 -0.478387 -0.360067
-0.015127 -0.524827 -0.400371
0.001022 -0.568864 -0.363529
-0.034972 -0.563537 -0.322797
-0.068561 -0.576534 -0.366014
-0.055898 -0.634188 -0.383223
-0.071371 -0.660001 -0.329640
-0.116317 -0.661143 -0.346890
-0.110654 -0.700213 -0.396868
-0.085371 -0.747274 -0.372001
-0.073985 -0.756806 -0.310456
-0.028512 -0.740465 -0.297564
-0.006820 -0.737241 -0.240907
0.036819 -0.739985 -0.215572
0.019334 -0.738843 -0.151888
0.018237 -0.782860 -0.100709
0.008608 -0.817425 -0.049468
0.014677 -0.866328 -0.009776
-0.027280 -0.864045 0.024907
-0.061501 -0.851709 -0.026679
-0.054486 -0.831903 -0.088306
-0.052037 -0.773328 -0.105902
-0.048492 -0.723523 -0.153456
-0.023645 -0.668613 -0.187508
-0.003050 -0.616826 -0.217058
0.029128 -0.608275 -0.157468
0.055087 -0.600565 -0.106554
0.025042 -0.568543 -0.072156
-0.005513 -0.614643 -0.065741
0.022999 -0.652051 -0.035946
0.032223 -0.617046 0.013156
-0.011432 -0.608375 0.031465
-0.018207 -0.671176 0.039835
0.012408 -0.685494 0.083540
-0.010921 -0.656717 0.130259
-0.039749 -0.704038 0.140850
-0.003936 -0.742107 0.162621
0.019213 -0.703738 0.203434
0.008277 -0.645122 0.223555
0.026049 -0.591793 0.203698
0.037646 -0.525848 0.226325
0.064235 -0.473881 0.212619
0.029474 -0.430766 0.238381
0.026574 -0.386168 0.289581
0.014076 -0.347318 0.339029
0.023435 -0.307206 0.386359
-0.021061 -0.310090 0.417071
-0.029128 -0.382143 0.414505
-0.011101 -0.429644 0.378253
-0.024862 -0.442000 0.319763
-0.022744 -0.482673 0.265020
-0.012889 -0.495469 0.194065
-0.005739 -0.508506 0.130789
-0.011477 -0.437154 0.115392
-0.013625 -0.376175 0.106269
-0.059834 -0.370708 0.103254
-0.066278 -0.382624 0.163863
-0.041957 -0.335142 0.186245
-0.064701 -0.288963 0.161399
-0.104585 -0.305744 0.187630
-0.090794 -0.301699 0.247098
-0.080144 -0.241922 0.249969
-0.123843 -0.220575 0.247587
-0.132106 -0.231328 0.310110
-0.100484 -0.186971 0.332369
-0.112156 -0.137407 0.296200
-0.148960 -0.132020 0.255876
-0.148660 -0.139630 0.194249
-0.175234 -0.116440 0.136369
-0.173567 -0.108009 0.073235
-0.223471 -0.113997 0.067166
-0.260831 -0.072203 0.047391
-0.301376 -0.043746 0.035253
-0.329873 0.000871 0.012240
-0.369171 -0.005717 0.049774
-0.347629 -0.017733 0.114232
-0.302998 -0.034875 0.132378
-0.287511 -0.092129 0.135188
-0.249174 -0.136746 0.151195
-0.211258 -0.184328 0.132052
-0.179471 -0.231629 0.115026
-0.207803 -0.244786 0.054295
-0.229600 -0.251995 0.000509
-0.263415 -0.289564 0.019653
-0.284025 -0.244926 0.054947
-0.294015 -0.207778 0.008391
-0.319748 -0.247109 -0.024663
-0.349883 -0.257202 0.022301
-0.362877 -0.196804 0.029123
-0.380769 -0.183206 -0.026781
-0.420382 -0.215828 -0.017270
-0.441894 -0.170049 0.013217
-0.443847 -0.132161 -0.039754
-0.460882 -0.173594 -0.083479
-0.476685 -0.233111 -0.076840
-0.454347 -0.285058 -0.091626
-0.463135 -0.351984 -0.114252
-0.442931 -0.402910 -0.141562
-0.471533 -0.447467 -0.106004
-0.505228 -0.494368 -0.120199
-0.540500 -0.537904 -0.120545
-0.566774 -0.583002 -0.147428
-0.603894 -0.582201 -0.101442
-0.609467 -0.510068 -0.091951
-0.580564 -0.459723 -0.102827
-0.546809 -0.443042 -0.064071
-0.510320 -0.398865 -0.048857
-0.458914 -0.381302 -0.036455
-0.413923 -0.364961 -0.024419
-0.401890 -0.435392 -0.011038
-0.391419 -0.494568 -0.003544
-0.404759 -0.500155 0.056332
-0.450562 -0.493066 0.041057
-0.454873 -0.541428 0.003157
-0.442540 -0.585645 0.041750
-0.475138 -0.571647 0.084009
-0.511612 -0.580419 0.045436
-0.506399 -0.640496 0.031974
-0.520490 -0.659821 0.089670
-0.566654 -0.655275 0.075944
-0.566699 -0.700914 0.029469
-0.541732 -0.746393 0.058674
-0.527235 -0.749196 0.120158
-0.485143 -0.739023 0.143131
-0.451749 -0.759310 0.196163
-0.406682 -0.759570 0.215633
-0.417483 -0.754043 0.281353
-0.410813 -0.792733 0.336565
-0.414674 -0.822992 0.392326
-0.402235 -0.866308 0.436255
-0.441323 -0.864345 0.476478
-0.480216 -0.861421 0.427050
-0.479705 -0.846342 0.363000
-0.482694 -0.789769 0.341473
-0.485954 -0.747014 0.286445
-0.467417 -0.694446 0.244063
-0.452680 -0.644021 0.206285
-0.420262 -0.623074 0.261822
-0.390999 -0.608895 0.308745
-0.418384 -0.577155 0.346585
-0.444538 -0.626618 0.361513
-0.410392 -0.656877 0.390005
-0.399832 -0.616405 0.434280
-0.441879 -0.613902 0.458413
-0.445544 -0.673999 0.471508
-0.412360 -0.678625 0.514480
-0.436321 -0.650329 0.560547
-0.459034 -0.702616 0.577919
-0.418339 -0.732615 0.599324
-0.398194 -0.685915 0.634109
-0.414388 -0.627800 0.649485
-0.402836 -0.573870 0.623437
-0.394123 -0.504941 0.637774
-0.369817 -0.453715 0.619629
-0.401950 -0.409638 0.645432
-0.399892 -0.359113 0.690135
-0.407794 -0.314856 0.736182
-0.392906 -0.271140 0.775895
-0.434788 -0.266914 0.811657
-0.445379 -0.338647 0.819559
-0.432866 -0.391515 0.786608
-0.451043 -0.409558 0.732618
-0.454723 -0.456899 0.683333
-0.449961 -0.475163 0.612949
-0.450051 -0.493246 0.548267
-0.454032 -0.423757 0.529021
-0.454528 -0.363619 0.513258
-0.500315 -0.354587 0.517413
-0.501878 -0.362838 0.579895
-0.474898 -0.314996 0.592420
-0.499474 -0.270098 0.565028
-0.537691 -0.279230 0.598530
-0.516059 -0.270899 0.654067
-0.503515 -0.212504 0.649301
-0.547500 -0.191237 0.650788
-0.551541 -0.196824 0.714961
-0.520310 -0.147060 0.725103
-0.537556 -0.102963 0.684697
-0.577605 -0.104244 0.648548
-0.581420 -0.117682 0.587410
-0.610684 -0.103003 0.528044
-0.611780 -0.103403 0.464502
-0.659236 -0.120586 0.458128
-0.699961 -0.092489 0.431225
-0.744066 -0.074286 0.416745
-0.776815 -0.040803 0.386502
-0.816098 -0.050595 0.423852
-0.791131 -0.042385 0.489369
-0.744907 -0.046350 0.508859
-0.723366 -0.098477 0.521893
-0.682069 -0.131680 0.545029
-0.640398 -0.176037 0.535946
-0.603098 -0.218312 0.531771
-0.629191 -0.249692 0.475643
-0.650237 -0.269938 0.423058
-0.679726 -0.309209 0.448943
-0.705564 -0.263230 0.474869
-0.718724 -0.238698 0.420655
-0.740506 -0.286680 0.396236
-0.770040 -0.293048 0.443729
-0.788006 -0.235294 0.438455
-0.808001 -0.237276 0.382327
-0.844084 -0.272922 0.400941
-0.869021 -0.224059 0.421938
-0.875135 -0.199327 0.360861
-0.887919 -0.251635 0.327441
-0.897699 -0.310931 0.347664
-0.870613 -0.360715 0.344507
-0.871920 -0.431627 0.335485
-0.846368 -0.482172 0.318174
-0.872521 -0.523505 0.361065
-0.901619 -0.578056 0.354140
-0.932160 -0.626058 0.364099
-0.954633 -0.678065 0.347562
-0.985954 -0.679867 0.399454
-1.000000 -0.609176 0.400473
-0.979254 -0.555166 0.378172
-0.944613 -0.526409 0.407519
-0.914884 -0.472339 0.411389
-0.865972 -0.443722 0.418680
-0.823519 -0.412222 0.427253
-0.801061 -0.471598 0.454707
-0.781577 -0.525608 0.474604
-0.795382 -0.527090 0.534683
-0.841350 -0.530835 0.521832
-0.837429 -0.581801 0.487088
-0.819343 -0.619469 0.529754
-0.853834 -0.612801 0.570282
-0.885365 -0.635470 0.530712
-0.868991 -0.691682 0.522260
-0.876202 -0.710086 0.582237
-0.922711 -0.716875 0.577084
-0.916446 -0.769743 0.538919
-0.885470 -0.805749 0.573582
-0.876682 -0.801704 0.637449
-0.842988 -0.765698 0.661277
-0.824886 -0.749437 0.712008
-0.792768 -0.726748 0.748605
-0.751848 -0.743349 0.765325
-0.718679 -0.725406 0.796566
-0.680402 -0.730933 0.824203
-0.658665 -0.765197 0.863875
-0.625030 -0.760211 0.902753
-0.599928 -0.796357 0.936968
-0.577545 -0.803627 0.988106
-0.532493 -0.841616 1.000000
