-1.000000 -0.532786 1.000000
-0.949845 -0.583929 0.958582
-0.892362 -0.645793 0.940745
-0.856293 -0.702561 0.899310
-0.797908 -0.765093 0.874830
-0.746496 -0.817396 0.846392
-0.717565 -0.872722 0.802341
-0.661197 -0.910684 0.771439
-0.590576 -0.915042 0.744275
-0.529512 -0.960562 0.726556
-0.462733 -1.000000 0.716686
-0.410871 -0.976590 0.677681
-0.344139 -0.975184 0.653795
-0.286111 -0.895605 0.645420
-0.221276 -0.934410 0.616336
-0.213972 -0.849909 0.566220
-0.195167 -0.723791 0.574647
-0.109725 -0.689098 0.567936
-0.083877 -0.692051 0.516852
-0.050440 -0.604914 0.500442
0.003794 -0.584035 0.471256
0.058740 -0.540906 0.447778
0.068700 -0.493067 0.405732
0.103512 -0.427969 0.380198
0.100880 -0.360235 0.343894
0.106879 -0.351131 0.295444
0.115725 -0.288775 0.255419
0.041974 -0.310990 0.241217
0.013683 -0.233132 0.278319
0.029714 -0.133798 0.247112
0.018426 -0.046697 0.217060
0.088335 -0.029508 0.203639
0.091655 -0.119282 0.173943
0.041097 -0.089650 0.140306
0.073703 -0.000791 0.123403
0.131827 -0.052391 0.104325
0.099410 -0.118965 0.070977
0.062107 -0.039175 0.045257
0.121938 0.011863 0.028065
0.151794 -0.071126 0.001682
0.096588 -0.091162 -0.031021
0.094406 0.008102 -0.052732
0.161303 0.005396 -0.070586
0.153122 -0.082726 -0.101369
0.100548 -0.044236 -0.131558
0.137305 0.046451 -0.148835
0.193341 -0.007223 -0.168473
0.157106 -0.057453 -0.205423
0.128791 0.026802 -0.230548
0.194645 0.075133 -0.240724
0.227442 -0.003779 -0.266054
0.182290 -0.007505 -0.305773
0.191966 0.095169 -0.321521
0.264768 0.091478 -0.330185
0.253148 0.003919 -0.371110
0.219948 0.026556 -0.415891
0.278783 0.042408 -0.446351
0.301430 -0.062690 -0.440558
0.241386 -0.110143 -0.460010
0.245014 -0.065221 -0.506778
0.309018 -0.105292 -0.520675
0.295217 -0.212640 -0.513896
0.222628 -0.216120 -0.540687
0.182551 -0.135310 -0.562636
0.136143 -0.054324 -0.542250
0.088952 0.024939 -0.527147
0.048377 0.088385 -0.495566
-0.009177 0.022689 -0.493901
0.026560 -0.060757 -0.471392
0.052716 -0.009860 -0.428870
-0.012758 0.023638 -0.412221
-0.037871 -0.075133 -0.403965
0.008751 -0.107401 -0.369207
-0.006355 -0.030528 -0.333107
-0.084280 -0.068525 -0.329437
-0.096825 -0.169335 -0.310563
-0.107923 -0.143570 -0.261246
-0.176860 -0.105819 -0.269129
-0.211696 -0.199916 -0.275703
-0.197230 -0.244170 -0.229920
-0.224786 -0.161708 -0.202467
-0.293960 -0.157033 -0.218504
-0.311271 -0.256367 -0.201515
-0.285565 -0.250391 -0.148121
-0.315516 -0.167261 -0.121772
-0.378453 -0.214503 -0.109863
-0.346771 -0.286385 -0.073933
-0.325737 -0.223958 -0.034605
-0.392540 -0.212324 -0.013387
-0.397164 -0.320726 -0.000832
-0.332614 -0.341078 0.025890
-0.317366 -0.287088 0.069091
-0.349309 -0.357282 0.105888
-0.327017 -0.462521 0.086623
-0.246437 -0.450500 0.087897
-0.173540 -0.428145 0.086369
-0.134435 -0.342590 0.072438
-0.068913 -0.387125 0.071011
-0.080320 -0.460940 0.033790
-0.094928 -0.386703 -0.003653
-0.029429 -0.344171 -0.003296
0.006545 -0.434226 -0.016377
-0.028599 -0.451484 -0.061209
-0.011169 -0.357774 -0.083616
0.061206 -0.373416 -0.081918
0.058218 -0.462838 -0.113346
0.029809 -0.413136 -0.154831
0.084707 -0.342554 -0.159350
0.136190 -0.416721 -0.166961
0.107069 -0.460131 -0.209432
0.109773 -0.370112 -0.237683
0.182267 -0.356755 -0.234694
0.199317 -0.453312 -0.257067
0.166141 -0.444068 -0.302443
0.206668 -0.359637 -0.318939
0.267614 -0.429059 -0.329556
0.254381 -0.495949 -0.369751
0.281818 -0.441361 -0.408994
0.350684 -0.469376 -0.395794
0.344945 -0.583016 -0.396796
0.314117 -0.589237 -0.448831
0.369347 -0.532751 -0.477796
0.428395 -0.494754 -0.501869
0.472171 -0.413171 -0.510516
0.492542 -0.322659 -0.534758
0.495648 -0.268458 -0.582563
0.549977 -0.197947 -0.612531
0.600536 -0.144168 -0.637401
0.682302 -0.158650 -0.642685
0.752093 -0.136189 -0.632934
0.808390 -0.211902 -0.631540
0.883161 -0.235241 -0.625255
0.877493 -0.351518 -0.647594
0.848348 -0.323644 -0.704115
0.843843 -0.286174 -0.752599
0.772107 -0.317457 -0.761807
0.737698 -0.236999 -0.731160
0.767460 -0.147050 -0.751682
0.736631 -0.164590 -0.799793
0.663853 -0.161215 -0.782719
0.670089 -0.038120 -0.781802
0.692618 -0.009403 -0.833498
0.704712 -0.001107 -0.883987
0.683867 -0.073657 -0.931163
0.667315 -0.128034 -0.976981
0.659039 -0.236577 -0.946657
0.600915 -0.309689 -0.930688
0.599991 -0.408672 -0.954862
0.636558 -0.461959 -0.910438
0.576371 -0.451344 -0.878585
0.515568 -0.461643 -0.859286
0.466812 -0.426914 -0.833073
0.437169 -0.433382 -0.788716
0.405321 -0.506986 -0.765137
0.373402 -0.532927 -0.726777
0.383362 -0.622665 -0.707937
0.366999 -0.727587 -0.703350
0.332495 -0.748431 -0.662221
0.269297 -0.786499 -0.639746
0.249401 -0.671066 -0.633086
0.208566 -0.586812 -0.637928
0.200906 -0.485263 -0.620804
0.130143 -0.502592 -0.608929
0.142474 -0.564878 -0.566900
0.178615 -0.489481 -0.540041
0.130617 -0.409867 -0.536542
0.074865 -0.469938 -0.518211
0.110199 -0.504666 -0.475129
0.124926 -0.407055 -0.454539
0.056013 -0.376966 -0.450989
0.033318 -0.457635 -0.420138
0.077569 -0.431976 -0.379961
0.047831 -0.333978 -0.371517
-0.017809 -0.370253 -0.359048
0.000711 -0.428109 -0.317868
0.030591 -0.348038 -0.290568
-0.030259 -0.283924 -0.286950
-0.071901 -0.355947 -0.263047
-0.028528 -0.369725 -0.221477
-0.029666 -0.268071 -0.206459
-0.101330 -0.262799 -0.197880
-0.101402 -0.332677 -0.159164
-0.054424 -0.279882 -0.126920
-0.094999 -0.186242 -0.117865
-0.154687 -0.208527 -0.088424
-0.124001 -0.210847 -0.038360
-0.082407 -0.128280 -0.024412
-0.133250 -0.047400 -0.015086
-0.189547 -0.089966 0.011178
-0.149541 -0.138473 0.049045
-0.114255 -0.052637 0.066424
-0.172686 0.004095 0.081170
-0.208660 -0.068068 0.110628
-0.152363 -0.082479 0.144571
-0.151320 0.019104 0.161491
-0.220660 0.028595 0.178377
-0.224288 -0.053516 0.214392
-0.150964 -0.032637 0.241438
-0.157888 0.078297 0.257577
-0.179729 0.176119 0.268602
-0.211127 0.267298 0.251597
-0.145296 0.323046 0.252124
-0.107496 0.247825 0.215548
-0.135408 0.240092 0.168269
-0.106215 0.327651 0.145726
-0.036804 0.295910 0.151875
-0.039033 0.205329 0.123301
-0.060779 0.252008 0.079165
-0.003533 0.318934 0.074001
0.046029 0.240338 0.070315
0.021295 0.194678 0.027062
0.032038 0.281218 -0.002922
0.103986 0.294012 0.004332
0.125471 0.198721 -0.014270
0.097252 0.206489 -0.062398
0.142735 0.284100 -0.081782
0.201926 0.214151 -0.086946
0.188835 0.150143 -0.126461
0.208352 0.218194 -0.164549
0.276459 0.236472 -0.150992
0.296474 0.132076 -0.155324
0.279992 0.117559 -0.205864
0.328417 0.192464 -0.224212
0.388224 0.152674 -0.201617
0.383267 0.058859 -0.225656
0.387156 0.100828 -0.273223
0.454220 0.138649 -0.269876
0.488724 0.043674 -0.261331
0.463208 -0.021635 -0.299708
0.483863 0.041846 -0.342603
0.558135 0.015765 -0.338526
0.545021 -0.090810 -0.357808
0.532050 -0.174572 -0.389491
0.492400 -0.265224 -0.395930
0.556997 -0.335384 -0.391207
0.582015 -0.362695 -0.346069
0.608931 -0.470465 -0.358691
0.614670 -0.479991 -0.416723
0.678105 -0.399392 -0.423043
0.728047 -0.321710 -0.428241
0.742607 -0.217596 -0.417131
0.800114 -0.208668 -0.450309
0.750765 -0.208000 -0.494122
0.716830 -0.108772 -0.485832
0.701558 -0.011758 -0.514015
0.652565 0.044201 -0.474144
0.599445 0.124413 -0.450734
0.537409 0.179775 -0.438638
0.537622 0.228774 -0.490351
0.513481 0.153623 -0.523971
0.460362 0.098824 -0.547907
0.487206 -0.000967 -0.526706
0.466765 -0.003462 -0.476454
0.456046 -0.072708 -0.428088
0.439185 -0.100090 -0.376563
0.412839 -0.151057 -0.331544
0.342076 -0.178017 -0.320502
0.358913 -0.261112 -0.284945
0.387204 -0.217877 -0.240368
0.323816 -0.172288 -0.222020
0.288577 -0.267896 -0.218877
0.331239 -0.308494 -0.181384
0.319642 -0.231797 -0.147068
0.247528 -0.243080 -0.144893
0.247243 -0.346034 -0.129315
0.282814 -0.332045 -0.084143
0.235410 -0.261147 -0.063638
0.178211 -0.328424 -0.064250
0.205151 -0.399497 -0.031242
0.219735 -0.334892 0.009157
0.148782 -0.293520 0.013455
0.112547 -0.393100 0.021065
0.133297 -0.440307 0.066730
0.094430 -0.387265 0.102745
0.025825 -0.427512 0.093860
0.033342 -0.519535 0.124507
0.034741 -0.459744 0.174674
-0.034243 -0.421501 0.180518
-0.106879 -0.416194 0.192851
-0.176314 -0.381606 0.192291
-0.158742 -0.326877 0.244819
-0.140696 -0.263045 0.285964
-0.138395 -0.213132 0.330762
-0.168275 -0.140547 0.359761
-0.168465 -0.084799 0.401145
-0.213237 -0.058929 0.444057
-0.254761 0.032215 0.420681
-0.318006 -0.021529 0.415058
-0.378619 -0.057242 0.430858
-0.423629 -0.138509 0.422075
-0.474235 -0.083429 0.392855
-0.431810 -0.061284 0.348668
-0.413764 -0.165258 0.338560
-0.483388 -0.205961 0.332172
-0.501601 -0.141918 0.291417
-0.447129 -0.170319 0.259938
-0.465508 -0.275805 0.260210
-0.533947 -0.267404 0.241965
-0.513410 -0.218967 0.196368
-0.471294 -0.302624 0.180824
-0.522445 -0.379919 0.182998
-0.565747 -0.331166 0.147645
-0.514691 -0.333310 0.109252
-0.507007 -0.445263 0.108300
-0.579691 -0.472082 0.088509
-0.586047 -0.455316 0.037408
-0.575968 -0.476019 -0.013438
-0.562736 -0.461853 -0.062602
-0.632052 -0.435245 -0.072387
-0.630534 -0.339145 -0.047024
-0.578980 -0.296051 -0.076974
-0.610875 -0.307264 -0.123165
-0.670208 -0.246138 -0.108963
-0.632313 -0.151620 -0.092535
-0.589865 -0.111303 -0.129859
-0.638146 -0.057664 -0.158161
-0.660082 0.011090 -0.120277
-0.595603 0.058261 -0.110900
-0.579644 0.084588 -0.160013
-0.638668 0.145960 -0.168677
-0.628281 0.217491 -0.131184
-0.565392 0.253801 -0.153133
-0.594607 0.281288 -0.199885
-0.640921 0.356860 -0.176611
-0.586900 0.427863 -0.166638
-0.557756 0.515387 -0.187568
-0.501506 0.523928 -0.153591
-0.468709 0.432503 -0.165160
-0.457896 0.446774 -0.215837
-0.418601 0.536793 -0.213475
-0.363727 0.496441 -0.185376
-0.346487 0.417283 -0.218674
-0.331215 0.482030 -0.259395
-0.277336 0.532751 -0.235866
-0.237852 0.442872 -0.229699
-0.229742 0.417459 -0.279696
-0.187579 0.502100 -0.291842
-0.133914 0.479007 -0.257560
-0.121890 0.377142 -0.274005
-0.099196 0.402204 -0.322217
-0.036733 0.446036 -0.305943
-0.010980 0.359883 -0.281174
-0.010861 0.291411 -0.321725
0.034883 0.348776 -0.352134
0.090422 0.355665 -0.318939
0.097133 0.249161 -0.309425
0.114326 0.224380 -0.364127
0.149257 0.327018 -0.390442
0.207214 0.378337 -0.372673
0.255330 0.321499 -0.399174
0.231070 0.344945 -0.446878
0.241718 0.449832 -0.443497
0.314330 0.445403 -0.435920
0.333325 0.392081 -0.478714
0.301145 0.463505 -0.515425
0.323247 0.564738 -0.499932
0.400958 0.535458 -0.482145
0.439043 0.440517 -0.477304
0.434964 0.366597 -0.435359
0.424293 0.281288 -0.401638
0.395694 0.222517 -0.363941
0.437691 0.261991 -0.326074
0.417392 0.367581 -0.328656
0.347435 0.352185 -0.321113
0.354834 0.306772 -0.273546
0.383623 0.390534 -0.250085
0.328179 0.459815 -0.256558
0.278143 0.400446 -0.231466
0.313714 0.383434 -0.184680
0.337736 0.493488 -0.174691
0.272665 0.557461 -0.195722
0.203989 0.514789 -0.198661
0.193317 0.467934 -0.151383
0.204321 0.556161 -0.122469
0.150087 0.614897 -0.142974
0.096730 0.547971 -0.127735
0.110128 0.554509 -0.076295
0.097584 0.660556 -0.072217
0.028504 0.657077 -0.087354
0.005312 0.597708 -0.047329
0.025754 0.664177 -0.009208
-0.014062 0.748572 -0.024786
-0.078494 0.699151 -0.019435
-0.071237 0.687411 0.033382
-0.063127 0.791596 0.045732
-0.125471 0.826992 0.025907
-0.168157 0.767940 0.058134
-0.142024 0.805761 0.104240
-0.151367 0.917960 0.099687
-0.225284 0.930192 0.074986
-0.285589 0.879646 0.065728
-0.331310 0.874374 0.026094
-0.389623 0.856377 -0.005844
-0.423890 0.830823 -0.049895
-0.403306 0.929102 -0.073729
-0.326733 0.916941 -0.073576
-0.306671 0.834725 -0.103238
-0.319714 0.873003 -0.151451
-0.276246 0.961054 -0.146541
-0.213735 0.910649 -0.138217
-0.215111 0.851386 -0.181197
-0.214541 0.933110 -0.213900
-0.151533 0.976836 -0.200139
-0.109630 0.891105 -0.209636
-0.126799 0.880736 -0.260550
-0.103536 0.978594 -0.275194
-0.035049 0.962706 -0.262249
-0.024947 0.875147 -0.292386
-0.036615 0.928329 -0.337813
0.016624 1.000000 -0.335400
0.071142 0.924392 -0.329794
0.063151 0.884110 -0.380708
0.087861 0.951036 -0.417607
0.157509 0.919085 -0.420885
0.150087 0.822879 -0.445468
0.147454 0.866149 -0.494190
0.223624 0.904462 -0.488363
0.262752 0.809628 -0.473804
0.288197 0.786956 -0.533212
0.293913 0.737781 -0.586369
0.295169 0.686673 -0.631659
0.319785 0.610608 -0.661865
0.373924 0.563437 -0.686803
0.411392 0.513067 -0.724823
0.403163 0.417810 -0.761382
0.407337 0.356087 -0.801950
0.334748 0.324276 -0.812874
0.292324 0.378829 -0.771915
0.319168 0.499464 -0.777623
0.330978 0.584773 -0.809272
0.320117 0.682490 -0.826481
0.274657 0.748010 -0.854291
0.312196 0.731876 -0.901536
0.274348 0.630609 -0.911933
0.220849 0.604070 -0.948814
0.201831 0.483295 -0.936277
0.162252 0.389515 -0.926967
0.241504 0.351728 -0.930042
0.307596 0.315911 -0.923485
0.367972 0.301499 -0.946487
0.435604 0.283959 -0.948593
0.496644 0.330779 -0.959449
0.557708 0.323081 -0.986104
0.596007 0.273977 -0.946385
0.559914 0.169195 -0.958056
0.576703 0.112849 -1.000000
0.629941 0.054395 -0.967773
0.572956 0.005255 -0.930093
0.542270 -0.077945 -0.897917
0.490882 -0.069474 -0.856075
0.442387 -0.093974 -0.818191
0.388864 -0.078437 -0.782108
0.428158 -0.123359 -0.739994
0.471863 -0.039280 -0.725622
0.499609 0.006520 -0.673892
0.551969 0.109018 -0.671956
0.566672 0.210601 -0.662595
0.595011 0.319531 -0.685105
0.636273 0.416615 -0.694941
0.663402 0.501889 -0.722258
0.685172 0.603156 -0.732927
0.610757 0.634370 -0.738584
0.555693 0.585089 -0.708260
0.534374 0.476511 -0.724076
0.501933 0.373100 -0.726947
0.508336 0.250110 -0.732162
0.505893 0.140231 -0.727541
0.587256 0.135486 -0.752582
0.639878 0.124800 -0.787629
0.594204 0.111302 -0.827365
0.560696 0.208844 -0.823814
0.630937 0.256999 -0.833752
0.690602 0.201919 -0.855514
0.745477 0.142164 -0.833141
0.818397 0.089861 -0.832937
0.845526 0.121777 -0.777419
0.892125 0.117524 -0.726335
0.912305 0.160688 -0.671208
0.944580 0.185574 -0.621942
0.960943 0.238721 -0.579556
1.000000 0.225891 -0.535557
0.996348 0.179950 -0.485798
0.937300 0.251586 -0.468979
0.887548 0.215909 -0.515018
0.838246 0.151655 -0.541485
0.827504 0.202728 -0.591125
0.804382 0.204801 -0.641683
0.819583 0.231164 -0.697285
0.801228 0.259671 -0.748879
0.821954 0.266806 -0.807132
0.783229 0.290919 -0.849365
0.716806 0.342379 -0.856653
0.668927 0.374822 -0.893823
0.623159 0.429480 -0.855378
0.673149 0.512294 -0.840276
0.680026 0.627937 -0.840021
0.744931 0.655038 -0.810309
0.814153 0.622067 -0.796004
0.829804 0.507619 -0.798756
0.780289 0.431343 -0.798111
0.749982 0.404207 -0.744920
0.727430 0.333240 -0.696827
0.692642 0.294539 -0.648053
0.654248 0.252957 -0.609507
0.578268 0.299496 -0.608861
0.548507 0.399251 -0.605209
0.540705 0.504912 -0.596884
0.521947 0.593033 -0.572098
0.474519 0.664212 -0.548689
0.456734 0.767272 -0.536508
0.419408 0.731911 -0.489535
0.458797 0.707903 -0.447608
0.440561 0.798977 -0.420002
0.371458 0.758766 -0.405239
0.374944 0.689450 -0.365894
0.373758 0.762702 -0.326583
0.313524 0.814865 -0.338203
0.268894 0.728783 -0.339308
0.276412 0.696339 -0.289464
0.254832 0.787870 -0.267872
0.188551 0.786991 -0.290347
0.164979 0.692894 -0.273002
0.174299 0.719081 -0.221664
0.129194 0.804496 -0.220848
0.071071 0.751771 -0.237480
0.069696 0.679151 -0.198390
0.058787 0.748572 -0.160540
-0.003320 0.788995 -0.176950
-0.041642 0.697710 -0.180807
-0.035144 0.662103 -0.129978
-0.083972 0.725795 -0.107757
-0.143850 0.664880 -0.124219
-0.148782 0.571838 -0.097292
-0.180464 0.608042 -0.052477
-0.239773 0.650117 -0.072761
-0.264270 0.557778 -0.094659
-0.269534 0.501151 -0.050846
-0.316631 0.568920 -0.026910
-0.370723 0.552997 -0.060309
-0.386374 0.453769 -0.048060
-0.403780 0.472117 0.002888
-0.462567 0.546635 -0.009412
-0.509189 0.476230 -0.041350
-0.517703 0.395455 0.003788
-0.525457 0.331904 0.045834
-0.499087 0.262975 0.080321
-0.522256 0.170882 0.054719
-0.479238 0.197350 0.006846
-0.406602 0.203009 0.006659
-0.389362 0.104448 -0.010414
-0.427755 0.116259 -0.055433
-0.394034 0.204028 -0.074443
-0.329436 0.156224 -0.078333
-0.350234 0.081073 -0.112225
-0.371315 0.153166 -0.148903
-0.307714 0.201146 -0.155511
-0.271858 0.113658 -0.171446
-0.313382 0.090775 -0.211742
-0.304371 0.185469 -0.236953
-0.232256 0.181919 -0.241115
-0.230288 0.093095 -0.270301
-0.276293 0.121812 -0.310546
-0.251986 0.235944 -0.318956
-0.169674 0.221357 -0.309765
-0.133036 0.124062 -0.312092
-0.160758 0.094641 -0.360509
-0.151628 0.184414 -0.393908
-0.086841 0.231586 -0.390086
-0.044962 0.162024 -0.414838
-0.081956 0.164063 -0.459823
-0.074676 0.272782 -0.469098
-0.002514 0.273731 -0.469795
0.003225 0.202446 -0.508188
-0.032322 0.261217 -0.544017
0.012142 0.347546 -0.542641
0.070929 0.289864 -0.558915
0.044677 0.250215 -0.603901
0.034907 0.349198 -0.627718
0.112950 0.361219 -0.631761
0.137684 0.296508 -0.670359
0.185847 0.264978 -0.711420
0.218004 0.156224 -0.688621
0.230501 0.045396 -0.685835
0.251607 -0.055238 -0.685309
0.269534 -0.159739 -0.702263
0.257820 -0.266455 -0.706442
0.236643 -0.354681 -0.728765
0.182290 -0.326174 -0.764508
0.159050 -0.223185 -0.749677
0.155968 -0.181356 -0.698882
0.153122 -0.122902 -0.654152
0.188859 -0.062936 -0.613176
0.214802 0.036292 -0.602541
0.240603 0.137032 -0.607774
0.293462 0.212429 -0.624083
0.244777 0.307158 -0.640561
0.217340 0.420447 -0.632288
0.186061 0.513067 -0.619139
0.191966 0.600415 -0.587201
0.127108 0.643579 -0.598379
0.086556 0.557637 -0.585485
0.111124 0.546459 -0.537085
0.092366 0.641646 -0.517634
0.021604 0.650433 -0.530664
-0.000261 0.553349 -0.508970
0.025445 0.560309 -0.459993
-0.005478 0.658834 -0.450904
-0.073585 0.638482 -0.466244
-0.087007 0.567971 -0.427562
-0.078826 0.638412 -0.388981
-0.129764 0.708431 -0.405579
-0.186132 0.639185 -0.403370
-0.183595 0.623473 -0.351930
-0.188669 0.727447 -0.337405
-0.253006 0.746709 -0.360560
-0.290830 0.673773 -0.334126
-0.276269 0.714969 -0.286984
-0.306860 0.811209 -0.295240
-0.374398 0.776446 -0.304261
-0.382912 0.730294 -0.257696
-0.371671 0.821157 -0.228391
-0.427945 0.874198 -0.248675
-0.479594 0.802598 -0.234524
-0.465911 0.809206 -0.183899
-0.478622 0.913672 -0.177664
-0.549669 0.904462 -0.193004
-0.574545 0.831526 -0.158586
-0.555906 0.884251 -0.114450
-0.599516 0.971001 -0.124796
-0.667789 0.917644 -0.129366
-0.671536 0.864251 -0.081170
-0.696412 0.858732 -0.030358
-0.666841 0.769416 -0.009496
-0.599611 0.820454 -0.000323
-0.625839 0.886852 0.039158
-0.640423 0.810787 0.079641
-0.572150 0.804636 0.097785
-0.584576 0.901545 0.125951
-0.637601 0.852686 0.163258
-0.592260 0.760804 0.176254
-0.536745 0.723334 0.205898
-0.479784 0.660064 0.174079
-0.411179 0.639361 0.199239
