0.545603 0.949183 -0.953036
0.504580 0.853685 -0.908849
0.503096 0.753187 -0.864566
0.483213 0.643963 -0.831353
0.460689 0.576282 -0.779625
0.442795 0.453649 -0.749402
0.415010 0.373742 -0.700837
0.480747 0.326833 -0.668396
0.477928 0.408877 -0.614566
0.423189 0.329197 -0.575683
0.472668 0.190200 -0.568585
0.531384 0.196473 -0.518033
0.579252 0.169610 -0.472072
0.637137 0.193291 -0.435022
0.703981 0.167564 -0.405319
0.753914 0.162383 -0.360400
0.804575 0.240063 -0.317717
0.849701 0.257062 -0.269866
0.876982 0.270244 -0.207048
0.918282 0.271471 -0.153989
0.937384 0.277607 -0.093157
0.956435 0.291925 -0.030262
1.000000 0.357560 0.025131
0.986460 0.398377 0.090418
0.987114 0.431286 0.150941
0.954321 0.509057 0.212371
0.918986 0.581646 0.262556
0.860120 0.608373 0.319684
0.798359 0.638190 0.360612
0.711859 0.633554 0.392358
0.641113 0.564646 0.432495
0.560477 0.519829 0.444357
0.493507 0.426695 0.463354
0.424146 0.348333 0.488678
0.339105 0.324470 0.520348
0.286983 0.199064 0.546829
0.221548 0.208700 0.599020
0.162204 0.198973 0.653989
0.106710 0.218336 0.705813
0.060074 0.235926 0.767050
0.002894 0.328152 0.809906
-0.057482 0.317743 0.866070
-0.123899 0.342379 0.907865
-0.189359 0.396105 0.943566
-0.277395 0.403877 0.975717
-0.354356 0.447285 1.000000
-0.451880 0.447967 0.993712
-0.533825 0.469012 0.994214
-0.622464 0.500284 0.970124
-0.696633 0.481103 0.944164
-0.770071 0.484557 0.916525
-0.834525 0.459558 0.870178
-0.891302 0.435331 0.828171
-0.899205 0.418331 0.756191
-0.916092 0.337651 0.705775
-0.931293 0.263108 0.656187
-0.925026 0.242290 0.596609
-0.931796 0.167564 0.545402
-0.897040 0.140292 0.492787
-0.881386 0.128974 0.436622
-0.881135 0.062021 0.385511
-0.860774 0.020704 0.333494
-0.871823 0.028113 0.276828
-0.908819 -0.025613 0.232777
-0.911109 -0.082021 0.180508
-0.935572 -0.082839 0.126003
-0.978004 -0.123065 0.080427
-0.988398 -0.146110 0.023762
-1.000000 -0.007159 0.012247
-0.929154 0.035567 0.028063
-0.889943 -0.044567 -0.010434
-0.923718 0.002932 -0.059617
-0.905169 0.137201 -0.051458
-0.828736 0.114020 -0.052770
-0.826219 0.058203 -0.107429
-0.857226 0.167019 -0.136476
-0.804701 0.261835 -0.118790
-0.742462 0.194291 -0.140777
-0.765742 0.194382 -0.197404
-0.773695 0.333788 -0.203325
-0.698948 0.363742 -0.190866
-0.666910 0.289607 -0.235380
-0.701440 0.359515 -0.279664
-0.671188 0.485830 -0.265989
-0.596542 0.444876 -0.271621
-0.599084 0.400923 -0.327361
-0.622288 0.523056 -0.352280
-0.554764 0.594373 -0.336194
-0.500755 0.488239 -0.362791
-0.494665 0.493875 -0.421000
-0.457190 0.517556 -0.472034
-0.443852 0.550828 -0.527870
-0.460739 0.428740 -0.562240
-0.508003 0.316743 -0.549086
-0.557080 0.212609 -0.565615
-0.623672 0.141929 -0.550918
-0.592415 0.014795 -0.537726
-0.545528 0.065203 -0.496162
-0.599084 0.126747 -0.461792
-0.637615 0.011886 -0.446767
-0.567751 -0.054703 -0.421019
-0.530679 0.070612 -0.389273
-0.568959 0.137838 -0.345761
-0.531208 0.076157 -0.299954
-0.470353 0.173564 -0.302461
-0.495067 0.306607 -0.289384
-0.502089 0.270017 -0.227164
-0.427241 0.247381 -0.205215
-0.357804 0.288971 -0.185349
-0.317235 0.265608 -0.235265
-0.353677 0.359424 -0.271216
-0.337822 0.470830 -0.238505
-0.260658 0.455240 -0.241417
-0.255524 0.458421 -0.301207
-0.284341 0.586509 -0.309443
-0.231917 0.650826 -0.275170
-0.170308 0.611963 -0.306781
-0.191549 0.665871 -0.359647
-0.197639 0.798368 -0.339126
-0.122414 0.811413 -0.321767
-0.088061 0.785778 -0.372666
-0.122515 0.898820 -0.401713
-0.077264 1.000000 -0.372551
0.001409 0.940274 -0.382888
-0.014924 0.846549 -0.440422
-0.019882 0.740324 -0.478206
-0.076937 0.630417 -0.501061
-0.098505 0.491148 -0.523665
-0.154981 0.563328 -0.553850
-0.220969 0.631281 -0.554660
-0.295540 0.615281 -0.540252
-0.317990 0.548283 -0.592501
-0.260960 0.430104 -0.578402
-0.282051 0.339651 -0.535643
-0.344919 0.279880 -0.578132
-0.335330 0.209018 -0.628125
-0.366311 0.088157 -0.606561
-0.443474 0.147019 -0.613813
-0.445110 0.172473 -0.678888
-0.440756 0.043476 -0.712024
-0.501384 -0.041340 -0.671578
-0.531283 -0.130702 -0.633120
-0.529119 -0.232472 -0.593080
-0.553657 -0.332061 -0.636553
-0.487970 -0.321970 -0.675339
-0.434817 -0.401014 -0.650748
-0.364046 -0.492239 -0.663227
-0.297428 -0.402468 -0.637035
-0.223914 -0.371423 -0.600833
-0.163638 -0.269744 -0.583012
-0.099889 -0.231245 -0.543338
-0.061333 -0.114793 -0.512440
-0.034228 0.000841 -0.476913
-0.025016 0.140201 -0.512517
-0.006317 0.248972 -0.547736
0.032743 0.353106 -0.569665
0.086551 0.472603 -0.561198
0.073514 0.548919 -0.616764
0.036845 0.612145 -0.660681
-0.021820 0.528693 -0.684115
-0.035637 0.396286 -0.660893
-0.104696 0.403604 -0.630690
-0.190844 0.347606 -0.635647
-0.209896 0.206200 -0.609725
-0.152992 0.099293 -0.631133
-0.096592 0.007568 -0.640063
-0.045050 0.054840 -0.684250
-0.070242 0.189791 -0.706739
-0.077692 0.308425 -0.755304
-0.086173 0.414013 -0.797176
-0.075049 0.512511 -0.836657
0.011527 0.490693 -0.839782
0.044169 0.390377 -0.806781
0.085544 0.273971 -0.796559
0.106408 0.163383 -0.766741
0.142372 0.087930 -0.724811
0.172447 -0.038885 -0.711079
0.100745 -0.100748 -0.705736
0.079604 -0.084384 -0.764813
0.136382 -0.156656 -0.788555
0.113656 -0.276426 -0.760936
0.044773 -0.283834 -0.787475
0.071626 -0.288562 -0.844044
0.113429 -0.405150 -0.836734
0.053908 -0.487557 -0.825239
0.012936 -0.464967 -0.874016
0.065561 -0.517193 -0.913516
0.055469 -0.656462 -0.882966
-0.031233 -0.670598 -0.878298
-0.058111 -0.597782 -0.934231
-0.080183 -0.573919 -0.990067
-0.067574 -0.432286 -1.000000
-0.021870 -0.349515 -0.967540
-0.003297 -0.196291 -0.963297
0.009488 -0.065521 -0.948966
-0.028062 0.067294 -0.947481
0.005839 0.186837 -0.919476
-0.025822 0.159474 -0.853533
-0.069588 0.152337 -0.795460
-0.144914 0.112111 -0.802905
-0.212589 0.034522 -0.774128
-0.284391 0.050612 -0.794997
-0.293124 -0.079612 -0.815731
-0.296170 -0.142020 -0.762730
-0.354080 -0.069612 -0.737868
-0.408567 -0.118156 -0.776848
-0.398198 -0.260290 -0.760724
-0.366990 -0.281471 -0.701049
-0.302638 -0.211609 -0.674163
-0.265868 -0.173564 -0.624016
-0.215458 -0.062794 -0.601875
-0.179695 -0.067248 -0.541487
-0.152690 -0.021295 -0.485747
-0.140585 0.010432 -0.427731
-0.129939 0.155656 -0.449931
-0.157598 0.295425 -0.471224
-0.081869 0.373423 -0.449603
-0.013540 0.486057 -0.454328
0.051115 0.564283 -0.461040
0.112347 0.604736 -0.489836
0.171037 0.508557 -0.478456
0.128026 0.396514 -0.441483
0.115619 0.266789 -0.428175
0.066341 0.260199 -0.380169
0.029295 0.365833 -0.351547
-0.040243 0.270426 -0.345394
-0.033322 0.171837 -0.304776
-0.085720 0.171110 -0.259605
-0.160014 0.241335 -0.272277
-0.214602 0.142565 -0.309057
-0.204812 0.065476 -0.357526
-0.211884 -0.060067 -0.334343
-0.287663 -0.046976 -0.320302
-0.311169 -0.024386 -0.376485
-0.279433 -0.143883 -0.401153
-0.322193 -0.227154 -0.366109
-0.389968 -0.191882 -0.390777
-0.372603 -0.241245 -0.444839
-0.356773 -0.373787 -0.429698
-0.423969 -0.400559 -0.401828
-0.470479 -0.384832 -0.447925
-0.438692 -0.483512 -0.482391
-0.449313 -0.589418 -0.442158
-0.532390 -0.570782 -0.437703
-0.558162 -0.528647 -0.500868
-0.511904 -0.639099 -0.535411
-0.476091 -0.734052 -0.585944
-0.409574 -0.727961 -0.617324
-0.338224 -0.666871 -0.607854
-0.261841 -0.597055 -0.610284
-0.185962 -0.574237 -0.583301
-0.114889 -0.490784 -0.578904
-0.038858 -0.502511 -0.547659
0.028162 -0.409968 -0.543184
0.058640 -0.441331 -0.484782
0.044244 -0.425422 -0.426150
-0.019329 -0.346197 -0.430875
-0.064152 -0.437240 -0.459613
-0.056299 -0.541101 -0.419746
-0.092238 -0.469876 -0.375463
-0.160568 -0.445876 -0.402041
-0.171742 -0.591009 -0.415715
-0.190215 -0.669917 -0.367054
-0.273997 -0.659144 -0.377797
-0.294131 -0.747415 -0.422408
-0.330171 -0.853776 -0.451319
-0.311899 -0.976046 -0.481562
-0.391982 -0.997955 -0.496008
-0.402904 -0.858094 -0.526597
-0.317436 -0.832731 -0.547311
-0.245357 -0.787323 -0.569877
-0.156314 -0.785187 -0.564940
-0.084185 -0.708552 -0.580061
0.004379 -0.705461 -0.570128
0.075401 -0.596236 -0.570475
0.111013 -0.473830 -0.581527
0.127372 -0.348242 -0.607487
0.152716 -0.249790 -0.648877
0.225474 -0.214518 -0.633853
0.301430 -0.231245 -0.633351
0.300876 -0.312970 -0.581295
0.240927 -0.424149 -0.608915
0.235818 -0.484648 -0.662706
0.280817 -0.601055 -0.646794
0.223134 -0.665280 -0.609300
0.153143 -0.662871 -0.653468
0.132557 -0.577782 -0.698272
0.163059 -0.666144 -0.736711
0.103237 -0.768323 -0.738929
0.028565 -0.760778 -0.722053
-0.038934 -0.735233 -0.750424
-0.100317 -0.651599 -0.737598
-0.139377 -0.649099 -0.791255
-0.154150 -0.787687 -0.794283
-0.184099 -0.806186 -0.740260
-0.244602 -0.725097 -0.748901
-0.276514 -0.799141 -0.793743
-0.285524 -0.916866 -0.761765
-0.329944 -0.861503 -0.717154
-0.387628 -0.817959 -0.752141
-0.406906 -0.943501 -0.773299
-0.422812 -1.000000 -0.719584
-0.481829 -0.888184 -0.713740
-0.512357 -0.815050 -0.762324
-0.461997 -0.704234 -0.789346
-0.418156 -0.614009 -0.816753
-0.351487 -0.548238 -0.826744
-0.291916 -0.463649 -0.847979
-0.250214 -0.362196 -0.875347
-0.177380 -0.310061 -0.881075
-0.200206 -0.212791 -0.927056
-0.241858 -0.116747 -0.891799
-0.211255 0.043067 -0.891182
