-0.408049 0.454062 0.083189
-0.336762 0.448039 0.110225
-0.290438 0.429933 0.165504
-0.244535 0.459554 0.216666
-0.174273 0.476207 0.240817
-0.117033 0.448039 0.280507
-0.075549 0.485526 0.332237
-0.006839 0.527513 0.349102
0.061476 0.522553 0.383211
0.105090 0.549056 0.441848
0.146468 0.605747 0.377865
0.159042 0.681395 0.327720
0.194239 0.748149 0.281974
0.202657 0.853311 0.260212
0.180324 0.908089 0.200298
0.270314 0.967225 0.206188
0.348336 1.000000 0.196040
0.385664 0.914254 0.165527
0.333710 0.894129 0.112591
0.368644 0.965843 0.064432
0.437722 0.910038 0.059205
0.401868 0.820359 0.033493
0.376614 0.868830 -0.027367
0.451401 0.891755 -0.052109
0.475470 0.786770 -0.054498
0.415652 0.752471 -0.098541
0.434223 0.812316 -0.155782
0.505143 0.762711 -0.167774
0.482573 0.656769 -0.170495
0.425516 0.672359 -0.222816
0.471077 0.718209 -0.272134
0.516980 0.632144 -0.283038
0.466158 0.550827 -0.295953
0.425832 0.605570 -0.355938
0.486150 0.655990 -0.395723
0.542759 0.585622 -0.417910
0.498566 0.529533 -0.468742
0.485782 0.627998 -0.508220
0.559726 0.675761 -0.517279
0.597133 0.597562 -0.557395
0.564409 0.614711 -0.623672
0.621544 0.681820 -0.647728
0.673524 0.590511 -0.665516
0.647455 0.519364 -0.716607
0.681021 0.557418 -0.776261
0.759753 0.551040 -0.751875
0.760410 0.445877 -0.736358
0.742154 0.412359 -0.803013
0.809181 0.454736 -0.834544
0.868184 0.406796 -0.793836
0.834565 0.296850 -0.801618
0.775404 0.255536 -0.841853
0.691622 0.242285 -0.817040
0.610022 0.239344 -0.796934
0.541339 0.246466 -0.757859
0.561541 0.166283 -0.712539
0.627384 0.209545 -0.682144
0.597027 0.299756 -0.653216
0.539498 0.253233 -0.609291
0.585848 0.218439 -0.554651
0.593687 0.307090 -0.514346
0.515297 0.316834 -0.493200
0.500750 0.212061 -0.472526
0.553939 0.213159 -0.419424
0.526187 0.298374 -0.382643
0.452190 0.255891 -0.370036
0.472156 0.160543 -0.340611
0.515770 0.202955 -0.285853
0.455873 0.259469 -0.256806
0.406550 0.170074 -0.243797
0.460213 0.100273 -0.211746
0.479100 0.174822 -0.156657
0.419045 0.174007 -0.107174
0.448139 0.094462 -0.064621
0.519242 0.140099 -0.050500
0.489307 0.230592 -0.021335
0.450112 0.181519 0.033683
0.515454 0.141693 0.066254
0.552598 0.238387 0.076519
0.495120 0.287213 0.116470
0.496751 0.213159 0.170944
0.581665 0.227155 0.186555
0.598711 0.347270 0.169170
0.551572 0.419799 0.125222
0.564803 0.503632 0.077371
0.643141 0.532084 0.079594
0.678601 0.444212 0.049625
0.634671 0.439819 -0.012111
0.658714 0.536158 -0.039525
0.737025 0.513978 -0.039762
0.730107 0.429012 -0.083875
0.696173 0.483719 -0.139579
0.758911 0.551501 -0.152092
0.813258 0.471601 -0.164912
0.773879 0.425610 -0.221042
0.774484 0.512773 -0.263571
0.853926 0.523332 -0.267072
0.871524 0.425114 -0.292854
0.828384 0.429331 -0.353549
0.867368 0.519931 -0.380893
0.942102 0.480707 -0.381318
0.924740 0.395174 -0.424060
0.897961 0.451972 -0.480994
0.969459 0.494951 -0.501739
1.000000 0.387627 -0.520141
0.964014 0.344187 -0.578825
0.959121 0.262127 -0.641484
0.866763 0.230734 -0.625281
0.794844 0.191475 -0.603543
0.823727 0.133685 -0.547319
0.840879 0.222797 -0.508054
0.762094 0.255359 -0.504837
0.734578 0.174539 -0.464555
0.783217 0.199022 -0.406297
0.777851 0.311909 -0.398467
0.698698 0.334089 -0.419921
0.660976 0.245828 -0.392861
0.694489 0.215994 -0.325614
0.722189 0.304999 -0.291199
0.657793 0.368281 -0.302954
0.600737 0.302271 -0.276391
0.630777 0.304822 -0.208080
0.624359 0.411969 -0.199139
0.542970 0.412571 -0.207087
0.526582 0.353329 -0.148260
0.564409 0.430606 -0.102775
0.501092 0.508273 -0.120538
0.425753 0.463239 -0.113395
0.419071 0.418985 -0.045864
0.437538 0.505935 -0.003595
0.378982 0.572724 -0.026184
0.318532 0.510258 -0.000426
0.342523 0.499486 0.069328
0.342286 0.607164 0.089954
0.265737 0.627290 0.080540
0.239984 0.553024 0.130189
0.274444 0.616979 0.188069
0.238038 0.722815 0.176100
0.152992 0.680261 0.152494
0.061897 0.686745 0.152447
0.030488 0.777274 0.118906
0.095594 0.790951 0.066727
0.107721 0.711547 0.018284
0.083914 0.764873 -0.041110
0.139313 0.844878 -0.036450
0.206655 0.783404 -0.035622
0.191056 0.735677 -0.099487
0.184611 0.823017 -0.141401
0.258898 0.859547 -0.129503
0.299961 0.770825 -0.151761
0.266895 0.763668 -0.220616
0.301907 0.854339 -0.248149
0.371538 0.810899 -0.269130
0.352913 0.775927 -0.335691
0.343286 0.873649 -0.368593
0.409733 0.926939 -0.347991
0.460108 0.857740 -0.379805
0.432829 0.863551 -0.447761
0.443299 0.970981 -0.460913
0.528291 0.964568 -0.446034
0.559884 0.872267 -0.479055
0.552834 0.894767 -0.550417
0.602841 0.982036 -0.554036
0.664501 0.935336 -0.519928
0.679784 0.861921 -0.571706
0.698409 0.934344 -0.622726
0.760410 0.979627 -0.587530
0.804104 0.889629 -0.581049
0.812863 0.868441 -0.650496
0.850349 0.960564 -0.673132
0.915034 0.954434 -0.619155
0.926766 0.829430 -0.605577
0.876049 0.744605 -0.615465
0.867658 0.654502 -0.574260
0.930527 0.669667 -0.528845
0.908878 0.766290 -0.501526
0.836670 0.734933 -0.478724
0.860844 0.663041 -0.427183
0.894279 0.737909 -0.383424
0.826542 0.796797 -0.373465
0.779692 0.714098 -0.348464
0.823280 0.696063 -0.289212
0.810049 0.797824 -0.262507
0.729765 0.789498 -0.258817
0.727765 0.702512 -0.212905
0.756201 0.753782 -0.153393
0.683441 0.788896 -0.130709
0.669288 0.701024 -0.090593
0.711929 0.737696 -0.033257
0.661397 0.818729 -0.018970
0.598501 0.755554 -0.007782
0.631619 0.697162 0.046243
0.639879 0.780002 0.094709
0.554965 0.794388 0.101143
0.535105 0.694044 0.133761
0.511377 0.676151 0.202261
0.478732 0.626829 0.260283
0.438248 0.587960 0.316082
0.445324 0.527548 0.377179
0.415231 0.440208 0.418029
0.337867 0.473302 0.445420
0.278969 0.428622 0.386026
0.295673 0.298622 0.369634
0.333263 0.230946 0.423564
0.320163 0.141587 0.457696
0.363488 0.118095 0.531140
0.368618 0.094675 0.599262
0.356938 0.154023 0.671051
0.352808 0.117635 0.736500
0.361778 0.216455 0.790524
0.300513 0.208234 0.858623
0.263186 0.106686 0.900537
0.250138 0.035751 0.953237
0.235959 -0.090068 0.946780
0.235276 -0.200829 0.954609
0.205550 -0.282181 0.905954
0.236880 -0.356518 0.840221
0.254294 -0.451228 0.799087
0.278995 -0.445700 0.716418
0.324951 -0.456117 0.653712
0.358332 -0.426106 0.592947
0.359016 -0.401056 0.525321
0.390083 -0.413953 0.462994
0.417414 -0.373419 0.401661
0.413863 -0.386812 0.334437
0.433329 -0.363746 0.269082
0.404340 -0.339723 0.207867
0.413153 -0.341955 0.138373
0.407392 -0.289445 0.077252
0.327581 -0.317294 0.068217
0.296146 -0.250753 0.119947
0.321347 -0.159976 0.087045
0.281494 -0.172306 0.025215
0.206340 -0.179499 0.053906
0.207076 -0.074726 0.079358
0.215310 -0.028452 0.008610
0.166066 -0.114906 -0.027509
0.089833 -0.142331 -0.047260
0.051480 -0.224639 -0.081936
-0.023938 -0.185026 -0.079429
-0.022517 -0.133792 -0.144168
-0.045903 -0.223506 -0.182984
-0.128739 -0.202849 -0.159661
-0.148573 -0.104312 -0.193297
-0.182954 -0.057613 -0.250633
-0.142286 0.037771 -0.245997
-0.067999 -0.007086 -0.255955
-0.079811 -0.048613 -0.323060
-0.095147 0.044786 -0.355583
-0.026148 0.092974 -0.338269
0.027121 0.020409 -0.364383
0.002262 0.018531 -0.433735
0.011837 0.125571 -0.446011
0.090464 0.130178 -0.431842
0.118085 0.065514 -0.482981
0.090096 0.126174 -0.537432
0.123977 0.220884 -0.521962
0.204419 0.197109 -0.520141
0.215178 0.183361 -0.591480
0.191346 0.301492 -0.602715
0.227542 0.379442 -0.554793
0.312166 0.384403 -0.578565
0.317506 0.407682 -0.648911
0.298145 0.514687 -0.651300
0.363962 0.543812 -0.608747
0.425648 0.501896 -0.646451
0.400473 0.552245 -0.714147
0.401184 0.661269 -0.717293
0.479284 0.673316 -0.737682
0.480758 0.607129 -0.794877
0.421202 0.655033 -0.832864
0.454610 0.751550 -0.841923
0.519400 0.713992 -0.876292
0.479363 0.666478 -0.933037
0.451901 0.768168 -0.956761
0.501513 0.858520 -0.936467
0.513245 0.901818 -0.869929
0.554255 0.936825 -0.813090
0.575852 0.922510 -0.743359
0.521899 0.995606 -0.715283
0.454373 0.948765 -0.738983
0.467316 0.853347 -0.705703
0.467552 0.896113 -0.638432
0.393397 0.944442 -0.640159
0.347889 0.855756 -0.630674
0.366013 0.848067 -0.560707
0.334868 0.948234 -0.543298
0.259555 0.930801 -0.561771
0.247771 0.844772 -0.519881
0.266789 0.894200 -0.456395
0.211706 0.972292 -0.458713
0.149309 0.901357 -0.458642
0.165277 0.849484 -0.397568
0.154018 0.931616 -0.351799
0.070078 0.942671 -0.371384
0.041563 0.842008 -0.366251
0.041431 0.820536 -0.294983
-0.015389 0.892676 -0.274712
-0.074155 0.877015 -0.322350
-0.083362 0.769054 -0.305793
-0.096830 0.781455 -0.233839
-0.167434 0.835666 -0.243702
-0.204130 0.758247 -0.282163
-0.199369 0.675407 -0.233649
-0.243641 0.739149 -0.180808
-0.320505 0.739362 -0.202143
-0.394344 0.693512 -0.203444
-0.380429 0.643163 -0.272015
-0.305222 0.586189 -0.259243
-0.304801 0.522411 -0.201173
-0.349967 0.438153 -0.229013
-0.293384 0.443007 -0.297585
-0.213942 0.426567 -0.305391
-0.219834 0.351522 -0.359510
-0.239458 0.427524 -0.409561
-0.175825 0.492612 -0.402630
-0.123925 0.417957 -0.424321
-0.154439 0.403536 -0.491023
-0.142628 0.508911 -0.511839
-0.062133 0.510045 -0.505452
-0.050980 0.431634 -0.555195
-0.086282 0.478546 -0.610734
-0.038274 0.563866 -0.614045
0.029778 0.507494 -0.626038
0.005840 0.457180 -0.687963
-0.006471 0.548914 -0.725761
0.068604 0.582291 -0.726187
0.096120 0.496935 -0.765712
0.050612 0.512915 -0.825650
0.082730 0.621089 -0.836057
0.161541 0.621018 -0.852000
0.156675 0.617192 -0.926603
0.136893 0.727137 -0.931097
0.216941 0.760692 -0.913665
0.278548 0.830032 -0.953237
0.283888 0.923254 -0.900135
0.278548 0.985863 -0.841900
0.197896 0.993268 -0.836294
0.184638 0.886086 -0.825934
0.232645 0.879743 -0.765310
0.187978 0.946427 -0.725619
0.122346 0.884775 -0.727748
0.157412 0.800234 -0.696833
0.179377 0.847252 -0.634127
0.103117 0.866244 -0.612792
0.074260 0.763987 -0.614211
0.132395 0.722248 -0.572581
0.117506 0.780852 -0.512856
0.042194 0.742834 -0.505476
0.060134 0.635085 -0.501644
0.114218 0.637034 -0.447927
0.064159 0.685398 -0.398846
0.005813 0.609999 -0.399437
0.050217 0.526840 -0.378007
0.082178 0.567976 -0.316555
0.009917 0.581795 -0.281240
-0.025885 0.476385 -0.290867
0.018703 0.398257 -0.261655
0.001157 0.419339 -0.189819
-0.080047 0.421536 -0.194030
-0.088386 0.318003 -0.215011
-0.053952 0.276016 -0.156208
-0.104012 0.319739 -0.106464
-0.172221 0.272189 -0.131443
-0.147258 0.164334 -0.124441
-0.106642 0.162740 -0.050950
-0.080495 0.244659 -0.003643
-0.025858 0.254580 0.050831
0.003762 0.152677 0.062469
0.028410 0.139213 -0.014831
0.077548 0.212097 -0.044871
0.148652 0.161429 -0.035953
0.127476 0.071998 -0.075147
0.108378 0.123127 -0.137285
0.180060 0.162881 -0.150389
0.221202 0.068986 -0.153275
0.179324 0.025299 -0.208671
0.189715 0.103355 -0.257137
0.271524 0.103497 -0.260378
0.278311 0.000531 -0.283795
0.233355 0.011480 -0.345199
0.275181 0.097013 -0.374364
0.343627 0.051164 -0.395629
0.318190 0.016511 -0.460889
0.299566 0.112851 -0.490882
0.371222 0.162456 -0.479055
0.414810 0.089714 -0.520827
0.364830 0.080537 -0.586182
0.343838 0.173511 -0.618161
0.414599 0.206144 -0.648674
0.431593 0.115261 -0.686969
0.363278 0.113666 -0.726045
0.376299 0.212699 -0.754902
0.446824 0.187436 -0.786409
0.417914 0.108032 -0.829103
0.375431 0.176275 -0.869693
0.439563 0.230486 -0.894647
0.477127 0.146228 -0.925846
0.412600 0.124119 -0.974241
0.393134 0.233675 -1.000000
0.422070 0.337172 -0.981905
0.349993 0.373454 -0.929962
0.298619 0.422492 -0.882229
0.226463 0.387663 -0.901720
0.231040 0.290472 -0.866712
0.238117 0.333487 -0.800577
0.166855 0.384686 -0.798401
0.120689 0.297771 -0.813019
0.143364 0.235411 -0.755848
0.124898 0.305177 -0.703598
0.047376 0.317011 -0.722237
0.025648 0.212097 -0.715093
0.044404 0.201998 -0.644606
-0.003367 0.283173 -0.619344
-0.071340 0.240761 -0.645788
-0.068473 0.146901 -0.610497
-0.072024 0.192113 -0.544551
-0.145311 0.239096 -0.552736
-0.187031 0.147964 -0.565225
-0.168302 0.099919 -0.503181
-0.199658 0.177727 -0.460156
-0.275155 0.173369 -0.483785
-0.288071 0.067817 -0.469475
-0.266105 0.064380 -0.400076
-0.318506 0.141870 -0.377960
-0.386137 0.091202 -0.398278
-0.374431 0.008433 -0.352934
-0.367487 0.061546 -0.290134
-0.441247 0.108032 -0.290489
-0.483704 0.014492 -0.292428
-0.455373 -0.026609 -0.229534
-0.477785 0.054743 -0.186342
-0.557175 0.042519 -0.200960
-0.562120 -0.060093 -0.173830
-0.536920 -0.043652 -0.106204
-0.595975 0.027106 -0.089221
-0.656899 -0.043759 -0.098304
-0.630935 -0.117564 -0.048584
-0.631645 -0.049109 0.008231
-0.709430 -0.021826 0.003193
-0.735867 -0.124544 0.012040
-0.702539 -0.144244 0.077465
-0.740339 -0.062502 0.111384
-0.814968 -0.097899 0.098493
-0.807339 -0.193388 0.131987
-0.790188 -0.150764 0.198524
-0.861739 -0.093222 0.202025
-0.913271 -0.188109 0.187099
-0.904932 -0.246324 0.246139
-0.937840 -0.273784 0.308939
-0.949730 -0.327782 0.374364
-0.952755 -0.438968 0.365518
-0.891201 -0.447968 0.422641
-0.941891 -0.415548 0.485796
-1.000000 -0.508309 0.490432
-0.938971 -0.597208 0.515718
-0.914008 -0.555504 0.594177
-0.981876 -0.561670 0.647681
-0.992582 -0.685080 0.649029
-0.939550 -0.720228 0.718949
-0.918953 -0.726641 0.790808
-0.891858 -0.735322 0.857369
-0.827358 -0.801864 0.893086
-0.792477 -0.823973 0.955082
-0.709457 -0.883889 0.971356
-0.644982 -0.925344 1.000000
-0.551914 -0.954363 0.980746
-0.481231 -0.994118 0.955981
-0.393240 -0.994012 0.919460
-0.333526 -1.000000 0.862620
-0.289701 -0.996988 0.795137
-0.270946 -0.994473 0.713319
-0.277706 -0.964497 0.635901
-0.250875 -0.922900 0.556236
-0.259398 -0.884704 0.484400
-0.246298 -0.809942 0.411973
-0.235013 -0.777593 0.341249
-0.224622 -0.673529 0.291743
