-0.155397 0.337265 -0.236880
-0.115967 0.365866 -0.198820
-0.069688 0.367217 -0.169760
-0.022618 0.369497 -0.144220
0.009996 0.366549 -0.100500
0.033388 0.347927 -0.048200
0.073357 0.371081 -0.041340
0.085844 0.391054 0.017820
0.052725 0.398767 0.078760
0.056662 0.359954 0.125320
0.100451 0.355872 0.164380
0.083084 0.361552 0.232040
0.066793 0.322739 0.269700
0.080728 0.295053 0.314700
0.051664 0.259640 0.283440
0.085726 0.260322 0.232820
0.128319 0.252159 0.270320
0.109656 0.210732 0.294700
0.103598 0.191892 0.236880
0.153765 0.198820 0.220480
0.172495 0.175100 0.269380
0.149153 0.134806 0.255640
0.169466 0.131639 0.200000
0.217647 0.134530 0.217200
0.217596 0.097765 0.253760
0.201743 0.069469 0.206560
0.243664 0.079579 0.171720
0.279980 0.066099 0.211260
0.261704 0.023728 0.214220
0.266703 0.015419 0.152500
0.317643 0.025151 0.149840
0.332267 -0.006210 0.190160
0.312511 -0.040229 0.154380
0.342617 -0.032400 0.107040
0.387449 -0.035348 0.134700
0.380095 -0.078591 0.152200
0.374710 -0.093509 0.093840
0.421511 -0.077851 0.075080
0.449648 -0.100206 0.117500
0.433072 -0.140035 0.098760
0.451348 -0.135271 0.041100
0.500926 -0.128124 0.058920
0.506832 -0.166370 0.089540
0.497105 -0.192023 0.039220
0.537343 -0.175332 0.006840
0.575073 -0.182828 0.051560
0.564033 -0.227872 0.053440
0.575326 -0.233101 -0.007700
0.623187 -0.214944 -0.003080
0.641597 -0.243763 0.043680
0.628976 -0.281893 0.011420
0.659739 -0.270316 -0.037040
0.703914 -0.264869 -0.001120
0.699976 -0.307996 0.026260
0.700498 -0.328419 -0.031900
0.745465 -0.309361 -0.047140
0.772811 -0.324105 0.006180
0.759651 -0.370413 -0.005040
0.780957 -0.370631 -0.066900
0.831174 -0.354754 -0.044820
0.852210 -0.368815 0.011600
0.855373 -0.341812 0.071420
0.829087 -0.379709 0.114540
0.827505 -0.418304 0.146720
0.795429 -0.448939 0.171720
0.775167 -0.457117 0.226560
0.750463 -0.486618 0.259380
0.691023 -0.498863 0.277200
0.649490 -0.526564 0.301880
0.590842 -0.547902 0.299700
0.537730 -0.575588 0.302500
0.486857 -0.587383 0.273760
0.491586 -0.630960 0.235780
0.513413 -0.668190 0.276260
0.467520 -0.675452 0.318760
0.438726 -0.714948 0.318120
0.403823 -0.748531 0.341880
0.379506 -0.783480 0.302200
0.364444 -0.818429 0.256720
0.352226 -0.848395 0.208600
0.338545 -0.867003 0.142820
0.336710 -0.895604 0.086880
0.331224 -0.915577 0.018680
0.357090 -0.933734 -0.034080
0.398304 -0.940997 -0.079220
0.437279 -0.964601 -0.108040
0.496314 -0.975495 -0.101160
0.533388 -1.000000 -0.104300
0.591902 -0.999099 -0.125260
0.645014 -0.988205 -0.145460
0.705227 -0.971864 -0.173280
0.746508 -0.962785 -0.216160
0.761772 -0.948260 -0.289520
0.781478 -0.935550 -0.351080
0.770960 -0.921939 -0.416880
0.763858 -0.885625 -0.472180
0.782017 -0.865637 -0.525940
0.780435 -0.836136 -0.584360
0.779644 -0.805268 -0.638740
0.785164 -0.760326 -0.681880
0.812510 -0.742169 -0.725000
0.799367 -0.710851 -0.783740
0.808303 -0.677718 -0.832500
0.809364 -0.645036 -0.879360
0.808051 -0.595111 -0.908740
0.825401 -0.557881 -0.944360
0.851688 -0.507041 -0.953120
0.891135 -0.483887 -0.982500
0.906903 -0.431014 -1.000000
0.933728 -0.385389 -0.998740
0.958971 -0.340911 -0.971240
0.986840 -0.305047 -0.936880
0.995254 -0.273265 -0.880620
1.000000 -0.241947 -0.842500
0.961597 -0.210398 -0.793740
0.906381 -0.200418 -0.820620
0.856955 -0.223558 -0.846240
0.810676 -0.256705 -0.860000
0.777810 -0.298917 -0.830620
0.740736 -0.322289 -0.840000
0.709956 -0.371313 -0.831880
0.695500 -0.416938 -0.788120
0.656053 -0.440310 -0.741880
0.626081 -0.453935 -0.699360
0.666050 -0.465730 -0.648740
0.668153 -0.429866 -0.604060
0.617398 -0.434645 -0.581880
0.618458 -0.480706 -0.572800
0.662633 -0.477540 -0.534060
0.635556 -0.449389 -0.495300
0.593215 -0.475724 -0.486560
0.621605 -0.511588 -0.465300
0.645014 -0.485253 -0.417800
0.597691 -0.474809 -0.391240
0.581115 -0.520202 -0.385620
0.629228 -0.533827 -0.353580
0.630288 -0.508407 -0.298280
0.621874 -0.507492 -0.239840
0.598465 -0.466181 -0.248440
0.556141 -0.481621 -0.277500
0.540221 -0.508407 -0.230940
0.537343 -0.473908 -0.189220
0.503803 -0.449389 -0.220860
0.466595 -0.480256 -0.225460
0.462001 -0.487069 -0.163580
0.449766 -0.442591 -0.153280
0.408233 -0.442591 -0.191480
0.382720 -0.477540 -0.163980
0.378378 -0.457117 -0.106940
0.353993 -0.420570 -0.129600
0.313991 -0.445307 -0.153580
0.300242 -0.466181 -0.101820
0.288445 -0.426467 -0.072580
0.255394 -0.412624 -0.124140
0.230268 -0.459833 -0.135620
0.193531 -0.472543 -0.091640
0.145350 -0.479806 -0.087160
0.148632 -0.488884 -0.024600
0.162768 -0.445757 -0.007760
0.119770 -0.426235 -0.033560
0.084279 -0.448023 -0.003620
0.099391 -0.433047 0.051640
0.092828 -0.389252 0.038760
0.043385 -0.392201 0.024540
0.028003 -0.408993 0.078120
0.044176 -0.373812 0.111560
0.015112 -0.343395 0.083840
-0.030241 -0.363368 0.095940
-0.025765 -0.363150 0.157820
-0.022618 -0.317975 0.162340
-0.068375 -0.308446 0.137340
-0.096766 -0.333648 0.174380
-0.083875 -0.313210 0.225780
-0.100973 -0.273265 0.209060
-0.149877 -0.286207 0.200780
-0.158830 -0.302316 0.257820
-0.147774 -0.264186 0.286260
-0.184326 -0.240582 0.259700
-0.225085 -0.266002 0.278120
-0.216418 -0.262603 0.339380
-0.220625 -0.218343 0.339060
-0.268991 -0.217210 0.319380
-0.290566 -0.242180 0.365320
-0.275319 -0.214479 0.411880
-0.302127 -0.179196 0.390640
-0.349467 -0.200302 0.390640
-0.347363 -0.210630 0.454380
-0.343156 -0.166603 0.473120
-0.389957 -0.156841 0.443440
-0.419407 -0.189059 0.476880
-0.402578 -0.170234 0.538440
-0.425718 -0.126076 0.523120
-0.478829 -0.148547 0.519700
-0.486200 -0.166603 0.588120
-0.501969 -0.125291 0.636260
-0.562973 -0.108035 0.626880
-0.611895 -0.126192 0.634380
-0.656053 -0.102137 0.649380
-0.706018 -0.108601 0.645640
-0.759146 -0.094541 0.617500
-0.810676 -0.079274 0.593120
-0.864326 -0.058894 0.588120
-0.913752 -0.049366 0.593120
-0.960032 -0.063949 0.613760
-0.986335 -0.111666 0.631260
-1.000000 -0.159223 0.654380
-0.995793 -0.207899 0.668760
-0.968446 -0.255790 0.671260
-0.948470 -0.299818 0.681880
-0.914813 -0.342494 0.671880
-0.873784 -0.382440 0.665640
-0.835919 -0.420802 0.663760
-0.782808 -0.452120 0.661880
-0.739676 -0.484338 0.672500
-0.684982 -0.509758 0.670000
-0.632931 -0.534727 0.672500
-0.574030 -0.553800 0.666880
-0.510922 -0.554250 0.674380
-0.456228 -0.572407 0.696260
-0.406264 -0.596912 0.668760
-0.360506 -0.621431 0.681260
-0.302649 -0.640954 0.658120
-0.240079 -0.639138 0.675640
-0.194591 -0.645951 0.706260
-0.130154 -0.637322 0.730640
-0.073374 -0.618700 0.745640
-0.037596 -0.576489 0.773760
-0.021305 -0.536093 0.815640
-0.024974 -0.489799 0.853760
-0.028929 -0.459833 0.903120
0.001834 -0.414672 0.930000
0.014978 -0.374494 0.965000
0.053381 -0.335449 0.983120
0.095587 -0.303449 0.998760
0.151392 -0.284609 1.000000
0.205160 -0.277811 0.993120
0.259567 -0.287108 0.963120
0.308118 -0.293238 0.925640
0.350123 -0.298002 0.871260
0.384302 -0.283258 0.811880
0.401787 -0.247394 0.756880
0.406449 -0.191224 0.741260
0.422167 -0.144465 0.781880
0.451870 -0.114964 0.821260
0.450557 -0.063717 0.858760
0.464760 -0.040578 0.913760
0.489869 0.010669 0.925000
0.489734 0.059011 0.947500
0.481455 0.107628 0.962500
0.472519 0.156493 0.963120
0.461479 0.205967 0.945000
0.460553 0.251360 0.931260
0.478560 0.292105 0.898760
0.501178 0.326138 0.859380
0.529181 0.355872 0.815000
0.562182 0.376078 0.768760
0.600569 0.386289 0.719380
0.631349 0.385606 0.658120
0.654471 0.390153 0.593760
0.661842 0.394467 0.521260
0.647639 0.413292 0.452200
0.622396 0.444842 0.402820
0.584279 0.480474 0.371260
0.537208 0.512024 0.361260
0.479351 0.532461 0.375000
0.429925 0.547437 0.399700
0.368449 0.558332 0.420000
0.304079 0.557881 0.437500
0.240635 0.553335 0.440640
0.181953 0.541075 0.444700
0.125812 0.536993 0.449380
0.072566 0.546522 0.459380
0.026825 0.585567 0.454700
-0.016307 0.615069 0.453440
-0.043132 0.660462 0.451880
-0.054963 0.712202 0.438440
-0.064421 0.759411 0.426260
-0.050217 0.808900 0.418760
-0.020245 0.854743 0.407500
0.017350 0.893323 0.390320
0.059170 0.925556 0.365640
0.103598 0.953707 0.346560
0.162431 0.962771 0.335640
0.218942 0.969133 0.307820
0.267342 0.973665 0.269060
0.313167 0.971864 0.222820
0.350056 0.968232 0.161420
0.366093 0.970949 0.088680
0.365370 0.975495 0.015600
0.343930 0.982758 -0.053460
0.308202 0.993652 -0.108860
0.257447 0.994553 -0.151940
0.203527 1.000000 -0.181560
0.142708 0.990021 -0.198660
0.084531 0.976396 -0.181560
0.023931 0.980928 -0.165460
-0.022618 0.990921 -0.216720
-0.089411 0.982758 -0.230460
-0.142523 0.989106 -0.240300
-0.185908 0.990021 -0.297800
-0.222190 0.980027 -0.349840
-0.257161 0.951426 -0.401240
-0.295295 0.948245 -0.442180
-0.296877 0.931003 -0.513120
-0.300024 0.918743 -0.575300
-0.273198 0.897870 -0.634680
-0.273737 0.861091 -0.688120
-0.286880 0.834770 -0.740620
-0.282151 0.788927 -0.781240
-0.297398 0.746715 -0.814360
-0.309498 0.693595 -0.821240
-0.345781 0.650933 -0.809360
-0.390478 0.622782 -0.805620
-0.408367 0.574673 -0.778740
-0.455690 0.551069 -0.755620
-0.463061 0.502945 -0.721880
-0.492511 0.468229 -0.670300
-0.481472 0.424419 -0.629060
-0.480411 0.401948 -0.556560
-0.473579 0.392637 -0.487800
-0.456750 0.396951 -0.420620
-0.439400 0.418057 -0.357020
-0.428343 0.430099 -0.300160
-0.400996 0.436214 -0.249840
-0.410471 0.430781 -0.195620
-0.397849 0.424187 -0.146160
-0.404682 0.388337 -0.116980
-0.407829 0.370630 -0.070880
-0.405742 0.337715 -0.051700
-0.432550 0.305715 -0.025100
-0.426778 0.274398 0.010600
-0.391000 0.237851 0.008360
-0.386271 0.207434 0.043920
-0.373128 0.168520 0.027740
-0.356821 0.134530 0.047740
-0.334220 0.098448 0.034220
-0.332099 0.055771 0.038360
-0.301084 0.023800 0.046800
-0.293191 0.022493 -0.016320
-0.267948 0.062787 -0.022060
-0.228501 0.053215 0.017120
-0.211151 0.017845 -0.014960
-0.199320 0.040970 -0.065260
-0.166454 0.068365 -0.037880
-0.134900 0.036336 -0.019600
-0.125173 0.020779 -0.073800
-0.105971 0.057311 -0.097960
-0.067315 0.060855 -0.056900
-0.045236 0.022290 -0.070380
-0.037343 0.030424 -0.130040
-0.008684 0.066332 -0.121440
0.027868 0.045240 -0.090320
0.040625 0.018557 -0.134360
0.052842 0.048697 -0.175300
0.092154 0.065678 -0.142180
0.119636 0.029422 -0.139360
0.126603 0.025108 -0.197800
0.150735 0.062729 -0.204840
0.190047 0.053520 -0.169600
0.205631 0.018542 -0.199360
0.214803 0.038893 -0.251720
0.250597 0.066070 -0.230300
0.281882 0.035290 -0.210540
0.290414 0.017394 -0.264060
0.309330 0.053810 -0.289060
0.348272 0.059156 -0.250160
0.370301 0.021404 -0.261080
0.377655 0.028797 -0.319840
0.405473 0.066215 -0.311720
0.442799 0.047986 -0.279680
0.456481 0.019762 -0.322660
0.466999 0.050557 -0.364060
0.502238 0.072592 -0.329840
0.532210 0.037396 -0.322180
0.539564 0.031615 -0.382660
0.556932 0.073725 -0.392180
0.595840 0.071067 -0.351080
0.617667 0.034317 -0.379060
0.619249 0.056425 -0.433740
0.643432 0.093959 -0.409060
0.683400 0.067639 -0.385940
0.692336 0.054755 -0.448120
0.682357 0.102239 -0.462800
0.718118 0.122328 -0.431240
0.735199 0.117622 -0.492500
0.689189 0.139410 -0.522800
0.677359 0.176800 -0.479680
0.733886 0.181346 -0.469680
0.737572 0.183263 -0.537800
0.699185 0.219926 -0.546560
0.720221 0.248295 -0.498740
0.775167 0.237851 -0.523120
0.760711 0.243865 -0.590300
0.742048 0.288923 -0.588440
0.790684 0.307531 -0.573120
0.819612 0.285742 -0.629060
0.776749 0.296419 -0.685300
0.755983 0.337497 -0.701880
0.746256 0.364951 -0.744360
0.727845 0.403531 -0.752500
0.678402 0.383573 -0.756240
0.676568 0.370180 -0.694060
0.681566 0.414208 -0.674060
0.639763 0.433047 -0.703740
0.602420 0.404446 -0.678120
0.613729 0.415573 -0.619680
0.606880 0.459150 -0.626560
0.555081 0.455054 -0.643740
0.541146 0.431232 -0.590300
0.561661 0.463464 -0.551560
0.532867 0.498413 -0.577800
0.484215 0.474809 -0.564360
0.493167 0.479573 -0.503440
0.494346 0.525198 -0.503740
0.443994 0.531996 -0.528120
0.422554 0.506126 -0.483740
0.450170 0.527000 -0.439060
0.431490 0.570126 -0.456880
0.377268 0.554250 -0.449680
0.384891 0.545622 -0.388440
0.400996 0.590099 -0.373900
0.354061 0.613253 -0.399680
0.318401 0.587383 -0.360300
0.341305 0.603260 -0.305620
0.325721 0.648202 -0.319840
