-0.676480 -0.065037 -1.000000
-0.705426 -0.184582 -0.982849
-0.738296 -0.301334 -0.952954
-0.730992 -0.417700 -0.923520
-0.732118 -0.504888 -0.875400
-0.741676 -0.611714 -0.846288
-0.768129 -0.668951 -0.793470
-0.783626 -0.750940 -0.754101
-0.781339 -0.754206 -0.696108
-0.831823 -0.747330 -0.649723
-0.869711 -0.755839 -0.603292
-0.860598 -0.684679 -0.552730
-0.865411 -0.617859 -0.510614
-0.841312 -0.502439 -0.478707
-0.896267 -0.524268 -0.427946
-0.829536 -0.482586 -0.381530
-0.767788 -0.392218 -0.349102
-0.822163 -0.411297 -0.300153
-0.773318 -0.489161 -0.254474
-0.655385 -0.474722 -0.236433
-0.661803 -0.399738 -0.189986
-0.632448 -0.490192 -0.157343
-0.569676 -0.474808 -0.123425
-0.534245 -0.510603 -0.084686
-0.511512 -0.484949 -0.041756
-0.442322 -0.482371 -0.011969
-0.401703 -0.429474 0.023392
-0.337225 -0.356638 0.041802
-0.274418 -0.337774 0.076165
-0.264759 -0.271770 0.115426
-0.200451 -0.229143 0.147762
-0.173758 -0.168511 0.186101
-0.153756 -0.042477 0.177058
-0.109586 -0.052360 0.134112
-0.008960 -0.081537 0.146687
0.052822 -0.025503 0.180098
0.122523 -0.146510 0.182094
0.187889 -0.180672 0.148038
0.278685 -0.199837 0.174140
0.285034 -0.200954 0.220387
0.341150 -0.211826 0.267586
0.399450 -0.273059 0.307170
0.489700 -0.243796 0.340857
0.581964 -0.274649 0.369861
0.653815 -0.220334 0.410657
0.754203 -0.199192 0.439585
0.834144 -0.144103 0.459929
0.940744 -0.140064 0.478416
0.938320 0.016308 0.477479
0.939071 0.146768 0.466470
0.953373 0.128118 0.419793
0.862100 0.071396 0.412945
0.803014 0.168511 0.429773
0.832608 0.259652 0.398251
0.803560 0.194594 0.359436
0.700749 0.181875 0.372594
0.678153 0.309112 0.372886
0.699759 0.337903 0.327637
0.636066 0.251445 0.305849
0.545202 0.283845 0.326885
0.544724 0.407816 0.309933
0.549264 0.380960 0.263410
0.462530 0.292010 0.263886
0.385148 0.273446 0.294380
0.352790 0.180500 0.325334
0.309781 0.090991 0.356580
0.299916 0.047676 0.402412
0.289710 -0.055411 0.434318
0.405356 -0.037449 0.455308
0.365487 0.076897 0.475053
0.326165 0.202888 0.469387
0.442834 0.253121 0.463645
0.543017 0.290549 0.457503
0.573772 0.291752 0.502829
0.581486 0.147756 0.505547
0.672862 0.123907 0.487552
0.756524 0.021249 0.505685
0.786493 -0.085663 0.525384
0.701705 -0.176976 0.519273
0.618077 -0.148873 0.490070
0.532401 -0.169757 0.465073
0.502534 -0.145049 0.413943
0.411670 -0.106890 0.383219
0.376683 -0.084717 0.332090
0.327974 -0.016350 0.294779
0.339204 -0.009088 0.239288
0.346475 -0.003588 0.192366
0.403854 -0.034656 0.155439
0.471370 0.067486 0.158725
0.505197 0.038566 0.202576
0.547591 -0.080635 0.195790
0.632584 -0.039555 0.172221
0.671531 0.038266 0.206308
0.678084 -0.052403 0.240548
0.739525 -0.141869 0.219128
0.820661 -0.062029 0.212250
0.837626 -0.033367 0.257360
0.854112 -0.155620 0.273406
0.937877 -0.179597 0.245138
1.000000 -0.077971 0.257883
0.991774 -0.110113 0.306525
0.959142 -0.224760 0.326209
0.855648 -0.252390 0.338462
0.773932 -0.327847 0.352925
0.674398 -0.401285 0.331829
0.556807 -0.420493 0.318348
0.465397 -0.464108 0.301212
0.356203 -0.476699 0.307999
0.329886 -0.414993 0.259188
0.315584 -0.405582 0.209624
0.193658 -0.376963 0.215321
0.104193 -0.316933 0.228648
0.040431 -0.369701 0.196665
0.050876 -0.495434 0.209041
0.015207 -0.479406 0.253338
-0.083440 -0.443396 0.240793
-0.109860 -0.549578 0.213831
-0.106480 -0.640719 0.247411
-0.184100 -0.583439 0.276569
-0.278002 -0.581634 0.246889
-0.329613 -0.702769 0.244171
-0.412455 -0.667104 0.280745
-0.506255 -0.607804 0.270565
-0.585923 -0.699676 0.281590
-0.593296 -0.666459 0.334915
-0.638626 -0.543476 0.350653
-0.748707 -0.552672 0.360388
-0.748195 -0.573040 0.410243
-0.792057 -0.538878 0.460052
-0.778711 -0.638270 0.491682
-0.720888 -0.718583 0.517354
-0.725291 -0.816943 0.480750
-0.696892 -0.733064 0.439508
-0.601488 -0.680339 0.447922
-0.492363 -0.663795 0.441074
-0.396242 -0.664482 0.465503
-0.334221 -0.686827 0.420745
-0.348420 -0.539308 0.404270
-0.373304 -0.414649 0.386935
-0.434369 -0.282169 0.389300
-0.486150 -0.166921 0.389545
-0.555510 -0.086135 0.407356
-0.641664 -0.156006 0.395580
-0.619204 -0.262102 0.421528
-0.616746 -0.198462 0.462616
-0.714164 -0.147928 0.461557
-0.764545 -0.262703 0.457611
-0.726896 -0.307995 0.498745
-0.767856 -0.216466 0.526920
-0.868073 -0.239671 0.515527
-0.870633 -0.365662 0.529346
-0.845067 -0.345766 0.574856
-0.924667 -0.266957 0.586387
-1.000000 -0.361322 0.577328
-0.958869 -0.479105 0.600590
-0.910092 -0.409234 0.644426
-0.954807 -0.332574 0.679418
-0.895209 -0.392905 0.715532
-0.790248 -0.345680 0.691702
-0.820217 -0.231291 0.659504
-0.785162 -0.094300 0.639758
-0.791374 0.016651 0.607330
-0.727886 0.149647 0.595262
-0.683614 0.281525 0.594970
-0.603946 0.391402 0.596843
-0.603024 0.429947 0.541184
-0.526701 0.466472 0.500633
-0.467172 0.498743 0.461925
-0.454338 0.560664 0.420822
-0.539194 0.487657 0.400032
-0.616712 0.435533 0.433182
-0.605584 0.327332 0.462616
-0.606847 0.250457 0.502169
-0.581145 0.200481 0.548170
-0.587050 0.073373 0.568791
-0.624017 -0.019487 0.609050
-0.624529 -0.116688 0.646668
-0.671940 -0.180758 0.685652
-0.649583 -0.284060 0.720568
-0.733415 -0.336313 0.757664
-0.800659 -0.319941 0.792533
-0.850938 -0.250371 0.824685
-0.802604 -0.137228 0.858833
-0.753827 -0.037621 0.885073
-0.641664 -0.099972 0.892965
-0.561483 -0.094859 0.857267
-0.481269 -0.104871 0.826850
-0.404809 -0.092151 0.783996
-0.374328 -0.096019 0.732529
-0.315754 -0.071697 0.690458
-0.318656 -0.084502 0.636135
-0.254553 -0.071697 0.589903
-0.247419 -0.058161 0.534812
-0.207823 0.033410 0.504257
-0.133651 0.128333 0.503259
-0.110474 0.052833 0.461572
-0.139488 -0.003201 0.419072
-0.069616 -0.111445 0.416538
-0.114399 -0.193649 0.454325
-0.180858 -0.301162 0.452958
-0.164371 -0.346669 0.497655
-0.228918 -0.264508 0.519227
-0.319373 -0.304514 0.501309
-0.307153 -0.430032 0.514590
-0.308074 -0.406570 0.561129
-0.402830 -0.356810 0.565520
-0.449149 -0.470167 0.550658
-0.409213 -0.551469 0.583255
-0.451812 -0.497067 0.620658
-0.551448 -0.517736 0.607806
-0.547147 -0.647638 0.604889
-0.515983 -0.674580 0.648403
-0.594149 -0.614593 0.670958
-0.671906 -0.694175 0.652456
-0.637772 -0.820510 0.658199
-0.602171 -0.807662 0.707517
-0.670029 -0.779860 0.741603
-0.689349 -0.915390 0.751814
-0.582919 -0.975249 0.750739
-0.520591 -0.878263 0.775475
-0.483522 -0.816729 0.814014
-0.442254 -0.712782 0.790460
-0.529978 -0.666889 0.771544
-0.581827 -0.653740 0.811388
-0.516222 -0.566766 0.830965
-0.523390 -0.473003 0.798675
-0.629853 -0.455557 0.797278
-0.633506 -0.425435 0.846273
-0.546704 -0.317148 0.846933
-0.554486 -0.263563 0.796234
-0.525438 -0.193133 0.754885
-0.517075 -0.157768 0.704185
-0.471063 -0.085061 0.666720
-0.473623 -0.086694 0.614977
-0.414230 -0.061212 0.570557
-0.390371 -0.102378 0.526367
-0.377810 0.048020 0.514775
-0.328896 0.168339 0.512164
-0.322957 0.176718 0.461941
-0.394603 0.187848 0.427455
-0.329135 0.241819 0.394505
-0.257966 0.147025 0.393599
-0.320294 0.045915 0.384018
-0.352312 0.090475 0.343283
-0.257522 0.101777 0.323184
-0.237554 -0.031820 0.324643
-0.316710 -0.054938 0.290971
-0.303023 0.049266 0.254259
-0.182803 0.091249 0.254842
-0.116243 0.033883 0.297834
-0.070469 -0.052145 0.326808
-0.008380 0.055798 0.348027
-0.060605 0.128462 0.378751
-0.057464 0.207185 0.423233
-0.124913 0.319554 0.427071
-0.196764 0.409106 0.413360
-0.253802 0.528479 0.388639
-0.220726 0.653138 0.390236
-0.180551 0.778012 0.379749
-0.117267 0.879767 0.358576
-0.083167 1.000000 0.339506
0.021555 0.953763 0.322677
-0.005513 0.813334 0.307262
-0.032888 0.688331 0.292000
-0.043469 0.626324 0.334853
-0.089174 0.536472 0.372410
-0.074702 0.529940 0.421666
-0.045005 0.452377 0.466040
-0.025652 0.393077 0.506146
-0.069684 0.346196 0.544884
0.037701 0.333863 0.564369
0.042172 0.489332 0.566595
-0.050091 0.546355 0.590748
-0.033059 0.561051 0.639344
-0.008619 0.609780 0.684531
0.111054 0.567282 0.680708
0.178195 0.623488 0.654130
0.163859 0.680639 0.611890
0.251139 0.678276 0.584053
0.336201 0.589713 0.593081
0.369993 0.470683 0.582886
0.304934 0.420966 0.544347
0.277388 0.546742 0.516387
0.233458 0.652322 0.483989
0.213217 0.760222 0.452958
0.183076 0.692843 0.410872
0.106276 0.640333 0.381930
0.173075 0.533206 0.366575
0.173485 0.454139 0.405805
0.147202 0.358572 0.438618
0.162391 0.463034 0.475621
0.093612 0.556238 0.482193
0.039407 0.634317 0.516786
0.002611 0.765507 0.501478
-0.020975 0.881701 0.526690
-0.058864 0.797478 0.572461
-0.118222 0.727736 0.602417
-0.206287 0.694390 0.578142
-0.231751 0.697140 0.530927
-0.293977 0.587779 0.530543
-0.383271 0.523065 0.539372
-0.333811 0.419204 0.559271
-0.290495 0.484906 0.594893
-0.378697 0.538105 0.611829
-0.429727 0.427153 0.622884
-0.357022 0.377694 0.652318
-0.348455 0.478590 0.681890
-0.449491 0.473863 0.695464
-0.451709 0.351052 0.711770
-0.372416 0.360591 0.743093
-0.409691 0.457362 0.769625
-0.497483 0.393120 0.783459
-0.437646 0.269106 0.798644
-0.356920 0.261672 0.829660
-0.408291 0.190727 0.863762
-0.418497 0.074662 0.831226
-0.320260 0.051802 0.813200
-0.232673 -0.046645 0.809745
-0.223627 -0.045700 0.754178
-0.159388 -0.052532 0.708699
-0.160924 -0.100058 0.657354
-0.101667 -0.116516 0.613840
-0.087877 -0.155233 0.563110
0.002270 -0.202716 0.531403
0.094397 -0.204735 0.494231
0.191849 -0.282255 0.511105
0.250354 -0.383495 0.547986
0.224617 -0.417915 0.591270
0.174987 -0.324667 0.629210
0.172256 -0.251488 0.675703
0.152493 -0.119309 0.693084
0.179219 0.006080 0.724913
0.228509 0.101820 0.750125
0.271483 0.176332 0.710756
0.295001 0.258320 0.670528
0.351629 0.371291 0.687955
0.424675 0.280235 0.722518
0.484444 0.239628 0.761180
0.402864 0.177449 0.798122
0.330739 0.149088 0.832761
0.239261 0.127903 0.859862
0.187582 0.099113 0.899767
0.163415 -0.035687 0.880636
0.228952 -0.130782 0.868260
0.186558 -0.235374 0.888620
0.099278 -0.233827 0.860660
0.140102 -0.233870 0.816793
0.201816 -0.339922 0.821952
0.125561 -0.425606 0.832592
0.072551 -0.407344 0.791934
0.148499 -0.441935 0.761809
0.167989 -0.563157 0.777225
0.070060 -0.610468 0.771160
0.063608 -0.585115 0.724391
0.144710 -0.660658 0.709129
0.109313 -0.774789 0.727017
0.017835 -0.775176 0.703003
0.063540 -0.776121 0.660886
0.123991 -0.883763 0.664294
0.051047 -0.983327 0.669131
0.027290 -1.000000 0.620596
0.134845 -0.973530 0.593957
0.219770 -0.891240 0.607131
0.217791 -0.756440 0.608359
0.269776 -0.632168 0.616619
0.281416 -0.513568 0.646008
0.300189 -0.395999 0.664740
0.316130 -0.299014 0.707547
0.306607 -0.144060 0.719800
0.325448 -0.031777 0.699471
0.336883 0.038309 0.660594
0.439182 0.069162 0.663818
0.471882 -0.071139 0.663435
0.407984 -0.132157 0.628166
0.409998 -0.013643 0.594985
0.398222 0.141181 0.610063
0.360811 0.263047 0.607514
0.260014 0.351095 0.617986
0.174611 0.447264 0.613948
0.069616 0.418774 0.619322
0.019132 0.309800 0.640925
-0.048828 0.233010 0.665170
0.015309 0.195239 0.700976
0.030533 0.316288 0.718633
-0.070128 0.345680 0.725113
-0.095592 0.251918 0.755330
-0.024866 0.285521 0.788142
-0.052173 0.413016 0.794514
-0.158364 0.372151 0.806367
-0.163074 0.242249 0.830428
-0.123650 0.123219 0.813492
-0.060024 0.017210 0.826343
-0.072039 -0.035988 0.776288
-0.005615 -0.038137 0.732130
-0.004489 -0.094816 0.680677
0.045313 -0.166405 0.638776
0.048726 -0.239413 0.595523
0.098698 -0.325656 0.563540
0.081597 -0.427970 0.532923
0.104023 -0.482113 0.492250
0.223935 -0.487270 0.492173
0.322001 -0.447092 0.470677
0.302306 -0.446619 0.417628
0.257625 -0.525127 0.386321
0.168399 -0.431536 0.389868
0.128053 -0.333863 0.414941
0.034663 -0.308381 0.390927
0.022614 -0.453280 0.377400
-0.027426 -0.546570 0.398313
-0.094533 -0.647380 0.391910
-0.174987 -0.724040 0.404639
-0.117028 -0.812517 0.429390
-0.103477 -0.712180 0.466255
-0.189425 -0.696410 0.491237
-0.180278 -0.798810 0.520625
-0.088185 -0.774961 0.540815
-0.109962 -0.652536 0.554819
-0.193931 -0.678964 0.581765
-0.153209 -0.768601 0.611814
-0.079549 -0.688761 0.631068
-0.141228 -0.586361 0.642645
-0.199392 -0.649571 0.674229
-0.120270 -0.658982 0.706166
-0.105320 -0.531702 0.712568
-0.202157 -0.500849 0.726372
-0.206322 -0.581591 0.762992
-0.127063 -0.524354 0.786852
-0.163654 -0.404336 0.791351
-0.258341 -0.431193 0.811219
-0.216971 -0.494790 0.849083
-0.169423 -0.387620 0.865911
-0.256157 -0.313710 0.877534
-0.281040 -0.396687 0.916043
-0.189630 -0.348559 0.940717
-0.102691 -0.302022 0.958405
-0.010325 -0.269364 0.969338
0.068421 -0.271813 1.000000
