-0.131616 1.000000 -0.762775
-0.145550 0.950047 -0.725471
-0.115130 0.901508 -0.698262
-0.125215 0.850345 -0.667519
-0.108205 0.803322 -0.638275
-0.117034 0.751904 -0.623374
-0.112432 0.705358 -0.576890
-0.097410 0.649425 -0.572415
-0.083978 0.626919 -0.483897
-0.128792 0.603578 -0.425055
-0.145194 0.545668 -0.439270
-0.088853 0.511287 -0.413688
-0.091343 0.501099 -0.325908
-0.134106 0.455115 -0.308006
-0.097975 0.405827 -0.329722
-0.049186 0.398637 -0.263684
-0.080317 0.375092 -0.195992
-0.080045 0.318136 -0.197925
-0.016130 0.300486 -0.160189
0.000753 0.321492 -0.085708
-0.033579 0.285476 -0.035791
0.002385 0.238402 -0.039707
0.059291 0.253446 0.005226
0.031298 0.257722 0.085275
0.017930 0.203953 0.108263
0.080756 0.182554 0.117087
0.107766 0.209745 0.178243
0.068120 0.187972 0.234237
0.085924 0.136519 0.223532
0.149379 0.142619 0.239272
0.143772 0.159400 0.314338
0.116595 0.114558 0.342081
0.164003 0.081728 0.319983
0.211390 0.104285 0.361610
0.184066 0.099617 0.431590
0.180007 0.046886 0.430954
0.243420 0.040293 0.427089
0.259990 0.065610 0.492034
0.224403 0.035471 0.541417
0.254864 -0.009183 0.524761
0.315034 0.005690 0.540731
0.300640 0.016219 0.616127
0.284321 -0.034109 0.634309
0.341081 -0.055167 0.616025
0.375601 -0.026527 0.666527
0.344261 -0.041673 0.732209
0.359534 -0.093790 0.724937
0.424453 -0.087350 0.728827
0.421649 -0.063191 0.802647
0.392924 -0.104046 0.846156
0.450877 -0.138785 0.834382
0.505021 -0.105989 0.865609
0.541152 -0.089360 0.925723
0.572702 -0.053650 0.966154
0.595381 0.003748 0.970884
0.605527 0.055115 1.000000
0.622181 0.107812 0.994813
0.627683 0.165806 0.965798
0.621386 0.223171 0.966078
0.635863 0.273925 0.950032
0.683229 0.311628 0.895106
0.663563 0.327898 0.808725
0.630256 0.383389 0.797409
0.691765 0.418673 0.802495
0.741349 0.428691 0.740245
0.739257 0.450601 0.650176
0.754550 0.485970 0.594767
0.766685 0.466190 0.504215
0.787230 0.461181 0.425792
0.825955 0.414448 0.383174
0.841479 0.375211 0.326137
0.853718 0.323537 0.300785
0.821582 0.274231 0.265566
0.803757 0.234875 0.222769
0.762291 0.192657 0.214962
0.752375 0.149195 0.174327
0.702142 0.113826 0.165046
0.726076 0.066990 0.126597
0.685970 0.022012 0.158053
0.635863 -0.001142 0.098066
0.660216 -0.044433 0.038639
0.681158 -0.097981 0.068492
0.617181 -0.137422 0.067679
0.571007 -0.158276 0.017559
0.604377 -0.210614 0.010159
0.599502 -0.238402 0.087895
0.529541 -0.261181 0.081359
0.528599 -0.323264 0.074723
0.546655 -0.355925 0.153272
0.513536 -0.348616 0.229914
0.448261 -0.369435 0.224015
0.460940 -0.426118 0.226227
0.483347 -0.434228 0.309964
0.425750 -0.425897 0.362195
0.389995 -0.476361 0.342284
0.420771 -0.518255 0.404153
0.426566 -0.535259 0.484126
0.408385 -0.552926 0.554793
0.451190 -0.603169 0.583349
0.497699 -0.631604 0.624798
0.566676 -0.651401 0.617220
0.632704 -0.667962 0.621848
0.691577 -0.675356 0.570838
0.745554 -0.669750 0.507851
0.780618 -0.649544 0.439041
0.812293 -0.641980 0.362449
0.825306 -0.640123 0.277644
0.864597 -0.627294 0.216208
0.891816 -0.626357 0.146788
0.891041 -0.646239 0.059465
0.928721 -0.655150 -0.004692
0.950207 -0.663174 -0.090107
0.990041 -0.671284 -0.150144
1.000000 -0.704660 -0.223278
0.989581 -0.740080 -0.288986
0.992678 -0.767578 -0.354566
0.955165 -0.807565 -0.409442
0.933491 -0.838470 -0.477031
0.876585 -0.866616 -0.506936
0.829512 -0.908306 -0.534831
0.784531 -0.959656 -0.522854
0.715532 -0.977835 -0.521583
0.651952 -1.000000 -0.544875
0.582367 -0.990135 -0.587520
0.537010 -0.975143 -0.649261
0.498828 -0.973456 -0.717537
0.444768 -0.984377 -0.766767
0.368990 -0.987239 -0.774701
0.317586 -0.997819 -0.823346
0.239884 -0.994003 -0.813353
0.176493 -0.998535 -0.807275
0.105151 -0.984701 -0.774726
0.048914 -0.975671 -0.739558
0.005314 -0.938615 -0.688980
-0.056383 -0.934321 -0.662611
-0.089481 -0.897214 -0.605523
-0.144232 -0.887588 -0.571296
-0.178982 -0.841077 -0.535136
-0.240366 -0.826425 -0.526872
-0.283882 -0.791294 -0.501748
-0.346751 -0.788568 -0.487000
-0.402046 -0.753846 -0.527075
-0.463450 -0.748650 -0.556395
-0.524562 -0.725735 -0.559751
-0.576928 -0.685680 -0.594818
-0.630780 -0.676122 -0.645752
-0.702958 -0.673856 -0.656254
-0.767836 -0.695085 -0.613050
-0.828926 -0.704677 -0.585256
-0.874848 -0.703791 -0.507775
-0.926189 -0.702172 -0.459002
-0.944475 -0.714507 -0.375927
-0.973995 -0.707471 -0.288706
-0.974874 -0.692666 -0.203036
-0.991548 -0.680739 -0.123342
-0.974476 -0.650055 -0.042479
-0.984204 -0.624823 0.030044
-1.000000 -0.575705 0.089293
-0.987112 -0.524491 0.127208
-0.998180 -0.463566 0.150119
-0.987698 -0.409796 0.165758
-0.974518 -0.350115 0.135345
-0.969852 -0.296209 0.103432
-0.938073 -0.254127 0.064373
-0.920562 -0.216339 -0.009218
-0.900665 -0.186694 -0.074850
-0.863676 -0.165994 -0.140456
-0.822336 -0.133742 -0.182439
-0.753504 -0.112769 -0.209648
-0.738901 -0.073584 -0.252368
-0.682560 -0.029185 -0.244867
-0.628813 0.001482 -0.233525
-0.586991 0.038334 -0.205605
-0.588226 0.085442 -0.163749
-0.564815 0.119635 -0.112281
-0.556279 0.150319 -0.045276
-0.563810 0.191805 0.001716
-0.571844 0.220513 0.067552
-0.613708 0.234023 0.127258
-0.638249 0.256444 0.189025
-0.646994 0.255746 0.277975
-0.684443 0.279564 0.335546
-0.694694 0.262016 0.426657
-0.694715 0.254809 0.506809
-0.654651 0.258284 0.585867
-0.636428 0.264384 0.658618
-0.566091 0.252100 0.696889
-0.512093 0.247994 0.734778
-0.438303 0.238930 0.704161
-0.379974 0.225811 0.673596
-0.339240 0.193032 0.637157
-0.311143 0.148394 0.623883
-0.265262 0.131630 0.572644
-0.244111 0.103740 0.506809
-0.249969 0.050975 0.523566
-0.301812 0.037857 0.480744
-0.269488 0.043036 0.409035
-0.222562 0.004293 0.415392
-0.256873 -0.039509 0.421470
-0.292858 -0.034279 0.355431
-0.241516 -0.033853 0.306633
-0.214967 -0.080245 0.327408
-0.267333 -0.110452 0.313245
-0.273484 -0.097197 0.237848
-0.215281 -0.116262 0.218268
-0.224047 -0.165346 0.241103
-0.275974 -0.172621 0.196755
-0.242897 -0.162109 0.129496
-0.201013 -0.201721 0.131124
-0.247793 -0.239015 0.134251
-0.281665 -0.219899 0.065644
-0.229319 -0.204822 0.007641
-0.218984 -0.245404 -0.043776
-0.253965 -0.209370 -0.104652
-0.212770 -0.194241 -0.161613
-0.194130 -0.205247 -0.230804
-0.166994 -0.234671 -0.283417
-0.130821 -0.223971 -0.345031
-0.104712 -0.273499 -0.351795
-0.051864 -0.295903 -0.354643
0.004707 -0.302428 -0.346073
0.038788 -0.341034 -0.364560
0.059103 -0.380135 -0.330587
0.105444 -0.393662 -0.283645
0.129273 -0.425965 -0.339869
0.171074 -0.386336 -0.365628
0.210260 -0.385075 -0.305133
0.228796 -0.434654 -0.307421
0.248923 -0.433597 -0.382589
0.293067 -0.394429 -0.373511
0.327503 -0.419184 -0.318814
0.341541 -0.460704 -0.362220
0.371124 -0.432780 -0.418622
0.417444 -0.412301 -0.373333
0.442466 -0.457705 -0.351846
0.455417 -0.474282 -0.423606
0.494268 -0.434517 -0.445601
0.539792 -0.443155 -0.392430
0.552806 -0.492427 -0.411959
0.565212 -0.483977 -0.489415
0.614796 -0.450089 -0.481761
0.652935 -0.487350 -0.440261
0.653186 -0.530318 -0.496790
0.704004 -0.527404 -0.540603
0.756935 -0.543232 -0.568779
0.814134 -0.529364 -0.596852
0.826750 -0.498952 -0.658669
0.864639 -0.473005 -0.703958
0.838905 -0.416969 -0.719876
0.865015 -0.365994 -0.721072
0.891585 -0.317642 -0.727658
0.835160 -0.277281 -0.742483
0.850831 -0.250430 -0.664798
0.880183 -0.212131 -0.628587
0.887171 -0.193713 -0.561582
0.916838 -0.173200 -0.506529
0.956107 -0.177119 -0.445042
0.933596 -0.147798 -0.381343
0.924306 -0.131255 -0.312965
0.890497 -0.099974 -0.266023
0.940269 -0.064776 -0.260785
0.936085 -0.042866 -0.336970
0.877547 -0.016611 -0.334910
0.891627 0.027873 -0.294580
0.931859 0.051486 -0.349074
0.892171 0.059835 -0.412442
0.854827 0.099140 -0.377020
0.904327 0.133265 -0.354032
0.933386 0.138393 -0.433319
0.906984 0.125530 -0.506300
0.915164 0.076446 -0.544189
0.861563 0.065610 -0.584900
0.882589 0.087162 -0.655414
0.932549 0.051095 -0.676698
0.895435 0.003612 -0.690277
0.865099 0.011125 -0.762343
0.911816 -0.011943 -0.816150
0.888092 -0.065610 -0.819405
0.851584 -0.098680 -0.859557
0.793652 -0.121646 -0.878171
0.746412 -0.143522 -0.917560
0.690824 -0.139501 -0.953974
0.628290 -0.126416 -0.953694
0.573016 -0.131289 -1.000000
0.530838 -0.100349 -0.946905
0.563413 -0.048573 -0.964552
0.562869 0.000017 -0.989193
0.594690 0.044297 -0.994151
0.531257 0.082034 -0.987921
0.475668 0.072357 -0.932309
0.494247 0.096345 -0.859938
0.462844 0.130999 -0.815616
0.442926 0.147611 -0.745102
0.380413 0.154255 -0.773989
0.358090 0.104779 -0.785534
0.351040 0.085101 -0.712400
0.299803 0.127047 -0.696991
0.260638 0.132038 -0.766640
0.228629 0.082409 -0.782304
0.164777 0.095221 -0.748306
0.136365 0.113059 -0.832043
0.103268 0.119056 -0.897497
0.094439 0.169248 -0.946116
0.092912 0.218468 -0.974063
0.132516 0.269767 -0.962950
0.147224 0.318477 -0.977623
0.190384 0.353284 -0.931673
0.214486 0.401295 -0.920204
0.268254 0.416560 -0.879518
0.308109 0.456257 -0.866092
0.368112 0.472033 -0.855564
0.408134 0.499497 -0.801121
0.463576 0.522259 -0.774396
0.466024 0.525598 -0.688370
0.498682 0.519465 -0.616864
0.455730 0.499702 -0.565041
0.451672 0.478099 -0.491577
0.426859 0.442712 -0.426250
0.401000 0.427975 -0.345717
0.383259 0.407002 -0.274033
0.357714 0.419917 -0.195942
0.335704 0.419405 -0.122122
0.286142 0.437857 -0.065034
0.245701 0.391822 -0.035359
0.208314 0.350166 -0.052905
0.224298 0.346963 -0.130742
0.250847 0.391958 -0.167919
0.267961 0.420768 -0.244078
0.306519 0.456206 -0.294453
0.331144 0.486225 -0.355482
0.392422 0.508118 -0.372621
0.442362 0.532754 -0.403873
0.501862 0.532379 -0.440389
0.552680 0.556896 -0.459231
0.608917 0.556197 -0.499129
0.671723 0.547968 -0.501901
0.717603 0.531936 -0.548410
0.752814 0.500809 -0.590342
0.811226 0.483397 -0.611499
