0.007515 0.147590 -0.686834
-0.011756 0.096690 -0.687822
-0.022149 0.046324 -0.690308
-0.019264 -0.005645 -0.690308
-0.022149 -0.071645 -0.690817
-0.026390 -0.120649 -0.703754
-0.023690 -0.175600 -0.715210
-0.027167 -0.235928 -0.704264
-0.038337 -0.285208 -0.703261
-0.058273 -0.341762 -0.688332
-0.080712 -0.388629 -0.664927
-0.114913 -0.412881 -0.634051
-0.144293 -0.445183 -0.639531
-0.160086 -0.485051 -0.598203
-0.192980 -0.505511 -0.573810
-0.230189 -0.514681 -0.537963
-0.265647 -0.518439 -0.516056
-0.303892 -0.521145 -0.497638
-0.337550 -0.500668 -0.466267
-0.375166 -0.488275 -0.471238
-0.406568 -0.443045 -0.478217
-0.427083 -0.422568 -0.519545
-0.462529 -0.387026 -0.534474
-0.478323 -0.362774 -0.579785
-0.504139 -0.336384 -0.624093
-0.509342 -0.347692 -0.665421
-0.544406 -0.382165 -0.644008
-0.576375 -0.413950 -0.638528
-0.598345 -0.439271 -0.587751
-0.614521 -0.431721 -0.533980
-0.622806 -0.425257 -0.485195
-0.630512 -0.398333 -0.429926
-0.633594 -0.347157 -0.397057
-0.647464 -0.295447 -0.381635
-0.659793 -0.238341 -0.371167
-0.660952 -0.174789 -0.381380
-0.657093 -0.120390 -0.407509
-0.649782 -0.067594 -0.430913
-0.624730 -0.015074 -0.444854
-0.605854 0.030966 -0.463272
-0.572726 0.074868 -0.454812
-0.539006 0.109617 -0.453824
-0.499898 0.129543 -0.425943
-0.459250 0.124027 -0.402538
-0.424778 0.092656 -0.380886
-0.398665 0.049289 -0.363201
-0.375462 0.004576 -0.345038
-0.351371 -0.027191 -0.310433
-0.320597 -0.058165 -0.273343
-0.284215 -0.081607 -0.251181
-0.239584 -0.086175 -0.244951
-0.204372 -0.103412 -0.220814
-0.165622 -0.099654 -0.203878
-0.132444 -0.113375 -0.178737
-0.100081 -0.103153 -0.148609
-0.064438 -0.079987 -0.134047
-0.028314 -0.079177 -0.107535
-0.007897 -0.055218 -0.071321
0.020041 -0.035275 -0.105305
-0.005197 0.002422 -0.125093
-0.010017 0.029363 -0.079654
0.028511 0.041067 -0.073313
0.033516 0.069076 -0.117493
0.002509 0.106256 -0.107663
0.017723 0.126578 -0.062606
0.052787 0.143694 -0.081151
0.036032 0.178168 -0.118242
0.012520 0.210608 -0.084258
0.045081 0.229671 -0.055134
0.064154 0.254699 -0.093228
0.032555 0.289431 -0.109033
0.029670 0.316286 -0.060614
0.067236 0.335005 -0.060360
0.064154 0.364135 -0.106914
0.028129 0.397247 -0.092224
0.046807 0.424326 -0.049669
0.074362 0.450044 -0.081773
0.044304 0.478726 -0.112888
0.019844 0.507942 -0.073440
0.053946 0.538520 -0.054385
0.061257 0.566116 -0.104062
0.020041 0.596832 -0.113892
0.021964 0.647732 -0.081151
0.025626 0.704286 -0.077662
0.029473 0.750343 -0.047295
-0.008279 0.763805 -0.013694
-0.026390 0.730417 0.021533
-0.039101 0.724212 0.065777
-0.058557 0.697012 0.094136
-0.084953 0.738759 0.086489
-0.091019 0.726918 0.037720
-0.100747 0.674122 0.050689
-0.125405 0.692703 0.089484
-0.145341 0.730675 0.057014
-0.151172 0.691634 0.019175
-0.168605 0.655265 0.056488
-0.193892 0.696753 0.082267
-0.215542 0.713180 0.034422
-0.231076 0.656075 0.029164
-0.255278 0.625376 0.038150
-0.252603 0.570977 0.048299
-0.275695 0.532453 0.045782
-0.267558 0.477105 0.045925
-0.263847 0.438598 0.008595
-0.242456 0.373288 0.007783
-0.239620 0.325387 -0.003672
-0.240286 0.298774 -0.053764
-0.232975 0.271522 -0.094471
-0.254650 0.234791 -0.120982
-0.265092 0.215124 -0.162183
-0.309279 0.197611 -0.156830
-0.348683 0.222397 -0.137663
-0.376325 0.258353 -0.112028
-0.382292 0.304893 -0.075049
-0.403202 0.358344 -0.064231
-0.419377 0.383527 -0.020593
-0.436712 0.426739 -0.000932
-0.443752 0.443045 0.050067
-0.458485 0.467142 0.088225
-0.453862 0.464850 0.137950
-0.479864 0.419483 0.138603
-0.457326 0.384320 0.108794
-0.424580 0.385475 0.139878
-0.444800 0.367893 0.180553
-0.457906 0.321130 0.159825
-0.420721 0.304962 0.145598
-0.406087 0.308271 0.192502
-0.434591 0.275814 0.213533
-0.426602 0.234377 0.181859
-0.386817 0.233274 0.194048
-0.393856 0.227379 0.245589
-0.417836 0.181994 0.239614
-0.387396 0.153106 0.214218
-0.359952 0.158966 0.254543
-0.384795 0.137093 0.292143
-0.387396 0.086192 0.265871
-0.342038 0.077436 0.261888
-0.334899 0.076902 0.316535
-0.352825 0.020072 0.327863
-0.320499 -0.017228 0.300970
-0.276102 -0.022882 0.309812
-0.241704 -0.039860 0.321506
-0.203977 -0.045789 0.284671
-0.166053 -0.030156 0.262270
-0.136291 0.006731 0.226789
-0.106147 0.056700 0.201839
-0.100562 0.112048 0.165736
-0.107589 0.175393 0.181605
-0.122137 0.211556 0.219810
-0.148669 0.251476 0.226661
-0.163748 0.278176 0.267735
-0.196728 0.304307 0.284798
-0.205691 0.324370 0.332595
-0.243233 0.344365 0.342664
-0.246266 0.318406 0.398316
-0.230337 0.312373 0.444360
-0.231557 0.314580 0.492157
-0.211547 0.326559 0.529997
-0.203423 0.269506 0.539205
-0.166781 0.262111 0.521043
-0.131865 0.241220 0.522524
-0.098922 0.227758 0.502609
-0.111436 0.176806 0.498387
-0.140335 0.190285 0.463288
-0.116355 0.212693 0.421960
-0.091697 0.166585 0.424445
-0.119721 0.135335 0.410998
-0.130805 0.166654 0.369686
-0.092178 0.170411 0.349276
-0.076668 0.116891 0.343541
-0.088812 0.111238 0.292876
-0.068580 0.158828 0.272100
-0.031778 0.174790 0.273964
-0.020226 0.225862 0.295122
-0.029855 0.275625 0.303088
-0.029275 0.294447 0.253173
-0.072624 0.310426 0.246831
-0.097479 0.343055 0.286041
-0.116158 0.384940 0.311310
-0.140717 0.404866 0.362962
-0.150408 0.454749 0.392835
-0.168322 0.475761 0.436904
-0.178382 0.518715 0.468769
-0.187000 0.534745 0.515817
-0.186285 0.591161 0.500872
-0.216257 0.579319 0.457807
-0.232457 0.535417 0.438641
-0.204002 0.512389 0.398555
-0.186951 0.479260 0.359728
-0.150161 0.464850 0.336068
-0.128302 0.444252 0.295489
-0.091019 0.416242 0.280560
-0.062033 0.404866 0.245461
-0.024085 0.399885 0.233257
-0.025811 0.460006 0.229274
-0.024467 0.473882 0.284671
0.017341 0.448165 0.289275
0.038917 0.487878 0.253173
0.041802 0.551982 0.276832
0.066657 0.559652 0.305080
0.043922 0.611914 0.319148
0.027167 0.621601 0.367184
0.062798 0.644767 0.389840
0.063957 0.698632 0.358485
0.076483 0.722057 0.373175
0.096703 0.762736 0.365703
0.122902 0.788591 0.326238
0.134849 0.782127 0.268483
0.110770 0.793435 0.220193
0.122902 0.842180 0.215827
0.152380 0.844335 0.175327
0.172797 0.815515 0.128024
0.186667 0.792900 0.084816
0.191291 0.769458 0.023843
0.194755 0.764080 -0.030805
0.198614 0.731486 -0.083892
0.184744 0.732830 -0.143510
0.160086 0.726366 -0.194430
0.131766 0.722333 -0.237734
0.102867 0.714783 -0.282552
0.072821 0.695943 -0.324374
0.037758 0.664417 -0.350264
0.004432 0.643147 -0.373908
-0.020423 0.589282 -0.385108
-0.051628 0.550241 -0.390095
-0.071946 0.500944 -0.398555
-0.052972 0.447217 -0.402044
-0.032357 0.414294 -0.425943
-0.011756 0.363256 -0.421960
0.008673 0.314235 -0.401295
0.033714 0.273642 -0.366690
0.045463 0.230171 -0.320885
0.056251 0.225121 -0.262142
0.043343 0.222794 -0.209614
0.025046 0.231326 -0.160319
-0.005197 0.258870 -0.122735
-0.036414 0.287484 -0.099457
-0.065597 0.338177 -0.095968
-0.100167 0.366755 -0.118497
-0.132346 0.365411 -0.151477
-0.167262 0.386492 -0.165800
-0.188110 0.362981 -0.210362
-0.204002 0.313804 -0.248696
-0.231878 0.261904 -0.238244
-0.255143 0.220812 -0.241717
-0.275042 0.170015 -0.244951
-0.308614 0.134128 -0.239487
-0.307788 0.101395 -0.186464
-0.313952 0.118908 -0.130940
-0.349546 0.107738 -0.104556
-0.342851 0.104912 -0.047916
-0.355230 0.129957 -0.008898
-0.367361 0.077160 0.008404
-0.328167 0.058303 0.019238
-0.320166 0.105446 0.050657
-0.356574 0.099379 0.080466
-0.347721 0.040532 0.090790
-0.309760 0.052926 0.114625
-0.327009 0.093587 0.151397
-0.359557 0.056028 0.173272
-0.332643 0.022623 0.212912
-0.325566 0.067732 0.259147
-0.352530 0.111910 0.285037
-0.373144 0.143815 0.315787
-0.373723 0.197956 0.351013
-0.375646 0.230068 0.384614
-0.352147 0.250873 0.430675
-0.348683 0.298653 0.450590
-0.339485 0.288742 0.506098
-0.298356 0.290000 0.525026
-0.257954 0.319320 0.533486
-0.237377 0.356724 0.575308
-0.225344 0.365738 0.632569
-0.201216 0.360688 0.678374
-0.189269 0.395972 0.729644
-0.178863 0.414226 0.775960
-0.178382 0.474416 0.799858
-0.194570 0.530436 0.820268
-0.207331 0.579319 0.839195
-0.217971 0.634805 0.828234
-0.245736 0.679775 0.808812
-0.269654 0.720178 0.796863
-0.297382 0.749257 0.764504
-0.330757 0.773767 0.738121
-0.360137 0.798002 0.712230
-0.396643 0.805276 0.678868
-0.439030 0.801519 0.671906
-0.480061 0.774577 0.680366
-0.515889 0.753032 0.707244
-0.529574 0.692444 0.719193
-0.517245 0.646112 0.754547
-0.516666 0.636683 0.804829
-0.525333 0.582543 0.832217
-0.505298 0.535555 0.849137
-0.485066 0.511855 0.876525
-0.480640 0.470107 0.910891
-0.473317 0.410985 0.927317
-0.452703 0.364739 0.942245
-0.438155 0.317441 0.960663
-0.426886 0.256388 0.958688
-0.402425 0.207384 0.949718
-0.383352 0.155536 0.942755
-0.376707 0.098034 0.936765
-0.383451 0.037447 0.925819
-0.396261 -0.017504 0.913376
-0.414853 -0.065439 0.898431
-0.435467 -0.110686 0.885988
-0.469458 -0.145435 0.869562
-0.493734 -0.181253 0.836200
-0.502216 -0.233239 0.811807
-0.497593 -0.272815 0.766990
-0.479864 -0.322922 0.755041
-0.451359 -0.350932 0.717201
-0.418416 -0.380010 0.706750
-0.388654 -0.408572 0.687838
-0.349447 -0.439271 0.669404
-0.310290 -0.449492 0.657949
-0.264981 -0.443045 0.655973
-0.237044 -0.404263 0.686834
-0.216479 -0.392404 0.720197
-0.213039 -0.346623 0.685337
-0.255611 -0.361171 0.712724
-0.288332 -0.398333 0.731142
-0.329943 -0.425809 0.713712
-0.345786 -0.473210 0.687328
-0.341360 -0.516836 0.685831
-0.384992 -0.509821 0.704264
-0.415432 -0.504977 0.655973
-0.402622 -0.545380 0.616143
-0.406087 -0.597625 0.641523
-0.450964 -0.598711 0.651481
-0.484869 -0.601400 0.614645
-0.506445 -0.630478 0.599955
-0.544209 -0.618636 0.571580
-0.573293 -0.614862 0.541197
-0.603351 -0.599779 0.510575
-0.626653 -0.569615 0.471748
-0.638797 -0.542157 0.426437
-0.646700 -0.518991 0.378146
-0.651311 -0.488826 0.330970
-0.655947 -0.457576 0.284177
-0.645541 -0.413950 0.242593
-0.628588 -0.391335 0.190750
-0.598530 -0.358999 0.159570
-0.567523 -0.365480 0.114514
-0.541706 -0.328835 0.115231
-0.539388 -0.340693 0.170213
-0.545750 -0.401556 0.158519
-0.501439 -0.418259 0.166485
-0.492193 -0.394024 0.217022
-0.524371 -0.431721 0.236125
-0.500478 -0.485051 0.223682
-0.465611 -0.493670 0.261139
-0.472540 -0.481828 0.319897
-0.491613 -0.486672 0.370434
-0.515692 -0.465126 0.418470
-0.533803 -0.411795 0.447595
-0.551532 -0.355241 0.447356
-0.562320 -0.301376 0.427440
-0.575611 -0.254510 0.400053
-0.582540 -0.200645 0.373908
-0.578496 -0.145970 0.343174
-0.588137 -0.106377 0.311931
-0.612980 -0.065974 0.301846
-0.645146 -0.023433 0.317157
-0.676746 0.013195 0.325872
-0.715274 0.011040 0.353498
-0.742250 -0.002956 0.391083
-0.753420 -0.032586 0.438147
-0.757266 -0.060320 0.483697
-0.757266 -0.090760 0.527766
-0.750338 -0.132232 0.565605
-0.733385 -0.172635 0.599207
-0.706027 -0.207108 0.630068
-0.676746 -0.223535 0.668417
-0.644764 -0.216537 0.703261
-0.618565 -0.186631 0.739108
-0.607013 -0.165895 0.782428
-0.584475 -0.138971 0.817782
-0.560964 -0.102068 0.848149
-0.548068 -0.067870 0.880508
-0.523015 -0.028277 0.912372
-0.510883 0.026122 0.940254
-0.490072 0.081470 0.942755
-0.494116 0.140316 0.943249
-0.507222 0.201455 0.936765
-0.517245 0.256182 0.930296
-0.531498 0.309374 0.902415
-0.549597 0.354069 0.885988
-0.575229 0.381700 0.846158
-0.611439 0.402246 0.823263
-0.634938 0.417794 0.782922
-0.659029 0.434823 0.756044
-0.663640 0.458128 0.703770
-0.687534 0.433083 0.664434
-0.714509 0.424999 0.647004
-0.718738 0.452595 0.597215
-0.727985 0.413622 0.554644
-0.760349 0.382855 0.573572
-0.795412 0.421689 0.563359
-0.821612 0.427291 0.526762
-0.859757 0.404866 0.544686
-0.888262 0.388439 0.587002
-0.908691 0.386888 0.636552
-0.919861 0.383251 0.690817
-0.914461 0.377994 0.748572
-0.899827 0.377804 0.800846
-0.878633 0.369186 0.847655
-0.864763 0.347226 0.890465
-0.851657 0.305772 0.937275
-0.849352 0.254906 0.969633
-0.842028 0.194457 0.984562
-0.830858 0.140868 0.998518
-0.825853 0.083090 1.000000
-0.823917 0.023296 0.989055
-0.829317 -0.025847 0.964646
-0.841264 -0.083486 0.939266
-0.865540 -0.123889 0.915368
-0.895968 -0.148934 0.877528
-0.916779 -0.180977 0.840677
-0.932190 -0.209263 0.794378
-0.947207 -0.235653 0.754547
-0.961090 -0.260973 0.697286
-0.966477 -0.276056 0.640535
-0.966477 -0.290603 0.584023
-0.967254 -0.295447 0.531239
-0.973024 -0.297067 0.472003
-0.984971 -0.273901 0.416734
-0.988435 -0.273901 0.364460
-1.000000 -0.258543 0.305574
-0.989212 -0.249666 0.248823
-0.972260 -0.272815 0.199273
-0.953766 -0.310529 0.161498
-0.931414 -0.356310 0.140069
-0.912920 -0.402091 0.122097
-0.884416 -0.450044 0.107105
-0.848193 -0.483431 0.100238
-0.823917 -0.524368 0.109750
-0.790407 -0.558308 0.115645
-0.749561 -0.576630 0.135305
-0.728367 -0.607863 0.163251
-0.703327 -0.654730 0.171838
-0.684069 -0.715059 0.171089
-0.664799 -0.768372 0.151015
-0.647464 -0.819014 0.162868
-0.623003 -0.878274 0.162741
-0.621845 -0.919194 0.195179
-0.647082 -0.960149 0.201839
-0.664034 -0.998931 0.201711
-0.698704 -1.000000 0.175630
-0.731449 -0.982763 0.152608
-0.767290 -0.948290 0.133218
-0.791566 -0.897648 0.103584
-0.809665 -0.856728 0.058384
-0.800418 -0.807707 0.018107
-0.800812 -0.784006 -0.030184
-0.776537 -0.755445 -0.076674
-0.742250 -0.748447 -0.113271
-0.702945 -0.754910 -0.137042
-0.662875 -0.778611 -0.151731
-0.618380 -0.797468 -0.154966
-0.578693 -0.835182 -0.137169
-0.548635 -0.873965 -0.134684
-0.531103 -0.912748 -0.153468
-0.525333 -0.947221 -0.192423
-0.534000 -0.965526 -0.246449
-0.540350 -0.953667 -0.300476
-0.533618 -0.933208 -0.349260
-0.514348 -0.896579 -0.390589
-0.469655 -0.891202 -0.404530
-0.432668 -0.915971 -0.401040
-0.399146 -0.940740 -0.372410
-0.366881 -0.955839 -0.350758
-0.323877 -0.957977 -0.331830
-0.282723 -0.971990 -0.321889
-0.251308 -0.989227 -0.362452
-0.226996 -0.984918 -0.407509
-0.207910 -0.974145 -0.453330
-0.189417 -0.937517 -0.495647
-0.163267 -0.905198 -0.523528
-0.135329 -0.863174 -0.554883
-0.100266 -0.819014 -0.562355
-0.055573 -0.796934 -0.547427
-0.016564 -0.768372 -0.522030
0.020041 -0.759219 -0.481212
0.044119 -0.757616 -0.430913
0.050666 -0.776991 -0.373908
0.063377 -0.810930 -0.337821
0.048928 -0.825478 -0.283046
0.023308 -0.868570 -0.256407
-0.012520 -0.899820 -0.244458
-0.055573 -0.920280 -0.246704
-0.096998 -0.934293 -0.267113
-0.134072 -0.921366 -0.301463
-0.159741 -0.905198 -0.348018
-0.175066 -0.881497 -0.397567
-0.182192 -0.840560 -0.444360
-0.170393 -0.802311 -0.490166
-0.145735 -0.766235 -0.529503
-0.115295 -0.729055 -0.560364
-0.096604 -0.678431 -0.586747
-0.073783 -0.623480 -0.607667
-0.072723 -0.569081 -0.631565
-0.082154 -0.504443 -0.648501
-0.091216 -0.450578 -0.671396
-0.112595 -0.405331 -0.709729
-0.136488 -0.352001 -0.734631
-0.155943 -0.298136 -0.749560
-0.163168 -0.233774 -0.747568
-0.160567 -0.182598 -0.769969
-0.171984 -0.120114 -0.777441
-0.164894 -0.059527 -0.790888
-0.147461 0.001612 -0.790394
-0.129066 0.053598 -0.793374
-0.110388 0.117150 -0.795875
-0.087456 0.179374 -0.783926
-0.069443 0.238652 -0.769969
-0.049507 0.286294 -0.736623
-0.015800 0.304651 -0.699277
0.021964 0.308219 -0.672400
0.055092 0.297515 -0.633557
0.093620 0.280261 -0.609164
0.120781 0.277021 -0.560364
0.148916 0.247580 -0.529997
0.179344 0.215589 -0.494149
0.194373 0.195939 -0.441875
0.210943 0.158035 -0.413245
0.212102 0.116891 -0.365702
0.200155 0.059389 -0.348018
0.205938 0.006472 -0.343047
0.179739 -0.041739 -0.323625
0.151998 -0.089692 -0.330843
0.134664 -0.129543 -0.371167
0.130225 -0.181529 -0.403032
0.122717 -0.210607 -0.451323
0.120399 -0.216537 -0.508090
0.133887 -0.214917 -0.564856
0.142554 -0.222191 -0.614629
0.141975 -0.214658 -0.668417
0.136772 -0.194715 -0.721184
0.135810 -0.165637 -0.771977
0.133887 -0.130887 -0.816284
0.132728 -0.087795 -0.858107
0.137351 -0.039326 -0.891469
0.155463 0.013471 -0.914364
0.173574 0.049685 -0.948220
0.195914 0.100999 -0.963165
0.220190 0.146108 -0.980085
0.257177 0.187717 -0.983080
0.299170 0.203540 -0.991046
0.344639 0.192233 -0.994025
0.384326 0.162069 -1.000000
0.415913 0.115685 -0.996017
0.440953 0.068146 -0.987063
0.460606 0.011592 -0.968135
0.474094 -0.041204 -0.935283
0.480258 -0.089950 -0.897938
0.477940 -0.123889 -0.848149
0.473711 -0.167516 -0.802838
0.463688 -0.199024 -0.748078
0.460988 -0.213848 -0.687822
0.458300 -0.211952 -0.630561
0.460988 -0.211952 -0.568840
0.462147 -0.183942 -0.511069
0.462147 -0.156208 -0.461296
0.469852 -0.108807 -0.417483
0.476399 -0.047668 -0.403287
0.479876 0.007007 -0.396818
0.485646 0.059114 -0.420956
0.491046 0.098706 -0.460787
0.492587 0.118908 -0.514064
0.494128 0.138696 -0.564347
0.491428 0.146780 -0.620620
0.482958 0.171221 -0.673387
0.501452 0.211349 -0.710733
0.539585 0.242565 -0.733628
0.583896 0.261077 -0.732640
0.628589 0.267627 -0.719687
0.670199 0.256147 -0.694291
0.703327 0.241323 -0.662936
0.731844 0.233636 -0.612653
0.752643 0.197008 -0.579785
0.766526 0.180719 -0.525520
0.767290 0.121735 -0.499630
0.770372 0.053874 -0.494643
0.758807 -0.005645 -0.509093
0.752643 -0.042549 -0.556890
0.754961 -0.065715 -0.608161
0.757279 -0.053598 -0.667413
0.768831 -0.027467 -0.715704
0.758807 0.018176 -0.757032
0.756502 0.068680 -0.793374
0.738008 0.131025 -0.816778
0.714127 0.185976 -0.839179
0.690234 0.248753 -0.851638
0.659411 0.302480 -0.859604
0.632435 0.355982 -0.863587
0.605472 0.406417 -0.871554
0.572344 0.457042 -0.883503
0.543050 0.503374 -0.890959
0.513781 0.553326 -0.901921
0.482564 0.602744 -0.898925
0.462911 0.660108 -0.896440
0.441335 0.717489 -0.875027
0.431707 0.770544 -0.846651
0.427478 0.825754 -0.810310
0.418231 0.870190 -0.767994
0.416295 0.906818 -0.721678
0.423619 0.915971 -0.662426
0.449053 0.924589 -0.620620
0.480640 0.924055 -0.574304
0.510699 0.902509 -0.536465
0.546132 0.868035 -0.518541
0.580037 0.824668 -0.519545
0.610095 0.787781 -0.548924
0.638600 0.767304 -0.584262
0.669422 0.739035 -0.607173
0.699480 0.702666 -0.640025
0.728762 0.660108 -0.661438
0.751879 0.611914 -0.680860
0.774996 0.562755 -0.706750
0.804277 0.523696 -0.719687
0.840500 0.495687 -0.697780
0.866686 0.466746 -0.670902
0.891344 0.432807 -0.633557
0.895980 0.418931 -0.575802
0.912920 0.396644 -0.541946
0.914474 0.387026 -0.486183
0.932190 0.371806 -0.451323
0.942978 0.390852 -0.403032
0.935273 0.398402 -0.348018
0.935273 0.390387 -0.298484
0.925249 0.373288 -0.248935
0.942978 0.348915 -0.219316
0.954543 0.360688 -0.165051
0.962236 0.350432 -0.110148
0.977647 0.337436 -0.059866
0.993835 0.350432 -0.024576
0.995377 0.410795 -0.005345
1.000000 0.457180 0.015494
0.988448 0.514147 0.014188
0.972260 0.564513 0.013439
0.944519 0.607329 0.004103
0.916002 0.645577 0.001251
0.876710 0.668726 0.011766
0.845111 0.687584 0.035999
0.807359 0.700253 0.055946
0.783466 0.723402 0.088098
0.756502 0.767304 0.088783
0.724138 0.803397 0.073360
0.688692 0.827098 0.058352
0.651705 0.856728 0.044284
0.627047 0.861572 -0.002047
0.602389 0.856728 -0.044427
0.587755 0.841646 -0.094216
0.573108 0.796658 -0.135050
0.558461 0.755186 -0.092734
0.566179 0.693789 -0.094343
0.577731 0.644767 -0.097960
0.581590 0.593057 -0.084640
0.587755 0.531384 -0.076674
0.577731 0.471727 -0.071448
0.592366 0.431462 -0.083398
0.583119 0.371203 -0.078283
0.604695 0.346347 -0.094471
0.617801 0.285794 -0.058495
0.635517 0.245322 -0.039950
0.644764 0.211952 0.008277
0.647082 0.158225 0.030837
0.652482 0.107066 0.046578
0.633989 0.049151 0.061746
0.613177 -0.004301 0.046307
0.600084 -0.053856 0.037162
0.570026 -0.101257 0.034629
0.552297 -0.148934 0.030741
0.530339 -0.197680 0.056010
0.511463 -0.241858 0.087827
0.507616 -0.271212 0.132660
0.518010 -0.277124 0.186082
0.536885 -0.262594 0.232763
0.557697 -0.244547 0.273343
0.583896 -0.206040 0.300842
0.607013 -0.159983 0.323131
0.620883 -0.105308 0.349021
0.623965 -0.054942 0.382384
0.621660 -0.036361 0.437398
0.606248 -0.047392 0.486183
0.584673 -0.071369 0.528005
0.555379 -0.096690 0.561112
0.518392 -0.118236 0.586254
0.484105 -0.130887 0.609164
0.445971 -0.114737 0.627582
0.418231 -0.094259 0.652978
0.409749 -0.039050 0.664434
0.413990 0.017918 0.657949
0.421313 0.069628 0.639037
0.439030 0.111634 0.620126
0.464070 0.157018 0.588755
0.487964 0.192578 0.559870
0.516468 0.234050 0.530745
0.528415 0.291103 0.516566
0.521092 0.353656 0.510575
0.506840 0.396920 0.553401
0.499516 0.417931 0.604193
0.480640 0.413209 0.657949
0.467929 0.392938 0.703770
0.450977 0.360085 0.745083
0.432089 0.319854 0.779449
0.416677 0.292706 0.815791
0.387014 0.259922 0.853630
0.360050 0.234584 0.886482
0.333851 0.217950 0.921836
0.294164 0.214796 0.948714
0.252171 0.199576 0.959181
0.212102 0.185425 0.968629
0.169715 0.185907 0.967148
0.131581 0.199972 0.969633
0.100364 0.244047 0.976595
0.080909 0.299842 0.976102
0.068383 0.354707 0.974110
0.068001 0.412674 0.965156
0.076865 0.466608 0.944237
0.079368 0.527609 0.922840
0.096900 0.579595 0.907895
0.115776 0.635873 0.885988
0.140434 0.679775 0.868558
0.162404 0.724746 0.832217
0.180121 0.764339 0.800352
0.204779 0.805552 0.762019
0.236760 0.830338 0.730154
0.270665 0.834648 0.690817
0.299946 0.850799 0.661438
0.338857 0.833286 0.638544
0.373526 0.826029 0.617624
0.407431 0.782937 0.606679
0.440953 0.767045 0.581028
0.466388 0.744155 0.536720
0.490269 0.741448 0.493910
0.512227 0.729331 0.444121
0.517627 0.727987 0.384375
0.514927 0.753032 0.331098
0.502981 0.789384 0.286407
0.484882 0.830873 0.249938
0.457523 0.873430 0.222057
0.429006 0.913282 0.200899
0.398184 0.946135 0.177685
0.367361 0.973611 0.149055
0.333851 0.985469 0.116425
0.297246 0.993002 0.087397
0.265265 1.000000 0.059531
0.231742 0.979540 0.022473
0.198996 0.975231 -0.005600
0.172033 0.942377 -0.042946
0.144293 0.903043 -0.069457
0.125984 0.851333 -0.090615
0.090538 0.801243 -0.079909
