-0.590320 0.903599 -0.661584
-0.557976 0.938103 -0.587643
-0.513391 0.943542 -0.528811
-0.442129 0.933514 -0.494061
-0.402284 0.990623 -0.453662
-0.382920 0.986714 -0.376514
-0.332729 0.947564 -0.320983
-0.293222 1.000000 -0.276772
-0.284224 0.966544 -0.196113
-0.241303 0.925072 -0.140094
-0.184896 0.881503 -0.101973
-0.109484 0.848359 -0.101694
-0.038749 0.857112 -0.088445
0.019954 0.815385 -0.070500
0.084684 0.835753 -0.054531
0.147854 0.802694 -0.065642
0.214164 0.819833 -0.057716
0.276007 0.805357 -0.093582
0.337723 0.826915 -0.108017
0.392318 0.806773 -0.148416
0.416380 0.769493 -0.222938
0.450094 0.769125 -0.285279
0.440190 0.765556 -0.373120
0.426305 0.777964 -0.447735
0.405318 0.780258 -0.517398
0.379275 0.772411 -0.589642
0.384858 0.813147 -0.666721
0.369603 0.826206 -0.745264
0.413431 0.879152 -0.804979
0.448134 0.903004 -0.867135
0.512843 0.905412 -0.917110
0.575908 0.881730 -0.954185
0.633536 0.819606 -0.977685
0.689880 0.764564 -1.000000
0.740808 0.693659 -0.970735
0.789692 0.624793 -0.975454
0.829179 0.561479 -0.920853
0.856908 0.464908 -0.899537
0.884342 0.380519 -0.872062
0.924145 0.330038 -0.815555
0.959080 0.278254 -0.747960
0.979540 0.238906 -0.679110
0.982364 0.173751 -0.607494
1.000000 0.106103 -0.547849
0.992183 0.080098 -0.461379
0.982785 0.043866 -0.390344
0.938326 0.027209 -0.319193
0.910217 -0.041770 -0.264243
0.841295 -0.078002 -0.230213
0.788554 -0.127774 -0.199647
0.714933 -0.162646 -0.207387
0.653238 -0.206867 -0.215337
0.587960 -0.240011 -0.231120
0.519859 -0.232419 -0.192022
0.457089 -0.194827 -0.216940
0.400725 -0.200465 -0.248181
0.337386 -0.158284 -0.254341
0.274026 -0.141400 -0.274680
0.214796 -0.111542 -0.282885
0.148191 -0.086727 -0.251389
0.084894 -0.054489 -0.238721
0.025770 -0.039135 -0.209386
-0.018837 -0.087832 -0.154297
-0.064582 -0.111174 -0.105251
-0.060094 -0.155791 -0.027335
-0.069534 -0.192476 0.038725
-0.064371 -0.235761 0.100463
-0.024569 -0.314117 0.130099
0.010030 -0.376128 0.171172
0.057966 -0.434371 0.194626
0.086116 -0.517401 0.202878
0.128595 -0.578420 0.243672
0.153332 -0.663971 0.250389
0.169683 -0.741023 0.301341
0.180450 -0.831929 0.325492
0.183105 -0.888302 0.394598
0.135759 -0.939689 0.450176
0.107798 -1.000000 0.499431
0.068607 -0.983173 0.569885
0.032849 -0.996856 0.632459
0.003898 -0.931191 0.688385
-0.022272 -0.900370 0.744334
-0.046103 -0.805867 0.757630
-0.076213 -0.751618 0.799586
-0.101330 -0.661478 0.767648
-0.151794 -0.605161 0.780851
-0.109400 -0.535247 0.808489
-0.089741 -0.500375 0.735803
-0.147706 -0.460546 0.710839
-0.189258 -0.404144 0.690779
-0.249415 -0.397317 0.671091
-0.294380 -0.394938 0.616908
-0.295181 -0.301370 0.616769
-0.239849 -0.295449 0.576393
-0.268674 -0.347006 0.521885
-0.329737 -0.294089 0.527138
-0.334773 -0.203609 0.534623
-0.338903 -0.189388 0.615118
-0.329358 -0.115083 0.655773
-0.348891 -0.069985 0.712164
-0.300280 -0.012224 0.705005
-0.324175 0.025113 0.645220
-0.381003 0.050183 0.675368
-0.354875 0.098398 0.728807
-0.317959 0.151428 0.687362
-0.369013 0.182136 0.651101
-0.402179 0.214005 0.707259
-0.352978 0.266979 0.734200
-0.345414 0.315789 0.674229
-0.407552 0.349414 0.671765
-0.403253 0.388366 0.737826
-0.351819 0.444484 0.711048
-0.332055 0.520885 0.678134
-0.261278 0.491735 0.683178
-0.254620 0.435447 0.623463
-0.247224 0.409782 0.558262
-0.265408 0.383408 0.494154
-0.252028 0.321256 0.449408
-0.263954 0.288055 0.384510
-0.254493 0.203241 0.405918
-0.314271 0.188142 0.433556
-0.346741 0.192079 0.365473
-0.333425 0.114064 0.334953
-0.380792 0.074857 0.375863
-0.440823 0.036983 0.374817
-0.494954 0.040439 0.422003
-0.557323 0.008909 0.426954
-0.562422 -0.013017 0.497687
-0.563918 0.063526 0.532414
-0.617796 0.097322 0.504986
-0.655703 0.032847 0.525650
-0.646453 0.044546 0.595477
-0.667545 0.127888 0.597662
-0.726859 0.111571 0.572209
-0.742388 0.053640 0.624184
-0.734044 0.106557 0.679598
-0.778525 0.163440 0.657586
-0.827704 0.106698 0.656075
-0.822752 0.083696 0.727087
-0.834910 0.161938 0.755840
-0.894562 0.166499 0.725041
-0.919172 0.096840 0.756677
-0.911208 0.129871 0.823389
-0.954108 0.197717 0.810186
-1.000000 0.183184 0.753516
-0.977876 0.183638 0.681179
-0.992920 0.166357 0.610516
-0.928844 0.180408 0.569420
-0.897259 0.124318 0.529230
-0.911439 0.166527 0.467190
-0.880592 0.241371 0.482253
-0.821657 0.210719 0.486972
-0.819149 0.179105 0.421027
-0.835353 0.250860 0.383324
-0.790261 0.304203 0.410869
-0.739396 0.255648 0.390902
-0.750374 0.258028 0.319728
-0.755557 0.344740 0.312080
-0.699045 0.365250 0.344692
-0.661940 0.320520 0.299063
-0.681894 0.362389 0.239836
-0.665459 0.442642 0.261059
-0.602857 0.424144 0.270426
-0.591036 0.397176 0.204482
-0.605828 0.473039 0.173497
-0.564740 0.525446 0.208177
-0.509071 0.482784 0.192836
-0.515835 0.489384 0.120616
-0.516003 0.580374 0.121499
-0.457384 0.594595 0.160712
-0.413199 0.536919 0.125357
-0.366042 0.493293 0.088004
-0.386081 0.416411 0.127914
-0.420574 0.350208 0.149601
-0.460187 0.294203 0.192557
-0.491498 0.230691 0.229841
-0.535578 0.192958 0.270287
-0.494595 0.172505 0.323214
-0.484376 0.252673 0.346180
-0.544639 0.272560 0.364589
-0.552940 0.207462 0.410381
-0.504478 0.226697 0.454708
-0.520639 0.304684 0.476697
-0.580080 0.291257 0.497920
-0.566173 0.226130 0.545826
-0.524937 0.267772 0.589596
-0.567943 0.335109 0.603031
-0.608504 0.287744 0.649474
-0.589119 0.286044 0.716720
-0.621505 0.355137 0.740545
-0.680798 0.320463 0.721741
-0.679745 0.254232 0.768648
-0.676858 0.304146 0.824992
-0.731811 0.345448 0.815323
-0.769422 0.274798 0.816392
-0.752818 0.248963 0.882662
-0.774542 0.321653 0.914391
-0.837713 0.315024 0.890751
-0.851493 0.244912 0.933265
-0.836575 0.284911 1.000000
-0.850987 0.376949 0.975779
-0.870794 0.454484 0.957323
-0.862492 0.523010 0.907371
-0.897448 0.593773 0.932568
-0.854801 0.677540 0.912787
-0.794728 0.708503 0.914646
-0.764323 0.632441 0.918412
-0.782423 0.603405 0.853909
-0.755789 0.668900 0.816624
-0.694410 0.659778 0.837196
-0.687794 0.577598 0.817531
-0.703091 0.588759 0.749076
-0.655850 0.645756 0.734153
-0.606608 0.592895 0.751377
-0.621378 0.530035 0.702541
-0.617691 0.577116 0.645452
-0.557028 0.602527 0.655610
-0.529678 0.522358 0.656168
-0.549042 0.493067 0.593082
-0.527255 0.561168 0.553172
-0.465391 0.555587 0.571884
-0.455361 0.473917 0.551033
-0.473230 0.482755 0.482741
-0.433090 0.546437 0.462704
-0.378010 0.502387 0.472072
-0.389831 0.438478 0.425141
-0.396806 0.487543 0.366240
-0.339008 0.524993 0.365356
-0.303736 0.453266 0.361405
-0.332139 0.422558 0.296832
-0.330875 0.504795 0.256712
-0.301776 0.580601 0.269101
-0.333909 0.651336 0.306060
-0.310141 0.727029 0.327050
-0.366232 0.780286 0.350712
-0.427063 0.725925 0.360708
-0.459976 0.711364 0.420492
-0.516551 0.748870 0.405035
-0.534335 0.691166 0.353293
-0.536547 0.621875 0.402873
-0.573337 0.652923 0.456777
-0.632504 0.655529 0.425978
-0.643482 0.569893 0.416355
-0.633073 0.549638 0.484182
-0.681746 0.597711 0.512169
-0.728018 0.553434 0.478720
-0.716176 0.473379 0.503684
-0.718662 0.495984 0.573534
-0.778398 0.530460 0.571279
-0.809267 0.455050 0.560192
-0.788828 0.416184 0.619418
-0.812491 0.475192 0.664513
-0.874313 0.465192 0.649241
-0.877452 0.380915 0.667209
-0.859963 0.391963 0.737035
-0.905308 0.456580 0.758420
-0.961356 0.435560 0.708584
