0.270384 -1.000000 -0.019993
0.295218 -0.928147 -0.077889
0.286254 -0.699337 -0.124423
0.340205 -0.554723 -0.143736
0.365543 -0.662237 -0.201779
0.346209 -0.540261 -0.254381
0.375178 -0.326973 -0.246744
0.435889 -0.398902 -0.244191
0.434944 -0.510051 -0.301439
0.416639 -0.316146 -0.337114
0.476027 -0.205376 -0.320521
0.517739 -0.374976 -0.336779
0.508019 -0.385274 -0.401789
0.529620 -0.167064 -0.413611
0.585608 -0.188416 -0.381849
0.605068 -0.369979 -0.417628
0.600428 -0.256407 -0.473892
0.643715 -0.089154 -0.456484
0.692753 -0.237024 -0.439849
0.688807 -0.360742 -0.498687
0.700122 -0.156843 -0.534069
0.758943 -0.132538 -0.498917
0.790516 -0.254817 -0.535408
0.831430 -0.298277 -0.576231
0.839995 -0.373765 -0.629607
0.891007 -0.436684 -0.665429
0.853556 -0.421162 -0.725354
0.860001 -0.255802 -0.778145
0.910194 -0.059095 -0.795303
0.973969 -0.183343 -0.806622
0.972416 -0.300019 -0.864686
1.000000 -0.276850 -0.924528
0.968847 -0.065001 -0.962525
0.942669 0.108613 -1.000000
0.879146 0.169260 -0.971376
0.855676 0.373083 -0.950976
0.847825 0.567897 -0.920950
0.823663 0.670263 -0.871946
0.818016 0.850842 -0.835895
0.819884 0.940488 -0.777266
0.756130 1.000000 -0.777601
0.733458 0.782548 -0.770152
0.762407 0.734545 -0.714955
0.737216 0.913080 -0.682398
0.674658 0.854855 -0.692358
0.676169 0.655120 -0.659696
0.696511 0.734469 -0.602846
0.650327 0.898240 -0.596171
0.599442 0.754685 -0.603055
0.611659 0.619837 -0.551373
0.608678 0.789968 -0.507998
0.548556 0.857278 -0.521389
0.519040 0.654439 -0.514631
0.534848 0.622790 -0.453010
0.506109 0.813742 -0.430768
0.446595 0.760893 -0.451588
0.439919 0.568806 -0.417670
0.449408 0.660799 -0.359669
0.400223 0.814424 -0.364377
0.351415 0.668219 -0.374421
0.359938 0.547303 -0.318784
0.354984 0.727352 -0.278673
0.295239 0.785425 -0.296647
0.266332 0.584706 -0.288194
0.281342 0.574711 -0.223769
0.244836 0.782018 -0.211717
0.186708 0.733030 -0.244024
0.182110 0.545864 -0.207470
0.161726 0.438425 -0.161312
0.163511 0.255044 -0.130449
0.111428 0.190839 -0.104860
0.083445 0.175923 -0.045080
0.133722 -0.011774 -0.016373
0.189541 0.108083 0.013569
0.163994 0.298202 0.040561
0.113444 0.183797 0.065879
0.151251 0.045088 0.102558
0.177870 0.224834 0.136768
0.122680 0.341208 0.155349
0.088861 0.148968 0.176628
0.133680 0.090820 0.220756
0.138089 0.296006 0.251975
0.071689 0.316146 0.265868
0.064972 0.102101 0.299639
0.110715 0.106417 0.350965
0.090646 0.313799 0.392227
0.015786 0.265569 0.401412
-0.035519 0.165247 0.427776
-0.076833 -0.064925 0.412648
-0.093102 -0.298883 0.428781
-0.166030 -0.278062 0.409928
-0.222143 -0.373992 0.385615
-0.283315 -0.312739 0.366177
-0.330380 -0.512171 0.368290
-0.375158 -0.456521 0.417921
-0.425330 -0.337346 0.381179
-0.461563 -0.538141 0.347952
-0.493177 -0.646186 0.411184
-0.556428 -0.566610 0.430685
-0.604690 -0.669809 0.392875
-0.615837 -0.877267 0.427902
-0.618776 -0.769298 0.500654
-0.647410 -0.520803 0.512622
-0.719309 -0.570244 0.540158
-0.748153 -0.659739 0.609353
-0.750252 -0.512247 0.676602
-0.776556 -0.274049 0.682398
-0.841590 -0.368465 0.714014
-0.855970 -0.272307 0.787205
-0.887774 -0.149423 0.837548
-0.938219 -0.258982 0.886447
-0.955643 -0.150483 0.952189
-1.000000 -0.096044 1.000000
