0.734244 -0.922169 -0.011140
0.711066 -0.883075 0.031572
0.728118 -0.830631 -0.006737
0.696783 -0.841235 -0.067503
0.649100 -0.838848 -0.041413
0.649066 -0.778903 -0.021070
0.652893 -0.755029 -0.083796
0.609674 -0.779898 -0.109797
0.576207 -0.755208 -0.065786
0.586261 -0.696258 -0.076706
0.573824 -0.696795 -0.143373
0.524865 -0.715556 -0.135403
0.509391 -0.670274 -0.094210
0.518504 -0.626146 -0.139124
0.487051 -0.643595 -0.188529
0.442725 -0.641904 -0.147930
0.449724 -0.581342 -0.112263
0.452409 -0.529057 -0.148349
0.394790 -0.525476 -0.147556
0.371813 -0.508227 -0.090181
0.349004 -0.471818 -0.039454
0.384166 -0.474723 0.014223
0.419379 -0.452122 0.056913
0.433427 -0.506834 0.082475
0.451151 -0.533733 0.026222
0.486833 -0.492907 0.010832
0.515601 -0.503392 0.067195
0.524211 -0.563158 0.060832
0.545979 -0.564272 -0.001277
0.584431 -0.524024 0.015896
0.604219 -0.559577 0.065412
0.614844 -0.606908 0.024857
0.645340 -0.576667 -0.016799
0.680368 -0.558542 0.028732
0.695205 -0.615622 0.045377
0.710713 -0.632593 -0.017085
0.747705 -0.588962 -0.026178
0.777547 -0.601516 0.029546
0.791880 -0.664425 0.014179
0.798694 -0.660764 -0.068230
0.798258 -0.671110 -0.135667
0.775784 -0.669021 -0.200815
0.765278 -0.664763 -0.266623
0.747705 -0.635438 -0.321995
0.699065 -0.658496 -0.313342
0.687635 -0.627280 -0.254491
0.696581 -0.575771 -0.284632
0.657525 -0.576249 -0.329370
0.619224 -0.586018 -0.284302
0.624612 -0.533653 -0.249582
0.617227 -0.494340 -0.299736
0.568084 -0.512007 -0.310766
0.548917 -0.501621 -0.248173
0.556923 -0.441876 -0.246411
0.523758 -0.424308 -0.295090
0.478643 -0.434614 -0.260766
0.481764 -0.383085 -0.216513
0.471274 -0.327776 -0.243329
0.416358 -0.339076 -0.231792
0.411759 -0.367825 -0.165874
0.435122 -0.325747 -0.124240
0.417113 -0.280465 -0.074306
0.451050 -0.290989 -0.018648
0.493681 -0.291228 0.021488
0.501133 -0.352406 0.032166
0.511774 -0.370312 -0.031726
0.551149 -0.331397 -0.042316
0.582132 -0.353998 0.006473
0.584700 -0.411416 -0.015059
0.605193 -0.398106 -0.076024
0.647555 -0.370869 -0.054359
0.665951 -0.420846 -0.022611
0.669995 -0.456021 -0.078534
0.702825 -0.419334 -0.111339
0.740135 -0.421344 -0.065962
0.749115 -0.481089 -0.067944
0.760377 -0.482025 -0.135491
0.800389 -0.442174 -0.132365
0.828486 -0.476533 -0.087252
0.831037 -0.528739 -0.124703
0.823115 -0.500647 -0.198393
0.835535 -0.455086 -0.242470
0.830114 -0.482323 -0.304381
0.782733 -0.505223 -0.297226
0.759487 -0.451227 -0.283906
0.770967 -0.419812 -0.339256
0.752304 -0.456698 -0.386614
0.702002 -0.466029 -0.360612
0.684933 -0.407676 -0.352466
0.689163 -0.387800 -0.416050
0.657525 -0.429939 -0.442250
0.615297 -0.417325 -0.405020
0.608315 -0.359469 -0.425209
0.599822 -0.372978 -0.490225
0.559558 -0.412948 -0.481110
0.522683 -0.373157 -0.452268
0.521710 -0.309134 -0.469771
0.549940 -0.266379 -0.431044
0.580286 -0.258301 -0.502752
0.565919 -0.244733 -0.567415
0.558517 -0.214392 -0.626310
0.498985 -0.221157 -0.618010
0.476964 -0.188986 -0.562417
0.446149 -0.155323 -0.516028
0.436481 -0.127509 -0.455945
0.417667 -0.129419 -0.379458
0.411155 -0.142968 -0.314619
0.428291 -0.202952 -0.323624
0.475470 -0.192010 -0.349339
0.492926 -0.156636 -0.298239
0.490828 -0.202415 -0.251211
0.523489 -0.240793 -0.285381
0.563787 -0.202813 -0.292360
0.574680 -0.200088 -0.226046
0.587385 -0.259575 -0.221180
0.624058 -0.260430 -0.267701
0.653547 -0.218471 -0.239168
0.664927 -0.252253 -0.185337
0.691042 -0.294909 -0.220872
0.727497 -0.256809 -0.244958
0.746446 -0.239281 -0.185051
0.762021 -0.296023 -0.169000
0.797351 -0.301056 -0.217767
0.828536 -0.257665 -0.197358
0.840872 -0.283648 -0.136746
0.854417 -0.344448 -0.157904
0.878300 -0.338937 -0.223140
0.899884 -0.272905 -0.214707
0.938101 -0.248035 -0.174923
0.974019 -0.238307 -0.234522
0.996912 -0.229314 -0.294144
1.000000 -0.289079 -0.314619
0.944831 -0.292641 -0.325848
0.935483 -0.245489 -0.375363
0.939024 -0.295565 -0.434148
0.901495 -0.320773 -0.483091
0.852436 -0.343473 -0.485689
0.836676 -0.330820 -0.422897
0.841124 -0.270079 -0.430361
0.810527 -0.261644 -0.482739
0.768886 -0.287528 -0.451915
0.763112 -0.247717 -0.402862
0.755996 -0.198953 -0.443065
0.713936 -0.219167 -0.473866
0.684279 -0.225733 -0.418956
0.685974 -0.166604 -0.400418
0.661251 -0.144958 -0.453831
0.616891 -0.178063 -0.445288
0.606183 -0.158049 -0.382277
0.603162 -0.099278 -0.397512
0.563401 -0.102958 -0.439300
0.529196 -0.121978 -0.391854
0.533392 -0.072538 -0.352422
0.520216 -0.030838 -0.398723
0.473725 -0.054991 -0.416865
0.449657 -0.048783 -0.355922
0.449153 0.002666 -0.315478
0.468975 -0.004277 -0.247622
0.497440 0.019915 -0.198943
0.511136 -0.033424 -0.168230
0.538578 -0.055548 -0.222369
0.572263 -0.009689 -0.227455
0.589987 -0.011579 -0.164729
0.605579 -0.071086 -0.170277
0.641178 -0.062392 -0.219639
0.669257 -0.019637 -0.191722
0.682869 -0.048803 -0.135447
0.709119 -0.094901 -0.168648
0.743224 -0.060721 -0.203545
0.762172 -0.028928 -0.152070
0.779460 -0.077691 -0.118868
0.811987 -0.097766 -0.166138
0.841073 -0.045739 -0.169947
0.856280 -0.042477 -0.104888
0.880767 -0.098940 -0.104051
0.909703 -0.082486 -0.171797
0.947433 -0.057895 -0.207111
0.935046 -0.066092 -0.277169
0.887246 -0.077592 -0.302884
0.882832 -0.033961 -0.351475
0.917323 -0.058174 -0.393923
0.889210 -0.111573 -0.402004
0.848710 -0.083819 -0.431022
0.872124 -0.058214 -0.483135
0.892247 -0.109822 -0.509093
0.848458 -0.140581 -0.516557
0.822125 -0.101964 -0.556341
0.859401 -0.097069 -0.606011
0.855625 -0.160914 -0.621819
0.807237 -0.160555 -0.650616
0.768013 -0.144938 -0.688727
0.732129 -0.101327 -0.695421
0.686662 -0.074249 -0.649670
0.652339 -0.046734 -0.610678
0.658314 -0.078805 -0.551915
0.700139 -0.042496 -0.528269
0.683053 0.010266 -0.502180
0.679394 -0.007719 -0.437230
0.731341 -0.014464 -0.428578
0.748477 0.039612 -0.448085
0.723654 0.071305 -0.399978
0.745758 0.043531 -0.345553
0.794515 0.060303 -0.360810
0.786509 0.119492 -0.357067
0.769927 0.120248 -0.293703
0.813665 0.101029 -0.267393
0.844850 0.144898 -0.287252
0.818902 0.189185 -0.256627
0.821101 0.168335 -0.191502
0.879039 0.160754 -0.198173
0.912707 0.180650 -0.247050
0.920612 0.150986 -0.310458
0.939259 0.180451 -0.367107
0.967892 0.135269 -0.395002
0.926705 0.103277 -0.418362
0.907722 0.147047 -0.458851
0.948876 0.155880 -0.498921
0.952283 0.099119 -0.525672
0.896830 0.100054 -0.550308
0.876722 0.143764 -0.590159
0.878065 0.114896 -0.649978
0.846444 0.068201 -0.632232
0.805307 0.102998 -0.614575
0.799080 0.129181 -0.676376
0.792669 0.077910 -0.711955
0.750978 0.060442 -0.678424
0.720817 0.108828 -0.692756
0.721572 0.105187 -0.760304
0.708112 0.045103 -0.772259
0.669056 0.034658 -0.717767
0.641647 0.095955 -0.718186
0.642755 0.127828 -0.779436
0.639852 0.070410 -0.820542
0.597959 0.036528 -0.816777
0.555076 0.001950 -0.834038
0.535808 0.013191 -0.760722
0.522012 0.033484 -0.700440
0.531461 0.044784 -0.635161
0.520703 0.052404 -0.568142
0.525016 0.085610 -0.510920
0.559490 0.050972 -0.476971
0.598009 0.066232 -0.522413
0.597640 0.127111 -0.512704
0.607509 0.127609 -0.446455
0.655310 0.101546 -0.454557
0.679545 0.151642 -0.485117
0.691781 0.197024 -0.443065
0.742535 0.186599 -0.434126
0.755694 0.201679 -0.498195
0.736527 0.260092 -0.504690
0.769977 0.289796 -0.462263
0.812507 0.285936 -0.513628
0.809520 0.327537 -0.561559
0.823803 0.372341 -0.611405
0.827059 0.403776 -0.669044
0.848291 0.357937 -0.705878
0.810594 0.316933 -0.698899
0.773552 0.351790 -0.725033
0.794448 0.364204 -0.786900
0.813665 0.305891 -0.809115
0.770548 0.265046 -0.780493
0.721606 0.289179 -0.768252
0.706735 0.322424 -0.822127
0.707927 0.277679 -0.868494
0.674594 0.240396 -0.835447
0.634195 0.277381 -0.837891
0.630872 0.283051 -0.904623
0.626374 0.222549 -0.918318
0.583072 0.210950 -0.879701
0.550528 0.250085 -0.908476
0.552978 0.223445 -0.971246
0.540340 0.160436 -0.952598
0.514795 0.164495 -0.878005
0.482503 0.188190 -0.832453
0.468035 0.135985 -0.799053
0.518689 0.129101 -0.769133
0.534248 0.194278 -0.746830
0.507863 0.225952 -0.700793
0.524463 0.194557 -0.647380
0.574781 0.206554 -0.658476
0.569544 0.267234 -0.651783
0.550511 0.268189 -0.589102
0.592202 0.240714 -0.561251
0.625753 0.282414 -0.579679
0.605227 0.331277 -0.548415
0.609389 0.305990 -0.485227
0.666370 0.293854 -0.487693
0.689784 0.348029 -0.492250
0.724543 0.404453 -0.482166
0.718031 0.445298 -0.534434
0.708313 0.488789 -0.579767
0.675652 0.499831 -0.636944
0.678220 0.552613 -0.668846
0.701969 0.531086 -0.727499
0.656132 0.488172 -0.738441
0.607324 0.506257 -0.742801
0.604387 0.506556 -0.811427
0.614340 0.446432 -0.822567
0.573169 0.426158 -0.785337
0.533392 0.456956 -0.812594
0.533039 0.432505 -0.873360
0.518152 0.376042 -0.845685
0.474228 0.392794 -0.806099
0.438848 0.424408 -0.842228
0.418774 0.376818 -0.876618
0.394119 0.351969 -0.816094
0.352864 0.390208 -0.807067
0.331750 0.360026 -0.871400
0.314093 0.302748 -0.865566
0.284604 0.250403 -0.857970
0.307128 0.240276 -0.792184
0.311190 0.242047 -0.724681
0.360551 0.223246 -0.720894
0.380625 0.273044 -0.750594
0.362783 0.312636 -0.705196
0.386583 0.289219 -0.649736
0.434971 0.290412 -0.674571
0.434937 0.352884 -0.683774
0.427082 0.369198 -0.620211
0.469512 0.341623 -0.596103
0.504372 0.371347 -0.633311
0.493714 0.426676 -0.607023
0.506571 0.414082 -0.543813
0.555966 0.398006 -0.558212
0.569225 0.452321 -0.583598
0.560212 0.490241 -0.532937
0.595173 0.465770 -0.489872
0.636344 0.488491 -0.536570
0.628321 0.556612 -0.530559
0.652574 0.617393 -0.521686
0.632635 0.652269 -0.573998
0.602407 0.693950 -0.604734
0.609808 0.680461 -0.671819
0.589920 0.624077 -0.670343
0.542925 0.639994 -0.646191
0.530354 0.675706 -0.698063
0.534180 0.634463 -0.748173
0.499874 0.595587 -0.723690
0.459257 0.633010 -0.720960
0.458384 0.647952 -0.786482
0.448146 0.591628 -0.809225
0.401688 0.585898 -0.778710
0.381179 0.635199 -0.809181
0.384418 0.613652 -0.872347
0.352042 0.567515 -0.861493
0.312079 0.602551 -0.843571
0.315033 0.634542 -0.906803
0.339202 0.600521 -0.963871
0.385375 0.581859 -0.988001
0.356036 0.520641 -1.000000
0.300650 0.535662 -0.986944
0.255400 0.525058 -0.954888
0.224585 0.503273 -0.903192
0.179453 0.465989 -0.892206
0.192830 0.436842 -0.830317
0.196187 0.433042 -0.763012
0.239456 0.399459 -0.759379
0.270371 0.443726 -0.784941
0.261996 0.484014 -0.736151
0.277286 0.447427 -0.685183
0.325842 0.439389 -0.708058
0.339471 0.498120 -0.706011
0.329098 0.503949 -0.639696
0.363354 0.460796 -0.621114
0.402914 0.493166 -0.644760
0.395797 0.540398 -0.602554
0.398785 0.505998 -0.545310
0.447911 0.487655 -0.554205
0.468891 0.545511 -0.547864
0.466189 0.553688 -0.479613
0.512647 0.519965 -0.466050
0.554976 0.556035 -0.457926
0.600628 0.590355 -0.432210
0.591766 0.648191 -0.422853
0.610950 0.701948 -0.377961
0.595559 0.762390 -0.371400
0.584280 0.797525 -0.425473
0.573891 0.751746 -0.468780
0.528323 0.738694 -0.441237
0.505480 0.792293 -0.452532
0.509693 0.789428 -0.521026
0.486497 0.736665 -0.533950
0.441550 0.749378 -0.505504
0.431933 0.797008 -0.546984
0.430960 0.768239 -0.605900
0.395076 0.726320 -0.589718
0.356993 0.764658 -0.575826
0.355130 0.787219 -0.640401
0.341770 0.735113 -0.674505
0.291653 0.734815 -0.652158
0.264312 0.779480 -0.680779
0.254410 0.753417 -0.740709
0.230560 0.703281 -0.716248
0.192897 0.731512 -0.680229
0.171095 0.757734 -0.738001
0.161645 0.701212 -0.776332
0.136084 0.660745 -0.733531
0.090180 0.617054 -0.718846
0.103523 0.568808 -0.678027
0.106880 0.547381 -0.615148
0.149024 0.511967 -0.621620
0.180276 0.559338 -0.639366
0.173545 0.592762 -0.582937
0.189977 0.553091 -0.537737
0.236787 0.545729 -0.566447
0.252362 0.604102 -0.563871
0.247814 0.608519 -0.495310
0.280811 0.563218 -0.480934
0.320236 0.592185 -0.511669
0.318994 0.641824 -0.473580
0.330307 0.614906 -0.414795
0.380138 0.604660 -0.429282
0.391652 0.665659 -0.432959
0.373290 0.684977 -0.372633
0.406640 0.654438 -0.333465
0.447844 0.700416 -0.347710
0.439553 0.747707 -0.305945
0.468186 0.794421 -0.261515
0.455716 0.856495 -0.288001
0.413957 0.850467 -0.347402
0.375858 0.864513 -0.396984
0.358436 0.891531 -0.451453
0.323056 0.927581 -0.479172
0.302731 0.885045 -0.520498
0.283312 0.852058 -0.467966
0.252782 0.895788 -0.442756
0.226012 0.901438 -0.501211
0.210856 0.843304 -0.503985
0.181417 0.843603 -0.449670
0.148504 0.884448 -0.475561
0.136319 0.854406 -0.534698
0.119753 0.798540 -0.517437
0.074302 0.815888 -0.489476
0.053960 0.838131 -0.553985
0.044511 0.787538 -0.593021
0.018630 0.739669 -0.619881
0.056008 0.696516 -0.598349
0.044293 0.693393 -0.529172
0.034407 0.646082 -0.486724
0.048858 0.614110 -0.432519
0.094057 0.595388 -0.459115
0.114617 0.651513 -0.467922
0.112536 0.668703 -0.402708
0.141757 0.624217 -0.379238
0.183683 0.639258 -0.413981
0.188147 0.693930 -0.383113
0.194022 0.672702 -0.319199
0.236737 0.641824 -0.333245
0.262063 0.691204 -0.352598
0.259143 0.719953 -0.292096
0.284319 0.677596 -0.256121
0.328276 0.687842 -0.295883
0.334435 0.751388 -0.288573
0.322452 0.759127 -0.214377
0.374314 0.756501 -0.169000
0.399490 0.798142 -0.135865
0.407512 0.846090 -0.179436
0.359158 0.839723 -0.212109
0.318642 0.857569 -0.175143
0.314614 0.916499 -0.196587
0.293197 0.903508 -0.258146
0.243450 0.896425 -0.233113
0.222420 0.951654 -0.232651
0.202380 0.945527 -0.296367
0.165271 0.899986 -0.267371
0.128934 0.915703 -0.223712
0.088266 0.912401 -0.265962
0.093067 0.852854 -0.281814
0.089005 0.829417 -0.218648
0.042832 0.850526 -0.204183
0.017573 0.825259 -0.255923
0.027408 0.766409 -0.238551
0.002551 0.768756 -0.178049
-0.043420 0.788055 -0.201387
-0.050419 0.738893 -0.241149
-0.050671 0.696954 -0.192955
-0.093100 0.721246 -0.163188
-0.126299 0.716073 -0.217283
-0.105587 0.650081 -0.227961
-0.109464 0.597776 -0.188551
-0.114667 0.558940 -0.249229
-0.064249 0.566659 -0.280647
-0.017321 0.545093 -0.286658
0.003726 0.590355 -0.322259
-0.003357 0.633269 -0.271907
0.026267 0.604281 -0.225958
0.070324 0.608062 -0.261295
0.070811 0.668006 -0.255526
0.069200 0.673716 -0.187869
0.113845 0.645803 -0.171819
0.145650 0.682928 -0.206055
0.130662 0.733721 -0.174196
0.139843 0.716611 -0.109819
0.190833 0.711895 -0.115764
0.199006 0.771164 -0.131836
0.177825 0.794700 -0.075429
0.209815 0.766866 -0.030978
0.251842 0.796212 -0.055218
0.235528 0.854426 -0.045751
0.230308 0.856216 0.022303
0.284034 0.851382 0.031022
0.302748 0.900145 -0.011273
0.256995 0.947536 0.004866
0.224149 0.992957 0.026993
0.198218 1.000000 -0.032431
0.178060 0.944154 -0.031792
0.150417 0.947834 0.024284
0.117487 0.992181 0.004535
0.095097 0.954380 -0.047490
0.073228 0.904045 -0.006803
0.024035 0.904661 0.012307
0.008442 0.859519 -0.030911
0.041120 0.815510 -0.009291
0.024538 0.811651 0.055152
-0.022977 0.796550 0.039498
-0.009802 0.741500 0.007860
0.019486 0.708653 0.052818
-0.018127 0.717088 0.107992
-0.062940 0.686986 0.090621
-0.098370 0.644032 0.107420
-0.126685 0.650120 0.044914
-0.088871 0.638561 -0.006913
-0.047800 0.605296 -0.023646
-0.022155 0.603605 -0.082100
0.017908 0.560890 -0.055680
-0.019117 0.520204 -0.014619
-0.049831 0.484511 -0.050286
-0.061060 0.430376 -0.076508
-0.058425 0.447108 -0.141656
-0.006915 0.458409 -0.139630
0.013629 0.406064 -0.116997
-0.004901 0.373436 -0.173998
0.010473 0.413903 -0.230956
0.062050 0.423652 -0.232519
0.113207 0.419692 -0.242933
0.161562 0.424607 -0.222413
0.161595 0.485964 -0.222589
0.124788 0.492748 -0.175407
0.149276 0.463601 -0.124725
0.188751 0.501681 -0.125429
0.161041 0.552096 -0.111229
0.144308 0.531365 -0.050925
0.190044 0.525357 -0.022127
0.203219 0.584426 -0.026949
0.164767 0.606908 0.008300
0.173663 0.575254 0.065918
0.220540 0.595965 0.078512
0.207969 0.655512 0.082673
0.174552 0.651732 0.133972
0.208271 0.629350 0.181132
0.248015 0.674035 0.172479
0.222907 0.732547 0.159225
0.168309 0.718779 0.195200
0.147983 0.705310 0.256341
0.113123 0.752323 0.261052
0.077105 0.723395 0.215764
0.068713 0.668026 0.259005
0.021383 0.669558 0.301783
-0.011581 0.620994 0.300044
-0.029070 0.608340 0.236217
0.013612 0.619800 0.198987
0.034239 0.561765 0.205218
0.003575 0.520622 0.172237
0.021584 0.529196 0.109533
0.071063 0.506774 0.129216
0.055974 0.451306 0.144232
0.038116 0.437956 0.082695
0.082358 0.445298 0.050000
0.108927 0.402861 0.083289
0.078213 0.355968 0.067481
0.080814 0.358355 0.000176
0.133533 0.352008 -0.002686
0.136386 0.298331 0.030647
0.103204 0.269562 -0.021004
0.124704 0.258898 -0.081990
0.148655 0.230269 -0.135425
0.193501 0.260569 -0.139828
0.241788 0.268726 -0.120542
0.243366 0.329029 -0.125187
0.208204 0.340927 -0.077037
0.229016 0.309771 -0.025738
0.274215 0.335734 -0.021224
0.253621 0.390247 -0.006165
0.226868 0.373873 0.049185
0.267585 0.354217 0.085073
0.291435 0.408909 0.085579
0.253050 0.441776 0.113805
0.245699 0.409645 0.171510
0.293013 0.415872 0.195487
0.290898 0.476772 0.198393
0.249543 0.479498 0.242096
0.268928 0.445616 0.294011
0.310049 0.488093 0.306627
0.281549 0.535981 0.338771
0.248082 0.564670 0.376684
0.205804 0.515648 0.375407
0.200349 0.454231 0.368098
0.155519 0.448083 0.402466
0.123999 0.477309 0.359621
0.135513 0.439807 0.308476
0.120072 0.387024 0.335447
0.071080 0.404174 0.344562
0.060724 0.418419 0.278468
0.072389 0.360424 0.255658
0.035699 0.330820 0.292250
-0.004414 0.357042 0.263518
0.005824 0.338201 0.199934
0.007418 0.278316 0.215170
-0.042195 0.274536 0.234456
-0.060053 0.288841 0.171642
-0.039140 0.239281 0.143043
-0.059616 0.194656 0.181022
-0.110304 0.202276 0.167371
-0.097816 0.184470 0.096301
-0.069737 0.128226 0.096697
-0.060590 0.069554 0.059027
-0.049026 0.016573 0.028071
-0.037109 -0.010624 -0.037539
-0.023296 -0.044466 -0.091127
-0.002971 -0.050176 -0.152818
-0.048237 -0.046495 -0.188045
-0.055185 0.015459 -0.177631
-0.007200 0.035533 -0.210700
-0.011715 -0.009351 -0.272567
-0.012739 -0.039373 -0.332232
0.008140 -0.076816 -0.378159
0.047498 -0.033384 -0.392228
0.059986 0.010147 -0.340687
0.024907 0.057836 -0.324306
-0.003139 0.097587 -0.287098
-0.047146 0.122516 -0.262880
-0.071180 0.160536 -0.221708
-0.053809 0.129897 -0.167900
-0.006076 0.140103 -0.183664
-0.000034 0.201023 -0.174615
-0.015173 0.200326 -0.104205
0.019134 0.162923 -0.067768
0.049680 0.142968 -0.010612
0.080428 0.106699 0.024945
0.100233 0.090663 0.085381
0.146490 0.117960 0.075605
0.129102 0.175974 0.083113
0.115020 0.168832 0.148107
0.162703 0.154249 0.170498
0.185328 0.206255 0.150683
0.155083 0.243837 0.187605
0.166076 0.221376 0.248569
0.217922 0.232199 0.242206
0.212652 0.293954 0.237252
0.185076 0.305871 0.294562
0.219315 0.278057 0.339190
0.264514 0.315819 0.330339
0.280425 0.353441 0.381220
0.315839 0.384776 0.416358
0.303234 0.382568 0.492536
0.278277 0.343334 0.535645
0.307212 0.344269 0.594055
0.277740 0.389909 0.632783
0.223226 0.358236 0.630097
0.184639 0.322265 0.650330
0.144291 0.352745 0.621973
0.157147 0.344408 0.557464
0.159648 0.281718 0.560942
0.110186 0.271114 0.580317
0.087511 0.300320 0.527851
0.107467 0.263593 0.480956
0.087948 0.210373 0.506715
0.037176 0.224658 0.499141
0.038368 0.232477 0.430867
0.056511 0.175159 0.416887
0.019369 0.134512 0.425495
-0.005069 0.146271 0.365302
0.032762 0.147305 0.320189
0.051795 0.089251 0.330207
0.000050 0.064322 0.314817
-0.007888 0.063566 0.249097
-0.003071 0.029982 0.193087
0.040399 0.057697 0.170101
0.071197 0.039114 0.224901
0.062856 -0.021049 0.223866
0.085279 -0.031952 0.162770
0.134556 -0.016533 0.192712
0.122740 -0.016473 0.273074
0.107752 -0.036607 0.336724
0.149981 0.002865 0.366513
0.147279 0.064123 0.372545
0.144862 0.071404 0.439850
0.190329 0.047490 0.455922
0.218425 0.085013 0.414773
0.204092 0.136164 0.448525
0.220490 0.119472 0.509247
0.270204 0.112966 0.490313
0.275709 0.172552 0.473096
0.258975 0.189384 0.540753
0.253386 0.151782 0.598767
0.210235 0.110320 0.614619
0.175576 0.068798 0.645288
0.131065 0.035135 0.644804
0.120324 0.026202 0.711779
0.118377 0.085232 0.728666
0.081284 0.101566 0.684919
0.043756 0.064759 0.705967
0.040969 0.081253 0.770233
0.030278 0.142769 0.758609
-0.012386 0.130235 0.706231
-0.055269 0.096950 0.713672
-0.089005 0.144838 0.720057
-0.076719 0.161869 0.651387
-0.082979 0.107495 0.613144
-0.131384 0.086545 0.620211
-0.157718 0.135408 0.597314
-0.136319 0.142610 0.535777
-0.155452 0.079880 0.516226
-0.208825 0.075841 0.539190
-0.233833 0.129439 0.511735
-0.238197 0.114020 0.443835
-0.275843 0.118676 0.386019
-0.235360 0.077592 0.370960
-0.188768 0.052384 0.363959
-0.139659 0.051589 0.336680
-0.092127 0.028749 0.324395
-0.067354 0.060979 0.373514
-0.090247 0.032927 0.426156
-0.075947 -0.022561 0.407574
-0.024689 -0.015041 0.410392
-0.025075 0.000935 0.476970
-0.042514 -0.050912 0.503567
-0.001729 -0.083600 0.483531
0.033131 -0.053021 0.519639
0.010859 -0.063108 0.581528
0.013780 -0.125142 0.584698
0.068965 -0.119850 0.589058
0.077357 -0.077970 0.641788
0.027861 -0.103675 0.684478
-0.002333 -0.150767 0.708785
-0.020392 -0.134393 0.771246
-0.049445 -0.083381 0.739828
-0.073060 -0.105008 0.678115
-0.102298 -0.157074 0.685711
-0.142411 -0.141496 0.725077
-0.161847 -0.098024 0.682563
-0.169467 -0.134552 0.628798
-0.200349 -0.177924 0.654976
-0.239137 -0.143306 0.672633
-0.249324 -0.124067 0.609401
-0.258589 -0.180152 0.582210
-0.296420 -0.202833 0.621334
-0.331565 -0.159004 0.610524
-0.335929 -0.171458 0.542338
-0.345362 -0.233532 0.541766
-0.390108 -0.232298 0.583818
-0.431513 -0.214810 0.548833
-0.478928 -0.227961 0.524681
-0.476075 -0.198934 0.464641
-0.451805 -0.244335 0.430009
-0.494302 -0.285717 0.430317
-0.532401 -0.249766 0.394364
-0.521895 -0.253566 0.327191
-0.537017 -0.261942 0.258851
-0.540776 -0.256590 0.191502
-0.566372 -0.202574 0.192977
-0.530438 -0.169369 0.222809
-0.493916 -0.181465 0.176574
-0.521039 -0.157213 0.123756
-0.522432 -0.101068 0.148745
-0.471073 -0.093747 0.147974
-0.465820 -0.103137 0.079150
-0.494050 -0.052663 0.059159
-0.496182 0.007560 0.048283
-0.517346 0.062392 0.050947
-0.564123 0.051628 0.009577
-0.577382 -0.012673 0.013408
-0.602877 -0.065495 0.016799
-0.617311 -0.122197 0.035007
-0.669693 -0.113264 0.017591
-0.697471 -0.118795 -0.041766
-0.748460 -0.118954 -0.029238
-0.756533 -0.060959 -0.052708
-0.745053 -0.078547 -0.118758
-0.778604 -0.126077 -0.125385
-0.820983 -0.090245 -0.115588
-0.811232 -0.051489 -0.168802
-0.811903 -0.099198 -0.216314
-0.860643 -0.123093 -0.205438
-0.889210 -0.071782 -0.227257
-0.875229 -0.069753 -0.297116
-0.891660 -0.133100 -0.319661
-0.948742 -0.141376 -0.311911
-0.961817 -0.107733 -0.382783
-0.966718 -0.152319 -0.448063
-0.978735 -0.189782 -0.500903
-0.972189 -0.250681 -0.534236
-0.988016 -0.291029 -0.580647
-1.000000 -0.338539 -0.618824
-0.979490 -0.345881 -0.696367
-0.938521 -0.394744 -0.728424
-0.905675 -0.433758 -0.760722
-0.842651 -0.429222 -0.750881
-0.823585 -0.426735 -0.675363
-0.800507 -0.436405 -0.613893
-0.783807 -0.418678 -0.553148
-0.732280 -0.424030 -0.570784
-0.729645 -0.372461 -0.610370
-0.743660 -0.332710 -0.562175
-0.702455 -0.346716 -0.523690
-0.664037 -0.335774 -0.567525
-0.678186 -0.276247 -0.579282
-0.672832 -0.260152 -0.513034
-0.622883 -0.276128 -0.506539
-0.606032 -0.240057 -0.557794
-0.624696 -0.187275 -0.529811
-0.595693 -0.192348 -0.472193
-0.549773 -0.190717 -0.502444
-0.557812 -0.135746 -0.531990
-0.566523 -0.104709 -0.473096
-0.520686 -0.117005 -0.444540
-0.493949 -0.088256 -0.496852
-0.519880 -0.026282 -0.489168
-0.532670 0.011301 -0.435007
-0.586915 0.025585 -0.416623
-0.617412 0.058731 -0.366513
-0.666135 0.067127 -0.332607
-0.698511 0.087898 -0.280383
-0.739330 0.085709 -0.235007
-0.780668 0.110459 -0.200506
-0.803763 0.117641 -0.135997
-0.835451 0.135050 -0.083509
-0.842332 0.149931 -0.018406
-0.842634 0.089728 0.003501
-0.793542 0.078408 -0.019221
-0.770648 0.120208 0.021202
-0.783975 0.093568 0.080383
-0.761384 0.038696 0.069221
-0.714322 0.060979 0.059863
-0.709991 0.087221 0.121158
-0.716537 0.037582 0.160370
-0.675047 0.007341 0.133355
-0.639852 0.048883 0.149053
-0.647052 0.046794 0.216777
-0.633860 -0.012653 0.222897
-0.587620 -0.009490 0.193747
-0.569628 0.032350 0.238573
-0.573119 -0.003362 0.294386
-0.543344 -0.048843 0.271753
-0.501452 -0.016016 0.257442
-0.492388 0.005352 0.320123
-0.486716 -0.047610 0.352840
-0.447441 -0.069594 0.312594
-0.413924 -0.023218 0.323074
-0.409375 -0.034439 0.389520
-0.393280 -0.093349 0.384544
-0.352025 -0.082327 0.344320
-0.327604 -0.041979 0.385931
-0.319985 -0.081471 0.436812
-0.295195 -0.124704 0.399978
-0.256256 -0.090385 0.377081
-0.236485 -0.076756 0.437957
-0.228093 -0.134115 0.461008
-0.199913 -0.154607 0.407067
-0.162015 -0.112906 0.409797
-0.143972 -0.135328 0.467944
-0.134472 -0.192567 0.447534
-0.101710 -0.183734 0.396521
-0.065340 -0.157691 0.438309
-0.058492 -0.206573 0.476574
-0.045501 -0.244713 0.426794
-0.002669 -0.211388 0.407067
0.021534 -0.200903 0.476156
-0.005975 -0.248911 0.525605
-0.015643 -0.309293 0.535843
-0.002031 -0.314406 0.603236
-0.044444 -0.284265 0.629921
-0.083399 -0.332173 0.616821
-0.088401 -0.384756 0.650859
-0.129672 -0.367626 0.691832
-0.165573 -0.355331 0.636041
-0.183196 -0.405427 0.603192
-0.228680 -0.414062 0.630625
-0.248099 -0.358594 0.613959
-0.241956 -0.363090 0.546786
-0.270472 -0.413067 0.537164
-0.314798 -0.392356 0.564685
-0.317383 -0.343473 0.520057
-0.315856 -0.374769 0.456935
-0.354324 -0.414540 0.448613
-0.392592 -0.372899 0.440511
-0.371897 -0.341762 0.385469
-0.381380 -0.384020 0.336922
-0.434954 -0.362334 0.336548
-0.426428 -0.304240 0.308520
-0.420822 -0.261584 0.261229
-0.388631 -0.226329 0.301079
-0.349893 -0.267990 0.325297
-0.327202 -0.301932 0.276948
-0.294104 -0.259654 0.252840
-0.269129 -0.250940 0.315852
-0.255534 -0.310288 0.338111
-0.220825 -0.335455 0.297424
-0.176717 -0.306030 0.321466
-0.179285 -0.322404 0.385227
-0.178211 -0.383165 0.376552
-0.131132 -0.385731 0.348107
-0.103624 -0.358514 0.400418
-0.102046 -0.402145 0.448415
-0.059583 -0.431092 0.428952
-0.025730 -0.389372 0.457177
-0.034726 -0.405149 0.525958
-0.030412 -0.474007 0.526486
0.011463 -0.490122 0.485469
0.058190 -0.503313 0.465632
0.087746 -0.509838 0.410634
0.068965 -0.568470 0.397600
0.013729 -0.545033 0.390665
-0.000806 -0.506138 0.341942
-0.021299 -0.550604 0.302730
-0.057921 -0.567575 0.347336
-0.083147 -0.515130 0.350727
-0.095601 -0.511251 0.285337
-0.122606 -0.562064 0.282210
-0.157500 -0.550246 0.329392
-0.178413 -0.498876 0.304161
-0.194609 -0.523526 0.244804
-0.223628 -0.568271 0.270520
-0.255602 -0.532340 0.304359
-0.276632 -0.504506 0.250947
-0.295933 -0.554444 0.221797
-0.327638 -0.568132 0.275561
-0.355247 -0.514116 0.283157
-0.370840 -0.470724 0.241722
-0.374364 -0.410759 0.235623
-0.385794 -0.353103 0.209159
-0.337826 -0.362772 0.157552
-0.290848 -0.370690 0.124130
-0.247764 -0.405587 0.102796
-0.209782 -0.430794 0.066314
-0.192058 -0.466387 0.015654
-0.152230 -0.493882 0.046301
-0.184908 -0.527406 0.088353
-0.208389 -0.556155 0.026684
-0.175744 -0.599367 -0.000749
-0.190447 -0.638422 0.049538
-0.219802 -0.672562 0.086041
-0.234521 -0.685992 0.148063
-0.210705 -0.740744 0.151189
-0.161612 -0.719396 0.148723
-0.164650 -0.682092 0.202444
-0.176281 -0.726638 0.246411
-0.135345 -0.761256 0.240599
-0.101039 -0.717446 0.257486
-0.118897 -0.703619 0.319507
-0.114080 -0.759485 0.346896
-0.064333 -0.770726 0.336570
-0.047364 -0.721206 0.371070
-0.067589 -0.734437 0.430427
-0.045367 -0.788691 0.439168
0.004397 -0.773113 0.436768
0.000571 -0.729503 0.491942
-0.026586 -0.769055 0.543175
-0.003088 -0.831486 0.533928
0.024991 -0.883572 0.547490
0.045182 -0.937389 0.529040
0.059230 -0.999085 0.535403
0.082224 -1.000000 0.464025
0.127373 -0.964049 0.451563
0.145466 -0.908561 0.453302
0.129941 -0.852814 0.468494
0.136654 -0.795973 0.481088
0.148655 -0.750293 0.520277
0.091455 -0.724668 0.538793
0.049160 -0.745757 0.569639
0.003474 -0.705230 0.600528
-0.029053 -0.662495 0.614641
-0.053289 -0.610927 0.622963
-0.080227 -0.565287 0.648723
-0.124335 -0.534668 0.653743
-0.116900 -0.500428 0.597182
-0.113627 -0.547600 0.554029
-0.161192 -0.568709 0.568230
-0.189977 -0.520442 0.549978
-0.176818 -0.529475 0.482563
-0.191554 -0.591867 0.476486
-0.241520 -0.601397 0.490379
-0.261476 -0.590235 0.429326
-0.242577 -0.640352 0.401145
-0.263171 -0.683445 0.440004
-0.311475 -0.666633 0.428049
-0.312130 -0.675507 0.359577
-0.299340 -0.734397 0.357508
-0.339487 -0.753397 0.394298
-0.382823 -0.722798 0.359115
-0.372518 -0.724927 0.282585
-0.357413 -0.784096 0.260656
-0.362750 -0.842011 0.237627
-0.361827 -0.909894 0.238727
-0.330508 -0.946302 0.185865
-0.278478 -0.965999 0.223998
-0.232624 -0.977200 0.252004
-0.216411 -0.918310 0.248701
-0.250013 -0.894117 0.293483
-0.234118 -0.929332 0.345465
-0.186402 -0.906512 0.350132
-0.201490 -0.848437 0.366050
-0.227321 -0.862563 0.421775
-0.186116 -0.884149 0.454183
-0.161243 -0.830770 0.454866
-0.194424 -0.800151 0.492778
-0.191084 -0.834948 0.548657
-0.141387 -0.822235 0.559115
-0.147983 -0.762907 0.570233
-0.179604 -0.767105 0.622743
-0.147044 -0.797246 0.663716
-0.111260 -0.752900 0.668406
-0.144643 -0.708454 0.693153
-0.158272 -0.736506 0.752114
-0.107098 -0.728329 0.780625
-0.103087 -0.672741 0.808521
-0.072389 -0.630901 0.860128
-0.045921 -0.595050 0.903919
-0.007838 -0.570061 0.944033
0.016314 -0.546485 1.000000
0.044511 -0.497384 0.963056
0.015878 -0.444820 0.955592
0.004901 -0.385990 0.971026
-0.027223 -0.340131 0.978930
