-1.000000 0.246700 0.189821
-0.923916 0.141974 0.206541
-0.878019 0.029334 0.263935
-0.795035 -0.041844 0.313316
-0.731326 -0.164748 0.319203
-0.660529 -0.253491 0.380153
-0.554972 -0.298680 0.415146
-0.447615 -0.394062 0.381216
-0.347570 -0.267073 0.379458
-0.222551 -0.217800 0.399530
-0.132293 -0.110879 0.381094
-0.006937 -0.071000 0.414859
0.093070 -0.006153 0.439509
0.204252 0.022543 0.491548
0.247938 0.178534 0.471068
0.169492 0.262325 0.559530
0.099633 0.138656 0.626203
0.185016 0.052976 0.700644
0.298485 0.148000 0.662463
0.417992 0.210294 0.677956
0.488226 0.090301 0.679836
0.485788 0.049606 0.815187
0.360769 0.101432 0.836198
0.251125 0.118333 0.870823
0.151230 0.169088 0.907328
0.076796 0.169547 1.000000
0.010387 0.030509 0.977353
0.026511 -0.083101 0.890118
0.004575 -0.206975 0.963495
-0.103757 -0.164901 0.995381
-0.142943 -0.158416 0.878590
-0.126031 -0.307922 0.850751
-0.194090 -0.367867 0.938314
-0.290273 -0.300008 0.890240
-0.287236 -0.363732 0.775779
-0.295298 -0.514667 0.817598
-0.410080 -0.500013 0.852509
-0.448815 -0.505221 0.720715
-0.479676 -0.526922 0.592560
-0.362382 -0.500677 0.526459
-0.268712 -0.460441 0.456147
-0.143918 -0.433634 0.444047
-0.049385 -0.326815 0.386612
0.062284 -0.275039 0.345611
0.119807 -0.142536 0.276198
0.218914 -0.094080 0.176658
0.321659 -0.029181 0.133776
0.417692 -0.131099 0.088646
0.545485 -0.167709 0.053204
0.595695 -0.255381 0.168114
0.514437 -0.358625 0.224854
0.455490 -0.481580 0.263485
0.392418 -0.562052 0.342749
0.477989 -0.578749 0.427982
0.492950 -0.429549 0.460889
0.385931 -0.409482 0.500950
0.384806 -0.517731 0.591375
0.471164 -0.463555 0.660869
0.420242 -0.325947 0.686254
0.323234 -0.376344 0.740255
0.378619 -0.455692 0.833051
0.427966 -0.328091 0.884722
0.312209 -0.271465 0.906592
0.219177 -0.373484 0.917384
0.165442 -0.451454 0.819969
0.083246 -0.543874 0.761267
0.128844 -0.626899 0.639653
0.138256 -0.693431 0.512356
0.153855 -0.715336 0.389474
0.042598 -0.697363 0.350148
0.043873 -0.531824 0.370547
0.120631 -0.486533 0.274890
0.140730 -0.356226 0.176168
0.212239 -0.301029 0.066203
0.274074 -0.280502 -0.037997
0.299685 -0.436953 -0.039591
0.191765 -0.486890 -0.059622
0.180328 -0.408767 -0.168319
0.267137 -0.478669 -0.228697
0.229939 -0.624601 -0.220276
0.130418 -0.605555 -0.279264
0.180216 -0.562511 -0.389106
0.239651 -0.693431 -0.412161
0.152355 -0.795553 -0.414696
0.095658 -0.724016 -0.510884
0.189591 -0.725650 -0.593705
0.286673 -0.808522 -0.597547
0.399430 -0.741377 -0.553357
0.516649 -0.674641 -0.537251
0.590333 -0.571140 -0.472499
0.639493 -0.441242 -0.423403
0.679654 -0.375935 -0.307307
0.670317 -0.229646 -0.242800
0.706990 -0.268248 -0.107164
0.743775 -0.332584 -0.001247
0.764662 -0.461360 0.065345
0.665442 -0.450024 0.134921
0.597383 -0.506395 0.030802
0.614557 -0.661365 0.007828
0.528086 -0.728255 0.068861
0.444653 -0.688938 -0.016536
0.503412 -0.793102 -0.110312
0.494975 -0.944752 -0.097966
0.472139 -1.000000 -0.226040
0.518937 -0.912890 -0.322637
0.573159 -0.875361 -0.431947
0.683553 -0.804080 -0.489136
0.703990 -0.860144 -0.605273
0.669342 -0.758125 -0.688666
0.607095 -0.624805 -0.692059
0.484926 -0.541474 -0.698068
0.510125 -0.422962 -0.585038
0.498050 -0.299957 -0.483332
0.528386 -0.243892 -0.355749
0.519349 -0.105415 -0.263894
0.585346 -0.033113 -0.159571
0.682691 -0.016722 -0.083332
0.807522 -0.021318 -0.134635
0.914692 0.029896 -0.130874
0.960289 -0.096173 -0.195095
0.890131 -0.049401 -0.307103
0.923541 0.109245 -0.338866
0.985151 0.075493 -0.464364
1.000000 0.043223 -0.584752
0.991225 -0.111542 -0.585447
0.878244 -0.117363 -0.543996
0.829909 -0.022697 -0.627879
0.861407 -0.112053 -0.729545
0.794510 -0.233067 -0.696352
0.695628 -0.159029 -0.697210
0.697915 -0.111134 -0.815268
0.693265 -0.254921 -0.868738
0.591195 -0.293114 -0.825938
0.534686 -0.173683 -0.882555
0.557485 -0.220353 -1.000000
0.500562 -0.364089 -0.977476
0.410979 -0.347341 -0.879203
0.409780 -0.317215 -0.757302
0.380119 -0.259568 -0.643005
0.357657 -0.158671 -0.538150
0.370219 -0.152034 -0.398467
0.343070 -0.070796 -0.279346
0.323759 -0.028722 -0.162473
0.353870 0.152902 -0.193827
0.370856 0.333861 -0.192397
0.442553 0.417447 -0.126581
0.525086 0.527688 -0.113214
0.539073 0.491537 0.034032
0.598020 0.486226 0.167951
0.650967 0.458041 0.284538
0.760050 0.473206 0.361267
0.850308 0.535092 0.421850
0.873444 0.642217 0.313480
0.757087 0.652378 0.237568
0.744225 0.622916 0.110884
0.714377 0.499553 0.008360
0.674704 0.398606 -0.075115
0.599783 0.296791 -0.138150
0.544885 0.245883 -0.245457
0.516387 0.366131 -0.321533
0.613244 0.375373 -0.388860
0.607582 0.223161 -0.435994
0.507725 0.238888 -0.491426
0.536073 0.362659 -0.564231
0.616732 0.289030 -0.631150
0.542035 0.184100 -0.683516
0.469252 0.283464 -0.734246
0.546123 0.357451 -0.807501
0.586696 0.232607 -0.873439
0.465352 0.177819 -0.910189
0.356870 0.217851 -0.885621
0.317272 0.162450 -0.755340
0.270436 0.081314 -0.638181
0.242200 0.018203 -0.527685
0.208977 -0.060839 -0.423648
0.163754 -0.048635 -0.303751
0.148530 -0.113227 -0.169259
0.127719 0.020143 -0.089750
0.101207 0.165105 -0.059336
-0.014962 0.165054 -0.119101
-0.056022 0.039853 -0.177271
-0.132968 -0.071868 -0.189535
-0.062847 -0.191759 -0.166193
-0.056135 -0.182976 -0.042698
-0.168779 -0.212745 -0.016127
-0.179953 -0.348413 -0.078753
-0.096483 -0.421175 -0.010567
-0.142980 -0.405346 0.104916
-0.242650 -0.492762 0.061952
-0.218164 -0.639511 0.034318
-0.290310 -0.734331 0.111620
-0.389906 -0.662539 0.165376
-0.485488 -0.591820 0.113214
-0.469214 -0.426179 0.082718
-0.484888 -0.270852 0.053735
-0.472364 -0.119559 0.076300
-0.568884 -0.106130 0.152499
-0.505700 -0.202686 0.247542
-0.407605 -0.079578 0.270843
-0.296348 -0.011157 0.329218
-0.205002 0.104138 0.357874
-0.093670 0.149736 0.417680
-0.017512 0.309148 0.409463
0.059435 0.438536 0.366704
0.000450 0.462840 0.245703
-0.062209 0.524879 0.155074
-0.014699 0.425107 0.057905
0.006525 0.276775 0.097067
-0.095883 0.259057 0.170363
-0.187078 0.353519 0.134267
-0.181228 0.352192 0.009831
-0.176766 0.196865 -0.006561
-0.280711 0.168169 0.049811
-0.349483 0.262682 -0.019315
-0.330883 0.190533 -0.132959
-0.397968 0.055733 -0.078140
-0.462802 0.083101 0.042412
-0.421066 0.127014 0.157200
-0.370107 0.184815 0.261277
-0.300810 0.308892 0.336372
-0.209577 0.346218 0.428758
-0.141218 0.453701 0.496617
-0.038473 0.493783 0.568074
0.049685 0.572162 0.641329
0.146955 0.481682 0.598733
0.238338 0.516352 0.523720
0.199190 0.621129 0.426060
0.131918 0.731165 0.465304
0.065772 0.887717 0.451160
-0.005925 1.000000 0.428922
-0.070234 0.947407 0.326888
-0.093595 0.803824 0.281635
-0.209352 0.825678 0.264752
-0.188991 0.924890 0.157118
-0.145080 0.820777 0.060930
-0.266687 0.749394 0.044251
-0.367219 0.665348 -0.029494
-0.387168 0.650336 0.097721
-0.363319 0.614389 0.216352
-0.379706 0.528249 0.312540
-0.440415 0.470346 0.404190
-0.328971 0.512165 0.483332
-0.265487 0.585591 0.591293
-0.172304 0.533764 0.693163
-0.076534 0.490107 0.757956
-0.090483 0.300722 0.743526
-0.121719 0.153208 0.767481
-0.197578 0.181700 0.858682
-0.272274 0.262938 0.785631
-0.294473 0.144170 0.708043
-0.338496 0.048482 0.794665
-0.425229 0.135796 0.831620
-0.476226 0.140289 0.719080
-0.495013 -0.010799 0.701134
-0.557485 -0.039598 0.807133
-0.645643 0.077127 0.777905
-0.660979 0.072430 0.631395
-0.630831 -0.092548 0.580828
-0.683741 -0.192525 0.688912
