0.963304 -0.779384 -0.686113
0.970654 -0.714783 -0.698590
0.990158 -0.651474 -0.692659
1.000000 -0.590672 -0.712472
0.993008 -0.517001 -0.719516
0.997302 -0.451981 -0.723674
0.977646 -0.389409 -0.745508
0.965382 -0.331053 -0.756139
0.925148 -0.289742 -0.774063
0.894330 -0.235205 -0.763403
0.871192 -0.195942 -0.801227
0.838225 -0.179195 -0.829109
0.799754 -0.131938 -0.833311
0.768136 -0.086649 -0.829841
0.735157 -0.038636 -0.820791
0.716217 0.021173 -0.799763
0.701984 0.087584 -0.799851
0.679341 0.137248 -0.764252
0.667697 0.179852 -0.727716
0.677194 0.237194 -0.695324
0.669830 0.269196 -0.656899
0.677428 0.326955 -0.625167
0.665907 0.389807 -0.598208
0.630532 0.381910 -0.560530
0.614043 0.351638 -0.524770
0.589349 0.304918 -0.517404
0.569666 0.262473 -0.498353
0.565591 0.202148 -0.498616
0.556837 0.149242 -0.481922
0.590491 0.147869 -0.452972
0.574346 0.189220 -0.421635
0.538227 0.148227 -0.409729
0.557732 0.089712 -0.400328
0.566390 0.030839 -0.386548
0.592652 -0.013057 -0.398058
0.604710 -0.072885 -0.402437
0.622067 -0.127184 -0.405468
0.620677 -0.187470 -0.401646
0.625674 -0.186734 -0.355665
0.591785 -0.152981 -0.345678
0.564421 -0.188802 -0.365725
0.571909 -0.236219 -0.337477
0.558902 -0.204356 -0.298408
0.517663 -0.198170 -0.305730
0.476287 -0.203998 -0.303900
0.438256 -0.187410 -0.319027
0.437485 -0.132495 -0.294440
0.470437 -0.106459 -0.316991
0.452296 -0.110974 -0.357583
0.418655 -0.075968 -0.345444
0.439095 -0.025150 -0.334153
0.456108 -0.017274 -0.374614
0.420142 -0.010154 -0.396477
0.406501 0.038795 -0.372505
0.439192 0.075789 -0.382404
0.435627 0.072746 -0.428151
0.395902 0.095381 -0.429366
0.406528 0.148884 -0.409539
0.435462 0.165591 -0.440144
0.409089 0.164437 -0.474996
0.381133 0.204077 -0.459313
0.410217 0.250022 -0.458507
0.425111 0.249008 -0.501984
0.386556 0.253961 -0.521197
0.377072 0.308438 -0.500901
0.414595 0.335528 -0.521724
0.434113 0.308379 -0.560427
0.456810 0.256387 -0.565216
0.479632 0.209825 -0.586376
0.475544 0.147213 -0.574426
0.466900 0.091005 -0.573855
0.444959 0.049416 -0.557381
0.445551 0.002437 -0.530173
0.452006 -0.038457 -0.564176
0.495200 -0.029387 -0.560764
0.499852 -0.045975 -0.517331
0.481490 -0.101924 -0.523906
0.513080 -0.119686 -0.552900
0.545702 -0.113241 -0.523774
0.528413 -0.152683 -0.493344
0.530423 -0.201173 -0.523218
0.575378 -0.199642 -0.522529
0.577759 -0.212789 -0.477895
0.574002 -0.271961 -0.488512
0.589652 -0.323634 -0.506509
0.631345 -0.322699 -0.531169
0.674909 -0.339148 -0.537568
0.713326 -0.301735 -0.549342
0.757607 -0.262612 -0.543938
0.789265 -0.217125 -0.554950
0.822369 -0.161195 -0.555272
0.855307 -0.121595 -0.545212
0.883717 -0.061926 -0.558758
0.912871 -0.009298 -0.554116
0.929856 0.050271 -0.573870
0.953531 0.107434 -0.582158
0.952320 0.174899 -0.607770
0.951067 0.232738 -0.629106
0.946580 0.277112 -0.662552
0.919698 0.300085 -0.706497
0.903304 0.328845 -0.742887
0.873476 0.318681 -0.785661
0.843924 0.329302 -0.819766
0.814261 0.303864 -0.859406
0.778336 0.282602 -0.885897
0.746402 0.269196 -0.913646
0.705907 0.234131 -0.930941
0.663430 0.242405 -0.944969
0.631207 0.200278 -0.971020
0.582315 0.196897 -0.983497
0.541627 0.171160 -0.995124
0.498627 0.139794 -0.997569
0.454429 0.109701 -1.000000
0.417581 0.071811 -0.990994
0.369199 0.051126 -0.982823
0.329351 0.027438 -0.976717
0.285263 0.004724 -0.951647
0.242717 -0.009915 -0.941425
0.201396 -0.022883 -0.907950
0.158285 -0.036487 -0.891505
0.124493 -0.053533 -0.850693
0.095973 -0.048978 -0.806631
0.069077 -0.029725 -0.765028
0.049064 -0.022207 -0.722825
0.048926 0.002059 -0.672846
0.031996 0.030222 -0.632313
0.038534 0.043349 -0.586024
0.067095 0.032490 -0.549049
0.093674 0.045637 -0.511664
0.136455 0.054985 -0.525150
0.172119 0.087067 -0.532355
0.155009 0.126249 -0.563663
0.135849 0.165114 -0.533907
0.173757 0.179414 -0.513040
0.193041 0.202745 -0.549488
0.165787 0.250261 -0.552812
0.176399 0.274904 -0.513084
0.218615 0.281090 -0.522163
0.211953 0.318622 -0.557791
0.190604 0.363115 -0.535972
0.223804 0.375426 -0.506992
0.253274 0.389449 -0.537466
0.229751 0.435195 -0.557352
0.228181 0.470002 -0.519879
0.269929 0.478037 -0.514036
0.277555 0.504251 -0.554775
0.252834 0.554552 -0.547497
0.275174 0.574044 -0.510595
0.315228 0.577505 -0.530891
0.310466 0.619313 -0.564630
0.305579 0.669534 -0.534200
0.350108 0.655770 -0.513802
0.393356 0.664880 -0.536353
0.435186 0.680692 -0.546223
0.482247 0.670031 -0.543909
0.523582 0.659072 -0.518341
0.567064 0.643101 -0.514885
0.601090 0.600020 -0.490416
0.641778 0.571339 -0.479082
0.676121 0.545184 -0.455344
0.701915 0.500970 -0.420126
0.731908 0.455283 -0.401295
0.752583 0.413555 -0.362342
0.777138 0.354801 -0.348680
0.795996 0.308160 -0.314428
0.815376 0.254836 -0.293796
0.814853 0.191268 -0.265372
0.831852 0.140093 -0.242675
0.825837 0.076346 -0.214661
0.830091 0.020437 -0.191451
0.809664 -0.036806 -0.165298
0.801047 -0.090388 -0.143918
0.769045 -0.142280 -0.132642
0.755927 -0.199443 -0.119463
0.721695 -0.241430 -0.121044
0.698474 -0.286381 -0.098552
0.668977 -0.331033 -0.094583
0.628688 -0.356213 -0.082312
0.637718 -0.426403 -0.081843
0.625839 -0.457551 -0.032348
0.603815 -0.470698 0.010046
0.567326 -0.496773 0.034237
0.549253 -0.535896 0.061635
0.517003 -0.566486 0.079910
0.494319 -0.577942 0.118540
0.460995 -0.599483 0.142629
0.422509 -0.597733 0.162457
0.396893 -0.626234 0.189064
0.362344 -0.645090 0.209975
0.353920 -0.626851 0.261565
0.312145 -0.620944 0.286020
0.285896 -0.636159 0.315556
0.249847 -0.634886 0.336950
0.230728 -0.632599 0.376093
0.195477 -0.623569 0.401207
0.164328 -0.596778 0.422045
0.134954 -0.598051 0.451815
0.096730 -0.587549 0.467601
0.072202 -0.559326 0.497459
0.036813 -0.564417 0.521446
0.005127 -0.531003 0.540233
-0.019566 -0.564059 0.576945
-0.029614 -0.569012 0.621418
-0.034955 -0.585222 0.664807
-0.053042 -0.650599 0.673959
-0.045072 -0.697897 0.702793
-0.059951 -0.757128 0.711974
-0.058190 -0.814271 0.729356
-0.036827 -0.879668 0.722151
-0.013675 -0.931918 0.731963
0.023957 -0.974680 0.753416
0.059745 -0.997931 0.777402
0.096414 -0.992780 0.815724
0.124576 -1.000000 0.848570
0.150082 -0.959167 0.885794
0.164383 -0.914455 0.917337
0.173137 -0.874019 0.953975
0.178849 -0.807886 0.972836
0.170646 -0.740719 0.982208
0.162800 -0.684252 1.000000
0.159386 -0.618577 0.985766
0.155009 -0.556859 0.997745
0.171774 -0.497310 0.979880
0.188416 -0.442375 0.979103
0.220625 -0.397663 0.951515
0.247576 -0.358083 0.925391
0.268346 -0.330197 0.885252
0.265910 -0.275561 0.847604
0.281739 -0.218597 0.843108
0.297004 -0.208453 0.796263
0.286075 -0.166943 0.764003
0.272283 -0.122470 0.740690
0.267342 -0.082313 0.709265
0.269021 -0.022744 0.704154
0.264726 0.026026 0.682086
0.268952 0.075670 0.658100
0.262593 0.134941 0.666886
0.260666 0.185083 0.628256
0.228594 0.225479 0.603391
0.206654 0.265894 0.583007
0.178877 0.282641 0.545988
0.155422 0.328944 0.531594
0.131995 0.359554 0.501120
0.128292 0.401999 0.462827
0.101699 0.416518 0.424505
0.131981 0.453056 0.392567
0.173564 0.413913 0.380061
0.192862 0.356332 0.379475
0.232338 0.357526 0.406068
0.265993 0.323614 0.425442
0.298642 0.320790 0.456413
0.339826 0.293441 0.465478
0.371539 0.281826 0.497342
0.410327 0.236199 0.484602
0.445289 0.199344 0.482552
0.463280 0.140252 0.455007
0.492020 0.129452 0.411574
0.525867 0.100930 0.396213
0.533190 0.089493 0.345517
0.553300 0.084720 0.306799
0.554800 0.113560 0.263922
0.578296 0.127681 0.228382
0.583458 0.168734 0.196869
0.574180 0.226592 0.189621
0.580498 0.276038 0.172195
0.575763 0.333519 0.170965
0.558434 0.377932 0.151635
0.559081 0.433981 0.147564
0.537883 0.482114 0.138675
0.537085 0.529193 0.113591
0.532928 0.587708 0.106752
0.514621 0.629059 0.082034
0.514704 0.684252 0.063641
0.490327 0.734474 0.056407
0.477843 0.789846 0.050975
0.455461 0.836567 0.060273
0.420637 0.866203 0.057974
0.395613 0.911591 0.049876
0.368745 0.954612 0.064754
0.341009 0.938084 0.019784
0.319977 0.944090 -0.019315
0.317073 0.968773 -0.061708
0.271664 0.986177 -0.054255
0.267397 1.000000 -0.002358
0.291044 0.989299 0.035335
0.287837 0.932037 0.057301
0.294471 0.876863 0.079354
0.304767 0.816677 0.092577
0.294609 0.751062 0.102169
0.294182 0.690995 0.115934
0.283253 0.630391 0.104028
0.274747 0.573646 0.116915
0.260556 0.525056 0.096809
0.243199 0.470379 0.106079
0.246901 0.423380 0.077685
0.234967 0.362419 0.078900
0.242442 0.362538 0.028204
0.283928 0.339904 0.014439
0.320638 0.328547 -0.004086
0.347658 0.381632 -0.002914
0.379701 0.413435 0.008581
0.381422 0.471931 0.019798
0.363913 0.525812 0.019081
0.369350 0.584546 0.027149
0.352544 0.637392 0.039757
0.317197 0.674228 0.038762
0.302166 0.737437 0.032553
0.270177 0.786545 0.038762
0.242483 0.832808 0.040314
0.207948 0.860096 0.059072
0.195642 0.890448 0.016489
0.204341 0.842474 -0.020179
0.225016 0.786485 -0.021482
0.266474 0.780160 -0.029302
0.305015 0.746984 -0.034925
0.345442 0.727890 -0.018187
0.386185 0.707841 -0.027442
0.425620 0.700681 -0.025260
0.462055 0.692308 -0.042613
0.494649 0.661558 -0.048749
0.533892 0.650022 -0.054943
0.553506 0.614738 -0.088946
0.598241 0.607061 -0.083249
0.589638 0.538322 -0.092357
0.579438 0.492596 -0.117149
0.554910 0.453951 -0.139715
0.570230 0.402536 -0.155237
0.577374 0.345990 -0.165708
0.605784 0.306350 -0.182152
0.607422 0.350087 -0.222320
0.593423 0.414092 -0.224019
0.550602 0.433763 -0.227006
0.511703 0.458406 -0.225278
0.471277 0.454408 -0.213504
0.427974 0.457113 -0.217107
0.393315 0.496713 -0.205406
0.355256 0.519646 -0.194643
0.329475 0.568475 -0.188727
0.298738 0.536890 -0.160919
0.330342 0.501626 -0.128732
0.372544 0.482492 -0.131397
0.388153 0.434896 -0.154564
0.419880 0.392173 -0.168885
0.445358 0.367252 -0.208496
0.470176 0.343663 -0.241488
0.437829 0.357745 -0.278054
0.408593 0.374173 -0.308893
0.383968 0.324708 -0.303153
0.372929 0.340799 -0.260803
0.355407 0.393208 -0.272299
0.326667 0.372125 -0.301981
0.307809 0.334951 -0.271889
0.299179 0.383203 -0.243465
0.273990 0.417314 -0.269326
0.241547 0.378131 -0.266002
0.230508 0.398538 -0.223272
0.216096 0.456079 -0.237007
0.184603 0.442494 -0.266763
0.159056 0.391298 -0.263732
0.170357 0.353110 -0.299184
0.160157 0.293998 -0.321780
0.162621 0.259788 -0.359209
0.152711 0.201273 -0.340553
0.119304 0.156939 -0.345209
0.090839 0.111511 -0.340758
0.058919 0.075929 -0.354039
0.044370 0.050152 -0.313843
0.046132 0.113600 -0.286591
0.068417 0.168813 -0.291760
0.109146 0.177425 -0.280382
0.147081 0.217503 -0.275286
0.193151 0.235762 -0.288612
0.235367 0.252986 -0.298745
0.243722 0.187370 -0.317650
0.247328 0.130864 -0.334988
0.256908 0.100572 -0.297486
0.218147 0.111571 -0.278874
0.197748 0.077301 -0.309742
0.217239 0.024116 -0.303900
0.208622 0.020397 -0.260203
0.165484 0.019223 -0.270219
0.160226 -0.031177 -0.294659
0.165099 -0.069604 -0.259852
0.123062 -0.062284 -0.246189
0.107150 -0.095321 -0.283560
0.131348 -0.147750 -0.285317
0.154624 -0.172791 -0.251680
0.197280 -0.168196 -0.251768
0.233440 -0.202427 -0.231267
0.276757 -0.205231 -0.232292
0.279317 -0.219333 -0.182753
0.290218 -0.268162 -0.150302
0.295710 -0.310288 -0.116241
0.311292 -0.362319 -0.098274
0.282895 -0.365442 -0.060390
0.240170 -0.347362 -0.085314
0.229544 -0.318363 -0.125159
0.230576 -0.256606 -0.131705
0.222001 -0.203361 -0.158605
0.238216 -0.144846 -0.184159
0.250755 -0.090627 -0.207618
0.292104 -0.087842 -0.177554
0.327479 -0.090010 -0.153173
0.314870 -0.058724 -0.117178
0.287630 -0.105107 -0.103955
0.317238 -0.147830 -0.097790
0.340541 -0.120899 -0.066658
0.308621 -0.117538 -0.037634
0.300968 -0.178639 -0.035496
0.337059 -0.198091 -0.017543
0.328236 -0.178221 0.024806
0.305593 -0.228780 0.035730
0.339509 -0.269295 0.033841
0.366584 -0.238944 0.061723
0.355145 -0.190692 0.089678
0.364203 -0.131063 0.081990
0.367795 -0.078136 0.115245
0.384395 -0.020635 0.117515
0.347850 0.004266 0.142424
0.340541 0.027875 0.186692
0.326570 0.047785 0.228163
0.330658 0.073025 0.270043
0.291292 0.051405 0.289227
0.290342 -0.015027 0.270395
0.311815 -0.044205 0.235323
0.299729 -0.041738 0.192256
0.306405 -0.061787 0.144606
0.316123 -0.047626 0.094144
0.323790 -0.035911 0.048163
0.313219 0.034041 0.055002
0.305868 0.094386 0.061489
0.263666 0.093292 0.057755
0.256936 0.057750 0.094979
0.273990 0.097529 0.123417
0.249406 0.145582 0.115377
0.214266 0.115390 0.128381
0.227039 0.102441 0.170935
0.231416 0.159107 0.187409
0.188815 0.169290 0.192227
0.185842 0.140132 0.231911
0.212049 0.180031 0.254902
0.194252 0.234787 0.242704
0.155973 0.241689 0.222364
0.150687 0.252588 0.177715
0.112559 0.279837 0.156746
0.102195 0.307185 0.115861
0.057281 0.285724 0.117457
0.015217 0.312138 0.120883
-0.026985 0.324549 0.128352
-0.061355 0.361225 0.130167
-0.089105 0.325563 0.156306
-0.055354 0.307702 0.193311
-0.011239 0.305415 0.194175
0.012560 0.260126 0.177217
0.054721 0.231147 0.171008
0.089641 0.207041 0.138939
0.122167 0.183909 0.112331
0.092119 0.176849 0.071681
0.065099 0.179016 0.037151
0.045554 0.125971 0.043946
0.026173 0.144289 0.082488
0.003407 0.188066 0.063832
-0.019153 0.155388 0.035042
-0.036469 0.119427 0.066394
-0.054666 0.167202 0.088975
-0.081080 0.190115 0.058501
-0.107095 0.141186 0.059336
-0.126379 0.159883 0.098859
-0.146448 0.209388 0.076513
-0.162938 0.182716 0.038396
-0.164204 0.120640 0.027676
-0.137253 0.090647 0.001450
-0.134638 0.031754 -0.027530
-0.112064 0.000109 -0.059365
-0.122497 -0.060275 -0.040988
-0.145126 -0.113977 -0.055792
-0.168540 -0.166983 -0.058736
-0.189145 -0.212451 -0.080687
-0.211403 -0.240873 -0.045835
-0.229517 -0.178639 -0.025905
-0.216165 -0.117916 -0.028804
-0.184025 -0.095480 -0.003163
-0.156276 -0.044682 0.013619
-0.112284 -0.012759 0.019930
-0.073826 0.017871 0.024894
-0.048623 -0.042454 0.014907
-0.029491 -0.096037 0.008435
-0.032202 -0.116802 0.050960
-0.074886 -0.123624 0.049452
-0.074693 -0.164000 0.015844
-0.050963 -0.208015 0.034149
-0.077515 -0.216409 0.068693
-0.111720 -0.229934 0.042774
-0.099235 -0.281090 0.022917
-0.103213 -0.316314 0.060434
-0.145567 -0.323892 0.053859
-0.140240 -0.357625 0.013809
-0.109146 -0.398777 0.026681
-0.091101 -0.408602 0.068503
-0.053276 -0.388235 0.081990
-0.015327 -0.402317 0.113503
0.027040 -0.390125 0.121235
0.023806 -0.400229 0.170188
0.042030 -0.438337 0.204850
0.051610 -0.473900 0.242469
0.075161 -0.512486 0.267349
0.043916 -0.529511 0.300532
0.005595 -0.540470 0.265724
-0.005003 -0.518970 0.223286
-0.019787 -0.462901 0.214998
-0.037157 -0.416956 0.183748
-0.034088 -0.354304 0.158591
-0.033579 -0.297877 0.136640
-0.002209 -0.272259 0.173791
0.026421 -0.253165 0.204704
-0.000723 -0.235861 0.236422
-0.014005 -0.293660 0.245208
0.023393 -0.313908 0.258065
0.031376 -0.276555 0.292185
-0.003173 -0.293461 0.315219
0.007137 -0.353508 0.317796
0.043076 -0.350326 0.341182
0.024219 -0.335627 0.380676
0.014322 -0.395435 0.389213
0.055739 -0.415961 0.393753
0.069545 -0.373437 0.424549
0.045210 -0.332425 0.448418
0.042223 -0.271742 0.438826
0.030729 -0.217423 0.469153
0.033702 -0.154393 0.467279
-0.007674 -0.144050 0.486887
-0.020640 -0.117538 0.528518
-0.041424 -0.098782 0.566563
-0.044948 -0.066501 0.605354
-0.079662 -0.101049 0.624962
-0.064618 -0.167600 0.613437
-0.035987 -0.191428 0.582627
-0.045086 -0.201969 0.539179
-0.032230 -0.226732 0.494750
-0.023145 -0.215275 0.444025
-0.016139 -0.208891 0.396462
-0.042016 -0.146855 0.397604
-0.061534 -0.092079 0.399391
-0.101699 -0.110735 0.393973
-0.102621 -0.141087 0.433891
-0.095450 -0.092437 0.458771
-0.128389 -0.058247 0.445958
-0.156633 -0.100234 0.460059
-0.143722 -0.101427 0.503888
-0.152532 -0.044185 0.515881
-0.195353 -0.053612 0.518546
-0.194059 -0.075650 0.560852
-0.180515 -0.019979 0.579273
-0.207741 0.021232 0.559709
-0.242001 0.008980 0.532589
-0.242951 0.014589 0.487912
-0.274183 0.028412 0.449399
-0.278725 0.046830 0.405907
-0.319248 0.015365 0.401675
-0.362097 0.036567 0.395583
-0.405372 0.041480 0.394061
-0.443170 0.068152 0.386094
-0.471814 0.024534 0.404033
-0.446845 0.012083 0.448755
-0.404891 0.023301 0.461524
-0.373755 -0.015802 0.451947
-0.328043 -0.035553 0.456442
-0.283887 -0.054030 0.437786
-0.243433 -0.072965 0.423538
-0.260955 -0.091621 0.375815
-0.277114 -0.103396 0.334607
-0.294527 -0.158570 0.343686
-0.322771 -0.138283 0.373545
-0.341464 -0.099697 0.345414
-0.354210 -0.140550 0.314707
-0.376715 -0.174243 0.343379
-0.402826 -0.127661 0.355006
-0.422468 -0.115509 0.316801
-0.445606 -0.168395 0.316786
-0.476452 -0.147770 0.343276
-0.491580 -0.105664 0.310606
-0.493493 -0.142101 0.273441
-0.489405 -0.205390 0.272753
-0.454732 -0.236120 0.260540
-0.439563 -0.298831 0.242367
-0.406639 -0.329024 0.222144
-0.417458 -0.386008 0.244725
-0.431208 -0.444861 0.228690
-0.446528 -0.502700 0.225219
-0.455090 -0.555049 0.202756
-0.478352 -0.585441 0.237652
-0.506913 -0.529074 0.252266
-0.502233 -0.465845 0.248444
-0.477815 -0.432649 0.275857
-0.463018 -0.371110 0.290852
-0.426666 -0.324648 0.300619
-0.395875 -0.280752 0.313359
-0.361629 -0.329203 0.324049
-0.331498 -0.373040 0.326026
-0.341505 -0.396569 0.366809
-0.380610 -0.415762 0.354874
-0.367754 -0.452001 0.322072
-0.342468 -0.488877 0.345575
-0.371567 -0.508866 0.373955
-0.394608 -0.533052 0.339440
-0.368098 -0.574342 0.323478
-0.368772 -0.609726 0.360234
-0.408676 -0.631366 0.353673
-0.395806 -0.666392 0.316610
-0.364092 -0.700940 0.333890
-0.354719 -0.711660 0.377513
-0.321959 -0.686102 0.396594
-0.291457 -0.691353 0.435648
-0.253371 -0.672239 0.450980
-0.264355 -0.680951 0.497943
-0.249448 -0.720233 0.532926
-0.245084 -0.755378 0.571410
-0.222882 -0.792631 0.598515
-0.255821 -0.813157 0.626382
-0.289268 -0.827418 0.586991
-0.294375 -0.805480 0.543030
-0.310562 -0.751221 0.533219
-0.324093 -0.708199 0.498411
-0.322579 -0.644891 0.474806
-0.322069 -0.588225 0.454509
-0.300129 -0.558311 0.495424
-0.278863 -0.536930 0.530730
-0.312971 -0.527463 0.556825
-0.321849 -0.586614 0.562492
-0.285841 -0.600875 0.582085
-0.289255 -0.564000 0.617171
-0.326612 -0.585361 0.632283
-0.309227 -0.643021 0.637306
-0.279234 -0.633673 0.667589
-0.306722 -0.621958 0.700830
-0.316990 -0.681945 0.708518
-0.277307 -0.696484 0.726691
-0.275876 -0.646880 0.759449
-0.305690 -0.603501 0.769992
-0.307589 -0.546875 0.752112
-0.322372 -0.482035 0.766419
-0.319427 -0.419780 0.758072
-0.362523 -0.406931 0.774898
-0.380693 -0.372622 0.810497
-0.404478 -0.348038 0.846022
-0.411897 -0.308876 0.880186
-0.447932 -0.336860 0.898886
-0.428841 -0.405579 0.898505
-0.397939 -0.435891 0.872922
-0.404436 -0.453990 0.829973
-0.387341 -0.486251 0.789834
-0.374650 -0.489195 0.739460
-0.363404 -0.495460 0.693523
-0.392351 -0.439232 0.681427
-0.413259 -0.385689 0.676668
-0.453135 -0.407648 0.674823
-0.454980 -0.426403 0.717919
-0.452158 -0.371210 0.735038
-0.486115 -0.345691 0.715591
-0.513589 -0.385769 0.734320
-0.503087 -0.374372 0.777563
-0.514566 -0.315857 0.781605
-0.557126 -0.327632 0.782190
-0.558282 -0.338113 0.826810
-0.548812 -0.277828 0.838583
-0.577966 -0.247974 0.810453
-0.609982 -0.273373 0.784109
-0.608592 -0.283934 0.739680
-0.637704 -0.290020 0.697799
-0.638433 -0.287753 0.651364
-0.671799 -0.333937 0.647542
-0.714248 -0.332982 0.630087
-0.754537 -0.347621 0.617698
-0.791811 -0.342012 0.595118
-0.815720 -0.387539 0.618152
-0.800084 -0.370951 0.667911
-0.763842 -0.342668 0.685777
-0.726884 -0.370315 0.691678
-0.682356 -0.367471 0.708826
-0.634359 -0.373835 0.699761
-0.589941 -0.382726 0.697243
-0.595103 -0.426185 0.655772
-0.600195 -0.455601 0.616541
-0.610244 -0.510914 0.632913
-0.646885 -0.492636 0.652169
-0.663705 -0.471294 0.614301
-0.663953 -0.522470 0.590271
-0.687586 -0.553697 0.618958
-0.720167 -0.515131 0.614726
-0.728481 -0.523226 0.571659
-0.741034 -0.582537 0.576945
-0.779905 -0.570782 0.594386
-0.796946 -0.546497 0.556283
-0.789059 -0.597235 0.529456
-0.811233 -0.639282 0.553998
-0.851797 -0.605788 0.552754
-0.872623 -0.616727 0.512850
-0.900469 -0.661459 0.537012
-0.918445 -0.613465 0.569740
-0.948645 -0.585540 0.588396
-0.957481 -0.549580 0.623980
-0.989043 -0.542738 0.652682
-0.980275 -0.481239 0.681222
-0.986070 -0.426801 0.699395
-0.987791 -0.375287 0.721141
-0.986621 -0.344041 0.759229
-0.991741 -0.292626 0.780697
-0.979092 -0.236358 0.801051
-0.996380 -0.194192 0.827322
-0.988383 -0.133628 0.844895
-1.000000 -0.095679 0.878179
