0.610529 0.340060 -0.990667
0.669041 0.335327 -0.993900
0.717621 0.309140 -0.993498
0.767205 0.291040 -0.993042
0.814467 0.233880 -0.987818
0.856598 0.193467 -1.000000
0.905680 0.142939 -0.984330
0.932041 0.068927 -0.969354
0.969292 0.001339 -0.975910
0.979241 -0.090954 -0.956551
1.000000 -0.164887 -0.957245
0.993206 -0.253254 -0.927603
0.978927 -0.332545 -0.906308
0.940515 -0.382241 -0.883588
0.913432 -0.439583 -0.856814
0.871473 -0.425930 -0.820068
0.818798 -0.394880 -0.818771
0.787212 -0.436618 -0.786226
0.801067 -0.420859 -0.732038
0.795842 -0.340970 -0.730449
0.748611 -0.339930 -0.746941
0.732763 -0.386168 -0.704515
0.747937 -0.336601 -0.663367
0.723066 -0.271796 -0.680133
0.679633 -0.309166 -0.677905
0.682802 -0.329528 -0.623407
0.687023 -0.253410 -0.606714
0.645708 -0.227040 -0.629525
0.618986 -0.282146 -0.600066
0.633281 -0.255854 -0.547923
0.620744 -0.176434 -0.559941
0.572760 -0.196146 -0.583154
0.559846 -0.239237 -0.532308
0.548046 -0.180699 -0.502466
0.517982 -0.132875 -0.483398
0.492045 -0.070150 -0.479746
0.490758 -0.101720 -0.417796
0.531665 -0.098886 -0.367571
0.544249 -0.029633 -0.331355
0.512067 -0.035510 -0.284271
0.486647 -0.082788 -0.249717
0.460976 -0.072646 -0.209482
0.441676 -0.082970 -0.158966
0.427711 0.007034 -0.170545
0.406229 0.074389 -0.184498
0.399231 0.145747 -0.205720
0.390868 0.222750 -0.211528
0.356535 0.276347 -0.223801
0.371866 0.289610 -0.276583
0.363204 0.214532 -0.294919
0.316680 0.213752 -0.284929
0.306418 0.276399 -0.318698
0.321387 0.246909 -0.367243
0.290177 0.187044 -0.364211
0.249490 0.227196 -0.363590
0.255751 0.265632 -0.413504
0.251138 0.196536 -0.446287
0.198760 0.193857 -0.428553
0.152173 0.213700 -0.422015
0.145332 0.182077 -0.370475
0.179335 0.227743 -0.344084
0.163502 0.299284 -0.357380
0.120728 0.291352 -0.332432
0.135195 0.273096 -0.280564
0.160348 0.341204 -0.272108
0.123050 0.391291 -0.273752
0.098588 0.358784 -0.231581
0.133407 0.372437 -0.193812
0.136529 0.451727 -0.195639
0.089142 0.462312 -0.180699
0.083226 0.416698 -0.134036
0.126534 0.452221 -0.107663
0.125216 0.528599 -0.092340
0.118610 0.518301 -0.036253
0.162059 0.480827 -0.029477
0.192578 0.535725 -0.051467
0.183116 0.599178 -0.017734
0.203091 0.566697 0.031249
0.252738 0.552811 0.004749
0.266405 0.626042 -0.021332
0.297819 0.674438 0.006758
0.311768 0.727463 -0.048051
0.294335 0.795935 -0.083008
0.255829 0.852627 -0.072597
0.233956 0.923050 -0.067411
0.203138 0.977089 -0.051010
0.151828 0.992432 -0.083209
0.107469 0.934648 -0.066004
0.094320 0.922114 -0.007196
0.064648 0.990690 0.011013
0.013871 0.959171 0.001005
0.006292 0.906797 0.050499
-0.001585 0.879777 0.100522
0.012553 0.837232 0.147332
-0.015048 0.766419 0.132630
0.024478 0.725721 0.102111
0.062341 0.712588 0.144227
0.044312 0.637094 0.173576
0.071081 0.570156 0.152537
0.100330 0.543943 0.199237
0.071881 0.461739 0.205574
0.079539 0.401303 0.161486
0.087337 0.371241 0.111754
0.062059 0.353193 0.055265
0.048439 0.334521 0.003360
0.023835 0.329840 -0.042335
0.003891 0.286645 -0.082715
0.034599 0.315147 -0.122731
0.075145 0.281106 -0.103591
0.060537 0.206626 -0.106951
0.050557 0.206652 -0.162198
0.095826 0.225038 -0.179695
0.117103 0.159634 -0.157888
0.093033 0.108066 -0.187986
0.106716 0.135111 -0.238485
0.153334 0.125125 -0.232367
0.152409 0.044612 -0.223728
0.135258 0.025992 -0.276893
0.178911 0.035770 -0.304507
0.225624 0.020739 -0.315338
0.240860 0.093893 -0.280034
0.225247 0.101538 -0.226741
0.259501 0.063024 -0.198378
0.294728 0.116803 -0.209939
0.274251 0.176304 -0.176005
0.280151 0.134071 -0.126584
0.328417 0.106037 -0.133269
0.362012 0.164809 -0.133798
0.399451 0.223062 -0.126968
0.423317 0.292496 -0.107864
0.463267 0.305499 -0.080012
0.457665 0.395322 -0.074040
0.409838 0.418804 -0.070771
0.375271 0.460933 -0.041458
0.338867 0.448867 -0.078880
0.338302 0.370824 -0.072506
0.331131 0.369836 -0.016547
0.290334 0.411653 -0.014994
0.265417 0.364271 -0.049238
0.269292 0.297177 -0.019688
0.248549 0.327369 0.027560
0.205586 0.348200 0.005022
0.195591 0.267895 -0.016200
0.194022 0.210553 0.022026
0.144061 0.222724 0.032947
0.131618 0.199033 -0.024674
0.140923 0.122967 -0.032381
0.140060 0.049527 -0.040070
0.156473 -0.024614 -0.029404
0.179146 -0.052726 -0.086003
0.224274 -0.083933 -0.076305
0.204299 -0.164549 -0.104833
0.195638 -0.209461 -0.150272
0.154056 -0.268987 -0.163678
0.130943 -0.333689 -0.166563
0.127146 -0.375740 -0.106622
0.109760 -0.380863 -0.046682
0.119112 -0.374205 0.008456
0.162937 -0.310206 0.000548
0.158403 -0.235310 -0.028363
0.157445 -0.150923 -0.024583
0.108473 -0.125177 -0.010465
0.068712 -0.104919 0.013643
0.030457 -0.131887 0.043449
-0.015958 -0.150454 0.056032
-0.053272 -0.171961 0.088815
-0.058450 -0.244672 0.067045
-0.014295 -0.270496 0.086606
-0.018720 -0.254346 0.140483
-0.055782 -0.303887 0.148263
-0.034113 -0.372229 0.133817
-0.001051 -0.368692 0.176225
-0.034066 -0.369810 0.217701
-0.057948 -0.438309 0.206962
-0.016837 -0.485821 0.214925
-0.015142 -0.460361 0.273405
-0.028589 -0.461453 0.326734
-0.010199 -0.387026 0.340121
-0.035478 -0.345001 0.302261
-0.080323 -0.367080 0.315356
-0.079146 -0.336419 0.366932
-0.070453 -0.260457 0.350531
-0.109446 -0.252032 0.318351
-0.140970 -0.260405 0.360905
-0.125420 -0.194274 0.387132
-0.134223 -0.141561 0.347317
-0.182081 -0.151365 0.345692
-0.188185 -0.129962 0.403167
-0.159878 -0.060034 0.412372
-0.170328 -0.018789 0.358640
-0.213745 0.014602 0.350385
-0.196548 0.091890 0.354531
-0.172619 0.091006 0.304069
-0.209697 0.084765 0.268364
-0.227365 0.160727 0.289203
-0.199059 0.216274 0.319703
-0.192704 0.221059 0.378767
-0.151091 0.162781 0.404537
-0.119096 0.129052 0.443730
-0.108379 0.073764 0.485554
-0.085015 0.017801 0.514593
-0.099419 -0.041102 0.479746
-0.075757 -0.012548 0.435183
-0.030676 -0.010441 0.455090
-0.026000 -0.088952 0.462980
-0.033187 -0.108898 0.408628
0.004896 -0.069656 0.388264
0.038836 -0.108638 0.416609
0.027962 -0.180179 0.396263
0.036011 -0.161195 0.341929
0.082991 -0.139662 0.345071
0.098651 -0.215416 0.358969
0.087023 -0.246779 0.303284
0.094430 -0.257779 0.247982
0.045552 -0.256687 0.233791
0.036780 -0.179503 0.254392
0.065291 -0.137712 0.221299
0.036560 -0.145175 0.175731
0.002275 -0.092540 0.194652
0.030268 -0.027943 0.190872
0.047937 -0.038033 0.132867
0.011831 -0.037357 0.093929
-0.026298 -0.030569 0.052727
-0.069449 -0.027059 0.029057
-0.102495 -0.094465 0.003287
-0.150416 -0.105179 -0.014629
-0.190617 -0.089966 0.018866
-0.165040 -0.049267 0.062553
-0.150526 0.025394 0.053457
-0.179146 0.065157 0.090021
-0.162529 0.024796 0.135186
-0.116005 0.041882 0.131461
-0.118390 0.121536 0.134657
-0.141346 0.126789 0.184863
-0.108975 0.085805 0.214980
-0.070987 0.132615 0.205154
-0.090727 0.199033 0.226833
-0.100800 0.172715 0.277715
-0.055280 0.152327 0.291011
-0.035650 0.224336 0.285513
-0.066217 0.263812 0.322954
-0.071269 0.210761 0.370640
-0.022391 0.180023 0.376447
0.010325 0.243294 0.351682
-0.004142 0.322610 0.362713
0.016429 0.329892 0.420280
0.065542 0.353427 0.417431
0.047262 0.440051 0.424627
0.009525 0.428271 0.477974
0.015660 0.349526 0.511963
0.021120 0.337069 0.564945
0.006308 0.327395 0.617233
-0.029594 0.399977 0.633013
-0.067613 0.381253 0.682745
-0.069732 0.396960 0.735782
-0.104503 0.438101 0.765259
-0.105335 0.470555 0.818351
-0.152220 0.501294 0.847134
-0.188357 0.509173 0.883735
-0.237220 0.496613 0.897049
-0.269826 0.499135 0.937265
-0.310435 0.496743 0.966852
-0.363612 0.526675 0.963327
-0.406292 0.538299 0.985828
-0.455782 0.570182 0.963564
-0.499859 0.586670 0.980933
-0.544061 0.632959 0.965518
-0.588875 0.658393 0.977627
-0.636419 0.683852 0.971272
-0.667488 0.743040 0.993991
-0.720634 0.769020 0.993407
-0.764114 0.804959 1.000000
-0.803468 0.861703 0.971290
-0.847089 0.893144 0.969865
-0.879601 0.950512 0.927677
-0.901538 0.977401 0.876356
-0.938726 0.995241 0.827282
-0.954888 1.000000 0.766684
-0.970312 0.981406 0.703382
-0.976400 0.928251 0.652738
-1.000000 0.912232 0.603006
-0.991134 0.857256 0.545622
-0.989879 0.818612 0.489005
-0.967927 0.801162 0.427256
-0.958371 0.748137 0.376338
-0.943574 0.711236 0.322789
-0.907579 0.662788 0.279687
-0.884120 0.607006 0.240074
-0.850730 0.556347 0.205702
-0.799984 0.518587 0.183548
-0.760176 0.472974 0.157176
-0.719708 0.443120 0.126730
-0.691009 0.399274 0.083574
-0.660584 0.358914 0.042755
-0.633830 0.331842 -0.004018
-0.622376 0.304589 -0.065329
-0.585046 0.281184 -0.112722
-0.558136 0.206678 -0.142035
-0.549663 0.142653 -0.183019
-0.531225 0.054624 -0.194287
-0.528166 -0.023288 -0.219874
-0.513416 -0.114411 -0.203510
-0.513196 -0.194924 -0.190269
-0.507218 -0.273122 -0.171403
-0.486506 -0.342193 -0.128776
-0.484105 -0.419689 -0.109544
-0.448376 -0.475808 -0.073017
-0.428558 -0.534503 -0.036947
-0.411674 -0.598034 -0.006264
-0.364067 -0.654700 0.009607
-0.315283 -0.699689 0.025806
-0.280794 -0.755887 0.051558
-0.231414 -0.802099 0.049896
-0.177138 -0.834215 0.037203
-0.142178 -0.889451 0.041020
-0.087761 -0.912284 0.027998
-0.048172 -0.965205 0.024674
-0.000847 -0.991184 -0.007945
0.048329 -0.975529 -0.031632
0.095559 -1.000000 -0.050736
0.143355 -0.957975 -0.076013
0.187698 -0.945597 -0.098221
0.224023 -0.885706 -0.132082
0.258889 -0.831329 -0.151258
0.287227 -0.778200 -0.180863
0.319159 -0.729908 -0.212131
0.359219 -0.721586 -0.248274
0.370014 -0.638732 -0.280235
0.419896 -0.601155 -0.303065
0.474392 -0.620009 -0.310827
0.485611 -0.627342 -0.376867
0.531618 -0.590258 -0.405249
0.578534 -0.599334 -0.382602
0.592217 -0.675166 -0.399313
0.593896 -0.661799 -0.456715
0.630017 -0.606382 -0.455766
0.665762 -0.653764 -0.434763
0.666029 -0.709129 -0.477262
0.678315 -0.656858 -0.519524
0.722250 -0.631425 -0.494411
0.743951 -0.711210 -0.492183
0.752424 -0.739192 -0.545421
0.798682 -0.698129 -0.553202
0.828464 -0.740830 -0.508255
0.835760 -0.817104 -0.546115
