0.009970 -0.833499 0.438983
-0.030511 -0.795113 0.348526
-0.133852 -0.717705 0.326402
-0.235001 -0.676629 0.319016
-0.304331 -0.592528 0.378492
-0.350292 -0.528045 0.280298
-0.455224 -0.483144 0.227613
-0.495068 -0.382578 0.162606
-0.560085 -0.290439 0.115207
-0.546155 -0.180382 0.084926
-0.457628 -0.132401 0.035462
-0.404914 -0.120220 -0.058251
-0.395581 -0.122380 -0.168732
-0.278345 -0.153647 -0.212245
-0.183914 -0.140262 -0.293706
-0.090613 -0.090829 -0.269621
-0.053491 -0.066041 -0.166842
-0.010430 -0.030630 -0.055801
0.048824 -0.054426 0.056431
0.060951 -0.045078 0.182910
0.095422 -0.036225 0.291780
0.064805 0.005984 0.405412
0.044653 -0.075814 0.470874
-0.070850 -0.090581 0.447875
-0.065618 -0.052585 0.332073
-0.101998 -0.021742 0.219632
-0.086795 0.024752 0.114192
-0.140180 0.058428 0.008682
-0.127629 0.089518 -0.110656
-0.192293 0.057118 -0.193027
-0.233551 0.015616 -0.291430
-0.331554 -0.049823 -0.329868
-0.439668 -0.076346 -0.388924
-0.520028 -0.105772 -0.451271
-0.582606 -0.007401 -0.467269
-0.528337 0.091289 -0.466429
-0.479371 0.191643 -0.483687
-0.389075 0.243732 -0.551775
-0.421248 0.344759 -0.582896
-0.405197 0.386579 -0.481691
-0.355065 0.431374 -0.397781
-0.304614 0.387713 -0.293251
-0.262259 0.343272 -0.204264
-0.234435 0.272628 -0.129945
-0.245607 0.198796 -0.049604
-0.261199 0.164412 0.066968
-0.245961 0.072663 0.145453
-0.263249 0.012500 0.250543
-0.230935 -0.065474 0.329623
-0.241966 -0.133853 0.425191
-0.210253 -0.219901 0.492193
-0.296164 -0.199965 0.565707
-0.388510 -0.192599 0.494679
-0.400318 -0.199540 0.387629
-0.397242 -0.089235 0.327032
-0.427824 0.001912 0.260520
-0.398869 0.110269 0.203774
-0.402970 0.215404 0.154974
-0.380202 0.317422 0.120353
-0.388545 0.413846 0.069838
-0.357080 0.499681 0.014598
-0.311331 0.595963 -0.008087
-0.299770 0.708994 0.002205
-0.270355 0.812217 0.001470
-0.237440 0.913137 0.036617
-0.266360 0.959455 -0.073059
-0.316493 1.000000 -0.157705
-0.263673 0.942812 -0.248057
-0.210889 0.842812 -0.213751
-0.171575 0.742953 -0.196142
-0.123422 0.660482 -0.145803
-0.056673 0.580276 -0.112091
-0.079689 0.475035 -0.183610
-0.108220 0.393697 -0.246132
-0.157327 0.319405 -0.308864
-0.188439 0.222698 -0.346636
-0.119286 0.111686 -0.342120
-0.032880 0.023796 -0.376672
0.075234 0.003187 -0.350697
0.114407 0.030772 -0.249772
0.166484 0.061473 -0.143142
0.201308 0.047875 -0.023664
0.253809 0.094228 0.080690
0.311720 0.111756 0.181264
0.353686 0.205453 0.251523
0.295811 0.217812 0.338059
0.204914 0.285198 0.292901
0.217854 0.257330 0.174193
0.186495 0.247061 0.067283
0.210253 0.216537 -0.040748
0.190278 0.234384 -0.159665
0.200813 0.179816 -0.273332
0.130493 0.173159 -0.360113
0.051158 0.150319 -0.438283
-0.066537 0.153329 -0.491073
-0.141488 0.181374 -0.587937
-0.191692 0.230914 -0.676539
-0.167120 0.342882 -0.652629
-0.053385 0.339518 -0.615172
0.014354 0.253754 -0.590527
0.113664 0.270432 -0.535707
0.195015 0.296742 -0.450151
0.272406 0.377443 -0.386018
0.233233 0.396034 -0.278758
0.229238 0.413846 -0.170692
0.174863 0.380701 -0.070678
0.125791 0.400531 0.041238
0.087255 0.360836 0.151964
0.047799 0.367882 0.256284
0.005020 0.315829 0.347091
-0.026975 0.413810 0.400861
-0.083048 0.470043 0.309214
-0.098604 0.451346 0.202864
-0.016404 0.494618 0.126234
0.035885 0.544122 0.035112
0.143468 0.548584 -0.037072
0.250840 0.582118 -0.086326
0.354463 0.580807 -0.103305
0.453986 0.593343 -0.141742
0.529892 0.552018 -0.225513
0.637051 0.498584 -0.270601
0.680184 0.438810 -0.358853
0.624218 0.345538 -0.395155
0.523387 0.323867 -0.427396
0.449213 0.262323 -0.475180
0.362630 0.233817 -0.533676
0.264628 0.191395 -0.553280
0.201697 0.093272 -0.491353
0.175535 -0.030666 -0.470909
0.221319 -0.115333 -0.412868
0.283154 -0.097946 -0.323146
0.347180 -0.087288 -0.222887
0.370090 -0.077939 -0.098334
0.455224 -0.048938 -0.005146
0.529079 -0.043484 0.095673
0.619763 0.019051 0.157145
0.586777 0.106728 0.210075
0.591515 0.187677 0.121753
0.564469 0.113102 0.030491
0.528584 0.090864 -0.076069
0.498533 0.012642 -0.160260
0.494432 -0.024221 -0.277288
0.452501 -0.101133 -0.370055
0.397561 -0.082153 -0.464363
0.316210 -0.077514 -0.550305
0.273820 0.009490 -0.620108
0.284957 0.095043 -0.698138
0.234188 0.162890 -0.766296
0.323564 0.199504 -0.822866
0.361464 0.092033 -0.849471
0.316882 -0.005878 -0.844255
0.364928 -0.064200 -0.739095
0.434011 -0.108782 -0.667122
0.501114 -0.120503 -0.572534
0.605409 -0.117670 -0.501050
0.612728 -0.040687 -0.423195
0.649319 0.031551 -0.336589
0.614319 0.102762 -0.247602
0.625031 0.193803 -0.163236
0.602546 0.250390 -0.060737
0.613010 0.330772 0.015893
0.567545 0.386756 0.102534
0.649956 0.461650 0.114297
0.638784 0.497911 -0.003326
0.592187 0.461756 -0.093363
0.651582 0.378718 -0.159770
0.683260 0.321671 -0.252188
0.727417 0.214873 -0.304488
0.785540 0.142458 -0.361724
0.838713 0.043768 -0.375061
0.921584 -0.025673 -0.398306
0.928902 -0.134738 -0.406252
0.969525 -0.246317 -0.394910
0.947994 -0.333463 -0.462893
0.840339 -0.363244 -0.481306
0.730599 -0.341395 -0.487048
0.628071 -0.336508 -0.514598
0.542584 -0.315722 -0.577155
0.450663 -0.272167 -0.607260
0.343468 -0.233499 -0.539838
0.233092 -0.256197 -0.481166
0.198869 -0.304320 -0.390184
0.270815 -0.311686 -0.297241
0.354534 -0.314377 -0.210250
0.403288 -0.271034 -0.105930
0.475270 -0.294901 -0.007456
0.527488 -0.287889 0.090947
0.629592 -0.332472 0.148113
0.696447 -0.251983 0.167332
0.750751 -0.241962 0.059931
0.663885 -0.294972 -0.010117
0.606293 -0.321601 -0.106840
0.515574 -0.381940 -0.153469
0.474103 -0.430312 -0.254183
0.362241 -0.466218 -0.306308
0.317695 -0.450708 -0.405342
0.257168 -0.419228 -0.502625
0.281492 -0.374079 -0.601834
0.333640 -0.396105 -0.713190
0.403818 -0.426912 -0.806098
0.471310 -0.469228 -0.879822
0.520877 -0.369440 -0.924736
0.496235 -0.274965 -0.836274
0.429521 -0.182542 -0.827872
0.346615 -0.212642 -0.901106
0.257027 -0.254603 -0.950711
0.220541 -0.364023 -1.000000
0.173555 -0.447698 -0.943324
0.255436 -0.492741 -0.869145
0.247552 -0.527408 -0.768326
0.292593 -0.541183 -0.651789
0.326816 -0.593449 -0.544458
0.387237 -0.604037 -0.453896
0.437334 -0.679178 -0.370405
0.524448 -0.610198 -0.329553
0.595934 -0.549788 -0.277043
0.648506 -0.445326 -0.242596
0.739261 -0.377514 -0.197648
0.775146 -0.279816 -0.136491
0.848718 -0.204957 -0.090667
0.868906 -0.106161 -0.042393
0.984020 -0.114766 -0.043198
1.000000 -0.139448 -0.155500
0.930175 -0.151416 -0.237310
0.896023 -0.271353 -0.253798
0.883825 -0.375460 -0.286109
0.882093 -0.488456 -0.268151
0.886123 -0.595751 -0.259259
0.822804 -0.695857 -0.254673
0.789783 -0.797982 -0.247707
0.718756 -0.877833 -0.255163
0.606965 -0.919830 -0.262200
0.526109 -1.000000 -0.270461
0.443274 -0.927762 -0.228418
0.344423 -0.861013 -0.270251
0.273184 -0.797592 -0.316215
0.233481 -0.731445 -0.389939
0.209121 -0.643803 -0.446720
0.168782 -0.521140 -0.420850
0.089305 -0.430807 -0.390254
0.043451 -0.399894 -0.297417
0.088563 -0.416678 -0.194952
0.140746 -0.428931 -0.093188
0.223405 -0.390474 -0.003536
0.292876 -0.419405 0.102394
0.331200 -0.428895 0.210705
0.367439 -0.516855 0.298187
0.465370 -0.544759 0.334629
0.515291 -0.548300 0.232444
0.427117 -0.557224 0.150389
0.354923 -0.574929 0.060141
0.249567 -0.556976 0.000070
0.148842 -0.593343 -0.066478
0.039915 -0.568874 -0.130190
0.009758 -0.576948 -0.235560
-0.016263 -0.557401 -0.352167
0.024324 -0.574717 -0.472835
0.017889 -0.627904 -0.585276
0.005268 -0.635623 -0.693517
0.039491 -0.739660 -0.708465
-0.049744 -0.773831 -0.637296
-0.127205 -0.724788 -0.586641
-0.095598 -0.695255 -0.468879
-0.115715 -0.695786 -0.357453
-0.090790 -0.688562 -0.238045
-0.064557 -0.734880 -0.120738
0.039526 -0.745255 -0.085241
0.133180 -0.761544 -0.017538
0.248895 -0.725673 0.003221
0.368428 -0.738350 0.032941
0.480184 -0.695751 0.059511
0.595687 -0.700637 0.079605
0.698462 -0.655382 0.079500
0.756832 -0.749717 0.105615
0.712144 -0.819122 0.023910
0.639809 -0.801523 -0.056081
0.520947 -0.832720 -0.033116
0.413788 -0.884632 -0.036582
0.293194 -0.891006 0.002556
0.191621 -0.917528 0.029406
0.086654 -0.889412 0.083981
-0.006505 -0.911933 0.160085
-0.092452 -0.875991 0.213086
-0.190985 -0.858003 0.263320
-0.285628 -0.827089 0.206854
-0.311473 -0.741183 0.139642
-0.278840 -0.680843 0.044178
-0.277391 -0.655772 -0.062382
-0.266608 -0.655984 -0.169712
-0.226445 -0.620786 -0.260204
-0.149797 -0.515050 -0.275292
-0.123953 -0.390191 -0.291220
-0.112356 -0.293024 -0.234124
-0.081351 -0.293272 -0.123854
-0.050663 -0.285977 -0.012497
0.036839 -0.286084 0.080585
0.062153 -0.284738 0.202268
0.101715 -0.273761 0.305678
0.069047 -0.297344 0.424701
0.136291 -0.371105 0.464328
0.084851 -0.474398 0.434643
0.031607 -0.424398 0.332108
-0.046632 -0.403541 0.245957
-0.099699 -0.344688 0.157250
-0.181050 -0.362996 0.068438
-0.230369 -0.294936 -0.031296
-0.261163 -0.311154 -0.136001
-0.275482 -0.336154 -0.245782
-0.290507 -0.436615 -0.323882
-0.361075 -0.522592 -0.388714
-0.442142 -0.581409 -0.422705
-0.541736 -0.627195 -0.435763
-0.627364 -0.701948 -0.435133
-0.701397 -0.673725 -0.525625
-0.620046 -0.705807 -0.617202
-0.573201 -0.767847 -0.701393
-0.498215 -0.678116 -0.727473
-0.388227 -0.652018 -0.724533
-0.366130 -0.542422 -0.721242
-0.333392 -0.446494 -0.677799
-0.442531 -0.410552 -0.647903
-0.462825 -0.471813 -0.550410
-0.458087 -0.402125 -0.451936
-0.447481 -0.372804 -0.336274
-0.446703 -0.307153 -0.239936
-0.425349 -0.292528 -0.128019
-0.450027 -0.290014 -0.006651
-0.378080 -0.352974 0.051775
-0.322680 -0.412181 0.147553
-0.221389 -0.461579 0.199678
-0.159943 -0.530878 0.279108
-0.058370 -0.568555 0.323251
-0.002581 -0.634348 0.404607
0.082659 -0.680489 0.458797
0.018985 -0.670113 0.569733
-0.065158 -0.699823 0.627389
-0.122326 -0.716395 0.719387
-0.207990 -0.742174 0.775852
-0.266466 -0.659101 0.741616
-0.270780 -0.693732 0.639782
-0.316740 -0.791254 0.656900
-0.407637 -0.751487 0.701393
-0.441895 -0.696069 0.616292
-0.451547 -0.781728 0.551950
-0.528549 -0.829887 0.611811
-0.603500 -0.753718 0.605475
-0.610642 -0.759207 0.497340
-0.625455 -0.865439 0.475320
-0.713382 -0.874186 0.556501
-0.766908 -0.802302 0.613877
-0.761676 -0.770786 0.718056
-0.772565 -0.707932 0.802738
-0.765989 -0.597344 0.851537
-0.805551 -0.577620 0.950676
-0.703765 -0.605170 1.000000
-0.631925 -0.524150 0.968879
-0.581262 -0.430772 0.961738
-0.563797 -0.340545 0.904362
-0.475765 -0.376381 0.851187
-0.527912 -0.456728 0.798992
-0.600601 -0.394228 0.749352
-0.526993 -0.335092 0.696702
-0.480396 -0.417635 0.641742
-0.569348 -0.449823 0.591297
-0.587096 -0.354533 0.542743
-0.495811 -0.352727 0.488168
-0.514124 -0.451275 0.431702
-0.628672 -0.420042 0.389834
-0.623970 -0.310906 0.344851
-0.623334 -0.237571 0.262795
-0.627753 -0.151771 0.190261
-0.651865 -0.048159 0.120318
-0.599045 -0.027691 0.026850
-0.663390 -0.124540 -0.020304
-0.706063 -0.215050 -0.058671
-0.715963 -0.313067 -0.096233
-0.739367 -0.402479 -0.145558
-0.803818 -0.476487 -0.181474
-0.832279 -0.574894 -0.184765
-0.909422 -0.655312 -0.202268
-0.908680 -0.684455 -0.082546
-1.000000 -0.739200 -0.047959
