-0.759072 0.325245 0.997266
-0.709883 0.260186 1.000000
-0.635568 0.244195 0.998633
-0.562947 0.261914 0.996561
-0.501357 0.308816 0.993805
-0.451908 0.368812 0.989682
-0.408213 0.436767 0.972442
-0.376659 0.511512 0.947662
-0.354529 0.591369 0.925616
-0.336830 0.673709 0.907009
-0.316155 0.751667 0.887035
-0.289595 0.826583 0.855332
-0.271722 0.896558 0.811923
-0.266337 0.961593 0.758196
-0.254870 1.000000 0.693424
-0.245597 0.987465 0.616614
-0.268769 0.960838 0.549439
-0.241688 0.907584 0.527393
-0.232480 0.825074 0.489848
-0.277000 0.755464 0.487775
-0.310965 0.753566 0.560815
-0.389298 0.748235 0.527040
-0.377180 0.684345 0.471241
-0.372750 0.624276 0.526004
-0.427303 0.638344 0.571838
-0.456230 0.562844 0.542538
-0.402610 0.509614 0.570449
-0.440789 0.516843 0.641064
-0.497969 0.461885 0.641416
-0.475406 0.376965 0.630393
-0.413230 0.347977 0.642452
-0.392946 0.291705 0.670694
-0.338285 0.274497 0.701691
-0.299107 0.209366 0.687229
-0.234261 0.243562 0.655548
-0.181641 0.283625 0.672083
-0.144895 0.222533 0.636588
-0.166960 0.240617 0.568729
-0.137447 0.313854 0.568729
-0.073468 0.289709 0.584581
-0.074663 0.240642 0.528429
-0.087042 0.298642 0.478472
-0.030882 0.348635 0.509469
0.025604 0.295867 0.512930
0.024584 0.291121 0.437135
0.032228 0.375164 0.421989
0.091950 0.394173 0.477436
0.142854 0.391423 0.517406
0.150998 0.382393 0.588703
0.161161 0.462250 0.610066
0.088562 0.496860 0.614894
0.042913 0.443046 0.649000
0.071926 0.451224 0.713398
0.025778 0.521005 0.720981
-0.047842 0.499148 0.707886
-0.106891 0.492309 0.745100
-0.147284 0.509784 0.676889
-0.178839 0.518936 0.616614
-0.149391 0.591564 0.617298
-0.080092 0.569123 0.604555
-0.098921 0.531665 0.544280
-0.126241 0.595361 0.513614
-0.068213 0.640632 0.519478
-0.026994 0.584895 0.487423
-0.066519 0.586429 0.427148
-0.060916 0.667624 0.420269
0.015093 0.680159 0.435085
0.040198 0.627683 0.378580
0.043260 0.614759 0.314844
-0.016983 0.575013 0.294010
-0.000347 0.625785 0.234595
0.041045 0.557514 0.201702
0.022738 0.499903 0.151216
-0.031902 0.435258 0.150356
-0.110626 0.441148 0.170683
-0.172215 0.455216 0.159329
-0.177731 0.380105 0.189466
-0.176798 0.404274 0.260940
-0.231220 0.454461 0.259904
-0.274719 0.399601 0.226835
-0.262732 0.348172 0.280407
-0.280952 0.399406 0.333451
-0.343149 0.419097 0.303821
-0.362543 0.341990 0.297295
-0.353335 0.330964 0.368240
-0.393793 0.392372 0.386847
-0.450540 0.366816 0.345863
-0.450475 0.293117 0.378580
-0.455383 0.323930 0.443683
-0.513410 0.370321 0.427501
-0.548874 0.309960 0.397870
-0.537494 0.266514 0.460570
-0.563468 0.321545 0.504310
-0.626577 0.329820 0.465376
-0.639303 0.245023 0.475033
-0.617760 0.207248 0.530832
-0.554803 0.170812 0.533588
-0.499663 0.133208 0.560815
-0.434013 0.111425 0.560109
-0.455209 0.048776 0.521528
-0.484223 0.092221 0.464693
-0.421113 0.127318 0.450583
-0.383782 0.057514 0.442646
-0.430538 0.031106 0.392359
-0.429083 0.100034 0.345157
-0.357396 0.089860 0.327939
-0.312746 0.053157 0.287991
-0.267010 0.021102 0.261624
-0.236302 0.046025 0.202209
-0.301866 0.010831 0.161049
-0.364280 0.068369 0.173968
-0.349100 0.137955 0.130911
-0.359871 0.092319 0.065191
-0.426369 0.058098 0.082762
-0.456751 0.137492 0.101788
-0.434339 0.171129 0.034701
-0.474059 0.107336 -0.004387
-0.536322 0.105072 0.036950
-0.553456 0.189359 0.020018
-0.542250 0.173977 -0.054300
-0.589072 0.107725 -0.053551
-0.645058 0.143845 -0.012919
-0.664082 0.195517 -0.073635
-0.678654 0.121331 -0.119227
-0.728886 0.061432 -0.091735
-0.770951 0.043445 -0.028969
-0.825591 0.008567 -0.000044
-0.838817 -0.003797 0.062259
-0.816101 -0.081001 0.050464
-0.741786 -0.055518 0.048744
-0.750603 -0.017670 0.113583
-0.772993 -0.085747 0.146740
-0.715986 -0.131018 0.124363
-0.666450 -0.072433 0.150025
-0.694616 -0.071874 0.214621
-0.690881 -0.153629 0.219097
-0.615719 -0.155357 0.206177
-0.610963 -0.097357 0.260257
-0.651856 -0.143553 0.308649
-0.601299 -0.213528 0.301065
-0.533781 -0.164655 0.307282
-0.561774 -0.113323 0.362728
-0.584837 -0.091272 0.419917
-0.634547 -0.035560 0.428867
-0.602645 0.035365 0.403735
-0.612331 0.043445 0.328623
-0.673573 0.087767 0.342754
-0.652876 0.169182 0.341388
-0.640997 0.178163 0.261624
-0.702087 0.139804 0.267312
-0.720394 0.196247 0.315197
-0.734315 0.238305 0.255253
-0.773666 0.174877 0.234771
-0.793016 0.177700 0.307613
-0.807262 0.254515 0.298155
-0.864269 0.238110 0.251637
-0.903294 0.185659 0.298662
-0.915847 0.234508 0.366168
-0.960975 0.291316 0.333098
-1.000000 0.301903 0.289358
-0.963689 0.357397 0.232523
-0.946055 0.382685 0.177407
-0.954872 0.452758 0.151392
-0.934523 0.492309 0.101876
-0.883945 0.518936 0.150532
-0.843920 0.446478 0.144161
-0.842900 0.453902 0.072003
-0.815754 0.527868 0.073811
-0.758747 0.503894 0.116868
-0.746194 0.447038 0.067528
-0.747541 0.500292 0.014771
-0.702413 0.552378 0.049692
-0.654570 0.492674 0.059944
-0.655244 0.475004 -0.011332
-0.649814 0.557148 -0.037192
-0.594501 0.584335 0.017439
-0.556497 0.517597 0.046760
-0.542924 0.471207 -0.009811
-0.506113 0.530716 -0.049803
-0.461485 0.551429 0.007055
-0.446218 0.471572 0.016623
-0.427216 0.464927 -0.053727
-0.380568 0.533953 -0.055248
-0.342476 0.505987 0.003351
-0.337764 0.431071 -0.024846
-0.306643 0.463394 -0.085804
-0.258866 0.508275 -0.046297
-0.244402 0.436402 -0.010913
-0.233631 0.392104 -0.073833
-0.186136 0.451030 -0.099341
-0.147871 0.445334 -0.035914
-0.160336 0.352553 -0.035781
-0.132430 0.337512 -0.101568
-0.068712 0.354549 -0.061223
-0.084501 0.289661 -0.003219
-0.117424 0.202040 -0.021914
-0.118509 0.140632 -0.018739
-0.158555 0.096992 0.025971
-0.200339 0.060386 0.090522
-0.244707 0.007229 0.135387
-0.265750 -0.063890 0.154148
-0.293048 -0.101908 0.221147
-0.328577 -0.145281 0.269891
-0.368515 -0.215061 0.275579
-0.412709 -0.284647 0.247162
-0.441723 -0.353478 0.254922
-0.492714 -0.411284 0.235962
-0.545638 -0.466436 0.209969
-0.585185 -0.529183 0.172402
-0.619454 -0.586988 0.132102
-0.604513 -0.650879 0.078110
-0.579908 -0.726184 0.079499
-0.538862 -0.792362 0.064772
-0.498317 -0.853965 0.049692
-0.467609 -0.910237 0.017174
-0.442743 -0.945991 -0.047047
-0.418051 -0.983255 -0.106440
-0.384216 -0.986297 -0.175776
-0.337807 -0.989339 -0.228819
-0.270398 -1.000000 -0.257501
-0.199991 -0.998467 -0.258868
-0.139987 -0.981746 -0.242510
-0.080418 -0.965755 -0.221411
-0.024432 -0.954364 -0.201592
0.033249 -0.924695 -0.189885
0.082785 -0.865380 -0.182742
0.126219 -0.831889 -0.198064
0.164571 -0.778659 -0.254569
0.166938 -0.733023 -0.324324
0.139792 -0.688921 -0.383408
0.097379 -0.648591 -0.439207
0.059200 -0.631870 -0.490862
-0.008144 -0.645548 -0.528759
-0.076009 -0.647082 -0.560462
-0.145742 -0.642506 -0.596287
-0.208027 -0.612082 -0.647964
-0.245358 -0.585479 -0.718909
-0.262927 -0.570243 -0.801583
-0.255456 -0.562649 -0.887696
-0.215606 -0.582412 -0.957980
-0.160010 -0.618167 -1.000000
-0.106891 -0.679015 -0.995877
-0.097227 -0.734532 -0.934566
-0.134710 -0.782456 -0.878745
-0.169414 -0.780947 -0.803655
-0.218885 -0.749769 -0.747856
-0.249962 -0.682057 -0.700302
-0.281560 -0.607531 -0.672413
-0.294004 -0.513216 -0.651734
-0.271766 -0.422699 -0.646928
-0.230330 -0.355011 -0.685509
-0.239408 -0.318503 -0.759210
-0.280778 -0.246629 -0.787804
-0.280952 -0.166188 -0.815362
-0.278151 -0.084433 -0.837408
-0.282472 -0.012364 -0.865650
-0.298282 0.075865 -0.860138
-0.288792 0.163535 -0.849820
-0.285404 0.239157 -0.861527
-0.296045 0.326291 -0.837408
-0.299107 0.405978 -0.829846
-0.314266 0.480894 -0.789876
-0.313658 0.549530 -0.742675
-0.310704 0.618191 -0.711325
-0.338915 0.661150 -0.645539
-0.323756 0.706031 -0.579400
-0.305579 0.757363 -0.524967
-0.303386 0.755099 -0.441258
-0.268899 0.729227 -0.375119
-0.235672 0.701845 -0.319319
-0.219515 0.642141 -0.274896
-0.254197 0.574648 -0.250094
-0.315373 0.532809 -0.278842
-0.345104 0.487733 -0.331731
-0.373445 0.428029 -0.348597
-0.379808 0.371465 -0.388920
-0.417964 0.364139 -0.435746
-0.436554 0.326778 -0.481580
-0.420266 0.344740 -0.554951
-0.415684 0.291876 -0.613506
-0.373010 0.213309 -0.617628
-0.336200 0.156501 -0.579753
-0.290247 0.139999 -0.535307
-0.244468 0.075403 -0.533235
-0.208179 0.022441 -0.495690
-0.154060 -0.030424 -0.498446
-0.134710 -0.097917 -0.463657
-0.076856 -0.148128 -0.454706
-0.061437 -0.222290 -0.428515
-0.006971 -0.271333 -0.412686
0.002541 -0.350071 -0.393395
0.070233 -0.370978 -0.407857
0.096011 -0.390766 -0.330695
0.090581 -0.464903 -0.284883
0.115360 -0.518911 -0.258008
0.097379 -0.496860 -0.179127
0.035290 -0.482038 -0.132499
-0.025626 -0.483936 -0.098525
-0.073143 -0.419656 -0.099980
-0.099941 -0.361851 -0.152517
-0.125719 -0.331816 -0.205472
-0.125046 -0.288444 -0.248705
-0.200209 -0.283503 -0.252497
-0.241601 -0.239400 -0.273000
-0.222143 -0.185002 -0.222624
-0.182661 -0.141849 -0.264887
-0.233674 -0.133671 -0.311581
-0.281495 -0.108188 -0.264887
-0.242557 -0.046950 -0.245266
-0.236823 -0.020713 -0.311405
-0.303364 -0.019204 -0.325007
-0.317567 0.025678 -0.269539
-0.275653 0.083289 -0.286779
-0.299042 0.090615 -0.356357
-0.365214 0.099158 -0.340175
-0.350881 0.159641 -0.300029
-0.324364 0.198048 -0.359973
-0.346537 0.171372 -0.424392
-0.320477 0.095945 -0.448841
-0.303017 0.034610 -0.484667
-0.281082 -0.042959 -0.472607
-0.233305 -0.101713 -0.492934
-0.210763 -0.175875 -0.478472
-0.150238 -0.223044 -0.486386
-0.121159 -0.296062 -0.475033
-0.069060 -0.318503 -0.513944
-0.023585 -0.277053 -0.560793
0.025952 -0.269070 -0.602130
0.058353 -0.227231 -0.643467
0.012726 -0.244341 -0.695143
-0.042934 -0.216205 -0.655526
-0.015115 -0.145281 -0.648978
-0.013247 -0.134231 -0.717873
-0.082286 -0.148323 -0.723737
-0.103503 -0.093170 -0.675853
-0.068886 -0.039356 -0.714103
-0.101288 -0.056662 -0.778853
-0.173410 -0.056662 -0.757490
-0.165005 0.025483 -0.741308
-0.159924 0.082997 -0.780242
-0.126327 0.144283 -0.763002
-0.113514 0.205374 -0.793999
-0.065846 0.259480 -0.799511
-0.121745 0.313903 -0.778853
-0.116055 0.266149 -0.712361
-0.046322 0.281702 -0.690315
-0.070254 0.342185 -0.641064
-0.134384 0.296062 -0.602482
-0.155515 0.213017 -0.593862
-0.104350 0.144477 -0.565974
-0.088410 0.092708 -0.516017
-0.044281 0.033856 -0.496726
-0.041414 -0.016161 -0.442294
0.010011 -0.068271 -0.414052
0.013226 -0.126442 -0.367733
0.061068 -0.168646 -0.328116
0.066497 -0.220391 -0.277806
0.106869 -0.189578 -0.210807
0.088887 -0.144696 -0.145285
0.052425 -0.081196 -0.133138
0.024931 -0.039551 -0.200644
0.023237 -0.032322 -0.271964
0.052750 -0.002093 -0.333627
0.051578 0.044881 -0.394585
0.062436 0.056954 -0.464009
0.084826 0.118751 -0.505677
0.117728 0.150660 -0.556317
0.168980 0.167137 -0.493970
0.200187 0.138709 -0.438524
0.150998 0.110208 -0.374259
0.126219 0.078543 -0.319672
0.065477 0.088230 -0.282987
0.024757 0.079492 -0.231994
-0.038700 0.089179 -0.215635
-0.014594 0.151755 -0.176547
-0.007644 0.195736 -0.239578
-0.074489 0.186755 -0.262484
-0.097900 0.221560 -0.199696
-0.061763 0.290464 -0.209705
-0.091276 0.303339 -0.279702
-0.165679 0.313513 -0.252144
-0.145656 0.385922 -0.211160
-0.132864 0.432775 -0.279878
-0.154581 0.471207 -0.332062
-0.133277 0.492114 -0.404065
-0.112754 0.521005 -0.456425
-0.052425 0.557343 -0.498799
0.004235 0.538310 -0.553914
0.035616 0.557148 -0.595935
0.108237 0.573504 -0.586300
0.162530 0.538505 -0.627637
0.209026 0.512851 -0.654490
0.269746 0.459986 -0.665182
0.315916 0.419851 -0.689632
0.374270 0.383148 -0.669305
0.425174 0.330307 -0.633480
0.474711 0.282189 -0.610066
0.507286 0.237551 -0.553914
0.539188 0.211118 -0.496373
0.570395 0.228667 -0.427148
0.588051 0.233169 -0.347913
0.628771 0.233632 -0.303821
0.652529 0.308426 -0.295906
0.682368 0.375651 -0.315373
0.676266 0.451614 -0.361009
0.675592 0.515699 -0.394255
0.665407 0.561529 -0.467096
0.650488 0.617047 -0.524967
0.681695 0.616658 -0.602835
0.700697 0.594412 -0.677572
0.712251 0.550309 -0.746467
0.727843 0.495546 -0.802288
0.754989 0.426690 -0.839481
0.774665 0.345032 -0.868427
0.787565 0.274351 -0.896669
0.796382 0.186292 -0.900108
0.793689 0.104026 -0.901497
0.762460 0.017500 -0.900791
0.743458 -0.058560 -0.929738
0.795036 -0.119408 -0.889768
0.768563 -0.170180 -0.827069
0.755684 -0.238646 -0.807800
0.725129 -0.303291 -0.754051
0.696636 -0.364893 -0.716506
0.683063 -0.407487 -0.651403
0.662692 -0.429927 -0.576997
0.638261 -0.457309 -0.516369
0.611115 -0.431436 -0.442646
0.579908 -0.399869 -0.387024
0.560905 -0.352334 -0.338433
0.537147 -0.287324 -0.284199
0.537147 -0.216960 -0.236645
0.556149 -0.139366 -0.219251
0.571090 -0.055518 -0.234419
0.536474 0.015212 -0.232170
0.569049 0.065229 -0.195066
0.558191 0.149662 -0.210984
0.512715 0.219661 -0.234926
0.448911 0.276542 -0.234595
0.412274 0.320498 -0.185498
0.429235 0.389330 -0.208051
0.367472 0.444580 -0.233383
0.350511 0.507886 -0.215371
0.366126 0.570073 -0.194361
0.442808 0.575598 -0.158359
0.486242 0.578810 -0.121564
0.541903 0.529377 -0.083357
0.594827 0.538505 -0.052999
0.617217 0.535852 0.008841
0.569722 0.575963 0.060032
0.510674 0.547072 0.105315
0.482181 0.533004 0.161225
0.407193 0.563233 0.135563
0.372576 0.518352 0.070372
0.373922 0.433359 0.092749
0.322019 0.430512 0.146233
0.262297 0.410724 0.104456
0.281300 0.340943 0.078287
0.307078 0.309862 0.140545
0.245662 0.333423 0.174651
0.202228 0.291973 0.129015
0.237518 0.225308 0.138649
0.234130 0.227888 0.213585
0.160162 0.237648 0.210476
0.153712 0.171762 0.171036
0.190696 0.126369 0.223219
0.148609 0.150075 0.280407
0.086173 0.118848 0.245618
0.113319 0.042399 0.241474
0.133342 0.042983 0.320708
0.123852 0.021102 0.387531
0.198167 -0.008178 0.384775
0.270767 0.028428 0.381336
0.321671 0.040038 0.379616
0.318957 0.003627 0.305210
0.331509 0.066568 0.255429
0.389884 0.096310 0.289182
0.415662 0.018060 0.292290
0.400048 0.007034 0.219604
0.438747 0.074819 0.203929
0.491672 0.052962 0.247162
0.492345 -0.024704 0.215635
0.490998 0.010271 0.147093
0.547332 0.058852 0.169140
0.585337 -0.007594 0.197734
0.576520 -0.053230 0.133998
0.601624 0.009322 0.093013
0.658631 0.014652 0.141229
0.670163 -0.071484 0.140898
0.670836 -0.073577 0.063295
0.723109 -0.016916 0.066911
0.761787 -0.076814 0.110827
0.775360 -0.143747 0.054851
0.818099 -0.101713 -0.006063
0.883250 -0.048289 0.002116
0.938910 -0.020907 0.055976
0.987773 -0.002093 0.107917
0.989815 0.015407 0.187923
1.000000 0.008762 0.258008
0.980303 0.014652 0.331048
0.939583 -0.003797 0.402346
0.917866 -0.031373 0.456425
0.875801 -0.026432 0.528781
0.835755 -0.026992 0.588703
0.785523 -0.007789 0.637272
0.727170 0.010831 0.679645
0.650488 0.022830 0.701691
0.580581 0.013703 0.724421
0.509327 -0.026238 0.716859
0.459096 -0.068636 0.723737
0.409212 -0.122450 0.683106
0.378331 -0.189578 0.671377
0.347797 -0.257655 0.635552
0.310140 -0.320766 0.596971
0.257194 -0.362995 0.572521
0.210372 -0.401402 0.514980
0.185940 -0.450080 0.481911
0.176103 -0.505598 0.470204
0.199166 -0.513971 0.415089
0.190023 -0.511318 0.348949
0.144548 -0.483936 0.286779
0.153039 -0.423088 0.227364
