0.198935 -0.006415 -0.145102
0.231909 -0.035842 -0.183404
0.201236 -0.087702 -0.189761
0.160443 -0.053911 -0.207115
0.185790 -0.022135 -0.253111
0.198241 -0.075469 -0.283287
0.148685 -0.097902 -0.288379
0.130464 -0.041958 -0.314889
0.163895 -0.041660 -0.362871
0.145911 -0.101389 -0.379521
0.092209 -0.081007 -0.382898
0.090365 -0.020401 -0.419016
0.114560 -0.038173 -0.474889
0.074682 -0.074294 -0.509598
0.023502 -0.064970 -0.535837
-0.003467 -0.019524 -0.576740
0.010136 0.000000 -0.637129
0.003334 0.000578 -0.689607
0.031572 -0.026517 -0.744361
0.039185 -0.046620 -0.791205
0.082988 -0.048653 -0.831260
0.130243 -0.071963 -0.861743
0.155604 -0.129361 -0.879801
0.166433 -0.148886 -0.929463
0.212301 -0.152392 -0.958808
0.262787 -0.149184 -0.982501
0.301987 -0.124699 -1.000000
0.334710 -0.076345 -0.992668
0.370207 -0.039049 -0.966700
0.403874 -0.011077 -0.936235
0.440286 -0.008448 -0.887693
0.469792 -0.023012 -0.839169
0.489621 -0.047497 -0.786691
0.508992 -0.069930 -0.739269
0.526504 -0.102564 -0.684533
0.541258 -0.129361 -0.628099
0.543559 -0.152970 -0.565472
0.532966 -0.190266 -0.513264
0.522816 -0.231068 -0.468966
0.502530 -0.274480 -0.424090
0.478099 -0.319347 -0.390519
0.448592 -0.365967 -0.367386
0.415854 -0.414340 -0.354962
0.383588 -0.463869 -0.350736
0.344389 -0.508159 -0.356099
0.307505 -0.549538 -0.374158
0.270622 -0.586238 -0.400397
0.235125 -0.618872 -0.431440
0.198477 -0.646266 -0.465860
0.161594 -0.667841 -0.503946
0.132323 -0.694061 -0.544578
0.100736 -0.725520 -0.578438
0.053938 -0.752914 -0.602709
0.008749 -0.765147 -0.632614
-0.036426 -0.784392 -0.663657
-0.086676 -0.801865 -0.665354
-0.141146 -0.804774 -0.659142
-0.188106 -0.807702 -0.656885
-0.234151 -0.814098 -0.630916
-0.264558 -0.826928 -0.581833
-0.283000 -0.849063 -0.531883
-0.274812 -0.875282 -0.475178
-0.249155 -0.884028 -0.419305
-0.226081 -0.893930 -0.372749
-0.187044 -0.891618 -0.322510
-0.157566 -0.896280 -0.277941
-0.109042 -0.909091 -0.242095
-0.062363 -0.910266 -0.207964
-0.033771 -0.905604 -0.152506
-0.025700 -0.902098 -0.086140
-0.041619 -0.914928 -0.023314
-0.074342 -0.937063 0.026149
-0.120284 -0.955711 0.057842
-0.170210 -0.977846 0.074564
-0.224399 -0.988345 0.074853
-0.276021 -0.993007 0.061436
-0.327171 -1.000000 0.047549
-0.381862 -0.996494 0.043919
-0.430622 -0.965035 0.022808
-0.470501 -0.927739 -0.005544
-0.511987 -0.895105 -0.021851
-0.542423 -0.848485 0.008199
-0.572151 -0.798956 0.033517
-0.571237 -0.743590 0.084226
-0.551408 -0.691730 0.126898
-0.504610 -0.666089 0.154059
-0.461162 -0.643935 0.164641
-0.418628 -0.686490 0.167892
-0.380254 -0.715618 0.129661
-0.332881 -0.731357 0.116966
-0.285154 -0.742434 0.116894
-0.236438 -0.747096 0.121409
-0.194125 -0.744168 0.150826
-0.150706 -0.740084 0.180587
-0.109736 -0.710956 0.210348
-0.087148 -0.678900 0.255079
-0.071229 -0.650350 0.299106
-0.048760 -0.605483 0.324767
-0.047491 -0.540793 0.323919
-0.057051 -0.501166 0.358357
-0.076659 -0.446378 0.376686
-0.114914 -0.396848 0.362871
-0.166787 -0.413165 0.355521
-0.179239 -0.433566 0.405472
-0.213629 -0.425995 0.446664
-0.249819 -0.372382 0.449770
-0.300482 -0.375291 0.421562
-0.321344 -0.432988 0.414790
-0.330579 -0.455702 0.483070
-0.374943 -0.437054 0.508749
-0.403992 -0.470284 0.525111
-0.426358 -0.474350 0.575332
-0.458860 -0.437054 0.615693
-0.496083 -0.410834 0.638826
-0.529278 -0.371207 0.664217
-0.555097 -0.321100 0.688488
-0.570779 -0.264858 0.711621
-0.583217 -0.214154 0.743223
-0.566162 -0.155599 0.773147
-0.556719 -0.107804 0.801354
-0.526519 -0.061483 0.837472
-0.486641 -0.040504 0.867377
-0.442263 -0.037296 0.895603
-0.392470 -0.059152 0.906889
-0.354200 -0.082741 0.917038
-0.317080 -0.134900 0.918736
-0.291616 -0.188513 0.917038
-0.272215 -0.250294 0.898980
-0.234933 -0.286415 0.865120
-0.195114 -0.312932 0.837472
-0.151163 -0.302452 0.801914
-0.105236 -0.301277 0.806429
-0.065815 -0.262825 0.791205
-0.031351 -0.237464 0.818853
-0.003924 -0.174247 0.823368
-0.002774 -0.109557 0.843684
-0.023178 -0.046918 0.858348
-0.053953 0.006117 0.866257
-0.087252 0.058704 0.880921
-0.127130 0.113492 0.882619
-0.157566 0.173800 0.876406
-0.192281 0.217883 0.873589
-0.213128 0.279683 0.869634
-0.235936 0.336988 0.865679
-0.233502 0.405445 0.872470
-0.232602 0.468681 0.882059
-0.207964 0.520839 0.910826
-0.168572 0.563953 0.932840
-0.126909 0.595431 0.950898
-0.075965 0.607235 0.964442
-0.025597 0.610723 0.975169
0.021201 0.601399 0.996045
0.076998 0.582023 1.000000
0.128635 0.577212 0.997743
0.176347 0.553753 0.989851
0.228899 0.556531 0.956551
0.273853 0.568914 0.931720
0.317198 0.579692 0.885436
0.343931 0.624709 0.841427
0.366519 0.664336 0.799097
0.387734 0.683282 0.740406
0.398342 0.714163 0.684533
0.419542 0.738629 0.639946
0.460114 0.726974 0.597634
0.499771 0.706592 0.562077
0.532966 0.659972 0.541472
0.559242 0.607235 0.527368
0.564317 0.541091 0.511567
0.579528 0.491543 0.494357
0.579986 0.418853 0.491251
0.579071 0.355841 0.482510
0.576297 0.282219 0.474041
0.559700 0.216410 0.462465
0.562001 0.161641 0.428045
0.558785 0.119907 0.374429
0.574925 0.081585 0.317725
0.566619 0.051711 0.255494
0.580443 0.040653 0.194835
0.587820 0.044587 0.128740
0.600271 0.068755 0.067720
0.615954 0.099804 0.014140
0.624246 0.147580 -0.033553
0.635768 0.202872 -0.068786
0.639929 0.265119 -0.095097
0.640386 0.331674 -0.109273
0.633939 0.397800 -0.114637
0.614568 0.461389 -0.109201
0.600271 0.522145 -0.099540
0.576297 0.584205 -0.106384
0.567076 0.640727 -0.091485
0.584131 0.699599 -0.102573
0.614568 0.743291 -0.116244
0.653295 0.757277 -0.163088
0.676812 0.792541 -0.199061
0.704475 0.803897 -0.253959
0.718771 0.801287 -0.320253
0.717841 0.814974 -0.384885
0.693867 0.818760 -0.446393
0.651451 0.845277 -0.479404
0.624246 0.888410 -0.512415
0.582759 0.927739 -0.494357
0.611809 0.980774 -0.454844
0.626562 0.995338 -0.397580
0.622874 1.000000 -0.334646
0.638542 0.984858 -0.269183
0.664818 0.969119 -0.217842
0.678199 0.946387 -0.161679
0.691566 0.930070 -0.104199
0.692023 0.913175 -0.036912
0.703545 0.877911 0.016506
0.729836 0.819338 0.037598
0.773167 0.788457 0.050817
0.819271 0.743012 0.061580
0.846004 0.681529 0.056578
0.883817 0.643058 0.030898
0.913324 0.599646 -0.000506
0.930836 0.562797 -0.053327
0.965890 0.541091 -0.104126
0.975096 0.511217 -0.165779
1.000000 0.499860 -0.215296
0.997226 0.466779 -0.277237
0.995397 0.456578 -0.342266
0.997226 0.443040 -0.397580
0.978785 0.419077 -0.458528
0.952051 0.422135 -0.516081
0.944675 0.446452 -0.579846
0.940072 0.451841 -0.636009
0.905018 0.440634 -0.689607
0.878284 0.467655 -0.741544
0.875511 0.476401 -0.794023
0.844175 0.470713 -0.851016
0.825733 0.462713 -0.901237
0.783302 0.431161 -0.935675
0.752881 0.406545 -0.971214
0.718771 0.351515 -0.976867
0.694324 0.303702 -0.984199
0.680500 0.243040 -0.956551
0.662973 0.190042 -0.928885
0.650522 0.140737 -0.896163
0.641773 0.101110 -0.842546
0.628864 0.068755 -0.791765
0.617799 0.060308 -0.726303
0.591980 0.052587 -0.676641
0.562473 0.071832 -0.624722
0.522816 0.106051 -0.598754
0.486405 0.139562 -0.582953
0.448134 0.188009 -0.571395
0.416326 0.241436 -0.565743
0.387734 0.288168 -0.574212
0.341630 0.321604 -0.584650
0.314424 0.375179 -0.610619
0.297827 0.402536 -0.665914
0.269250 0.386294 -0.721210
0.231437 0.358676 -0.761842
0.197784 0.332028 -0.800235
0.174267 0.281995 -0.831837
0.157906 0.225231 -0.854971
0.148906 0.156177 -0.854971
0.133695 0.100084 -0.854971
0.126319 0.027823 -0.858926
0.127469 -0.041660 -0.854411
0.130700 -0.111310 -0.845941
0.125404 -0.175403 -0.811503
0.102123 -0.224354 -0.773707
0.056697 -0.255534 -0.751693
0.010829 -0.273883 -0.738149
-0.029625 -0.296615 -0.726303
-0.072395 -0.311179 -0.691305
-0.116183 -0.318191 -0.660840
-0.159750 -0.307114 -0.623025
-0.209528 -0.300121 -0.612298
-0.257034 -0.311179 -0.585210
-0.301751 -0.315263 -0.546835
-0.345672 -0.312932 -0.523142
-0.387852 -0.298946 -0.481102
-0.433499 -0.291375 -0.464451
-0.471415 -0.293128 -0.423530
-0.504389 -0.297790 -0.378384
-0.527213 -0.294284 -0.320831
-0.549107 -0.268643 -0.268208
-0.581608 -0.263702 -0.235612
-0.581387 -0.263981 -0.168885
-0.596362 -0.254079 -0.117598
-0.597513 -0.253501 -0.052659
-0.588985 -0.239515 0.013634
-0.575840 -0.217660 0.070754
-0.556026 -0.199590 0.121679
-0.523524 -0.174825 0.167332
-0.530665 -0.138107 0.210077
-0.532052 -0.141315 0.271169
-0.541494 -0.172793 0.326465
-0.542645 -0.185604 0.376975
-0.589915 -0.195804 0.408867
-0.630944 -0.236009 0.428894
-0.669435 -0.276513 0.442727
-0.717384 -0.306517 0.424939
-0.755197 -0.342079 0.412244
-0.806834 -0.360727 0.382339
-0.853395 -0.348476 0.350736
-0.891666 -0.323431 0.308966
-0.922545 -0.291077 0.271169
-0.955282 -0.241249 0.250564
-0.983417 -0.184149 0.250275
-0.995854 -0.115972 0.267214
-0.994482 -0.052737 0.282871
-1.000000 0.010779 0.309815
-0.999085 0.048951 0.370203
-0.977413 0.065995 0.433968
-0.943303 0.074163 0.481372
-0.905962 0.074014 0.533580
-0.870908 0.026219 0.564623
-0.831265 -0.004662 0.576181
-0.791151 -0.041380 0.545138
-0.752881 -0.055068 0.506781
-0.722002 -0.073138 0.456271
-0.711394 -0.081007 0.387702
-0.722002 -0.067897 0.321102
-0.728921 -0.040205 0.265517
-0.752423 -0.006695 0.216993
-0.784704 0.039478 0.187070
-0.804990 0.102415 0.177770
-0.809593 0.166154 0.172695
-0.804060 0.232112 0.180442
-0.783774 0.292009 0.200199
-0.739986 0.336000 0.208379
-0.697334 0.369865 0.183837
-0.658606 0.377846 0.136217
-0.638084 0.369641 0.079494
-0.630014 0.357632 0.022898
-0.612723 0.356606 -0.027503
-0.570322 0.358974 -0.067720
-0.531122 0.350117 -0.098619
-0.489636 0.352821 -0.102212
-0.461398 0.386517 -0.130005
-0.426004 0.379338 -0.163521
-0.408949 0.434443 -0.137698
-0.391894 0.414918 -0.081047
-0.368378 0.365967 -0.101291
-0.343533 0.402238 -0.138691
-0.330402 0.441585 -0.091919
-0.308789 0.396420 -0.058275
-0.281406 0.371058 -0.100515
-0.260899 0.427524 -0.109418
-0.248241 0.433417 -0.048560
-0.226243 0.375720 -0.048144
-0.197164 0.385641 -0.095585
-0.177498 0.433492 -0.060244
-0.160502 0.393436 -0.012876
-0.137457 0.334956 -0.037183
-0.115490 0.351030 -0.095946
-0.086912 0.409753 -0.080343
-0.040233 0.405221 -0.068172
-0.028135 0.378163 -0.125995
-0.068116 0.399552 -0.156172
-0.061905 0.454974 -0.127819
-0.016716 0.457902 -0.149833
-0.029167 0.441361 -0.204569
-0.069385 0.480914 -0.198357
-0.040690 0.528988 -0.180731
-0.011876 0.518061 -0.230104
-0.053835 0.508737 -0.266781
-0.083106 0.560019 -0.243088
-0.051519 0.605184 -0.265661
-0.068589 0.578238 -0.319982
-0.122645 0.571674 -0.328163
-0.134285 0.594107 -0.368795
-0.106047 0.541967 -0.400397
-0.120963 0.480615 -0.404912
-0.166212 0.485725 -0.417896
-0.154571 0.534676 -0.451756
-0.119237 0.497529 -0.477147
-0.156297 0.452513 -0.494357
-0.193963 0.491841 -0.515810
-0.159351 0.539767 -0.543169
-0.126732 0.558862 -0.577029
-0.112096 0.610723 -0.567440
-0.066508 0.637520 -0.565183
-0.026512 0.641902 -0.533020
-0.016716 0.699002 -0.525670
-0.021097 0.692606 -0.457950
0.009914 0.642779 -0.437634
0.053702 0.641902 -0.421002
0.039878 0.627916 -0.364551
0.022130 0.570070 -0.373869
0.059471 0.542098 -0.397580
0.089671 0.551422 -0.354402
0.064310 0.525054 -0.314059
0.063853 0.472765 -0.337752
0.107877 0.463869 -0.342266
0.116183 0.470713 -0.286122
0.087591 0.427450 -0.268912
0.105575 0.385772 -0.301075
0.148227 0.389203 -0.279765
0.135318 0.380028 -0.224740
0.117791 0.326434 -0.234348
0.160901 0.306070 -0.253959
0.186483 0.305231 -0.206537
0.205161 0.274350 -0.164370
0.192709 0.314014 -0.122889
0.148449 0.304186 -0.125995
0.152137 0.245445 -0.114203
0.173352 0.254993 -0.063621
0.141072 0.289175 -0.037725
0.107419 0.248354 -0.044117
0.130936 0.204177 -0.015350
0.137384 0.234200 0.033065
0.091279 0.246172 0.042474
0.081601 0.187207 0.042889
0.111344 0.175329 0.086140
0.092666 0.215627 0.124226
0.048642 0.189688 0.122962
0.066390 0.136802 0.143910
0.083903 0.162741 0.195684
0.038492 0.188662 0.216849
0.017055 0.132289 0.231657
0.048406 0.131413 0.284984
0.020286 0.176727 0.326194
-0.008527 0.200037 0.368506
-0.018899 0.259879 0.397291
-0.011758 0.324214 0.424668
-0.039200 0.385343 0.416488
-0.079181 0.428904 0.421833
-0.109854 0.478434 0.430302
-0.123279 0.544578 0.414501
-0.145528 0.574601 0.359205
-0.172379 0.579692 0.318844
-0.161373 0.535105 0.276244
-0.176642 0.485147 0.265517
-0.165636 0.435096 0.282727
-0.153996 0.389427 0.262555
-0.156932 0.336802 0.270321
-0.132441 0.292457 0.291196
-0.124710 0.231832 0.287801
-0.111064 0.184522 0.307287
-0.101430 0.135198 0.291196
-0.143846 0.117576 0.305300
-0.166212 0.152821 0.268768
-0.143447 0.131413 0.222357
-0.156120 0.075897 0.228695
-0.201059 0.084494 0.229688
-0.203656 0.114797 0.180172
-0.182986 0.069632 0.147991
-0.211903 0.028550 0.159711
-0.246588 0.059002 0.139883
-0.229002 0.070228 0.089932
-0.223455 0.012960 0.075196
-0.267877 -0.003487 0.087675
-0.289078 0.057548 0.066980
-0.301176 0.098200 0.035485
-0.339844 0.097604 0.083810
-0.360662 0.104746 0.129661
-0.396276 0.108103 0.161535
-0.416208 0.126303 0.206826
-0.396498 0.083189 0.236316
-0.353963 0.102713 0.228135
-0.360189 0.153119 0.250980
-0.373335 0.132438 0.301075
-0.335994 0.102564 0.309815
-0.306885 0.146424 0.304451
-0.324693 0.176783 0.347070
-0.318924 0.136951 0.386853
-0.272082 0.129082 0.377824
-0.260471 0.190490 0.375007
-0.284209 0.235972 0.387702
-0.309998 0.261837 0.339160
-0.336097 0.281809 0.300515
-0.353860 0.272298 0.253381
-0.327230 0.315058 0.232217
-0.286334 0.285221 0.234907
-0.299169 0.239291 0.202600
-0.312654 0.269706 0.159711
-0.271094 0.297417 0.150682
-0.249805 0.249231 0.141093
-0.274236 0.230340 0.098131
-0.269486 0.279646 0.069941
-0.223381 0.279664 0.069833
-0.219516 0.226480 0.048921
-0.240643 0.241958 0.003449
-0.214087 0.285315 -0.011540
-0.176760 0.251245 -0.011287
-0.194597 0.210443 -0.047260
-0.204541 0.248541 -0.087819
-0.162228 0.273566 -0.089156
-0.144598 0.219692 -0.099034
-0.173264 0.210163 -0.143982
-0.161712 0.263217 -0.169589
-0.115667 0.254471 -0.165634
-0.122763 0.202723 -0.192433
-0.142872 0.236774 -0.237436
-0.108924 0.284531 -0.239278
-0.069503 0.238937 -0.237580
-0.085289 0.193548 -0.287675
-0.055901 0.216205 -0.342826
-0.007613 0.183198 -0.343675
0.018899 0.122816 -0.331269
0.016362 0.056373 -0.321102
0.010829 0.001455 -0.313210
-0.007834 -0.041380 -0.269183
-0.034464 -0.069352 -0.223061
-0.061787 -0.079552 -0.173526
-0.086219 -0.093240 -0.129734
-0.083917 -0.085949 -0.063657
-0.093714 -0.057399 -0.006483
-0.125065 -0.003786 0.008993
