1.000000 0.162539 -1.000000
0.982504 0.223327 -0.970496
0.942292 0.225641 -0.957393
0.943136 0.162796 -0.931345
0.973394 0.199046 -0.911728
0.954804 0.276659 -0.903217
0.924506 0.239638 -0.885407
0.949701 0.197161 -0.863489
0.969386 0.274916 -0.852772
0.935647 0.316365 -0.841140
0.928448 0.249864 -0.818392
0.967896 0.252492 -0.801696
0.968146 0.351444 -0.793721
0.940762 0.356272 -0.769396
0.935805 0.378581 -0.740470
0.912218 0.403576 -0.716219
0.886653 0.470849 -0.715116
0.854892 0.485446 -0.697611
0.818899 0.478933 -0.685527
0.785819 0.524809 -0.681240
0.751170 0.517268 -0.664534
0.709230 0.544805 -0.664733
0.700001 0.491845 -0.632371
0.679368 0.460079 -0.604873
0.678748 0.379953 -0.584647
0.652933 0.312538 -0.567499
0.632721 0.251550 -0.544246
0.601118 0.183620 -0.535210
0.580168 0.128289 -0.512273
0.547049 0.063302 -0.509635
0.512466 0.014711 -0.490396
0.477909 0.007170 -0.508364
0.447177 -0.053304 -0.519386
0.416417 -0.009370 -0.531007
0.395494 0.017996 -0.555972
0.386159 0.094381 -0.536670
0.426477 0.128689 -0.528244
0.438725 0.196161 -0.547745
0.450525 0.263433 -0.529231
0.489512 0.260091 -0.538099
0.484119 0.270317 -0.569874
0.464910 0.347416 -0.566910
0.492821 0.393121 -0.551149
0.519810 0.388637 -0.575474
0.496645 0.429286 -0.597644
0.491054 0.504528 -0.581295
0.529883 0.525666 -0.578868
0.538268 0.527180 -0.610505
0.511147 0.589082 -0.618932
0.523369 0.653669 -0.599599
0.562198 0.659725 -0.609139
0.555935 0.669066 -0.641334
0.533574 0.747136 -0.637435
0.565705 0.798497 -0.624259
0.592482 0.791842 -0.649162
0.610426 0.842717 -0.670029
0.635384 0.858400 -0.693933
0.680211 0.838232 -0.680337
0.692051 0.763733 -0.656096
0.705816 0.672466 -0.658660
0.667093 0.623047 -0.643614
0.644297 0.546062 -0.636437
0.620367 0.479361 -0.621611
0.623413 0.386523 -0.607290
0.605548 0.296855 -0.598811
0.609833 0.209987 -0.587589
0.592139 0.123890 -0.580496
0.585534 0.054161 -0.554060
0.571374 -0.031479 -0.539560
0.558967 -0.091153 -0.514490
0.547589 -0.172880 -0.498760
0.572271 -0.148827 -0.466209
0.598217 -0.153798 -0.441065
0.643374 -0.154055 -0.453211
0.683112 -0.152112 -0.458149
0.682413 -0.185506 -0.488810
0.659486 -0.126032 -0.504245
0.682835 -0.058445 -0.495492
0.715862 -0.083783 -0.511211
0.700080 -0.084269 -0.540600
0.688346 -0.001085 -0.540705
0.725698 0.032536 -0.536639
0.740543 -0.003399 -0.564820
0.713845 0.053132 -0.582146
0.726304 0.134916 -0.570651
0.765778 0.151198 -0.576651
0.764961 0.159054 -0.609454
0.743339 0.237867 -0.611535
0.742547 0.303996 -0.589848
0.729548 0.346474 -0.558830
0.716152 0.400548 -0.532751
0.682097 0.330762 -0.521466
0.652063 0.286657 -0.499159
0.610571 0.249322 -0.491993
0.606247 0.179393 -0.469813
0.569489 0.150627 -0.453705
0.533653 0.135402 -0.432133
0.537477 0.036107 -0.422046
0.582660 0.017054 -0.420050
0.614500 0.007684 -0.398563
0.640500 -0.037307 -0.416236
0.641700 0.026880 -0.438648
0.654251 0.094867 -0.420649
0.689863 0.057817 -0.412254
0.704392 0.049190 -0.442630
0.703719 0.132945 -0.449817
0.728045 0.160111 -0.426365
0.761085 0.115520 -0.436074
0.764895 0.146542 -0.466209
0.764566 0.231325 -0.458128
0.797909 0.227212 -0.439047
0.824146 0.201188 -0.463235
0.813018 0.269061 -0.486687
0.789300 0.339989 -0.482600
0.744723 0.337247 -0.481675
0.705934 0.351701 -0.474835
0.670798 0.334619 -0.453978
0.626459 0.327506 -0.450595
0.592720 0.315051 -0.430105
0.549949 0.275859 -0.424022
0.556515 0.230011 -0.391523
0.571730 0.201588 -0.362901
0.595080 0.170766 -0.337620
0.619563 0.095010 -0.323467
0.656611 0.129460 -0.310564
0.684457 0.159711 -0.291724
0.719686 0.191676 -0.299227
0.752581 0.201531 -0.315965
0.789128 0.244637 -0.310858
0.805240 0.222870 -0.346236
0.798080 0.286971 -0.368575
0.810658 0.350873 -0.388423
0.768336 0.339961 -0.403112
0.727161 0.363356 -0.402398
0.686791 0.375611 -0.406611
0.644930 0.402662 -0.411529
0.602674 0.424601 -0.399887
0.559192 0.430514 -0.401463
0.549514 0.399234 -0.371538
0.547365 0.397092 -0.339596
0.557148 0.370526 -0.309545
0.553390 0.332391 -0.281091
0.548881 0.406119 -0.264195
0.512861 0.429885 -0.277193
0.491753 0.358871 -0.269596
0.498780 0.362013 -0.237570
0.483355 0.444340 -0.233325
0.446109 0.430514 -0.243969
0.436471 0.371297 -0.221756
0.443880 0.420116 -0.195730
0.416470 0.485617 -0.203621
0.384326 0.433742 -0.202759
0.388071 0.411661 -0.171878
0.384841 0.493416 -0.161213
0.345894 0.503928 -0.171490
0.334766 0.432599 -0.148836
0.358643 0.406519 -0.124070
0.367569 0.322507 -0.128588
0.357456 0.240266 -0.133831
0.358472 0.161311 -0.143918
0.381320 0.105550 -0.169882
0.391565 0.064244 -0.202780
0.417828 0.019939 -0.225539
0.423273 -0.005942 -0.258942
0.448205 -0.061359 -0.280303
0.463380 -0.101265 -0.307885
0.507311 -0.082955 -0.293647
0.542039 -0.050447 -0.280419
0.541195 0.035821 -0.289812
0.520152 0.070957 -0.265982
0.552573 0.087154 -0.246301
0.568262 0.148942 -0.267221
0.536119 0.204302 -0.268178
0.531346 0.200588 -0.231623
0.557319 0.227497 -0.209242
0.534194 0.292056 -0.196024
0.505162 0.237752 -0.185611
0.527351 0.187363 -0.166866
0.542065 0.253892 -0.148899
0.506942 0.281487 -0.136206
0.498569 0.202617 -0.120424
0.531135 0.199903 -0.100597
0.515986 0.280201 -0.084720
0.475694 0.260834 -0.077008
0.437723 0.224555 -0.069254
0.427782 0.182649 -0.097959
0.417367 0.122518 -0.124175
0.434150 0.056931 -0.147890
0.429958 -0.003971 -0.173192
0.447111 -0.072128 -0.195268
0.437209 -0.112349 -0.229364
0.436075 -0.179107 -0.255632
0.432423 -0.233867 -0.281963
0.433781 -0.306910 -0.300813
0.431105 -0.353044 -0.328532
0.390431 -0.338589 -0.332325
0.370021 -0.262862 -0.325463
0.346830 -0.265090 -0.296201
0.325959 -0.220327 -0.271183
0.304613 -0.270660 -0.250567
0.329888 -0.271746 -0.225434
0.335636 -0.185763 -0.221483
0.296663 -0.165538 -0.214906
0.293459 -0.210729 -0.187440
0.322228 -0.166024 -0.170743
0.304495 -0.087868 -0.172897
0.270967 -0.111549 -0.157252
0.289398 -0.136830 -0.129208
0.304824 -0.052075 -0.124438
0.287091 0.023852 -0.135639
0.297151 0.069758 -0.163557
0.292404 0.148228 -0.183878
0.333711 0.149570 -0.198168
0.353303 0.137972 -0.231402
0.387807 0.116177 -0.251818
0.405065 0.109778 -0.285305
0.435166 0.061845 -0.304764
0.425449 0.065016 -0.342695
0.403457 0.066587 -0.369909
0.367859 0.061102 -0.384031
0.361267 -0.026652 -0.380490
0.362572 -0.027509 -0.347434
0.334436 0.031051 -0.341361
0.304969 -0.018168 -0.354926
0.307909 -0.086468 -0.334531
0.299761 -0.043620 -0.307349
0.262924 -0.013083 -0.315776
0.246022 -0.092067 -0.319821
0.252785 -0.122318 -0.289245
0.232824 -0.057931 -0.274850
0.196606 -0.078898 -0.287490
0.193943 -0.159882 -0.274965
0.197437 -0.121947 -0.242540
0.192387 -0.032479 -0.235342
0.224663 0.030165 -0.241594
0.196844 0.104893 -0.253110
0.185136 0.160854 -0.230341
0.193363 0.229097 -0.210261
0.225612 0.187220 -0.194406
0.254657 0.196132 -0.219981
0.296966 0.212700 -0.231854
0.323638 0.229383 -0.259824
0.365486 0.225098 -0.274986
0.391011 0.239609 -0.302621
0.427400 0.244037 -0.321166
0.415363 0.264519 -0.351122
0.411183 0.312995 -0.379923
0.374939 0.266204 -0.389232
0.339829 0.300311 -0.380038
0.323058 0.317451 -0.409480
0.317481 0.225469 -0.416372
0.286775 0.204388 -0.395337
0.249977 0.163025 -0.394433
0.216040 0.162168 -0.370372
0.179757 0.135859 -0.383852
0.166335 0.060502 -0.366431
0.191979 0.047848 -0.338829
0.178728 0.125404 -0.319117
0.161219 0.190648 -0.304491
0.158596 0.276488 -0.297693
0.177515 0.263119 -0.266454
0.218967 0.263262 -0.271025
0.260314 0.280344 -0.264794
0.289965 0.307367 -0.290821
0.333988 0.321993 -0.298859
0.366659 0.371583 -0.320987
0.392606 0.401805 -0.348474
0.412910 0.476390 -0.369857
0.432885 0.523810 -0.397270
0.408823 0.577913 -0.414649
0.397142 0.649270 -0.435233
0.363258 0.691347 -0.446003
0.386264 0.765990 -0.457361
0.401967 0.745737 -0.486004
0.396641 0.747051 -0.518241
0.402429 0.653298 -0.520889
0.372355 0.606993 -0.507408
0.346869 0.600594 -0.532720
0.374464 0.559774 -0.551990
0.381927 0.489331 -0.534212
0.343481 0.459851 -0.533791
0.338326 0.453481 -0.565828
0.367674 0.395407 -0.572091
0.352288 0.333019 -0.552852
0.316242 0.324849 -0.567593
0.330600 0.300883 -0.596436
0.351800 0.231211 -0.586675
0.320263 0.188505 -0.574465
0.297968 0.179507 -0.601669
0.327225 0.133773 -0.618501
0.336098 0.065558 -0.594261
0.293143 0.055075 -0.580370
0.261817 0.003428 -0.574791
0.242884 0.023253 -0.543290
0.260472 0.101865 -0.525533
0.268844 0.170909 -0.506882
0.287434 0.240666 -0.494978
0.307342 0.274831 -0.466629
0.350086 0.314509 -0.476380
0.389547 0.323107 -0.466093
0.427242 0.310824 -0.454430
0.463618 0.332334 -0.444721
0.484792 0.304682 -0.469949
0.472135 0.369098 -0.489818
0.487982 0.436427 -0.472418
0.526441 0.406976 -0.472103
0.531451 0.409061 -0.504161
0.526033 0.495444 -0.506735
0.555183 0.520839 -0.486246
0.587591 0.484103 -0.500977
0.589265 0.537178 -0.526079
0.593695 0.612763 -0.509309
0.628304 0.592053 -0.494210
0.651008 0.579198 -0.520468
0.645299 0.656326 -0.534853
0.660250 0.706002 -0.510949
0.698090 0.672008 -0.511369
0.706330 0.687977 -0.542229
0.702691 0.774959 -0.541325
0.733543 0.786043 -0.519449
0.763023 0.746622 -0.536397
0.761691 0.796184 -0.563685
0.781494 0.865798 -0.549153
0.819756 0.812780 -0.542470
0.814376 0.730625 -0.565744
0.814416 0.659382 -0.584006
0.798489 0.575856 -0.589375
0.808180 0.485360 -0.591571
0.804027 0.397720 -0.599252
0.813322 0.303939 -0.589491
0.820204 0.217956 -0.588230
0.817659 0.132916 -0.568686
0.825965 0.056560 -0.546432
0.829934 0.000314 -0.522454
0.871953 -0.011912 -0.525922
0.883792 0.076299 -0.519060
0.897531 0.156597 -0.505884
0.873930 0.221641 -0.518251
0.856922 0.312452 -0.519859
0.843052 0.400406 -0.518976
0.852268 0.487160 -0.514185
0.810671 0.509127 -0.505884
0.797197 0.478933 -0.477546
0.806980 0.549204 -0.459263
0.785173 0.607050 -0.475718
0.748823 0.569857 -0.472565
0.747439 0.572228 -0.440203
0.745764 0.659925 -0.437965
0.711261 0.668495 -0.454882
0.687133 0.619876 -0.436683
0.689849 0.674008 -0.409953
0.672565 0.748365 -0.428855
0.633024 0.736767 -0.434287
0.594170 0.775816 -0.444931
0.549501 0.738367 -0.447915
0.508880 0.724884 -0.461207
0.479610 0.647042 -0.462615
0.455746 0.582826 -0.450006
0.474956 0.601165 -0.418337
0.496816 0.681721 -0.416929
0.534181 0.683035 -0.403406
0.579641 0.675865 -0.407956
0.613854 0.644614 -0.384220
0.653856 0.628132 -0.365801
0.688373 0.598623 -0.349945
0.722692 0.550176 -0.346867
0.699672 0.471734 -0.357132
0.660725 0.476533 -0.373040
0.625140 0.511098 -0.358194
0.592456 0.559288 -0.351280
0.574907 0.653755 -0.345406
0.538756 0.696718 -0.347066
0.500719 0.645585 -0.342433
0.459557 0.598766 -0.343462
0.421889 0.558688 -0.329813
0.382823 0.525581 -0.328742
0.344259 0.502357 -0.314904
0.310480 0.437113 -0.318245
0.267578 0.405747 -0.321313
0.230490 0.375096 -0.325127
0.192229 0.389465 -0.346856
0.164384 0.399720 -0.370739
0.193864 0.449939 -0.390041
0.233984 0.426543 -0.374837
0.262093 0.484960 -0.361976
0.278666 0.540321 -0.335624
0.298377 0.600537 -0.317446
0.320224 0.612620 -0.284989
0.367345 0.624561 -0.295906
0.413583 0.637901 -0.289465
0.456617 0.625903 -0.294730
0.499506 0.646242 -0.288415
0.540153 0.642157 -0.283298
0.535644 0.684092 -0.252963
0.503013 0.650413 -0.234428
0.460612 0.670152 -0.245534
0.416259 0.679007 -0.239650
0.376416 0.691519 -0.254602
0.334476 0.691205 -0.244053
0.295846 0.688005 -0.238621
0.271046 0.678721 -0.211690
0.234129 0.636387 -0.228975
0.237821 0.535807 -0.229668
0.247841 0.491330 -0.199145
0.217794 0.548319 -0.179402
0.183831 0.582655 -0.197569
0.161457 0.506527 -0.201183
0.141469 0.490530 -0.174988
0.108112 0.542806 -0.182617
0.098567 0.480675 -0.208832
0.092449 0.393693 -0.201078
0.050523 0.389579 -0.199681
0.034873 0.408833 -0.227998
0.025591 0.324707 -0.240932
0.029915 0.249579 -0.222271
0.029322 0.159311 -0.209641
0.024180 0.106864 -0.181377
0.026606 0.039792 -0.158387
0.002136 0.000971 -0.132266
-0.001490 -0.043963 -0.102971
-0.032658 -0.105265 -0.083312
-0.068045 -0.134030 -0.061310
-0.099648 -0.160139 -0.042313
-0.123617 -0.091839 -0.019943
-0.146769 -0.046019 0.002238
-0.145517 0.031565 -0.020899
-0.116656 0.028280 -0.045213
-0.132662 -0.057160 -0.062897
-0.166229 -0.087440 -0.085792
-0.198452 -0.114720 -0.103602
-0.232613 -0.117691 -0.119153
-0.262423 -0.163196 -0.132476
-0.244545 -0.146342 -0.164670
-0.209224 -0.178993 -0.175703
-0.223081 -0.210358 -0.204871
-0.229317 -0.123404 -0.218247
-0.187918 -0.090582 -0.213025
-0.147824 -0.042020 -0.217963
-0.119688 -0.017968 -0.195310
-0.136525 0.036107 -0.171342
-0.175656 0.006684 -0.167749
-0.168563 -0.056446 -0.144959
-0.162854 0.014654 -0.119836
-0.164845 0.046848 -0.083407
-0.146875 0.118376 -0.059335
-0.114625 0.164139 -0.050488
-0.091104 0.146171 -0.076420
-0.116102 0.180078 -0.099262
-0.116577 0.262947 -0.087211
-0.076918 0.276430 -0.086843
-0.071209 0.263890 -0.118690
-0.093478 0.333133 -0.127695
-0.070853 0.395264 -0.113290
-0.036495 0.374411 -0.128578
-0.050562 0.386180 -0.159038
-0.059224 0.473191 -0.154930
-0.021583 0.501643 -0.145431
0.002439 0.453052 -0.169262
-0.009585 0.405405 -0.195877
-0.016889 0.312223 -0.195078
-0.020080 0.217528 -0.197506
-0.036073 0.122090 -0.189730
-0.035150 0.029480 -0.174400
-0.047332 -0.046591 -0.158944
-0.031643 -0.120119 -0.137183
-0.021768 -0.195847 -0.121212
-0.001108 -0.258691 -0.107364
0.007172 -0.346816 -0.106639
0.002149 -0.356729 -0.070998
-0.009822 -0.295455 -0.047850
0.023442 -0.235010 -0.035525
0.053067 -0.179593 -0.025638
0.090933 -0.220613 -0.010182
0.129366 -0.278459 -0.003163
0.161694 -0.332048 0.000841
0.191240 -0.398749 -0.006399
0.227128 -0.441169 -0.008942
0.238230 -0.393978 -0.037196
0.220905 -0.306853 -0.041020
0.179585 -0.301911 -0.047672
0.135048 -0.282629 -0.055415
0.092858 -0.268175 -0.054785
0.066858 -0.208187 -0.068791
0.078553 -0.124689 -0.069937
0.117658 -0.141686 -0.067667
0.120493 -0.184649 -0.095995
0.108178 -0.117462 -0.114992
0.139359 -0.062645 -0.106428
0.170462 -0.112663 -0.115034
0.154864 -0.125232 -0.146367
0.126782 -0.075613 -0.161360
0.085435 -0.089182 -0.161854
0.084433 0.002171 -0.144696
0.080003 0.088497 -0.131824
0.047266 0.059674 -0.106019
0.024193 0.059531 -0.074801
-0.019579 0.051875 -0.063548
-0.029072 0.039992 -0.025575
-0.014345 0.011969 0.003520
0.027199 0.038392 0.008931
0.057801 0.039906 0.030082
0.092265 0.065701 0.044425
0.136090 0.027509 0.048165
0.175248 0.000514 0.048491
0.169591 -0.057274 0.023000
0.157462 0.001257 -0.000032
0.188643 0.059102 0.000210
0.215025 0.002771 -0.015666
0.187984 -0.008798 -0.045843
0.161602 0.077727 -0.042418
0.133572 0.149456 -0.042386
0.108112 0.229526 -0.031595
0.083233 0.289771 -0.017610
0.054729 0.315765 0.001639
0.018234 0.305510 0.015362
-0.025406 0.298683 0.015740
-0.023798 0.247379 0.049237
-0.030482 0.225098 0.082556
-0.018709 0.149113 0.107836
-0.022704 0.059074 0.127285
-0.034095 0.006941 0.150664
-0.070735 -0.047191 0.162369
-0.106306 -0.087011 0.175934
-0.136591 -0.155369 0.173696
-0.179968 -0.176393 0.187629
-0.215842 -0.178507 0.204850
-0.247380 -0.161596 0.223543
-0.265719 -0.147142 0.252911
-0.297283 -0.162053 0.269964
-0.312405 -0.173422 0.298039
-0.342782 -0.205987 0.312172
-0.379593 -0.199589 0.319327
-0.405421 -0.198589 0.341655
-0.429945 -0.237638 0.362165
-0.460757 -0.234439 0.382119
-0.434625 -0.187191 0.405182
-0.427070 -0.100494 0.400990
-0.443999 -0.075099 0.429622
-0.407768 -0.094581 0.447316
-0.376996 -0.037250 0.438406
-0.379145 0.030023 0.459799
-0.365987 -0.043334 0.483136
-0.351603 -0.105150 0.502396
-0.355189 -0.161768 0.526520
-0.351458 -0.099380 0.549552
-0.387003 -0.059274 0.545276
-0.409983 -0.128689 0.551780
-0.397577 -0.137001 0.582293
-0.409205 -0.057674 0.593116
-0.448904 -0.070015 0.587431
-0.454072 -0.136458 0.607962
-0.442259 -0.092839 0.634472
-0.470104 -0.028880 0.632970
-0.502934 -0.079927 0.635334
-0.494285 -0.114063 0.664408
-0.491279 -0.039164 0.680778
-0.529171 -0.009427 0.675409
-0.548921 -0.077099 0.688049
-0.532783 -0.066615 0.717879
-0.543924 0.015968 0.723501
-0.583701 -0.000057 0.720517
-0.587591 -0.058417 0.743874
-0.572969 -0.006799 0.767642
-0.596569 0.064101 0.764216
-0.632589 0.020339 0.767778
-0.624336 -0.012026 0.798502
-0.613050 0.067529 0.813664
-0.646486 0.119976 0.807559
-0.683336 0.154769 0.814147
-0.692737 0.187677 0.783161
-0.706870 0.106179 0.770615
-0.742165 0.099066 0.788005
-0.787651 0.085012 0.778244
-0.827811 0.085611 0.767127
-0.857371 0.064701 0.744505
-0.889066 0.101665 0.768735
-0.905876 0.175051 0.780513
-0.945403 0.137201 0.781963
-0.938205 0.077442 0.807738
-0.943531 0.068129 0.839648
-0.931494 -0.019596 0.841991
-0.885111 0.006284 0.833291
-0.849922 0.042249 0.844818
-0.823500 -0.034650 0.841413
-0.811964 -0.025909 0.809461
-0.773663 -0.036307 0.793353
-0.749746 -0.022424 0.763082
-0.720002 -0.043820 0.736624
-0.701372 -0.047790 0.707162
-0.668346 -0.098837 0.717806
-0.652854 -0.171794 0.703011
-0.628383 -0.208701 0.682396
-0.649479 -0.178936 0.656758
-0.646697 -0.091439 0.663220
-0.604942 -0.091039 0.663472
-0.603439 -0.117976 0.631310
-0.628159 -0.052761 0.617892
-0.610624 0.025052 0.622431
-0.579601 0.019139 0.601007
-0.601092 0.013940 0.573719
-0.610545 0.100037 0.572196
-0.571203 0.123061 0.564221
-0.569475 0.078756 0.535798
-0.605548 0.110492 0.522465
-0.629267 0.178707 0.530765
-0.666315 0.152941 0.550614
-0.668952 0.130288 0.582398
-0.700964 0.110806 0.609633
-0.726713 0.095838 0.634283
-0.697786 0.123718 0.656159
-0.689810 0.185906 0.683352
-0.672209 0.233068 0.706931
-0.673738 0.267347 0.740071
-0.634264 0.280144 0.749170
-0.595567 0.302597 0.748592
-0.579153 0.224926 0.740596
-0.597571 0.217728 0.711512
-0.583728 0.295141 0.699449
-0.544636 0.273402 0.699092
-0.547391 0.204131 0.679906
-0.564729 0.247665 0.655172
-0.535776 0.308824 0.650013
-0.506559 0.250864 0.643078
-0.525888 0.211729 0.618690
-0.527997 0.283458 0.599714
-0.487982 0.295341 0.596867
-0.478503 0.216842 0.584479
-0.502854 0.216100 0.558610
-0.486717 0.286000 0.544246
-0.449167 0.254263 0.539634
-0.458027 0.180164 0.523726
-0.477830 0.215271 0.499086
-0.447823 0.270146 0.489451
-0.420755 0.204930 0.483094
-0.442958 0.163282 0.461155
-0.447018 0.229583 0.440045
-0.406727 0.240181 0.434676
-0.397524 0.158311 0.424348
-0.424025 0.155140 0.400654
-0.408019 0.221641 0.383800
-0.371142 0.184735 0.379765
-0.382929 0.110521 0.364771
-0.402877 0.151941 0.339407
-0.367332 0.195047 0.327092
-0.337838 0.115805 0.328710
-0.312590 0.068244 0.307874
-0.277084 0.024081 0.306760
-0.243029 -0.014626 0.296096
-0.213746 -0.075471 0.297840
-0.171767 -0.091182 0.293111
-0.137593 -0.143885 0.296810
-0.115298 -0.069386 0.277319
-0.085936 0.002000 0.269134
-0.046317 -0.052190 0.259593
-0.011312 -0.100494 0.258805
-0.010969 -0.122833 0.289907
-0.042942 -0.174736 0.288835
-0.025275 -0.232411 0.268262
0.007858 -0.253806 0.287353
-0.014160 -0.282972 0.314998
-0.039342 -0.345702 0.295938
-0.064788 -0.428000 0.283550
-0.104421 -0.413089 0.271214
-0.086595 -0.372154 0.243328
-0.073345 -0.366927 0.212794
-0.041636 -0.339961 0.185958
-0.034728 -0.303882 0.149256
-0.025881 -0.308995 0.111955
-0.006750 -0.326392 0.083806
0.019579 -0.361156 0.063023
0.042704 -0.291770 0.052526
0.042072 -0.209444 0.068308
0.051986 -0.140115 0.086958
0.042230 -0.183220 0.114761
0.072567 -0.241495 0.114256
0.103841 -0.184220 0.113111
0.095693 -0.145114 0.141123
0.102707 -0.215471 0.160205
0.140256 -0.235410 0.150181
0.155946 -0.146628 0.156401
0.153019 -0.121376 0.188175
0.160850 -0.073585 0.218993
0.127612 -0.090268 0.238799
0.110670 -0.141943 0.261295
0.075705 -0.154083 0.245871
0.090313 -0.187934 0.217722
0.106201 -0.258920 0.232316
0.071262 -0.290942 0.242676
0.054742 -0.296941 0.213340
0.081889 -0.351701 0.200574
0.077946 -0.417145 0.221336
0.039369 -0.429657 0.213109
0.042362 -0.444140 0.181146
0.069732 -0.513126 0.184214
0.048466 -0.568086 0.207204
0.010890 -0.588282 0.195236
-0.023653 -0.655583 0.195856
-0.030772 -0.609792 0.167360
-0.031234 -0.535921 0.151379
-0.035347 -0.444397 0.145389
-0.038063 -0.446654 0.111714
-0.051973 -0.418316 0.078080
-0.061756 -0.395092 0.045581
-0.095508 -0.326335 0.055363
-0.127111 -0.278858 0.064651
-0.153889 -0.346274 0.066868
-0.134626 -0.387008 0.091025
-0.136934 -0.321479 0.112134
-0.177621 -0.317365 0.113048
-0.184345 -0.399063 0.122263
-0.163935 -0.390493 0.150422
-0.186823 -0.328391 0.164145
-0.222013 -0.376182 0.164187
-0.208143 -0.458737 0.178256
-0.175775 -0.421116 0.202906
-0.140348 -0.389979 0.217427
-0.124936 -0.318393 0.193902
-0.094598 -0.259205 0.179664
-0.080517 -0.199903 0.154510
-0.051129 -0.159768 0.134304
-0.057576 -0.071700 0.114593
-0.070365 0.004085 0.102015
-0.097618 0.071243 0.102110
-0.114863 0.051990 0.073351
-0.130289 -0.025738 0.084899
-0.151384 0.007027 0.109055
-0.175630 0.058074 0.091676
-0.192255 -0.004599 0.073383
-0.206890 -0.060731 0.096709
-0.231215 -0.003285 0.111672
-0.256305 0.007284 0.085088
-0.267486 -0.082269 0.084479
-0.264480 -0.099237 0.121601
-0.277862 -0.094952 0.153543
-0.247604 -0.152341 0.165332
-0.216185 -0.081327 0.166267
-0.175999 -0.044420 0.181881
-0.145556 -0.000486 0.200059
-0.108007 0.007284 0.217795
-0.088520 0.087354 0.216671
-0.056337 0.110378 0.194742
-0.017113 0.105579 0.183510
0.022915 0.071843 0.180410
0.028333 0.135259 0.149718
0.044234 0.170880 0.117839
0.027621 0.171223 0.082692
0.023376 0.157540 0.044635
0.018814 0.174451 0.011663
0.037352 0.162710 -0.022633
0.061083 0.151170 -0.049699
0.085897 0.102380 -0.070714
0.129458 0.093039 -0.086538
0.167548 0.096266 -0.094408
0.203673 0.131831 -0.092905
0.197964 0.212215 -0.108729
0.166401 0.261691 -0.117020
0.147903 0.334419 -0.128725
0.112674 0.327049 -0.109675
0.118330 0.357957 -0.080024
0.109668 0.444225 -0.085036
0.072092 0.434085 -0.098075
0.055717 0.388322 -0.073982
0.062705 0.448082 -0.051391
0.040239 0.511698 -0.064221
0.005261 0.465964 -0.064819
0.002030 0.455223 -0.033066
0.001490 0.539721 -0.025533
-0.032276 0.557717 -0.042775
-0.056733 0.502785 -0.026111
-0.050167 0.544348 0.002711
-0.062468 0.626275 -0.004676
-0.100637 0.594224 -0.015173
-0.117091 0.515126 -0.006809
-0.116590 0.439512 -0.023673
-0.112608 0.383580 0.001156
-0.148945 0.404405 0.014983
-0.171899 0.378896 -0.009751
-0.158675 0.295884 -0.009782
-0.169605 0.275802 0.019775
-0.208644 0.288457 0.015225
-0.216067 0.229840 -0.007544
-0.200311 0.154226 0.009908
-0.221512 0.173651 0.041073
-0.261632 0.200074 0.032005
-0.286827 0.109378 0.038247
-0.304073 0.073642 0.065481
-0.328688 0.039249 0.090142
-0.317086 0.093296 0.115927
-0.313117 0.156254 0.136868
-0.294105 0.211415 0.154783
-0.280393 0.239866 0.184634
-0.311799 0.307738 0.192000
-0.342044 0.251950 0.211239
-0.355307 0.266632 0.241804
-0.394162 0.254863 0.247100
-0.424882 0.221099 0.261884
-0.450631 0.154826 0.267589
-0.480784 0.109407 0.280135
-0.499888 0.042477 0.294824
-0.506256 -0.050361 0.297724
-0.509934 -0.131859 0.309450
-0.473137 -0.137315 0.323467
-0.482735 -0.082412 0.350029
-0.523449 -0.123975 0.357742
-0.528472 -0.211672 0.361262
-0.526613 -0.215385 0.393803
-0.562778 -0.180021 0.399792
-0.583451 -0.249064 0.387078
-0.569634 -0.310024 0.407179
-0.584084 -0.275945 0.434182
-0.622965 -0.281229 0.425566
-0.625773 -0.368098 0.421616
-0.613960 -0.390293 0.450857
-0.643941 -0.348844 0.466314
-0.674107 -0.397806 0.453253
-0.662202 -0.476248 0.463508
-0.663085 -0.456651 0.494505
-0.702084 -0.435456 0.496028
-0.715388 -0.514326 0.486582
-0.697602 -0.562573 0.509604
-0.715401 -0.522781 0.534201
-0.753504 -0.539635 0.524871
-0.748863 -0.627246 0.525554
-0.738183 -0.632502 0.557076
-0.772199 -0.596281 0.568129
-0.796775 -0.655926 0.554596
-0.780651 -0.725940 0.569338
-0.784698 -0.698089 0.600008
-0.824990 -0.684720 0.598968
-0.834786 -0.767675 0.589396
-0.818912 -0.811923 0.614025
-0.839888 -0.768532 0.637320
-0.877121 -0.797640 0.623545
-0.871030 -0.887337 0.622599
-0.871030 -0.894164 0.655119
-0.914631 -0.868112 0.656191
-0.926431 -0.925329 0.626151
-0.931757 -1.000000 0.606628
-0.909344 -0.979404 0.575085
-0.885691 -0.964036 0.549773
-0.859770 -0.909618 0.535347
-0.880918 -0.901020 0.507492
-0.914314 -0.859371 0.519586
-0.893878 -0.789271 0.533235
-0.877147 -0.761562 0.506073
-0.911691 -0.748536 0.489776
-0.928646 -0.691662 0.511779
-0.898915 -0.630645 0.512409
-0.898678 -0.618333 0.480162
-0.937704 -0.593824 0.478922
-0.932311 -0.523267 0.498571
-0.903872 -0.481589 0.480961
-0.924849 -0.481818 0.451866
-0.961251 -0.444397 0.462626
-0.968529 -0.387894 0.486046
-0.987989 -0.414146 0.513954
-0.999802 -0.397263 0.543658
-0.990151 -0.421858 0.576714
-1.000000 -0.429571 0.608509
-0.982148 -0.443797 0.638381
-0.994660 -0.468849 0.670680
-0.982755 -0.482389 0.703137
-0.992129 -0.508784 0.734018
-0.992722 -0.511583 0.767989
-0.983506 -0.534922 0.800519
-0.986315 -0.542177 0.835004
-0.976848 -0.539035 0.870645
-0.986117 -0.575313 0.905991
-0.957520 -0.591310 0.936547
-0.933590 -0.598852 0.968026
-0.893219 -0.644928 0.984376
-0.854127 -0.671180 0.996617
-0.809854 -0.698432 1.000000
-0.766820 -0.729683 0.990869
-0.731143 -0.764676 0.976537
-0.695466 -0.768389 0.948210
-0.663718 -0.775845 0.925798
-0.647105 -0.747908 0.889589
-0.609609 -0.698603 0.869762
-0.582053 -0.627503 0.854443
-0.555408 -0.545005 0.849399
-0.524240 -0.478133 0.846320
-0.503975 -0.378724 0.851416
-0.478925 -0.303196 0.864403
-0.455232 -0.206616 0.865160
-0.443037 -0.116662 0.885250
-0.421823 -0.026737 0.891386
-0.404762 0.075842 0.888812
-0.395441 0.169081 0.891764
-0.397854 0.280115 0.888045
-0.402442 0.375268 0.874585
-0.406186 0.471420 0.863552
-0.422930 0.550918 0.840047
-0.435469 0.630760 0.822994
-0.455733 0.695804 0.796736
-0.481417 0.746165 0.770069
-0.496104 0.779044 0.738747
-0.524991 0.815608 0.709663
-0.540536 0.816094 0.676911
-0.570161 0.823607 0.645957
-0.594724 0.813809 0.618144
-0.614790 0.804296 0.590216
-0.644719 0.822664 0.567257
-0.660844 0.764904 0.536460
-0.698446 0.744594 0.526237
-0.735652 0.711458 0.504781
-0.762772 0.663125 0.476590
-0.797685 0.644414 0.460083
-0.826361 0.590196 0.434498
-0.852334 0.580141 0.409984
-0.864266 0.545662 0.373524
-0.879442 0.535893 0.340457
-0.878044 0.552690 0.303283
-0.860759 0.603051 0.272013
-0.848959 0.653784 0.239734
-0.817000 0.699974 0.215242
-0.785885 0.765218 0.204955
-0.746925 0.808867 0.186473
-0.703943 0.840003 0.178666
-0.668187 0.880910 0.168526
-0.623756 0.926500 0.172887
-0.577518 0.954638 0.183993
-0.539797 0.997058 0.190918
-0.491595 0.993630 0.202864
-0.450156 1.000000 0.213907
-0.402996 0.956837 0.218814
-0.362177 0.937355 0.225875
-0.322623 0.871740 0.229122
-0.282859 0.840432 0.219014
-0.245613 0.797383 0.230730
-0.210424 0.752592 0.226800
-0.182380 0.690062 0.240554
-0.151766 0.629931 0.239881
-0.132121 0.556089 0.250525
-0.106122 0.600651 0.271908
-0.133519 0.611021 0.297525
-0.134376 0.523495 0.308000
-0.095442 0.512212 0.321050
-0.099898 0.566287 0.349515
-0.128852 0.516040 0.367545
-0.105713 0.440141 0.375341
-0.077129 0.481561 0.398636
-0.104961 0.499072 0.428981
-0.114665 0.406062 0.444879
-0.077327 0.389179 0.466997
-0.083326 0.417174 0.504686
-0.086226 0.352987 0.536565
-0.072818 0.285943 0.564525
-0.046963 0.222127 0.582346
-0.025762 0.152998 0.606355
0.005036 0.076813 0.618060
0.042151 0.027966 0.626529
0.085343 -0.022738 0.619794
0.129906 -0.036164 0.619668
0.173375 -0.027709 0.600187
0.214709 0.009598 0.602656
0.256978 0.029051 0.582671
0.290770 0.079156 0.559419
0.316941 0.112863 0.531448
0.343204 0.181192 0.509404
0.366751 0.221013 0.482022
0.384234 0.248436 0.448231
0.415508 0.268803 0.423959
0.440452 0.247465 0.389547
0.457777 0.248893 0.350923
0.488101 0.258520 0.322027
0.507126 0.241723 0.284664
0.526784 0.287200 0.250788
0.538479 0.315994 0.217511
0.543977 0.394807 0.189236
0.543080 0.468192 0.164176
0.522526 0.545577 0.141123
0.502538 0.637473 0.130501
0.474969 0.695061 0.111840
0.435614 0.758248 0.102667
0.396219 0.788442 0.090300
0.348979 0.820293 0.087211
0.305523 0.827149 0.077586
0.267512 0.834662 0.063222
0.230121 0.774674 0.051107
