0.324150 -0.182300 -0.787020
0.337403 -0.090224 -0.789463
0.351333 0.002460 -0.766575
0.355777 0.091214 -0.754934
0.386128 0.192013 -0.761761
0.401874 0.278914 -0.780517
0.390379 0.258978 -0.833532
0.329444 0.257380 -0.827748
0.332013 0.363898 -0.804446
0.365572 0.424409 -0.841024
0.381511 0.514633 -0.870020
0.413795 0.563003 -0.913532
0.448686 0.644888 -0.938594
0.475811 0.716901 -0.966764
0.488254 0.809744 -0.977597
0.433501 0.827891 -1.000000
0.399362 0.804984 -0.955643
0.422759 0.868818 -0.918886
0.405023 0.952588 -0.946427
0.344069 0.936997 -0.937229
0.342253 0.959680 -0.880620
0.330951 1.000000 -0.830820
0.331955 0.992460 -0.775414
0.284892 0.930064 -0.771246
0.310298 0.855911 -0.799596
0.356975 0.843610 -0.765749
0.323802 0.820767 -0.721123
0.295730 0.743546 -0.741406
0.342813 0.688882 -0.751143
0.359641 0.680224 -0.698882
0.311225 0.639137 -0.677449
0.309621 0.559776 -0.710649
0.364084 0.523834 -0.699475
0.353536 0.517891 -0.643854
0.305719 0.457923 -0.648345
0.332747 0.386613 -0.675383
0.371175 0.374249 -0.635356
0.332651 0.354377 -0.594395
0.306685 0.277444 -0.621073
0.356588 0.224920 -0.624720
0.364509 0.224920 -0.571237
0.310413 0.183482 -0.557691
0.324227 0.100990 -0.590514
0.382206 0.082364 -0.609037
0.408153 0.116326 -0.656052
0.453265 0.138658 -0.690618
0.487326 0.208754 -0.718392
0.501700 0.261118 -0.765659
0.529019 0.359010 -0.746274
0.562230 0.426965 -0.715320
0.566789 0.504665 -0.749598
0.510954 0.534697 -0.742268
0.513157 0.546581 -0.687887
0.559003 0.611086 -0.688875
0.531318 0.678754 -0.719398
0.485587 0.691661 -0.683000
0.519938 0.719361 -0.639991
0.547373 0.795591 -0.670999
0.527647 0.836869 -0.718374
0.541944 0.798722 -0.771714
0.542176 0.752652 -0.821352
0.532728 0.660575 -0.847869
0.565823 0.656613 -0.896879
0.619764 0.614090 -0.874871
0.608385 0.512428 -0.878356
0.629405 0.420511 -0.894525
0.610684 0.318530 -0.909436
0.613080 0.213898 -0.912365
0.602125 0.120000 -0.935702
0.573570 0.018722 -0.926503
0.550985 -0.074920 -0.939421
0.509950 -0.153962 -0.938307
0.489992 -0.256997 -0.915652
0.447430 -0.338722 -0.897705
0.403845 -0.411693 -0.876128
0.368624 -0.500319 -0.874853
0.301198 -0.529265 -0.858037
0.249131 -0.594824 -0.859726
0.194223 -0.646645 -0.847959
0.159641 -0.659585 -0.792140
0.104231 -0.612141 -0.766234
0.051294 -0.658850 -0.740292
0.016229 -0.599489 -0.691390
-0.023474 -0.537188 -0.658621
-0.037886 -0.444601 -0.628206
-0.060143 -0.342109 -0.652405
-0.102144 -0.270639 -0.649010
-0.104405 -0.153578 -0.657400
-0.125386 -0.072332 -0.669185
-0.096117 0.027923 -0.642524
-0.044088 0.082205 -0.661424
-0.060182 0.146709 -0.702313
-0.097624 0.214537 -0.668951
-0.052782 0.252843 -0.629571
-0.016422 0.304760 -0.664137
-0.060143 0.379105 -0.685246
-0.080835 0.436166 -0.632643
-0.027222 0.471885 -0.603360
0.004598 0.520703 -0.640422
-0.040978 0.592524 -0.652746
-0.045750 0.646006 -0.598868
0.013273 0.679744 -0.578675
0.035356 0.743610 -0.621217
-0.003053 0.824121 -0.614300
0.010220 0.837668 -0.548978
0.073068 0.883802 -0.528623
0.114393 0.943674 -0.504550
0.149961 0.975815 -0.460840
0.167465 0.965463 -0.398805
0.183385 0.897348 -0.349939
0.236418 0.848243 -0.312625
0.273126 0.834058 -0.266598
0.316654 0.770671 -0.231422
0.358211 0.762588 -0.183598
0.396909 0.727891 -0.143175
0.418315 0.632524 -0.106724
0.482284 0.604281 -0.084249
0.501913 0.582684 -0.023705
0.538756 0.482780 -0.009046
0.602009 0.450607 0.004590
0.627222 0.433387 0.056654
0.674478 0.357157 0.069499
0.742137 0.354984 0.068817
0.777241 0.344153 0.117215
0.842465 0.291022 0.120234
0.903497 0.255208 0.104640
0.956182 0.215719 0.098747
0.973512 0.109393 0.071529
0.987751 0.036166 0.031808
0.988408 -0.029936 -0.013860
0.972257 -0.129361 0.014543
0.908366 -0.146422 0.013932
0.897508 -0.160735 -0.040287
0.920112 -0.255527 -0.043431
0.870711 -0.303546 -0.021603
0.832767 -0.274089 -0.061271
0.867929 -0.312045 -0.102915
0.871291 -0.409042 -0.088578
0.811978 -0.424984 -0.091956
0.809293 -0.396038 -0.146230
0.852164 -0.459521 -0.166189
0.826005 -0.545240 -0.154026
0.779328 -0.526102 -0.188682
0.816866 -0.518115 -0.234530
0.844996 -0.610160 -0.233164
0.798242 -0.664217 -0.250411
0.804540 -0.622268 -0.304702
0.855390 -0.668754 -0.327159
0.832689 -0.751022 -0.350568
0.804057 -0.702141 -0.396703
0.854772 -0.663450 -0.427748
0.871986 -0.737348 -0.462475
0.831453 -0.709776 -0.505214
0.853748 -0.610032 -0.518024
0.910858 -0.615016 -0.538486
0.892562 -0.628339 -0.593245
0.869958 -0.529617 -0.602300
0.921735 -0.468147 -0.599713
0.955081 -0.488882 -0.650321
0.924247 -0.433930 -0.691965
0.938273 -0.329521 -0.672544
1.000000 -0.301150 -0.685354
0.981607 -0.254952 -0.740921
0.953091 -0.156230 -0.735908
0.953729 -0.061118 -0.729100
0.894745 -0.016102 -0.744909
0.843470 0.022588 -0.735585
0.783172 -0.034856 -0.727213
0.736012 -0.036102 -0.687653
0.690572 -0.043195 -0.655693
0.644532 -0.103514 -0.645417
0.585375 -0.114026 -0.643243
0.529946 -0.155463 -0.631637
0.471851 -0.183642 -0.660166
0.401546 -0.184824 -0.646800
0.353014 -0.126965 -0.654956
0.392098 -0.037636 -0.651776
0.443914 -0.059233 -0.616528
0.497624 -0.034824 -0.586921
0.553014 -0.069680 -0.558787
0.606530 -0.070703 -0.531767
0.591345 -0.175879 -0.515095
0.575908 -0.266326 -0.506059
0.540939 -0.248211 -0.462601
0.497373 -0.203450 -0.494363
0.486573 -0.283163 -0.524509
0.473454 -0.343546 -0.484932
0.428284 -0.287891 -0.469481
0.397913 -0.293195 -0.518078
0.388331 -0.391022 -0.520018
0.348396 -0.388658 -0.479847
0.305622 -0.351885 -0.515347
0.302087 -0.430863 -0.551817
0.297179 -0.509585 -0.517036
0.281839 -0.509393 -0.462798
0.322836 -0.518786 -0.423238
0.343624 -0.553674 -0.366162
0.391596 -0.573994 -0.334381
0.355931 -0.564696 -0.284384
0.338640 -0.632332 -0.242183
0.310085 -0.678307 -0.198473
0.302879 -0.753131 -0.162991
0.252164 -0.719457 -0.135630
0.216828 -0.695240 -0.191718
0.234080 -0.674441 -0.246063
0.255468 -0.585783 -0.261478
0.275386 -0.518243 -0.304936
0.322121 -0.445527 -0.327141
0.359641 -0.375751 -0.350892
0.388833 -0.343482 -0.296474
0.416094 -0.327284 -0.248686
0.377048 -0.263419 -0.227487
0.330777 -0.327700 -0.226158
0.359428 -0.395016 -0.195473
0.369436 -0.336869 -0.151439
0.311805 -0.319361 -0.144181
0.298300 -0.415942 -0.136007
0.328652 -0.437795 -0.090591
0.292465 -0.386613 -0.056079
0.252956 -0.459457 -0.049378
0.294243 -0.520192 -0.020256
0.318470 -0.456294 0.016465
0.297315 -0.362843 0.027945
0.320769 -0.280383 0.007051
0.316808 -0.172811 0.024352
0.343837 -0.082460 0.024945
0.286689 -0.029425 0.035724
0.263737 0.037668 0.076560
0.227009 0.091278 0.112473
0.216190 0.147189 0.157763
0.154946 0.158626 0.153452
0.142311 0.045463 0.143463
0.175039 -0.032109 0.122461
0.187597 -0.047476 0.068835
0.212674 -0.115367 0.024909
0.254366 -0.128690 -0.025502
0.287442 -0.150447 -0.073128
0.286090 -0.041054 -0.093986
0.288543 0.053482 -0.107676
0.234969 0.059521 -0.132737
0.204714 0.043163 -0.084393
0.228053 0.118147 -0.055432
0.209602 0.190607 -0.087986
0.150811 0.163099 -0.083261
0.152570 0.183866 -0.025286
0.164934 0.278275 -0.017920
0.111978 0.313163 -0.035652
0.084003 0.297252 0.013249
0.116036 0.366134 0.043252
0.107767 0.445847 0.010627
0.068296 0.456901 -0.031430
0.082689 0.455974 -0.084375
0.072141 0.493642 -0.143104
0.094475 0.497348 -0.194628
0.036264 0.495304 -0.220139
0.001140 0.560192 -0.253681
-0.042195 0.617540 -0.279856
-0.058578 0.692364 -0.311960
-0.121271 0.685591 -0.301918
-0.115282 0.682205 -0.235859
-0.070305 0.649681 -0.200575
-0.058501 0.555144 -0.190748
-0.023107 0.481246 -0.159470
0.022121 0.393930 -0.157278
0.058056 0.307604 -0.153236
0.044146 0.283482 -0.215253
0.033192 0.265463 -0.267658
-0.017156 0.210990 -0.262430
-0.049053 0.291534 -0.243494
-0.041596 0.344760 -0.288480
-0.066325 0.285176 -0.324949
-0.119610 0.285272 -0.299367
-0.127241 0.384633 -0.303229
-0.128323 0.396390 -0.358527
-0.184486 0.363419 -0.365264
-0.210993 0.447700 -0.351359
-0.186263 0.496997 -0.397135
-0.204386 0.438211 -0.439731
-0.255641 0.385943 -0.434664
-0.265553 0.305655 -0.408812
-0.310645 0.272684 -0.383283
-0.332670 0.233770 -0.341819
-0.368818 0.163962 -0.327662
-0.429617 0.146038 -0.320422
-0.482496 0.118211 -0.301576
-0.541886 0.113866 -0.305691
-0.554946 0.088115 -0.251255
-0.512751 0.167444 -0.224056
-0.466248 0.225208 -0.240871
-0.408791 0.192907 -0.242003
-0.343489 0.204920 -0.249333
-0.286457 0.174792 -0.281653
-0.226121 0.155783 -0.299241
-0.243064 0.044089 -0.313434
-0.257747 -0.047732 -0.326854
-0.248338 -0.088658 -0.276569
-0.293702 -0.035303 -0.252136
-0.337481 -0.063482 -0.285659
-0.335220 -0.159393 -0.276084
-0.346638 -0.148786 -0.221451
-0.401758 -0.104473 -0.230901
-0.433675 -0.171214 -0.257400
-0.441963 -0.229457 -0.212270
-0.490456 -0.178371 -0.194916
-0.525734 -0.200926 -0.241788
-0.516982 -0.300447 -0.247842
-0.488794 -0.361150 -0.210420
-0.433578 -0.394601 -0.213079
-0.395112 -0.484217 -0.195724
-0.341731 -0.530383 -0.200880
-0.339509 -0.560224 -0.143032
-0.339123 -0.650256 -0.111862
-0.348126 -0.728403 -0.073811
-0.346928 -0.823898 -0.060103
-0.377183 -0.818339 -0.009171
-0.430931 -0.753930 -0.031826
-0.436708 -0.691789 -0.077135
-0.415553 -0.599137 -0.078087
-0.410858 -0.502268 -0.106831
-0.373918 -0.417923 -0.134570
-0.342272 -0.337029 -0.157817
-0.285723 -0.370415 -0.123306
-0.237500 -0.404665 -0.097202
-0.244648 -0.357700 -0.048534
-0.293257 -0.413323 -0.035850
-0.265862 -0.499329 -0.035545
-0.226372 -0.481661 0.003584
-0.268025 -0.463035 0.042371
-0.295035 -0.553067 0.038437
-0.253613 -0.615112 0.056133
-0.260162 -0.590735 0.110856
-0.303825 -0.655751 0.119766
-0.268914 -0.738978 0.111484
-0.220170 -0.718658 0.142978
-0.215572 -0.642013 0.180436
-0.183810 -0.560607 0.172944
-0.146194 -0.479297 0.201401
-0.105719 -0.404728 0.192634
-0.128999 -0.346741 0.240422
-0.108771 -0.308498 0.292540
-0.099961 -0.277955 0.346526
-0.065263 -0.253163 0.389948
-0.108984 -0.248818 0.431377
-0.139818 -0.350064 0.415944
-0.140881 -0.406294 0.367941
-0.175966 -0.387796 0.324285
-0.199266 -0.418211 0.269903
-0.208423 -0.398243 0.207042
-0.219146 -0.384185 0.150523
-0.210858 -0.269840 0.159183
-0.197875 -0.174121 0.168219
-0.252009 -0.146038 0.184424
-0.248860 -0.201310 0.232805
-0.203671 -0.151534 0.252746
-0.227376 -0.061278 0.252118
-0.273725 -0.086198 0.284132
-0.236167 -0.113003 0.327824
-0.208675 -0.031118 0.342376
-0.257651 0.008658 0.367024
-0.250599 -0.041054 0.415064
-0.198899 0.006965 0.430784
-0.217446 0.101821 0.426095
-0.274498 0.133514 0.418711
-0.297276 0.167252 0.371947
-0.342794 0.243387 0.351107
-0.361032 0.294665 0.305816
-0.423454 0.288658 0.318949
-0.469687 0.356933 0.331201
-0.519049 0.409393 0.350838
-0.552202 0.491853 0.356856
-0.592214 0.455815 0.398464
-0.543644 0.406613 0.437126
-0.485684 0.373834 0.427873
-0.472604 0.286901 0.405093
-0.428709 0.211182 0.388727
-0.398474 0.146741 0.343634
-0.369880 0.086709 0.304954
-0.424556 0.101566 0.263669
-0.468798 0.122524 0.228673
-0.507554 0.054824 0.244788
-0.516325 0.095655 0.295396
-0.537983 0.178722 0.275922
-0.584177 0.142939 0.247429
-0.608597 0.102556 0.292378
-0.613466 0.186805 0.321500
-0.652202 0.235495 0.290115
-0.700348 0.180863 0.307289
-0.710085 0.233003 0.352922
-0.726526 0.318562 0.326099
-0.769784 0.283035 0.291947
-0.796291 0.191693 0.295522
-0.787442 0.118211 0.260040
-0.816538 0.028754 0.231529
-0.811631 -0.034952 0.188107
-0.834679 -0.120256 0.217660
-0.882535 -0.185655 0.213726
-0.929424 -0.252236 0.221253
-0.976758 -0.304888 0.203701
-1.000000 -0.333738 0.256088
-0.996696 -0.225272 0.282497
-0.961264 -0.142588 0.271844
-0.905448 -0.133067 0.288983
-0.850502 -0.073514 0.293205
-0.783791 -0.055303 0.280180
-0.723841 -0.037604 0.270047
-0.717002 -0.147188 0.254705
-0.712191 -0.241310 0.239955
-0.704772 -0.279936 0.290761
-0.758887 -0.256645 0.309930
-0.786437 -0.310479 0.272041
-0.760877 -0.397796 0.282443
-0.779057 -0.398786 0.335100
-0.836592 -0.393674 0.322147
-0.845363 -0.479073 0.297409
-0.845073 -0.531821 0.344119
-0.902801 -0.515751 0.358653
-0.924672 -0.574441 0.315572
-0.897875 -0.656613 0.332190
-0.886167 -0.744952 0.357629
-0.826546 -0.746230 0.365444
-0.777917 -0.797157 0.399757
-0.717774 -0.814984 0.399991
-0.712539 -0.811438 0.459906
-0.697044 -0.877636 0.502250
-0.683868 -0.930096 0.547110
-0.657709 -1.000000 0.584586
-0.697257 -0.981182 0.632392
-0.754463 -0.972013 0.591233
-0.801314 -0.940863 0.555823
-0.782670 -0.851629 0.534444
-0.791673 -0.775112 0.489962
-0.770885 -0.694026 0.449270
-0.755738 -0.616262 0.413806
-0.697798 -0.599361 0.449450
-0.648145 -0.587827 0.479129
-0.670498 -0.531214 0.519174
-0.705545 -0.603802 0.539996
-0.661206 -0.663738 0.551368
-0.630506 -0.603706 0.584155
-0.675889 -0.590831 0.619888
-0.679154 -0.688051 0.631529
-0.627145 -0.707923 0.654920
-0.639857 -0.663450 0.702924
-0.669011 -0.742141 0.725830
-0.617543 -0.799521 0.731417
-0.590437 -0.734920 0.766072
-0.572798 -0.689808 0.813483
-0.558559 -0.597987 0.798895
-0.551951 -0.492364 0.819214
-0.526758 -0.403834 0.805165
-0.569359 -0.345559 0.836569
-0.567291 -0.281565 0.881895
-0.573802 -0.219489 0.923701
-0.563717 -0.147029 0.965093
-0.615862 -0.164696 1.000000
-0.607342 -0.283291 0.992095
-0.610491 -0.382588 0.974417
-0.627106 -0.379233 0.920162
-0.629656 -0.435591 0.867415
-0.628053 -0.448594 0.803710
-0.631202 -0.462588 0.746472
-0.646812 -0.350064 0.740687
-0.655429 -0.253578 0.735603
-0.715012 -0.255112 0.742592
-0.711437 -0.281406 0.796721
-0.682187 -0.202620 0.811812
-0.722817 -0.135399 0.797009
-0.764799 -0.169265 0.830856
-0.732129 -0.159137 0.877512
-0.722798 -0.061853 0.877278
-0.779927 -0.038115 0.891848
-0.767485 -0.052268 0.948619
-0.724710 0.029744 0.951907
-0.770537 0.097093 0.933456
