1.000000 -0.227306 -0.475657
0.967478 -0.116200 -0.494773
0.940280 -0.012906 -0.513323
0.899370 0.068762 -0.546053
0.871797 0.180904 -0.547940
0.818447 0.225364 -0.567936
0.776550 0.282730 -0.522473
0.741187 0.358398 -0.488642
0.690797 0.375318 -0.467231
0.661311 0.460914 -0.421138
0.606809 0.436871 -0.420761
0.574123 0.451375 -0.350867
0.525094 0.494712 -0.376366
0.478831 0.484310 -0.369480
0.434661 0.500367 -0.380610
0.399777 0.561143 -0.455189
0.357432 0.554366 -0.490371
0.329381 0.625502 -0.551870
0.292643 0.635861 -0.605917
0.264696 0.606337 -0.681942
0.235509 0.658134 -0.744007
0.205006 0.636379 -0.813208
0.182592 0.675530 -0.892503
0.140546 0.723529 -0.937998
0.115725 0.811974 -1.000000
0.086224 0.856736 -0.920486
0.080377 0.960806 -0.854396
0.077147 0.908318 -0.757935
0.081394 0.882074 -0.667762
0.093296 0.801744 -0.601233
0.090246 0.755471 -0.519140
0.109220 0.678163 -0.456666
0.109684 0.566107 -0.413749
0.131619 0.488885 -0.349138
0.114499 0.376656 -0.417805
0.125160 0.258514 -0.472544
0.111658 0.135149 -0.508576
0.130916 0.016489 -0.548820
0.140023 -0.105711 -0.578815
0.186749 -0.097812 -0.560642
0.191399 -0.146286 -0.468457
0.187706 -0.288384 -0.506941
0.196408 -0.347175 -0.588656
0.168387 -0.353693 -0.664272
0.152777 -0.360254 -0.746962
0.136598 -0.320629 -0.825785
0.101744 -0.327621 -0.874141
0.083547 -0.269176 -0.946016
0.032200 -0.231407 -0.940293
0.006078 -0.236414 -0.850498
-0.029868 -0.196702 -0.804436
-0.060924 -0.223205 -0.738442
-0.096197 -0.160228 -0.790602
-0.099501 -0.269780 -0.856786
-0.121182 -0.369923 -0.808241
-0.154123 -0.444857 -0.769380
-0.144419 -0.408814 -0.677634
-0.157128 -0.281953 -0.687916
-0.200162 -0.301032 -0.716527
-0.213454 -0.364570 -0.636541
-0.202808 -0.271248 -0.572464
-0.230769 -0.177839 -0.605980
-0.269287 -0.242112 -0.585858
-0.263396 -0.261708 -0.491535
-0.257684 -0.135020 -0.467734
-0.297427 -0.088056 -0.501156
-0.324312 -0.163854 -0.445222
-0.307446 -0.121552 -0.360551
-0.315834 0.008849 -0.369512
-0.360617 -0.006604 -0.379478
-0.366628 -0.065524 -0.294367
-0.351840 0.035697 -0.241012
-0.380474 0.129192 -0.269812
-0.419365 0.061596 -0.245068
-0.411530 0.016230 -0.153668
-0.390611 0.124272 -0.113801
-0.417645 0.221522 -0.141501
-0.458855 0.172012 -0.112921
-0.451244 0.117711 -0.024917
-0.434332 0.229076 0.017937
-0.469067 0.310183 0.001273
-0.500213 0.243234 0.050573
-0.479190 0.245608 0.135621
-0.478263 0.376397 0.144550
-0.523120 0.401260 0.135936
-0.536039 0.330729 0.212998
-0.511891 0.399016 0.280470
-0.532600 0.513489 0.262077
-0.578145 0.476583 0.274497
-0.572239 0.388181 0.362752
-0.568845 0.366426 0.457672
-0.569907 0.231795 0.455346
-0.522642 0.227133 0.426514
-0.496071 0.267493 0.507475
-0.462533 0.172400 0.530427
-0.421309 0.116372 0.526811
-0.425884 0.053870 0.442078
-0.434931 0.164070 0.389414
-0.391972 0.213191 0.399758
-0.370440 0.110675 0.355520
-0.394275 0.124013 0.273019
-0.379292 0.246083 0.254406
-0.335781 0.214227 0.242018
-0.344184 0.134415 0.166433
-0.364893 0.224716 0.110343
-0.327916 0.303837 0.100533
-0.299386 0.218371 0.058308
-0.327048 0.184055 -0.015265
-0.331669 0.308672 -0.050667
-0.287977 0.332758 -0.073808
-0.285122 0.235033 -0.137476
-0.319423 0.273190 -0.197529
-0.304545 0.409289 -0.215482
-0.254230 0.386455 -0.220984
-0.238246 0.268787 -0.250947
-0.262663 0.232615 -0.329173
-0.247516 0.327017 -0.390263
-0.202614 0.294341 -0.386553
-0.208894 0.167264 -0.413906
-0.227450 0.195191 -0.499206
-0.190697 0.256960 -0.532439
-0.158519 0.163163 -0.518983
-0.179916 0.052316 -0.559919
-0.208550 0.109078 -0.638302
-0.190383 0.219450 -0.679835
-0.140486 0.196573 -0.662291
-0.115889 0.090732 -0.636887
-0.086941 0.160789 -0.570232
-0.097423 0.307765 -0.556586
-0.091591 0.437174 -0.513889
-0.114962 0.570682 -0.522190
-0.110835 0.635948 -0.424754
-0.071854 0.630768 -0.364261
-0.062464 0.639574 -0.269214
-0.103150 0.665170 -0.229662
-0.121721 0.548280 -0.258682
-0.093416 0.464281 -0.219569
-0.100997 0.504381 -0.127855
-0.147454 0.500151 -0.121661
-0.154437 0.371174 -0.144959
-0.126924 0.317262 -0.078053
-0.147185 0.373678 -0.002185
-0.189590 0.329218 -0.012907
-0.178077 0.202314 -0.009574
-0.158653 0.201882 0.078901
-0.194509 0.247032 0.127101
-0.225521 0.155307 0.101476
-0.203855 0.057496 0.145619
-0.203182 0.102128 0.236327
-0.248114 0.115984 0.243716
-0.258835 -0.013122 0.229976
-0.235494 -0.064877 0.303485
-0.253048 0.012086 0.374385
-0.296560 -0.030647 0.359450
-0.289533 -0.159235 0.378441
-0.275298 -0.139120 0.468708
-0.313457 -0.081711 0.501659
-0.340012 -0.186127 0.483894
-0.319811 -0.274313 0.540866
-0.325583 -0.205249 0.623430
-0.370695 -0.196702 0.622707
-0.377648 -0.329823 0.622644
-0.356460 -0.356801 0.704328
-0.382522 -0.281564 0.761048
-0.425540 -0.326974 0.735675
-0.414715 -0.468511 0.757117
-0.384885 -0.477317 0.836852
-0.405788 -0.352743 0.885900
-0.446145 -0.308586 0.925076
-0.422684 -0.235162 1.000000
-0.407119 -0.130272 0.948625
-0.408883 -0.022921 0.898225
-0.409108 0.055294 0.822043
-0.397549 0.152588 0.765858
-0.399658 0.281866 0.735297
-0.392346 0.386023 0.677980
-0.349926 0.410498 0.709893
-0.332028 0.297190 0.676188
-0.340221 0.321880 0.583783
-0.315954 0.432598 0.575922
-0.276120 0.373894 0.601107
-0.276285 0.285017 0.527849
-0.275118 0.371218 0.456855
-0.236092 0.426814 0.482228
-0.211062 0.316744 0.475437
-0.216983 0.289420 0.383188
-0.197934 0.402383 0.351401
-0.157338 0.403073 0.393218
-0.142684 0.287133 0.358633
-0.147574 0.311089 0.263649
-0.120300 0.416886 0.259908
-0.080646 0.362239 0.293644
-0.075682 0.256140 0.233655
-0.073768 0.336643 0.149141
-0.033845 0.400872 0.139268
-0.010669 0.315190 0.086919
-0.038495 0.315708 0.011995
-0.028507 0.445504 -0.009354
0.016784 0.447015 -0.020012
0.012747 0.344326 -0.092673
-0.009069 0.412008 -0.165459
-0.004239 0.410152 -0.280596
0.017337 0.424785 -0.376837
0.033695 0.351276 -0.471318
0.052790 0.283895 -0.547028
0.046001 0.180990 -0.618525
0.063212 0.090344 -0.685400
0.045299 -0.004446 -0.749100
0.063092 0.080632 -0.837009
0.077222 0.176544 -0.897533
0.026967 0.229594 -0.899294
0.014212 0.235076 -0.788244
-0.003850 0.298399 -0.707975
-0.014706 0.282687 -0.602490
-0.032484 0.292701 -0.506658
-0.027879 0.271118 -0.407430
-0.050846 0.247032 -0.310780
-0.022705 0.226961 -0.210105
0.015095 0.173911 -0.165522
0.064184 0.219493 -0.145179
0.109534 0.182371 -0.113078
0.153659 0.161480 -0.103331
0.188753 0.078474 -0.086322
0.195496 0.121984 0.006335
0.148426 0.070488 0.032683
0.139380 -0.057280 0.047649
0.132786 -0.046014 0.143670
0.096122 0.034489 0.139646
0.069342 -0.045237 0.090032
0.069073 -0.149868 0.149078
0.054031 -0.082661 0.227398
0.014661 -0.042345 0.189102
-0.002848 -0.159365 0.165144
-0.002609 -0.212760 0.254091
-0.029658 -0.123451 0.292890
-0.066098 -0.142271 0.237270
-0.071600 -0.269392 0.255003
-0.079585 -0.251522 0.350018
-0.114185 -0.148055 0.350553
-0.141114 -0.186472 0.260159
-0.140038 -0.339103 0.277861
-0.131320 -0.398282 0.362312
-0.157173 -0.328355 0.424125
-0.197859 -0.347779 0.381271
-0.198696 -0.479907 0.377749
-0.194868 -0.501748 0.471349
-0.230545 -0.429577 0.503010
-0.263037 -0.490137 0.450724
-0.256413 -0.612250 0.483737
-0.265773 -0.585531 0.576143
-0.307864 -0.542971 0.562528
-0.325448 -0.652480 0.517065
-0.317329 -0.738853 0.587021
-0.343376 -0.677213 0.655468
-0.382029 -0.676695 0.606357
-0.385348 -0.810506 0.596076
-0.389968 -0.835844 0.686941
-0.429563 -0.765399 0.698417
-0.458286 -0.818967 0.622109
-0.446489 -0.965770 0.629812
-0.433032 -1.000000 0.732216
-0.472387 -0.947641 0.784031
-0.509768 -0.926447 0.836726
-0.548166 -0.873225 0.873921
-0.576351 -0.842837 0.948028
-0.624648 -0.876764 0.935357
-0.655226 -0.835456 0.866721
-0.668907 -0.812060 0.773624
-0.683964 -0.715285 0.713760
-0.683217 -0.636250 0.637641
-0.650695 -0.554539 0.674113
-0.616663 -0.643588 0.672478
-0.618442 -0.671386 0.578815
-0.609650 -0.547676 0.548254
-0.568456 -0.532568 0.590102
-0.548076 -0.635948 0.547091
-0.553384 -0.593689 0.457012
-0.528772 -0.481288 0.467168
-0.489103 -0.539647 0.492195
-0.483496 -0.614365 0.414158
-0.482793 -0.515561 0.351307
-0.445980 -0.454655 0.384823
-0.415746 -0.557733 0.374133
-0.418259 -0.576553 0.280030
-0.401841 -0.453101 0.258241
-0.360691 -0.467173 0.300404
-0.349507 -0.568956 0.241326
-0.352064 -0.502870 0.159611
-0.319856 -0.413908 0.183695
-0.285720 -0.500324 0.196240
-0.286692 -0.554107 0.108991
-0.278931 -0.440368 0.063212
-0.238709 -0.413260 0.101319
-0.217776 -0.522165 0.067991
-0.227405 -0.512453 -0.027810
-0.206591 -0.389865 -0.037745
-0.162885 -0.401778 0.014290
-0.138512 -0.507316 -0.011020
-0.123635 -0.464756 -0.096729
-0.100488 -0.358225 -0.064659
-0.071854 -0.421332 -0.004229
-0.054883 -0.509518 -0.066451
-0.037194 -0.424138 -0.128075
-0.009861 -0.358527 -0.065445
0.016007 -0.461389 -0.042084
0.032006 -0.487806 -0.128610
0.050367 -0.369621 -0.148889
0.079644 -0.353391 -0.068557
0.098604 -0.489403 -0.062678
0.092608 -0.527043 -0.172470
0.105109 -0.491043 -0.261606
0.109101 -0.612466 -0.302762
0.064154 -0.617301 -0.329393
0.065694 -0.503216 -0.395671
0.095659 -0.515172 -0.466570
0.064303 -0.604437 -0.518668
0.021943 -0.528079 -0.534923
-0.008231 -0.463720 -0.593529
-0.041276 -0.445418 -0.506469
-0.037149 -0.361592 -0.431608
-0.071465 -0.279838 -0.455377
-0.105094 -0.366556 -0.451762
-0.098963 -0.394570 -0.357721
-0.107247 -0.275046 -0.321973
-0.151132 -0.263910 -0.355866
-0.167804 -0.366729 -0.307164
-0.159117 -0.321708 -0.217777
-0.183445 -0.208141 -0.229945
-0.224519 -0.266025 -0.243967
-0.225057 -0.323262 -0.157347
-0.223996 -0.209177 -0.106444
-0.262842 -0.152329 -0.141501
-0.294168 -0.241335 -0.107513
-0.304455 -0.196443 -0.019855
-0.338592 -0.113221 -0.040292
-0.368870 -0.206760 -0.065413
-0.371233 -0.269953 0.019446
-0.387591 -0.168602 0.068054
-0.425914 -0.149609 0.018252
-0.443498 -0.271680 0.026552
-0.445323 -0.276773 0.123045
-0.473104 -0.168472 0.136627
-0.508990 -0.200630 0.078398
-0.522462 -0.320672 0.113675
-0.528249 -0.282212 0.213878
-0.553803 -0.175077 0.191744
-0.596926 -0.149955 0.177595
-0.588777 -0.019122 0.187719
-0.571925 0.001295 0.100376
-0.610921 -0.034748 0.055918
-0.636924 0.058834 0.097892
-0.611789 0.163465 0.065350
-0.617785 0.137048 -0.026363
-0.662612 0.150645 -0.023156
-0.662702 0.277550 0.010454
-0.640153 0.332197 -0.064281
-0.668324 0.290197 -0.133735
-0.706169 0.350283 -0.096320
-0.690125 0.475504 -0.101633
-0.682768 0.472785 -0.197937
-0.725263 0.437519 -0.223279
-0.746361 0.543661 -0.181840
-0.722243 0.635343 -0.232806
-0.733322 0.588078 -0.322759
-0.779989 0.590150 -0.311157
-0.781051 0.723874 -0.288960
-0.757934 0.768895 -0.370926
-0.794613 0.720551 -0.435035
-0.829153 0.809729 -0.402525
-0.853540 0.913929 -0.411800
-0.882339 1.000000 -0.357941
-0.927181 0.929469 -0.359891
-0.925836 0.816031 -0.284369
-0.923922 0.856218 -0.185958
-0.970274 0.889498 -0.155240
-0.993346 0.747183 -0.145714
-0.964383 0.632797 -0.090503
-0.962350 0.660767 0.018943
-1.000000 0.577200 0.054975
-0.981444 0.436958 0.082832
-0.951988 0.361333 0.167440
-0.927092 0.307895 0.250318
-0.901553 0.263003 0.327632
-0.879722 0.121336 0.322287
-0.830753 0.078215 0.338291
-0.793940 0.127768 0.418591
-0.804870 0.069754 0.512506
-0.763407 -0.026719 0.539011
-0.720717 -0.016791 0.599409
-0.693220 0.061510 0.673641
-0.690558 0.069970 0.766487
-0.643772 0.057323 0.824527
-0.602458 0.085553 0.863577
