0.089937 0.179951 -1.000000
0.088338 0.166065 -0.934740
0.074083 0.177814 -0.867270
0.108258 0.182217 -0.818719
0.126503 0.193618 -0.758488
0.162916 0.201944 -0.713567
0.187938 0.188648 -0.658586
0.224900 0.204713 -0.618126
0.239307 0.134110 -0.613468
0.255679 0.100869 -0.666043
0.301504 0.115429 -0.662500
0.308525 0.088684 -0.597874
0.290143 0.028173 -0.608853
0.321820 0.011738 -0.658739
0.359437 0.015269 -0.616858
0.346431 -0.027912 -0.567715
0.329937 -0.076303 -0.620882
0.364203 -0.109217 -0.658105
0.389789 -0.160921 -0.683452
0.433710 -0.129315 -0.665015
0.438005 -0.138339 -0.597590
0.461275 -0.162927 -0.538869
0.436939 -0.106514 -0.493488
0.427771 -0.048358 -0.460705
0.417065 0.019476 -0.456178
0.415603 0.065905 -0.407101
0.410029 0.118241 -0.446752
0.368498 0.099801 -0.473739
0.345502 0.093937 -0.415259
0.350147 0.160071 -0.398944
0.330242 0.187601 -0.452197
0.287995 0.160769 -0.435620
0.282132 0.191438 -0.375565
0.284249 0.255174 -0.397916
0.248201 0.247109 -0.441918
0.215260 0.239807 -0.394570
0.220027 0.300840 -0.364455
0.215214 0.340294 -0.425560
0.168962 0.316120 -0.450666
0.124950 0.304611 -0.467200
0.125559 0.235949 -0.463789
0.161820 0.195340 -0.451541
0.137361 0.140497 -0.435336
0.115705 0.129533 -0.495456
0.154677 0.127811 -0.534954
0.176669 0.079725 -0.500662
0.145128 0.031073 -0.505057
0.146682 0.027629 -0.572396
0.191624 0.011237 -0.577316
0.189050 -0.044478 -0.540093
0.155637 -0.079986 -0.573533
0.182151 -0.085676 -0.629258
0.216113 -0.124890 -0.592275
0.189324 -0.175264 -0.570690
0.179136 -0.191743 -0.639274
0.217194 -0.222391 -0.669083
0.244683 -0.273179 -0.693972
0.279619 -0.259992 -0.646273
0.297316 -0.265485 -0.582434
0.321576 -0.208178 -0.581494
0.285361 -0.166828 -0.582609
0.264938 -0.191939 -0.526206
0.300301 -0.177095 -0.483625
0.300240 -0.111092 -0.494800
0.255846 -0.101937 -0.474724
0.265745 -0.121533 -0.410010
0.297346 -0.073578 -0.396975
0.267756 -0.023095 -0.409310
0.236444 -0.038527 -0.362661
0.264908 -0.031073 -0.310107
0.275233 0.033122 -0.321698
0.231510 0.056881 -0.315990
0.224474 0.037612 -0.252458
0.260567 0.070047 -0.222124
0.256958 0.137380 -0.254601
0.209016 0.158850 -0.256613
0.170348 0.142982 -0.219434
0.125741 0.160943 -0.233124
0.128696 0.160311 -0.301337
0.135214 0.088270 -0.299544
0.100567 0.065186 -0.261709
0.066210 0.080052 -0.307242
0.082779 0.036217 -0.356494
0.080541 -0.018931 -0.315334
0.033360 -0.004436 -0.297838
0.008947 -0.031007 -0.357981
-0.011978 -0.064249 -0.409310
0.026461 -0.066951 -0.447583
0.052564 -0.104661 -0.407101
0.021892 -0.155559 -0.399578
0.025288 -0.170992 -0.468578
0.071220 -0.181476 -0.475730
0.076185 -0.231110 -0.430787
0.047965 -0.271893 -0.463679
0.072941 -0.273593 -0.521045
0.113390 -0.298137 -0.500005
0.093988 -0.354790 -0.471509
0.066880 -0.379334 -0.524172
0.102243 -0.382473 -0.571346
0.147017 -0.392281 -0.558377
0.187040 -0.366342 -0.546851
0.226012 -0.381993 -0.517611
0.239246 -0.393677 -0.454778
0.258298 -0.332578 -0.442706
0.216996 -0.299249 -0.446599
0.195553 -0.331706 -0.396625
0.228037 -0.318562 -0.349189
0.228281 -0.251534 -0.350392
0.181907 -0.245082 -0.338342
0.182974 -0.274836 -0.277280
0.211392 -0.231960 -0.247515
0.185136 -0.177357 -0.255760
0.149195 -0.198784 -0.219871
0.171079 -0.206609 -0.161019
0.187192 -0.145205 -0.153320
0.144199 -0.114906 -0.155945
0.123290 -0.145881 -0.102757
0.156215 -0.111724 -0.059388
0.156322 -0.047966 -0.076688
0.104999 -0.044478 -0.070783
0.083419 -0.053938 -0.010946
0.074175 0.017645 -0.002067
0.041432 0.022833 -0.062078
0.001226 0.018408 -0.096611
0.019273 0.028609 -0.159094
0.040426 -0.040990 -0.158219
0.009648 -0.092673 -0.164452
0.021146 -0.116040 -0.226104
0.054209 -0.159548 -0.205284
0.028273 -0.198021 -0.164015
-0.004470 -0.211187 -0.211582
0.025121 -0.242641 -0.254426
0.037655 -0.291249 -0.212763
-0.004576 -0.316600 -0.201478
-0.015252 -0.329591 -0.265689
0.023369 -0.371879 -0.273978
0.011780 -0.417698 -0.227744
-0.029050 -0.435441 -0.258406
-0.003906 -0.457391 -0.315925
0.045376 -0.474589 -0.304202
0.081652 -0.431953 -0.282507
0.126077 -0.420139 -0.259609
0.162460 -0.391017 -0.211014
0.192751 -0.372162 -0.162965
0.213143 -0.340250 -0.112445
0.237038 -0.297026 -0.075332
0.286472 -0.297832 -0.082374
0.303575 -0.318344 -0.145163
0.340933 -0.312153 -0.182408
0.364889 -0.330485 -0.240473
0.396764 -0.376042 -0.255345
0.417613 -0.412335 -0.309473
0.435827 -0.479799 -0.318987
0.434578 -0.559121 -0.304858
0.417765 -0.625037 -0.317018
0.385037 -0.683149 -0.302759
0.349324 -0.721230 -0.265186
0.311433 -0.730276 -0.213441
0.283015 -0.719704 -0.158307
0.274898 -0.700958 -0.094118
0.309286 -0.669177 -0.041827
0.347116 -0.618236 -0.041149
0.356512 -0.586542 0.016676
0.382448 -0.637810 0.043204
0.417095 -0.641734 -0.007425
0.439634 -0.584907 0.003882
0.450843 -0.597790 0.068311
0.475073 -0.654987 0.055911
0.506172 -0.628764 0.011274
0.522528 -0.582095 0.055539
0.537255 -0.620612 0.104659
0.566343 -0.656643 0.063303
0.593847 -0.603523 0.045457
0.607554 -0.591556 0.108837
0.626362 -0.652131 0.122199
0.657902 -0.650802 0.073013
0.679437 -0.594498 0.094271
0.691788 -0.621091 0.155004
0.717571 -0.672992 0.129504
0.749172 -0.635696 0.095933
0.765300 -0.600122 0.148159
0.780971 -0.659826 0.181249
0.812907 -0.684087 0.124824
0.845924 -0.632971 0.105884
0.882886 -0.641102 0.154523
0.912416 -0.679749 0.097530
0.939692 -0.663357 0.035528
0.957617 -0.613353 -0.019825
0.974948 -0.562565 -0.068377
0.980811 -0.513912 -0.120122
0.971445 -0.450372 -0.170532
0.984314 -0.372991 -0.167733
1.000000 -0.297418 -0.168498
0.987893 -0.225835 -0.174841
0.973379 -0.157521 -0.135431
0.960906 -0.098754 -0.095233
0.935229 -0.093915 -0.024965
0.919406 -0.081142 0.039727
0.883221 -0.125805 0.078109
0.861808 -0.160594 0.127820
0.834487 -0.217551 0.140067
0.794875 -0.199961 0.180024
0.750390 -0.192201 0.191987
0.718348 -0.143091 0.203184
0.683366 -0.119658 0.239970
0.635880 -0.095594 0.248980
0.602970 -0.038353 0.273847
0.565901 0.005504 0.308030
0.538717 0.050647 0.339938
0.508776 0.076128 0.392033
0.533341 0.147646 0.390546
0.559810 0.200854 0.407517
0.609503 0.235665 0.404367
0.646678 0.281092 0.430918
0.687615 0.309123 0.447014
0.724272 0.330311 0.494319
0.764401 0.301211 0.454122
0.795317 0.276776 0.407604
0.776981 0.208593 0.420836
0.729572 0.211906 0.389343
0.683061 0.201443 0.354744
0.645429 0.218707 0.314919
0.590847 0.197323 0.311004
0.544717 0.161880 0.296089
0.511136 0.122056 0.278505
0.532412 0.077720 0.230391
0.579501 0.068325 0.226782
0.624870 0.040664 0.211451
0.666141 0.002343 0.238198
0.712286 -0.021111 0.249833
0.745167 -0.058734 0.283951
0.791494 -0.060521 0.317456
0.774072 -0.070069 0.393542
0.766396 -0.116171 0.455631
0.790352 -0.107844 0.516364
0.746644 -0.079115 0.544074
0.701732 -0.070810 0.567934
0.699478 0.001515 0.550460
0.734095 0.008207 0.490448
0.739760 0.020152 0.418802
0.753512 0.023356 0.349189
0.740445 0.065077 0.282726
0.712271 0.083823 0.219193
0.693219 0.142611 0.174141
0.689092 0.207437 0.149056
0.724653 0.233202 0.198788
0.753817 0.171384 0.231419
0.775397 0.157237 0.300200
0.756330 0.126503 0.371016
0.723876 0.120378 0.425735
0.684021 0.076848 0.461886
0.649891 0.035628 0.485396
0.624748 -0.021918 0.485571
0.581374 0.009362 0.494625
0.577735 0.032097 0.425188
0.574308 -0.041296 0.395991
0.570653 -0.098732 0.343131
0.563251 -0.155603 0.302715
0.523183 -0.133587 0.269954
0.509461 -0.123146 0.203097
0.457453 -0.139908 0.211626
0.434868 -0.079703 0.232490
0.396429 -0.042102 0.225011
0.367721 -0.007880 0.266039
0.360168 -0.008011 0.342716
0.342562 0.041862 0.393214
0.318637 -0.010256 0.448217
0.346156 -0.044849 0.511837
0.348212 -0.044674 0.585233
0.349278 -0.115822 0.625846
0.374696 -0.173433 0.654824
0.397875 -0.216832 0.696180
0.409846 -0.296306 0.692834
0.432675 -0.347160 0.721200
0.445315 -0.424302 0.705016
0.464489 -0.491504 0.708209
0.447051 -0.566314 0.682621
0.432157 -0.625713 0.647366
0.413775 -0.678288 0.614364
0.376448 -0.706843 0.561460
0.351258 -0.743071 0.508010
0.317144 -0.716434 0.462323
0.288285 -0.715955 0.409135
0.274715 -0.674910 0.358987
0.242048 -0.662878 0.314525
0.218580 -0.621724 0.276580
0.184527 -0.577409 0.269319
0.141336 -0.559905 0.260550
0.107908 -0.516463 0.251998
0.076718 -0.474044 0.274153
0.025395 -0.467265 0.296198
-0.017978 -0.463930 0.317346
-0.041888 -0.497172 0.380004
-0.076703 -0.515634 0.421535
-0.054681 -0.569932 0.449967
-0.023385 -0.526817 0.483865
-0.052290 -0.487821 0.518923
-0.074358 -0.538304 0.550810
-0.035264 -0.561213 0.581362
-0.024436 -0.507003 0.615545
-0.065509 -0.503537 0.648110
-0.064428 -0.564592 0.677613
-0.025410 -0.551927 0.712998
-0.038264 -0.496431 0.745738
-0.075850 -0.526337 0.777603
-0.047325 -0.575186 0.814126
-0.021755 -0.534969 0.859463
-0.000937 -0.511885 0.917943
0.023354 -0.465042 0.954510
0.040487 -0.518969 1.000000
0.075835 -0.548876 0.965773
0.124660 -0.573551 0.955276
0.129473 -0.586913 0.887719
0.134544 -0.586804 0.822218
0.122650 -0.599316 0.758926
0.121005 -0.626955 0.698455
0.128544 -0.633146 0.634135
0.083952 -0.617538 0.616551
0.090668 -0.551622 0.633872
0.127264 -0.535884 0.595031
0.105669 -0.553170 0.537294
0.069682 -0.509618 0.545058
0.095770 -0.453511 0.548907
0.117335 -0.456694 0.489705
0.076992 -0.455059 0.455478
0.062174 -0.394832 0.479404
0.098785 -0.359171 0.456856
0.091795 -0.374691 0.390414
0.048528 -0.343694 0.385953
0.052351 -0.277146 0.390567
0.065022 -0.262149 0.327144
0.026522 -0.291424 0.299107
-0.004455 -0.249856 0.327319
0.012450 -0.192702 0.302387
0.006952 -0.209595 0.237739
-0.040107 -0.219579 0.242354
-0.050722 -0.157150 0.261184
-0.033299 -0.126350 0.206880
-0.060925 -0.158763 0.162878
-0.102045 -0.135810 0.190259
-0.095420 -0.068870 0.188247
-0.091171 -0.067518 0.121652
-0.133722 -0.093065 0.106956
-0.158576 -0.046876 0.139914
-0.143027 0.005112 0.102516
-0.156718 -0.017187 0.042023
-0.202604 -0.025100 0.058448
-0.210158 0.039443 0.075725
-0.198934 0.066210 0.015976
-0.230657 0.031334 -0.019038
-0.268669 0.054745 0.012608
-0.262821 0.117675 -0.006200
-0.263004 0.107495 -0.073166
-0.307184 0.083147 -0.073932
-0.328597 0.138273 -0.050050
-0.313733 0.180125 -0.098273
-0.332420 0.145336 -0.150346
-0.377209 0.150938 -0.127295
-0.378641 0.217791 -0.129373
-0.367691 0.225246 -0.194371
-0.404150 0.190980 -0.217356
-0.437441 0.228755 -0.190543
-0.424679 0.285233 -0.221927
-0.427954 0.263980 -0.287253
-0.473931 0.244406 -0.284301
-0.488993 0.310540 -0.263655
-0.475089 0.348577 -0.319096
-0.485597 0.381688 -0.375215
-0.471586 0.410679 -0.432514
-0.449808 0.465805 -0.463373
-0.473931 0.491810 -0.523778
-0.487181 0.560864 -0.516692
-0.450615 0.598596 -0.547398
-0.455686 0.587785 -0.618804
-0.499501 0.621113 -0.634813
-0.478119 0.693133 -0.636475
-0.469987 0.704773 -0.712517
-0.497323 0.763147 -0.744426
-0.509065 0.820540 -0.779134
-0.537072 0.873072 -0.804306
-0.570455 0.896984 -0.846647
-0.592614 0.948427 -0.880370
-0.647424 0.969374 -0.886582
-0.696021 1.000000 -0.889490
-0.751091 0.998997 -0.894652
-0.795500 0.951980 -0.915013
-0.849168 0.938792 -0.889053
-0.888155 0.899208 -0.866046
-0.912279 0.835384 -0.827948
-0.955347 0.804606 -0.806121
-0.968110 0.723344 -0.789063
-0.984618 0.654006 -0.777231
-0.996056 0.585038 -0.800698
-1.000000 0.500877 -0.802907
-0.988395 0.422537 -0.803541
-0.984268 0.343302 -0.808921
-0.957312 0.274182 -0.827029
-0.948083 0.192506 -0.819112
-0.901542 0.145336 -0.833984
-0.883389 0.071725 -0.805706
-0.850828 0.033863 -0.757745
-0.852747 -0.018168 -0.694015
-0.864626 -0.072859 -0.640390
-0.863606 -0.097228 -0.563604
-0.889328 -0.127157 -0.498409
-0.886556 -0.129445 -0.416637
-0.907893 -0.136551 -0.352032
-0.912553 -0.145859 -0.276362
-0.903111 -0.168507 -0.207208
-0.888917 -0.153009 -0.128104
-0.893151 -0.169182 -0.063019
-0.871951 -0.190784 0.005457
-0.892039 -0.214369 0.068071
-0.875941 -0.257398 0.128148
-0.882505 -0.290094 0.189953
-0.862692 -0.314311 0.258494
-0.870504 -0.330354 0.328500
-0.842193 -0.331728 0.395291
-0.834822 -0.333253 0.472055
-0.794951 -0.326300 0.517458
-0.770539 -0.276732 0.574539
-0.752477 -0.238782 0.638706
-0.706819 -0.205803 0.669149
-0.684599 -0.178163 0.721922
-0.644165 -0.122165 0.735372
-0.631129 -0.042080 0.749172
-0.614072 0.030680 0.764087
-0.568825 0.081033 0.759363
-0.559063 0.163036 0.768855
-0.558485 0.233071 0.750856
-0.532397 0.298355 0.737384
-0.513710 0.363007 0.692572
-0.509614 0.430166 0.664359
-0.495024 0.505891 0.656814
-0.483632 0.570434 0.635994
-0.480708 0.630421 0.577666
-0.480784 0.692871 0.539525
-0.466347 0.742286 0.474308
-0.457483 0.787146 0.421011
-0.453326 0.809249 0.339851
-0.449107 0.845760 0.280145
-0.436040 0.855373 0.197870
-0.420811 0.867100 0.119356
-0.388982 0.880723 0.059629
-0.372351 0.874576 -0.021225
-0.352507 0.863983 -0.088738
-0.316078 0.868844 -0.142604
-0.286092 0.843297 -0.211233
-0.257186 0.837041 -0.275793
-0.208330 0.822676 -0.314547
-0.182501 0.806851 -0.379457
-0.130447 0.796672 -0.411475
-0.093638 0.777620 -0.462739
-0.047980 0.782067 -0.494604
0.006084 0.757196 -0.515621
0.050950 0.744640 -0.540531
0.107938 0.724260 -0.533379
0.160129 0.711486 -0.530449
0.213219 0.711312 -0.516977
0.266339 0.730799 -0.490951
0.309713 0.722821 -0.448064
0.340263 0.728009 -0.388118
0.379874 0.709328 -0.331474
0.400419 0.697754 -0.264661
0.413394 0.676501 -0.193999
0.419197 0.670158 -0.126333
0.404896 0.646072 -0.052630
0.406526 0.629854 0.017070
0.367051 0.614705 0.074085
0.349172 0.601975 0.137311
0.302920 0.596002 0.180942
0.273238 0.588308 0.234327
0.219357 0.576995 0.255563
0.185684 0.574030 0.310042
0.133630 0.545802 0.313432
0.095237 0.545323 0.365985
0.045026 0.544146 0.375083
-0.008049 0.512365 0.377270
-0.056707 0.493292 0.377467
-0.105304 0.448672 0.368522
-0.135991 0.389600 0.358615
-0.167546 0.336218 0.365176
-0.199695 0.275904 0.352470
-0.231829 0.228625 0.369091
-0.253592 0.162643 0.352360
-0.286610 0.115604 0.363252
-0.297864 0.041884 0.347440
-0.337521 0.007793 0.366948
-0.360883 -0.036522 0.319293
-0.368361 -0.102569 0.280889
-0.395058 -0.153728 0.258078
-0.407759 -0.205214 0.220199
-0.436650 -0.214173 0.154130
-0.456691 -0.253779 0.109668
-0.478683 -0.252319 0.036075
-0.500278 -0.266727 -0.024484
-0.491673 -0.267534 -0.105337
-0.485703 -0.298944 -0.175650
-0.477007 -0.316229 -0.241435
-0.445376 -0.323074 -0.304815
-0.423796 -0.358234 -0.366970
-0.374102 -0.382058 -0.383088
-0.347649 -0.453424 -0.391792
-0.322840 -0.516811 -0.406861
-0.288574 -0.571676 -0.382016
-0.271822 -0.640208 -0.366401
-0.267177 -0.696381 -0.312251
-0.265456 -0.756956 -0.274393
-0.275690 -0.808290 -0.221993
-0.266522 -0.854544 -0.160756
-0.272401 -0.885257 -0.092172
-0.278553 -0.913420 -0.028245
-0.276802 -0.953571 0.034150
-0.291909 -0.980251 0.097070
-0.289869 -0.986246 0.174753
-0.306697 -1.000000 0.241807
-0.310520 -0.978726 0.317762
-0.329496 -0.971358 0.382454
-0.340080 -0.930487 0.453466
-0.348182 -0.876538 0.504620
-0.369579 -0.837411 0.552341
-0.369442 -0.794296 0.621078
-0.388022 -0.745534 0.672561
-0.375854 -0.727050 0.751577
-0.351243 -0.661395 0.785389
