-0.520968 -0.437859 -0.933178
-0.496163 -0.505162 -0.894734
-0.511190 -0.573721 -0.851528
-0.506980 -0.535614 -0.784264
-0.571695 -0.483817 -0.795287
-0.625699 -0.548130 -0.807046
-0.617307 -0.585511 -0.739561
-0.635211 -0.517007 -0.697950
-0.709543 -0.500803 -0.727311
-0.744072 -0.575509 -0.710666
-0.735014 -0.567771 -0.634761
-0.773432 -0.492170 -0.625285
-0.846646 -0.517035 -0.665889
-0.869638 -0.599480 -0.686756
-0.843529 -0.643147 -0.753750
-0.845047 -0.725648 -0.774960
-0.845021 -0.710394 -0.850473
-0.767731 -0.677763 -0.848091
-0.724863 -0.740204 -0.817970
-0.741781 -0.799796 -0.868614
-0.706400 -0.755905 -0.926255
-0.629563 -0.750178 -0.897778
-0.623568 -0.844078 -0.887713
-0.633266 -0.896406 -0.948275
-0.546251 -0.885314 -0.970468
-0.499307 -0.920265 -0.904750
-0.456813 -0.955383 -0.848460
-0.430277 -0.958791 -0.778078
-0.375180 -0.894534 -0.787799
-0.429584 -0.833154 -0.803977
-0.471333 -0.838853 -0.740469
-0.409868 -0.823571 -0.693261
-0.395455 -0.745596 -0.719332
-0.468375 -0.705002 -0.712581
-0.476288 -0.721206 -0.634418
-0.401583 -0.682819 -0.610802
-0.411414 -0.597664 -0.628379
-0.411174 -0.506167 -0.624009
-0.461901 -0.427019 -0.617700
-0.444743 -0.383380 -0.556229
-0.436751 -0.460600 -0.512017
-0.494938 -0.528518 -0.548079
-0.551074 -0.594759 -0.567006
-0.620531 -0.637700 -0.574371
-0.632094 -0.653764 -0.500724
-0.638674 -0.572660 -0.477403
-0.704748 -0.554863 -0.520658
-0.754862 -0.614511 -0.496109
-0.752091 -0.588305 -0.422830
-0.777695 -0.506279 -0.430269
-0.851788 -0.530920 -0.473278
-0.886423 -0.614846 -0.476912
-0.866708 -0.684244 -0.523456
-0.880135 -0.768450 -0.523088
-0.857622 -0.785352 -0.594329
-0.779800 -0.757945 -0.581466
-0.759658 -0.812815 -0.527188
-0.774338 -0.884728 -0.565067
-0.724010 -0.869501 -0.622290
-0.653781 -0.861986 -0.583405
-0.657910 -0.942168 -0.550018
-0.682448 -1.000000 -0.607929
-0.641552 -0.963597 -0.675562
-0.566393 -0.924204 -0.642371
-0.530639 -0.915236 -0.574886
-0.523392 -0.855812 -0.522474
-0.497069 -0.820303 -0.458132
-0.523152 -0.793063 -0.387676
-0.451031 -0.739310 -0.369338
-0.446582 -0.665246 -0.407095
-0.430943 -0.579784 -0.398478
-0.459077 -0.481023 -0.406849
-0.509751 -0.409250 -0.423199
-0.577130 -0.352536 -0.385762
-0.650397 -0.299091 -0.367080
-0.685592 -0.240141 -0.305438
-0.691453 -0.153980 -0.308727
-0.608062 -0.146605 -0.335485
-0.560425 -0.224328 -0.320511
-0.496403 -0.286155 -0.317025
-0.474636 -0.377848 -0.313293
-0.413891 -0.445458 -0.305168
-0.438589 -0.530557 -0.308162
-0.511776 -0.567771 -0.324758
-0.568445 -0.631246 -0.333841
-0.645175 -0.658234 -0.340911
-0.665237 -0.650523 -0.267804
-0.659775 -0.565508 -0.265374
-0.715005 -0.544750 -0.318915
-0.778974 -0.584953 -0.285995
-0.775883 -0.540922 -0.218559
-0.789071 -0.462724 -0.248140
-0.859514 -0.483901 -0.291101
-0.911733 -0.556148 -0.277599
-0.900650 -0.644125 -0.303253
-0.924282 -0.722883 -0.284522
-0.903741 -0.764091 -0.348325
-0.823067 -0.746770 -0.340076
-0.812410 -0.786581 -0.275414
-0.833937 -0.863355 -0.301731
-0.778867 -0.871178 -0.356598
-0.711169 -0.863970 -0.314202
-0.725609 -0.931524 -0.268909
-0.730458 -0.990864 -0.324291
-0.646800 -0.968542 -0.344716
-0.595673 -0.932166 -0.285430
-0.588853 -0.864696 -0.242347
-0.567299 -0.814436 -0.183380
-0.593808 -0.767416 -0.124046
-0.508739 -0.725676 -0.119799
-0.486119 -0.671924 -0.174666
-0.447221 -0.585372 -0.192783
-0.406778 -0.510637 -0.199043
-0.352267 -0.452331 -0.171621
-0.400863 -0.445234 -0.101853
-0.452603 -0.508961 -0.080447
-0.527389 -0.543884 -0.116681
-0.600469 -0.588249 -0.117589
-0.679304 -0.605627 -0.123825
-0.698540 -0.574532 -0.056462
-0.679437 -0.492087 -0.069277
-0.734721 -0.482671 -0.124512
-0.801700 -0.499518 -0.084743
-0.786007 -0.435735 -0.033558
-0.791736 -0.367092 -0.080668
-0.870571 -0.390252 -0.115576
-0.926307 -0.455544 -0.085995
-0.927452 -0.547180 -0.092697
-0.961315 -0.612555 -0.055039
-0.948527 -0.676031 -0.106027
-0.866548 -0.668599 -0.099374
-0.859621 -0.685641 -0.027740
-0.889007 -0.764063 -0.029925
-0.838733 -0.798623 -0.080766
-0.768157 -0.785799 -0.045145
-0.787180 -0.830472 0.017749
-0.797863 -0.905513 -0.017577
-0.713060 -0.894338 -0.045636
-0.656125 -0.848660 -0.002774
-0.645521 -0.770992 0.022413
-0.609527 -0.706008 0.064883
-0.612991 -0.638957 0.115306
-0.523099 -0.621188 0.120830
-0.501918 -0.574951 0.062011
-0.457532 -0.498177 0.045415
-0.413332 -0.431154 0.019565
-0.359487 -0.366868 0.033632
-0.411494 -0.344769 0.100160
-0.470187 -0.404249 0.130551
-0.544040 -0.431070 0.097852
-0.621756 -0.476581 0.098662
-0.702909 -0.486555 0.100675
-0.717616 -0.432886 0.158340
-0.690334 -0.359968 0.129569
-0.739729 -0.357872 0.069572
-0.811185 -0.360415 0.105879
-0.797357 -0.286463 0.144397
-0.786567 -0.232375 0.086879
-0.862391 -0.253915 0.052682
-0.927053 -0.301214 0.088499
-0.937896 -0.390169 0.095544
-0.981910 -0.439787 0.142457
-0.975329 -0.516616 0.107991
-0.893110 -0.518404 0.115159
-0.885544 -0.512202 0.188781
-0.928358 -0.582801 0.203265
-0.883626 -0.640214 0.166761
-0.813982 -0.627530 0.204738
-0.844514 -0.651585 0.272149
-0.866708 -0.731320 0.250767
-0.780732 -0.746434 0.231079
-0.718255 -0.695168 0.268884
-0.689295 -0.616914 0.274923
-0.651223 -0.549471 0.308555
-0.662706 -0.475380 0.347097
-0.570789 -0.465769 0.356671
-0.529573 -0.438306 0.299448
-0.462807 -0.390616 0.256242
-0.411653 -0.339545 0.217773
-0.351575 -0.282495 0.216472
-0.401902 -0.229776 0.267043
-0.469361 -0.267353 0.307352
-0.540923 -0.292218 0.279588
-0.628337 -0.321637 0.279759
-0.709117 -0.319066 0.277648
-0.711675 -0.243913 0.318473
-0.682688 -0.194435 0.262403
-0.736639 -0.213544 0.208862
-0.799515 -0.186305 0.250276
-0.775484 -0.105117 0.259089
-0.778547 -0.090198 0.180705
-0.860686 -0.108805 0.168676
-0.927879 -0.118164 0.223076
-0.954015 -0.193233 0.258868
-1.000000 -0.227122 0.314864
-0.996323 -0.309595 0.292034
-0.915783 -0.317558 0.300822
-0.910774 -0.296604 0.372677
-0.955773 -0.363683 0.396956
-0.910934 -0.425873 0.367743
-0.840971 -0.412323 0.403093
-0.872622 -0.420956 0.473254
-0.894576 -0.503094 0.463901
-0.809932 -0.521393 0.448656
-0.749454 -0.468730 0.479023
-0.720600 -0.390252 0.472370
-0.661294 -0.318088 0.484227
-0.616108 -0.244863 0.503253
-0.544653 -0.223434 0.464146
-0.474983 -0.196251 0.421947
-0.418367 -0.167866 0.368897
-0.356130 -0.113945 0.343808
-0.399105 -0.042787 0.381957
-0.465578 -0.058404 0.432724
-0.541829 -0.089667 0.411808
-0.627564 -0.108721 0.411980
-0.705813 -0.103357 0.394305
-0.713380 -0.023342 0.421996
-0.663772 0.011944 0.369559
-0.704295 -0.012698 0.308187
-0.771674 0.033260 0.325666
-0.733815 0.112018 0.327998
-0.707572 0.112465 0.255088
-0.783769 0.096093 0.222340
-0.862285 0.102351 0.263557
-0.904567 0.042899 0.310863
-0.965471 0.048151 0.362023
-0.977540 -0.036166 0.372530
-0.902595 -0.046391 0.405499
-0.905659 0.011580 0.460218
-0.973357 -0.016972 0.494391
-0.940507 -0.095618 0.509144
-0.865136 -0.077626 0.541721
-0.893883 -0.034741 0.603461
-0.923776 -0.121516 0.629950
-0.858981 -0.181416 0.636259
-0.798263 -0.225753 0.672272
-0.732483 -0.197787 0.628109
-0.732749 -0.109531 0.656757
-0.710343 -0.033037 0.691739
-0.707305 0.050470 0.702393
-0.650903 0.066199 0.648410
-0.694117 0.039295 0.588609
-0.757367 0.093411 0.595851
-0.713300 0.164038 0.586645
-0.680050 0.147136 0.520388
-0.750280 0.138447 0.482533
-0.776976 0.219523 0.492918
-0.712501 0.259055 0.461446
-0.714899 0.218154 0.394354
-0.789737 0.244444 0.377366
-0.769382 0.326777 0.374494
-0.715591 0.317669 0.317933
-0.771141 0.287636 0.268786
-0.817419 0.359185 0.267068
-0.762002 0.409921 0.235694
-0.736239 0.359940 0.171842
-0.804471 0.306466 0.148423
-0.874114 0.360023 0.166982
-0.886796 0.438976 0.193986
-0.906218 0.437691 0.278802
-0.916316 0.484320 0.343955
-0.976741 0.437971 0.375819
-0.932115 0.366310 0.378004
-0.873102 0.396287 0.421529
-0.918607 0.418163 0.480594
-0.943811 0.339266 0.496895
-0.867560 0.307304 0.512974
-0.847232 0.365388 0.565337
-0.907844 0.343261 0.612569
-0.883253 0.263190 0.622683
-0.808307 0.282803 0.649589
-0.831193 0.331052 0.707033
-0.872942 0.271013 0.741991
-0.808494 0.214941 0.749699
-0.764214 0.265062 0.796907
-0.833271 0.288642 0.849687
-0.874487 0.224971 0.885136
-0.803218 0.228826 0.938849
-0.760351 0.263805 0.996809
-0.705574 0.191222 1.000000
-0.695609 0.188344 0.910568
-0.650264 0.234833 0.860415
-0.618932 0.255731 0.787357
-0.557068 0.301912 0.754805
-0.494512 0.336416 0.714570
-0.423989 0.370333 0.695618
-0.363803 0.428444 0.684227
-0.307987 0.471105 0.644654
-0.234987 0.509604 0.629238
-0.271754 0.548968 0.553995
-0.297837 0.594619 0.492034
-0.312890 0.609817 0.414312
-0.313689 0.655328 0.350608
-0.371370 0.609985 0.313490
-0.428625 0.643092 0.370836
-0.411787 0.709361 0.415785
-0.423243 0.666643 0.481404
-0.475889 0.607275 0.501559
-0.535754 0.558411 0.553823
-0.591171 0.516365 0.591752
-0.652875 0.501669 0.638247
-0.686737 0.500217 0.721051
-0.778174 0.530334 0.707303
-0.849790 0.568357 0.691837
-0.818724 0.646193 0.672837
-0.776682 0.619819 0.613232
-0.841424 0.584645 0.576482
-0.880828 0.659966 0.565607
-0.823040 0.700951 0.524242
-0.828129 0.660972 0.456045
-0.887835 0.701119 0.417921
-0.833991 0.767611 0.395434
-0.771594 0.700951 0.361974
-0.741355 0.655943 0.303498
-0.660788 0.659100 0.327507
-0.669580 0.614595 0.390279
-0.694943 0.542571 0.358512
-0.619945 0.529160 0.324733
-0.577849 0.520919 0.389002
-0.618106 0.453448 0.414337
-0.594101 0.398801 0.360525
-0.513081 0.402294 0.378446
-0.514414 0.380474 0.450914
-0.551234 0.305544 0.441659
-0.498188 0.269476 0.395066
-0.432168 0.275455 0.440064
-0.459850 0.230503 0.498785
-0.485400 0.155377 0.461102
-0.420605 0.142945 0.407708
-0.352214 0.192898 0.387161
-0.290883 0.191334 0.331533
-0.311691 0.112185 0.296772
-0.382320 0.131435 0.257985
-0.421991 0.163228 0.198650
-0.472292 0.219383 0.233779
-0.419460 0.278696 0.250374
-0.398332 0.298085 0.178863
-0.472612 0.310406 0.149282
-0.498561 0.378546 0.192905
-0.438909 0.429813 0.172898
-0.458704 0.427661 0.098981
-0.534156 0.455488 0.103866
-0.514387 0.531284 0.132736
-0.470906 0.556260 0.074015
-0.531625 0.555366 0.023886
-0.576784 0.615545 0.057641
-0.517930 0.676729 0.044925
-0.518410 0.673544 -0.029901
-0.597298 0.695922 -0.040604
-0.579048 0.777921 -0.003584
-0.494938 0.803540 0.006211
-0.445623 0.757749 0.058942
-0.364976 0.739841 0.056880
-0.347978 0.738975 0.129937
-0.393537 0.668320 0.145575
-0.354985 0.616634 0.099890
-0.280572 0.621579 0.129839
-0.298742 0.593083 0.199018
-0.328955 0.515890 0.178790
-0.265146 0.488008 0.138603
-0.210316 0.490829 0.193666
-0.249587 0.433975 0.237683
-0.249640 0.368908 0.188536
-0.167741 0.365248 0.181588
-0.150397 0.347954 0.253639
-0.193211 0.275679 0.254400
-0.151250 0.235113 0.199484
-0.074759 0.240700 0.228968
-0.096899 0.195441 0.295913
-0.147360 0.119226 0.262600
-0.105931 0.093830 0.191089
-0.059733 0.078939 0.132122
-0.028880 0.096512 0.066037
-0.090531 0.102742 0.014435
-0.168754 0.112856 0.018387
-0.239090 0.141883 -0.009181
-0.242553 0.208264 0.040457
-0.176853 0.250423 0.015932
-0.201231 0.256792 -0.055824
-0.267224 0.304511 -0.039548
-0.228513 0.372260 -0.009132
-0.180876 0.392990 -0.068074
-0.242846 0.406037 -0.115527
-0.280626 0.469401 -0.080201
-0.219401 0.524104 -0.091175
-0.220147 0.525500 -0.166122
-0.298263 0.552768 -0.170934
-0.291016 0.625798 -0.132147
-0.231044 0.661950 -0.173659
-0.272819 0.663682 -0.237535
-0.333431 0.712825 -0.213895
-0.289258 0.781720 -0.193224
-0.256940 0.797170 -0.264048
-0.327063 0.810077 -0.302909
-0.359381 0.875173 -0.259040
-0.298423 0.928088 -0.274260
-0.314728 0.937866 -0.348030
-0.394869 0.973068 -0.325519
-0.420818 1.000000 -0.253860
-0.460862 0.945046 -0.197545
-0.406485 0.963066 -0.128194
-0.372382 0.979019 -0.055309
-0.314222 0.904173 -0.060243
-0.232136 0.864389 -0.060390
-0.158630 0.827511 -0.063606
-0.076784 0.810748 -0.035891
-0.010630 0.774289 -0.011882
-0.041696 0.734253 0.049957
-0.088693 0.678210 0.012152
-0.029227 0.640102 -0.027912
0.024884 0.623507 0.026758
-0.022353 0.569531 0.065816
-0.026190 0.511057 0.007266
0.052512 0.496249 0.000761
0.064422 0.463897 0.068860
0.011110 0.397796 0.059850
0.049528 0.362398 -0.000147
0.120664 0.347423 0.035473
0.089972 0.298001 0.088695
0.070922 0.232458 0.043182
0.149198 0.214606 0.026439
0.174349 0.199659 0.096944
0.124261 0.133977 0.110691
0.150583 0.081593 0.054523
0.231737 0.076536 0.073794
0.217989 0.044212 0.145968
0.190814 -0.036836 0.128833
0.206613 -0.128026 0.138137
0.134332 -0.176163 0.119725
0.114563 -0.125567 0.044704
0.099163 -0.088242 -0.019565
0.056642 -0.043234 -0.067485
0.011216 -0.026108 -0.125175
0.009458 0.008004 -0.193544
-0.063356 0.049995 -0.182398
-0.039058 0.101932 -0.125985
0.023978 0.135430 -0.161286
-0.016305 0.171889 -0.216521
-0.062157 0.223127 -0.173855
-0.000932 0.267744 -0.142776
0.029174 0.298392 -0.207316
-0.036127 0.340551 -0.227814
-0.039404 0.394080 -0.169658
0.031385 0.432690 -0.181245
0.013215 0.466747 -0.248484
-0.047157 0.515666 -0.221161
-0.001572 0.562518 -0.174543
0.045239 0.593530 -0.229336
-0.013774 0.631721 -0.268418
-0.036207 0.685362 -0.211145
0.034662 0.727492 -0.202774
0.032930 0.767081 -0.271486
-0.037220 0.820079 -0.246520
0.006527 0.866456 -0.183724
0.049102 0.915292 -0.137572
0.136063 0.933200 -0.102148
0.213060 0.935603 -0.071486
0.284222 0.902189 -0.049196
0.250546 0.850643 0.003879
0.203202 0.805942 -0.044065
0.263361 0.776272 -0.087419
0.301274 0.733974 -0.032626
0.238930 0.681115 -0.013183
0.233708 0.643930 -0.079588
0.310865 0.612611 -0.082926
0.305723 0.563999 -0.021480
0.243806 0.513599 -0.046545
0.283103 0.484767 -0.108015
0.345314 0.450012 -0.071315
0.301833 0.395477 -0.030539
0.271620 0.353598 -0.090463
0.343475 0.327979 -0.122327
0.373288 0.280540 -0.063238
0.323467 0.211449 -0.078974
0.299542 0.178566 -0.144249
0.229525 0.160043 -0.178667
0.165663 0.095394 -0.212667
0.103107 0.064886 -0.262477
0.094021 0.032841 -0.330649
0.168114 0.008731 -0.356426
0.211701 0.072206 -0.322499
0.197155 0.155294 -0.310176
0.208318 0.242097 -0.296600
0.195290 0.324598 -0.308064
0.219108 0.320184 -0.382202
0.157830 0.271572 -0.406014
0.097671 0.324514 -0.383945
0.117280 0.394778 -0.425212
0.109208 0.339517 -0.495593
0.022113 0.310545 -0.489972
-0.059892 0.300655 -0.496281
-0.078116 0.259894 -0.430981
-0.078409 0.327615 -0.385786
-0.155752 0.352871 -0.394403
-0.187963 0.280512 -0.351933
-0.222065 0.286546 -0.272763
-0.315394 0.313507 -0.291101
-0.376539 0.368684 -0.313269
-0.320989 0.442748 -0.318768
-0.263415 0.500691 -0.334651
-0.181382 0.538240 -0.322990
-0.124234 0.508374 -0.390352
-0.062930 0.491137 -0.446667
-0.019183 0.426153 -0.497901
0.047370 0.480185 -0.492819
0.106757 0.544973 -0.454720
0.162519 0.606577 -0.447060
0.156445 0.618814 -0.372162
0.176373 0.539330 -0.352375
0.248308 0.537626 -0.385565
0.284169 0.602386 -0.348521
0.277375 0.572017 -0.277157
0.319364 0.500049 -0.287492
0.389220 0.538659 -0.307009
0.398519 0.585511 -0.245686
0.395322 0.507788 -0.201596
0.423136 0.429813 -0.239843
0.407577 0.381815 -0.299472
0.421351 0.324319 -0.355026
0.430010 0.310685 -0.432012
0.450072 0.217456 -0.415515
0.388741 0.166525 -0.399018
0.337534 0.083241 -0.396048
0.284062 0.010854 -0.411194
0.266052 -0.064942 -0.450890
0.299595 -0.029153 -0.521640
0.347125 0.043122 -0.520830
0.322108 0.123221 -0.508236
0.312730 0.216254 -0.505757
0.286514 0.293140 -0.524340
0.297544 0.280484 -0.599362
0.237252 0.222848 -0.607389
0.176267 0.272466 -0.581269
0.185032 0.334935 -0.632920
0.169020 0.282523 -0.692746
0.093036 0.257100 -0.673794
0.071748 0.349295 -0.673279
0.105851 0.416654 -0.708236
0.171551 0.472753 -0.670013
0.232056 0.531535 -0.682730
0.239942 0.564390 -0.612839
0.266985 0.489740 -0.582619
0.331246 0.481107 -0.626169
0.368066 0.553858 -0.606088
0.375846 0.530976 -0.534405
0.419433 0.459343 -0.541917
0.482496 0.494964 -0.578127
0.502478 0.551315 -0.524291
0.511829 0.480855 -0.471560
0.532344 0.396203 -0.507647
0.503570 0.345356 -0.561925
0.506128 0.284758 -0.618387
0.489689 0.265565 -0.691788
0.523738 0.178622 -0.687713
0.472372 0.129199 -0.650914
0.426254 0.051224 -0.629802
0.375500 -0.022839 -0.619565
0.347498 -0.100898 -0.640751
0.344754 -0.070697 -0.718375
0.391911 -0.004288 -0.745256
0.366894 0.081844 -0.726893
0.357463 0.170380 -0.727458
0.321655 0.244137 -0.742556
0.314888 0.227793 -0.817798
0.260883 0.159261 -0.813649
0.196968 0.212008 -0.777808
0.169553 0.262352 -0.835400
0.134651 0.292134 -0.896477
0.139207 0.324207 -0.965116
0.116721 0.405032 -0.942506
0.188709 0.420370 -0.902025
0.240768 0.410368 -0.957408
0.213220 0.477363 -1.000000
0.243886 0.539693 -0.950215
0.313156 0.539414 -0.908457
0.322001 0.541732 -0.831766
0.388101 0.471357 -0.844409
0.469148 0.438725 -0.856315
0.529254 0.382877 -0.848607
0.594608 0.434395 -0.860955
0.591517 0.471021 -0.788069
0.602867 0.382039 -0.749061
0.672643 0.343037 -0.776261
0.750599 0.304650 -0.759912
0.811664 0.249277 -0.753774
0.770208 0.199324 -0.706002
0.713646 0.173118 -0.755174
0.765999 0.136100 -0.802799
0.797304 0.079358 -0.753431
0.727287 0.040105 -0.735657
0.710636 0.011636 -0.805180
0.774924 -0.038960 -0.811464
0.756994 -0.089946 -0.754413
0.682501 -0.115258 -0.779968
0.696941 -0.142107 -0.851135
0.762882 -0.196698 -0.825997
0.783157 -0.222345 -0.756941
0.839692 -0.195301 -0.708973
0.885304 -0.197620 -0.645489
0.888341 -0.147443 -0.567718
0.902622 -0.187562 -0.501927
0.982549 -0.154316 -0.485209
1.000000 -0.080503 -0.538603
0.956306 -0.012474 -0.489824
0.910428 0.028511 -0.441660
0.836308 0.039686 -0.411783
0.816273 0.106179 -0.458058
0.813289 0.050582 -0.519553
0.754836 -0.002696 -0.497312
0.697554 0.057510 -0.494636
0.703575 0.080839 -0.567350
0.684286 0.004484 -0.596833
0.608515 -0.001048 -0.566098
0.569777 0.058097 -0.610826
0.575798 -0.000964 -0.679637
0.523525 -0.076704 -0.678041
