-0.709006 -0.498392 -0.614293
-0.654319 -0.507242 -0.617159
-0.604039 -0.513028 -0.572146
-0.560196 -0.539718 -0.541829
-0.519319 -0.543689 -0.488006
-0.481757 -0.579571 -0.445686
-0.452834 -0.562719 -0.385303
-0.435814 -0.585256 -0.326498
-0.414855 -0.590457 -0.267269
-0.397158 -0.559332 -0.207945
-0.387112 -0.567980 -0.147139
-0.360775 -0.542036 -0.094373
-0.333987 -0.545362 -0.038396
-0.297431 -0.506456 -0.006540
-0.287593 -0.463719 0.051707
-0.264500 -0.431304 0.095970
-0.230824 -0.384758 0.112725
-0.195864 -0.353028 0.145542
-0.157711 -0.312630 0.147139
-0.110172 -0.293883 0.132250
-0.060846 -0.276587 0.142118
-0.030050 -0.226210 0.136713
-0.024810 -0.232984 0.077138
-0.077953 -0.227984 0.064307
-0.080573 -0.168758 0.085544
-0.047973 -0.143681 0.045359
-0.076010 -0.161501 -0.002001
-0.122022 -0.133198 0.011215
-0.103510 -0.074738 0.014754
-0.080955 -0.071674 -0.038742
-0.123809 -0.082419 -0.071636
-0.148273 -0.030167 -0.051900
-0.109704 0.013899 -0.062403
-0.105870 -0.010029 -0.127267
-0.146260 -0.004445 -0.165836
-0.166265 0.015008 -0.219179
-0.220379 0.018697 -0.204463
-0.221629 0.071694 -0.172550
-0.225445 0.134287 -0.169433
-0.203064 0.127393 -0.106473
-0.184066 0.112899 -0.050149
-0.179000 0.082318 0.003559
-0.174003 0.095522 0.061306
-0.179520 0.036114 0.078830
-0.134723 0.015048 0.053362
-0.102105 0.051737 0.083486
-0.114354 0.035066 0.138444
-0.104395 -0.025390 0.130653
-0.052380 -0.016439 0.120265
-0.038604 0.010089 0.171376
-0.058122 -0.036739 0.206213
-0.026563 -0.080947 0.182668
0.019883 -0.054721 0.199327
0.006402 -0.060002 0.259767
-0.007686 -0.124570 0.262345
0.039836 -0.148458 0.239531
0.091365 -0.164001 0.237088
0.086229 -0.158659 0.172819
0.074605 -0.102597 0.151852
0.124712 -0.082862 0.138713
0.134740 -0.132916 0.097547
0.088988 -0.127755 0.060190
0.081892 -0.069436 0.039646
0.122057 -0.067804 0.000654
0.102573 -0.113120 -0.034933
0.056023 -0.085483 -0.048399
0.077468 -0.032848 -0.069155
0.105609 -0.054721 -0.113821
0.063466 -0.075262 -0.144734
0.037597 -0.018858 -0.149312
0.077398 0.013416 -0.176108
0.075785 -0.027829 -0.225988
0.035533 -0.015270 -0.262326
0.006298 0.004405 -0.309705
-0.026181 0.041416 -0.273579
-0.035342 0.094715 -0.248187
-0.067908 0.073105 -0.203847
-0.031855 0.037787 -0.176320
0.004025 0.083306 -0.167433
-0.028280 0.121083 -0.135654
-0.038899 0.081229 -0.092315
0.011954 0.072077 -0.075445
0.019137 0.132090 -0.058401
-0.018599 0.130678 -0.015601
0.004390 0.086471 0.015812
0.049673 0.116648 0.026123
0.027205 0.162872 0.056266
0.005361 0.127433 0.098817
0.051564 0.104250 0.118919
0.072141 0.159223 0.134904
0.031681 0.169625 0.177763
0.023127 0.104694 0.206463
0.074414 0.071432 0.217428
0.126100 0.089535 0.228354
0.171747 0.055950 0.231682
0.156254 0.006239 0.200866
0.152211 0.039501 0.148947
0.199264 0.066171 0.146196
0.229193 0.012851 0.144157
0.208182 -0.003598 0.088314
0.216614 0.048693 0.056574
0.271961 0.048351 0.063845
0.286639 0.003316 0.024295
0.297274 -0.024684 -0.026238
0.250690 -0.053793 -0.031451
0.226087 0.004707 -0.045167
0.257439 0.035610 -0.082370
0.251731 -0.004384 -0.127729
0.199542 0.010291 -0.138559
0.213595 0.069638 -0.154910
0.248434 0.057039 -0.197538
0.212832 0.031619 -0.235279
0.184604 0.085422 -0.245186
0.229661 0.118946 -0.266635
0.255843 0.082560 -0.308608
0.267693 0.059660 -0.363009
0.279560 -0.000433 -0.342791
0.220188 -0.007731 -0.325171
0.176206 0.036074 -0.319207
0.184465 0.086914 -0.354679
0.143918 0.065405 -0.394287
0.098895 0.061776 -0.351986
0.095702 0.117031 -0.324517
0.080192 0.176701 -0.317765
0.080122 0.232560 -0.292931
0.052969 0.213571 -0.242570
0.089248 0.174947 -0.221583
0.130211 0.214236 -0.220294
0.109773 0.255844 -0.184611
0.102833 0.216232 -0.137809
0.154259 0.201919 -0.130980
0.170168 0.260923 -0.121035
0.141645 0.270942 -0.072367
0.161268 0.223852 -0.039781
0.213006 0.238285 -0.042570
0.205857 0.295375 -0.018813
0.186321 0.280961 0.033183
0.229939 0.248143 0.050168
0.263355 0.297552 0.053169
0.230303 0.322851 0.100279
0.224040 0.273724 0.139483
0.281399 0.249070 0.127556
0.333189 0.265298 0.132230
0.349827 0.206374 0.148581
0.347121 0.174967 0.096259
0.376165 0.148620 0.053439
0.336051 0.126062 0.016870
0.314399 0.179483 0.002058
0.359717 0.205205 -0.018082
0.372955 0.162932 -0.059536
0.328227 0.167629 -0.091334
0.332894 0.228468 -0.104588
0.382671 0.226472 -0.128229
0.370092 0.188937 -0.172858
0.333501 0.225847 -0.199384
0.371150 0.270358 -0.209810
0.407221 0.238023 -0.241358
0.368288 0.223328 -0.285140
0.321425 0.257093 -0.294470
0.275500 0.249010 -0.263480
0.286899 0.309828 -0.238550
0.285841 0.374134 -0.249687
0.252529 0.386794 -0.191344
0.219841 0.400442 -0.146831
0.173101 0.415883 -0.122285
0.131079 0.445980 -0.097663
0.107674 0.446484 -0.044628
0.081406 0.457853 0.004444
0.079879 0.456140 0.063018
0.050506 0.402498 0.066981
0.098982 0.368248 0.050457
0.135486 0.387822 0.097201
0.117720 0.358088 0.143753
0.107414 0.312489 0.178648
0.072419 0.283360 0.209349
0.049100 0.273724 0.258248
0.042126 0.237318 0.301818
0.014661 0.199903 0.338790
-0.009907 0.224013 0.389901
-0.036955 0.237298 0.435953
-0.060968 0.281969 0.473233
-0.020924 0.253525 0.521804
0.022572 0.271991 0.550678
0.049742 0.285376 0.599846
0.069799 0.342223 0.574089
0.022173 0.381714 0.562970
0.007547 0.408061 0.615620
0.062356 0.441323 0.608368
0.095841 0.479060 0.579321
0.134063 0.475492 0.623064
0.143207 0.414694 0.619294
0.156531 0.414210 0.561373
0.197842 0.453983 0.565355
0.225150 0.421447 0.605732
0.231206 0.368913 0.576628
0.256658 0.393325 0.529941
0.299651 0.410662 0.562682
0.313965 0.356475 0.588304
0.320731 0.324766 0.534827
0.361469 0.367079 0.514321
0.403161 0.353351 0.553140
0.452522 0.338615 0.581418
0.438243 0.334886 0.641781
0.423946 0.308881 0.694066
0.386817 0.352665 0.708551
0.352534 0.339865 0.663942
0.345455 0.281223 0.680408
0.325936 0.297713 0.734135
0.284435 0.331076 0.711628
0.261655 0.284670 0.683120
0.254056 0.248365 0.730980
0.220813 0.290738 0.756430
0.184274 0.297532 0.713110
0.168590 0.238830 0.711859
0.151014 0.235241 0.767606
0.114232 0.280417 0.761431
0.085917 0.258323 0.715629
0.072211 0.204620 0.741522
0.046081 0.232580 0.787939
0.011486 0.267233 0.757526
-0.009890 0.217623 0.728249
-0.026580 0.186074 0.775089
-0.058990 0.230706 0.795922
-0.088537 0.235806 0.745234
-0.104291 0.176701 0.741156
-0.130038 0.179261 0.793806
-0.165432 0.221695 0.779321
-0.186130 0.192928 0.732038
-0.201069 0.140556 0.758815
-0.234381 0.168395 0.797288
-0.266253 0.194198 0.755910
-0.280861 0.146402 0.723112
-0.300953 0.110883 0.765625
-0.339504 0.151946 0.783149
-0.363256 0.161058 0.729787
-0.374863 0.100904 0.720573
-0.403873 0.092014 0.768375
-0.440828 0.134851 0.753544
-0.455523 0.113181 0.701318
-0.471173 0.056857 0.722920
-0.507209 0.072097 0.764990
-0.538543 0.106831 0.730595
-0.551712 0.061252 0.693219
-0.573347 0.022971 0.732230
-0.609608 0.062724 0.752448
-0.634679 0.071150 0.700510
-0.647987 0.012105 0.690680
-0.676735 0.002691 0.740310
-0.710637 0.051213 0.732250
-0.732585 0.029401 0.681504
-0.756701 -0.019786 0.709128
-0.788799 0.012629 0.744696
-0.816750 0.039763 0.696624
-0.840311 -0.018737 0.673964
-0.877874 -0.061252 0.664615
-0.855544 -0.126647 0.658632
-0.813089 -0.147612 0.696913
-0.784756 -0.163275 0.743137
-0.752780 -0.148499 0.784976
-0.705554 -0.132997 0.803905
-0.668980 -0.131707 0.845090
-0.660513 -0.109774 0.899394
-0.608949 -0.125619 0.898163
-0.594982 -0.087861 0.853496
-0.610233 -0.035328 0.879273
-0.577719 -0.041053 0.925882
-0.531482 -0.042121 0.896605
-0.537884 0.014323 0.872867
-0.543522 0.045710 0.923959
-0.496591 0.029946 0.948081
-0.468571 0.057664 0.904030
-0.485834 0.114955 0.914033
-0.467044 0.119571 0.969087
-0.414005 0.109068 0.953583
-0.407620 0.164202 0.920112
-0.406596 0.213510 0.956353
-0.355483 0.205467 0.975628
-0.331940 0.207523 0.921477
-0.345715 0.266044 0.909205
-0.323837 0.293339 0.956334
-0.274112 0.275599 0.942253
-0.270625 0.300495 0.888699
-0.278293 0.358995 0.908339
-0.234398 0.359036 0.945638
-0.196575 0.342848 0.900856
-0.209987 0.396591 0.862826
-0.171990 0.450213 0.847090
-0.154901 0.438239 0.782341
-0.213873 0.431546 0.755372
-0.260891 0.447351 0.728729
-0.269497 0.391189 0.702934
-0.273991 0.361273 0.754275
-0.314468 0.393467 0.776166
-0.348873 0.379739 0.733019
-0.349463 0.317751 0.742907
-0.366917 0.320009 0.799635
-0.412495 0.350771 0.788439
-0.433177 0.309082 0.751851
-0.435102 0.264693 0.793344
-0.469785 0.294427 0.829970
-0.510644 0.297229 0.792152
-0.515086 0.235806 0.784245
-0.523414 0.221372 0.841089
-0.567014 0.257275 0.848264
-0.596214 0.228347 0.807444
-0.595833 0.171641 0.832240
-0.618613 0.187869 0.883505
-0.664313 0.210567 0.861287
-0.680240 0.157086 0.836568
-0.685081 0.125417 0.886102
-0.720648 0.161501 0.912956
-0.759148 0.159263 0.871963
-0.764804 0.093365 0.875772
-0.762219 0.080121 0.939040
-0.791124 0.131908 0.962508
-0.836563 0.142713 0.923920
-0.880355 0.151684 0.960989
-0.896907 0.218651 0.940175
-0.935302 0.244494 0.899760
-0.981939 0.265479 0.885005
-0.992678 0.341780 0.886390
-1.000000 0.403143 0.868193
-0.995749 0.472932 0.869770
-0.985843 0.543649 0.876484
-0.966168 0.609507 0.898124
-0.933272 0.655206 0.929499
-0.889915 0.712074 0.938463
-0.849524 0.743763 0.966086
-0.788729 0.770897 0.970607
-0.730642 0.786298 0.975858
-0.676840 0.811960 0.988939
-0.611621 0.810347 1.000000
-0.549126 0.804864 0.979994
-0.500373 0.828389 0.953602
-0.445131 0.826394 0.928768
-0.396308 0.846996 0.882178
-0.373215 0.851874 0.821602
-0.348613 0.883100 0.765740
-0.319413 0.915112 0.725421
-0.290629 0.933577 0.667596
-0.272360 0.974882 0.618140
-0.215799 0.978592 0.600481
-0.168295 1.000000 0.554756
-0.127071 0.995948 0.508435
-0.079046 0.971536 0.478253
-0.031872 0.958614 0.449957
0.011104 0.913902 0.416736
0.056353 0.881608 0.385265
0.107223 0.855422 0.382783
0.152090 0.812363 0.369010
0.205476 0.814057 0.346446
0.253257 0.768639 0.331288
0.298766 0.760737 0.309897
0.344397 0.748521 0.285948
0.398546 0.715299 0.280081
0.449919 0.689456 0.259594
0.484255 0.627468 0.244609
0.518781 0.586405 0.211330
0.555945 0.540786 0.200308
0.589430 0.476258 0.202732
0.610233 0.420036 0.184899
0.615386 0.344824 0.183111
0.621840 0.291585 0.147158
0.621545 0.233830 0.117515
0.608654 0.167004 0.106396
0.596874 0.113120 0.074291
0.563319 0.061615 0.067519
0.557489 0.008396 0.028489
0.532679 0.023374 -0.025969
0.573278 0.010997 -0.064942
0.568281 -0.055063 -0.065500
0.516404 -0.063369 -0.086179
0.521245 -0.029502 -0.138386
0.552579 -0.069598 -0.168395
0.512483 -0.112757 -0.179802
0.488801 -0.077318 -0.228854
0.513021 -0.052483 -0.279292
0.520586 0.017407 -0.278042
0.572497 0.028393 -0.316630
0.569218 0.068610 -0.372280
0.599407 0.114632 -0.406136
0.618821 0.149103 -0.450476
0.660479 0.165956 -0.480619
0.674705 0.228468 -0.504530
0.712893 0.253062 -0.541406
0.728751 0.322186 -0.559373
0.754897 0.376836 -0.586592
0.739282 0.444226 -0.595422
0.730729 0.506577 -0.615235
0.704860 0.570641 -0.640762
0.690945 0.637406 -0.649707
0.727206 0.688166 -0.669443
0.728907 0.703023 -0.740964
0.724326 0.696753 -0.809003
0.714367 0.669983 -0.872386
0.695595 0.625432 -0.920150
0.668390 0.574955 -0.955199
0.652740 0.510790 -0.969953
0.649687 0.440477 -0.990920
0.673057 0.369700 -1.000000
0.689227 0.305071 -0.990690
0.713465 0.241974 -0.967279
0.740896 0.181115 -0.940771
0.766261 0.134609 -0.898644
0.799938 0.081008 -0.869597
0.849680 0.041174 -0.838357
0.886132 0.018455 -0.792479
0.909763 -0.031699 -0.742907
0.939830 -0.066977 -0.699971
0.953866 -0.093768 -0.632336
0.976335 -0.142673 -0.586881
0.983205 -0.174060 -0.520381
1.000000 -0.192686 -0.458998
0.991047 -0.224335 -0.393094
0.964797 -0.277635 -0.348639
0.929993 -0.307248 -0.302029
0.896247 -0.362805 -0.266615
0.853254 -0.387983 -0.228123
0.799070 -0.430780 -0.228566
0.758818 -0.480008 -0.229220
0.697538 -0.508048 -0.216062
0.637906 -0.518652 -0.229739
0.591165 -0.539879 -0.253842
0.525270 -0.542520 -0.256978
0.474817 -0.560783 -0.282101
0.414872 -0.554373 -0.306069
0.361105 -0.557497 -0.339040
0.304804 -0.570157 -0.360642
0.241095 -0.590054 -0.355218
0.177646 -0.593541 -0.355333
0.124555 -0.611623 -0.351159
0.067995 -0.628174 -0.316053
0.014973 -0.649381 -0.290738
-0.023110 -0.674780 -0.245051
-0.047452 -0.718666 -0.196672
-0.063622 -0.770272 -0.160450
-0.067405 -0.813533 -0.099336
-0.056040 -0.850685 -0.045821
-0.046411 -0.893865 -0.002905
-0.006159 -0.923115 0.050476
0.022780 -0.951539 0.099952
0.070718 -0.978652 0.138925
0.127939 -0.995908 0.160450
0.191127 -1.000000 0.176359
0.249250 -0.974802 0.181610
0.301629 -0.932972 0.168260
0.351146 -0.902231 0.178090
0.371966 -0.833308 0.189766
0.408783 -0.790249 0.208233
0.410066 -0.717456 0.229335
0.383868 -0.680102 0.282408
0.371827 -0.688448 0.352390
0.322258 -0.692460 0.387458
0.305637 -0.703728 0.450072
0.271978 -0.716388 0.505088
0.312993 -0.752089 0.542541
0.338220 -0.771703 0.595460
0.388379 -0.801336 0.609637
0.430244 -0.828188 0.643782
0.496001 -0.822503 0.641416
0.549838 -0.804219 0.659575
0.604386 -0.779988 0.666231
0.652185 -0.739429 0.654612
0.701754 -0.706591 0.669174
0.698787 -0.632246 0.661152
0.681680 -0.585175 0.700433
0.655933 -0.545906 0.735000
0.591113 -0.545463 0.744369
0.538248 -0.558788 0.752756
0.487187 -0.568948 0.738944
0.436733 -0.551127 0.733462
0.417648 -0.588421 0.776185
0.432448 -0.543971 0.822718
0.404480 -0.490107 0.813158
0.376234 -0.439388 0.849187
0.336954 -0.387358 0.849283
0.302410 -0.345267 0.870136
0.271562 -0.295536 0.864480
0.303104 -0.257134 0.900856
0.348266 -0.250038 0.861883
0.326353 -0.213188 0.813696
0.330395 -0.168335 0.767721
0.320072 -0.133682 0.719804
0.324878 -0.095481 0.671174
0.316116 -0.062341 0.618313
0.291132 -0.103948 0.582303
0.252425 -0.135254 0.556449
0.223745 -0.185470 0.541752
0.206603 -0.239011 0.512379
0.173257 -0.276829 0.480869
0.149175 -0.336780 0.477003
0.088381 -0.315815 0.486429
0.032323 -0.298580 0.455997
-0.023128 -0.331539 0.473136
-0.066520 -0.323516 0.507954
-0.035307 -0.295415 0.552371
0.019172 -0.319001 0.549235
0.075715 -0.306542 0.573800
0.136163 -0.299709 0.565298
0.187432 -0.277272 0.594268
0.243368 -0.251751 0.599269
0.285043 -0.232439 0.639646
0.333883 -0.208390 0.662864
0.378889 -0.193594 0.698259
0.427121 -0.178273 0.731307
0.438781 -0.249856 0.741887
0.455732 -0.306159 0.754602
0.465604 -0.347706 0.796153
0.493884 -0.369216 0.840512
0.541406 -0.386330 0.809233
0.523587 -0.361172 0.745984
0.532835 -0.321984 0.699894
0.514340 -0.361918 0.656882
0.459427 -0.354520 0.675541
0.408071 -0.337849 0.666077
0.355605 -0.309324 0.679350
0.295210 -0.319767 0.674695
0.238822 -0.306583 0.673791
0.187137 -0.329866 0.672213
0.131599 -0.308599 0.657247
0.073338 -0.319283 0.665384
0.016240 -0.298398 0.640935
-0.042247 -0.275538 0.640146
-0.091590 -0.256065 0.608156
-0.132606 -0.299487 0.619352
-0.177646 -0.329160 0.642166
-0.140327 -0.383448 0.654881
-0.103527 -0.425640 0.667654
-0.051738 -0.461038 0.676349
-0.026788 -0.528650 0.672848
0.020490 -0.553647 0.659960
0.068706 -0.527925 0.655881
0.114163 -0.536855 0.611022
0.173014 -0.528429 0.599904
0.217759 -0.534900 0.554410
0.276836 -0.539173 0.533192
0.321078 -0.523953 0.485467
0.377761 -0.528429 0.456651
0.426740 -0.545543 0.443378
0.476031 -0.569008 0.458055
0.493034 -0.510951 0.480254
0.451377 -0.518148 0.529999
0.417666 -0.508310 0.585746
0.367923 -0.522159 0.623468
0.327585 -0.501739 0.672290
0.281729 -0.510951 0.709205
0.244773 -0.504823 0.755237
0.199143 -0.490147 0.779340
0.151968 -0.460252 0.791671
0.109045 -0.438703 0.822737
0.073165 -0.471521 0.772011
0.026233 -0.493453 0.735539
-0.008016 -0.432453 0.748447
-0.055902 -0.389556 0.737193
-0.098825 -0.353210 0.731826
-0.126169 -0.305232 0.715129
-0.138019 -0.245925 0.707608
-0.139390 -0.182123 0.737617
-0.140864 -0.120881 0.752448
-0.131114 -0.133541 0.814389
-0.073651 -0.157933 0.800115
-0.029634 -0.182950 0.782033
-0.003244 -0.228246 0.757545
0.020820 -0.282574 0.752756
0.072384 -0.322206 0.757526
0.120981 -0.351537 0.738886
0.175651 -0.375425 0.753506
0.230963 -0.392217 0.723632
0.282718 -0.412456 0.709493
0.330985 -0.404292 0.671290
0.381127 -0.430014 0.648533
0.432222 -0.414250 0.613408
0.476257 -0.438824 0.575858
0.520065 -0.409069 0.536636
0.571282 -0.418645 0.518015
0.562295 -0.386572 0.461922
0.526346 -0.347223 0.441954
0.477332 -0.359439 0.413446
0.425577 -0.357241 0.404117
0.376598 -0.371836 0.423661
0.337335 -0.426728 0.429547
0.284262 -0.442533 0.446725
0.246560 -0.489361 0.463345
0.188386 -0.510548 0.473079
0.142582 -0.531997 0.512456
0.083367 -0.529255 0.523209
0.038916 -0.541754 0.569126
-0.024498 -0.533952 0.578917
-0.075871 -0.508089 0.600346
-0.129188 -0.478879 0.576512
-0.178601 -0.505488 0.581668
-0.157503 -0.563626 0.560335
-0.108073 -0.555724 0.527806
-0.059649 -0.565259 0.498894
-0.001648 -0.548587 0.488641
0.045596 -0.546007 0.442397
0.099936 -0.514035 0.433471
0.146486 -0.491962 0.393594
0.200167 -0.453035 0.395114
0.237989 -0.397579 0.384592
0.279022 -0.355770 0.401539
0.311709 -0.299709 0.378417
0.309142 -0.246530 0.416351
0.353957 -0.230403 0.444378
0.397002 -0.199500 0.457632
0.448306 -0.196920 0.465442
0.491837 -0.208571 0.498855
0.496643 -0.148922 0.515341
0.449104 -0.152127 0.548620
0.458785 -0.204096 0.582591
0.507816 -0.176539 0.607137
0.481115 -0.115862 0.629836
0.442077 -0.132493 0.674906
