-0.002610 0.830371 -0.493976
0.035660 0.864046 -0.490431
0.064101 0.886442 -0.460283
0.078658 0.909912 -0.423279
0.096099 0.922282 -0.375557
0.125487 0.935384 -0.343775
0.167770 0.954508 -0.324470
0.207132 0.978158 -0.314029
0.244260 0.981885 -0.289503
0.293141 0.989241 -0.287910
0.329723 0.974577 -0.307894
0.364384 1.000000 -0.329137
0.402525 0.979834 -0.358635
0.421952 0.954329 -0.395859
0.444354 0.950488 -0.432378
0.457755 0.905013 -0.465282
0.464495 0.855322 -0.484060
0.465262 0.813428 -0.522601
0.467794 0.764632 -0.541532
0.477352 0.715153 -0.555048
0.505246 0.672705 -0.552971
0.528739 0.620133 -0.560615
0.561231 0.585612 -0.549896
0.596657 0.572217 -0.528486
0.633422 0.557064 -0.521119
0.665978 0.576156 -0.485141
0.692133 0.592334 -0.451226
0.707418 0.621810 -0.413225
0.710444 0.658040 -0.379961
0.703834 0.699349 -0.354078
0.680017 0.729590 -0.316909
0.650343 0.740641 -0.288063
0.624539 0.731364 -0.257665
0.605982 0.744726 -0.222088
0.594385 0.744645 -0.180211
0.578152 0.709033 -0.156280
0.566659 0.685514 -0.120357
0.572775 0.638363 -0.103393
0.567542 0.594889 -0.080917
0.582502 0.551481 -0.065573
0.543322 0.531722 -0.054785
0.525349 0.541504 -0.101994
0.533920 0.574186 -0.135992
0.521622 0.622803 -0.136103
0.518389 0.673128 -0.156003
0.520557 0.727930 -0.148982
0.518739 0.780404 -0.156931
0.521168 0.787695 -0.106730
0.527544 0.790706 -0.064949
0.488182 0.786800 -0.053608
0.488247 0.736979 -0.065282
0.518272 0.721061 -0.040715
0.502844 0.734993 -0.001994
0.470690 0.706413 -0.005692
0.491130 0.662484 -0.011633
0.511895 0.663053 0.024983
0.478352 0.658366 0.049190
0.470846 0.611230 0.031935
0.507298 0.593376 0.049868
0.501935 0.603695 0.091137
0.467755 0.574853 0.091816
0.493598 0.530436 0.072151
0.515116 0.490641 0.086027
0.523986 0.459879 0.043373
0.550595 0.439258 0.014596
0.521038 0.416846 -0.013073
0.507376 0.426188 -0.054286
0.493260 0.430892 -0.096995
0.489286 0.434587 -0.141102
0.443613 0.428711 -0.140299
0.436744 0.457487 -0.095125
0.432757 0.473242 -0.052527
0.449704 0.436898 -0.027794
0.467106 0.421224 0.016494
0.499429 0.393717 0.043415
0.522596 0.366423 0.073577
0.529336 0.325342 0.037543
0.535596 0.295459 0.004736
0.503182 0.267594 0.007381
0.478988 0.306396 -0.006800
0.497195 0.309294 -0.044495
0.491247 0.262565 -0.057485
0.451574 0.264958 -0.054494
0.449548 0.306462 -0.083368
0.464703 0.285563 -0.117518
0.433666 0.251628 -0.117754
0.405628 0.292285 -0.133763
0.417433 0.301855 -0.177025
0.397252 0.262386 -0.193796
0.355917 0.267383 -0.203310
0.348670 0.210482 -0.195569
0.383902 0.191178 -0.163689
0.410173 0.177393 -0.132489
0.451353 0.158057 -0.124304
0.490299 0.137598 -0.116590
0.530882 0.136344 -0.117006
0.534959 0.084131 -0.108683
0.501260 0.066243 -0.143678
0.467625 0.084945 -0.164271
0.431056 0.089404 -0.145257
0.391616 0.101758 -0.138707
0.359877 0.133317 -0.114292
0.324087 0.153369 -0.100817
0.352800 0.174268 -0.063205
0.375305 0.192367 -0.031450
0.368124 0.152441 -0.005179
0.389136 0.120068 -0.031436
0.423433 0.144694 -0.029082
0.429341 0.142432 0.012699
0.427679 0.091341 0.014624
0.461547 0.086410 -0.013461
0.490715 0.108756 0.006980
0.487663 0.077230 0.041809
0.510025 0.038314 0.019914
0.548816 0.061995 0.021742
0.555491 0.073682 0.066251
0.578567 0.029427 0.085418
0.607657 0.011458 0.109002
0.640551 -0.020199 0.117394
0.660070 -0.065641 0.134787
0.698029 -0.091536 0.147265
0.719404 -0.141309 0.148193
0.743247 -0.181331 0.153081
0.760792 -0.226139 0.141005
0.774570 -0.242155 0.184407
0.740403 -0.229688 0.211744
0.706781 -0.194466 0.207852
0.705535 -0.142676 0.214015
0.689432 -0.090007 0.215067
0.691704 -0.039355 0.192508
0.688847 0.011947 0.178438
0.731001 0.007992 0.156350
0.766726 0.002393 0.138416
0.788504 0.009212 0.174879
0.776388 -0.033138 0.194544
0.790310 -0.062695 0.163731
0.828931 -0.049072 0.163205
0.837372 -0.062679 0.202645
0.824697 -0.111702 0.197798
0.851813 -0.123047 0.167705
0.883292 -0.115267 0.195873
0.874955 -0.153304 0.220551
0.879863 -0.188151 0.189281
0.918342 -0.180208 0.182759
0.930004 -0.187174 0.224747
0.920342 -0.237809 0.222005
0.943756 -0.252295 0.187993
0.982819 -0.238249 0.203088
0.982481 -0.273145 0.245077
1.000000 -0.305697 0.273688
0.983871 -0.310335 0.317491
0.980001 -0.327148 0.356696
0.953756 -0.333447 0.392605
0.951951 -0.316260 0.433333
0.939146 -0.311279 0.474726
0.931744 -0.280680 0.508309
0.933497 -0.324219 0.538568
0.974897 -0.348861 0.520828
0.994208 -0.351937 0.481332
0.981183 -0.379508 0.449162
0.980663 -0.398730 0.407049
0.962469 -0.403109 0.361418
0.950795 -0.408040 0.320510
0.907927 -0.394694 0.333278
0.871020 -0.379964 0.344481
0.860436 -0.425570 0.360753
0.885590 -0.424756 0.394876
0.871098 -0.383805 0.411439
0.831788 -0.402279 0.413641
0.843683 -0.437256 0.442363
0.863163 -0.409245 0.471597
0.832113 -0.380632 0.483936
0.814503 -0.415771 0.507852
0.840775 -0.412044 0.541172
0.830424 -0.361947 0.551046
0.790050 -0.361312 0.564049
0.798712 -0.351644 0.607991
0.799062 -0.302507 0.624456
0.784816 -0.246468 0.616964
0.773622 -0.191439 0.626977
0.761168 -0.140202 0.600997
0.746818 -0.099235 0.577372
0.702249 -0.081478 0.568273
0.660797 -0.064925 0.567359
0.625877 -0.100456 0.570863
0.589151 -0.122184 0.584323
0.593151 -0.166716 0.614499
0.567282 -0.184945 0.647071
0.591424 -0.211442 0.672802
0.594281 -0.211556 0.713447
0.600917 -0.229932 0.750893
0.584255 -0.252913 0.790888
0.611475 -0.261621 0.822379
0.607839 -0.212012 0.840548
0.567334 -0.219141 0.861709
0.543530 -0.222428 0.897480
0.504701 -0.217985 0.880543
0.472936 -0.252197 0.876901
0.435614 -0.278597 0.869090
0.406602 -0.311751 0.877316
0.391317 -0.311556 0.834192
0.434951 -0.315039 0.809472
0.474469 -0.299495 0.815303
0.484598 -0.250830 0.815593
0.512467 -0.211491 0.818695
0.529076 -0.162630 0.841393
0.545725 -0.121305 0.862498
0.505208 -0.109473 0.886844
0.468950 -0.104671 0.902880
0.452652 -0.078337 0.870392
0.452392 -0.119938 0.845008
0.429510 -0.148519 0.871029
0.396785 -0.120980 0.875183
0.391551 -0.117301 0.832129
0.386162 -0.170882 0.832045
0.355046 -0.175911 0.857956
0.330009 -0.152393 0.830120
0.327619 -0.196924 0.805082
0.308348 -0.224723 0.840147
0.280453 -0.192513 0.854632
0.268921 -0.145915 0.836117
0.277830 -0.099382 0.849979
0.265246 -0.043457 0.851198
0.269596 0.001514 0.870337
0.259220 0.031575 0.834538
0.228118 0.064811 0.824650
0.200093 0.094401 0.806384
0.169602 0.126400 0.803379
0.154693 0.123665 0.761460
0.157122 0.063281 0.761335
0.176783 0.026530 0.784365
0.215326 0.015088 0.777441
0.249442 -0.015446 0.789350
0.293673 -0.025651 0.806190
0.333320 -0.033203 0.819803
0.342645 0.025163 0.811605
0.347268 0.074056 0.804833
0.355722 0.071712 0.762983
0.318451 0.053809 0.751503
0.301815 0.097689 0.764603
0.321970 0.131755 0.742363
0.312192 0.111361 0.703961
0.271259 0.123568 0.714292
0.270648 0.173633 0.718820
0.275700 0.182389 0.676901
0.233533 0.170508 0.671112
0.220950 0.214062 0.696649
0.243195 0.251644 0.679906
0.266713 0.250391 0.642224
0.306400 0.256592 0.643844
0.349735 0.267464 0.628971
0.388941 0.270492 0.644080
0.401044 0.262874 0.597244
0.418329 0.287288 0.565670
0.440613 0.307292 0.532655
0.466158 0.336654 0.510871
0.448665 0.321224 0.468370
0.401615 0.320085 0.482925
0.363760 0.307715 0.498823
0.371526 0.266374 0.524290
0.354943 0.242594 0.562678
0.360046 0.208610 0.602631
0.361137 0.173714 0.637585
0.407122 0.161296 0.625301
0.445276 0.153288 0.613932
0.437120 0.114893 0.586193
0.419498 0.146175 0.557097
0.450652 0.175326 0.550699
0.476157 0.140104 0.537848
0.451132 0.123649 0.505138
0.455522 0.171777 0.485653
0.493961 0.178255 0.481872
0.500649 0.135254 0.459618
0.472872 0.153874 0.424373
0.476884 0.212012 0.423695
0.521285 0.216146 0.442570
0.549699 0.189128 0.415912
0.578295 0.183073 0.389018
0.597229 0.170980 0.348054
0.630811 0.163118 0.324955
0.600761 0.130062 0.296386
0.557984 0.149072 0.277649
0.520103 0.167887 0.277288
0.491286 0.207161 0.288284
0.452041 0.224967 0.304902
0.428744 0.267806 0.312090
0.403122 0.305859 0.321881
0.380422 0.349137 0.314513
0.368254 0.352897 0.360615
0.411212 0.332878 0.379144
0.444263 0.307064 0.397826
0.444509 0.258073 0.377025
0.468144 0.210449 0.366916
0.470313 0.163949 0.339745
0.478157 0.117171 0.320773
0.433536 0.124788 0.300263
0.396057 0.126937 0.285265
0.379409 0.101156 0.318335
0.385811 0.141585 0.345298
0.366410 0.177132 0.323819
0.330372 0.155827 0.323099
0.328931 0.153418 0.367276
0.329736 0.206624 0.370295
0.299426 0.220915 0.347126
0.272544 0.191325 0.370004
0.281687 0.225553 0.410830
0.292154 0.278434 0.398283
0.268765 0.288216 0.355436
0.229728 0.269596 0.358413
0.218417 0.321940 0.382772
0.192912 0.369775 0.365157
0.179562 0.406169 0.398615
0.186484 0.439648 0.438513
0.197899 0.474919 0.467456
0.218222 0.511816 0.493851
0.187575 0.541243 0.524069
0.163576 0.547624 0.559022
0.145031 0.567708 0.593270
0.104163 0.574788 0.599751
0.065516 0.575553 0.631104
0.028297 0.581950 0.655186
-0.015947 0.580908 0.653206
-0.059387 0.588965 0.641352
-0.096359 0.580159 0.619596
-0.140733 0.568164 0.613239
-0.176419 0.548486 0.590472
-0.210898 0.504655 0.591940
-0.238845 0.471208 0.606481
-0.263220 0.440234 0.634233
-0.294231 0.411035 0.650727
-0.314971 0.401872 0.689600
-0.317542 0.397819 0.734289
-0.313698 0.434570 0.775433
-0.312906 0.460905 0.816300
-0.314529 0.476628 0.861100
-0.323139 0.464632 0.908821
-0.336268 0.439030 0.950048
-0.357955 0.410579 0.983160
-0.382837 0.365658 0.997230
-0.408979 0.318115 1.000000
-0.435835 0.275114 0.987578
-0.457145 0.230273 0.971666
-0.478612 0.200146 0.938734
-0.500636 0.156771 0.908877
-0.513038 0.125830 0.868855
-0.529219 0.102295 0.831464
-0.536725 0.087158 0.779366
-0.538647 0.069938 0.733541
-0.552543 0.063281 0.683202
-0.571308 0.072542 0.637059
-0.569815 0.071029 0.582066
-0.556205 0.086702 0.534330
-0.543946 0.097152 0.483908
-0.548959 0.114551 0.440992
-0.565282 0.155973 0.405484
-0.580087 0.204476 0.401731
-0.546179 0.232438 0.388492
-0.555179 0.222835 0.341961
-0.596086 0.239046 0.334344
-0.593969 0.291341 0.348622
-0.566165 0.305273 0.310636
-0.600514 0.299333 0.284337
-0.633889 0.331934 0.281858
-0.644798 0.387581 0.291580
-0.662862 0.437728 0.280487
-0.668277 0.483431 0.302867
-0.660070 0.539893 0.317061
-0.666056 0.580908 0.343041
-0.644941 0.623747 0.374408
-0.619682 0.665592 0.388672
-0.601683 0.711670 0.402548
-0.580840 0.765999 0.393547
-0.547933 0.795410 0.362332
-0.537076 0.824365 0.327531
-0.541985 0.785270 0.289724
-0.573801 0.766585 0.264437
-0.582879 0.726888 0.239122
-0.585840 0.712386 0.189101
-0.573217 0.658496 0.167110
-0.570542 0.611312 0.148151
-0.546751 0.560498 0.142986
-0.520285 0.516715 0.153455
-0.485819 0.486182 0.164437
-0.446574 0.468522 0.174671
-0.411511 0.442367 0.174546
-0.396226 0.393376 0.181097
-0.349138 0.377848 0.176208
-0.341255 0.344727 0.135715
-0.322633 0.366829 0.095444
-0.308503 0.407747 0.072469
-0.267376 0.437809 0.079061
-0.229663 0.417806 0.079020
-0.234728 0.419352 0.031007
-0.242909 0.471077 0.026257
-0.209729 0.484440 0.047348
-0.187536 0.461637 0.012588
-0.202704 0.498893 -0.017643
-0.193990 0.542008 0.003462
-0.153395 0.530420 -0.000263
-0.154148 0.561556 -0.038291
-0.163693 0.614518 -0.032350
-0.193198 0.656250 -0.012602
-0.215924 0.696875 0.003587
-0.254117 0.715950 0.030868
-0.272947 0.766960 0.041130
-0.316023 0.780697 0.062000
-0.353306 0.808415 0.073702
-0.392538 0.825472 0.059673
-0.441419 0.822184 0.054037
-0.484819 0.820394 0.050658
-0.527700 0.814827 0.032350
-0.558257 0.804948 -0.002133
-0.575373 0.785172 -0.041656
-0.605722 0.784245 -0.077870
-0.609514 0.787842 -0.123792
-0.587281 0.795003 -0.162000
-0.571308 0.799886 -0.211231
-0.543102 0.806299 -0.246337
-0.505961 0.817448 -0.267636
-0.465093 0.798844 -0.291179
-0.438951 0.785254 -0.324983
-0.410810 0.740576 -0.336823
-0.402836 0.684733 -0.358898
-0.399979 0.633236 -0.361875
-0.409797 0.577783 -0.361986
-0.422485 0.529590 -0.372400
-0.410654 0.469157 -0.372026
-0.410498 0.420329 -0.389240
-0.395018 0.369971 -0.415123
-0.380630 0.329053 -0.441906
-0.348060 0.313379 -0.470572
-0.338917 0.280729 -0.508808
-0.308607 0.285124 -0.550395
-0.293933 0.296761 -0.593588
-0.279557 0.336702 -0.623501
-0.254480 0.355680 -0.666542
-0.223417 0.375993 -0.695638
-0.196237 0.406608 -0.721770
-0.158615 0.413411 -0.757817
-0.121046 0.414795 -0.787356
-0.079684 0.406120 -0.813419
-0.037881 0.395752 -0.830661
0.002182 0.381429 -0.845063
0.048829 0.373144 -0.845285
0.094151 0.364844 -0.833901
0.134331 0.349723 -0.812187
0.173303 0.345215 -0.793187
0.208431 0.347152 -0.759244
0.232845 0.345215 -0.720565
0.258961 0.379232 -0.691095
0.259103 0.394938 -0.640784
0.260558 0.424788 -0.604570
0.241871 0.451009 -0.561335
0.220794 0.479004 -0.533583
0.193561 0.478337 -0.489337
0.165446 0.467220 -0.457277
0.137915 0.447998 -0.429193
0.108890 0.403271 -0.444925
0.084710 0.360514 -0.420884
0.050582 0.340299 -0.404598
0.027310 0.303923 -0.388921
0.028687 0.254639 -0.365753
0.020687 0.212874 -0.341504
0.055569 0.195898 -0.313018
0.078918 0.179232 -0.278161
0.112773 0.177799 -0.251572
0.154148 0.166406 -0.235341
0.174238 0.146777 -0.191165
0.212872 0.133529 -0.162955
0.216638 0.096191 -0.121728
0.194704 0.048145 -0.115081
0.180328 0.005127 -0.127268
0.152135 -0.007080 -0.162318
0.123981 -0.039518 -0.176568
0.097774 -0.053174 -0.212256
0.062529 -0.090137 -0.215718
0.026427 -0.074430 -0.226728
0.026518 -0.033301 -0.198407
0.058607 -0.037760 -0.164409
0.080372 -0.020068 -0.128916
0.119500 -0.028792 -0.106661
0.144577 -0.025505 -0.067581
0.181133 -0.031152 -0.044717
0.213145 -0.035059 -0.014056
0.249571 -0.027425 0.004293
0.245740 -0.074219 0.029954
0.223703 -0.106901 -0.008157
0.196509 -0.138314 -0.027434
0.158992 -0.103646 -0.030993
0.118786 -0.088314 -0.048110
0.085762 -0.048535 -0.057485
0.050322 -0.024447 -0.068966
0.067828 0.017090 -0.036158
0.083580 0.049154 -0.007631
0.067620 0.028597 0.027919
0.092099 -0.013444 0.024193
0.126292 0.011800 0.027752
0.120228 0.033887 0.065323
0.113137 -0.009538 0.085141
0.152083 -0.027393 0.075377
0.174458 0.005973 0.093796
0.159654 -0.006152 0.133486
0.184016 -0.048372 0.134372
0.219690 -0.019141 0.134455
0.211262 0.016260 0.165711
0.180133 0.017057 0.195430
0.150940 0.052832 0.196469
0.118487 0.086296 0.220773
0.090138 0.121598 0.220828
0.060322 0.096908 0.245714
0.041387 0.106510 0.284905
0.017272 0.104590 0.322642
-0.000325 0.118750 0.358704
-0.007104 0.072331 0.379753
0.040141 0.057080 0.371708
0.069983 0.064567 0.341892
0.069386 0.042155 0.302728
0.087346 0.032373 0.259812
0.081178 0.035954 0.211079
0.078853 0.037679 0.166030
0.032622 0.051628 0.166196
-0.004870 0.066260 0.170156
-0.020713 0.019661 0.172428
-0.001338 0.009294 0.210857
-0.022311 0.046387 0.230231
-0.060010 0.034326 0.222448
-0.056010 -0.012402 0.239496
-0.047011 0.011686 0.280155
-0.080736 0.036068 0.285639
-0.100281 -0.009587 0.284961
-0.084372 -0.017660 0.328722
-0.104774 0.024365 0.347985
-0.143434 0.017969 0.336851
-0.159576 -0.029541 0.327559
-0.174900 -0.039535 0.289351
-0.202795 -0.084098 0.275904
-0.230508 -0.099919 0.249245
-0.219261 -0.151204 0.251918
-0.239754 -0.191748 0.268896
-0.248883 -0.241081 0.281942
-0.274505 -0.277393 0.290306
-0.246559 -0.310433 0.310622
-0.228014 -0.266715 0.341961
-0.221469 -0.216178 0.339399
-0.194431 -0.195687 0.310996
-0.175523 -0.152865 0.293907
-0.162251 -0.122998 0.255117
-0.147031 -0.092643 0.221922
-0.162342 -0.135124 0.188617
-0.174394 -0.170394 0.160809
-0.140019 -0.197266 0.161321
-0.144447 -0.211068 0.202507
-0.179069 -0.234115 0.195942
-0.168589 -0.267594 0.165420
-0.140486 -0.288656 0.192702
-0.167745 -0.299691 0.224983
-0.190704 -0.331478 0.203808
-0.159719 -0.365755 0.201177
-0.167848 -0.379036 0.244080
-0.207885 -0.395020 0.237252
-0.205574 -0.421208 0.199972
-0.168563 -0.433936 0.181401
-0.158602 -0.420410 0.141435
-0.134071 -0.431950 0.100637
-0.128006 -0.415446 0.059576
-0.086814 -0.431022 0.055477
-0.063334 -0.462370 0.033084
-0.034725 -0.493343 0.012976
-0.016220 -0.521191 -0.018072
0.008052 -0.551270 0.012297
-0.029713 -0.556641 0.045714
-0.056569 -0.551742 0.080335
-0.051530 -0.502799 0.091386
-0.076009 -0.463607 0.108821
-0.088554 -0.407113 0.118349
-0.098229 -0.355843 0.128611
-0.064867 -0.337988 0.095942
-0.035531 -0.326628 0.068245
-0.004337 -0.329069 0.095887
-0.007194 -0.380241 0.099958
-0.000325 -0.388802 0.058704
0.035492 -0.366504 0.052832
0.054685 -0.391878 0.085016
0.046842 -0.438184 0.063523
0.064412 -0.432145 0.026991
0.101008 -0.424512 0.046780
0.102306 -0.479281 0.057430
0.109228 -0.501351 0.018280
0.143668 -0.475863 0.004182
0.174173 -0.498356 0.034774
0.172368 -0.557145 0.021036
0.178341 -0.571175 -0.028556
0.207210 -0.598324 -0.050215
0.171770 -0.629427 -0.074630
0.158784 -0.619027 -0.124706
0.155083 -0.651888 -0.155893
0.115358 -0.667871 -0.164174
0.076905 -0.641146 -0.187827
0.079944 -0.629850 -0.236920
0.062958 -0.643245 -0.278549
0.065256 -0.628288 -0.326478
0.089930 -0.657731 -0.354051
0.120357 -0.672021 -0.388076
0.159459 -0.687354 -0.405526
0.194431 -0.710498 -0.423390
0.237066 -0.734847 -0.406717
0.274362 -0.749984 -0.388769
0.310711 -0.745980 -0.369561
0.338593 -0.701709 -0.349688
0.358826 -0.676204 -0.317048
0.356592 -0.641862 -0.283520
0.348475 -0.609115 -0.250242
0.355202 -0.571191 -0.219970
0.358332 -0.545296 -0.181900
0.360851 -0.506364 -0.154660
0.382357 -0.475960 -0.127586
0.397668 -0.453776 -0.089461
0.403473 -0.407959 -0.076444
0.424770 -0.382812 -0.047223
0.433029 -0.358171 -0.006523
0.448275 -0.326807 0.020870
0.454859 -0.317936 0.062581
0.456613 -0.290413 0.098006
0.468300 -0.249886 0.117865
0.486170 -0.221436 0.149301
0.486533 -0.195329 0.188838
0.512908 -0.163623 0.209389
0.527908 -0.119043 0.225218
0.548205 -0.113053 0.181332
0.524622 -0.141195 0.145160
0.531167 -0.169157 0.105207
0.539985 -0.216064 0.094170
0.556517 -0.242855 0.063426
0.576580 -0.277930 0.043914
0.600099 -0.291895 0.012796
0.611176 -0.325944 -0.015718
0.624033 -0.370215 -0.031201
0.629331 -0.391113 -0.070406
0.617111 -0.424202 -0.102147
0.626877 -0.471484 -0.085598
0.584502 -0.478711 -0.067414
0.552153 -0.482178 -0.096981
0.551231 -0.531608 -0.111799
0.537608 -0.557210 -0.070724
0.493195 -0.538151 -0.066279
0.472170 -0.570150 -0.095859
0.457262 -0.614209 -0.074976
0.456106 -0.665348 -0.054522
0.500416 -0.680534 -0.065628
0.535375 -0.674723 -0.043595
0.543102 -0.678158 0.006578
0.557984 -0.714307 0.035078
0.588112 -0.699365 0.060338
0.565867 -0.671745 0.092037
0.536219 -0.718880 0.099044
0.533102 -0.767822 0.111882
0.493987 -0.762679 0.131713
0.456781 -0.785970 0.123252
0.416004 -0.802230 0.120510
0.385590 -0.832129 0.111259
0.353254 -0.797347 0.118474
0.374851 -0.753581 0.089641
0.413732 -0.739323 0.079477
0.438068 -0.715918 0.107907
0.475274 -0.693376 0.120413
0.513207 -0.692611 0.149038
0.548478 -0.685824 0.172718
0.531817 -0.728434 0.204376
0.518220 -0.764225 0.230508
0.496896 -0.732926 0.256128
0.469846 -0.721240 0.225426
0.457976 -0.767920 0.219540
0.446587 -0.779395 0.259008
0.419433 -0.741276 0.260504
0.397707 -0.759538 0.224276
0.386785 -0.803857 0.237571
0.363786 -0.782812 0.269173
0.335112 -0.768245 0.237017
0.326554 -0.821077 0.228957
0.324152 -0.842790 0.268384
0.324788 -0.817383 0.308558
0.356384 -0.818359 0.336685
0.370085 -0.813525 0.385265
0.398057 -0.817155 0.415483
0.386149 -0.775537 0.440853
0.370150 -0.770752 0.481623
0.352358 -0.750244 0.518446
0.341748 -0.749398 0.558690
0.311854 -0.711377 0.555657
0.289167 -0.742920 0.517297
0.301205 -0.770524 0.482011
0.322386 -0.751790 0.448747
0.340216 -0.753206 0.408088
0.377500 -0.745264 0.379837
0.409758 -0.742187 0.350284
0.436393 -0.716618 0.387356
0.455236 -0.691374 0.418072
0.442912 -0.645085 0.406993
0.404031 -0.654899 0.418142
0.412394 -0.664486 0.458731
0.430095 -0.620898 0.469201
0.395863 -0.595020 0.457499
0.370968 -0.620280 0.487273
0.387071 -0.607161 0.523930
0.375136 -0.558333 0.518031
0.334580 -0.574154 0.529580
0.345086 -0.588525 0.572095
0.365358 -0.549365 0.588603
0.362669 -0.500260 0.574186
0.395187 -0.476644 0.558122
0.405420 -0.424935 0.550824
0.439380 -0.401742 0.539094
0.418160 -0.366976 0.511079
0.412810 -0.313704 0.506010
0.399797 -0.265527 0.498574
0.399862 -0.214290 0.501136
0.362540 -0.201204 0.480418
0.337567 -0.241227 0.506952
0.344579 -0.286572 0.525260
0.351254 -0.329574 0.504999
0.357696 -0.386035 0.507547
0.385629 -0.430111 0.494170
0.406550 -0.475391 0.482994
0.431523 -0.443343 0.448664
0.450509 -0.415869 0.419526
0.422082 -0.422738 0.389004
0.394317 -0.394727 0.411660
0.416030 -0.353141 0.411010
0.421900 -0.348031 0.368910
0.382084 -0.345964 0.360366
0.378902 -0.302507 0.387162
0.401356 -0.272298 0.364548
0.372279 -0.272428 0.332849
0.350216 -0.236084 0.358939
0.381707 -0.198258 0.363731
0.390694 -0.198079 0.322171
0.384564 -0.170231 0.282163
0.405226 -0.197119 0.255768
0.413394 -0.220313 0.210954
0.443445 -0.244059 0.186913
0.413836 -0.250863 0.148553
0.404927 -0.244971 0.105193
0.389486 -0.239388 0.063288
0.388175 -0.223763 0.023944
0.346904 -0.221826 0.014582
0.339736 -0.187663 0.057333
0.357722 -0.181462 0.096718
0.353917 -0.214323 0.129123
0.361734 -0.229899 0.172552
0.381201 -0.268669 0.203407
0.398421 -0.301139 0.233541
0.407979 -0.337581 0.192771
0.410096 -0.369108 0.160296
0.374669 -0.393408 0.165282
0.354150 -0.350065 0.152181
0.370968 -0.345345 0.114001
0.364306 -0.392285 0.098020
0.322775 -0.384538 0.101662
0.324139 -0.342920 0.072982
0.339801 -0.364941 0.039080
0.305906 -0.391016 0.032641
0.286855 -0.350863 0.015981
0.311932 -0.345182 -0.017172
0.303763 -0.387923 -0.037197
0.264623 -0.376009 -0.044052
0.272726 -0.332210 -0.066487
0.296738 -0.351758 -0.097036
0.270713 -0.386719 -0.110968
0.243987 -0.351839 -0.124193
0.267635 -0.327425 -0.151738
0.275258 -0.367350 -0.176638
0.237195 -0.377995 -0.186345
0.232754 -0.331136 -0.206384
0.262246 -0.332422 -0.235909
0.246701 -0.375130 -0.254757
0.211729 -0.341650 -0.267068
0.235312 -0.300114 -0.291095
0.261428 -0.332357 -0.321147
0.228339 -0.347087 -0.357693
0.225066 -0.311670 -0.397452
0.251130 -0.319141 -0.431699
0.257220 -0.349300 -0.475142
0.262973 -0.380029 -0.516023
0.283141 -0.403711 -0.549148
0.321503 -0.432650 -0.571306
0.358709 -0.463656 -0.579435
0.400486 -0.477311 -0.583659
0.443211 -0.478695 -0.582856
0.486273 -0.456982 -0.578036
0.519467 -0.421208 -0.574242
0.545673 -0.380046 -0.572635
0.559932 -0.334603 -0.590929
0.568308 -0.273747 -0.591885
0.568204 -0.220231 -0.598657
0.563529 -0.166943 -0.605013
0.558815 -0.119124 -0.619942
0.527661 -0.075798 -0.635425
0.507039 -0.030404 -0.659646
0.462911 -0.011507 -0.676804
0.424342 0.015641 -0.697397
0.387162 0.007796 -0.721590
0.337736 0.002262 -0.724110
0.296426 -0.015934 -0.725232
0.258792 -0.040446 -0.728113
0.232261 -0.074626 -0.752610
0.210820 -0.128044 -0.763025
0.201743 -0.187207 -0.752334
0.164745 -0.227620 -0.752250
0.134967 -0.270996 -0.761390
0.126941 -0.320410 -0.780266
0.131331 -0.354801 -0.816867
0.137655 -0.391325 -0.856765
0.124578 -0.383138 -0.905179
0.115799 -0.367074 -0.950699
0.091917 -0.328825 -0.974837
0.062516 -0.286523 -0.993270
0.034180 -0.237663 -0.999682
0.007818 -0.191292 -1.000000
-0.021103 -0.146729 -0.989337
-0.050893 -0.111735 -0.973563
-0.085931 -0.090820 -0.949162
-0.119124 -0.084505 -0.916757
-0.154524 -0.094450 -0.897106
-0.185445 -0.107048 -0.866237
-0.223170 -0.105876 -0.850575
-0.237144 -0.134619 -0.815967
-0.270687 -0.141699 -0.779975
-0.288323 -0.111865 -0.748484
-0.319217 -0.073991 -0.756903
-0.337671 -0.046859 -0.715372
-0.363617 -0.005062 -0.714125
-0.395928 0.019092 -0.694267
-0.428926 0.054085 -0.683590
-0.459574 0.074007 -0.652583
-0.468352 0.097249 -0.613973
-0.494974 0.139697 -0.603019
-0.489053 0.163786 -0.556419
-0.501727 0.207048 -0.530010
-0.491936 0.229118 -0.489240
-0.491806 0.264014 -0.458358
-0.502532 0.268831 -0.408406
-0.519557 0.290641 -0.365143
-0.548088 0.277962 -0.335771
-0.582554 0.297005 -0.312561
-0.620578 0.278044 -0.296067
-0.651005 0.239795 -0.286512
-0.660979 0.192773 -0.268869
-0.687601 0.167318 -0.232932
-0.725235 0.145589 -0.219582
-0.742948 0.121077 -0.182759
-0.764025 0.085042 -0.153995
-0.759298 0.054215 -0.116314
-0.761246 0.055876 -0.063842
-0.743935 0.098128 -0.035729
-0.744143 0.141195 -0.012173
-0.733196 0.157861 0.035895
-0.715872 0.176123 0.078936
-0.693237 0.178288 0.121881
-0.664641 0.161051 0.152500
-0.635019 0.127474 0.176596
-0.597891 0.114795 0.185999
-0.557244 0.094189 0.170932
-0.526284 0.141227 0.176762
-0.507948 0.143294 0.225869
-0.471547 0.115283 0.251475
-0.436938 0.120378 0.288575
-0.419965 0.116829 0.335328
-0.400018 0.079557 0.371334
-0.384487 0.058936 0.417186
-0.367267 0.057406 0.460255
-0.365423 0.021680 0.503891
-0.401966 0.014388 0.525509
-0.427952 0.026611 0.558025
-0.458184 0.059049 0.562111
-0.489040 0.089111 0.560559
-0.505026 0.134098 0.543955
-0.535622 0.161947 0.513045
-0.563607 0.191374 0.489780
-0.598086 0.182926 0.462928
-0.629643 0.217025 0.450976
-0.657550 0.213037 0.412838
-0.697094 0.207926 0.382025
-0.737494 0.172770 0.378216
-0.773726 0.147933 0.386456
-0.817750 0.171810 0.397161
-0.857267 0.195345 0.393962
-0.894824 0.165104 0.415344
-0.927913 0.136605 0.431602
-0.965184 0.126497 0.429179
-0.977300 0.112874 0.387066
-1.000000 0.124365 0.349578
-0.997013 0.154492 0.309597
-0.976897 0.187516 0.281955
-0.948185 0.233480 0.270295
-0.907550 0.258040 0.271389
-0.865669 0.262516 0.291455
-0.827580 0.245052 0.322379
-0.794933 0.241846 0.363482
-0.763610 0.217399 0.399100
-0.739884 0.182048 0.433333
-0.720287 0.131722 0.457554
-0.703937 0.075325 0.475391
-0.687302 0.018685 0.486415
-0.682458 -0.041292 0.499765
-0.681237 -0.096696 0.504667
-0.685094 -0.159131 0.494128
-0.687224 -0.214779 0.479712
-0.685718 -0.268034 0.457485
-0.703054 -0.313656 0.440465
-0.723651 -0.334521 0.396081
-0.740494 -0.349528 0.357637
-0.757013 -0.368701 0.318349
-0.758246 -0.352425 0.274117
-0.760246 -0.353890 0.221742
-0.747675 -0.340837 0.179892
-0.717249 -0.344336 0.138527
-0.693964 -0.366764 0.105041
-0.707678 -0.398551 0.062789
-0.705379 -0.385791 0.011924
-0.693548 -0.405518 -0.034427
-0.690393 -0.420150 -0.083659
-0.672835 -0.448812 -0.117269
-0.669667 -0.508936 -0.120246
-0.678328 -0.557992 -0.126201
-0.692328 -0.608870 -0.125855
-0.686809 -0.662826 -0.109348
-0.704210 -0.703288 -0.082856
-0.699938 -0.745117 -0.054702
-0.685289 -0.777214 -0.020219
-0.666511 -0.817074 0.010262
-0.651525 -0.865088 0.012616
-0.624033 -0.887728 -0.016092
-0.594593 -0.920801 -0.046683
-0.570269 -0.929362 -0.084753
-0.554166 -0.931299 -0.127725
-0.533128 -0.916341 -0.175294
-0.503935 -0.903874 -0.213336
-0.468378 -0.883301 -0.234441
-0.430848 -0.887077 -0.265559
-0.397122 -0.860270 -0.286110
-0.348813 -0.857666 -0.296095
-0.308568 -0.886019 -0.314887
-0.260844 -0.876839 -0.311093
-0.218638 -0.890576 -0.313516
-0.178809 -0.922428 -0.297743
-0.144057 -0.946777 -0.273674
-0.108189 -0.968783 -0.255616
-0.069529 -0.967855 -0.225232
-0.046478 -0.995036 -0.197937
-0.015233 -0.990999 -0.159881
0.012142 -1.000000 -0.128085
0.018337 -0.997770 -0.076361
0.035764 -0.989241 -0.035411
0.043504 -0.978548 0.014790
0.036193 -0.948486 0.059507
0.026895 -0.932406 0.104930
0.008181 -0.904102 0.140950
-0.006584 -0.878337 0.181443
-0.049439 -0.868766 0.203947
-0.061334 -0.870752 0.246531
-0.056426 -0.822998 0.264465
-0.090671 -0.803581 0.241961
-0.122046 -0.828434 0.262014
-0.119604 -0.810954 0.304528
-0.139253 -0.760547 0.287218
-0.176212 -0.744515 0.276028
-0.168719 -0.695312 0.288492
-0.164680 -0.651937 0.264853
-0.157291 -0.600586 0.248027
-0.162005 -0.564844 0.218363
-0.128409 -0.537712 0.230799
-0.098852 -0.587712 0.231215
-0.100514 -0.638542 0.239094
-0.107436 -0.659538 0.278036
-0.112332 -0.700456 0.304736
-0.138188 -0.726937 0.337294
-0.160057 -0.755566 0.367511
-0.191198 -0.709945 0.370378
-0.217158 -0.672412 0.375460
-0.195860 -0.648730 0.406786
-0.164667 -0.637663 0.380571
-0.187068 -0.612174 0.353760
-0.201795 -0.577018 0.379712
-0.165251 -0.560954 0.391816
-0.155343 -0.548551 0.348982
-0.184003 -0.515739 0.340715
-0.168926 -0.484033 0.370904
-0.135409 -0.474788 0.343830
-0.163160 -0.449137 0.314776
-0.187107 -0.419434 0.339994
-0.182419 -0.410970 0.385764
-0.203405 -0.431283 0.417906
-0.219807 -0.428385 0.464963
-0.246533 -0.445638 0.493921
-0.218898 -0.438135 0.530204
-0.216963 -0.407568 0.566528
-0.205392 -0.386051 0.604708
-0.210703 -0.359619 0.639814
-0.169108 -0.345557 0.646836
-0.164472 -0.324154 0.597853
-0.180445 -0.337744 0.558455
-0.169043 -0.379362 0.537502
-0.170303 -0.412695 0.502576
-0.179458 -0.466097 0.485556
-0.187808 -0.512191 0.464299
-0.196159 -0.537288 0.510733
-0.199068 -0.557666 0.549536
-0.160381 -0.572754 0.553081
-0.147564 -0.523112 0.555145
-0.167835 -0.509912 0.588977
-0.152732 -0.546761 0.614846
-0.114033 -0.526025 0.610220
-0.125967 -0.475944 0.626534
-0.138369 -0.484521 0.665573
-0.099410 -0.496777 0.676790
-0.090008 -0.442969 0.676402
-0.113669 -0.434847 0.712907
-0.103060 -0.469710 0.742376
-0.067906 -0.498454 0.743692
-0.070425 -0.548665 0.745797
-0.044024 -0.591439 0.752237
-0.055127 -0.642513 0.753954
-0.010103 -0.652930 0.741199
0.024726 -0.674089 0.756751
