-0.278807 0.178579 -1.000000
-0.341910 0.090815 -0.967400
-0.351766 -0.022908 -0.931639
-0.402963 -0.129368 -0.909110
-0.427140 -0.230670 -0.866622
-0.469275 -0.345984 -0.843502
-0.505854 -0.447888 -0.805336
-0.499603 -0.561482 -0.765069
-0.513196 -0.678644 -0.729737
-0.496164 -0.761852 -0.682355
-0.417846 -0.822495 -0.710001
-0.358182 -0.715047 -0.710756
-0.351832 -0.701466 -0.647716
-0.307779 -0.819917 -0.635483
-0.227676 -0.801822 -0.672324
-0.195859 -0.691838 -0.642823
-0.181539 -0.750849 -0.586695
-0.115491 -0.842868 -0.605411
-0.049742 -0.752826 -0.630672
-0.032412 -0.687368 -0.575665
0.007673 -0.787080 -0.543207
0.038993 -0.867624 -0.604290
0.110233 -0.903984 -0.652365
0.155675 -1.000000 -0.687697
0.208559 -0.917265 -0.728819
0.259260 -0.834143 -0.679501
0.254994 -0.826836 -0.617216
0.172609 -0.754244 -0.583637
0.132789 -0.670263 -0.530852
0.088008 -0.558173 -0.545531
0.161430 -0.522672 -0.592077
0.261344 -0.603043 -0.575257
0.346640 -0.668114 -0.558845
0.420889 -0.702325 -0.520128
0.472152 -0.588129 -0.530873
0.403162 -0.508359 -0.504694
0.404154 -0.562728 -0.447893
0.501257 -0.539906 -0.435538
0.494047 -0.406413 -0.440207
0.423369 -0.389393 -0.395761
0.473012 -0.446469 -0.348869
0.553612 -0.367989 -0.352620
0.506019 -0.255770 -0.342997
0.464215 -0.287489 -0.286910
0.549676 -0.314695 -0.257021
0.591811 -0.195814 -0.265074
0.517297 -0.116861 -0.244727
0.509889 -0.172132 -0.187539
0.605404 -0.153135 -0.170862
0.597797 -0.019771 -0.172493
0.520704 -0.004341 -0.132430
0.565749 -0.063695 -0.084233
0.645456 0.015430 -0.081012
0.593994 0.126660 -0.071674
0.546699 0.089440 -0.019583
0.628159 0.060687 0.015322
0.667582 0.182490 0.012508
0.590620 0.249065 0.038442
0.593465 0.178493 0.092143
0.687558 0.205312 0.109473
0.675817 0.334852 0.113306
0.604048 0.332875 0.156121
0.657395 0.271286 0.201749
0.724401 0.372158 0.210292
0.648069 0.460824 0.235145
0.621577 0.381356 0.290559
0.606496 0.336313 0.348889
0.583179 0.247303 0.396169
0.539456 0.347918 0.442266
0.491401 0.453432 0.398799
0.439575 0.535952 0.361795
0.422344 0.645721 0.326565
0.308539 0.636395 0.344649
0.216431 0.701809 0.381918
0.130639 0.752912 0.357106
0.074348 0.637083 0.375210
0.098723 0.662354 0.445895
0.060259 0.753814 0.484408
-0.010815 0.647956 0.506203
-0.046964 0.544075 0.537866
-0.109208 0.438862 0.552545
-0.185110 0.337216 0.571241
-0.210445 0.199811 0.602516
-0.241302 0.064340 0.619642
-0.273085 -0.051016 0.663374
-0.295906 -0.109683 0.605452
-0.311152 -0.143895 0.542025
-0.380209 -0.112391 0.488751
-0.424097 -0.051446 0.438984
-0.482107 0.046890 0.478170
-0.486242 0.058667 0.539619
-0.529600 -0.052865 0.577928
-0.584370 -0.105557 0.633281
-0.631499 -0.232905 0.639846
-0.688947 -0.305755 0.691632
-0.715670 -0.421026 0.728554
-0.728436 -0.486354 0.782379
-0.753539 -0.607642 0.753265
-0.659677 -0.613358 0.715261
-0.561582 -0.654919 0.709451
-0.538729 -0.609361 0.651997
-0.539159 -0.478747 0.659582
-0.460544 -0.480079 0.705006
-0.384145 -0.549749 0.682192
-0.355470 -0.458890 0.640784
-0.328714 -0.371427 0.685556
-0.261708 -0.445481 0.717321
-0.196091 -0.464735 0.670387
-0.175155 -0.337302 0.660927
-0.139205 -0.317144 0.720705
-0.064096 -0.403963 0.722091
-0.014585 -0.353204 0.672426
-0.002315 -0.229982 0.697340
0.045443 -0.270254 0.755772
0.138147 -0.318047 0.749187
0.189443 -0.201444 0.759034
0.148498 -0.179181 0.821585
0.199299 -0.242489 0.864155
0.268852 -0.231487 0.909273
0.338239 -0.310440 0.880323
0.351005 -0.230584 0.829455
0.374983 -0.120170 0.859935
0.458427 -0.164783 0.889619
0.510583 -0.194868 0.833349
0.491203 -0.075601 0.791839
0.478602 0.040229 0.839302
0.467225 0.156960 0.880037
0.455682 0.263119 0.919692
0.408718 0.392100 0.921445
0.364863 0.518073 0.927663
0.289688 0.609791 0.929193
0.290713 0.724760 0.888580
0.361060 0.677784 0.833084
0.425585 0.629819 0.791247
0.492393 0.542829 0.758280
0.589099 0.573000 0.738952
0.674329 0.542657 0.692101
0.765677 0.576826 0.669898
0.861390 0.588903 0.640784
0.966993 0.588129 0.651896
1.000000 0.524778 0.596155
0.927537 0.414965 0.605635
0.851072 0.331285 0.603454
0.767793 0.271414 0.628042
0.766140 0.115700 0.624025
0.676545 0.149955 0.658542
0.597400 0.196201 0.692570
0.523614 0.203593 0.739666
0.430315 0.187218 0.778688
0.346408 0.172949 0.816936
0.269348 0.124339 0.850699
0.174858 0.042979 0.851290
0.105305 -0.023166 0.887458
0.019943 -0.085185 0.904788
0.001720 -0.003739 0.954270
-0.044351 0.096274 0.921996
-0.138577 0.026948 0.917796
-0.185177 -0.042721 0.961650
-0.264552 -0.105471 0.932190
-0.199663 -0.122663 0.877162
-0.135699 -0.223535 0.883890
-0.145158 -0.348605 0.909905
-0.129448 -0.341213 0.976758
-0.225559 -0.408175 1.000000
-0.329938 -0.390983 0.985912
-0.300271 -0.380109 0.914962
-0.294252 -0.456312 0.864828
-0.368931 -0.364594 0.835816
-0.387816 -0.235871 0.847355
-0.494774 -0.257317 0.849577
-0.548353 -0.348176 0.817222
-0.599220 -0.404650 0.866663
-0.649028 -0.278463 0.881770
-0.643901 -0.164783 0.846662
-0.533867 -0.107577 0.846091
-0.461073 -0.067993 0.805621
-0.368700 -0.038080 0.772592
-0.301859 0.067606 0.743213
-0.220267 0.127949 0.708085
-0.149028 0.227447 0.694119
-0.080864 0.278807 0.641171
0.001819 0.332359 0.607368
0.076465 0.365625 0.566266
0.173072 0.383590 0.543105
0.260550 0.482142 0.538661
0.350046 0.544376 0.532585
0.346937 0.651094 0.571934
0.269447 0.671767 0.617929
0.214876 0.760863 0.660662
0.138246 0.765849 0.702111
0.118170 0.898440 0.724681
0.194900 0.976146 0.738932
0.185144 0.943138 0.803603
0.086420 0.873899 0.815203
0.005424 0.797138 0.820219
-0.060491 0.677698 0.803664
-0.164837 0.617355 0.781074
-0.263957 0.555895 0.779667
-0.371213 0.555465 0.754733
-0.485282 0.521855 0.754957
-0.588371 0.515580 0.715730
-0.661265 0.543646 0.675851
-0.700721 0.599261 0.622863
-0.797427 0.611897 0.662355
-0.870419 0.597585 0.704415
-0.877762 0.465939 0.696606
-0.782279 0.441527 0.716770
-0.790019 0.491383 0.775528
-0.860101 0.403103 0.794734
-0.805794 0.286672 0.777954
-0.720400 0.292861 0.814734
-0.693643 0.337860 0.871270
-0.606463 0.283234 0.897999
-0.487201 0.293506 0.904564
-0.373231 0.260025 0.903218
-0.258996 0.278205 0.906317
-0.149193 0.238020 0.884421
-0.139602 0.344350 0.923994
-0.179124 0.456612 0.940916
-0.217654 0.514763 0.887438
-0.143802 0.483517 0.845643
-0.041275 0.492242 0.848823
0.060954 0.532944 0.824011
0.164506 0.551597 0.821095
0.259856 0.583702 0.801421
0.309499 0.467486 0.798750
0.281420 0.439206 0.736812
0.348459 0.554820 0.714426
0.368137 0.485709 0.655892
0.391884 0.414793 0.600232
0.460775 0.339709 0.558213
0.430381 0.209524 0.537580
0.465240 0.084111 0.529751
0.565386 0.112047 0.540231
0.556555 0.164095 0.599193
0.462760 0.086603 0.616033
0.440303 -0.039154 0.629652
0.379217 -0.004126 0.686474
0.295542 0.071002 0.679868
0.210213 0.130184 0.714303
0.125083 0.198350 0.722193
0.036546 0.236257 0.747739
-0.065584 0.222332 0.782766
-0.178529 0.206000 0.791879
-0.268819 0.173078 0.824031
-0.378555 0.135901 0.824256
-0.469837 0.114454 0.861464
-0.571868 0.078953 0.867111
-0.663249 0.076761 0.906195
-0.749769 0.144969 0.866989
-0.802454 0.093867 0.816732
-0.875546 0.047148 0.781441
-0.919897 -0.054025 0.750635
-0.936731 -0.040530 0.686474
-0.865491 0.066876 0.665780
-0.807812 0.167104 0.635320
-0.712495 0.246701 0.642864
-0.644364 0.354193 0.637053
-0.537174 0.386943 0.645086
-0.456674 0.485881 0.662579
-0.347202 0.521382 0.662844
-0.262270 0.615550 0.685515
-0.185110 0.711050 0.693793
-0.125050 0.800060 0.730349
-0.052090 0.902351 0.696158
-0.005887 1.000000 0.663945
0.007342 0.906950 0.607837
-0.103387 0.869515 0.596134
-0.184581 0.847595 0.558865
-0.299246 0.814286 0.550995
-0.333609 0.881936 0.491116
-0.338206 0.805776 0.440370
-0.386328 0.761508 0.385262
-0.314327 0.670005 0.365974
-0.296633 0.621051 0.431400
-0.330236 0.535350 0.477130
-0.222417 0.522156 0.500148
-0.192684 0.636481 0.527835
-0.217985 0.614175 0.590120
-0.297030 0.498947 0.573932
-0.390693 0.404135 0.584126
-0.471326 0.311600 0.564125
-0.551892 0.210857 0.591792
-0.611688 0.100658 0.613668
-0.684416 0.045558 0.661315
-0.726121 -0.091546 0.684312
-0.793789 -0.167662 0.726985
-0.839430 -0.286801 0.741093
-0.932895 -0.336227 0.775855
-1.000000 -0.422917 0.803868
