0.633808 -0.009932 1.000000
0.580676 -0.078703 0.988314
0.549835 0.032371 0.954654
0.568982 0.040476 0.894592
0.551799 -0.090040 0.869607
0.498180 -0.073269 0.872302
0.495887 0.043334 0.836753
0.517553 -0.015694 0.786469
0.480197 -0.121568 0.780410
0.439401 -0.029139 0.771832
0.460233 0.032934 0.721292
0.462596 -0.093601 0.688851
0.409812 -0.128783 0.689638
0.393479 -0.013070 0.656647
0.427447 -0.051532 0.604808
0.411427 -0.201583 0.591706
0.367990 -0.174553 0.556530
0.351623 -0.194275 0.498456
0.319254 -0.113651 0.467313
0.298456 -0.071629 0.419744
0.288361 0.046098 0.385395
0.246054 0.125785 0.396018
0.221868 0.248337 0.390136
0.180672 0.313642 0.417796
0.132405 0.390706 0.410891
0.086848 0.443877 0.429679
0.034932 0.395718 0.393972
0.045461 0.264218 0.352285
0.077605 0.151738 0.347524
0.131293 0.175115 0.321143
0.180655 0.115994 0.290492
0.228488 0.066804 0.270012
0.260353 -0.004076 0.224705
0.296528 -0.058653 0.190042
0.326152 -0.061229 0.137298
0.354716 -0.066242 0.089630
0.383871 -0.017006 0.045582
0.403313 0.001827 -0.008754
0.436829 0.037571 -0.050481
0.466610 0.133608 -0.080423
0.475367 0.231238 -0.128976
0.512584 0.309051 -0.168637
0.538976 0.407243 -0.206626
0.579095 0.418017 -0.260609
0.617979 0.416003 -0.305640
0.632574 0.360817 -0.365938
0.659140 0.307786 -0.414786
0.658202 0.301368 -0.483622
0.668471 0.257238 -0.542386
0.664370 0.293872 -0.605398
0.667550 0.272510 -0.665795
0.691597 0.324464 -0.728768
0.703012 0.387239 -0.786784
0.743235 0.443362 -0.830458
0.766569 0.509885 -0.880014
0.809780 0.533121 -0.920659
0.841124 0.519770 -0.967854
0.824723 0.391549 -1.000000
0.791606 0.309613 -0.964372
0.795359 0.305725 -0.901753
0.784152 0.248665 -0.844367
0.774683 0.275227 -0.777655
0.775309 0.264780 -0.715567
0.747022 0.337066 -0.660443
0.730447 0.424670 -0.604474
0.695645 0.471564 -0.553147
0.672745 0.523658 -0.501033
0.628735 0.495877 -0.458519
0.585367 0.507823 -0.413429
0.552685 0.424529 -0.365938
0.522835 0.348918 -0.326435
0.526779 0.248993 -0.271626
0.523478 0.125504 -0.225374
0.529420 0.075799 -0.158388
0.540644 0.037665 -0.101415
0.551260 0.053921 -0.041372
0.555361 0.021222 0.018453
0.504435 0.081795 0.034310
0.459017 0.132671 0.058193
0.421696 0.211609 0.077295
0.383419 0.250586 0.109618
0.336351 0.208798 0.124963
0.287336 0.226085 0.136472
0.245446 0.194510 0.167791
0.199420 0.124473 0.184435
0.143890 0.109248 0.203301
0.110808 0.030216 0.252562
0.096873 -0.043615 0.300289
0.101773 -0.121568 0.349472
0.085337 -0.229832 0.380988
0.028382 -0.227584 0.374575
0.015212 -0.145414 0.315929
-0.023048 -0.068491 0.271193
-0.061342 0.001499 0.240542
-0.106516 0.100628 0.228522
-0.083599 0.161670 0.166276
-0.057867 0.235501 0.120832
-0.017001 0.298276 0.153666
0.028573 0.324089 0.181189
0.020459 0.276117 0.243041
-0.019729 0.183266 0.263560
-0.016567 0.114073 0.322087
-0.064643 0.052937 0.352738
-0.057745 -0.104282 0.356534
-0.053124 -0.241544 0.378450
-0.036861 -0.388738 0.394562
-0.051716 -0.542865 0.402097
-0.031700 -0.684578 0.429816
-0.086848 -0.676005 0.419409
-0.137200 -0.623770 0.421141
-0.187257 -0.595896 0.437036
-0.241745 -0.628502 0.457162
-0.287979 -0.554671 0.458913
-0.262577 -0.418533 0.450394
-0.211287 -0.375480 0.455942
-0.162463 -0.277054 0.460349
-0.114961 -0.205144 0.453916
-0.077761 -0.119413 0.490016
-0.031596 -0.232643 0.480101
-0.004352 -0.349621 0.480494
-0.039311 -0.440457 0.511971
-0.090097 -0.354258 0.524739
-0.144150 -0.347231 0.545750
-0.200914 -0.318092 0.545750
-0.253195 -0.350276 0.564872
-0.304103 -0.365830 0.580669
-0.342884 -0.428886 0.609176
-0.327281 -0.576127 0.621924
-0.264975 -0.575564 0.621865
-0.210053 -0.663684 0.628730
-0.153307 -0.648599 0.611497
-0.122414 -0.615900 0.563455
-0.173114 -0.645648 0.525565
-0.221486 -0.692589 0.544373
-0.235229 -0.835847 0.561134
-0.269145 -0.800853 0.613248
-0.308534 -0.780474 0.653420
-0.346585 -0.731659 0.696465
-0.377755 -0.748712 0.746179
-0.418534 -0.686592 0.777144
-0.426943 -0.803242 0.815152
-0.382707 -0.801743 0.851213
-0.389813 -0.655111 0.876886
-0.432833 -0.571395 0.872755
-0.441399 -0.496486 0.817375
-0.492672 -0.534573 0.819795
-0.542190 -0.481121 0.835219
-0.578990 -0.586714 0.847691
-0.618674 -0.655392 0.878263
-0.603228 -0.801883 0.848341
-0.574803 -0.819029 0.790423
-0.529507 -0.851729 0.752867
-0.503236 -0.851963 0.691409
-0.463118 -0.874918 0.650843
-0.428889 -0.817155 0.597096
-0.397163 -0.745432 0.560150
-0.400985 -0.605500 0.588617
-0.450521 -0.646725 0.633393
-0.508987 -0.636232 0.660463
-0.560782 -0.681439 0.695245
-0.612176 -0.698164 0.722984
-0.650297 -0.785159 0.757294
-0.699606 -0.841422 0.774980
-0.742627 -0.918954 0.785505
-0.793795 -0.935210 0.778639
-0.816678 -0.796121 0.776554
-0.771226 -0.692448 0.756153
-0.741480 -0.544739 0.748343
-0.718389 -0.416565 0.745765
-0.710796 -0.274431 0.750310
-0.685185 -0.151972 0.738191
-0.642843 -0.187998 0.777183
-0.628109 -0.329570 0.793886
-0.645414 -0.367469 0.855580
-0.698321 -0.450670 0.838091
-0.746918 -0.534526 0.839606
-0.801753 -0.555373 0.817159
-0.847136 -0.597067 0.792843
-0.884145 -0.613979 0.748166
-0.929180 -0.591820 0.796443
-0.945756 -0.461023 0.812182
-0.973729 -0.349058 0.799079
-0.975918 -0.234845 0.766048
-0.959326 -0.135857 0.735535
-0.975658 -0.091867 0.685861
-0.974806 -0.105125 0.629065
-0.982608 -0.080109 0.574885
-1.000000 -0.147662 0.528555
-0.987386 -0.247447 0.481261
-0.989662 -0.176614 0.423718
-0.930014 -0.139745 0.416301
-0.893388 -0.254755 0.421082
-0.906072 -0.337159 0.371860
-0.895143 -0.234985 0.330271
-0.844669 -0.207392 0.344652
-0.826095 -0.342219 0.336940
-0.840499 -0.352338 0.278354
-0.812056 -0.238499 0.259133
-0.764345 -0.290359 0.276996
-0.765266 -0.410897 0.244319
-0.770513 -0.345311 0.190317
-0.726173 -0.265577 0.194842
-0.692830 -0.380774 0.199091
-0.703742 -0.446547 0.147646
-0.690450 -0.341001 0.109244
-0.637908 -0.335285 0.128858
-0.623487 -0.469409 0.112372
-0.633617 -0.464162 0.053825
-0.598589 -0.355148 0.043281
-0.553675 -0.425607 0.062127
-0.554857 -0.531388 0.020893
-0.550704 -0.450436 -0.028605
-0.504348 -0.386208 -0.013614
-0.474550 -0.505247 -0.010800
-0.479850 -0.546472 -0.068383
-0.456793 -0.428371 -0.092699
-0.407084 -0.450108 -0.066180
-0.396051 -0.591961 -0.087270
-0.389622 -0.597114 -0.147685
-0.337810 -0.554999 -0.149830
-0.316613 -0.662325 -0.115795
-0.328810 -0.767544 -0.155496
-0.299568 -0.711140 -0.202199
-0.251023 -0.709126 -0.172729
-0.245915 -0.849293 -0.158801
-0.245185 -0.891923 -0.219099
-0.202982 -0.811065 -0.239598
-0.163680 -0.862597 -0.202593
-0.160344 -1.000000 -0.230430
-0.144567 -0.965942 -0.294132
-0.100835 -0.847138 -0.289390
-0.048102 -0.826384 -0.291043
-0.004648 -0.744214 -0.303771
0.045027 -0.695025 -0.327536
0.096439 -0.633233 -0.326100
0.138938 -0.538602 -0.339045
0.183035 -0.623489 -0.351459
0.183261 -0.629017 -0.413153
0.203677 -0.493769 -0.424190
0.254185 -0.509416 -0.401723
0.275035 -0.606203 -0.439417
0.275938 -0.520425 -0.489131
0.311244 -0.419798 -0.469359
0.354525 -0.504216 -0.463123
0.361093 -0.539867 -0.522949
0.379979 -0.405884 -0.540674
0.427708 -0.397124 -0.512148
0.455942 -0.497704 -0.544333
0.465932 -0.407898 -0.593693
0.503219 -0.316359 -0.569200
0.544606 -0.409444 -0.562885
0.552268 -0.429354 -0.622966
0.571606 -0.289000 -0.632763
0.617024 -0.287407 -0.600264
0.643833 -0.388363 -0.633334
0.644598 -0.306615 -0.685664
0.672484 -0.191464 -0.662470
0.718423 -0.254427 -0.646456
0.732375 -0.293170 -0.703173
0.736823 -0.154315 -0.723515
0.777359 -0.112058 -0.686176
0.817269 -0.199007 -0.706321
0.816904 -0.141291 -0.764297
0.825227 -0.001405 -0.741359
0.863990 0.083716 -0.725856
0.884579 0.213061 -0.718282
0.876691 0.344327 -0.753418
0.892102 0.477045 -0.779505
0.893944 0.603345 -0.805198
0.925445 0.687810 -0.834904
0.947094 0.801274 -0.858098
0.973764 0.872997 -0.894631
1.000000 1.000000 -0.904743
