-0.564179 -0.532898 -1.000000
-0.540956 -0.572166 -0.941049
-0.516072 -0.588986 -0.887799
-0.502855 -0.611499 -0.826850
-0.485196 -0.592471 -0.757466
-0.480417 -0.613231 -0.698301
-0.421696 -0.603922 -0.648716
-0.386714 -0.620786 -0.595718
-0.321463 -0.593575 -0.555247
-0.288524 -0.555130 -0.509502
-0.258120 -0.510970 -0.472308
-0.221478 -0.458367 -0.456504
-0.176938 -0.429382 -0.422413
-0.143325 -0.378684 -0.394760
-0.090169 -0.345759 -0.373546
-0.122996 -0.311123 -0.331213
-0.142585 -0.364375 -0.300186
-0.078231 -0.388837 -0.291014
-0.059989 -0.333506 -0.258668
-0.107469 -0.333961 -0.216859
-0.088329 -0.394854 -0.193356
-0.025771 -0.374030 -0.165199
-0.051821 -0.349331 -0.113578
-0.089159 -0.349872 -0.064439
-0.150169 -0.339784 -0.040354
-0.142921 -0.272613 -0.034673
-0.131657 -0.256313 -0.091840
-0.189705 -0.283610 -0.111018
-0.233752 -0.246593 -0.075493
-0.213737 -0.187388 -0.101400
-0.219346 -0.198039 -0.160778
-0.283767 -0.220379 -0.164230
-0.313655 -0.164659 -0.145517
-0.291351 -0.126214 -0.193589
-0.314575 -0.161650 -0.239276
-0.380028 -0.158728 -0.221591
-0.386041 -0.092357 -0.223995
-0.376841 -0.086729 -0.283432
-0.425196 -0.128768 -0.302397
-0.480215 -0.103614 -0.272533
-0.477163 -0.042807 -0.301796
-0.488270 -0.065688 -0.357043
-0.546700 -0.100172 -0.347735
-0.582781 -0.042764 -0.327975
-0.543716 0.007133 -0.370908
-0.524284 0.017697 -0.428657
-0.532653 0.090647 -0.422336
-0.480013 0.107792 -0.380953
-0.417432 0.134504 -0.370482
-0.406752 0.109545 -0.315525
-0.394613 0.044084 -0.338039
-0.341030 0.061987 -0.379227
-0.293236 0.079521 -0.323262
-0.222600 0.082443 -0.293574
-0.171732 0.105974 -0.259444
-0.108478 0.098938 -0.236174
-0.125083 0.136366 -0.185270
-0.156990 0.092379 -0.150171
-0.151605 0.050925 -0.104871
-0.179788 -0.003344 -0.132660
-0.123422 -0.004254 -0.172840
-0.062457 0.004297 -0.142724
-0.077401 -0.051488 -0.101032
-0.121246 -0.103203 -0.139912
-0.084245 -0.098938 -0.201113
-0.017356 -0.084088 -0.205341
0.002636 -0.142254 -0.171793
-0.030954 -0.193709 -0.207590
-0.031851 -0.242415 -0.246820
-0.090258 -0.227912 -0.284227
-0.123355 -0.165676 -0.281512
-0.107222 -0.144137 -0.337826
-0.127798 -0.199035 -0.366157
-0.194866 -0.187821 -0.354328
-0.198030 -0.132210 -0.389428
-0.179137 -0.161996 -0.439769
-0.230992 -0.207845 -0.437733
-0.280850 -0.160589 -0.442076
-0.256729 -0.092379 -0.464920
-0.204021 -0.050362 -0.453285
-0.159930 0.011441 -0.455030
-0.112585 0.064584 -0.451055
-0.096496 0.134266 -0.417662
-0.069772 0.175504 -0.375911
-0.130176 0.152558 -0.332280
-0.167267 0.092271 -0.367011
-0.217551 0.048176 -0.382505
-0.264380 0.027914 -0.431430
-0.325009 0.012025 -0.467247
-0.352945 0.018952 -0.521157
-0.401546 0.007782 -0.563179
-0.363378 -0.051726 -0.581814
-0.373004 -0.100886 -0.538958
-0.398696 -0.155654 -0.510646
-0.442204 -0.189358 -0.473976
-0.411868 -0.249775 -0.482838
-0.352473 -0.233085 -0.454681
-0.381239 -0.218755 -0.402924
-0.409489 -0.278826 -0.394372
-0.352428 -0.316340 -0.394547
-0.321037 -0.287225 -0.347425
-0.372084 -0.293568 -0.308951
-0.372735 -0.362232 -0.308932
-0.309616 -0.371389 -0.287989
-0.321217 -0.338723 -0.236794
-0.375742 -0.375242 -0.217344
-0.344889 -0.434014 -0.212360
-0.295031 -0.413579 -0.173868
-0.337462 -0.391975 -0.131826
-0.367417 -0.451418 -0.121354
-0.313453 -0.487980 -0.105724
-0.297028 -0.449470 -0.056139
-0.358464 -0.453583 -0.026257
-0.360259 -0.521685 -0.022204
-0.300371 -0.532400 0.007408
-0.319848 -0.506532 0.060309
-0.375001 -0.551407 0.071149
-0.337911 -0.614854 0.070043
-0.290947 -0.613858 0.121277
-0.345024 -0.623665 0.173169
-0.373610 -0.695100 0.155271
-0.344799 -0.762055 0.163241
-0.340110 -0.802968 0.221552
-0.369504 -0.864727 0.252618
-0.349646 -0.924603 0.281008
-0.321419 -0.957615 0.340056
-0.318030 -1.000000 0.397339
-0.302032 -0.998203 0.469206
-0.274971 -0.991752 0.532830
-0.291822 -0.965819 0.601710
-0.294694 -0.927071 0.656357
-0.327993 -0.881309 0.711507
-0.363715 -0.821454 0.741545
-0.417163 -0.785087 0.785177
-0.450058 -0.721705 0.824542
-0.480327 -0.674687 0.870598
-0.525742 -0.607992 0.894353
-0.576969 -0.550822 0.918806
-0.589288 -0.479451 0.955980
-0.644509 -0.416242 0.970524
-0.682407 -0.345997 0.975547
-0.725332 -0.279042 0.993232
-0.752191 -0.199900 1.000000
-0.793163 -0.130045 0.981248
-0.836379 -0.070104 0.984273
-0.882827 -0.010098 0.949988
-0.919424 0.045535 0.924469
-0.950321 0.092054 0.869085
-0.993044 0.136518 0.827121
-0.992618 0.175201 0.761364
-1.000000 0.214880 0.710014
-0.966971 0.239948 0.646603
-0.937217 0.263933 0.593449
-0.865033 0.257265 0.555461
-0.814592 0.238909 0.517802
-0.764464 0.203386 0.485301
-0.697239 0.193190 0.466491
-0.639976 0.163165 0.447293
-0.572526 0.145047 0.440428
-0.513020 0.131842 0.411709
-0.462870 0.094674 0.385627
-0.394366 0.079456 0.382446
-0.379624 0.111515 0.330942
-0.377470 0.173967 0.355085
-0.324650 0.166369 0.394198
-0.276878 0.151129 0.350838
-0.283296 0.210378 0.320315
-0.265345 0.250641 0.363927
-0.198927 0.230553 0.370850
-0.164395 0.239406 0.319597
-0.168075 0.306881 0.318957
-0.141553 0.319003 0.374321
-0.080318 0.290320 0.361290
-0.064656 0.333268 0.317872
-0.062547 0.386910 0.351303
-0.012465 0.364180 0.389253
0.036743 0.351582 0.348162
0.041275 0.409878 0.317697
0.055299 0.451830 0.363132
0.118867 0.417519 0.370559
0.150416 0.416740 0.318337
0.161523 0.483002 0.309048
0.216025 0.488587 0.347483
0.267903 0.471918 0.312519
0.272144 0.533245 0.285274
0.300596 0.565174 0.338291
0.369055 0.550930 0.336662
0.433812 0.571603 0.324465
0.461883 0.511121 0.311666
0.418779 0.503415 0.262605
0.439422 0.556883 0.232799
0.505795 0.537639 0.227622
0.491591 0.482179 0.195974
0.461344 0.515126 0.150908
0.514389 0.554242 0.135666
0.557381 0.503263 0.120230
0.513042 0.487353 0.069636
0.508487 0.549588 0.038221
0.517261 0.600784 -0.003355
0.501846 0.665379 0.004635
0.537567 0.688519 -0.042875
0.499804 0.655486 -0.085266
0.438053 0.679493 -0.071149
0.457440 0.744196 -0.080205
0.471643 0.736684 -0.138090
0.409332 0.714994 -0.155271
0.371277 0.766839 -0.136655
0.402847 0.814657 -0.168961
0.388689 0.788053 -0.221882
0.319197 0.787728 -0.216588
0.312466 0.852951 -0.205883
0.339908 0.873949 -0.258028
0.289915 0.844097 -0.291363
0.234537 0.873841 -0.268810
0.251343 0.939345 -0.279107
0.244836 0.930145 -0.341142
0.173909 0.908173 -0.342771
0.153983 0.947809 -0.284595
0.130558 1.000000 -0.245249
0.084245 0.960342 -0.206814
0.113078 0.924625 -0.162077
0.100131 0.880573 -0.111387
0.175861 0.857042 -0.098045
0.238823 0.832603 -0.069345
0.287357 0.792404 -0.047239
0.242772 0.747898 -0.023406
0.220670 0.722159 -0.075764
0.285966 0.700923 -0.090036
0.300080 0.663582 -0.041751
0.251029 0.618123 -0.052746
0.282084 0.596844 -0.104658
0.341119 0.577903 -0.080496
0.312084 0.533656 -0.041518
0.285719 0.492548 -0.081717
0.342578 0.479387 -0.113927
0.380387 0.456202 -0.068880
0.340132 0.406306 -0.051815
0.339279 0.373337 -0.107024
0.411823 0.377537 -0.128840
0.453872 0.377429 -0.069365
0.420596 0.346170 -0.016677
0.362279 0.295970 -0.031977
0.328801 0.226375 -0.035468
0.293932 0.166694 -0.046405
0.256235 0.104437 -0.023542
0.244769 0.037417 -0.028894
0.321351 0.012436 -0.023561
0.388891 -0.010856 -0.016755
0.448465 -0.042915 -0.021913
0.501823 -0.080776 -0.003898
0.563506 -0.090214 0.025558
0.586304 -0.141258 -0.018034
0.560410 -0.112641 -0.080670
0.504359 -0.073871 -0.098821
0.438928 -0.101666 -0.100741
0.374171 -0.116624 -0.084413
0.304051 -0.115780 -0.049352
0.246744 -0.127469 -0.002812
0.197626 -0.137167 0.036399
0.159526 -0.156844 0.090851
0.113258 -0.160156 0.136344
0.171396 -0.148056 0.177164
0.204492 -0.114178 0.218818
0.249010 -0.091665 0.263613
0.284934 -0.063307 0.306935
0.325974 -0.022156 0.335770
0.378749 0.014190 0.365033
0.407739 0.067745 0.390455
0.412070 0.101644 0.337166
0.344530 0.102553 0.323825
0.325615 0.135240 0.374069
0.362413 0.190895 0.364994
0.322316 0.199641 0.310289
0.257155 0.167668 0.304394
0.244073 0.100757 0.295396
0.190019 0.053977 0.290025
0.220558 0.030858 0.229949
0.244747 -0.025035 0.188062
0.264290 -0.058307 0.137236
0.278449 -0.107489 0.090579
0.328711 -0.121798 0.046133
0.344889 -0.178167 0.010976
0.388711 -0.228366 -0.016309
0.400985 -0.282982 -0.049876
0.471554 -0.280211 -0.052261
0.477904 -0.278436 0.013516
0.433117 -0.276423 0.057555
0.417971 -0.202953 0.076326
0.407178 -0.144246 0.110107
0.382227 -0.075126 0.110883
0.365218 -0.013713 0.136402
0.309033 0.038434 0.151218
0.290296 0.095063 0.182206
0.248225 0.146259 0.204410
0.263707 0.209728 0.221067
0.252398 0.268803 0.258552
0.314867 0.303590 0.249864
0.353775 0.350564 0.221397
0.415278 0.324112 0.233672
0.407402 0.272938 0.194559
0.398898 0.310019 0.143558
0.466236 0.327662 0.138729
0.483581 0.258694 0.129518
0.437739 0.232891 0.088039
0.397754 0.256897 0.043574
0.330888 0.211547 0.055946
0.252533 0.193904 0.034711
0.183333 0.229882 0.040762
0.144223 0.275103 0.066844
0.177050 0.274150 0.119085
0.238352 0.298720 0.099907
0.218045 0.350954 0.068957
0.186990 0.384442 0.114354
0.239115 0.385005 0.153991
0.285742 0.416134 0.117806
0.247507 0.469126 0.100605
0.239249 0.495319 0.154573
0.306138 0.507311 0.160836
0.315046 0.547770 0.114897
0.272480 0.594484 0.134599
0.303782 0.607646 0.186705
0.367664 0.622604 0.163357
0.345293 0.676484 0.130527
0.274635 0.700750 0.153681
0.210528 0.675553 0.149511
0.146354 0.652564 0.152362
0.115389 0.583877 0.171191
0.081575 0.516425 0.160022
0.046032 0.457826 0.164230
0.001874 0.406068 0.133959
-0.060954 0.360695 0.136693
-0.096474 0.300884 0.116177
-0.133856 0.244818 0.118252
-0.098448 0.220595 0.065060
-0.028216 0.227501 0.062810
0.003714 0.300386 0.072215
0.060101 0.357730 0.067464
0.080071 0.435248 0.075415
0.077154 0.511424 0.067697
0.082988 0.583185 0.084374
0.093400 0.657477 0.070431
0.100468 0.724952 0.068589
0.091403 0.791192 0.042235
0.099032 0.858211 0.036554
0.067573 0.862389 -0.017705
0.004678 0.825979 -0.002211
-0.023796 0.807124 0.050070
-0.005464 0.728307 0.050361
-0.000303 0.663409 0.030154
0.035037 0.604420 0.004809
0.054177 0.547683 -0.021137
0.102824 0.485339 -0.011577
0.142248 0.433192 -0.043341
0.198142 0.390806 -0.047529
0.172271 0.347166 -0.086507
0.160603 0.402215 -0.132834
0.166033 0.467719 -0.134424
0.110116 0.508069 -0.102641
0.069009 0.571344 -0.108362
-0.001537 0.578682 -0.114780
-0.046504 0.512853 -0.103863
-0.102981 0.485296 -0.077277
-0.119092 0.442305 -0.125465
-0.083931 0.386282 -0.123546
-0.134642 0.348465 -0.095524
-0.194238 0.359396 -0.128840
-0.161410 0.362730 -0.187132
-0.107760 0.321016 -0.187907
-0.132286 0.267851 -0.151897
-0.190850 0.262396 -0.115091
-0.206018 0.274605 -0.058466
-0.243109 0.275622 -0.002695
-0.250266 0.319739 0.041634
-0.252488 0.346776 0.108498
-0.180640 0.368705 0.130624
-0.136212 0.430680 0.142647
-0.076347 0.454081 0.180810
-0.032188 0.503826 0.210984
0.039099 0.523503 0.239296
0.076324 0.568919 0.285603
0.085412 0.615677 0.328246
0.012330 0.639965 0.321653
-0.032143 0.582535 0.288027
-0.099413 0.558334 0.264214
-0.139017 0.534392 0.207028
-0.182166 0.527075 0.160390
-0.171687 0.511554 0.096378
-0.218875 0.485729 0.060832
-0.229421 0.541081 0.025151
-0.170520 0.531751 -0.008513
-0.188539 0.463930 -0.030213
-0.259623 0.488413 -0.053599
-0.327365 0.483499 -0.086333
-0.364545 0.436179 -0.044698
-0.399661 0.443929 0.005876
-0.440589 0.390417 -0.000543
-0.388868 0.345477 0.003995
-0.368921 0.365544 0.059106
-0.426655 0.353660 0.087690
-0.426318 0.287247 0.076598
-0.362077 0.281315 0.112201
-0.379736 0.304586 0.169989
-0.377582 0.247719 0.215192
-0.331157 0.263110 0.264621
-0.367215 0.332597 0.278991
-0.389878 0.394270 0.290413
-0.383595 0.460012 0.284750
-0.379265 0.471226 0.343352
-0.320723 0.436720 0.354425
-0.280132 0.469515 0.316669
-0.289018 0.531210 0.337283
-0.274298 0.520819 0.395575
-0.208935 0.501748 0.382718
-0.186564 0.556039 0.355550
-0.199668 0.596411 0.401664
-0.155846 0.565888 0.439556
-0.097932 0.573184 0.407384
-0.100131 0.639597 0.403545
-0.099368 0.652975 0.461953
-0.036384 0.623881 0.469186
0.003130 0.655291 0.428056
-0.014147 0.721813 0.444946
0.008897 0.742031 0.498138
0.073923 0.766038 0.470505
0.054738 0.819376 0.433893
0.036384 0.878105 0.413764
-0.005598 0.918239 0.384870
0.023011 0.907978 0.331756
0.007236 0.842582 0.327936
-0.061178 0.848925 0.333947
-0.068134 0.888669 0.285022
-0.042824 0.844877 0.245520
-0.087588 0.796322 0.254305
-0.143033 0.834183 0.240479
-0.122525 0.840785 0.182245
-0.116242 0.776212 0.165587
-0.181089 0.754608 0.175303
-0.208890 0.791062 0.131167
-0.178239 0.757530 0.087322
-0.205098 0.697719 0.101730
-0.272323 0.712613 0.097735
-0.267409 0.728372 0.038919
-0.248404 0.667154 0.022960
-0.302436 0.630613 0.045338
-0.350925 0.664946 0.008300
-0.309190 0.647498 -0.048266
-0.299474 0.606866 -0.092945
-0.267050 0.586756 -0.143442
-0.251635 0.570283 -0.199465
-0.217641 0.538288 -0.241177
-0.159391 0.525928 -0.282869
-0.112921 0.495492 -0.316689
-0.061335 0.494540 -0.270342
-0.090146 0.436482 -0.239354
-0.066631 0.382277 -0.280969
0.010759 0.399790 -0.303192
0.017334 0.473823 -0.326210
0.034140 0.542336 -0.334781
-0.010131 0.608382 -0.338020
-0.008291 0.641913 -0.274880
0.015830 0.718631 -0.265164
0.063534 0.764046 -0.271661
0.126990 0.778918 -0.283083
0.151291 0.758202 -0.229988
0.135068 0.694278 -0.234777
0.170520 0.685186 -0.286942
0.232495 0.699754 -0.262585
0.236467 0.656265 -0.217945
0.220379 0.600849 -0.257815
0.225966 0.604355 -0.320664
0.169847 0.627150 -0.355899
0.217933 0.661504 -0.380682
0.252533 0.662067 -0.425593
0.284216 0.713695 -0.442639
0.323236 0.751621 -0.469303
0.370873 0.733481 -0.505643
0.431501 0.738698 -0.523581
0.467088 0.723458 -0.569403
0.530320 0.697698 -0.581407
0.597388 0.718999 -0.606403
0.662145 0.710946 -0.635064
0.727688 0.747833 -0.636131
0.794173 0.764284 -0.631225
0.855317 0.785066 -0.604774
0.923620 0.789871 -0.605763
0.935804 0.724887 -0.610146
0.899454 0.718133 -0.665122
0.942042 0.759500 -0.696110
1.000000 0.721012 -0.684591
0.974690 0.657477 -0.698786
0.914891 0.638320 -0.724092
0.871518 0.614335 -0.667061
0.817441 0.571647 -0.640766
0.796484 0.535388 -0.581543
0.736910 0.492548 -0.557400
0.699752 0.461787 -0.505139
0.657590 0.408947 -0.469691
0.623462 0.383013 -0.412659
0.574075 0.350608 -0.377948
0.606969 0.351820 -0.323573
0.618794 0.421913 -0.325376
0.591621 0.467546 -0.360999
0.647089 0.490427 -0.410603
0.701906 0.526036 -0.436569
0.765609 0.538029 -0.476613
0.819640 0.576214 -0.500717
0.882311 0.564308 -0.521564
0.890523 0.627669 -0.545551
0.883186 0.651633 -0.480938
0.903178 0.613036 -0.434901
0.840351 0.589830 -0.418069
0.777411 0.612646 -0.413648
0.708593 0.611044 -0.387004
0.633492 0.585414 -0.383106
0.570709 0.569417 -0.356384
0.524104 0.537336 -0.395846
0.491726 0.531621 -0.447099
0.466707 0.594744 -0.452024
0.529018 0.628405 -0.465812
0.530163 0.599398 -0.526295
0.468794 0.619184 -0.557225
0.421202 0.641004 -0.598685
0.367440 0.582167 -0.597541
0.296467 0.551666 -0.570199
0.248292 0.492505 -0.552998
0.247955 0.444729 -0.509386
0.302391 0.443842 -0.463776
0.349422 0.401002 -0.418302
0.374957 0.363574 -0.368969
0.389048 0.296338 -0.344438
0.385054 0.245294 -0.296851
0.405226 0.181479 -0.269857
0.415996 0.144549 -0.221552
0.412563 0.080668 -0.243620
0.470005 0.098527 -0.286592
0.505615 0.152775 -0.299410
0.473057 0.206308 -0.340347
0.475391 0.257417 -0.394605
0.431322 0.311167 -0.433156
0.381262 0.326406 -0.476865
0.302750 0.341299 -0.487550
0.235569 0.353011 -0.479193
0.172854 0.356301 -0.455399
0.109533 0.337901 -0.445043
0.076122 0.342187 -0.501687
0.120169 0.339741 -0.554006
0.138523 0.335238 -0.615323
0.194013 0.393014 -0.604619
0.270147 0.421589 -0.614237
0.332436 0.472568 -0.609060
0.409714 0.494604 -0.625194
0.470791 0.549155 -0.628394
0.533057 0.583336 -0.656900
0.576319 0.643948 -0.672607
0.625234 0.677523 -0.716704
0.672714 0.739650 -0.730065
0.723649 0.776926 -0.774802
0.707202 0.837776 -0.796463
0.726386 0.875139 -0.748294
0.799760 0.851717 -0.762682
0.820044 0.821866 -0.816340
0.787396 0.754154 -0.829429
0.785915 0.679579 -0.845621
0.791368 0.616629 -0.860262
0.820605 0.550259 -0.868329
0.792580 0.506077 -0.813295
0.758361 0.448236 -0.778836
0.741689 0.411696 -0.722076
0.697733 0.355392 -0.693414
0.659408 0.332294 -0.639641
0.596782 0.285558 -0.622557
0.532833 0.255772 -0.588679
0.475660 0.198104 -0.591452
0.409871 0.163403 -0.575842
0.356063 0.111840 -0.585673
0.281792 0.080971 -0.585557
0.241717 0.064151 -0.630139
0.229287 0.128010 -0.658179
0.280199 0.172019 -0.653913
0.315988 0.237437 -0.674857
0.379197 0.270838 -0.701268
0.410544 0.330692 -0.729096
0.469736 0.363120 -0.757350
0.498973 0.432672 -0.775558
0.532900 0.479473 -0.818608
0.533820 0.556472 -0.837225
0.519864 0.612841 -0.880042
0.507276 0.634423 -0.938702
0.541674 0.571452 -0.969031
0.532900 0.513935 -0.921230
0.522736 0.438344 -0.903196
0.526258 0.381866 -0.855414
0.530051 0.322012 -0.823515
0.541741 0.281034 -0.768325
0.561666 0.244537 -0.717480
0.560903 0.213928 -0.660060
0.628869 0.181414 -0.648639
0.688443 0.215162 -0.632369
0.723021 0.247979 -0.682788
0.761233 0.285277 -0.725392
0.745908 0.330173 -0.775539
0.754950 0.368164 -0.835634
0.743799 0.432932 -0.872363
0.736057 0.473607 -0.928231
0.674105 0.506402 -0.933525
0.706416 0.565023 -0.904107
0.743440 0.603533 -0.939110
0.713754 0.668388 -0.921793
0.681712 0.681484 -0.869706
0.648705 0.716488 -0.818725
0.600126 0.654382 -0.804433
0.568869 0.600589 -0.759715
0.527762 0.538202 -0.742204
0.500297 0.493847 -0.699407
0.444224 0.435724 -0.693705
0.377088 0.403015 -0.669388
0.321351 0.352534 -0.671269
0.258748 0.321233 -0.641716
0.211829 0.256161 -0.653157
0.175995 0.206373 -0.626590
0.144380 0.153511 -0.593740
0.100064 0.122187 -0.544640
0.064185 0.157883 -0.503064
0.093198 0.190203 -0.456097
0.161590 0.177344 -0.480705
0.182144 0.217153 -0.524647
0.231418 0.251550 -0.494415
0.276205 0.191869 -0.495559
0.291284 0.182020 -0.556275
0.338404 0.243346 -0.547025
0.415749 0.255577 -0.537252
0.474426 0.289758 -0.517627
0.519998 0.260079 -0.482159
0.532250 0.200009 -0.458075
0.561644 0.189964 -0.393131
0.590522 0.190094 -0.338058
0.616506 0.211135 -0.285991
0.683372 0.184726 -0.299682
0.699258 0.233085 -0.345330
0.743978 0.289325 -0.350663
0.776918 0.284064 -0.412349
0.728653 0.291987 -0.455593
0.695982 0.320994 -0.507815
0.635152 0.327943 -0.540607
0.676057 0.390114 -0.565099
0.715953 0.418666 -0.620753
0.749790 0.480101 -0.649725
0.787486 0.503458 -0.704856
0.819506 0.562620 -0.734467
0.849102 0.595978 -0.784847
0.884712 0.653797 -0.817755
0.886641 0.719756 -0.852079
0.873470 0.773528 -0.885006
0.833328 0.806886 -0.924663
