0.040208 0.333504 -1.000000
0.077361 0.365520 -0.935488
0.120095 0.379637 -0.871604
0.121857 0.396876 -0.799028
0.158306 0.435291 -0.743698
0.176545 0.452651 -0.675410
0.191700 0.514822 -0.625092
0.218221 0.552606 -0.565194
0.229823 0.620123 -0.520749
0.272909 0.685478 -0.487117
0.272644 0.732633 -0.429224
0.237753 0.770326 -0.373312
0.224448 0.846524 -0.341498
0.189321 0.881424 -0.285936
0.151345 0.947500 -0.251069
0.147321 0.994564 -0.190519
0.054776 1.000000 -0.192710
0.039327 0.908335 -0.186790
0.084087 0.899114 -0.125307
0.034393 0.961916 -0.087761
-0.046082 0.920348 -0.098132
-0.021587 0.838715 -0.065713
-0.008664 0.869260 0.001597
-0.099565 0.881153 0.016909
-0.115484 0.783451 0.019030
-0.074512 0.759994 0.081375
-0.051134 0.751224 0.146260
-0.019355 0.781078 0.216552
0.003289 0.796035 0.282813
0.000969 0.834720 0.346859
0.022850 0.903289 0.390862
0.042088 0.874245 0.456516
0.040032 0.798648 0.493666
0.010280 0.752425 0.556850
0.013128 0.695510 0.617680
-0.053513 0.647455 0.661217
-0.009281 0.553116 0.667999
0.042205 0.507914 0.733514
-0.012894 0.427361 0.761342
-0.074601 0.363718 0.776724
-0.152931 0.300045 0.764441
-0.236137 0.280463 0.813105
-0.322104 0.303559 0.800869
-0.305187 0.390419 0.776677
-0.213287 0.419252 0.810262
-0.137394 0.464604 0.842635
-0.045407 0.437513 0.874891
0.029018 0.400511 0.906401
0.083676 0.346088 0.941594
0.122738 0.312960 1.000000
0.199219 0.367503 0.988836
0.209410 0.441718 0.942596
0.242364 0.427632 0.875007
0.293732 0.452110 0.805251
0.314585 0.474306 0.725706
0.335203 0.499054 0.656089
0.323161 0.542544 0.583793
0.348097 0.557441 0.505250
0.389920 0.581048 0.439083
0.440496 0.560505 0.379884
0.457707 0.651179 0.357696
0.502996 0.675387 0.428688
0.498091 0.642589 0.499563
0.422051 0.671032 0.541352
0.350300 0.682084 0.584748
0.257607 0.682685 0.602461
0.253789 0.618982 0.674012
0.200952 0.556720 0.722816
0.172550 0.464004 0.757076
0.156132 0.387085 0.792199
0.180099 0.301156 0.823826
0.164386 0.211533 0.827136
0.149906 0.124523 0.874052
0.103677 0.067488 0.915118
0.041030 0.127407 0.939100
0.003113 0.139360 0.873236
-0.019590 0.051810 0.864053
-0.075629 0.044511 0.918754
-0.133664 0.108665 0.893280
-0.152491 0.069260 0.829886
-0.185385 -0.010001 0.857388
-0.254053 0.028953 0.891695
-0.292822 0.064694 0.833685
-0.301574 -0.014417 0.796208
-0.352590 -0.058687 0.845641
-0.420700 -0.000330 0.846620
-0.439527 -0.006608 0.776491
-0.452567 -0.106292 0.782947
-0.526933 -0.130590 0.817603
-0.611460 -0.150924 0.825295
-0.653930 -0.062141 0.812662
-0.621946 0.007659 0.773298
-0.615308 0.055143 0.714635
-0.568403 -0.009851 0.677135
-0.628818 -0.083736 0.684733
-0.705798 -0.030245 0.658070
-0.691259 -0.007629 0.590691
-0.691465 -0.013846 0.521471
-0.650493 -0.016879 0.458660
-0.676281 0.069950 0.439502
-0.629523 0.116384 0.491452
-0.550076 0.096982 0.463088
-0.568022 0.143805 0.403587
-0.579359 0.227452 0.432976
-0.493421 0.234810 0.458194
-0.452420 0.230425 0.393915
-0.494713 0.303559 0.365737
-0.467135 0.363538 0.415357
-0.380199 0.354047 0.399858
-0.385985 0.386334 0.333481
-0.411860 0.471963 0.351870
-0.336613 0.491966 0.390395
-0.280428 0.480853 0.335485
-0.319373 0.545698 0.293510
-0.303542 0.616159 0.337257
-0.208294 0.594323 0.349353
-0.148937 0.588917 0.295608
-0.095013 0.658417 0.318518
-0.072222 0.621805 0.381679
-0.038240 0.542334 0.356601
0.023878 0.578075 0.312086
0.068991 0.623607 0.362777
0.089579 0.549752 0.403261
0.133635 0.500796 0.352616
0.197750 0.568914 0.341755
0.229147 0.578555 0.408178
0.244155 0.482175 0.423071
0.275405 0.447605 0.352313
0.289444 0.490885 0.285353
0.224918 0.501877 0.233403
0.167646 0.544646 0.191894
0.084880 0.577624 0.181429
0.063645 0.520859 0.127428
0.066553 0.445592 0.169846
0.005140 0.469140 0.216646
-0.063058 0.484667 0.168681
-0.057948 0.407989 0.118688
-0.031955 0.336117 0.171874
-0.060826 0.341493 0.238903
-0.145589 0.373630 0.229720
-0.170113 0.305571 0.186603
-0.156984 0.237603 0.234825
-0.215049 0.267398 0.284071
-0.290443 0.267818 0.246221
-0.286096 0.179607 0.225199
-0.287447 0.139721 0.290550
-0.367276 0.170536 0.311153
-0.416471 0.139691 0.255591
-0.399583 0.050338 0.263864
-0.429364 0.042439 0.334483
-0.512747 0.067097 0.324322
-0.534216 -0.010933 0.284840
-0.519238 -0.075357 0.342664
-0.571399 -0.076858 0.400860
-0.637747 -0.136267 0.357184
-0.573485 -0.211533 0.327864
-0.564027 -0.279081 0.380327
-0.577919 -0.374381 0.376598
-0.604059 -0.467758 0.378579
-0.650229 -0.564739 0.382308
-0.683418 -0.654212 0.360144
-0.675576 -0.756750 0.369070
-0.679511 -0.850969 0.354061
-0.676457 -0.922841 0.401583
-0.699248 -0.998949 0.440341
-0.788798 -1.000000 0.466817
-0.830592 -0.938429 0.516693
-0.797697 -0.840667 0.493876
-0.763833 -0.747199 0.502779
-0.695136 -0.683166 0.469125
-0.634810 -0.595495 0.486535
-0.594249 -0.500886 0.489937
-0.534246 -0.425109 0.516460
-0.494361 -0.338009 0.519956
-0.439732 -0.290704 0.570205
-0.374442 -0.255504 0.607449
-0.304012 -0.255384 0.652104
-0.280398 -0.157081 0.683824
-0.191582 -0.129719 0.686854
-0.125235 -0.075687 0.646161
-0.040707 -0.057666 0.621200
0.016124 0.017961 0.583210
0.094631 0.038654 0.532938
0.143944 0.114882 0.490357
0.191171 0.177985 0.446308
0.222392 0.252831 0.397248
0.189996 0.249016 0.328377
0.091165 0.246163 0.358512
0.035127 0.271002 0.410742
-0.044144 0.261661 0.373358
-0.034863 0.178075 0.346206
-0.025963 0.136327 0.410625
-0.104764 0.162307 0.434258
-0.155457 0.120739 0.383240
-0.127467 0.033428 0.390489
-0.160244 0.029854 0.462343
-0.245683 0.066767 0.466887
-0.297815 0.026250 0.417011
-0.297962 -0.059498 0.444769
-0.321223 -0.042319 0.511822
-0.402138 0.000901 0.498118
-0.445254 -0.064424 0.462482
-0.438234 -0.124643 0.520632
-0.421611 -0.087400 0.592393
-0.346100 -0.048866 0.624789
-0.262365 -0.011924 0.659469
-0.179746 0.052410 0.673546
-0.078389 0.064574 0.668698
-0.011190 0.134915 0.640358
0.079505 0.158733 0.606493
0.137864 0.221174 0.577360
0.216165 0.260129 0.569459
0.278107 0.325274 0.585121
0.264656 0.370716 0.522706
0.156573 0.366031 0.523336
0.085967 0.404355 0.564169
0.030663 0.468239 0.534383
-0.029135 0.412404 0.500589
-0.055216 0.368974 0.560370
-0.087935 0.445262 0.591297
-0.151051 0.464004 0.544218
-0.200071 0.389097 0.558272
-0.235579 0.417720 0.619964
-0.291765 0.478000 0.588198
-0.335614 0.417120 0.544987
-0.367099 0.363058 0.597054
-0.417058 0.428683 0.626583
-0.465519 0.451930 0.567595
-0.505610 0.368764 0.556804
-0.517152 0.305391 0.618496
-0.472627 0.249737 0.661100
-0.449630 0.215528 0.724354
-0.391829 0.191500 0.773671
-0.328243 0.126415 0.744071
-0.313381 0.116714 0.673616
-0.234639 0.185253 0.685129
-0.131608 0.194744 0.696619
-0.045113 0.252530 0.701281
0.056802 0.237033 0.709228
0.139039 0.273014 0.715101
0.231937 0.215318 0.705243
0.283776 0.135576 0.697272
0.307008 0.046884 0.695128
0.329682 0.029554 0.765886
0.241071 0.062862 0.789612
0.170495 0.052771 0.744724
0.193932 -0.026641 0.711512
0.201539 -0.080072 0.770618
0.117746 -0.068208 0.792293
0.079153 -0.109085 0.736450
0.119420 -0.192581 0.737755
0.096393 -0.208019 0.814387
0.008341 -0.208800 0.830375
-0.072545 -0.250038 0.853565
-0.132548 -0.186544 0.813571
-0.111813 -0.225259 0.743232
-0.134545 -0.272924 0.676786
-0.073631 -0.204896 0.629730
-0.011366 -0.178075 0.567595
0.034510 -0.104160 0.522077
0.114574 -0.085628 0.472131
0.186002 -0.018982 0.444466
0.289562 -0.045382 0.424330
0.350769 -0.113981 0.436309
0.386073 -0.196186 0.452507
0.407395 -0.175612 0.519513
0.321399 -0.161105 0.541655
0.284158 -0.241087 0.524128
0.326539 -0.287400 0.576358
0.291618 -0.240997 0.631921
0.206238 -0.263373 0.618752
0.214521 -0.355609 0.623484
0.247797 -0.356300 0.690490
0.178454 -0.313170 0.722932
0.117246 -0.376393 0.704357
0.157043 -0.450878 0.734306
0.162359 -0.414657 0.804831
0.070547 -0.391861 0.818466
-0.008811 -0.422346 0.766376
-0.019238 -0.422075 0.695687
-0.035979 -0.360204 0.647046
-0.034951 -0.324974 0.582185
0.013775 -0.302238 0.511193
0.054218 -0.227001 0.463904
0.116747 -0.198889 0.400977
0.176075 -0.125154 0.368394
0.266330 -0.120108 0.330405
0.330005 -0.129509 0.276963
0.392916 -0.127737 0.206647
0.414209 -0.156750 0.127708
0.374853 -0.141733 0.063149
0.358641 -0.151584 -0.009824
0.373913 -0.121009 -0.087318
0.356232 -0.145517 -0.162341
0.392593 -0.135756 -0.237784
0.382548 -0.145607 -0.311689
0.382166 -0.122271 -0.382448
0.286155 -0.101276 -0.379814
0.275934 -0.016729 -0.350937
0.281250 0.068749 -0.330078
0.345424 0.130050 -0.310454
0.293497 0.195225 -0.281461
0.253906 0.139661 -0.233356
0.328037 0.106382 -0.201147
0.358729 0.186695 -0.176209
0.286889 0.209671 -0.136028
0.281162 0.132332 -0.096594
0.366101 0.136687 -0.070257
0.354147 0.217330 -0.038281
0.286390 0.192642 0.004114
0.323191 0.117826 0.035671
0.388892 0.180357 0.069418
0.353648 0.272594 0.083799
0.286977 0.270371 0.130598
0.318521 0.308755 0.189657
0.406867 0.284127 0.177887
0.388393 0.190870 0.197161
0.314438 0.171918 0.244264
0.289180 0.074456 0.220421
0.265478 -0.011623 0.206903
0.270060 0.004896 0.132416
0.349360 0.009010 0.100882
0.403107 -0.009641 0.039703
0.493597 -0.031356 0.047627
0.484551 -0.092987 -0.013413
0.508136 -0.092266 -0.086875
0.495976 -0.139601 -0.152320
0.538064 -0.147259 -0.226994
0.565173 -0.169064 -0.293044
0.632460 -0.155819 -0.339634
0.588963 -0.096201 -0.386969
0.577831 -0.025680 -0.325836
0.643063 0.003694 -0.281740
0.666559 0.084938 -0.310431
0.582207 0.122030 -0.309405
0.570459 0.117465 -0.239766
0.638687 0.168464 -0.219419
0.616189 0.245412 -0.252631
0.534099 0.257096 -0.220934
0.561208 0.257636 -0.152692
0.613546 0.333233 -0.158869
0.548667 0.391230 -0.179961
0.497915 0.378645 -0.120017
0.558417 0.402102 -0.069139
0.573866 0.490194 -0.092049
0.480557 0.515603 -0.081841
0.464051 0.517796 -0.010966
0.438704 0.567082 0.049305
0.475182 0.608109 0.116078
0.411595 0.655053 0.177188
0.333118 0.671813 0.203874
0.245418 0.652861 0.213546
0.221481 0.744196 0.183620
0.235609 0.727857 0.112559
0.206620 0.700616 0.046485
0.293027 0.657967 0.031242
0.297697 0.579667 0.071399
0.323896 0.483886 0.083449
0.386043 0.502208 0.151201
0.417881 0.493948 0.223474
0.444108 0.440336 0.282603
0.450746 0.389908 0.343619
0.432595 0.382670 0.414914
0.536272 0.367953 0.439129
0.616394 0.330770 0.457984
0.599918 0.242769 0.440947
0.586290 0.258447 0.370492
0.661478 0.299114 0.354597
0.714550 0.226731 0.372077
0.679864 0.162006 0.329682
0.697280 0.203694 0.267850
0.786419 0.209971 0.274888
0.800722 0.118877 0.279783
0.767710 0.097372 0.214268
0.826333 0.147079 0.178446
0.898790 0.099805 0.200284
0.874501 0.019222 0.172363
0.879993 0.042469 0.103493
0.968838 0.059288 0.105240
1.000000 -0.021565 0.133581
0.957648 -0.077940 0.078718
0.937911 -0.032437 0.009055
0.885603 0.036702 -0.010616
0.854441 0.115513 -0.045855
0.842487 0.208620 -0.049165
0.787447 0.279261 -0.082307
0.748766 0.326325 -0.009474
0.774025 0.351374 0.059467
0.801809 0.331912 0.135049
0.756696 0.412584 0.182478
0.741336 0.498633 0.210260
0.737429 0.594323 0.216879
0.754611 0.647334 0.276636
0.667939 0.674035 0.313740
0.589785 0.661481 0.343037
0.574336 0.563478 0.345181
0.565261 0.480763 0.300036
0.607231 0.475597 0.231468
0.615455 0.424628 0.159964
0.624471 0.387806 0.094333
0.618480 0.331882 0.040215
0.648849 0.236011 0.025392
0.704623 0.170776 -0.022083
0.721687 0.074936 -0.048909
0.778137 0.006548 -0.088553
0.798343 -0.080012 -0.071166
0.753495 -0.141463 -0.029774
0.746387 -0.220453 0.022409
0.720365 -0.275447 0.078065
0.793292 -0.245172 0.124398
0.765155 -0.161886 0.150152
0.718897 -0.100195 0.187955
0.665560 -0.072834 0.133814
0.624824 -0.162757 0.131157
0.598802 -0.173600 0.209351
0.569549 -0.084697 0.236945
0.532219 -0.005556 0.262536
0.533188 0.088962 0.256220
0.476944 0.162637 0.249554
0.509956 0.213846 0.177397
0.554541 0.237183 0.113561
0.569167 0.141583 0.077809
0.597098 0.086469 0.013856
0.600946 -0.002012 -0.026068
0.642563 -0.052320 -0.088833
0.631226 -0.139330 -0.130225
0.637776 -0.220514 -0.173901
0.598508 -0.286890 -0.233426
0.561061 -0.364229 -0.281414
0.480851 -0.410842 -0.241840
0.415972 -0.448656 -0.201962
0.468251 -0.499625 -0.158426
0.515977 -0.431086 -0.130062
0.447662 -0.382129 -0.101908
0.418585 -0.447635 -0.058115
0.492217 -0.455744 -0.018237
0.503877 -0.365070 0.000082
0.423490 -0.352125 0.030497
0.434915 -0.426190 0.079836
0.509839 -0.394113 0.117080
0.453595 -0.380688 0.189517
0.401286 -0.352185 0.245779
0.342017 -0.305842 0.197231
0.241189 -0.270281 0.177281
0.194784 -0.193513 0.155513
0.229499 -0.179546 0.076713
0.218691 -0.161976 -0.006188
0.241953 -0.154107 -0.088273
0.217986 -0.139991 -0.169473
0.245036 -0.124974 -0.247060
0.177455 -0.145007 -0.314137
0.132166 -0.190689 -0.374920
0.117217 -0.280943 -0.342780
0.068139 -0.350083 -0.313531
0.138510 -0.403664 -0.293580
0.175106 -0.344586 -0.248366
0.106027 -0.329929 -0.205085
0.091753 -0.420994 -0.185671
0.174783 -0.445412 -0.164322
0.189027 -0.380147 -0.115542
0.115513 -0.390149 -0.074872
0.136278 -0.480222 -0.057322
0.225358 -0.463763 -0.029285
0.213434 -0.409911 0.029424
0.226856 -0.382700 0.102094
0.147439 -0.312990 0.112512
0.073338 -0.257456 0.124049
0.099242 -0.209881 0.051705
0.086114 -0.185764 -0.026255
0.106203 -0.133083 -0.088600
0.085262 -0.092026 -0.160454
0.102473 -0.002913 -0.169939
0.131109 0.021865 -0.088436
0.126762 0.071122 -0.012481
0.060033 0.083406 0.036836
-0.026316 0.041838 0.038304
-0.084851 0.063073 0.094053
-0.173667 0.028563 0.135259
-0.240161 -0.009671 0.174880
-0.245271 -0.093497 0.134374
-0.157043 -0.128788 0.150525
-0.085526 -0.167262 0.180870
-0.004317 -0.169305 0.231748
0.083500 -0.235351 0.239742
0.145412 -0.309596 0.245942
0.219191 -0.370566 0.246152
0.271940 -0.388917 0.301481
0.301427 -0.298693 0.326186
0.220336 -0.247485 0.313810
0.146264 -0.313861 0.353245
0.046111 -0.321760 0.381050
-0.021499 -0.295690 0.330078
-0.082942 -0.209130 0.317166
-0.118539 -0.125304 0.283838
-0.197926 -0.116744 0.248039
-0.279282 -0.154468 0.234941
-0.298667 -0.236852 0.265006
-0.223655 -0.255684 0.301877
-0.237958 -0.197868 0.356857
-0.299548 -0.251209 0.391980
-0.249618 -0.318366 0.419226
-0.207942 -0.262232 0.468449
-0.302162 -0.245172 0.502173
-0.329417 -0.346418 0.519350
-0.384634 -0.420454 0.552702
-0.425018 -0.507674 0.553145
-0.512541 -0.558823 0.565194
-0.565466 -0.636282 0.581229
-0.657337 -0.679531 0.577523
-0.712964 -0.758913 0.606120
-0.800781 -0.807749 0.601879
-0.870888 -0.861451 0.610315
-0.946634 -0.913020 0.571953
-1.000000 -0.976333 0.541491
-0.975388 -0.941403 0.462179
-0.946546 -0.931551 0.391468
-0.946399 -0.875747 0.320686
-0.945636 -0.828923 0.253446
