0.091491 -0.957736 -0.253265
0.025783 -0.981119 -0.203735
-0.043879 -1.000000 -0.219098
-0.063044 -0.892306 -0.205844
-0.036389 -0.852765 -0.320911
-0.077628 -0.918848 -0.397508
-0.141010 -0.882575 -0.356843
-0.130683 -0.775280 -0.386492
-0.120611 -0.790022 -0.515804
-0.183481 -0.837588 -0.544721
-0.222417 -0.752950 -0.500398
-0.194902 -0.673977 -0.578975
-0.215579 -0.720017 -0.693741
-0.286892 -0.727606 -0.665082
-0.293730 -0.610399 -0.625363
-0.278682 -0.538906 -0.725197
-0.295661 -0.442685 -0.790993
-0.293219 -0.372971 -0.899563
-0.324200 -0.279075 -0.846720
-0.317781 -0.182310 -0.786389
-0.386163 -0.167677 -0.749123
-0.386070 -0.256018 -0.666071
-0.335179 -0.218039 -0.586419
-0.371254 -0.124905 -0.553715
-0.427053 -0.174104 -0.499365
-0.390187 -0.225046 -0.402586
-0.364857 -0.130714 -0.348237
-0.428309 -0.084746 -0.321987
-0.451894 -0.165898 -0.244788
-0.399258 -0.161105 -0.153388
-0.402375 -0.053048 -0.121200
-0.472432 -0.055009 -0.083934
-0.464733 -0.129443 0.009962
-0.420308 -0.070912 0.086602
-0.463198 0.013616 0.106052
-0.519974 -0.043390 0.158724
-0.490993 -0.101376 0.256320
-0.464152 -0.010312 0.322934
-0.519323 0.059003 0.322547
-0.570005 -0.010639 0.371603
-0.533860 -0.042918 0.478064
-0.539000 0.057805 0.538008
-0.610802 0.057986 0.543774
-0.619059 -0.033259 0.613013
-0.585263 0.001634 0.719732
-0.626409 0.091718 0.747961
-0.692326 0.047747 0.744820
-0.688255 -0.046803 0.819997
-0.659809 0.014814 0.929470
-0.661856 0.124106 0.950900
-0.585635 0.134527 0.967855
-0.538209 0.051814 1.000000
-0.506995 0.058495 0.859587
-0.502785 0.185977 0.837296
-0.507507 0.286555 0.729329
-0.478223 0.355978 0.643609
-0.413702 0.307287 0.638531
-0.432147 0.205040 0.594165
-0.455871 0.240514 0.479011
-0.395490 0.288406 0.434731
-0.356554 0.197015 0.441229
-0.394722 0.137177 0.356413
-0.386651 0.202898 0.251070
-0.315873 0.205330 0.243755
-0.307686 0.092299 0.237515
-0.348971 0.072401 0.131312
-0.305569 0.127301 0.050971
-0.247817 0.067971 0.068098
-0.276263 -0.029883 0.029628
-0.294614 0.000763 -0.090862
-0.226930 0.025126 -0.129204
-0.197902 -0.075088 -0.110011
-0.243420 -0.128354 -0.198571
-0.246002 -0.051305 -0.313381
-0.189808 0.003486 -0.365751
-0.170596 -0.072546 -0.458829
-0.238234 -0.074834 -0.524195
-0.273262 0.040630 -0.508445
-0.264261 0.116081 -0.397465
-0.320060 0.132348 -0.317039
-0.385047 0.175665 -0.300988
-0.448428 0.146908 -0.243540
-0.483875 0.236956 -0.342944
-0.516927 0.308522 -0.424446
-0.473130 0.397226 -0.400262
-0.415353 0.348644 -0.452762
-0.442358 0.328129 -0.571315
-0.455894 0.434843 -0.600448
-0.388675 0.471624 -0.595456
-0.361950 0.402055 -0.689567
-0.405492 0.441197 -0.785700
-0.387931 0.549980 -0.780580
-0.315431 0.522022 -0.810530
-0.292637 0.425039 -0.863545
-0.277984 0.331615 -0.784065
-0.347483 0.277877 -0.847107
-0.408538 0.232817 -0.898617
-0.479549 0.212265 -0.896551
-0.476642 0.104608 -0.857994
-0.471362 0.127410 -0.728726
-0.535674 0.156530 -0.688577
-0.568167 0.056280 -0.691159
-0.517415 -0.007770 -0.629924
-0.514043 0.050470 -0.518644
-0.581379 0.048401 -0.484562
-0.585612 -0.061654 -0.472169
-0.531371 -0.076577 -0.385029
-0.555561 -0.007988 -0.290875
-0.618384 -0.058785 -0.273662
-0.589589 -0.157256 -0.240743
-0.552607 -0.122908 -0.137337
-0.609220 -0.083221 -0.070809
-0.644784 -0.179369 -0.062891
-0.593241 -0.237718 0.001312
-0.587798 -0.171199 0.106268
-0.655320 -0.190952 0.144566
-0.649017 -0.301768 0.161693
-0.602196 -0.293526 0.259978
-0.641620 -0.234705 0.343460
-0.694605 -0.308377 0.350216
-0.654715 -0.392869 0.399488
-0.628200 -0.341890 0.509177
-0.701373 -0.299263 0.544936
-0.759708 -0.356414 0.566022
-0.764755 -0.339094 0.696581
-0.761731 -0.225809 0.693827
-0.821461 -0.206710 0.624545
-0.866933 -0.260230 0.706565
-0.848419 -0.201736 0.817630
-0.862770 -0.091827 0.794436
-0.941526 -0.122436 0.753125
-0.979555 -0.216441 0.758978
-0.982114 -0.230892 0.624029
-0.958622 -0.126139 0.545625
-0.950737 -0.036309 0.442090
-0.923314 0.076395 0.431418
-0.900148 0.181402 0.392947
-0.926268 0.243709 0.522646
-0.902939 0.255474 0.662543
-0.876098 0.186958 0.757342
-0.882959 0.096365 0.653463
-0.839394 0.108529 0.545108
-0.802459 0.045714 0.432537
-0.784619 0.108166 0.326850
-0.722377 0.151919 0.378445
-0.679719 0.070658 0.333176
-0.689907 0.094659 0.190094
-0.718492 0.217095 0.186307
-0.748264 0.323009 0.184586
-0.780897 0.425511 0.260021
-0.804459 0.508841 0.334251
-0.821694 0.574816 0.433827
-0.867282 0.652228 0.484132
-0.826625 0.740678 0.416141
-0.832649 0.720671 0.277492
-0.838836 0.753459 0.147148
-0.825113 0.749428 0.017406
-0.774291 0.827820 0.011726
-0.729494 0.778512 0.098479
-0.724982 0.680985 0.031521
-0.693535 0.727061 -0.071928
-0.636875 0.772739 -0.009618
-0.608708 0.679060 0.038836
-0.595334 0.631931 -0.081266
-0.555886 0.714753 -0.132603
-0.503390 0.716967 -0.040343
-0.484852 0.610762 -0.044431
-0.467780 0.612069 -0.177357
-0.420098 0.692822 -0.177873
-0.375906 0.642606 -0.092928
-0.363020 0.554846 -0.165480
-0.334551 0.608547 -0.270435
-0.281217 0.659054 -0.213245
-0.250189 0.564940 -0.166383
-0.242397 0.509858 -0.277922
-0.201600 0.586435 -0.335026
-0.148499 0.584765 -0.246595
-0.130520 0.474529 -0.260451
-0.125263 0.475110 -0.406502
-0.070580 0.548891 -0.434989
-0.003198 0.570459 -0.480517
-0.009408 0.688973 -0.432149
-0.009036 0.668531 -0.291994
0.004943 0.609237 -0.187727
0.017875 0.505065 -0.146546
0.014037 0.403108 -0.098608
0.037575 0.303729 -0.076403
0.030877 0.198504 -0.105923
-0.034994 0.168912 -0.033845
-0.082373 0.264805 -0.010780
-0.143033 0.266076 -0.076748
-0.181551 0.214008 0.016245
-0.172014 0.289133 0.113153
-0.198367 0.378890 0.050498
-0.264424 0.336662 0.039525
-0.274821 0.327621 0.170127
-0.270983 0.438292 0.193106
-0.329340 0.466105 0.129505
-0.374347 0.406085 0.205543
-0.358926 0.455176 0.317254
-0.377720 0.558440 0.286228
-0.444149 0.537962 0.256751
-0.463012 0.496424 0.374142
-0.444195 0.588541 0.447727
-0.486574 0.668313 0.368462
-0.553607 0.599252 0.323364
-0.593101 0.527178 0.404351
-0.653971 0.583312 0.440971
-0.695977 0.571584 0.332487
-0.672648 0.452271 0.273275
-0.602731 0.411859 0.241431
-0.572354 0.421372 0.122577
-0.570121 0.378599 0.006003
-0.535790 0.401147 -0.109968
-0.581099 0.295342 -0.161435
-0.624967 0.222831 -0.220862
-0.602754 0.128027 -0.157433
-0.615151 0.155986 -0.028638
-0.690907 0.162049 -0.063924
-0.715980 0.084347 -0.150332
-0.699071 -0.010675 -0.088840
-0.736286 0.008170 0.024808
-0.799435 0.025671 -0.035523
-0.804738 -0.077049 -0.083245
-0.803017 -0.128499 0.031220
-0.860677 -0.083003 0.090131
-0.908451 -0.120112 0.004497
-0.891844 -0.233470 0.030144
-0.894496 -0.240478 0.170859
-0.953598 -0.153117 0.219227
-0.966507 -0.045677 0.181402
-0.985556 -0.009840 0.055576
-1.000000 0.098435 0.020462
-0.966995 0.159980 0.111819
-0.906730 0.181148 0.040816
-0.953691 0.259940 -0.039869
-0.986649 0.329327 0.070723
-0.937805 0.376602 0.149128
-0.931804 0.487165 0.117542
-0.959180 0.490578 -0.004196
-0.907358 0.426709 -0.059148
-0.836347 0.411350 -0.048476
-0.809715 0.355216 -0.153388
-0.784456 0.450238 -0.219700
-0.727843 0.485349 -0.149128
-0.683022 0.398497 -0.181875
-0.687115 0.436222 -0.320825
-0.683417 0.548673 -0.339587
-0.630130 0.582513 -0.262044
-0.577076 0.525435 -0.321041
-0.582030 0.571947 -0.440153
-0.568609 0.677354 -0.397551
-0.508437 0.658073 -0.332745
-0.469734 0.628917 -0.440239
-0.471246 0.729712 -0.495751
-0.442334 0.786246 -0.397293
-0.380069 0.730111 -0.396045
-0.361043 0.762826 -0.515029
-0.360485 0.872517 -0.498720
-0.315943 0.878472 -0.399359
-0.259981 0.831233 -0.458571
-0.253864 0.895066 -0.565893
-0.254027 1.000000 -0.510080
-0.197855 0.974075 -0.408309
-0.154105 0.880396 -0.481335
-0.154616 0.844958 -0.610345
-0.133427 0.953270 -0.662026
-0.063812 0.966377 -0.585860
-0.004408 0.933626 -0.642016
0.061044 0.934425 -0.681176
0.116448 0.917323 -0.749338
0.181527 0.905849 -0.767025
0.236117 0.944047 -0.821245
0.282775 0.932973 -0.906276
0.342831 0.897861 -0.941175
0.408445 0.916016 -0.949782
0.469687 0.894521 -1.000000
0.502506 0.902545 -0.879080
0.482038 0.797429 -0.834198
0.513764 0.742130 -0.934806
0.579913 0.783850 -0.907610
0.586542 0.745579 -0.782344
0.577797 0.635525 -0.813112
0.633549 0.629353 -0.898315
0.687302 0.663157 -0.805753
0.684604 0.577321 -0.708544
0.716004 0.477906 -0.771070
0.799086 0.513852 -0.764012
0.826602 0.493337 -0.620845
0.853187 0.365746 -0.621748
0.926710 0.327730 -0.693999
1.000000 0.301732 -0.647008
