-0.979698 1.000000 0.766229
-1.000000 0.921433 0.785748
-0.957576 0.845261 0.829654
-0.942710 0.784920 0.886251
-0.932219 0.691062 0.906884
-0.910015 0.623719 0.950984
-0.881071 0.530351 0.957837
-0.841201 0.457679 0.991669
-0.859437 0.362457 0.992323
-0.803560 0.281831 0.985227
-0.768474 0.214102 1.000000
-0.709689 0.147917 0.975540
-0.671858 0.080909 0.995374
-0.610572 0.029553 0.956530
-0.562794 -0.032642 0.974547
-0.506074 -0.077666 0.939747
-0.457426 -0.139191 0.940473
-0.388286 -0.172991 0.917128
-0.331757 -0.223318 0.897536
-0.256692 -0.245765 0.879397
-0.197581 -0.250348 0.823188
-0.140345 -0.312207 0.858667
-0.143661 -0.391520 0.805146
-0.117761 -0.385136 0.719804
-0.030385 -0.364491 0.705540
0.022530 -0.429877 0.721184
0.007012 -0.483705 0.662239
0.035059 -0.446584 0.599104
0.119391 -0.441564 0.611092
0.136323 -0.522036 0.600073
0.110830 -0.543994 0.531828
0.156733 -0.479715 0.492426
0.238538 -0.470525 0.497439
0.261150 -0.492380 0.429122
0.221063 -0.431550 0.393449
0.253214 -0.370360 0.429751
0.332708 -0.386938 0.414446
0.322462 -0.383437 0.339589
0.300421 -0.308217 0.335545
0.368420 -0.278175 0.366059
0.422802 -0.306698 0.316946
0.386982 -0.273233 0.256354
0.397799 -0.196494 0.282121
0.481207 -0.196211 0.291518
0.493627 -0.219894 0.215039
0.461313 -0.157828 0.173264
0.463106 -0.114272 0.104414
0.431118 -0.062658 0.055761
0.409159 -0.017351 -0.003064
0.418318 0.059182 -0.039438
0.397962 0.053905 -0.113108
0.372822 0.068167 -0.190192
0.418100 -0.010606 -0.213465
0.470118 -0.077691 -0.216613
0.520560 -0.084487 -0.156723
0.488898 -0.150080 -0.128873
0.536187 -0.195850 -0.186995
0.619133 -0.201668 -0.184695
0.623808 -0.274803 -0.155948
0.600707 -0.308861 -0.222280
0.666177 -0.285872 -0.261125
0.725397 -0.318334 -0.218938
0.700775 -0.393219 -0.224532
0.696834 -0.401148 -0.300115
0.783259 -0.376435 -0.309972
0.839707 -0.425475 -0.280281
0.856747 -0.470988 -0.340607
0.887648 -0.399681 -0.383835
0.963990 -0.370283 -0.367682
1.000000 -0.406992 -0.430768
0.940563 -0.416491 -0.493516
0.911265 -0.426891 -0.569849
0.920913 -0.463960 -0.638942
0.904253 -0.503038 -0.700938
0.897432 -0.574396 -0.666550
0.831771 -0.557715 -0.624702
0.778992 -0.540287 -0.679603
0.782797 -0.608299 -0.715542
0.750156 -0.650801 -0.657541
0.676070 -0.617953 -0.652794
0.653567 -0.633836 -0.723097
0.661122 -0.712506 -0.722177
0.600734 -0.722623 -0.665533
0.532681 -0.680559 -0.647805
0.513494 -0.631957 -0.587916
0.480799 -0.566957 -0.647248
0.491480 -0.492174 -0.681564
0.532464 -0.435566 -0.726512
0.576111 -0.354528 -0.721935
0.595923 -0.268470 -0.749107
0.645468 -0.194023 -0.752134
0.654790 -0.123076 -0.808028
0.622340 -0.051588 -0.799286
0.546107 -0.072131 -0.771435
0.527110 -0.158189 -0.793110
0.485908 -0.232250 -0.803088
0.496943 -0.322530 -0.806357
0.471178 -0.408768 -0.829654
0.431227 -0.474540 -0.845517
0.363337 -0.518380 -0.858328
0.353744 -0.552103 -0.789138
0.277049 -0.568244 -0.737919
0.223943 -0.604026 -0.690186
0.196114 -0.518483 -0.670909
0.168800 -0.448000 -0.694061
0.154831 -0.416954 -0.625961
0.235766 -0.418859 -0.604965
0.260905 -0.369279 -0.656693
0.211632 -0.308449 -0.637852
0.244707 -0.299619 -0.568638
0.321919 -0.281676 -0.595084
0.305368 -0.223138 -0.643277
0.282457 -0.167817 -0.596900
0.357929 -0.157236 -0.563238
0.405626 -0.144854 -0.621311
0.365512 -0.081115 -0.649525
0.379726 -0.030660 -0.591790
0.473380 -0.040905 -0.595326
0.518331 -0.034186 -0.659212
0.553390 0.037765 -0.643955
0.606740 -0.003990 -0.585058
0.651067 -0.065489 -0.621650
0.707379 -0.117103 -0.653133
0.738497 -0.185759 -0.676188
0.698002 -0.273954 -0.677351
0.674630 -0.358338 -0.645771
0.604484 -0.423390 -0.626567
0.547819 -0.475853 -0.583290
0.459111 -0.494980 -0.571060
0.397744 -0.530840 -0.530665
0.310450 -0.561087 -0.535339
0.306319 -0.613577 -0.475474
0.311917 -0.641456 -0.403524
0.401930 -0.665216 -0.403136
0.486561 -0.673918 -0.404492
0.577144 -0.692478 -0.432754
0.636092 -0.684112 -0.366737
0.679549 -0.721747 -0.315203
0.751597 -0.730577 -0.275462
0.786710 -0.787983 -0.320869
0.818454 -0.737450 -0.374414
0.898329 -0.733074 -0.421517
0.863840 -0.657931 -0.420791
0.814132 -0.598414 -0.433432
0.738089 -0.560264 -0.473343
0.672809 -0.512846 -0.500224
0.583150 -0.503810 -0.470267
0.498437 -0.483422 -0.461258
0.430412 -0.486820 -0.398317
0.374535 -0.474927 -0.343101
0.411007 -0.551202 -0.302319
0.453241 -0.586032 -0.227632
0.527191 -0.606626 -0.181110
0.603533 -0.632575 -0.162632
0.610925 -0.682387 -0.228601
0.629542 -0.607759 -0.278804
0.649137 -0.554163 -0.341285
0.590135 -0.503939 -0.355573
0.543525 -0.433404 -0.367537
0.482158 -0.380657 -0.355161
0.395190 -0.346393 -0.378289
0.318549 -0.327936 -0.400690
0.253268 -0.357308 -0.435394
0.188205 -0.347681 -0.479397
0.129991 -0.325490 -0.426627
0.133306 -0.249112 -0.438736
0.093110 -0.269397 -0.511776
0.096317 -0.362689 -0.535824
0.089686 -0.445940 -0.519404
0.036771 -0.482572 -0.471551
-0.036201 -0.518766 -0.464261
-0.114173 -0.548190 -0.487873
-0.188123 -0.548087 -0.448835
-0.270934 -0.568990 -0.449682
-0.289251 -0.482238 -0.454792
-0.227694 -0.430237 -0.426676
-0.170594 -0.444525 -0.496446
-0.166870 -0.447099 -0.571230
-0.080120 -0.413299 -0.566096
-0.048376 -0.409798 -0.490828
0.001468 -0.371338 -0.446897
0.007936 -0.275884 -0.440552
0.012964 -0.204937 -0.411443
0.040522 -0.168923 -0.351650
-0.005517 -0.105159 -0.361288
-0.079522 -0.143902 -0.348550
-0.065090 -0.184189 -0.285730
-0.060552 -0.122612 -0.241436
-0.139312 -0.097590 -0.248895
-0.175459 -0.164084 -0.223321
-0.138986 -0.164444 -0.155513
-0.165756 -0.093832 -0.132893
-0.246256 -0.113551 -0.136889
-0.242587 -0.175024 -0.089399
-0.216442 -0.135690 -0.029751
-0.286099 -0.090228 -0.023479
-0.336649 -0.154121 -0.007059
-0.272238 -0.184729 0.049973
-0.250523 -0.177779 0.119913
-0.235657 -0.224914 0.177332
-0.317027 -0.232302 0.202180
-0.341432 -0.274520 0.134201
-0.302242 -0.346265 0.134371
-0.284060 -0.424394 0.144251
-0.250442 -0.492818 0.182079
-0.228265 -0.531432 0.117418
-0.180541 -0.560470 0.063220
-0.148825 -0.560264 -0.019919
-0.162305 -0.606266 -0.097851
-0.139394 -0.610307 -0.181764
-0.100285 -0.683880 -0.228286
-0.045441 -0.746435 -0.247854
0.020111 -0.802914 -0.255942
0.106346 -0.780544 -0.254707
0.106101 -0.824847 -0.176679
0.106428 -0.859677 -0.108942
0.100367 -0.795268 -0.064503
0.012773 -0.799876 -0.064624
-0.016823 -0.858235 -0.021227
-0.028020 -0.823869 0.044379
-0.092078 -0.776451 0.021033
-0.144612 -0.832492 0.000061
-0.145618 -0.867708 0.067627
-0.174100 -0.804716 0.104874
-0.246773 -0.798023 0.068548
-0.276124 -0.869639 0.086856
-0.271015 -0.853704 0.163698
-0.282538 -0.760027 0.157644
-0.329012 -0.696828 0.133499
-0.301834 -0.647325 0.190918
-0.219514 -0.643593 0.163117
-0.236608 -0.667327 0.079566
-0.232613 -0.650131 -0.002264
-0.202609 -0.716676 -0.056076
-0.196114 -0.732559 -0.142484
-0.198315 -0.754621 -0.217606
-0.183204 -0.743191 -0.296192
-0.149395 -0.734310 -0.368602
-0.101372 -0.751532 -0.439390
-0.066558 -0.787829 -0.499933
-0.052099 -0.860243 -0.455373
-0.119473 -0.905988 -0.448132
-0.151977 -0.990836 -0.432415
-0.185840 -0.991917 -0.347557
-0.183938 -0.999820 -0.273355
-0.103547 -0.985095 -0.263450
-0.112733 -0.903336 -0.267155
-0.168746 -0.916439 -0.198281
-0.176410 -0.981568 -0.157014
-0.261992 -1.000000 -0.174160
-0.305911 -0.926556 -0.208282
-0.326756 -0.860063 -0.238336
-0.319717 -0.783530 -0.254150
-0.322354 -0.704886 -0.254271
-0.316293 -0.628765 -0.270424
-0.291072 -0.554883 -0.279070
-0.254410 -0.476909 -0.250372
-0.222204 -0.406039 -0.239111
-0.181112 -0.354065 -0.196513
-0.248784 -0.317510 -0.168469
-0.273678 -0.382691 -0.125483
-0.215410 -0.373037 -0.070582
-0.239516 -0.312130 -0.025295
-0.282810 -0.358982 0.025101
-0.204294 -0.386166 0.059781
-0.135018 -0.394120 0.106012
-0.099307 -0.465556 0.064382
-0.034787 -0.487746 0.006890
0.011333 -0.538640 -0.041957
0.094116 -0.573907 -0.068039
0.141487 -0.618751 -0.131900
0.163202 -0.665783 -0.186269
0.185215 -0.709932 -0.256499
0.254899 -0.704217 -0.293165
0.260606 -0.622303 -0.252528
0.217013 -0.556582 -0.246401
0.143742 -0.500026 -0.240419
0.088952 -0.441487 -0.252092
0.058459 -0.433018 -0.184719
0.102840 -0.383952 -0.142895
0.075608 -0.312645 -0.165514
-0.006577 -0.320574 -0.144881
-0.008479 -0.322195 -0.070001
0.008316 -0.246383 -0.055204
-0.062373 -0.212248 -0.084822
-0.110776 -0.229547 -0.023600
-0.085311 -0.239742 0.047357
-0.047126 -0.316764 0.064092
-0.002500 -0.383437 0.080487
0.062101 -0.436338 0.064963
0.093844 -0.514905 0.043361
0.170322 -0.557870 0.029388
0.211252 -0.625624 -0.001005
0.296970 -0.609535 -0.001296
0.386031 -0.591026 -0.037816
0.401468 -0.608377 -0.113568
0.351243 -0.554935 -0.157256
0.362522 -0.485301 -0.209251
0.375078 -0.400530 -0.224121
0.407936 -0.329558 -0.209324
0.358282 -0.318282 -0.142435
0.378856 -0.366550 -0.085960
0.434869 -0.323560 -0.047939
0.369942 -0.272538 -0.020742
0.331023 -0.330716 0.020403
0.319935 -0.350487 0.096446
0.295556 -0.382227 0.160550
0.247805 -0.326906 0.201235
0.230466 -0.269217 0.148029
0.173964 -0.312233 0.092063
0.167305 -0.399990 0.127638
0.169072 -0.483988 0.134225
0.203506 -0.556788 0.141491
0.207963 -0.641018 0.116135
0.225574 -0.712892 0.096494
0.215056 -0.771354 0.047938
0.157386 -0.811177 0.098166
0.115450 -0.776245 0.157644
0.131213 -0.780569 0.230974
0.097459 -0.698528 0.240564
0.018263 -0.676646 0.223467
-0.014377 -0.676492 0.293189
0.036690 -0.621248 0.320918
0.016551 -0.563250 0.273452
-0.065498 -0.561448 0.291421
-0.049789 -0.540467 0.362887
-0.007392 -0.474489 0.353466
-0.066232 -0.431293 0.316099
-0.124908 -0.437625 0.371896
-0.073162 -0.401843 0.426942
-0.042397 -0.338877 0.369450
-0.076288 -0.280286 0.327069
-0.010735 -0.230680 0.329563
0.043077 -0.278536 0.295732
-0.003044 -0.286259 0.233880
0.000707 -0.209288 0.214458
0.083517 -0.201436 0.206442
0.090746 -0.252484 0.150839
0.038483 -0.217165 0.103687
0.079929 -0.148304 0.099933
0.151868 -0.174793 0.073609
0.120016 -0.207846 0.011661
0.087621 -0.141585 -0.015511
0.156815 -0.097385 -0.018151
0.200544 -0.140220 -0.064745
0.146216 -0.134840 -0.122141
0.143797 -0.056376 -0.126403
0.233320 -0.038897 -0.129382
0.270200 -0.113268 -0.169752
0.202120 -0.128533 -0.229400
0.200353 -0.087139 -0.295586
0.230412 -0.067677 -0.361506
0.303520 -0.039335 -0.336805
0.333469 -0.110539 -0.316123
0.336649 -0.140452 -0.385603
0.386547 -0.085749 -0.416020
0.448702 -0.091773 -0.366519
0.469384 -0.166967 -0.377853
0.491208 -0.158292 -0.448738
0.552738 -0.106652 -0.438978
0.599565 -0.148458 -0.391270
0.610219 -0.215132 -0.428492
0.644789 -0.184112 -0.490876
0.707678 -0.145729 -0.458328
0.742927 -0.210343 -0.427015
0.751597 -0.256757 -0.485887
0.804729 -0.216419 -0.529333
0.875282 -0.231015 -0.488745
0.881696 -0.311512 -0.513423
0.914472 -0.302914 -0.582539
0.984101 -0.319956 -0.632137
0.928632 -0.284688 -0.700115
0.879821 -0.274674 -0.763202
0.811034 -0.280235 -0.806624
0.756407 -0.319158 -0.865884
0.697024 -0.342275 -0.909281
0.650550 -0.395099 -0.948974
0.604185 -0.429851 -1.000000
0.518304 -0.421047 -0.976412
0.495611 -0.356098 -0.934758
0.438837 -0.300777 -0.913035
0.394646 -0.242393 -0.882666
0.351135 -0.200124 -0.831107
0.272048 -0.153452 -0.820839
0.199647 -0.126963 -0.804977
0.120913 -0.118185 -0.802119
0.050931 -0.089276 -0.811612
-0.020791 -0.070767 -0.792238
-0.096943 -0.077640 -0.794297
-0.168800 -0.048473 -0.784779
-0.238674 -0.066287 -0.750657
-0.319636 -0.051176 -0.738209
