-0.151158 0.171831 0.106075
-0.185242 0.100204 0.094438
-0.232702 0.035580 0.073781
-0.317308 0.057719 0.107773
-0.400312 0.064796 0.135772
-0.470054 0.063248 0.175797
-0.498546 -0.006757 0.134402
-0.521137 -0.062953 0.095440
-0.546146 -0.110721 0.048911
-0.612628 -0.169202 0.037969
-0.611672 -0.191759 -0.021240
-0.622462 -0.249380 -0.072595
-0.591441 -0.302946 -0.118142
-0.630442 -0.367521 -0.154547
-0.624261 -0.453940 -0.176635
-0.647246 -0.525665 -0.218358
-0.639603 -0.614099 -0.238565
-0.634798 -0.684080 -0.286586
-0.568063 -0.750326 -0.306057
-0.521728 -0.813819 -0.294870
-0.547522 -0.814679 -0.230731
-0.570760 -0.734600 -0.210729
-0.567501 -0.665037 -0.168270
-0.578937 -0.579944 -0.149414
-0.545106 -0.509006 -0.114072
-0.539739 -0.422562 -0.095829
-0.492645 -0.351721 -0.067891
-0.487447 -0.265499 -0.054945
-0.445102 -0.197631 -0.015452
-0.411748 -0.136742 0.015902
-0.415317 -0.106838 0.074109
-0.347064 -0.052805 0.083087
-0.330008 -0.020935 0.026598
-0.338241 0.022041 -0.026271
-0.326721 -0.049979 -0.065069
-0.315622 -0.108583 -0.115422
-0.255153 -0.170799 -0.134892
-0.304494 -0.232007 -0.154138
-0.317870 -0.310686 -0.189725
-0.352206 -0.374942 -0.237910
-0.377158 -0.454972 -0.258649
-0.445607 -0.505050 -0.294747
-0.443472 -0.582107 -0.330395
-0.491381 -0.636804 -0.370809
-0.439988 -0.635993 -0.426500
-0.379996 -0.627147 -0.471986
-0.352825 -0.622945 -0.532831
-0.316717 -0.678600 -0.572856
-0.320286 -0.744428 -0.530745
-0.364261 -0.723763 -0.467404
-0.440634 -0.749982 -0.444743
-0.394664 -0.782318 -0.392099
-0.371567 -0.707792 -0.364264
-0.337539 -0.648598 -0.314851
-0.330879 -0.570533 -0.279755
-0.290923 -0.528196 -0.223144
-0.276705 -0.446962 -0.190420
-0.220816 -0.386392 -0.159783
-0.198365 -0.303659 -0.147409
-0.146550 -0.249257 -0.120085
-0.129297 -0.169079 -0.116895
-0.066918 -0.098754 -0.122642
-0.079366 -0.030518 -0.151172
-0.155907 -0.072217 -0.184141
-0.200360 -0.113178 -0.234372
-0.154783 -0.132270 -0.286402
-0.135226 -0.203553 -0.269672
-0.213117 -0.231270 -0.257790
-0.247791 -0.215642 -0.316242
-0.191565 -0.260953 -0.348311
-0.205698 -0.326191 -0.318451
-0.292047 -0.336388 -0.328636
-0.274850 -0.336782 -0.398849
-0.182180 -0.372976 -0.408809
-0.155373 -0.438214 -0.384287
-0.192689 -0.485662 -0.424352
-0.146550 -0.461263 -0.473969
-0.067339 -0.476104 -0.452679
-0.085238 -0.552031 -0.448220
-0.125982 -0.571565 -0.508391
-0.064276 -0.537730 -0.552813
0.014035 -0.577512 -0.546922
0.076865 -0.633880 -0.552895
0.062394 -0.669632 -0.496549
-0.020161 -0.686660 -0.509188
-0.016508 -0.718800 -0.569481
0.050733 -0.748507 -0.600016
0.092263 -0.757550 -0.653417
0.044045 -0.815122 -0.698882
-0.055397 -0.828267 -0.703975
-0.111679 -0.839349 -0.749706
-0.181140 -0.897339 -0.724857
-0.196342 -0.897339 -0.655749
-0.196819 -0.883186 -0.596396
-0.160937 -0.856476 -0.541073
-0.090689 -0.880556 -0.507695
-0.056886 -0.859646 -0.450940
0.003358 -0.849375 -0.403982
0.048485 -0.817087 -0.359069
0.094258 -0.774111 -0.400792
0.030361 -0.731798 -0.423084
0.008247 -0.701280 -0.368457
0.085351 -0.671303 -0.351134
0.099035 -0.631422 -0.404105
0.023083 -0.593656 -0.404637
0.040055 -0.556380 -0.351747
0.113337 -0.523577 -0.367250
0.083721 -0.489446 -0.419751
0.023168 -0.447478 -0.391731
0.078073 -0.406074 -0.356717
0.127471 -0.378161 -0.403082
0.061747 -0.346365 -0.437544
0.030136 -0.298081 -0.393695
0.102041 -0.257881 -0.382957
0.112438 -0.235718 -0.443966
0.035306 -0.202275 -0.449611
0.040701 -0.152026 -0.401364
0.108279 -0.111925 -0.422246
0.053992 -0.073814 -0.466913
0.016789 -0.018625 -0.434006
0.023083 0.055655 -0.418115
0.018278 0.041625 -0.352565
0.084789 -0.005897 -0.347186
0.145033 0.037644 -0.376637
0.126937 0.101506 -0.335897
0.082316 0.099024 -0.279203
-0.008275 0.098975 -0.273599
0.010326 0.020198 -0.256972
0.026764 -0.044082 -0.207682
-0.001953 -0.114652 -0.209134
-0.032834 -0.190677 -0.185450
-0.042050 -0.279062 -0.173118
-0.075235 -0.348232 -0.168557
-0.093415 -0.435462 -0.170275
-0.161190 -0.495663 -0.165428
-0.180887 -0.578495 -0.193549
-0.224693 -0.632676 -0.240937
-0.226997 -0.701133 -0.278242
-0.286595 -0.758483 -0.303316
-0.298369 -0.837752 -0.321846
-0.305871 -0.912893 -0.312868
-0.219355 -0.915227 -0.273477
-0.199882 -0.831904 -0.251940
-0.153238 -0.772244 -0.219217
-0.118086 -0.696120 -0.216947
-0.068688 -0.644667 -0.185021
-0.050986 -0.559992 -0.176451
0.019346 -0.497924 -0.159149
0.027495 -0.411578 -0.140640
0.022830 -0.404993 -0.069916
-0.052615 -0.401160 -0.019910
-0.102772 -0.452441 -0.042755
-0.160234 -0.526968 -0.038972
-0.172205 -0.613755 -0.039463
-0.226801 -0.686832 -0.026353
-0.251921 -0.762808 -0.004551
-0.318291 -0.820724 0.007823
-0.314132 -0.904317 0.035045
-0.348301 -0.933484 0.087137
-0.332593 -0.871710 0.127100
-0.253382 -0.828095 0.094090
-0.177403 -0.806644 0.069977
-0.126010 -0.818660 0.013938
-0.111174 -0.730594 -0.000726
-0.050929 -0.661941 -0.018131
-0.004482 -0.600339 -0.023183
0.057561 -0.538394 -0.018172
0.091617 -0.469175 -0.008886
0.139947 -0.403642 -0.023633
0.209267 -0.375630 0.015370
0.288422 -0.350468 0.033388
0.305056 -0.413642 0.071961
0.332369 -0.467504 0.032775
0.404049 -0.490429 0.002833
0.380643 -0.469642 -0.057379
0.364036 -0.396589 -0.045210
0.442826 -0.379856 -0.023633
0.486688 -0.398801 -0.074681
0.449878 -0.348109 -0.112129
0.468283 -0.285648 -0.080796
0.555362 -0.296115 -0.084110
0.561207 -0.302012 -0.148064
0.526139 -0.224832 -0.150682
0.538390 -0.177138 -0.096790
0.487334 -0.194855 -0.041017
0.422060 -0.207091 0.015595
0.384970 -0.218026 0.079672
0.319724 -0.178097 0.119819
0.251977 -0.214635 0.139678
0.233545 -0.246382 0.080715
0.272771 -0.194560 0.031200
0.305506 -0.153304 -0.014634
0.333549 -0.093373 0.018192
0.250376 -0.084527 0.047643
0.179004 -0.106814 0.003610
0.158464 -0.184608 -0.008252
0.117945 -0.257587 0.005205
0.158576 -0.289997 -0.053861
0.197269 -0.336044 -0.104869
0.112298 -0.336806 -0.144873
0.079590 -0.299924 -0.210443
0.044214 -0.243212 -0.246991
0.097293 -0.178392 -0.248504
0.164168 -0.136005 -0.228339
0.226436 -0.096199 -0.258915
0.276901 -0.082586 -0.209563
0.300504 -0.164435 -0.212549
0.332228 -0.164730 -0.282741
0.421723 -0.126471 -0.282291
0.491943 -0.174706 -0.288427
0.564635 -0.197754 -0.316426
0.565421 -0.276163 -0.325241
0.473454 -0.306288 -0.324055
0.397137 -0.341549 -0.326264
0.318656 -0.350247 -0.300658
0.355016 -0.394869 -0.249323
0.414923 -0.332432 -0.226559
0.368026 -0.279775 -0.192118
0.315846 -0.261764 -0.145834
0.249111 -0.293928 -0.189336
0.198477 -0.353933 -0.217131
0.149107 -0.401651 -0.257360
0.150512 -0.474630 -0.232368
0.112831 -0.542079 -0.215290
0.072228 -0.606949 -0.192118
0.052166 -0.691771 -0.203653
-0.010973 -0.753495 -0.189234
-0.041994 -0.828734 -0.187823
-0.123790 -0.880753 -0.185246
-0.185299 -0.931690 -0.180010
-0.263723 -0.961398 -0.172361
-0.341248 -0.987960 -0.129595
-0.407224 -1.000000 -0.089182
-0.374967 -0.944640 -0.046212
-0.403937 -0.877804 -0.065416
-0.439145 -0.803769 -0.046232
-0.372943 -0.733297 -0.051345
-0.351335 -0.651031 -0.059772
-0.299774 -0.581517 -0.049852
-0.291007 -0.497432 -0.059485
-0.237619 -0.425682 -0.033920
-0.203226 -0.367300 0.001544
-0.179033 -0.335823 0.057604
-0.260323 -0.326044 0.083271
-0.250769 -0.403519 0.103498
-0.167624 -0.416837 0.128102
-0.175885 -0.373762 0.181483
-0.252539 -0.421161 0.206864
-0.225031 -0.500430 0.177781
-0.206598 -0.572868 0.159865
-0.227082 -0.640096 0.138451
-0.277014 -0.659164 0.189929
-0.332060 -0.602551 0.189807
-0.362041 -0.614910 0.130086
-0.388314 -0.687176 0.133808
-0.444568 -0.677470 0.180889
-0.491886 -0.625845 0.152011
-0.515911 -0.663759 0.100921
-0.553901 -0.719046 0.132091
-0.612993 -0.676045 0.163117
-0.649437 -0.654127 0.103294
-0.669921 -0.723346 0.079160
-0.728002 -0.737401 0.126977
-0.781418 -0.670246 0.104685
-0.749554 -0.659459 0.033490
-0.747446 -0.647812 -0.033940
-0.713475 -0.576873 -0.033245
-0.641036 -0.534069 -0.051591
-0.666212 -0.467774 -0.029032
-0.671692 -0.489152 0.031220
-0.588182 -0.507556 0.036211
-0.558059 -0.437870 0.022221
-0.596330 -0.399833 0.068259
-0.557554 -0.436691 0.115831
-0.478202 -0.412438 0.102210
-0.489217 -0.337617 0.104235
-0.517794 -0.336610 0.163526
-0.450497 -0.369192 0.190543
-0.393484 -0.313709 0.173363
-0.432457 -0.258447 0.203448
-0.431108 -0.293068 0.261921
-0.339871 -0.295427 0.261471
-0.300729 -0.235103 0.222223
-0.308203 -0.207951 0.165714
-0.277857 -0.151191 0.114768
-0.298875 -0.182667 0.051529
-0.316268 -0.234219 0.009991
-0.374180 -0.299924 -0.015902
-0.363474 -0.379512 -0.045435
-0.413125 -0.451360 -0.070632
-0.416300 -0.534929 -0.086319
-0.468030 -0.604590 -0.096851
-0.461455 -0.687643 -0.110779
-0.508830 -0.757845 -0.123398
-0.531899 -0.836376 -0.125178
-0.571350 -0.898150 -0.104235
-0.537379 -0.890336 -0.040526
-0.574273 -0.838391 -0.006064
-0.637018 -0.820355 0.031691
-0.725614 -0.819225 0.058197
-0.795608 -0.816891 0.090879
-0.834750 -0.823697 0.156408
-0.885469 -0.825540 0.206107
-0.817975 -0.809740 0.245743
-0.797069 -0.740177 0.222469
-0.873948 -0.708062 0.227439
-0.879512 -0.718087 0.289511
-0.808337 -0.680222 0.307386
-0.830507 -0.612969 0.282844
-0.906318 -0.606998 0.316897
-0.867008 -0.610758 0.374183
-0.818003 -0.549107 0.364407
-0.879484 -0.498759 0.355981
-0.917867 -0.506426 0.411283
-0.848912 -0.486473 0.443680
-0.841466 -0.416959 0.419383
-0.916434 -0.390250 0.437115
-0.905363 -0.401307 0.499841
-0.834581 -0.358012 0.505159
-0.872459 -0.294444 0.487345
-0.933630 -0.291668 0.530458
-0.879568 -0.290636 0.581037
-0.838684 -0.225938 0.565861
-0.908004 -0.179743 0.562548
-0.932703 -0.190481 0.623291
-0.862006 -0.170676 0.657794
-0.857342 -0.096543 0.633374
-0.920592 -0.052608 0.658428
-0.860264 -0.021746 0.705202
-0.785211 0.002187 0.662150
-0.798727 -0.015898 0.591120
-0.779760 -0.041182 0.533281
-0.724546 -0.076418 0.494953
-0.675345 -0.104430 0.447627
-0.631426 -0.157702 0.416601
-0.565225 -0.162297 0.457792
-0.617152 -0.190604 0.503646
-0.644520 -0.252033 0.474583
-0.565506 -0.280463 0.463580
-0.543195 -0.287613 0.525468
-0.603215 -0.338649 0.539519
-0.587001 -0.390324 0.495076
-0.500906 -0.400005 0.516387
-0.527713 -0.429933 0.576333
-0.569102 -0.489397 0.548845
-0.577279 -0.563088 0.527800
-0.614370 -0.587316 0.474706
-0.638703 -0.644396 0.434517
-0.630836 -0.643487 0.369295
-0.576436 -0.607907 0.333279
-0.520013 -0.611790 0.287180
-0.441983 -0.621446 0.264294
-0.405342 -0.549328 0.261389
-0.466513 -0.500749 0.284664
-0.520210 -0.487038 0.333136
-0.552721 -0.416517 0.334342
-0.541060 -0.400619 0.273517
-0.607598 -0.450475 0.254374
-0.670568 -0.395582 0.289470
-0.681920 -0.322161 0.275460
-0.758658 -0.325552 0.247952
-0.800273 -0.341868 0.302846
-0.776332 -0.281667 0.336163
-0.805049 -0.228543 0.293908
-0.889431 -0.248077 0.295197
-0.897776 -0.234440 0.357371
-0.870829 -0.163108 0.358680
-0.931888 -0.135047 0.319085
-1.000000 -0.157137 0.354222
-0.969456 -0.112514 0.407050
-0.932675 -0.045949 0.364734
-0.962741 0.010615 0.325752
-0.913174 0.074035 0.351768
-0.825196 0.064968 0.326816
-0.826686 0.094946 0.264600
-0.816148 0.174853 0.281944
-0.741040 0.173305 0.327245
-0.652079 0.190923 0.288918
-0.617348 0.272895 0.303071
-0.548534 0.260707 0.359355
-0.472892 0.239453 0.389216
-0.389269 0.199966 0.378253
-0.308794 0.216183 0.406948
-0.245318 0.173035 0.438955
-0.212330 0.098951 0.449672
-0.122076 0.090916 0.460430
-0.095635 0.030346 0.496344
-0.064276 -0.039536 0.503646
-0.127274 -0.072069 0.468979
-0.104402 -0.048185 0.411897
-0.025275 -0.081357 0.415353
-0.054638 -0.152911 0.423391
-0.101030 -0.158931 0.370931
-0.034239 -0.145269 0.332154
0.017098 -0.201759 0.352258
-0.040954 -0.257071 0.338269
-0.047473 -0.239379 0.276933
0.034941 -0.249674 0.263925
0.035700 -0.322161 0.282680
-0.021369 -0.348453 0.240221
0.021369 -0.325995 0.188498
0.100721 -0.358798 0.203510
0.054751 -0.433668 0.226437
0.010102 -0.489102 0.204634
0.015974 -0.540826 0.257667
0.076780 -0.504312 0.303030
0.046153 -0.460427 0.349988
0.053739 -0.510947 0.397069
0.138963 -0.514854 0.399401
0.153575 -0.441089 0.407377
0.112635 -0.437305 0.463457
0.163494 -0.486572 0.494994
0.237591 -0.447502 0.486138
0.209492 -0.382510 0.513585
0.186113 -0.411013 0.570095
0.264987 -0.436887 0.584350
0.306855 -0.370371 0.581568
0.259199 -0.334693 0.625991
0.278081 -0.380544 0.674401
0.362519 -0.367103 0.676242
0.361507 -0.291447 0.684975
0.320370 -0.295034 0.743489
0.382272 -0.332555 0.776948
0.445495 -0.274738 0.768645
0.395872 -0.206846 0.797503
0.382722 -0.212006 0.868247
0.447350 -0.166204 0.898250
0.402869 -0.093471 0.925922
0.364654 -0.027619 0.967215
0.344845 0.062683 0.968994
0.303202 0.138241 0.979936
0.286680 0.221540 0.992433
0.296599 0.310858 0.998016
0.274035 0.393690 1.000000
0.312896 0.476472 0.990387
0.316436 0.559427 0.984088
0.381682 0.627663 0.967931
0.425938 0.701059 0.956928
0.506582 0.743052 0.922138
0.573963 0.788879 0.893096
0.661969 0.786815 0.860414
0.722073 0.815736 0.800775
0.764840 0.819938 0.739684
0.789848 0.822395 0.662927
0.781193 0.854977 0.601284
0.781446 0.883259 0.536124
0.792658 0.896036 0.463028
0.776501 0.945303 0.400689
0.800329 0.963830 0.336797
0.808618 0.983733 0.261471
0.846945 0.996437 0.200851
0.873667 1.000000 0.125484
0.897832 0.986903 0.059076
0.916996 0.997715 -0.014306
0.964539 0.981202 -0.076522
0.972716 0.939086 -0.144669
1.000000 0.932329 -0.207007
0.991851 0.910116 -0.282312
0.958414 0.875249 -0.350275
0.942622 0.873750 -0.422553
0.913090 0.810895 -0.474563
0.875241 0.810281 -0.541012
0.886536 0.767182 -0.599137
0.850542 0.720716 -0.661598
0.825281 0.684473 -0.729111
0.819464 0.623830 -0.780057
0.826011 0.559083 -0.826034
0.808983 0.489422 -0.875651
0.745732 0.429761 -0.914735
0.704090 0.361329 -0.945945
0.670849 0.282969 -0.952285
0.596696 0.222203 -0.975314
0.544712 0.163403 -1.000000
0.504447 0.079908 -0.989856
0.447293 0.014399 -0.999345
0.421246 -0.059611 -0.968238
0.355831 -0.128535 -0.953737
0.328126 -0.199228 -0.940484
0.293592 -0.250559 -0.888536
