0.325397 -1.000000 0.974484
0.303280 -0.936446 1.000000
0.333761 -0.893407 0.947206
0.275625 -0.907537 0.893475
0.199714 -0.886872 0.925947
0.223202 -0.822215 0.933842
0.232905 -0.807370 0.865922
0.149942 -0.822474 0.843587
0.109670 -0.775410 0.884847
0.150846 -0.722199 0.855762
0.121560 -0.731807 0.789672
0.034080 -0.726181 0.804250
0.038334 -0.663168 0.827408
0.071613 -0.636401 0.768299
0.003978 -0.654816 0.726558
-0.060219 -0.622379 0.761983
-0.025833 -0.561249 0.754706
-0.028718 -0.560189 0.683445
-0.118238 -0.568130 0.678570
-0.141346 -0.514531 0.717015
-0.097868 -0.468721 0.678341
-0.142657 -0.482245 0.617493
-0.224338 -0.467228 0.643169
-0.207291 -0.404172 0.659050
-0.184008 -0.383766 0.593670
-0.269360 -0.399108 0.566896
-0.320036 -0.358622 0.614701
-0.298326 -0.294701 0.607103
-0.344747 -0.286218 0.546369
-0.429342 -0.308420 0.572525
-0.436073 -0.258802 0.627699
-0.422668 -0.199446 0.589322
-0.500765 -0.208253 0.543005
-0.579269 -0.210460 0.591954
-0.593082 -0.136109 0.617493
-0.641222 -0.094800 0.555729
-0.735667 -0.077662 0.568521
-0.755715 0.001774 0.570283
-0.783719 0.062666 0.526734
-0.795521 0.110878 0.469661
-0.783486 0.156644 0.414740
-0.715152 0.176985 0.371329
-0.622689 0.144700 0.340778
-0.549779 0.121741 0.300571
-0.483893 0.088330 0.265970
-0.407428 0.048579 0.273751
-0.389448 0.040638 0.198691
-0.348652 0.092982 0.168461
-0.264960 0.087248 0.204092
-0.252546 0.024712 0.170292
-0.268777 0.042780 0.100427
-0.204814 0.092744 0.114295
-0.122259 0.103932 0.127773
-0.067883 0.154264 0.142144
-0.062987 0.172441 0.071387
-0.147116 0.201610 0.063744
-0.129049 0.252656 0.109855
-0.056518 0.275355 0.075712
-0.099675 0.285353 0.013376
-0.157956 0.330665 0.040814
-0.098393 0.374224 0.070334
-0.058033 0.390951 0.008318
-0.129836 0.422543 -0.023971
-0.132371 0.477896 0.018616
-0.051098 0.504122 -0.002368
-0.072749 0.512453 -0.072348
-0.144435 0.552637 -0.064087
-0.094284 0.601043 -0.031363
-0.038014 0.611495 -0.091273
-0.101278 0.624024 -0.142099
-0.140647 0.676065 -0.109054
-0.063803 0.714496 -0.106628
-0.048592 0.715924 -0.177935
-0.131671 0.747560 -0.193885
-0.117946 0.808236 -0.155898
-0.034692 0.831216 -0.190064
-0.060248 0.845628 -0.264918
-0.096033 0.913769 -0.269082
-0.037577 0.952654 -0.328444
-0.008757 0.981953 -0.388766
0.020908 0.970744 -0.472018
0.045007 1.000000 -0.535316
0.092973 0.979508 -0.612939
0.131409 0.952308 -0.682049
0.170486 0.943479 -0.747589
0.227223 0.906152 -0.805485
0.272012 0.877545 -0.865602
0.348797 0.831822 -0.877318
0.392625 0.760003 -0.898898
0.433713 0.699414 -0.908647
0.429429 0.620540 -0.890202
0.445223 0.555645 -0.893200
0.414363 0.510852 -0.831802
0.389186 0.457663 -0.797476
0.368729 0.439833 -0.734247
0.363921 0.393785 -0.687403
0.324232 0.378984 -0.632093
0.331080 0.339407 -0.578178
0.283814 0.294181 -0.547147
0.270380 0.258737 -0.491973
0.252109 0.201610 -0.462407
0.190972 0.149222 -0.444832
0.135401 0.110315 -0.393618
0.089476 0.045096 -0.378240
0.021579 0.007076 -0.341968
-0.022890 -0.052020 -0.327277
-0.093614 -0.072664 -0.285353
-0.111535 -0.143423 -0.255192
-0.134352 -0.218272 -0.254071
-0.163027 -0.276546 -0.273819
-0.221745 -0.272391 -0.332128
-0.233139 -0.216195 -0.375013
-0.163493 -0.207020 -0.429431
-0.074877 -0.191461 -0.429706
-0.056139 -0.219462 -0.490806
-0.099733 -0.173869 -0.529549
-0.061530 -0.118365 -0.506573
0.023152 -0.137191 -0.522066
0.012166 -0.143704 -0.591771
0.004182 -0.080107 -0.607035
0.092885 -0.070500 -0.587286
0.138403 -0.113258 -0.626852
0.113808 -0.078441 -0.690058
0.163697 -0.019973 -0.686351
0.239345 0.015926 -0.695825
0.231682 0.052799 -0.630765
0.249195 -0.005237 -0.582617
0.260210 -0.035704 -0.514674
0.242493 -0.100296 -0.477350
0.203969 -0.139355 -0.414671
0.182434 -0.198061 -0.372587
0.199569 -0.199165 -0.302562
0.260327 -0.181551 -0.253224
0.220200 -0.211174 -0.196014
0.256189 -0.270076 -0.197455
0.326796 -0.257092 -0.157088
0.282153 -0.242724 -0.098596
0.234654 -0.300565 -0.092989
0.306893 -0.340965 -0.088367
0.352935 -0.313873 -0.034498
0.273964 -0.309242 0.012643
0.246980 -0.369074 0.037679
0.166815 -0.338779 0.073561
0.136858 -0.277779 0.068641
0.077732 -0.228053 0.058366
0.047397 -0.176898 0.019051
0.068232 -0.126220 0.066146
0.158918 -0.130137 0.066078
0.169612 -0.115054 -0.006373
0.157461 -0.049640 -0.021408
0.244037 -0.030597 -0.015824
0.277898 -0.069959 -0.066604
0.226087 -0.046654 -0.117590
0.257150 0.015385 -0.117475
0.344164 0.001104 -0.130153
0.327233 -0.028607 -0.191391
0.292585 0.023392 -0.223909
0.363950 0.062342 -0.222513
0.413722 0.021639 -0.264323
0.361852 0.012940 -0.321190
0.358151 0.076753 -0.341442
0.453849 0.076018 -0.350618
0.501464 0.020167 -0.357964
0.510032 -0.024885 -0.298008
0.542348 -0.093091 -0.287939
0.577696 -0.097938 -0.223680
0.505369 -0.120464 -0.189194
0.517521 -0.185965 -0.202650
0.576151 -0.201026 -0.151756
0.514461 -0.210525 -0.100358
0.475238 -0.267868 -0.146149
0.530051 -0.319261 -0.152328
0.574112 -0.371129 -0.135943
0.645622 -0.402830 -0.123105
0.713695 -0.440872 -0.137819
0.771334 -0.482808 -0.115485
0.832938 -0.500400 -0.067840
0.890432 -0.522905 -0.124295
0.926129 -0.464956 -0.145714
1.000000 -0.421505 -0.148117
0.923798 -0.369442 -0.158713
0.857969 -0.330773 -0.177249
0.780543 -0.335555 -0.215007
0.763962 -0.268518 -0.212971
0.793714 -0.240473 -0.275582
0.716113 -0.262350 -0.327185
0.645797 -0.240517 -0.359749
0.574665 -0.255383 -0.414717
0.501406 -0.274836 -0.447922
0.487593 -0.331811 -0.409431
0.450002 -0.298033 -0.352495
0.366427 -0.282280 -0.376615
0.282765 -0.286023 -0.392084
0.279414 -0.292818 -0.464604
0.338481 -0.294051 -0.517169
0.286058 -0.323394 -0.568498
0.236548 -0.257482 -0.570832
0.292993 -0.207907 -0.592023
0.320327 -0.165668 -0.641841
0.404718 -0.157358 -0.615547
0.431906 -0.221366 -0.619712
0.395568 -0.231061 -0.690493
0.463815 -0.175860 -0.720952
0.509769 -0.120226 -0.730631
0.591217 -0.142557 -0.694292
0.573354 -0.201610 -0.659988
0.552926 -0.230390 -0.734270
0.578657 -0.250925 -0.798620
0.516617 -0.306580 -0.797545
0.432693 -0.291217 -0.813266
0.357976 -0.291044 -0.856128
0.341512 -0.215589 -0.835669
0.319773 -0.151689 -0.818392
0.281220 -0.101725 -0.782853
0.211575 -0.090407 -0.829514
0.158597 -0.144743 -0.818049
0.079393 -0.176898 -0.798460
0.091545 -0.236795 -0.741639
0.127592 -0.286608 -0.708731
0.188204 -0.328457 -0.684154
0.239258 -0.385779 -0.673948
0.284222 -0.420380 -0.627264
0.332799 -0.457101 -0.676282
0.374353 -0.406184 -0.707908
0.414451 -0.380715 -0.652070
0.461833 -0.433623 -0.631612
0.510644 -0.437063 -0.694108
0.538210 -0.367710 -0.704361
0.560911 -0.346829 -0.629507
0.614733 -0.330102 -0.575683
0.647021 -0.294138 -0.524034
0.660193 -0.227598 -0.490303
0.668323 -0.175578 -0.448997
0.631285 -0.121719 -0.420689
0.673014 -0.075520 -0.460416
0.619862 -0.085647 -0.516642
0.544039 -0.067124 -0.483117
0.570498 -0.005280 -0.468769
0.582766 0.012983 -0.535339
0.495665 0.001601 -0.552410
0.453149 0.042542 -0.508244
0.480979 0.101032 -0.533485
0.429429 0.100751 -0.595181
0.342649 0.111722 -0.569344
0.264756 0.142254 -0.549069
0.236519 0.075455 -0.513530
0.205018 0.037500 -0.450736
0.169467 -0.028412 -0.424534
0.119491 -0.062645 -0.367141
0.083997 -0.122823 -0.337025
0.023181 -0.148833 -0.274208
-0.008698 -0.184104 -0.204618
0.033963 -0.150347 -0.140199
-0.028223 -0.103521 -0.124569
-0.091137 -0.073053 -0.070174
-0.066863 0.002315 -0.086902
-0.061792 0.066129 -0.107567
-0.009951 0.090061 -0.055185
0.069340 0.071430 -0.082669
0.068874 0.125484 -0.131801
0.089738 0.184126 -0.104843
0.178063 0.182762 -0.120977
0.157956 0.180923 -0.194389
0.105474 0.237119 -0.199744
0.181647 0.276697 -0.172283
0.250302 0.273170 -0.218303
0.301910 0.302967 -0.268007
0.323649 0.239543 -0.297665
0.222386 0.227447 -0.315308
0.151691 0.206457 -0.356889
0.075139 0.175816 -0.328764
0.004240 0.119231 -0.339405
-0.080093 0.077814 -0.338261
-0.124649 0.013503 -0.346270
-0.204377 -0.024560 -0.328467
-0.245407 -0.091013 -0.322769
-0.331313 -0.128427 -0.330412
-0.402124 -0.183455 -0.309679
-0.445923 -0.229849 -0.279884
-0.444145 -0.276524 -0.229630
-0.470546 -0.325644 -0.274392
-0.395888 -0.322247 -0.313798
-0.341745 -0.334538 -0.260295
-0.371789 -0.393915 -0.240683
-0.357248 -0.425248 -0.300205
-0.267816 -0.410317 -0.301166
-0.247213 -0.442884 -0.240546
-0.269593 -0.504771 -0.257366
-0.207378 -0.508385 -0.309725
-0.136072 -0.488347 -0.257938
-0.109233 -0.519810 -0.199675
-0.022016 -0.524744 -0.214161
-0.007475 -0.454894 -0.219905
-0.052526 -0.434856 -0.151733
-0.022773 -0.454331 -0.089717
0.038742 -0.408089 -0.076055
-0.019072 -0.355095 -0.081158
-0.077936 -0.375306 -0.032667
-0.019918 -0.368316 0.020424
-0.005143 -0.302707 0.014817
-0.091516 -0.285158 0.021866
-0.109000 -0.313267 0.085140
-0.051885 -0.279683 0.125988
-0.100666 -0.225608 0.137430
-0.155858 -0.259040 0.187295
-0.083152 -0.297276 0.223841
-0.032506 -0.296778 0.286337
0.006833 -0.356025 0.311716
-0.042793 -0.411010 0.327780
-0.101161 -0.409928 0.275376
-0.043725 -0.434596 0.226861
-0.024667 -0.491766 0.257503
-0.109787 -0.513081 0.253887
-0.117159 -0.510484 0.183221
-0.051448 -0.553286 0.169972
-0.083444 -0.604397 0.207570
-0.163143 -0.610153 0.176104
-0.113255 -0.618116 0.109489
-0.022278 -0.635795 0.105347
0.046756 -0.592041 0.116354
0.111827 -0.640512 0.147660
0.118471 -0.706554 0.142762
0.154080 -0.765304 0.134707
0.159384 -0.826997 0.118208
0.095158 -0.857681 0.175189
0.011001 -0.834982 0.197364
-0.077383 -0.845866 0.221186
-0.136072 -0.803800 0.186746
-0.200239 -0.790816 0.144318
-0.206562 -0.767425 0.078275
-0.235936 -0.731201 0.029761
-0.223464 -0.711466 -0.033674
-0.192051 -0.662281 -0.074156
-0.271021 -0.628308 -0.083378
-0.288447 -0.601043 -0.021019
-0.210496 -0.566551 -0.018159
-0.222794 -0.525350 -0.071867
-0.300133 -0.497198 -0.052919
-0.266213 -0.462056 -0.000011
-0.208573 -0.424469 -0.036672
-0.266359 -0.400234 -0.084797
-0.321463 -0.370350 -0.037679
-0.264028 -0.332785 -0.001865
-0.236286 -0.298596 -0.058915
-0.314819 -0.268604 -0.072691
-0.317267 -0.230476 -0.016374
-0.243017 -0.196265 -0.031088
-0.274897 -0.173306 -0.092600
-0.345504 -0.139225 -0.065140
-0.293343 -0.098587 -0.027083
-0.249953 -0.072577 -0.081273
-0.320939 -0.047822 -0.113539
-0.344018 -0.006708 -0.062760
-0.270817 0.030078 -0.062142
-0.273731 0.049856 -0.129467
-0.354684 0.079263 -0.127865
-0.332245 0.123450 -0.077451
-0.262046 0.150455 -0.109329
-0.304970 0.169801 -0.168804
-0.366631 0.209378 -0.135783
-0.298734 0.248956 -0.101022
-0.244707 0.283340 -0.147270
-0.207349 0.329821 -0.188096
-0.179316 0.346656 -0.252423
-0.102793 0.312120 -0.253910
-0.144668 0.250968 -0.248853
-0.197471 0.253111 -0.305010
-0.126630 0.253565 -0.351877
-0.094663 0.187956 -0.324119
-0.182084 0.148465 -0.338650
-0.225358 0.081925 -0.360459
-0.300220 0.040724 -0.378011
-0.324902 -0.034146 -0.392840
-0.361269 -0.092766 -0.427761
-0.373712 -0.147340 -0.465291
-0.449099 -0.127367 -0.497305
-0.407690 -0.079891 -0.535751
-0.348185 -0.120918 -0.567582
-0.414975 -0.159154 -0.599002
-0.465418 -0.112522 -0.631429
-0.383882 -0.064809 -0.646189
-0.299550 -0.061779 -0.670446
-0.302755 0.000779 -0.697083
-0.325339 0.035098 -0.639210
-0.257121 0.012918 -0.598247
-0.191759 0.034471 -0.639164
-0.211167 0.098890 -0.637928
-0.203182 0.104365 -0.567971
-0.116868 0.085560 -0.564310
-0.079131 0.130656 -0.606325
-0.105416 0.183758 -0.570168
-0.065435 0.168978 -0.510006
0.019276 0.160734 -0.544904
0.041015 0.185727 -0.610444
0.019335 0.146258 -0.671705
-0.006105 0.118062 -0.734545
-0.046086 0.084435 -0.787682
-0.063220 0.017744 -0.824662
-0.092623 -0.032934 -0.862993
-0.054828 -0.080562 -0.823518
-0.108621 -0.067946 -0.765278
-0.186368 -0.083461 -0.796080
-0.160870 -0.146907 -0.809078
-0.140472 -0.165343 -0.743469
-0.220783 -0.156233 -0.713468
-0.261667 -0.200874 -0.754706
-0.213381 -0.254582 -0.740838
-0.224834 -0.257309 -0.669966
-0.324232 -0.264363 -0.680492
-0.323532 -0.312012 -0.746605
-0.284455 -0.373899 -0.741387
-0.261376 -0.446152 -0.733469
-0.226028 -0.467423 -0.672277
-0.205105 -0.511177 -0.616531
-0.194178 -0.510008 -0.534904
-0.192254 -0.561076 -0.488815
-0.098509 -0.571419 -0.477671
-0.082366 -0.495726 -0.466183
-0.099238 -0.441824 -0.424946
-0.019947 -0.407223 -0.454741
-0.040345 -0.395841 -0.524034
-0.048563 -0.360353 -0.586942
-0.127213 -0.351286 -0.642985
-0.198840 -0.356783 -0.687335
-0.294042 -0.351092 -0.654244
-0.367593 -0.338411 -0.618065
-0.400726 -0.294722 -0.568406
-0.486428 -0.315907 -0.560854
-0.468302 -0.367126 -0.520990
-0.430915 -0.333218 -0.467053
-0.508429 -0.304114 -0.445130
-0.563883 -0.364746 -0.437441
-0.530022 -0.416311 -0.399247
-0.580697 -0.408457 -0.340069
-0.659406 -0.437193 -0.357026
-0.616278 -0.502348 -0.362678
-0.547273 -0.504036 -0.304759
-0.604097 -0.489235 -0.244986
-0.658269 -0.483024 -0.189354
-0.700960 -0.451258 -0.138826
-0.627701 -0.448272 -0.096926
-0.576530 -0.410729 -0.137659
-0.633034 -0.360245 -0.140520
-0.636501 -0.346894 -0.072073
-0.549983 -0.334841 -0.061890
-0.545088 -0.283773 -0.106926
-0.610275 -0.245840 -0.080266
-0.574112 -0.238353 -0.016648
-0.492198 -0.213057 -0.036100
-0.524077 -0.166425 -0.092394
-0.584369 -0.118257 -0.084683
-0.532149 -0.064765 -0.092349
-0.500590 -0.081427 -0.156905
-0.576938 -0.086296 -0.191757
-0.600950 -0.022699 -0.185098
-0.527166 0.004090 -0.218783
-0.545525 -0.038647 -0.280616
-0.619163 -0.072599 -0.298145
-0.654452 -0.132279 -0.265993
-0.719435 -0.177136 -0.251713
-0.768362 -0.230455 -0.230408
-0.826090 -0.281934 -0.243590
-0.902059 -0.233376 -0.231896
-0.889499 -0.180512 -0.284026
-0.909023 -0.207799 -0.350390
-1.000000 -0.198386 -0.358719
-0.988227 -0.126739 -0.384121
-0.931840 -0.134919 -0.447899
-0.929742 -0.133577 -0.516299
-0.899611 -0.137104 -0.579734
-0.887809 -0.121719 -0.644015
-0.900223 -0.128752 -0.710242
-0.879213 -0.141995 -0.774340
-0.932365 -0.086296 -0.823358
-0.910393 -0.015493 -0.830543
-0.909519 0.034947 -0.874984
-0.912520 0.097635 -0.898029
-0.943759 0.148833 -0.932789
-0.952268 0.206911 -0.963385
-0.952006 0.281652 -0.959427
-0.969752 0.339948 -0.983615
-0.945711 0.414559 -0.975606
-0.959087 0.474953 -1.000000
-0.925779 0.548244 -0.973752
-0.880407 0.609720 -0.961738
-0.789052 0.650055 -0.980137
