0.757206 -0.113257 -1.000000
0.790863 -0.088155 -0.946594
0.806173 -0.077859 -0.866850
0.843404 -0.081895 -0.814151
0.864819 -0.078992 -0.736549
0.903078 -0.096372 -0.685285
0.938269 -0.093633 -0.629054
0.965821 -0.054528 -0.564257
0.993373 -0.035707 -0.501601
1.000000 0.021642 -0.447124
0.986224 0.077859 -0.398708
0.954591 0.130184 -0.370228
0.901038 0.162390 -0.370934
0.852071 0.174602 -0.389458
0.804639 0.145319 -0.430036
0.757206 0.126189 -0.448195
0.721248 0.082410 -0.466354
0.682989 0.087641 -0.516182
0.641155 0.063136 -0.537918
0.601116 0.066204 -0.592007
0.555463 0.089329 -0.611966
0.536856 0.032412 -0.654663
0.486616 0.017606 -0.609095
0.445288 0.070631 -0.609824
0.394542 0.068860 -0.635456
0.368916 0.073329 -0.568517
0.362909 0.154627 -0.567811
0.355270 0.202710 -0.540402
0.306614 0.184053 -0.534341
0.314008 0.150838 -0.474533
0.332631 0.201536 -0.436097
0.292152 0.238087 -0.443912
0.258512 0.198797 -0.417938
0.280661 0.191878 -0.355282
0.281559 0.252502 -0.336052
0.233115 0.264240 -0.343184
0.217772 0.222726 -0.297616
0.244769 0.247663 -0.244916
0.222913 0.302932 -0.241362
0.176835 0.283061 -0.230676
0.185649 0.253861 -0.171575
0.203849 0.305506 -0.136692
0.163190 0.340245 -0.140794
0.131476 0.300997 -0.110719
0.156302 0.296178 -0.049999
0.156090 0.356493 -0.032752
0.106797 0.364709 -0.033094
0.094179 0.319180 0.011586
0.121519 0.342819 0.067110
0.097232 0.399942 0.068090
0.052541 0.380627 0.078684
0.063004 0.352004 0.137763
0.080599 0.401549 0.172509
0.039794 0.437255 0.168271
0.010201 0.397842 0.202675
0.036350 0.397368 0.263235
0.034815 0.463964 0.274490
-0.017595 0.477163 0.276176
-0.023716 0.426486 0.335004
-0.025120 0.404123 0.400508
-0.053309 0.349100 0.379319
-0.006888 0.322721 0.347467
0.021431 0.323195 0.415113
0.015686 0.265372 0.449448
0.042601 0.214118 0.458881
0.029707 0.204954 0.379866
0.065289 0.257959 0.346123
0.116557 0.238170 0.356102
0.117635 0.198674 0.300919
0.107564 0.242123 0.250590
0.146639 0.281928 0.264693
0.184344 0.240188 0.258815
0.172020 0.226391 0.191830
0.178402 0.285717 0.167269
0.226651 0.292883 0.183035
0.242516 0.243977 0.146079
0.225917 0.264878 0.084107
0.252897 0.318377 0.082877
0.297816 0.289424 0.086613
0.292903 0.252584 0.029380
0.284301 0.301326 -0.016894
0.327343 0.337198 0.000103
0.364966 0.285161 -0.001857
0.346212 0.239055 -0.056424
0.334296 0.272209 -0.118534
0.381158 0.282670 -0.140611
0.391996 0.218278 -0.151115
0.356152 0.204275 -0.200784
0.370695 0.251369 -0.244916
0.418764 0.232548 -0.251319
0.404482 0.169577 -0.277315
0.369046 0.189881 -0.334981
0.407796 0.220399 -0.376289
0.438922 0.221737 -0.423269
0.478193 0.268667 -0.384126
0.519766 0.297146 -0.349950
0.545784 0.295684 -0.279457
0.578673 0.297867 -0.235301
0.585561 0.284358 -0.168020
0.610551 0.276059 -0.113908
0.617439 0.240023 -0.057131
0.590915 0.283946 -0.018147
0.545523 0.275833 -0.048222
0.541442 0.212512 -0.033276
0.544511 0.217907 0.035691
0.506251 0.256044 0.045579
0.470669 0.222046 0.016484
0.475386 0.169124 0.058748
0.466588 0.199209 0.117212
0.421327 0.217186 0.099327
0.401430 0.159858 0.091284
0.410734 0.141386 0.157973
0.386642 0.185927 0.192354
0.341429 0.178226 0.163600
0.336908 0.117149 0.180916
0.344563 0.128290 0.252731
0.307381 0.168094 0.260478
0.269856 0.131708 0.240792
0.276075 0.084305 0.289345
0.277740 0.119559 0.348082
0.230715 0.142745 0.339014
0.206526 0.087949 0.345508
0.222913 0.074770 0.409576
0.207130 0.125613 0.441451
0.159436 0.118199 0.425776
0.154131 0.062189 0.455873
0.166259 0.082884 0.520488
0.132749 0.126992 0.525296
0.094049 0.088917 0.518871
0.104756 0.053499 0.571752
0.103548 0.098616 0.620510
0.056116 0.122153 0.605928
0.030474 0.064392 0.616956
0.052150 0.045529 0.678905
0.050371 0.101479 0.718413
-0.000637 0.095486 0.725886
0.003575 0.034430 0.757943
0.042601 0.067213 0.812761
0.043613 0.136527 0.820599
0.061209 0.197912 0.797086
0.098701 0.207652 0.740126
0.113619 0.247580 0.686720
0.141677 0.264487 0.651838
0.171645 0.314505 0.638669
0.194529 0.343314 0.593101
0.238893 0.312590 0.616591
0.233310 0.253943 0.585992
0.231368 0.276636 0.519600
0.277511 0.302212 0.520488
0.302664 0.247828 0.538283
0.288317 0.214283 0.481323
0.307250 0.255714 0.435208
0.353997 0.254994 0.458881
0.360755 0.191570 0.456215
0.354112 0.187575 0.387157
0.393644 0.222890 0.371504
0.427186 0.186607 0.401397
0.417752 0.134467 0.364373
0.425913 0.160496 0.302605
0.473852 0.173901 0.314886
0.490696 0.116346 0.330379
0.475647 0.089494 0.266698
0.502677 0.132985 0.222087
0.554957 0.119044 0.234208
0.566693 0.075573 0.182944
0.572046 0.121268 0.130518
0.613358 0.156295 0.168795
0.648810 0.099502 0.177590
0.647537 0.048577 0.125414
0.610551 0.006363 0.104932
0.622792 0.040546 0.029904
0.669719 0.040773 0.001880
0.649577 -0.004674 -0.049658
0.611318 0.040464 -0.086135
0.643962 0.099543 -0.110172
0.668446 0.117211 -0.169456
0.688343 0.170380 -0.213953
0.663092 0.142684 -0.280163
0.612085 0.126622 -0.294403
0.550371 0.103744 -0.284082
0.519766 0.140048 -0.217507
0.549865 0.103558 -0.154669
0.541181 0.032412 -0.177111
0.481001 0.016330 -0.162324
0.465952 0.004736 -0.081168
0.512878 -0.024772 -0.032911
0.555463 -0.048577 -0.007462
0.548069 -0.094765 0.047174
0.551138 -0.144619 0.082330
0.522574 -0.181788 0.116278
0.524614 -0.142539 0.175630
0.493749 -0.095713 0.148107
0.453449 -0.131749 0.134528
0.445549 -0.150570 0.198915
0.441207 -0.093942 0.228922
0.402197 -0.074317 0.187296
0.369291 -0.120012 0.206320
0.370434 -0.110210 0.275287
0.361636 -0.045365 0.275014
0.319884 -0.042152 0.222975
0.289916 -0.101025 0.243823
0.292789 -0.128063 0.306524
0.286733 -0.078662 0.350748
0.244410 -0.054858 0.324501
0.216417 -0.108583 0.327713
0.218490 -0.116470 0.395701
0.199719 -0.062909 0.414566
0.155486 -0.069828 0.381825
0.140845 -0.122277 0.410487
0.142559 -0.103291 0.475809
0.111905 -0.054055 0.472414
0.071916 -0.086076 0.445005
0.064914 -0.129031 0.492897
0.053309 -0.087043 0.542908
0.015180 -0.060006 0.512651
-0.010201 -0.111816 0.507319
-0.013776 -0.124521 0.574942
-0.034293 -0.068860 0.594172
-0.074984 -0.073679 0.555371
-0.090278 -0.127425 0.585628
-0.094359 -0.104567 0.651496
-0.129044 -0.056958 0.639034
-0.164235 -0.096042 0.616250
-0.167564 -0.129669 0.674622
-0.179545 -0.076747 0.715200
-0.219077 -0.056155 0.676057
-0.243039 -0.112289 0.683166
-0.244328 -0.112454 0.755437
-0.268044 -0.054055 0.761497
-0.308328 -0.069025 0.720896
-0.320063 -0.119538 0.761497
-0.322626 -0.088794 0.824153
-0.356788 -0.044088 0.802440
-0.390461 -0.088958 0.782504
-0.392502 -0.118570 0.845866
-0.406261 -0.063712 0.881455
-0.447067 -0.051481 0.839806
-0.466964 -0.111013 0.855481
-0.466964 -0.103764 0.927387
-0.494516 -0.047300 0.924539
-0.534815 -0.076088 0.888951
-0.541442 -0.127260 0.937344
-0.545523 -0.084140 1.000000
-0.586328 -0.041514 0.965824
-0.637336 -0.051481 0.963705
-0.666405 -0.011738 0.911735
-0.694969 -0.021066 0.852975
-0.645497 -0.025267 0.808842
-0.635295 -0.097813 0.810255
-0.667417 -0.121947 0.754731
-0.640388 -0.092995 0.695993
-0.591421 -0.119044 0.714152
-0.602651 -0.186607 0.711304
-0.610290 -0.185660 0.636186
-0.562351 -0.157016 0.618368
-0.530735 -0.204316 0.656121
-0.547057 -0.260945 0.619439
-0.529201 -0.236811 0.552887
-0.477165 -0.230695 0.575307
-0.468498 -0.294716 0.597020
-0.483792 -0.320147 0.530810
-0.447589 -0.283473 0.495016
-0.405755 -0.308554 0.533475
-0.414945 -0.372905 0.514792
-0.413410 -0.361641 0.439856
-0.364444 -0.327540 0.441269
-0.337414 -0.376776 0.476515
-0.347615 -0.423417 0.421150
-0.324650 -0.383530 0.364920
-0.275438 -0.375170 0.398731
-0.264976 -0.441456 0.400690
-0.270591 -0.449817 0.324865
-0.232086 -0.400581 0.307322
-0.192554 -0.427927 0.351021
-0.195867 -0.489704 0.313906
-0.184899 -0.461081 0.242319
-0.137205 -0.429533 0.263804
-0.116035 -0.491310 0.287386
-0.119348 -0.518018 0.212586
-0.083896 -0.467835 0.176747
-0.034815 -0.482311 0.222542
-0.019636 -0.552119 0.197389
0.014674 -0.554055 0.126030
0.072046 -0.566286 0.132819
0.090164 -0.631934 0.136806
0.115088 -0.680820 0.104681
0.113750 -0.743256 0.058384
0.118336 -0.797949 0.030086
0.108641 -0.864874 0.052437
0.088630 -0.919567 0.101605
0.063004 -0.963964 0.153439
0.039157 -0.986491 0.224069
0.015816 -1.000000 0.293264
0.001143 -0.991001 0.371504
-0.011344 -0.980067 0.445370
-0.020909 -0.948519 0.518529
-0.040544 -0.923438 0.587405
-0.070382 -0.887402 0.647213
-0.106601 -0.868745 0.702396
-0.153021 -0.835262 0.742268
-0.201482 -0.828199 0.777150
-0.256815 -0.801820 0.796744
-0.315477 -0.796672 0.793167
-0.371070 -0.797949 0.791754
-0.427692 -0.783143 0.781069
-0.482780 -0.772209 0.750447
-0.533281 -0.770273 0.716271
-0.582754 -0.754829 0.679612
-0.630692 -0.736811 0.642952
-0.677113 -0.708496 0.605564
-0.721999 -0.682118 0.567834
-0.766885 -0.643507 0.536506
-0.808719 -0.601046 0.506066
-0.846962 -0.552119 0.478475
-0.883687 -0.503542 0.452843
-0.914308 -0.440488 0.430059
-0.942872 -0.389646 0.396589
-0.968367 -0.326902 0.367745
-0.982649 -0.261274 0.335278
-0.988770 -0.199168 0.285973
-1.000000 -0.147687 0.236874
-0.992851 -0.081092 0.194997
-0.985702 -0.019789 0.148198
-0.981621 0.040855 0.113567
-0.975517 0.114019 0.105296
-0.973460 0.184074 0.120744
-0.972448 0.248239 0.158884
-0.959194 0.302685 0.212882
-0.938792 0.352971 0.264078
-0.906147 0.396071 0.315159
-0.856152 0.431963 0.345690
-0.806157 0.470409 0.349426
-0.750563 0.492937 0.328602
-0.702119 0.503233 0.281963
-0.663337 0.512561 0.223317
-0.624065 0.490033 0.164010
-0.602128 0.459948 0.097367
-0.594996 0.430501 0.034370
-0.562351 0.430666 -0.039337
-0.536839 0.415057 -0.107142
-0.502171 0.413286 -0.173534
-0.457791 0.413945 -0.228899
-0.404237 0.410238 -0.267336
-0.348121 0.379021 -0.290484
-0.304508 0.344117 -0.318964
-0.257843 0.297372 -0.305089
-0.234633 0.238973 -0.324296
-0.200209 0.188192 -0.290120
-0.205301 0.121453 -0.273761
-0.212189 0.060253 -0.252048
-0.193321 0.024381 -0.186544
-0.201727 -0.012149 -0.131885
-0.202755 0.003295 -0.050729
-0.228251 0.003459 0.006596
-0.235645 0.048495 0.066130
-0.273659 0.054858 0.114364
-0.291499 0.090338 0.170777
-0.265237 0.114925 0.243732
-0.231564 0.160063 0.284014
-0.201727 0.203945 0.302970
-0.206575 0.216939 0.375765
-0.181830 0.252976 0.422221
-0.212957 0.267061 0.485242
-0.189746 0.271488 0.562138
-0.144599 0.249351 0.607706
-0.110175 0.273650 0.645800
-0.110681 0.284358 0.716271
-0.151487 0.307113 0.769677
-0.172657 0.276636 0.839806
-0.189240 0.268337 0.893576
-0.250955 0.259174 0.903897
-0.290732 0.247992 0.936638
-0.352202 0.267699 0.928094
-0.411876 0.266422 0.903168
-0.454216 0.256991 0.847644
-0.481246 0.213809 0.787129
-0.519505 0.185577 0.740855
-0.545000 0.154504 0.668220
-0.563379 0.164738 0.585992
-0.565403 0.146287 0.504813
-0.547563 0.100717 0.442704
-0.559299 0.060088 0.388752
-0.520517 0.011820 0.346032
-0.494516 -0.035872 0.319602
-0.438400 -0.060006 0.345416
-0.401675 -0.085272 0.367745
-0.352708 -0.094271 0.378089
-0.308850 -0.118735 0.363120
-0.258610 -0.130308 0.400144
-0.204534 -0.134817 0.409234
-0.189240 -0.132408 0.335004
-0.175464 -0.065483 0.330197
-0.130072 -0.066760 0.375400
-0.103287 -0.117602 0.344892
-0.104560 -0.084943 0.278751
-0.080338 -0.028644 0.302081
-0.035958 -0.054693 0.328693
-0.024222 -0.089123 0.272963
-0.021301 -0.038610 0.229902
0.016714 -0.009164 0.264921
0.049097 -0.056958 0.261754
0.049734 -0.060644 0.192559
0.065420 -0.002821 0.178797
0.108837 -0.007310 0.215707
0.125861 -0.056155 0.179709
0.120377 -0.030250 0.118032
0.149447 0.020180 0.129538
0.189567 -0.017297 0.145259
0.191950 -0.047609 0.082877
0.193109 0.004736 0.042731
0.236983 0.030168 0.073171
0.266967 -0.031362 0.061870
0.268779 -0.059038 -0.000786
0.312865 -0.029282 -0.020631
0.343159 -0.050677 0.034461
0.332958 -0.115502 0.022704
0.348888 -0.117602 -0.042709
0.396958 -0.099584 -0.024914
0.407420 -0.144475 0.023228
0.398116 -0.194988 -0.020995
0.431267 -0.176805 -0.071735
0.471942 -0.177134 -0.027580
0.468367 -0.242288 -0.009603
0.461104 -0.268667 -0.078479
0.505729 -0.235534 -0.105911
0.554696 -0.236811 -0.107324
0.593984 -0.204646 -0.135098
0.577661 -0.218154 -0.215024
0.528695 -0.176311 -0.231747
0.500637 -0.132408 -0.253119
0.457154 -0.110210 -0.254531
0.423612 -0.083810 -0.292261
0.398247 -0.031053 -0.302947
0.353736 -0.058235 -0.283376
0.361391 -0.057596 -0.211811
0.363170 0.004736 -0.205409
0.318480 0.015527 -0.233524
0.291385 -0.014085 -0.184402
0.306434 0.019316 -0.129037
0.290292 0.074214 -0.151821
0.242565 0.054940 -0.158770
0.235759 0.039578 -0.091671
0.245111 0.096495 -0.067087
0.207619 0.124315 -0.105547
0.170111 0.092294 -0.082580
0.176166 0.114349 -0.016894
0.166406 0.176249 -0.028651
0.116557 0.162514 -0.055536
0.093788 0.129937 -0.000535
0.093021 0.169845 0.056607
0.053178 0.203781 0.038813
0.020795 0.152733 0.032934
0.025512 0.130987 0.096889
0.010332 0.186813 0.127716
-0.034685 0.192331 0.094975
-0.052280 0.133850 0.118602
-0.049473 0.144413 0.191192
-0.078298 0.207734 0.185405
-0.118336 0.240991 0.182853
-0.089772 0.294881 0.188572
-0.062220 0.285388 0.130472
-0.099713 0.281928 0.084836
-0.118336 0.339133 0.097162
-0.075735 0.371134 0.081715
-0.068864 0.351036 0.017623
-0.112722 0.372431 -0.003907
-0.104299 0.432437 0.013363
-0.063755 0.440488 -0.027215
-0.084664 0.424550 -0.086864
-0.118075 0.471047 -0.083651
-0.083896 0.518348 -0.082763
-0.058662 0.501297 -0.143095
-0.104054 0.490342 -0.184926
-0.132618 0.543450 -0.152527
-0.139000 0.600717 -0.147560
-0.169588 0.638359 -0.119240
-0.206836 0.668918 -0.116756
-0.230046 0.710762 -0.080986
-0.271358 0.731024 -0.061574
-0.307054 0.764487 -0.077431
-0.325678 0.820477 -0.077955
-0.385352 0.806309 -0.092560
-0.430745 0.819818 -0.037719
-0.458803 0.845558 0.012110
-0.497062 0.861002 0.066586
-0.541948 0.842346 0.102403
-0.564391 0.869384 0.153598
-0.599582 0.894485 0.199736
-0.593461 0.946604 0.246990
-0.598570 0.992298 0.288183
-0.597542 0.996149 0.372552
-0.561323 1.000000 0.434502
-0.519505 0.998085 0.486654
-0.473607 0.985215 0.532929
-0.417491 0.960113 0.549310
-0.368018 0.962049 0.580296
-0.307822 0.956900 0.576719
-0.251967 0.960751 0.573871
-0.199181 0.947881 0.568540
-0.142053 0.929863 0.540060
-0.090278 0.922141 0.511762
-0.039010 0.895124 0.475969
0.002938 0.884189 0.423998
0.046796 0.877106 0.385015
0.093086 0.837857 0.356102
0.133124 0.807607 0.327804
0.170404 0.746798 0.311947
0.172657 0.699806 0.251022
