-0.117828 -0.818775 1.000000
-0.080540 -0.763072 0.988593
-0.072146 -0.676293 0.976565
-0.065806 -0.598232 0.977727
-0.025349 -0.536749 0.976457
-0.000496 -0.457136 0.962577
-0.007132 -0.369282 0.950967
-0.008020 -0.288618 0.952184
-0.010232 -0.213854 0.924356
-0.050376 -0.142434 0.921869
-0.082735 -0.072352 0.924681
-0.103268 -0.006760 0.898583
-0.158250 0.035376 0.882649
-0.201494 0.088045 0.879486
-0.226295 0.147928 0.846293
-0.245870 0.203655 0.821439
-0.238329 0.248919 0.778839
-0.247351 0.268578 0.734159
-0.275303 0.315371 0.698384
-0.286432 0.350364 0.663718
-0.279344 0.349122 0.613848
-0.283228 0.365723 0.573154
-0.294792 0.337824 0.526621
-0.305032 0.363048 0.485752
-0.284812 0.330228 0.446180
-0.274398 0.298173 0.404323
-0.292284 0.239269 0.368738
-0.294304 0.196059 0.334883
-0.294530 0.117282 0.315232
-0.306757 0.078849 0.281566
-0.271002 0.004180 0.276106
-0.294600 -0.077607 0.285769
-0.316440 -0.144679 0.276890
-0.320654 -0.199355 0.305866
-0.357124 -0.246292 0.323517
-0.388107 -0.240607 0.358332
-0.424349 -0.252000 0.386713
-0.482101 -0.220662 0.393214
-0.527243 -0.185597 0.404486
-0.557303 -0.125690 0.404972
-0.520189 -0.093348 0.433989
-0.466078 -0.120936 0.432773
-0.453904 -0.186910 0.451964
-0.443664 -0.257494 0.461060
-0.451170 -0.327123 0.472791
-0.455524 -0.391831 0.499510
-0.447791 -0.456754 0.521269
-0.462612 -0.521438 0.538893
-0.457805 -0.574752 0.568315
-0.467628 -0.641705 0.584466
-0.513188 -0.617604 0.604292
-0.541472 -0.605112 0.568437
-0.539399 -0.674716 0.551962
-0.568205 -0.707703 0.583547
-0.612825 -0.666595 0.577222
-0.622735 -0.691508 0.538325
-0.628343 -0.765675 0.548191
-0.671082 -0.752084 0.578371
-0.708857 -0.717903 0.552273
-0.722180 -0.771289 0.523837
-0.756420 -0.809101 0.555368
-0.788518 -0.744082 0.576276
-0.802712 -0.691843 0.539947
-0.838972 -0.660504 0.512430
-0.798393 -0.590302 0.513877
-0.746667 -0.554162 0.506457
-0.705043 -0.561209 0.467979
-0.693949 -0.542028 0.428961
-0.639210 -0.523182 0.436611
-0.612285 -0.584569 0.446666
-0.603455 -0.606640 0.406608
-0.571723 -0.548215 0.393038
-0.540061 -0.538708 0.435395
-0.508294 -0.578072 0.463046
-0.464824 -0.515466 0.465493
-0.492881 -0.444500 0.447072
-0.524752 -0.371886 0.459411
-0.563207 -0.317879 0.469655
-0.587137 -0.368757 0.499483
-0.594713 -0.384856 0.547570
-0.658263 -0.372411 0.549786
-0.710982 -0.344918 0.545272
-0.705426 -0.302424 0.510228
-0.726708 -0.276579 0.478981
-0.727074 -0.229619 0.449207
-0.751300 -0.168566 0.436895
-0.786602 -0.148716 0.407324
-0.828557 -0.102401 0.403742
-0.885054 -0.106413 0.393430
-0.886134 -0.164266 0.362251
-0.891551 -0.230097 0.380969
-0.943851 -0.231410 0.391646
-0.960588 -0.243210 0.349493
-0.933192 -0.306533 0.340086
-0.946498 -0.348812 0.373888
-1.000000 -0.353087 0.366157
-0.992964 -0.388941 0.326301
-0.954091 -0.446578 0.338397
-0.972169 -0.498674 0.362035
-0.960501 -0.560874 0.335816
-0.918824 -0.551917 0.303406
-0.874988 -0.539974 0.281363
-0.870669 -0.471587 0.296000
-0.858303 -0.489191 0.334802
-0.810392 -0.518595 0.325355
-0.787995 -0.459142 0.307664
-0.793098 -0.416004 0.341397
-0.760339 -0.457805 0.365143
-0.717217 -0.447247 0.341776
-0.712880 -0.374298 0.343398
-0.698164 -0.370739 0.382835
-0.647622 -0.394554 0.375982
-0.623989 -0.333118 0.363305
-0.613522 -0.309662 0.402877
-0.577314 -0.369187 0.408973
-0.533913 -0.353971 0.387538
-0.485601 -0.324949 0.379253
-0.516741 -0.282933 0.345573
-0.551225 -0.228855 0.348817
-0.525397 -0.182133 0.325152
-0.529838 -0.223146 0.288580
-0.584315 -0.228210 0.287229
-0.595444 -0.148382 0.290905
-0.552792 -0.121199 0.264564
-0.552096 -0.072208 0.227641
-0.545443 -0.019420 0.199219
-0.596593 -0.033298 0.179879
-0.636772 -0.000621 0.208733
-0.652621 0.072352 0.202098
-0.707707 0.053792 0.178027
-0.747520 0.020136 0.210774
-0.795554 0.010438 0.225749
-0.802015 -0.057972 0.251184
-0.820702 -0.103977 0.282458
-0.770126 -0.151726 0.274998
-0.725977 -0.191019 0.292757
-0.684997 -0.238146 0.273876
-0.643477 -0.275624 0.258442
-0.616848 -0.321701 0.234588
-0.622683 -0.383542 0.207612
-0.623327 -0.439675 0.181230
-0.647466 -0.465114 0.147335
-0.679232 -0.515586 0.167337
-0.702483 -0.469748 0.195097
-0.727666 -0.426872 0.168067
-0.761349 -0.479088 0.154484
-0.782788 -0.496501 0.190961
-0.801806 -0.431028 0.200503
-0.833834 -0.423361 0.168350
-0.866036 -0.482217 0.171797
-0.881084 -0.471062 0.212937
-0.894076 -0.390708 0.210517
-0.930719 -0.365222 0.183893
-0.973301 -0.371121 0.213139
-0.948814 -0.325284 0.247941
-0.930946 -0.257423 0.226587
-0.930353 -0.190947 0.212166
-0.898709 -0.200764 0.171581
-0.905919 -0.266022 0.148470
-0.938748 -0.246745 0.116912
-0.897472 -0.202389 0.094788
-0.855412 -0.262081 0.089112
-0.811455 -0.312027 0.084516
-0.765790 -0.347187 0.091098
-0.734737 -0.294088 0.072556
-0.746754 -0.240726 0.099680
-0.730853 -0.274095 0.133414
-0.680138 -0.290386 0.119926
-0.661660 -0.221904 0.116412
-0.667686 -0.208097 0.161606
-0.656174 -0.280354 0.181622
-0.607026 -0.303929 0.162512
-0.556432 -0.320721 0.149848
-0.509705 -0.314678 0.121669
-0.458084 -0.336677 0.142091
-0.455959 -0.380437 0.175784
-0.477276 -0.358271 0.213491
-0.516741 -0.356646 0.241170
-0.567909 -0.403870 0.254550
-0.620732 -0.441944 0.260037
-0.588007 -0.499869 0.275741
-0.542116 -0.539329 0.293703
-0.555718 -0.608718 0.306164
-0.556850 -0.646984 0.269024
-0.506292 -0.624555 0.251779
-0.456656 -0.647749 0.239210
-0.436680 -0.581799 0.219775
-0.407282 -0.558677 0.256780
-0.351516 -0.551559 0.259807
-0.337862 -0.486588 0.291689
-0.356601 -0.423194 0.309596
-0.411340 -0.446292 0.300352
-0.423391 -0.496596 0.332707
-0.443542 -0.537800 0.366306
-0.398730 -0.581655 0.373577
-0.358987 -0.607524 0.400499
-0.327377 -0.656682 0.379348
-0.294008 -0.591377 0.369036
-0.280093 -0.556527 0.406162
-0.234393 -0.592189 0.414771
-0.211822 -0.559202 0.380240
-0.224414 -0.487089 0.387389
-0.201651 -0.483769 0.426204
-0.153356 -0.497814 0.410581
-0.153078 -0.440774 0.383618
-0.164973 -0.387914 0.413906
-0.123471 -0.402436 0.439909
-0.090049 -0.389227 0.409797
-0.107866 -0.319432 0.400918
-0.102275 -0.290744 0.441720
-0.047711 -0.306533 0.442585
-0.037244 -0.280855 0.398485
-0.042660 -0.210606 0.387997
0.012235 -0.200143 0.390376
0.027474 -0.249540 0.353656
0.016536 -0.213878 0.316408
0.009640 -0.184617 0.277376
0.003718 -0.138421 0.237034
-0.014203 -0.090362 0.200678
-0.002273 -0.044476 0.162133
-0.003562 -0.003559 0.127413
0.022423 0.022429 0.088787
-0.010354 -0.015048 0.051945
-0.042730 -0.018894 0.010292
-0.038899 -0.052837 -0.029551
-0.021256 -0.121581 -0.040917
-0.005530 -0.187245 -0.064028
0.014220 -0.241753 -0.042160
0.048164 -0.256348 -0.011035
0.098252 -0.293610 0.005359
0.135714 -0.225678 0.020577
0.185123 -0.190039 0.044025
0.239270 -0.142458 0.042728
0.295523 -0.119646 0.039579
0.353327 -0.098101 0.032916
0.391868 -0.062128 0.056121
0.396449 0.019563 0.054648
0.358743 0.064493 0.078043
0.304597 0.074979 0.064839
0.259681 0.034802 0.071096
0.238155 -0.009817 0.042039
0.196130 -0.052574 0.021158
0.179289 -0.115419 -0.003021
0.135488 -0.144584 -0.026969
0.106020 -0.202556 -0.046188
0.078102 -0.231840 -0.083449
0.064012 -0.284414 -0.110898
0.074932 -0.243449 -0.146321
0.124411 -0.195700 -0.139604
0.135488 -0.148836 -0.101072
0.158390 -0.083554 -0.078151
0.156387 -0.031840 -0.042701
0.157902 0.029285 -0.014819
0.168456 0.057040 0.026726
0.180560 0.108253 0.057216
0.177391 0.143939 0.093518
0.129375 0.178789 0.081367
0.094543 0.138134 0.051526
0.106908 0.126024 0.008143
0.102310 0.110259 -0.035227
0.112742 0.104741 -0.075569
0.102119 0.098364 -0.116331
0.147522 0.055416 -0.121548
0.180456 -0.002604 -0.120183
0.223055 -0.046435 -0.119372
0.187387 -0.102186 -0.143712
0.173071 -0.137083 -0.185812
0.147122 -0.212469 -0.197367
0.100064 -0.228449 -0.215802
0.124690 -0.263418 -0.249562
0.145519 -0.321677 -0.224249
0.100917 -0.343604 -0.201908
0.065319 -0.393909 -0.184379
0.014307 -0.397396 -0.162620
-0.034893 -0.410486 -0.141955
-0.094107 -0.421880 -0.137942
-0.094891 -0.472017 -0.100478
-0.088691 -0.513293 -0.067501
-0.036025 -0.544154 -0.075096
0.001402 -0.499558 -0.095085
0.055810 -0.476890 -0.095045
0.065911 -0.428664 -0.125237
0.113491 -0.368828 -0.122710
0.136689 -0.345874 -0.087355
0.170041 -0.369043 -0.051972
0.224658 -0.322035 -0.050959
0.271489 -0.281811 -0.027942
0.329676 -0.250639 -0.026537
0.378493 -0.220184 -0.013130
0.427415 -0.207142 -0.001196
0.462752 -0.178048 0.025226
0.472139 -0.123062 -0.010035
0.439014 -0.071683 -0.023834
0.471529 -0.013902 -0.020104
0.504149 -0.044381 -0.055162
0.469910 -0.089120 -0.083084
0.416007 -0.107369 -0.086314
0.394934 -0.178431 -0.075367
0.351585 -0.236068 -0.088598
0.307697 -0.295426 -0.085219
0.265515 -0.344727 -0.105397
0.213424 -0.385238 -0.109938
0.180107 -0.421092 -0.147645
0.146042 -0.433489 -0.182757
0.143743 -0.462272 -0.229033
0.149142 -0.492559 -0.265983
0.166436 -0.529273 -0.298609
0.188084 -0.531327 -0.338613
0.172967 -0.613066 -0.341411
0.150674 -0.673689 -0.329937
0.122774 -0.715228 -0.304528
0.116034 -0.769688 -0.275552
0.060494 -0.730873 -0.261010
0.018087 -0.686660 -0.247711
0.058370 -0.643234 -0.220316
0.103599 -0.610964 -0.233290
0.155220 -0.575636 -0.211774
0.191080 -0.527123 -0.186853
0.232425 -0.505339 -0.160620
0.266055 -0.442589 -0.149254
0.317241 -0.402078 -0.144537
0.335737 -0.320029 -0.143199
0.362366 -0.254676 -0.151551
0.372188 -0.173200 -0.140199
0.375062 -0.088427 -0.140509
0.373582 -0.016482 -0.138131
0.384780 0.049779 -0.151659
0.414892 0.110594 -0.157363
0.366633 0.157817 -0.150632
0.335528 0.109543 -0.117642
0.317659 0.077798 -0.081219
0.265028 0.060122 -0.101545
0.291256 0.007715 -0.135995
0.303221 -0.042255 -0.168431
0.321752 -0.082217 -0.202611
0.309996 -0.131948 -0.232290
0.363202 -0.144464 -0.244129
0.375811 -0.192356 -0.209220
0.367207 -0.261842 -0.216451
0.379503 -0.337681 -0.196043
0.380252 -0.411418 -0.190353
0.379747 -0.479040 -0.165026
0.323458 -0.514463 -0.171675
0.288452 -0.581273 -0.182717
0.237040 -0.619921 -0.175986
0.195695 -0.668315 -0.180649
0.133816 -0.676173 -0.180879
0.083292 -0.710044 -0.176392
0.065075 -0.654461 -0.141523
0.043340 -0.601672 -0.110249
0.074741 -0.641491 -0.073880
0.122826 -0.635901 -0.057202
0.160584 -0.579458 -0.059392
0.180003 -0.519957 -0.040592
0.224327 -0.467861 -0.039511
0.259908 -0.446077 -0.011278
0.299616 -0.390254 0.002196
0.357124 -0.385095 0.024604
0.397633 -0.371862 0.055270
0.440320 -0.382014 0.082462
0.490008 -0.375373 0.099870
0.513362 -0.396584 0.061581
0.487099 -0.378789 0.022807
0.444900 -0.424316 0.008237
0.401865 -0.461507 -0.010927
0.347562 -0.488690 -0.007021
0.305381 -0.544751 -0.020523
0.250729 -0.571408 -0.019712
0.219764 -0.637095 -0.032875
0.184061 -0.689311 -0.047891
0.161020 -0.740117 -0.074921
0.115721 -0.732426 -0.097545
0.106682 -0.805374 -0.099559
0.144596 -0.856109 -0.107181
0.161542 -0.928843 -0.114425
0.185715 -0.986218 -0.130265
0.160689 -0.982109 -0.166431
0.183660 -0.919861 -0.178608
0.235595 -0.943461 -0.176797
0.228454 -1.000000 -0.205801
0.200676 -0.959584 -0.239061
0.231537 -0.886253 -0.238980
0.262485 -0.832461 -0.253928
0.267466 -0.769282 -0.226911
0.274014 -0.774609 -0.186109
0.292232 -0.763932 -0.143496
0.319139 -0.765843 -0.106073
0.287947 -0.708874 -0.085381
0.247211 -0.738564 -0.065163
0.255188 -0.734647 -0.022482
0.298136 -0.672925 -0.014819
0.349391 -0.638051 -0.008413
0.387340 -0.584498 -0.021144
0.445562 -0.553613 -0.028983
0.475413 -0.484223 -0.042917
0.509688 -0.432175 -0.064447
0.516898 -0.357817 -0.077732
0.573657 -0.350985 -0.075988
0.595496 -0.349982 -0.117358
0.630886 -0.354067 -0.153051
0.598265 -0.381512 -0.184149
0.574527 -0.388869 -0.227019
0.550964 -0.462057 -0.225871
0.523725 -0.449039 -0.183825
0.493874 -0.422859 -0.150524
0.524735 -0.480258 -0.121359
0.537118 -0.529058 -0.085787
0.553419 -0.574943 -0.051715
0.569198 -0.598758 -0.015522
0.594852 -0.645909 0.009184
0.545965 -0.662104 0.031470
0.523324 -0.716661 0.008819
0.516515 -0.787030 -0.002156
0.532833 -0.767371 -0.046201
0.581981 -0.754210 -0.057135
0.587589 -0.801935 -0.090382
0.547533 -0.840153 -0.108749
0.517664 -0.890219 -0.136590
0.466148 -0.904001 -0.112560
0.455715 -0.823815 -0.097829
0.452093 -0.752920 -0.088868
0.473184 -0.692058 -0.070299
0.425063 -0.665496 -0.054851
0.416042 -0.710522 -0.021874
0.402092 -0.716565 0.022334
0.341989 -0.747474 0.018712
0.290211 -0.794936 0.024888
0.229499 -0.787627 0.032754
0.190156 -0.745515 0.012305
0.137282 -0.712815 0.000791
0.118734 -0.644309 0.024293
0.137160 -0.577642 0.035173
0.141148 -0.512624 0.055986
0.170964 -0.474048 0.081354
0.218510 -0.465687 0.103613
0.257940 -0.456109 0.133103
0.307662 -0.415168 0.147578
0.358447 -0.419133 0.169175
0.404913 -0.378455 0.180136
0.396362 -0.404610 0.226073
0.398922 -0.458306 0.252198
0.412785 -0.489598 0.288364
0.457161 -0.521677 0.266578
0.508207 -0.520483 0.251901
0.497671 -0.574824 0.221681
0.463675 -0.527171 0.197246
0.449028 -0.485585 0.162620
0.393331 -0.524949 0.153551
0.333090 -0.526884 0.147591
0.285039 -0.565699 0.131252
0.223682 -0.563024 0.129724
0.175039 -0.601242 0.114574
0.130977 -0.624245 0.094234
0.100273 -0.695163 0.080692
0.069081 -0.746184 0.051783
0.038376 -0.816505 0.049621
-0.017930 -0.796847 0.045553
-0.064744 -0.767897 0.064109
-0.040396 -0.768757 0.111749
0.020803 -0.750436 0.115358
0.065162 -0.720721 0.138793
0.122913 -0.703022 0.141064
0.181292 -0.700872 0.144834
0.236831 -0.676078 0.134090
0.296551 -0.678586 0.141834
0.349652 -0.638481 0.139793
0.409006 -0.641299 0.149592
0.460940 -0.608551 0.150957
0.514825 -0.610534 0.160485
0.564304 -0.583877 0.163634
0.596280 -0.627230 0.137374
0.575886 -0.677583 0.111060
0.575172 -0.738564 0.085206
0.549344 -0.785716 0.056392
0.532294 -0.859095 0.042512
0.472069 -0.838529 0.054554
0.424715 -0.817747 0.069663
0.384293 -0.797946 0.093599
0.336172 -0.799785 0.112709
0.285265 -0.788845 0.124264
0.251391 -0.783518 0.155714
0.201634 -0.799857 0.174716
0.150047 -0.770763 0.191380
0.100865 -0.797994 0.215113
0.062759 -0.729918 0.213788
0.023503 -0.685919 0.213721
-0.029825 -0.671444 0.221924
-0.034144 -0.634325 0.179203
-0.031427 -0.616553 0.137333
-0.003370 -0.575540 0.110884
0.039804 -0.531709 0.101464
0.075089 -0.479732 0.085976
0.114745 -0.463394 0.123737
0.165513 -0.416028 0.139104
0.204803 -0.382324 0.173189
0.237772 -0.332020 0.195475
0.250050 -0.277630 0.222897
0.280911 -0.203057 0.219586
0.259960 -0.144011 0.240507
0.244181 -0.085059 0.270281
0.194615 -0.089932 0.286999
0.207834 -0.164529 0.304501
0.224779 -0.211585 0.334099
0.190592 -0.271181 0.327869
0.212832 -0.285847 0.287067
0.263251 -0.306700 0.286134
0.260151 -0.376926 0.266902
0.213947 -0.399570 0.246805
0.174865 -0.439030 0.225181
0.130385 -0.427278 0.195016
0.074044 -0.449373 0.181055
0.026829 -0.455822 0.148727
-0.022963 -0.454246 0.127548
-0.067269 -0.424985 0.110506
-0.086549 -0.394984 0.150511
-0.050863 -0.384593 0.185596
-0.016171 -0.433966 0.203922
0.027805 -0.439986 0.234966
0.086026 -0.462964 0.246792
0.132388 -0.497193 0.268200
0.188815 -0.517115 0.275268
0.226678 -0.558151 0.304907
0.271245 -0.583972 0.326017
0.303569 -0.615168 0.353169
0.351847 -0.627660 0.369076
0.340805 -0.700370 0.382199
0.312591 -0.733930 0.347655
0.293120 -0.706963 0.311299
0.239583 -0.686779 0.312043
0.187509 -0.659549 0.302420
0.144352 -0.602341 0.306785
0.092766 -0.569617 0.308799
0.059867 -0.496859 0.304244
0.029929 -0.437334 0.299068
0.011747 -0.368303 0.281201
-0.016397 -0.300561 0.284688
-0.058439 -0.245623 0.277160
-0.074305 -0.164075 0.289743
-0.090171 -0.096262 0.305366
-0.062027 -0.017891 0.306015
-0.082770 0.039938 0.285323
-0.065005 0.026490 0.244900
-0.064901 -0.052407 0.248698
-0.080209 -0.127720 0.238061
-0.099088 -0.202580 0.234209
-0.107657 -0.186815 0.186542
-0.117601 -0.204634 0.140982
-0.127180 -0.222668 0.098396
-0.115459 -0.300561 0.087841
-0.063072 -0.331733 0.075732
-0.014673 -0.355380 0.066433
0.035677 -0.349170 0.040755
0.078781 -0.310641 0.071826
0.130838 -0.266643 0.080800
0.170964 -0.210964 0.102965
0.219084 -0.155428 0.105613
0.256302 -0.100705 0.118520
0.299999 -0.071372 0.138239
0.278682 -0.095641 0.177716
0.239496 -0.153565 0.178203
0.187544 -0.147713 0.165891
0.133084 -0.178622 0.154930
0.091460 -0.209077 0.123102
0.042451 -0.214284 0.097113
0.008386 -0.244500 0.064757
-0.050149 -0.233154 0.046418
-0.109625 -0.259477 0.034524
-0.161838 -0.279016 0.024604
-0.137595 -0.324925 -0.010265
-0.111471 -0.368852 -0.036241
-0.087019 -0.322871 -0.066271
-0.127476 -0.304168 -0.099978
-0.159017 -0.228807 -0.088612
-0.123418 -0.169903 -0.063325
-0.100534 -0.107202 -0.046188
-0.089875 -0.133859 -0.000142
-0.042904 -0.131112 0.018658
-0.007027 -0.130634 0.058649
0.022528 -0.101230 0.095220
0.045621 -0.122059 0.138131
0.064448 -0.117927 0.179365
0.085991 -0.133787 0.217734
0.077910 -0.117783 0.264686
0.083031 -0.091317 0.306069
0.060251 -0.058020 0.339951
0.108197 -0.050066 0.362521
0.130454 0.004108 0.331193
0.141200 0.046268 0.299933
0.155046 0.061674 0.260550
0.207033 0.095067 0.280796
0.253951 0.089932 0.300136
0.305973 0.105816 0.301474
0.322622 0.042350 0.281417
0.297056 0.063705 0.242156
0.326106 0.115371 0.222951
0.335458 0.135841 0.177081
0.351899 0.161925 0.139334
0.349286 0.176591 0.098802
0.366981 0.162642 0.055797
0.363933 0.168183 0.015441
0.375445 0.146447 -0.022320
0.415032 0.135340 -0.055743
0.449916 0.115610 -0.085557
0.494832 0.087543 -0.101343
0.554203 0.081476 -0.095166
0.580727 0.032008 -0.117263
0.607409 0.009913 -0.150511
0.567247 -0.026538 -0.167269
0.534575 0.029882 -0.172932
0.567439 0.068124 -0.199678
0.590759 0.009435 -0.227817
0.551207 -0.039842 -0.239264
0.527469 -0.053505 -0.282269
0.545878 -0.128604 -0.293486
0.519319 -0.158438 -0.250833
0.529211 -0.178192 -0.204652
0.529733 -0.194960 -0.161674
0.537275 -0.220423 -0.123115
0.544920 -0.211012 -0.082192
0.599032 -0.185907 -0.089544
0.612268 -0.153995 -0.131414
0.611205 -0.186074 -0.170215
0.610892 -0.196584 -0.214612
0.581825 -0.228353 -0.249873
0.574371 -0.234946 -0.292662
0.561570 -0.242709 -0.332288
0.576478 -0.250400 -0.370833
0.620401 -0.198782 -0.376631
0.650200 -0.185405 -0.335072
0.693426 -0.141240 -0.306555
0.708195 -0.125116 -0.264551
0.684283 -0.104598 -0.228857
0.638409 -0.075935 -0.258428
0.633115 -0.075839 -0.299893
0.661242 -0.029523 -0.329707
0.674843 -0.084199 -0.359778
0.675244 -0.121868 -0.397363
0.675418 -0.176185 -0.429975
0.704381 -0.209507 -0.467223
0.697763 -0.269055 -0.500064
0.738464 -0.216171 -0.507889
0.761192 -0.148644 -0.511444
0.777075 -0.083148 -0.526459
0.800413 -0.034874 -0.558882
0.817811 0.035447 -0.560382
0.790277 0.057972 -0.525310
0.750673 0.022716 -0.505092
0.707464 0.006760 -0.473629
0.674861 -0.020112 -0.443747
0.620122 -0.006736 -0.431110
0.604483 -0.091604 -0.437260
0.599554 -0.155142 -0.454086
0.614950 -0.143318 -0.493874
0.633881 -0.061531 -0.497253
0.655773 -0.003750 -0.522175
0.684562 0.060743 -0.533149
0.707255 0.101421 -0.565558
0.730400 0.146112 -0.592318
0.740519 0.173080 -0.628295
0.749279 0.102950 -0.652811
0.711487 0.043616 -0.634215
0.686582 -0.035591 -0.635958
0.659117 -0.088355 -0.608414
0.662478 -0.117019 -0.569991
0.720787 -0.091365 -0.571951
0.744821 -0.058378 -0.604117
0.764518 -0.095020 -0.639742
0.754243 -0.031363 -0.667232
0.753964 0.024627 -0.698087
0.738116 0.080258 -0.722428
0.733710 0.102496 -0.762743
0.716224 0.172794 -0.755161
0.763317 0.202054 -0.742565
0.785505 0.195509 -0.781407
0.750586 0.245312 -0.799112
0.760757 0.304479 -0.774366
0.813806 0.309184 -0.783610
0.806160 0.317425 -0.825426
0.774306 0.377714 -0.822250
0.806892 0.421092 -0.798004
0.846443 0.421641 -0.826521
0.817515 0.453529 -0.856659
0.804802 0.514535 -0.835373
0.856231 0.534719 -0.827764
0.869293 0.539926 -0.868363
0.833103 0.589323 -0.879783
0.848585 0.642064 -0.853578
0.899161 0.646220 -0.866985
0.886099 0.662678 -0.907435
0.859505 0.724161 -0.899448
0.899614 0.759943 -0.880608
0.932652 0.756814 -0.914166
0.900799 0.792547 -0.940939
0.897577 0.854270 -0.919112
0.950312 0.867861 -0.918964
0.955189 0.872375 -0.960685
0.919956 0.930109 -0.965118
0.951253 0.978311 -0.940047
1.000000 0.974537 -0.964604
0.973023 1.000000 -1.000000
