1.000000 1.000000 0.358245
0.947962 0.944545 0.434846
0.896514 0.890281 0.494899
0.825607 0.828628 0.491042
0.776233 0.785181 0.591241
0.685223 0.758362 0.609074
0.594578 0.703860 0.619401
0.525101 0.637141 0.550473
0.475642 0.570720 0.584937
0.412951 0.511599 0.490710
0.400894 0.412548 0.483411
0.371763 0.331079 0.497926
0.394754 0.242964 0.475365
0.384408 0.162150 0.420828
0.375997 0.116558 0.296035
0.401203 0.050941 0.217195
0.393464 -0.026089 0.150713
0.332062 -0.104370 0.202057
0.288828 -0.151929 0.080790
0.333913 -0.217545 0.027870
0.323847 -0.298747 -0.003691
0.357773 -0.365317 -0.067186
0.349305 -0.447651 -0.117286
0.384240 -0.491753 -0.014225
0.318408 -0.488595 0.074735
0.257623 -0.541815 0.016340
0.298193 -0.625669 0.030690
0.277473 -0.645068 0.154487
0.196585 -0.682137 0.123051
0.239034 -0.766378 0.071043
0.272342 -0.846358 0.029944
0.306941 -0.905061 -0.052298
0.229669 -0.924281 -0.108203
0.212426 -0.840666 -0.152248
0.281707 -0.829402 -0.221591
0.267716 -0.901128 -0.298607
0.191286 -0.873951 -0.343895
0.212847 -0.791171 -0.389142
0.271641 -0.823830 -0.469766
0.221931 -0.878600 -0.539026
0.168912 -0.809705 -0.578592
0.228408 -0.756276 -0.633336
0.257174 -0.816798 -0.721632
0.182678 -0.814801 -0.792344
0.195099 -0.717240 -0.826435
0.277025 -0.722783 -0.876659
0.300969 -0.728415 -1.000000
0.377119 -0.675283 -0.978849
0.421782 -0.653739 -0.870023
0.408408 -0.569826 -0.797031
0.344343 -0.564641 -0.698076
0.255436 -0.552990 -0.765635
0.159576 -0.529389 -0.767585
0.079893 -0.495985 -0.770612
0.005313 -0.467765 -0.723540
-0.041173 -0.536570 -0.785211
-0.008818 -0.607521 -0.701228
-0.045996 -0.605137 -0.587052
-0.107538 -0.667178 -0.606793
-0.051211 -0.737235 -0.628691
-0.011201 -0.734881 -0.518497
-0.080454 -0.753267 -0.449610
-0.104117 -0.832919 -0.503442
-0.031977 -0.881342 -0.469061
-0.052444 -0.867902 -0.338628
-0.135211 -0.843587 -0.301841
-0.158005 -0.748380 -0.325357
-0.230623 -0.680230 -0.308436
-0.250978 -0.591698 -0.318223
-0.286417 -0.514758 -0.356835
-0.281791 -0.434778 -0.415270
-0.241193 -0.394550 -0.314532
-0.170903 -0.447055 -0.312873
-0.145837 -0.433556 -0.431403
-0.136417 -0.341925 -0.417842
-0.073304 -0.351878 -0.330458
-0.017537 -0.403758 -0.392253
-0.001668 -0.345114 -0.485692
0.032986 -0.281494 -0.404944
0.097472 -0.332688 -0.351526
0.137931 -0.353100 -0.471425
0.112921 -0.261141 -0.532764
0.134931 -0.172341 -0.514599
0.143482 -0.158127 -0.649884
0.114435 -0.206073 -0.749585
0.147716 -0.276458 -0.822246
0.119930 -0.369787 -0.803542
0.183772 -0.400331 -0.693182
0.231772 -0.472235 -0.606752
0.278791 -0.528465 -0.513230
0.299343 -0.576709 -0.410045
0.293118 -0.508798 -0.323656
0.208950 -0.492230 -0.344103
0.182819 -0.576590 -0.312210
0.212594 -0.579272 -0.192435
0.169557 -0.505967 -0.152331
0.092145 -0.539401 -0.174021
0.099211 -0.614017 -0.099992
0.108435 -0.567531 0.009580
0.032173 -0.523578 0.003940
-0.019640 -0.595572 -0.006345
0.003266 -0.637379 0.101817
-0.018631 -0.569111 0.179745
-0.100472 -0.563121 0.148847
-0.121781 -0.648345 0.183270
-0.097220 -0.641343 0.306611
-0.146931 -0.571733 0.338213
-0.221623 -0.610024 0.308477
-0.214669 -0.678174 0.390635
-0.206847 -0.627963 0.497304
-0.283782 -0.585291 0.483494
-0.331950 -0.661099 0.485484
-0.304726 -0.688842 0.600946
-0.328866 -0.614047 0.664234
-0.411296 -0.618815 0.633958
-0.428652 -0.700314 0.682026
-0.408072 -0.678412 0.805325
-0.476988 -0.624953 0.825564
-0.532278 -0.700910 0.811588
-0.480353 -0.769090 0.873341
-0.467455 -0.785151 1.000000
-0.467343 -0.883457 0.982208
-0.453717 -0.934979 0.874295
-0.506343 -0.969665 0.778285
-0.510241 -0.927172 0.653285
-0.585241 -0.854850 0.683685
-0.664783 -0.803835 0.680533
-0.745083 -0.775586 0.714375
-0.811812 -0.719892 0.713504
-0.791008 -0.671857 0.819675
-0.716625 -0.638571 0.776294
-0.746793 -0.595125 0.673814
-0.805896 -0.544437 0.730217
-0.753046 -0.499948 0.806155
-0.705214 -0.459839 0.715080
-0.767092 -0.417554 0.646483
-0.798382 -0.369191 0.752613
-0.707457 -0.331436 0.776958
-0.682503 -0.271064 0.686007
-0.690830 -0.189982 0.628567
-0.761317 -0.246271 0.568970
-0.833569 -0.295320 0.582656
-0.895252 -0.357272 0.560717
-0.964140 -0.413740 0.557026
-1.000000 -0.494584 0.535791
-0.992822 -0.491872 0.406022
-0.906271 -0.483082 0.398308
-0.887457 -0.558741 0.461264
-0.930439 -0.616878 0.383585
-0.884710 -0.597777 0.277953
-0.806261 -0.619441 0.318804
-0.825579 -0.707794 0.348872
-0.849635 -0.737891 0.233037
-0.769504 -0.718909 0.180408
-0.719821 -0.775318 0.260700
-0.765494 -0.855953 0.249502
-0.756410 -0.937661 0.176385
-0.801831 -1.000000 0.263645
-0.849495 -0.977651 0.376825
-0.821037 -0.969367 0.504645
-0.799083 -0.883934 0.558477
-0.708886 -0.865101 0.513396
-0.614120 -0.847162 0.498175
-0.533203 -0.861436 0.450523
-0.467231 -0.837001 0.375871
-0.508502 -0.838402 0.261322
-0.565783 -0.773232 0.296160
-0.507016 -0.709671 0.324195
-0.474465 -0.705142 0.207573
-0.545680 -0.684581 0.141050
-0.552998 -0.606210 0.207034
-0.473708 -0.562466 0.190279
-0.467035 -0.572895 0.053832
-0.531549 -0.596764 -0.032722
-0.563007 -0.676267 -0.069675
-0.646363 -0.631032 -0.033552
-0.649783 -0.544318 -0.094683
-0.725793 -0.520777 -0.136612
-0.770092 -0.449916 -0.153741
-0.844392 -0.422918 -0.190652
-0.886813 -0.363529 -0.271151
