0.644668 -1.000000 1.000000
0.612539 -0.870718 0.972785
0.575524 -0.737711 0.957051
0.504739 -0.611457 0.959538
0.474057 -0.493445 0.923329
0.408587 -0.380463 0.907999
0.328070 -0.316940 0.866389
0.275616 -0.204564 0.838791
0.185913 -0.136617 0.806812
0.119584 -0.065922 0.757952
0.053724 0.044592 0.737902
-0.026325 0.053580 0.683173
-0.127949 0.104855 0.659551
-0.228205 0.130003 0.623682
-0.237742 0.138526 0.559874
-0.316422 0.153708 0.517350
-0.338271 0.160740 0.458262
-0.388262 0.220026 0.409912
-0.463073 0.218442 0.363433
-0.503488 0.266224 0.307897
-0.589556 0.326534 0.273728
-0.689773 0.332448 0.241134
-0.687545 0.463453 0.187170
-0.613242 0.488276 0.131102
-0.639547 0.555385 0.077522
-0.582951 0.626499 0.035784
-0.583771 0.703155 -0.015628
-0.539252 0.738968 -0.069527
-0.525924 0.841704 -0.113327
-0.504348 0.894842 -0.171436
-0.385956 0.871184 -0.168502
-0.388301 0.726720 -0.164314
-0.457914 0.710141 -0.222466
-0.403389 0.822377 -0.269731
-0.283238 0.869461 -0.253040
-0.211788 0.764536 -0.233756
-0.212961 0.688299 -0.288825
-0.166761 0.791454 -0.328330
-0.061385 0.801094 -0.296840
-0.032461 0.661800 -0.305941
-0.033516 0.660496 -0.370854
0.056186 0.756945 -0.374554
0.142489 0.696728 -0.338429
0.144990 0.566422 -0.366431
0.170943 0.613925 -0.426199
0.274561 0.677588 -0.410827
0.332838 0.563069 -0.386652
0.320800 0.473233 -0.436256
0.364107 0.560042 -0.484606
0.471751 0.582862 -0.460155
0.509820 0.448597 -0.458560
0.488675 0.417627 -0.520709
0.558561 0.515660 -0.548797
0.661514 0.488229 -0.519412
0.672614 0.351636 -0.541865
0.681057 0.398580 -0.606821
0.771932 0.493538 -0.603355
0.845571 0.393270 -0.566550
0.879888 0.279963 -0.603355
0.958373 0.174898 -0.622045
1.000000 0.044638 -0.642648
0.989173 -0.043847 -0.585835
0.861088 -0.045570 -0.576778
0.762552 -0.020282 -0.609096
0.670152 -0.055862 -0.564488
0.703766 -0.028944 -0.502828
0.676718 0.110164 -0.498894
0.560359 0.107929 -0.513565
0.524087 0.008965 -0.470042
0.559616 0.078589 -0.415972
0.507436 0.204983 -0.423690
0.393969 0.159530 -0.426412
0.383103 0.075515 -0.373278
0.424300 0.169310 -0.328287
0.347105 0.273536 -0.340194
0.248334 0.202561 -0.327096
0.272137 0.164373 -0.265904
0.286638 0.299709 -0.243111
0.178643 0.351636 -0.259036
0.118881 0.254675 -0.223401
0.167387 0.278053 -0.164207
0.135961 0.429456 -0.164314
0.016436 0.435790 -0.201841
-0.071156 0.334870 -0.195420
-0.138189 0.405193 -0.149345
-0.184076 0.506299 -0.197100
-0.205144 0.414134 -0.259121
-0.133342 0.290954 -0.276641
-0.055522 0.307393 -0.327585
-0.056343 0.324205 -0.394306
-0.008228 0.395832 -0.444357
-0.121108 0.342368 -0.488689
-0.213508 0.303015 -0.527258
-0.214407 0.160601 -0.512268
-0.238132 0.179322 -0.448950
-0.341476 0.250856 -0.455924
-0.396549 0.141134 -0.484649
-0.386113 0.042496 -0.438659
-0.436143 0.118314 -0.390606
-0.543239 0.134148 -0.418481
-0.573726 -0.003050 -0.425859
-0.562079 -0.026988 -0.355800
-0.549923 0.093073 -0.310703
-0.449628 0.187286 -0.306047
-0.530184 0.302922 -0.340173
-0.594364 0.406916 -0.367261
-0.629189 0.481709 -0.418460
-0.582638 0.610292 -0.398601
-0.459634 0.561579 -0.407552
-0.425433 0.548958 -0.469361
-0.400262 0.687973 -0.481396
-0.322402 0.709675 -0.434045
-0.244699 0.611084 -0.454648
-0.219645 0.663244 -0.512587
-0.176884 0.786471 -0.491623
-0.090621 0.736873 -0.453436
-0.031562 0.658726 -0.499001
-0.007172 0.767517 -0.540653
0.051770 0.847200 -0.497045
0.131896 0.747864 -0.481608
0.179230 0.731331 -0.541908
0.218902 0.865083 -0.546500
0.287537 0.866341 -0.493324
0.360433 0.757876 -0.508441
0.399519 0.814926 -0.565296
0.442280 0.939411 -0.540462
0.522836 0.876214 -0.501254
0.585569 0.813622 -0.548116
0.617855 0.935592 -0.576416
0.677266 1.000000 -0.525642
0.765327 0.880265 -0.518711
0.811683 0.860286 -0.582497
0.857805 0.864897 -0.640755
0.834353 0.869135 -0.704138
0.874846 0.739155 -0.718468
0.797495 0.663570 -0.681749
0.696965 0.708185 -0.707369
0.719361 0.663383 -0.770412
0.741875 0.525719 -0.759206
0.622076 0.515101 -0.731204
0.531787 0.607312 -0.734542
0.504505 0.603772 -0.669650
0.438410 0.477890 -0.672670
0.388692 0.422238 -0.725527
0.364811 0.327465 -0.774537
0.435400 0.219886 -0.819633
0.394243 0.087437 -0.835389
0.331079 0.147933 -0.888544
0.343548 0.153149 -0.963791
0.240478 0.048876 -0.987774
0.152807 -0.046082 -1.000000
0.202681 -0.162743 -0.971232
0.180676 -0.110350 -0.905766
0.065098 -0.099779 -0.888012
0.046845 -0.230737 -0.864454
0.131740 -0.226685 -0.817996
0.093318 -0.108115 -0.786316
-0.017374 -0.153615 -0.771198
0.015615 -0.269112 -0.737774
0.080107 -0.201444 -0.694251
-0.003772 -0.116777 -0.668630
-0.071743 -0.223425 -0.646815
0.007993 -0.289137 -0.606800
0.043640 -0.179835 -0.570378
-0.065684 -0.142298 -0.550285
-0.088237 -0.264315 -0.519370
-0.005961 -0.246711 -0.473444
-0.043092 -0.121854 -0.450629
-0.158905 -0.155431 -0.437872
-0.127558 -0.257236 -0.394540
-0.070375 -0.176295 -0.352037
-0.169614 -0.098475 -0.339450
-0.259747 -0.191105 -0.327309
-0.191737 -0.273396 -0.282956
-0.130919 -0.169403 -0.244855
-0.232582 -0.059262 -0.236095
-0.353945 -0.130190 -0.241942
-0.365280 -0.257795 -0.213238
-0.382751 -0.333799 -0.156234
-0.302664 -0.447526 -0.172117
-0.196310 -0.362440 -0.197206
-0.153042 -0.264781 -0.157467
-0.027732 -0.189987 -0.136545
0.084915 -0.133357 -0.132569
0.113995 -0.162743 -0.199269
0.073345 -0.072907 -0.244089
0.172390 -0.005100 -0.260355
0.232348 -0.126604 -0.280405
0.155113 -0.171545 -0.325608
0.167816 -0.053068 -0.362349
0.286091 -0.064431 -0.371619
0.282769 -0.197578 -0.399345
0.225781 -0.161672 -0.451714
0.313491 -0.076726 -0.473422
0.398894 -0.173082 -0.477717
0.345189 -0.265526 -0.518009
0.319119 -0.172290 -0.566338
0.435400 -0.143230 -0.580052
0.474291 -0.275865 -0.591831
0.385018 -0.302643 -0.640840
0.358557 -0.162976 -0.672882
0.451230 -0.094051 -0.698333
0.444390 -0.157667 -0.759696
0.318142 -0.119851 -0.773473
0.295198 0.020142 -0.734309
0.338975 0.040726 -0.666270
0.256620 0.044638 -0.618728
0.155973 0.124182 -0.597338
0.039301 0.132006 -0.574524
0.028943 0.300268 -0.592044
-0.002091 0.432623 -0.610244
0.083586 0.502294 -0.574290
0.180246 0.438491 -0.604397
0.148234 0.502526 -0.662358
0.128339 0.643917 -0.652407
0.231527 0.699802 -0.633016
0.297622 0.666597 -0.685937
0.228556 0.726068 -0.731544
0.247826 0.860612 -0.710389
0.371143 0.870113 -0.707029
0.383181 0.808639 -0.773346
0.304970 0.766073 -0.819144
0.254822 0.613319 -0.817273
0.167621 0.522692 -0.860329
0.186226 0.387402 -0.873065
0.096093 0.315310 -0.843107
0.026364 0.366026 -0.794650
-0.063574 0.270555 -0.796096
-0.017335 0.173780 -0.756166
-0.033086 0.259471 -0.700055
-0.159608 0.230504 -0.709815
-0.186421 0.095028 -0.724804
-0.132092 0.018093 -0.678963
-0.179151 0.077378 -0.624979
-0.297035 0.062336 -0.640670
-0.296136 -0.080033 -0.645135
-0.263382 -0.099453 -0.582816
-0.359260 -0.039562 -0.554941
-0.434970 -0.136570 -0.580924
-0.385253 -0.256211 -0.557705
-0.397643 -0.225288 -0.494302
-0.514042 -0.215508 -0.495344
-0.533428 -0.351403 -0.513799
-0.476597 -0.425544 -0.468043
-0.542262 -0.370311 -0.417779
-0.655455 -0.395972 -0.437851
-0.632981 -0.549144 -0.449524
-0.527292 -0.607219 -0.408148
-0.458774 -0.522506 -0.358097
-0.531396 -0.469927 -0.309236
-0.613047 -0.438305 -0.259270
-0.716117 -0.371894 -0.238710
-0.685786 -0.240005 -0.271262
-0.654556 -0.289091 -0.334921
-0.746096 -0.373850 -0.355694
-0.852059 -0.425731 -0.390862
-0.827200 -0.582629 -0.379954
-0.821376 -0.667528 -0.326820
-0.875315 -0.660729 -0.267520
-0.916903 -0.681686 -0.209092
-1.000000 -0.694260 -0.160359
