-0.749789 0.168205 0.295908
-0.784603 0.194375 0.316461
-0.761516 0.214642 0.367329
-0.727515 0.234125 0.339674
-0.755614 0.254936 0.300978
-0.776141 0.274406 0.350695
-0.736974 0.290569 0.373510
-0.728282 0.308254 0.318263
-0.767572 0.328871 0.315162
-0.757745 0.347436 0.371310
-0.714240 0.361028 0.352894
-0.734475 0.381404 0.301712
-0.767372 0.401467 0.335631
-0.735395 0.417811 0.382665
-0.704981 0.444416 0.339674
-0.728757 0.480279 0.321070
-0.726519 0.506920 0.375081
-0.678031 0.522528 0.378370
-0.689881 0.560612 0.358300
-0.687673 0.587265 0.409797
-0.694372 0.622537 0.400934
-0.722824 0.648031 0.432507
-0.750985 0.677364 0.431062
-0.750372 0.680973 0.498984
-0.701623 0.691463 0.503153
-0.696565 0.725177 0.469422
-0.724618 0.756550 0.478117
-0.752916 0.776624 0.440887
-0.774286 0.810846 0.423415
-0.779314 0.799028 0.352245
-0.778793 0.786112 0.291299
-0.731884 0.785992 0.282500
-0.721429 0.761861 0.329304
-0.746723 0.733374 0.306363
-0.720862 0.729318 0.251262
-0.676559 0.723379 0.282919
-0.678399 0.689543 0.309338
-0.707878 0.669880 0.250990
-0.740668 0.650240 0.215918
-0.770990 0.643070 0.270558
-0.792789 0.677678 0.280677
-0.830914 0.705876 0.307892
-0.871752 0.732698 0.319541
-0.908605 0.755198 0.351239
-0.944445 0.782986 0.344263
-0.974691 0.780270 0.394754
-0.986326 0.796409 0.450609
-0.997992 0.761041 0.482684
-0.959545 0.736838 0.496554
-0.941410 0.753448 0.560244
-0.921865 0.770782 0.610044
-0.889044 0.795902 0.628020
-0.853433 0.766859 0.632231
-0.854491 0.755017 0.561124
-0.826805 0.761729 0.511052
-0.813484 0.725877 0.499550
-0.855043 0.712925 0.474807
-0.845446 0.725032 0.412059
-0.811077 0.695374 0.406863
-0.820306 0.659426 0.362678
-0.846366 0.637457 0.327544
-0.888078 0.628102 0.302717
-0.898364 0.604889 0.352203
-0.899821 0.631566 0.398483
-0.933316 0.652618 0.372148
-0.966060 0.625760 0.374788
-0.964037 0.619398 0.439337
-0.976147 0.656758 0.452054
-1.000000 0.678366 0.400432
-0.990603 0.687298 0.338648
-0.997946 0.696376 0.274999
-0.981237 0.700818 0.215353
-0.982264 0.740314 0.218432
-0.941671 0.736947 0.267164
-0.903883 0.720892 0.231003
-0.856453 0.723355 0.216463
-0.836233 0.704608 0.151369
-0.803489 0.698935 0.107058
-0.789984 0.675336 0.052272
-0.766759 0.662227 0.002745
-0.770162 0.670519 -0.072867
-0.783714 0.668214 -0.143806
-0.784925 0.686115 -0.208062
-0.792252 0.685584 -0.275398
-0.779345 0.702303 -0.336029
-0.752824 0.668697 -0.367748
-0.767648 0.634535 -0.411703
-0.750448 0.614015 -0.458402
-0.732129 0.584477 -0.488739
-0.704490 0.563630 -0.525591
-0.687076 0.546404 -0.577528
-0.688363 0.519220 -0.637259
-0.658240 0.525244 -0.688651
-0.657673 0.551245 -0.735204
-0.660065 0.588170 -0.754667
-0.667546 0.619278 -0.794746
-0.657167 0.644772 -0.735560
-0.635154 0.662323 -0.685760
-0.674321 0.675167 -0.650102
-0.685343 0.635755 -0.629025
-0.654960 0.627836 -0.581257
-0.651373 0.602547 -0.520207
-0.621603 0.592383 -0.461524
-0.657106 0.608208 -0.412646
-0.687351 0.601449 -0.348683
-0.688838 0.640643 -0.350338
-0.682569 0.683194 -0.349982
-0.715451 0.695386 -0.290042
-0.717229 0.709618 -0.218181
-0.730397 0.710088 -0.151851
-0.714117 0.711911 -0.082609
-0.728036 0.706733 -0.018143
-0.707617 0.712515 0.050533
-0.692702 0.705127 0.111332
-0.662517 0.695881 0.156733
-0.654117 0.657676 0.145838
-0.672007 0.647174 0.084892
-0.678936 0.622187 0.032830
-0.677801 0.610478 -0.040791
-0.686217 0.590898 -0.103685
-0.673585 0.583233 -0.169722
-0.673264 0.576135 -0.240075
-0.641746 0.564849 -0.296327
-0.636334 0.558970 -0.366575
-0.606212 0.541093 -0.420628
-0.594208 0.542505 -0.493264
-0.578450 0.534707 -0.553980
-0.580918 0.534140 -0.621106
-0.570049 0.520246 -0.683811
-0.562215 0.563014 -0.698728
-0.522772 0.591792 -0.693051
-0.486395 0.615137 -0.696675
-0.435378 0.625832 -0.713939
-0.388331 0.639473 -0.695334
-0.336517 0.645061 -0.713918
-0.288964 0.653789 -0.691982
-0.240783 0.656215 -0.705097
-0.195177 0.656300 -0.668098
-0.143624 0.661140 -0.684482
-0.097543 0.657724 -0.692653
-0.051860 0.677098 -0.715573
-0.011022 0.658388 -0.707821
0.020833 0.629526 -0.724770
-0.010593 0.600483 -0.723157
-0.046648 0.608124 -0.769856
-0.035427 0.592516 -0.829587
-0.064323 0.561481 -0.823511
-0.103491 0.581036 -0.817016
-0.099336 0.596898 -0.874610
-0.107062 0.561819 -0.904695
-0.151549 0.551474 -0.880308
-0.180798 0.582099 -0.888165
-0.193782 0.583294 -0.952505
-0.236491 0.559634 -0.928621
-0.265525 0.568893 -0.880790
-0.304554 0.583052 -0.907377
-0.317738 0.549736 -0.938970
-0.316680 0.527815 -0.886112
-0.346450 0.547949 -0.848777
-0.383242 0.548239 -0.887432
-0.388331 0.511096 -0.889129
-0.395122 0.506075 -0.824307
-0.429185 0.531267 -0.813413
-0.463615 0.515454 -0.850600
-0.476047 0.491131 -0.799166
-0.486947 0.520524 -0.749639
-0.499410 0.553080 -0.797867
-0.513789 0.583607 -0.835537
-0.479941 0.612663 -0.799418
-0.432450 0.623382 -0.814439
-0.386124 0.643070 -0.795039
-0.339215 0.664713 -0.806227
-0.289807 0.678740 -0.779053
-0.243834 0.702979 -0.765310
-0.195882 0.703908 -0.726069
-0.150507 0.718043 -0.691584
-0.102617 0.712925 -0.655214
-0.065519 0.724127 -0.603402
-0.049867 0.764131 -0.576271
-0.029770 0.795274 -0.561773
0.002039 0.822845 -0.582095
0.039290 0.816676 -0.525738
0.064231 0.812910 -0.471119
0.074824 0.773365 -0.485953
0.052795 0.759568 -0.539859
0.085202 0.784724 -0.582075
0.114359 0.804448 -0.620121
0.135269 0.840782 -0.631937
0.154324 0.838489 -0.693847
0.150047 0.841772 -0.758689
0.146766 0.803893 -0.769081
0.107906 0.796735 -0.730343
0.078013 0.819585 -0.759716
0.080987 0.799040 -0.818546
0.096531 0.761825 -0.781609
0.102877 0.734327 -0.738220
0.132540 0.715508 -0.784312
0.178437 0.725491 -0.794054
0.195821 0.690871 -0.775094
0.171662 0.677762 -0.837024
0.149909 0.669952 -0.895728
0.104656 0.694143 -0.881943
0.055754 0.710064 -0.876097
0.029310 0.736271 -0.832750
0.007481 0.761427 -0.794368
-0.004645 0.780596 -0.743374
-0.028590 0.782962 -0.687352
-0.076541 0.774729 -0.648845
-0.118498 0.766122 -0.621001
-0.159597 0.775079 -0.671094
-0.193552 0.761451 -0.725713
-0.230558 0.764420 -0.771616
-0.251054 0.746386 -0.833337
-0.300201 0.730464 -0.814104
-0.346588 0.725853 -0.809181
-0.385342 0.705477 -0.816283
-0.398341 0.677026 -0.869980
-0.404366 0.653547 -0.923404
-0.357212 0.651157 -0.947057
-0.322735 0.625241 -0.961388
-0.295847 0.648598 -1.000000
-0.282066 0.673429 -0.955878
-0.252909 0.648671 -0.929103
-0.224840 0.641585 -0.979196
-0.209587 0.676808 -0.983826
-0.191192 0.681782 -0.923676
-0.159030 0.654960 -0.924033
-0.132387 0.666234 -0.974084
-0.118314 0.698681 -0.939725
-0.090016 0.688131 -0.890428
-0.049944 0.693575 -0.838470
-0.016311 0.698754 -0.793028
0.013996 0.704994 -0.731851
0.034875 0.718538 -0.662714
0.063495 0.712599 -0.600595
0.085570 0.697293 -0.541870
0.047798 0.677026 -0.507050
0.008201 0.653330 -0.487859
-0.028498 0.680418 -0.490122
-0.073460 0.699852 -0.509459
-0.116705 0.718405 -0.523769
-0.158217 0.700649 -0.514969
-0.179756 0.727157 -0.477237
-0.188509 0.750804 -0.524167
-0.215075 0.726759 -0.560851
-0.249659 0.722522 -0.518719
-0.262520 0.757854 -0.513335
-0.272807 0.763600 -0.575538
-0.304554 0.735438 -0.581949
-0.335551 0.749392 -0.536507
-0.340288 0.788068 -0.552220
-0.350681 0.789371 -0.619032
-0.392025 0.784253 -0.648279
-0.382414 0.803507 -0.703945
-0.343001 0.781936 -0.723178
-0.361412 0.748161 -0.718422
-0.412583 0.740966 -0.710524
-0.444162 0.726469 -0.668790
-0.487407 0.708954 -0.644173
-0.520810 0.701337 -0.602376
-0.527540 0.665534 -0.637426
-0.479435 0.645279 -0.614716
-0.433186 0.634318 -0.613061
-0.385710 0.640945 -0.592990
-0.338540 0.632942 -0.615931
-0.288872 0.629876 -0.597557
-0.243282 0.621426 -0.620603
-0.196710 0.612204 -0.599631
-0.145203 0.611492 -0.624605
-0.098386 0.591840 -0.593744
-0.051186 0.586613 -0.561857
-0.060874 0.612663 -0.500639
-0.070455 0.642394 -0.459261
-0.087471 0.676241 -0.419706
-0.098095 0.709376 -0.393162
-0.113455 0.732384 -0.330582
-0.108212 0.766412 -0.309589
-0.059602 0.772086 -0.292808
-0.029740 0.769044 -0.341832
-0.028528 0.806392 -0.354738
0.007588 0.814902 -0.316650
0.039826 0.811474 -0.364375
0.019208 0.844138 -0.393748
-0.012126 0.865975 -0.356267
-0.056107 0.852165 -0.339842
-0.097451 0.869668 -0.296013
-0.143700 0.859698 -0.324213
-0.181641 0.839334 -0.331231
-0.220257 0.828699 -0.358907
-0.269128 0.834421 -0.379711
-0.294621 0.819018 -0.428862
-0.287845 0.835459 -0.495611
-0.279000 0.850946 -0.556934
-0.235019 0.853928 -0.602941
-0.243144 0.859094 -0.666380
-0.237901 0.877032 -0.726341
-0.235019 0.877816 -0.793907
-0.210476 0.841265 -0.789424
-0.208269 0.819175 -0.734386
-0.181135 0.831922 -0.677002
-0.163905 0.840927 -0.616895
-0.151135 0.873121 -0.584044
-0.138856 0.853010 -0.523978
-0.097773 0.835326 -0.521108
-0.076572 0.868522 -0.490415
-0.114099 0.872722 -0.434665
-0.126178 0.834928 -0.411179
-0.133123 0.800742 -0.389977
-0.155703 0.770275 -0.379837
-0.184952 0.747654 -0.349521
-0.209419 0.722872 -0.311077
-0.242485 0.699273 -0.294651
-0.274892 0.725733 -0.280153
-0.278034 0.738130 -0.342880
-0.291678 0.706334 -0.367769
-0.331259 0.702749 -0.335757
-0.352904 0.733663 -0.352266
-0.348091 0.727869 -0.419685
-0.370748 0.694855 -0.422933
-0.411387 0.704403 -0.392345
-0.423037 0.733374 -0.431020
-0.417549 0.708881 -0.490583
-0.411847 0.671823 -0.498376
-0.366425 0.654018 -0.496616
-0.337237 0.623309 -0.514047
-0.292199 0.603030 -0.506463
-0.252464 0.586142 -0.541221
-0.210691 0.565803 -0.537575
-0.171554 0.558681 -0.579539
-0.126945 0.536578 -0.555383
-0.089755 0.514911 -0.536004
-0.068064 0.496128 -0.488718
-0.052152 0.525582 -0.453521
-0.102494 0.539053 -0.440846
-0.134962 0.520258 -0.411054
-0.124829 0.532836 -0.350087
-0.138366 0.568688 -0.362804
-0.183143 0.562954 -0.385682
-0.199362 0.546139 -0.333159
-0.194963 0.578465 -0.296202
-0.226986 0.597139 -0.334374
-0.265173 0.575399 -0.331043
-0.272439 0.580469 -0.266766
-0.286465 0.619241 -0.282290
-0.319807 0.613532 -0.337286
-0.360354 0.606808 -0.365926
-0.347600 0.588170 -0.422430
-0.304171 0.568301 -0.427940
-0.267794 0.546827 -0.469862
-0.233639 0.517470 -0.497140
-0.195974 0.506135 -0.548721
-0.163154 0.490998 -0.588737
-0.127635 0.498422 -0.633886
-0.096347 0.499750 -0.683413
-0.061855 0.517506 -0.719574
-0.102893 0.524628 -0.767489
-0.149020 0.515068 -0.758249
-0.170634 0.482753 -0.774381
-0.207901 0.490346 -0.724372
-0.239357 0.517977 -0.726320
-0.276225 0.496213 -0.741237
-0.276930 0.479072 -0.682345
-0.281529 0.508272 -0.642895
-0.323364 0.519401 -0.665333
-0.346052 0.487353 -0.651002
-0.336670 0.484890 -0.587438
-0.353885 0.518472 -0.571683
-0.397023 0.510010 -0.592005
-0.405194 0.480146 -0.554755
-0.398786 0.498796 -0.499026
-0.431361 0.525908 -0.506840
-0.466497 0.496418 -0.517337
-0.461622 0.482041 -0.451698
-0.470544 0.518387 -0.417779
-0.486870 0.539113 -0.355890
-0.483866 0.576292 -0.322662
-0.485261 0.608015 -0.278373
-0.492864 0.647874 -0.261675
-0.487422 0.685838 -0.229327
-0.504791 0.726517 -0.228342
-0.504990 0.754100 -0.175693
-0.522006 0.750309 -0.111207
-0.496421 0.727845 -0.059270
-0.487759 0.741473 -0.000230
-0.517376 0.715798 0.035931
-0.528214 0.681746 0.006285
-0.544479 0.645013 -0.004735
-0.530912 0.612445 -0.046720
-0.547867 0.575423 -0.078440
-0.543513 0.538003 -0.113260
-0.563380 0.510263 -0.163060
-0.562844 0.482234 -0.209214
-0.585057 0.463754 -0.266724
-0.571444 0.431475 -0.308604
-0.600371 0.408782 -0.338920
-0.628256 0.389830 -0.292808
-0.611148 0.406211 -0.231820
-0.571306 0.419863 -0.205736
-0.548863 0.436521 -0.150238
-0.520641 0.469186 -0.125788
-0.499640 0.490962 -0.079759
-0.477488 0.522021 -0.104083
-0.491990 0.525509 -0.173137
-0.487621 0.542578 -0.241834
-0.479956 0.504940 -0.280028
-0.474928 0.482802 -0.340282
-0.460748 0.447301 -0.379271
-0.478485 0.427927 -0.430705
-0.507182 0.442424 -0.477551
-0.536400 0.455750 -0.531059
-0.564408 0.471745 -0.571809
-0.607361 0.473652 -0.528357
-0.603973 0.478541 -0.463556
-0.609507 0.487389 -0.389705
-0.605292 0.508429 -0.336134
-0.609232 0.517096 -0.264042
-0.615225 0.543930 -0.207224
-0.610381 0.556616 -0.144602
-0.615471 0.592142 -0.108567
-0.605276 0.612168 -0.050345
-0.619395 0.645086 -0.008338
-0.600064 0.673996 0.043054
-0.600279 0.700118 0.099265
-0.586820 0.715569 0.158283
-0.608496 0.755017 0.141732
-0.621695 0.789130 0.125998
-0.634755 0.815674 0.072699
-0.646590 0.845587 0.027844
-0.639661 0.818740 -0.031782
-0.628026 0.802807 -0.091094
-0.608266 0.775695 -0.140119
-0.579553 0.758590 -0.193061
-0.577407 0.721640 -0.230312
-0.555394 0.690075 -0.268086
-0.559763 0.656396 -0.306530
-0.526896 0.631723 -0.350946
-0.494504 0.616912 -0.391046
-0.458893 0.613109 -0.429218
-0.471081 0.630999 -0.488571
-0.516671 0.651049 -0.483480
-0.557019 0.673718 -0.485073
-0.581010 0.658955 -0.435147
-0.611209 0.673139 -0.374495
-0.622584 0.687286 -0.308667
-0.646881 0.710559 -0.267122
-0.646191 0.730054 -0.202070
-0.672083 0.744551 -0.148918
-0.666289 0.754727 -0.083593
-0.695675 0.759556 -0.021412
-0.708629 0.767740 0.040330
-0.736008 0.761053 0.101255
-0.744807 0.786655 0.159016
-0.791838 0.798401 0.157822
-0.840066 0.805631 0.166286
-0.883479 0.820322 0.162410
-0.880475 0.842351 0.216086
-0.854246 0.870031 0.186210
-0.893995 0.888403 0.157927
-0.916959 0.898084 0.224278
-0.908298 0.927972 0.264817
-0.916070 0.949772 0.320316
-0.906596 0.983632 0.343948
-0.929238 0.984332 0.401207
-0.957522 0.961638 0.433534
-0.987430 0.949434 0.478934
-0.958150 0.920729 0.499885
-0.924440 0.947104 0.525068
-0.943602 0.973902 0.558798
-0.952846 1.000000 0.512015
-0.901568 0.998213 0.486476
-0.862447 0.975423 0.502001
-0.871430 0.956351 0.431564
-0.876933 0.924459 0.387484
-0.897782 0.895223 0.349270
-0.882943 0.853807 0.333326
-0.897843 0.819513 0.345687
-0.910613 0.827914 0.411703
-0.878635 0.862269 0.430559
-0.845048 0.889718 0.455616
-0.817838 0.922166 0.448891
-0.797924 0.951414 0.483187
-0.775114 0.981435 0.508433
-0.749743 0.998226 0.551968
-0.771159 0.985563 0.612327
-0.793847 0.947913 0.596049
-0.816197 0.910770 0.625862
-0.843254 0.878480 0.604492
-0.881180 0.868461 0.566655
-0.891834 0.911603 0.570698
-0.871277 0.938087 0.608912
-0.872748 0.940176 0.678406
-0.824751 0.954625 0.684838
-0.780954 0.972985 0.716285
-0.743673 0.980855 0.754667
-0.765303 0.978393 0.815298
-0.763938 0.935734 0.819551
-0.740515 0.914959 0.862668
-0.727163 0.875680 0.886615
-0.699109 0.849968 0.925813
-0.729370 0.813960 0.924850
-0.732605 0.800549 0.858897
-0.680744 0.795805 0.841948
-0.668358 0.757093 0.867026
-0.651403 0.722292 0.877229
-0.635691 0.734496 0.947665
-0.620483 0.753255 1.000000
-0.574188 0.758928 0.969789
-0.585455 0.781924 0.916553
-0.597412 0.808552 0.875511
-0.617678 0.823279 0.826151
-0.600049 0.807563 0.774109
-0.554213 0.804629 0.792734
-0.541229 0.838199 0.766441
-0.570187 0.841591 0.702059
-0.613018 0.865576 0.733653
-0.664020 0.876247 0.748130
-0.710883 0.882645 0.775764
-0.761148 0.882174 0.750498
-0.794659 0.860277 0.776623
-0.765763 0.826876 0.770045
-0.725906 0.834795 0.722591
-0.687581 0.837257 0.680606
-0.647847 0.856873 0.651401
-0.604372 0.857175 0.620121
-0.563166 0.867701 0.592801
-0.529870 0.874750 0.549685
-0.490013 0.859999 0.511240
-0.451689 0.852552 0.472146
-0.463891 0.812150 0.468040
-0.519676 0.810435 0.481909
-0.552558 0.793210 0.527037
-0.589318 0.791846 0.577403
-0.622844 0.760956 0.611112
-0.663238 0.755826 0.654019
-0.681082 0.767161 0.711634
-0.628762 0.777421 0.725839
-0.589962 0.773558 0.689070
-0.566170 0.738963 0.680627
-0.555562 0.744745 0.611573
-0.524474 0.738661 0.548113
-0.493814 0.739820 0.488760
-0.442644 0.741570 0.521129
-0.428801 0.709823 0.561396
-0.409593 0.682083 0.524271
-0.376895 0.666983 0.484235
-0.333068 0.662504 0.439756
-0.310226 0.660404 0.373426
-0.285975 0.690328 0.353963
-0.325479 0.713577 0.376967
-0.368602 0.695265 0.378287
-0.410344 0.681589 0.394503
-0.410115 0.647114 0.374348
-0.387503 0.654984 0.316398
-0.433094 0.660802 0.285098
-0.466681 0.629912 0.310679
-0.489905 0.654441 0.363852
-0.514739 0.669119 0.419979
-0.524550 0.686646 0.479332
-0.543605 0.674044 0.545348
-0.522711 0.680780 0.603046
-0.480462 0.658847 0.578261
-0.492542 0.637879 0.518824
-0.496083 0.617250 0.459408
-0.520933 0.611721 0.403448
-0.519706 0.593337 0.346840
-0.528076 0.583064 0.285622
-0.525823 0.560371 0.237435
-0.477442 0.544726 0.246150
-0.467126 0.547092 0.321573
-0.431852 0.541009 0.382435
-0.420554 0.556906 0.444365
-0.409440 0.589728 0.471496
-0.398311 0.603513 0.404915
-0.406037 0.589100 0.346421
-0.367958 0.565658 0.318912
-0.398771 0.536458 0.293206
-0.419358 0.513523 0.248266
-0.450002 0.489537 0.209968
-0.422715 0.481305 0.159184
-0.403155 0.458889 0.104796
-0.383012 0.473966 0.052775
-0.337023 0.470115 0.078586
-0.342480 0.428240 0.074291
-0.341269 0.417678 0.010014
-0.327472 0.400658 -0.046762
-0.334156 0.383843 -0.103036
-0.362608 0.356816 -0.073935
-0.387365 0.366835 -0.017326
-0.359481 0.367064 0.043033
-0.340472 0.372556 0.099663
-0.294330 0.366992 0.092477
-0.295295 0.332299 0.068174
-0.292919 0.315605 0.128721
-0.258550 0.339337 0.172865
-0.297733 0.365483 0.208481
-0.320819 0.399789 0.231233
-0.347707 0.431512 0.241981
-0.336256 0.470453 0.266808
-0.350022 0.500208 0.233391
-0.331136 0.487678 0.174583
-0.295234 0.455618 0.192474
-0.262030 0.428216 0.201232
-0.244784 0.395504 0.236010
-0.216179 0.365652 0.235633
-0.211657 0.326131 0.250759
-0.174436 0.315412 0.211917
-0.129444 0.312804 0.194926
-0.126102 0.339808 0.144309
-0.158739 0.368175 0.138338
-0.167477 0.402988 0.090067
-0.198979 0.434747 0.080430
-0.245658 0.442339 0.081624
-0.252939 0.399885 0.073621
-0.217651 0.374101 0.066477
-0.194089 0.366823 0.009386
-0.151013 0.358204 0.043431
-0.125581 0.319613 0.044583
-0.085785 0.298054 0.045296
-0.112750 0.270833 0.088224
-0.153297 0.255503 0.056588
-0.134962 0.234234 0.005510
-0.134395 0.224601 -0.056253
-0.155044 0.223032 -0.113281
-0.148023 0.187096 -0.124217
-0.179786 0.174397 -0.079843
-0.221268 0.186843 -0.102763
-0.217405 0.163256 -0.161048
-0.217390 0.126282 -0.157864
-0.263088 0.119075 -0.177893
-0.252740 0.130265 -0.239739
-0.214585 0.108537 -0.255662
-0.233777 0.075028 -0.244914
-0.266690 0.080774 -0.290168
-0.240936 0.087039 -0.343676
-0.218080 0.052769 -0.340261
-0.259286 0.029834 -0.338208
-0.285254 0.039334 -0.394523
-0.308877 0.021106 -0.442249
-0.347677 0.042629 -0.456873
-0.381279 0.041784 -0.409440
-0.355096 0.060048 -0.363160
-0.361811 0.096937 -0.371415
-0.398863 0.103117 -0.331357
-0.376067 0.098530 -0.275020
-0.345899 0.127887 -0.285286
-0.374059 0.156761 -0.278666
-0.381479 0.151281 -0.213551
-0.335674 0.155506 -0.198404
-0.331795 0.190597 -0.221952
-0.363328 0.204961 -0.181769
-0.340686 0.194761 -0.126899
-0.300599 0.215934 -0.147137
-0.299480 0.241983 -0.193857
-0.296629 0.226013 -0.266221
-0.273972 0.219772 -0.331797
-0.259363 0.208064 -0.395864
-0.225070 0.206434 -0.450546
-0.206153 0.202004 -0.516122
-0.173455 0.231421 -0.525487
-0.129858 0.249697 -0.543546
-0.143777 0.287757 -0.529635
-0.115923 0.307843 -0.472795
-0.092039 0.321966 -0.422702
-0.055110 0.321882 -0.376296
-0.058299 0.352542 -0.335819
-0.096393 0.330320 -0.301272
-0.080006 0.293032 -0.281829
-0.078181 0.258098 -0.248916
-0.055294 0.224842 -0.232302
-0.065396 0.183378 -0.221889
-0.062530 0.148022 -0.177180
-0.075499 0.105954 -0.169869
-0.092177 0.070538 -0.151432
-0.119096 0.037740 -0.163185
-0.127190 0.000767 -0.164359
-0.086904 -0.006645 -0.203536
-0.051140 0.019875 -0.198781
-0.055662 0.051477 -0.234795
-0.056505 0.087401 -0.263875
-0.078488 0.122817 -0.265488
-0.087425 0.156918 -0.308667
-0.102678 0.200048 -0.304142
-0.131743 0.235465 -0.304561
-0.147809 0.272390 -0.283505
-0.188524 0.300902 -0.283694
-0.219138 0.333989 -0.297626
-0.253982 0.360123 -0.310406
-0.287109 0.387211 -0.297647
-0.304708 0.363419 -0.245166
-0.274294 0.336319 -0.217888
-0.270032 0.302278 -0.250780
-0.249705 0.269662 -0.272171
-0.214063 0.250674 -0.313989
-0.194028 0.219024 -0.352538
-0.149893 0.204901 -0.387149
-0.125274 0.173021 -0.397184
-0.129612 0.137049 -0.385117
-0.092545 0.107668 -0.360730
-0.067374 0.072722 -0.359682
-0.020312 0.057404 -0.327963
-0.000537 0.025971 -0.302717
-0.013567 -0.008830 -0.301712
-0.008876 -0.045695 -0.297626
0.000261 -0.075523 -0.330498
0.004829 -0.110915 -0.334081
0.029372 -0.139463 -0.349375
0.035120 -0.167468 -0.392596
0.027655 -0.203718 -0.388448
0.048656 -0.213604 -0.443737
0.091855 -0.199903 -0.426683
0.097665 -0.220690 -0.373782
0.091380 -0.253801 -0.400767
0.126945 -0.249383 -0.443506
0.162632 -0.242321 -0.401689
0.157175 -0.273742 -0.367392
0.163353 -0.297064 -0.416543
0.207027 -0.284667 -0.432088
0.226894 -0.291620 -0.374076
0.218662 -0.328002 -0.372630
0.240201 -0.335812 -0.429029
0.282510 -0.322003 -0.411368
0.288489 -0.344093 -0.361002
0.286435 -0.375453 -0.395487
0.323241 -0.367040 -0.434518
0.355081 -0.361608 -0.387379
0.350436 -0.395914 -0.361987
0.362148 -0.413369 -0.417925
0.405270 -0.396554 -0.422807
0.421152 -0.407768 -0.365507
0.414162 -0.443728 -0.375793
0.440145 -0.445309 -0.431292
0.480294 -0.433069 -0.400348
0.482026 -0.459094 -0.353544
0.480524 -0.486990 -0.395927
0.517269 -0.476778 -0.433638
0.547637 -0.476066 -0.380277
0.539773 -0.511289 -0.360730
0.549752 -0.525727 -0.418512
0.593488 -0.511724 -0.419832
0.607423 -0.527670 -0.361945
0.593074 -0.563871 -0.379481
0.620407 -0.563521 -0.433638
0.661245 -0.555144 -0.404831
0.656447 -0.584211 -0.363579
0.651143 -0.610876 -0.410027
0.695032 -0.601931 -0.437514
0.719636 -0.607001 -0.382225
0.700949 -0.642382 -0.374536
0.711266 -0.656879 -0.435566
0.759125 -0.651085 -0.426599
0.760781 -0.671678 -0.370304
0.726641 -0.698307 -0.401186
0.756366 -0.723282 -0.419371
0.757209 -0.757576 -0.413149
0.764996 -0.790422 -0.430559
0.748425 -0.822229 -0.452829
0.715573 -0.835507 -0.392303
0.666212 -0.835411 -0.372672
0.622216 -0.834517 -0.336155
0.594837 -0.833853 -0.281348
0.554811 -0.854278 -0.315413
0.574908 -0.890913 -0.337998
0.563334 -0.928551 -0.349794
0.581837 -0.960540 -0.374536
0.592170 -1.000000 -0.380780
0.647985 -0.990488 -0.374893
0.703110 -0.994725 -0.357650
0.753499 -0.973323 -0.345457
0.810709 -0.966237 -0.334060
0.853111 -0.934949 -0.318158
0.901354 -0.911072 -0.298967
0.933347 -0.876247 -0.290461
0.960128 -0.836364 -0.295678
0.965784 -0.794490 -0.307578
0.980945 -0.749199 -0.295091
0.988074 -0.709135 -0.301104
0.999126 -0.663832 -0.280719
0.994711 -0.623756 -0.280656
1.000000 -0.577186 -0.280614
0.992718 -0.532378 -0.259077
0.976147 -0.491976 -0.262073
0.980623 -0.448375 -0.245878
0.953122 -0.406657 -0.243448
0.932626 -0.370311 -0.265634
0.895268 -0.335426 -0.272904
0.863045 -0.298814 -0.250445
0.834010 -0.262263 -0.238734
0.779391 -0.247331 -0.242149
