-0.203696 -0.343843 0.694068
-0.218877 -0.292312 0.722538
-0.237599 -0.256481 0.768506
-0.257887 -0.214548 0.803417
-0.266408 -0.160792 0.842924
-0.311989 -0.165454 0.825405
-0.355260 -0.183803 0.846780
-0.401687 -0.167996 0.836230
-0.431587 -0.124305 0.833709
-0.455828 -0.080423 0.786470
-0.470572 -0.028319 0.750543
-0.486908 -0.003358 0.687628
-0.498701 0.036519 0.638313
-0.530012 0.049317 0.586010
-0.547810 0.065378 0.522184
-0.589477 0.057051 0.492888
-0.613654 0.105680 0.477932
-0.605954 0.141213 0.536060
-0.594238 0.095234 0.586731
-0.578095 0.077710 0.644413
-0.555305 0.017682 0.672609
-0.543653 -0.035396 0.710866
-0.514433 -0.091123 0.723852
-0.492785 -0.146786 0.738341
-0.448693 -0.169183 0.746603
-0.408014 -0.184693 0.736625
-0.365744 -0.168484 0.748869
-0.322627 -0.165009 0.723343
-0.279766 -0.153969 0.732134
-0.241474 -0.143629 0.700762
-0.202682 -0.131784 0.684747
-0.165301 -0.140133 0.666063
-0.138212 -0.188041 0.625136
-0.126829 -0.232156 0.580757
-0.169946 -0.248112 0.568322
-0.189875 -0.176620 0.578850
-0.217170 -0.127377 0.593276
-0.244118 -0.088326 0.617680
-0.288274 -0.107311 0.640685
-0.331443 -0.115045 0.636194
-0.365949 -0.158843 0.648714
-0.405768 -0.187893 0.635516
-0.441430 -0.224698 0.660661
-0.471522 -0.254002 0.686632
-0.494120 -0.275000 0.735036
-0.504026 -0.327422 0.767553
-0.528125 -0.356302 0.804688
-0.535556 -0.415080 0.835595
-0.557204 -0.441143 0.778463
-0.524969 -0.495746 0.758084
-0.502127 -0.549905 0.753996
-0.471252 -0.581646 0.734274
-0.433473 -0.558444 0.697139
-0.400764 -0.573510 0.673625
-0.406281 -0.539671 0.613252
-0.419935 -0.466379 0.597513
-0.410901 -0.411648 0.570907
-0.428982 -0.377978 0.530298
-0.423798 -0.320768 0.496616
-0.456110 -0.280488 0.487613
-0.433011 -0.221583 0.524536
-0.398993 -0.188571 0.532458
-0.378589 -0.134200 0.552604
-0.344429 -0.090381 0.540148
-0.308870 -0.052368 0.564382
-0.275814 -0.016602 0.566500
-0.249623 0.025416 0.592238
-0.242501 0.057899 0.535933
-0.280613 0.090148 0.540656
-0.277097 0.133501 0.591370
-0.285965 0.195542 0.621641
-0.311835 0.171937 0.683243
-0.322973 0.173569 0.756411
-0.361175 0.192046 0.797994
-0.392705 0.216688 0.827926
-0.439133 0.223532 0.831443
-0.478028 0.243619 0.829727
-0.521209 0.219930 0.828138
-0.561233 0.209908 0.828350
-0.555035 0.137060 0.815809
-0.548298 0.079278 0.845424
-0.555561 0.016601 0.863536
-0.549492 0.035820 0.937996
-0.537275 0.053046 0.996462
-0.496237 0.067646 0.986676
-0.481736 0.085826 0.928294
-0.449129 0.103412 0.883597
-0.426428 0.133225 0.829769
-0.403215 0.129771 0.763804
-0.375111 0.140408 0.708451
-0.361560 0.123097 0.642253
-0.337410 0.144731 0.589845
-0.330224 0.147189 0.518393
-0.332970 0.166386 0.456876
-0.374765 0.142633 0.453592
-0.388611 0.137166 0.529577
-0.412942 0.121762 0.586498
-0.419563 0.096081 0.655810
-0.444753 0.073430 0.707138
-0.440056 0.052072 0.777594
-0.450348 0.009673 0.840297
-0.449463 0.004799 0.917723
-0.433281 0.021199 0.972822
-0.403984 0.054233 1.000000
-0.375201 0.008846 0.994937
-0.377511 -0.003231 0.931429
-0.369966 0.056437 0.909335
-0.333586 0.059361 0.934670
-0.318931 0.005986 0.904865
-0.324449 0.027895 0.844280
-0.302056 0.079808 0.847309
-0.268577 0.050800 0.864108
-0.266446 0.006452 0.814877
-0.267884 0.049381 0.766049
-0.236637 0.083855 0.780899
-0.209688 0.035608 0.778018
-0.219197 0.017534 0.711099
-0.220185 0.079066 0.679726
-0.189041 0.104811 0.725885
-0.153521 0.101230 0.737748
-0.122094 0.116380 0.762999
-0.087883 0.131085 0.759228
-0.061730 0.161979 0.794350
-0.081954 0.206391 0.842733
-0.057329 0.221689 0.880885
-0.049681 0.259871 0.925561
-0.018344 0.272500 0.949922
0.005550 0.309538 0.981443
0.035912 0.336279 0.939648
0.060986 0.386094 0.919291
0.053543 0.373550 0.850974
0.040403 0.378211 0.793376
0.027160 0.346788 0.743785
0.033884 0.316425 0.691992
0.015752 0.299219 0.633949
0.011735 0.234318 0.631280
-0.029444 0.234996 0.624458
-0.025196 0.247561 0.553451
-0.018883 0.193084 0.521612
-0.026852 0.154923 0.473822
-0.031279 0.099747 0.444399
-0.022887 0.062306 0.395507
-0.030483 0.011114 0.355089
-0.012146 -0.050186 0.352123
-0.030111 -0.081164 0.302575
-0.003292 -0.044592 0.257009
0.031638 -0.059806 0.275862
0.060422 -0.097331 0.277091
0.086638 -0.134475 0.309036
0.123968 -0.107947 0.319882
0.162003 -0.105404 0.334837
0.171486 -0.029633 0.320305
0.179134 0.010541 0.256924
0.170665 0.049190 0.195598
0.187399 0.072201 0.128467
0.197690 0.104535 0.073878
0.227692 0.091314 0.017021
0.261917 0.094598 -0.027825
0.293728 0.077159 -0.061549
0.332906 0.075846 -0.080741
0.366103 0.056606 -0.108470
0.390536 -0.008147 -0.100103
0.402919 -0.068875 -0.094087
0.369478 -0.085847 -0.059091
0.341632 -0.071438 -0.102772
0.354977 -0.109409 -0.151960
0.352924 -0.165941 -0.121244
0.311026 -0.152910 -0.111309
0.287902 -0.106930 -0.141495
0.282692 -0.042049 -0.121498
0.247724 0.009546 -0.133573
0.226999 0.050652 -0.092392
0.198576 0.025797 -0.043860
0.194277 0.008147 0.030727
0.199897 -0.020098 0.094913
0.213384 -0.015521 0.160137
0.221430 -0.053364 0.219747
0.222726 -0.063471 0.288806
0.232030 -0.114452 0.336108
0.255026 -0.146341 0.379323
0.284668 -0.171175 0.325284
0.272811 -0.129348 0.261140
0.265599 -0.120999 0.194179
0.236367 -0.109155 0.137386
0.219839 -0.114219 0.073941
0.184948 -0.096463 0.030854
0.149748 -0.104620 -0.013526
0.119861 -0.117143 -0.055829
0.096378 -0.156851 -0.090613
0.069995 -0.171831 -0.138466
0.035539 -0.185816 -0.097518
0.046665 -0.135704 -0.039899
0.057162 -0.104154 0.017381
0.089705 -0.142358 0.035641
0.125610 -0.160093 0.061761
0.165288 -0.189037 0.048479
0.203503 -0.210840 0.051487
0.245299 -0.206560 0.033057
0.267653 -0.185625 0.096544
0.298181 -0.194059 0.153104
0.318277 -0.170497 0.216464
0.337294 -0.170115 0.270694
0.361727 -0.141086 0.311472
0.392448 -0.184057 0.302638
0.397889 -0.156724 0.234978
0.412685 -0.095170 0.247222
0.438632 -0.040799 0.247159
0.406205 0.013593 0.228051
0.383401 0.080317 0.236398
0.361509 0.142464 0.205152
0.350640 0.217578 0.194941
0.322434 0.273623 0.174054
0.292265 0.300088 0.134971
0.297886 0.245569 0.080360
0.313901 0.184820 0.122134
0.328979 0.113986 0.123998
0.360701 0.061225 0.146473
0.385223 -0.004270 0.136030
0.407051 -0.065548 0.147808
0.415803 -0.130407 0.135416
0.430458 -0.194440 0.135289
0.432729 -0.258897 0.117897
0.395631 -0.274407 0.148232
0.368516 -0.254023 0.105187
0.347714 -0.256651 0.049728
0.372635 -0.210734 0.018694
0.407911 -0.193317 0.046636
0.428918 -0.136213 0.040831
0.415726 -0.063069 0.051741
0.389009 -0.010732 0.035493
0.354246 0.028361 0.051698
0.326708 0.081185 0.026448
0.295448 0.134221 0.040810
0.264021 0.176302 0.040047
0.252023 0.223617 0.100145
0.238151 0.251947 0.156790
0.248327 0.196538 0.198670
0.283950 0.189948 0.224958
0.270784 0.195966 0.287577
0.246235 0.143756 0.289229
0.273517 0.100276 0.276328
0.297154 0.112036 0.325961
0.270578 0.098942 0.372883
0.262994 0.038108 0.356084
0.300401 0.016686 0.363456
0.305649 0.032069 0.424994
0.275160 -0.002447 0.447830
0.287158 -0.060844 0.426965
0.321998 -0.061183 0.457659
0.308152 -0.055165 0.517948
0.286991 -0.110744 0.516677
0.316313 -0.151723 0.503861
0.337410 -0.137400 0.557985
0.310179 -0.156025 0.601686
0.308331 -0.219507 0.580990
0.346521 -0.237538 0.587811
0.346893 -0.232919 0.654751
0.320214 -0.281717 0.666677
0.339617 -0.335007 0.637571
0.371390 -0.340749 0.682586
0.348035 -0.366960 0.736435
0.343659 -0.432307 0.719382
0.353142 -0.487038 0.744188
0.356261 -0.551749 0.742048
0.334445 -0.599424 0.764969
0.338706 -0.662482 0.758105
0.323641 -0.719035 0.771578
0.324898 -0.784106 0.780539
0.340721 -0.847355 0.741646
0.362048 -0.906070 0.735545
0.389612 -0.952367 0.707710
0.434808 -0.963237 0.683200
0.467993 -1.000000 0.678943
0.511058 -0.977942 0.662737
0.552674 -0.975823 0.666169
0.587424 -0.936963 0.651467
0.610818 -0.868120 0.661021
0.644131 -0.836888 0.681124
0.651984 -0.761031 0.705252
0.670899 -0.710009 0.746454
0.681409 -0.631843 0.739782
0.677033 -0.558932 0.760944
0.678599 -0.491593 0.772807
0.689391 -0.425124 0.760160
0.686234 -0.357044 0.776090
0.682102 -0.293286 0.783441
0.677200 -0.227495 0.755013
0.668038 -0.164818 0.766621
0.654012 -0.117206 0.719424
0.634981 -0.062560 0.708282
0.606840 -0.041647 0.663754
0.576902 -0.006283 0.643630
0.545116 -0.005965 0.607173
0.527150 -0.014652 0.552922
0.497828 0.008804 0.513054
0.506362 -0.055759 0.477127
0.506683 -0.107015 0.441539
0.518206 -0.148418 0.400591
0.510455 -0.193932 0.360300
0.510134 -0.258070 0.343777
0.543152 -0.238577 0.295097
0.579327 -0.244382 0.316429
0.613923 -0.263749 0.299186
0.647339 -0.288900 0.311790
0.683180 -0.291803 0.293212
0.717019 -0.318353 0.295351
0.754721 -0.317993 0.280862
0.777652 -0.312992 0.223327
0.812736 -0.298033 0.188438
0.796336 -0.267881 0.131179
0.791409 -0.217303 0.092964
0.751718 -0.173844 0.088918
0.732662 -0.118478 0.096311
0.698361 -0.088919 0.074026
0.712848 -0.037939 0.121562
0.724475 0.011071 0.154566
0.740913 0.033362 0.204940
0.754349 0.079236 0.237859
0.790177 0.102671 0.258556
0.790677 0.061903 0.317319
0.805871 -0.002002 0.298042
0.845523 0.000583 0.303443
0.878541 -0.034506 0.314162
0.913676 -0.005117 0.306684
0.950300 -0.010669 0.321301
0.983831 0.013614 0.337252
0.992673 0.080444 0.300245
1.000000 0.146553 0.302448
0.978287 0.204166 0.331617
0.965134 0.256990 0.362800
0.925482 0.267902 0.338693
0.893388 0.291528 0.354114
0.860075 0.308203 0.331194
0.833268 0.349077 0.336320
0.800430 0.368825 0.319606
0.782837 0.420293 0.290649
0.758955 0.425166 0.354432
0.775638 0.446652 0.409700
0.769722 0.511617 0.398261
0.729261 0.509858 0.399723
0.724667 0.488860 0.461790
0.744917 0.535878 0.491659
0.723435 0.584782 0.468294
0.689083 0.565797 0.494519
0.701351 0.567216 0.556650
0.712014 0.630910 0.556502
0.675891 0.653010 0.543982
0.658054 0.627732 0.597132
0.682821 0.658731 0.641236
0.673633 0.720010 0.619205
0.633223 0.710115 0.630390
0.624009 0.739864 0.683709
0.592801 0.764506 0.710654
0.599512 0.817627 0.757364
0.558782 0.843033 0.761368
0.528241 0.860471 0.801002
0.518630 0.917596 0.751814
0.491335 0.900815 0.709870
0.457842 0.914418 0.689492
0.433602 0.905964 0.644583
0.418395 0.924334 0.587409
0.382529 0.920690 0.623971
0.348497 0.941582 0.637550
0.315376 0.937641 0.664707
0.280408 0.962580 0.669685
0.257284 1.000000 0.703727
0.220442 0.953406 0.710125
0.198730 0.913655 0.748128
0.163492 0.901747 0.736519
0.135029 0.861467 0.718471
0.126239 0.832480 0.663034
0.112560 0.786988 0.628865
0.117590 0.759442 0.574169
0.122954 0.769740 0.512482
0.119322 0.741114 0.461006
0.123416 0.749483 0.396947
0.080517 0.733592 0.406819
0.043419 0.730096 0.406078
0.014161 0.693460 0.417623
-0.021834 0.682399 0.405188
-0.058933 0.688968 0.420101
-0.091720 0.660024 0.425821
-0.129460 0.657015 0.425185
-0.161528 0.657418 0.454355
-0.191864 0.643115 0.408090
-0.195252 0.634979 0.344497
-0.221353 0.583956 0.351043
-0.250496 0.616883 0.382331
-0.256155 0.665130 0.335854
-0.258131 0.619723 0.279866
-0.289185 0.583045 0.288064
-0.319624 0.555245 0.264296
-0.350640 0.520834 0.256628
-0.354785 0.459047 0.229238
-0.382413 0.409465 0.221315
-0.350448 0.369291 0.187421
-0.334215 0.312102 0.182973
-0.313349 0.264173 0.151685
-0.325976 0.201390 0.144398
-0.309474 0.147930 0.113512
-0.303853 0.085063 0.106670
-0.290109 0.028488 0.089469
-0.280241 -0.023975 0.042166
-0.272991 -0.087076 0.024711
-0.269347 -0.079829 -0.042229
-0.233890 -0.035142 -0.034476
-0.216284 -0.004990 0.012954
-0.240743 0.060526 0.022380
-0.257874 0.120342 0.014267
-0.277238 0.171323 -0.008166
-0.273004 0.223426 -0.049898
-0.281512 0.273941 -0.086842
-0.277816 0.313628 -0.135797
-0.266652 0.369291 -0.158929
-0.266998 0.432074 -0.168059
-0.273273 0.480300 -0.211147
-0.249764 0.531852 -0.220277
-0.245491 0.578468 -0.260547
-0.233570 0.635402 -0.277981
-0.232979 0.691129 -0.305901
-0.220250 0.732299 -0.350195
-0.202605 0.785526 -0.371697
-0.196073 0.831336 -0.415991
-0.179750 0.854920 -0.471302
-0.159180 0.897658 -0.507229
-0.150056 0.943108 -0.552795
-0.125713 0.945523 -0.606855
-0.112778 0.965187 -0.667186
-0.104604 0.964890 -0.731774
-0.083263 0.932195 -0.785263
-0.070367 0.914545 -0.847733
-0.056520 0.883503 -0.901285
-0.022258 0.841401 -0.934267
-0.005255 0.780758 -0.966191
0.009451 0.732151 -1.000000
0.035283 0.670110 -0.984790
0.053197 0.609806 -0.994471
0.070662 0.555584 -0.954731
0.067300 0.490640 -0.910267
0.067441 0.426522 -0.885757
0.057047 0.392959 -0.822863
0.042328 0.339097 -0.791851
0.022296 0.313331 -0.741413
0.018164 0.258854 -0.694470
-0.017587 0.251502 -0.654179
-0.034872 0.193338 -0.622785
-0.057419 0.163059 -0.579465
-0.065362 0.109261 -0.535742
-0.112175 0.103307 -0.524726
-0.142010 0.051033 -0.542648
-0.157794 -0.021581 -0.530276
-0.194829 -0.046308 -0.507970
-0.223535 -0.091589 -0.515723
-0.260787 -0.114134 -0.517100
-0.284476 -0.166365 -0.502187
-0.320959 -0.193487 -0.511317
-0.346559 -0.235843 -0.477911
-0.380950 -0.266927 -0.475750
-0.408604 -0.281463 -0.419190
-0.443470 -0.309178 -0.405167
-0.470611 -0.314496 -0.349157
-0.503436 -0.345030 -0.326427
-0.531629 -0.341830 -0.276413
-0.562170 -0.372490 -0.247371
-0.597023 -0.366134 -0.213350
-0.621892 -0.398065 -0.172042
-0.658567 -0.402536 -0.144037
-0.678624 -0.412855 -0.085507
-0.712836 -0.419763 -0.049686
-0.745122 -0.415822 -0.005921
-0.764358 -0.444681 0.044899
-0.800443 -0.448919 0.078051
-0.813853 -0.467607 0.140118
-0.846370 -0.474007 0.178228
-0.866029 -0.476062 0.236673
-0.896301 -0.495874 0.274295
-0.925213 -0.496382 0.319373
-0.942100 -0.523271 0.373455
-0.979314 -0.543760 0.397774
-0.990158 -0.576773 0.467107
-1.000000 -0.558466 0.536250
