0.301616 -0.678002 0.113228
0.344391 -0.594236 0.039045
0.405675 -0.485267 0.010228
0.327506 -0.400389 -0.020405
0.284532 -0.374815 0.073549
0.364389 -0.305736 0.116175
0.371838 -0.203623 0.045041
0.275891 -0.154188 0.057068
0.286618 -0.115873 0.158115
0.361442 -0.021358 0.143587
0.312608 0.059767 0.075023
0.237584 0.095580 0.135603
0.296252 0.166651 0.206188
0.340021 0.261953 0.145951
0.250066 0.316206 0.112234
0.214376 0.359248 0.202351
0.286982 0.455152 0.224246
0.253642 0.540586 0.143758
0.154516 0.564075 0.165961
0.164349 0.628706 0.260601
0.202092 0.757042 0.223663
0.110648 0.785675 0.151228
0.021951 0.717244 0.211534
-0.074593 0.719005 0.259436
-0.124520 0.616197 0.191523
-0.105748 0.515521 0.121417
-0.066845 0.372683 0.082424
-0.040856 0.288825 -0.023763
0.016720 0.148814 -0.061694
0.096841 0.051612 -0.104902
0.176599 -0.031366 -0.100036
0.159350 -0.108831 -0.187925
0.165938 -0.000093 -0.254125
0.259502 0.043504 -0.229385
0.309363 -0.079596 -0.245524
0.282512 -0.090530 -0.347222
0.322706 0.035026 -0.379739
0.418388 0.003799 -0.345132
0.430870 -0.109387 -0.408316
0.447292 -0.029142 -0.494286
0.534168 0.028354 -0.453306
0.587968 -0.088538 -0.434906
0.602039 -0.129216 -0.534479
0.663455 0.004170 -0.549658
0.737220 0.009405 -0.471809
0.842173 0.046331 -0.421165
0.887498 0.073249 -0.329987
0.836147 0.176473 -0.279206
0.744736 0.143069 -0.313882
0.741160 0.016077 -0.264575
0.756257 0.061805 -0.165070
0.672957 0.140891 -0.156744
0.606675 0.038964 -0.172437
0.631837 -0.047813 -0.094759
0.617700 0.041281 -0.014477
0.518905 0.073295 -0.030136
0.489339 -0.073897 -0.036886
0.544994 -0.190326 -0.010297
0.609191 -0.265891 -0.079374
0.675771 -0.310183 -0.002895
0.599391 -0.409702 0.036406
0.593497 -0.504911 -0.039764
0.613064 -0.634776 -0.068135
0.659482 -0.736518 -0.108431
0.678685 -0.869023 -0.121726
0.787346 -0.912157 -0.082561
0.858330 -1.000000 -0.107163
0.939346 -0.951028 -0.168634
0.983545 -0.809905 -0.230345
1.000000 -0.676844 -0.273004
0.983313 -0.552307 -0.330398
0.902596 -0.549064 -0.413798
0.818368 -0.495274 -0.467012
0.730069 -0.570654 -0.487879
0.630612 -0.576862 -0.514537
0.627731 -0.731051 -0.495177
0.600086 -0.747683 -0.393788
0.521090 -0.796609 -0.328205
0.544994 -0.666234 -0.254056
0.516786 -0.533543 -0.282050
0.447689 -0.432311 -0.300279
0.409118 -0.484804 -0.392383
0.364852 -0.600398 -0.348901
0.303238 -0.527057 -0.284997
0.253410 -0.461314 -0.363258
0.216064 -0.572554 -0.411126
0.157959 -0.615826 -0.331632
0.104191 -0.495738 -0.314910
0.064362 -0.478642 -0.411777
0.016951 -0.602576 -0.412085
-0.045789 -0.571117 -0.331906
-0.089193 -0.450565 -0.371653
-0.126076 -0.520988 -0.463311
-0.207886 -0.587982 -0.428943
-0.303668 -0.620877 -0.410749
-0.396802 -0.572646 -0.341740
-0.474772 -0.540910 -0.265740
-0.421401 -0.454642 -0.189159
-0.367600 -0.345117 -0.268893
-0.303900 -0.225213 -0.297127
-0.203384 -0.205059 -0.355925
-0.127135 -0.092198 -0.393000
-0.030758 -0.067874 -0.453580
0.041286 0.047350 -0.492847
0.140081 0.037852 -0.553085
0.216528 0.152196 -0.602906
0.275626 0.224101 -0.682023
0.318733 0.357255 -0.726910
0.381704 0.415817 -0.815347
0.430506 0.468773 -0.896520
0.456992 0.447507 -1.000000
0.561614 0.446349 -0.985198
0.557708 0.303975 -0.947061
0.586975 0.159424 -0.940825
0.570388 0.019227 -0.912316
0.581148 -0.121711 -0.898234
0.550656 -0.255606 -0.897240
0.570885 -0.282570 -0.796467
0.497682 -0.193430 -0.761243
0.416336 -0.249444 -0.808768
0.425738 -0.380004 -0.766486
0.419845 -0.337241 -0.664788
0.327539 -0.280763 -0.669928
0.280493 -0.398860 -0.700697
0.308668 -0.485452 -0.620072
0.290591 -0.398768 -0.527489
0.204940 -0.299342 -0.565934
0.146272 -0.280671 -0.650945
0.203980 -0.163825 -0.717281
0.251622 -0.020571 -0.753397
0.279201 0.096275 -0.816341
0.269964 0.247822 -0.858041
0.270461 0.364483 -0.925577
0.283340 0.531922 -0.922322
0.285194 0.689446 -0.913756
0.333201 0.784285 -0.855471
0.370150 0.877363 -0.926125
0.268309 0.902567 -0.979270
0.191895 0.832329 -0.895835
0.153589 0.841920 -0.797804
0.052410 0.831820 -0.822371
0.058072 0.703484 -0.869486
0.095981 0.637509 -0.785605
0.016057 0.663084 -0.722730
-0.055489 0.598592 -0.780911
-0.012879 0.470256 -0.782145
-0.016587 0.449083 -0.678391
-0.116243 0.463584 -0.665233
-0.143425 0.358877 -0.731638
-0.098398 0.256950 -0.677020
-0.148490 0.269274 -0.587247
-0.240895 0.249583 -0.625006
-0.223878 0.115456 -0.661259
-0.193683 0.052771 -0.566414
-0.286055 0.106885 -0.506416
-0.373593 0.156505 -0.540235
-0.360979 0.289381 -0.494081
-0.305953 0.310137 -0.401943
-0.228248 0.395293 -0.461461
-0.204377 0.550871 -0.475304
-0.119554 0.623795 -0.469513
-0.023937 0.604059 -0.445973
-0.001755 0.740595 -0.499769
0.012151 0.881672 -0.509089
0.057608 1.000000 -0.538454
0.165773 0.979661 -0.531292
0.209045 0.843541 -0.533074
0.244901 0.879309 -0.642242
0.339061 0.907061 -0.711148
0.428586 0.899833 -0.768404
0.471924 0.808145 -0.686580
0.435836 0.675639 -0.703541
0.459542 0.515150 -0.700526
0.391637 0.460017 -0.604242
0.302377 0.374861 -0.559835
0.237584 0.317040 -0.481608
0.141703 0.234804 -0.468177
0.055721 0.214603 -0.385085
-0.042379 0.127734 -0.368261
-0.132532 0.083627 -0.291199
-0.222984 -0.014640 -0.266494
-0.314892 -0.052493 -0.190632
-0.396206 -0.172999 -0.170484
-0.454741 -0.265428 -0.095924
-0.498676 -0.376714 -0.030924
-0.528043 -0.456264 0.050078
-0.561912 -0.560925 0.111378
-0.625116 -0.442365 0.160239
-0.696431 -0.338213 0.159554
-0.767978 -0.233553 0.160136
-0.850517 -0.148999 0.163837
-0.905443 -0.033265 0.140537
-0.952523 -0.024833 0.237335
-0.858330 0.010980 0.288355
-0.847702 0.149185 0.249910
-0.817971 0.297860 0.298223
-0.794431 0.412620 0.355103
-0.695239 0.469746 0.408487
-0.601079 0.505050 0.450119
-0.502616 0.573851 0.437544
-0.397629 0.614483 0.474344
-0.311018 0.685832 0.463174
-0.341610 0.738510 0.579983
-0.388889 0.806014 0.663280
-0.444742 0.914474 0.597389
-0.480334 0.820608 0.501722
-0.554066 0.774972 0.411366
-0.611310 0.672767 0.338005
-0.655410 0.583673 0.269612
-0.679413 0.421979 0.245387
-0.679579 0.281366 0.228734
-0.697226 0.145339 0.285477
-0.684115 0.002317 0.304117
-0.723911 -0.141725 0.348695
-0.694246 -0.274370 0.422125
-0.692458 -0.425361 0.464887
-0.588631 -0.518069 0.472665
-0.493080 -0.571998 0.444328
-0.376175 -0.542948 0.465161
-0.287048 -0.479059 0.489352
-0.237055 -0.425778 0.594339
-0.184777 -0.304253 0.661430
-0.123957 -0.235313 0.739622
-0.057575 -0.115271 0.774744
-0.012747 -0.058191 0.859103
0.062972 0.021266 0.813463
-0.020958 0.100954 0.751992
-0.120150 0.093958 0.744865
-0.161071 -0.030578 0.672566
-0.199311 -0.113371 0.576727
-0.227056 -0.238510 0.504908
-0.265462 -0.291095 0.396015
-0.313932 -0.385888 0.320427
-0.354092 -0.391772 0.209135
-0.383658 -0.465113 0.121589
-0.402000 -0.525111 0.023626
-0.414515 -0.630328 -0.041580
-0.342703 -0.732302 -0.008515
-0.256853 -0.674620 0.037023
-0.188783 -0.587148 -0.012318
-0.232883 -0.466318 0.055252
-0.225831 -0.333256 0.128339
-0.237651 -0.245738 0.214515
-0.196299 -0.144366 0.292535
-0.202490 -0.070608 0.397523
-0.178056 0.051983 0.466326
-0.213879 0.111101 0.569566
-0.227652 0.188751 0.653480
-0.278374 0.249305 0.736127
-0.261753 0.396822 0.690315
-0.252417 0.509868 0.626685
-0.141173 0.510239 0.652727
-0.090319 0.383525 0.626274
-0.031916 0.400575 0.541161
0.054761 0.433933 0.586493
0.068733 0.309998 0.638678
0.072077 0.228734 0.554901
0.151271 0.294616 0.502750
0.223580 0.272795 0.577481
0.211661 0.119487 0.573541
0.229903 0.075982 0.470952
0.262581 -0.059164 0.406294
0.274798 -0.190002 0.371619
0.259899 -0.257506 0.463414
0.165640 -0.208997 0.483048
0.120150 -0.259498 0.399407
0.141736 -0.396266 0.420240
0.098265 -0.402937 0.515085
0.001324 -0.357904 0.497439
-0.008376 -0.460573 0.406980
-0.014303 -0.591410 0.448029
-0.064097 -0.705569 0.483356
-0.020395 -0.702465 0.581730
-0.072209 -0.567040 0.606880
-0.175838 -0.620738 0.585808
-0.289333 -0.641725 0.593483
-0.388425 -0.663037 0.601535
-0.475434 -0.549713 0.603043
-0.548106 -0.449268 0.618736
-0.584062 -0.314353 0.562336
-0.600119 -0.171053 0.538659
-0.595550 -0.092198 0.442649
-0.555224 0.043273 0.396632
-0.544862 0.101881 0.284072
-0.541352 0.178512 0.196354
-0.548669 0.246989 0.101989
-0.459840 0.266957 0.017424
-0.370249 0.348267 -0.029382
-0.264634 0.351927 -0.077558
-0.189213 0.460619 -0.126009
-0.075818 0.473777 -0.159074
0.019766 0.558516 -0.187617
0.133294 0.558933 -0.231030
0.237915 0.588028 -0.217872
0.334625 0.523351 -0.200774
0.417130 0.601186 -0.205914
0.423421 0.637834 -0.103154
0.418289 0.508154 -0.061694
0.502185 0.455152 -0.109219
0.564826 0.552585 -0.068238
0.550457 0.513714 0.031952
0.584426 0.374537 0.013655
0.655509 0.366058 -0.084514
0.633691 0.421701 -0.183059
0.703913 0.499212 -0.254536
0.720765 0.453113 -0.352156
0.627467 0.456774 -0.395946
0.632532 0.616382 -0.399270
0.740134 0.626853 -0.458171
0.836048 0.591688 -0.495211
0.836810 0.456310 -0.444260
0.789465 0.360823 -0.502099
0.766355 0.211314 -0.528517
0.722090 0.165678 -0.631585
0.767779 0.065002 -0.691514
0.683519 -0.021219 -0.691823
0.634783 0.064956 -0.771111
0.723480 0.117633 -0.845534
0.829791 0.133247 -0.827888
0.823037 0.276038 -0.761860
0.815687 0.414566 -0.722455
0.719375 0.499583 -0.697922
0.649583 0.444218 -0.627234
0.560952 0.482487 -0.552297
0.488942 0.519505 -0.484007
0.409317 0.616707 -0.472323
0.329956 0.501019 -0.422810
0.246358 0.448388 -0.346811
0.140942 0.395849 -0.347839
0.050258 0.375556 -0.273279
-0.052675 0.292207 -0.256797
-0.143756 0.257228 -0.188062
-0.240001 0.164844 -0.165584
-0.340121 0.148582 -0.099385
-0.434578 0.066809 -0.062756
-0.517382 0.057867 0.016944
-0.609456 -0.049249 0.031027
-0.672229 -0.166373 0.022975
-0.627566 -0.264177 -0.043225
-0.643557 -0.423323 -0.090202
-0.704211 -0.538223 -0.099693
-0.786816 -0.605587 -0.078415
-0.849556 -0.624444 0.013380
-0.908621 -0.674435 0.082321
-0.969441 -0.658590 0.161199
-0.932757 -0.738139 0.267659
-0.937260 -0.679346 0.361236
-0.978645 -0.703623 0.446076
-1.000000 -0.700843 0.543491
-0.966362 -0.761166 0.626685
-0.980069 -0.785489 0.724306
-0.927129 -0.796748 0.816684
-0.903688 -0.842013 0.911768
-0.841975 -0.845163 0.993798
-0.726493 -0.798647 0.981566
-0.656701 -0.697090 1.000000
-0.617998 -0.587472 0.954908
-0.595583 -0.515891 0.876441
-0.558734 -0.403632 0.839264
-0.565356 -0.298647 0.773270
-0.521421 -0.220117 0.694461
-0.492683 -0.093078 0.650054
-0.480963 -0.015150 0.543833
-0.467984 0.139965 0.519916
-0.452092 0.240780 0.439223
-0.448583 0.388251 0.481369
-0.329228 0.394135 0.455396
-0.236591 0.348962 0.431102
-0.181334 0.234248 0.360003
-0.150543 0.104754 0.310662
-0.128592 0.018996 0.206805
-0.127433 -0.121896 0.138515
-0.096875 -0.232441 0.062790
-0.080784 -0.392976 0.045349
-0.045093 -0.532339 0.045247
-0.040160 -0.661370 0.094759
0.044067 -0.719607 0.049221
0.110979 -0.590715 0.072727
0.092405 -0.452835 0.100790
0.069825 -0.344653 0.033939
0.051152 -0.204503 0.006151
-0.008112 -0.109850 -0.051963
-0.035823 -0.010888 0.041512
-0.033936 0.134220 0.101098
-0.088962 0.228920 0.191591
-0.160277 0.350213 0.217187
-0.245530 0.413362 0.273724
-0.284962 0.561666 0.293118
-0.367931 0.574407 0.200569
-0.436598 0.617541 0.126865
