-0.788273 -0.318248 -0.716080
-0.729508 -0.333282 -0.717658
-0.673847 -0.320979 -0.703701
-0.621071 -0.321897 -0.721602
-0.565109 -0.315560 -0.711635
-0.511612 -0.304852 -0.726305
-0.455150 -0.310774 -0.714958
-0.398127 -0.291304 -0.715564
-0.339723 -0.297488 -0.726154
-0.280377 -0.288878 -0.735256
-0.253438 -0.238465 -0.763792
-0.199980 -0.226970 -0.793769
-0.168054 -0.203741 -0.828783
-0.116679 -0.194454 -0.852192
-0.111231 -0.129508 -0.836187
-0.095408 -0.145177 -0.790917
-0.037464 -0.168100 -0.805436
-0.009904 -0.106913 -0.816874
0.013550 -0.046950 -0.813946
0.008062 0.020487 -0.812323
0.042792 0.028441 -0.853314
0.042672 -0.016662 -0.890634
0.083952 -0.071075 -0.900192
0.063762 -0.139866 -0.891803
0.065825 -0.159162 -0.843226
0.055771 -0.168012 -0.797517
0.028832 -0.156693 -0.752308
0.021461 -0.144783 -0.698376
0.020380 -0.126799 -0.652788
0.080947 -0.114102 -0.646826
0.069050 -0.061831 -0.682659
0.012288 -0.040503 -0.695054
0.024065 -0.063252 -0.742902
0.084833 -0.082963 -0.756647
0.143578 -0.104597 -0.766508
0.205027 -0.099745 -0.761516
0.208813 -0.041399 -0.786973
0.168614 -0.001016 -0.764960
0.193511 -0.006414 -0.723119
0.246167 0.024223 -0.734027
0.222773 0.082373 -0.747241
0.193210 0.094632 -0.705582
0.241560 0.088404 -0.676743
0.275409 0.138402 -0.694401
0.234690 0.186784 -0.686755
0.228862 0.178698 -0.640940
0.289350 0.187155 -0.630897
0.294918 0.249260 -0.648328
0.251815 0.276029 -0.621248
0.278954 0.261606 -0.580833
0.330349 0.295762 -0.588176
0.301387 0.355047 -0.593546
0.273286 0.356752 -0.551706
0.326243 0.351966 -0.527068
0.351680 0.408826 -0.544818
0.306174 0.451067 -0.532151
0.311041 0.436185 -0.486927
0.369526 0.454913 -0.481389
0.361114 0.518766 -0.495422
0.320134 0.534434 -0.462168
0.355045 0.520951 -0.425167
0.399089 0.564984 -0.436363
0.363157 0.619899 -0.434254
0.345090 0.612141 -0.389971
0.402974 0.616555 -0.372540
0.416013 0.678791 -0.390168
0.368004 0.711198 -0.369505
0.383266 0.695639 -0.326026
0.438646 0.726167 -0.329075
0.419598 0.789408 -0.340438
0.382905 0.800531 -0.303073
0.430935 0.801099 -0.271199
0.459797 0.862155 -0.288888
0.413910 0.914033 -0.286628
0.415953 0.922599 -0.237839
0.429272 0.987785 -0.224428
0.374173 1.000000 -0.186698
0.369626 0.954481 -0.142005
0.382645 0.922293 -0.103472
0.395684 0.869628 -0.078304
0.365660 0.803874 -0.077970
0.383286 0.738164 -0.074587
0.431796 0.686046 -0.084251
0.462501 0.671689 -0.044063
0.418617 0.626323 -0.027952
0.433138 0.574140 -0.060478
0.494227 0.561859 -0.050010
0.490241 0.544836 -0.004468
0.453267 0.486817 -0.016483
0.499895 0.452378 -0.046354
0.545601 0.436928 -0.013206
0.501617 0.392240 0.015694
0.479645 0.339576 -0.021535
0.531461 0.290714 -0.024038
0.502258 0.237285 0.011598
0.460237 0.194498 -0.015800
0.465044 0.131060 -0.016210
0.434139 0.074746 -0.020488
0.438546 0.015898 0.005530
0.383786 -0.020312 -0.021322
0.402894 -0.094610 -0.038086
0.450804 -0.141833 -0.013039
0.416694 -0.194716 0.019912
0.413209 -0.262240 -0.001054
0.485254 -0.272948 0.001874
0.502579 -0.292724 0.050693
0.540073 -0.334484 0.072387
0.561644 -0.354414 0.113333
0.624756 -0.391213 0.131037
0.687927 -0.414967 0.143932
0.743869 -0.443921 0.153323
0.809083 -0.471237 0.132660
0.874037 -0.488435 0.128230
0.917380 -0.519990 0.096311
0.955095 -0.516690 0.047113
0.986040 -0.528730 0.008518
0.979671 -0.532139 -0.044033
1.000000 -0.541186 -0.086177
0.966031 -0.536313 -0.132903
0.957659 -0.517039 -0.177732
0.937770 -0.502508 -0.219255
0.888859 -0.514395 -0.246213
0.849802 -0.497787 -0.279270
0.798067 -0.488478 -0.297763
0.757148 -0.497744 -0.328211
0.725722 -0.481420 -0.361389
0.673647 -0.484851 -0.381961
0.658725 -0.506026 -0.422466
0.609614 -0.517695 -0.443235
0.584297 -0.559477 -0.469632
0.555836 -0.575954 -0.505845
0.518442 -0.615944 -0.526492
0.506524 -0.659692 -0.559048
0.483271 -0.610721 -0.587160
0.535607 -0.577680 -0.595701
0.564488 -0.630104 -0.616333
0.523609 -0.639042 -0.650270
0.525852 -0.578030 -0.668990
0.586380 -0.580936 -0.679306
0.582555 -0.632245 -0.709754
0.541295 -0.605411 -0.738609
0.574463 -0.550190 -0.749668
0.623254 -0.580543 -0.767645
0.594212 -0.616818 -0.800080
0.571258 -0.564831 -0.822897
0.625136 -0.531987 -0.832925
0.650012 -0.572829 -0.864101
0.617105 -0.550211 -0.901087
0.653538 -0.485353 -0.898629
0.708597 -0.468068 -0.883626
0.704732 -0.400479 -0.878331
0.647429 -0.396698 -0.862902
0.658385 -0.432318 -0.823762
0.698963 -0.389552 -0.803949
0.660988 -0.336604 -0.801249
0.618407 -0.364728 -0.775049
0.653437 -0.377686 -0.738533
0.670462 -0.314970 -0.729036
0.613259 -0.289752 -0.723119
0.595333 -0.331097 -0.689076
0.639698 -0.308939 -0.659251
0.626839 -0.244059 -0.658477
0.570617 -0.253521 -0.641592
0.586200 -0.282322 -0.600813
0.619749 -0.230336 -0.586477
0.574223 -0.184970 -0.588373
0.536848 -0.216503 -0.557926
0.572981 -0.207238 -0.520075
0.565250 -0.137113 -0.521030
0.497511 -0.140478 -0.522320
0.468449 -0.153393 -0.480843
0.449041 -0.085214 -0.475351
0.402073 -0.082657 -0.507362
0.350779 -0.099330 -0.529207
0.318091 -0.129159 -0.562173
0.327305 -0.080909 -0.593774
0.389074 -0.089715 -0.597961
0.384307 -0.154639 -0.609521
0.351520 -0.142860 -0.648267
0.393020 -0.106389 -0.670325
0.436383 -0.152934 -0.672495
0.402313 -0.196289 -0.698255
0.388994 -0.155119 -0.734558
0.447799 -0.143232 -0.745784
0.461840 -0.206101 -0.754583
0.423364 -0.215782 -0.789522
0.443133 -0.166417 -0.817193
0.503059 -0.182042 -0.821304
0.492384 -0.244911 -0.839145
0.458695 -0.228063 -0.876723
0.497191 -0.184271 -0.896414
0.544760 -0.226424 -0.901618
0.516659 -0.270063 -0.930640
0.504982 -0.223627 -0.964849
0.561845 -0.190761 -0.970432
0.604967 -0.246747 -0.963348
0.575885 -0.307409 -0.976941
0.527996 -0.328519 -1.000000
0.479085 -0.361035 -0.980824
0.421902 -0.381227 -0.977214
0.372710 -0.384199 -0.949603
0.381263 -0.447680 -0.934432
0.434640 -0.430526 -0.911464
0.411647 -0.386799 -0.882381
0.375414 -0.428646 -0.858973
0.420039 -0.469161 -0.843256
0.448220 -0.420408 -0.819104
0.402373 -0.400326 -0.791934
0.396885 -0.459742 -0.770285
0.454669 -0.459917 -0.751610
0.447238 -0.402773 -0.728111
0.401472 -0.422397 -0.701623
0.428872 -0.473509 -0.681810
0.476901 -0.439332 -0.662482
0.446878 -0.391694 -0.638679
0.402454 -0.425194 -0.615498
0.438506 -0.463523 -0.589390
0.465545 -0.406859 -0.566891
0.412909 -0.369120 -0.554831
0.369305 -0.395015 -0.528252
0.388674 -0.370497 -0.486365
0.376055 -0.300373 -0.503705
0.318211 -0.302449 -0.532090
0.275870 -0.332518 -0.500307
0.260488 -0.292396 -0.465430
0.279235 -0.237656 -0.441111
0.276871 -0.189428 -0.407341
0.263011 -0.137353 -0.438820
0.197256 -0.161457 -0.445890
0.136508 -0.188685 -0.455174
0.131240 -0.254264 -0.462305
0.104381 -0.267987 -0.420737
0.054629 -0.229593 -0.426699
0.035742 -0.262153 -0.465339
0.029072 -0.322225 -0.445647
-0.013429 -0.303257 -0.414411
-0.055250 -0.279700 -0.444525
-0.064263 -0.335839 -0.469359
-0.078344 -0.377184 -0.434133
-0.128156 -0.342439 -0.421329
-0.157659 -0.345039 -0.462441
-0.163287 -0.410662 -0.465278
-0.194853 -0.418529 -0.425440
-0.244324 -0.382232 -0.439306
-0.252817 -0.424494 -0.480889
-0.276551 -0.486643 -0.475109
-0.332793 -0.471718 -0.496075
-0.323779 -0.477792 -0.541496
-0.343648 -0.502792 -0.586917
-0.354965 -0.505873 -0.631686
-0.406039 -0.465380 -0.631519
-0.375394 -0.406466 -0.623433
-0.340003 -0.414857 -0.665683
-0.347834 -0.460726 -0.699423
-0.325242 -0.523508 -0.704475
-0.313445 -0.582400 -0.731281
-0.317070 -0.633294 -0.692277
-0.321997 -0.701627 -0.675408
-0.317090 -0.745310 -0.638361
-0.344189 -0.800181 -0.657536
-0.288909 -0.816287 -0.678214
-0.232507 -0.842794 -0.675134
-0.205288 -0.800378 -0.705749
-0.214261 -0.744982 -0.679322
-0.184397 -0.765698 -0.641668
-0.129698 -0.771118 -0.663514
-0.125352 -0.706129 -0.675787
-0.126794 -0.681413 -0.632520
-0.076020 -0.712881 -0.617304
-0.038225 -0.684888 -0.648859
-0.046878 -0.621144 -0.636358
-0.027690 -0.630169 -0.592606
0.029212 -0.650361 -0.602922
0.049402 -0.595817 -0.625981
0.040929 -0.550190 -0.591286
0.080166 -0.583012 -0.561946
0.132382 -0.584148 -0.587645
0.152231 -0.522000 -0.585066
0.185219 -0.528643 -0.544879
0.232567 -0.568043 -0.564601
0.260768 -0.520645 -0.593000
0.306214 -0.474340 -0.612586
0.282580 -0.456770 -0.656338
0.244144 -0.432471 -0.687514
0.238195 -0.489921 -0.710482
0.210215 -0.524906 -0.676045
0.161825 -0.482906 -0.673936
0.143418 -0.493089 -0.717734
0.132322 -0.558406 -0.713592
0.084052 -0.549163 -0.685253
0.049882 -0.514155 -0.715671
0.048881 -0.561312 -0.749501
0.020319 -0.608055 -0.723180
-0.028952 -0.574074 -0.712773
-0.046437 -0.565311 -0.757041
-0.053367 -0.630519 -0.767782
-0.098573 -0.639544 -0.736090
-0.137790 -0.596058 -0.755175
-0.145040 -0.625318 -0.796136
-0.166011 -0.683468 -0.778204
-0.216364 -0.660807 -0.756465
-0.242802 -0.635742 -0.795165
-0.243703 -0.690570 -0.821623
-0.282099 -0.724878 -0.793906
-0.330830 -0.680976 -0.792495
-0.335416 -0.665483 -0.842240
-0.301227 -0.678769 -0.880470
-0.257704 -0.616118 -0.880758
-0.224375 -0.563148 -0.872733
-0.209354 -0.507665 -0.850220
-0.206249 -0.440971 -0.835595
-0.202303 -0.387607 -0.807742
-0.255140 -0.400916 -0.783499
-0.227961 -0.459152 -0.763701
-0.174864 -0.438917 -0.742113
-0.190506 -0.398031 -0.706477
-0.224536 -0.441059 -0.682219
-0.180231 -0.487233 -0.677941
-0.141555 -0.448904 -0.653486
-0.177988 -0.438961 -0.617835
-0.183656 -0.503884 -0.606502
-0.124330 -0.515532 -0.597764
-0.118642 -0.469794 -0.563888
-0.161765 -0.495624 -0.535048
-0.135086 -0.559499 -0.531498
-0.074037 -0.543678 -0.521592
-0.037304 -0.497416 -0.505738
0.021461 -0.480393 -0.510927
0.075900 -0.454476 -0.497182
0.090561 -0.393901 -0.513551
0.065926 -0.355113 -0.546745
0.103480 -0.302033 -0.540145
0.156056 -0.332518 -0.548186
0.142136 -0.350808 -0.592136
0.133443 -0.289468 -0.609324
0.187622 -0.262874 -0.597415
0.223454 -0.306513 -0.619913
0.202423 -0.291785 -0.662179
0.211336 -0.225528 -0.662072
0.275750 -0.228806 -0.653835
0.299504 -0.293773 -0.678548
0.284783 -0.296723 -0.724030
0.280316 -0.285382 -0.768358
0.249151 -0.250789 -0.801006
0.235231 -0.299695 -0.830816
0.189925 -0.328803 -0.801855
0.151369 -0.271615 -0.799049
0.140394 -0.255335 -0.845319
0.135426 -0.330900 -0.862826
0.090942 -0.387586 -0.854316
0.073436 -0.424735 -0.816525
0.099254 -0.390317 -0.781602
0.065946 -0.332823 -0.787489
0.010025 -0.360598 -0.780753
0.018397 -0.387105 -0.737941
0.036263 -0.330114 -0.717264
-0.015513 -0.296264 -0.724682
-0.052426 -0.339030 -0.702138
-0.025948 -0.329786 -0.660904
-0.038506 -0.264994 -0.657476
-0.099855 -0.272948 -0.660586
-0.107786 -0.312654 -0.623509
-0.086696 -0.268555 -0.591938
-0.125192 -0.218492 -0.601632
-0.174763 -0.255400 -0.590679
-0.162706 -0.267987 -0.545652
-0.162005 -0.203894 -0.531802
-0.223394 -0.189144 -0.553207
-0.272445 -0.223343 -0.541177
-0.342647 -0.216700 -0.543255
-0.400230 -0.219409 -0.558199
-0.389395 -0.208505 -0.603953
-0.357829 -0.265518 -0.613526
-0.413309 -0.304350 -0.600631
-0.470152 -0.282978 -0.591680
-0.482169 -0.249544 -0.545486
-0.486716 -0.219344 -0.504100
-0.469010 -0.200988 -0.462123
-0.495629 -0.253171 -0.439746
-0.462481 -0.302383 -0.458982
-0.407901 -0.279941 -0.446224
-0.419058 -0.281776 -0.399619
-0.431295 -0.348557 -0.398618
-0.373892 -0.366498 -0.413667
-0.338781 -0.332955 -0.381778
-0.368264 -0.364422 -0.343381
-0.406259 -0.421501 -0.346901
-0.467868 -0.423795 -0.354759
-0.449522 -0.457776 -0.402729
-0.452166 -0.503753 -0.445207
-0.467047 -0.534237 -0.484712
-0.481388 -0.594725 -0.462305
-0.543017 -0.580870 -0.450365
-0.577487 -0.596648 -0.490659
-0.574663 -0.669569 -0.477551
-0.620009 -0.694809 -0.448757
-0.657824 -0.732373 -0.487124
-0.612138 -0.791287 -0.501612
-0.597216 -0.859117 -0.495240
-0.558420 -0.912328 -0.496439
-0.530639 -0.965910 -0.474062
-0.464804 -0.950810 -0.484924
-0.430895 -0.930575 -0.449485
-0.383005 -0.941173 -0.421237
-0.360633 -0.939687 -0.377789
-0.337600 -0.876774 -0.380231
-0.392820 -0.845613 -0.380095
-0.412488 -0.869060 -0.339407
-0.365360 -0.842051 -0.314724
-0.374393 -0.777477 -0.324145
-0.430214 -0.773937 -0.303042
-0.410365 -0.790588 -0.260792
-0.371869 -0.738317 -0.257348
-0.413990 -0.689193 -0.261551
-0.446297 -0.706784 -0.223760
-0.400290 -0.701081 -0.193343
-0.389695 -0.635130 -0.202203
-0.444034 -0.612841 -0.187775
-0.440028 -0.636550 -0.144114
-0.388153 -0.602941 -0.133434
-0.410325 -0.540706 -0.138926
-0.455250 -0.545426 -0.107173
-0.416975 -0.559630 -0.071856
-0.382725 -0.503884 -0.073843
-0.428371 -0.460595 -0.066228
-0.444334 -0.484742 -0.024523
-0.390316 -0.476197 -0.003421
-0.386551 -0.409744 -0.009899
-0.438626 -0.395584 0.014465
-0.420680 -0.424647 0.055032
-0.369165 -0.388591 0.061798
-0.397627 -0.328584 0.063634
-0.432497 -0.344536 0.100195
-0.387352 -0.358478 0.130385
-0.361915 -0.298253 0.129626
-0.411367 -0.267244 0.146906
-0.419318 -0.302143 0.186365
-0.363197 -0.284595 0.204691
-0.374032 -0.218994 0.206617
-0.426188 -0.219125 0.230951
-0.399549 -0.250855 0.267801
-0.355205 -0.207085 0.278360
-0.395203 -0.154945 0.284231
-0.425086 -0.184598 0.319639
-0.377858 -0.191067 0.349283
-0.360933 -0.127345 0.351574
-0.415192 -0.106847 0.370188
-0.417135 -0.144871 0.408100
-0.364358 -0.121642 0.425409
-0.381083 -0.057592 0.428004
-0.429633 -0.065459 0.455827
-0.396265 -0.092032 0.491023
-0.357028 -0.040219 0.497440
-0.403115 0.004884 0.506193
-0.431976 -0.030561 0.541845
-0.368104 -0.055319 0.558927
-0.316709 -0.040656 0.578800
-0.263152 -0.057395 0.598007
-0.231245 -0.067120 0.636919
-0.173041 -0.067185 0.648616
-0.139232 -0.078964 0.683251
-0.088679 -0.093539 0.701774
-0.067067 -0.130601 0.734058
-0.069230 -0.154704 0.774791
-0.038526 -0.196574 0.800991
-0.043533 -0.256690 0.819484
-0.073597 -0.305967 0.837719
-0.061920 -0.366345 0.854255
-0.077763 -0.429542 0.855727
-0.116239 -0.483977 0.861552
-0.075960 -0.522743 0.888617
-0.110851 -0.518329 0.928743
-0.145321 -0.554342 0.956354
-0.211276 -0.563563 0.966776
-0.243643 -0.596233 1.000000
-0.311261 -0.565268 0.987863
-0.375114 -0.592059 0.969097
-0.434921 -0.598877 0.987135
-0.467668 -0.574883 0.941608
-0.487717 -0.629558 0.915969
-0.527635 -0.673612 0.899145
-0.545621 -0.730931 0.878983
-0.573281 -0.763666 0.843984
-0.620029 -0.790676 0.820500
-0.664974 -0.842204 0.815297
-0.713064 -0.877364 0.796106
-0.773692 -0.896857 0.787716
-0.821922 -0.940867 0.779994
-0.880507 -0.954154 0.765567
-0.938010 -0.980835 0.780768
-1.000000 -1.000000 0.776884
