0.182337 -1.000000 0.922143
0.091102 -0.958263 0.922401
0.014852 -0.894155 0.919641
-0.076217 -0.877920 0.953281
-0.160854 -0.830750 0.943271
-0.247580 -0.804033 0.975879
-0.344384 -0.801349 0.959962
-0.431806 -0.772139 0.984083
-0.529406 -0.787223 0.978021
-0.618088 -0.745486 0.978072
-0.720163 -0.756959 1.000000
-0.817166 -0.716085 0.950546
-0.858275 -0.655492 0.896114
-0.869613 -0.610207 0.825609
-0.896731 -0.531910 0.779922
-0.952990 -0.598543 0.724328
-1.000000 -0.681506 0.771873
-0.996950 -0.711419 0.849188
-0.922026 -0.783548 0.867478
-0.853899 -0.844588 0.901376
-0.733689 -0.827682 0.889845
-0.650676 -0.787926 0.860255
-0.589345 -0.698476 0.848414
-0.551485 -0.607076 0.808067
-0.515747 -0.522515 0.780928
-0.548236 -0.431242 0.735473
-0.536898 -0.342910 0.689837
-0.588218 -0.246876 0.673043
-0.519825 -0.181810 0.696648
-0.550723 -0.183024 0.784385
-0.597500 -0.280144 0.794549
-0.627901 -0.367422 0.831233
-0.660522 -0.470423 0.813097
-0.709024 -0.570771 0.815161
-0.695597 -0.664440 0.768958
-0.689365 -0.745646 0.725721
-0.664567 -0.786360 0.658055
-0.750298 -0.762743 0.619281
-0.739391 -0.663545 0.625214
-0.648853 -0.660382 0.587137
-0.684491 -0.700297 0.518851
-0.754906 -0.633057 0.506340
-0.690923 -0.556326 0.504947
-0.633636 -0.592119 0.442517
-0.726628 -0.605797 0.392160
-0.764753 -0.521012 0.368555
-0.758520 -0.531654 0.281670
-0.735413 -0.632003 0.252312
-0.828968 -0.662555 0.210856
-0.818061 -0.621744 0.135243
-0.797673 -0.604072 0.060250
-0.770057 -0.555495 -0.003315
-0.783251 -0.458982 -0.048564
-0.784346 -0.369116 -0.075316
-0.814547 -0.330446 -0.004398
-0.733822 -0.353584 0.039689
-0.662876 -0.309226 -0.006720
-0.701233 -0.218497 -0.001045
-0.697288 -0.210188 0.077586
-0.596108 -0.220798 0.081868
-0.567796 -0.145601 0.035665
-0.615104 -0.074942 0.078128
-0.565807 -0.092231 0.146723
-0.471357 -0.076252 0.118475
-0.488032 0.015244 0.094664
-0.515117 0.054520 0.163956
-0.427695 0.031127 0.200872
-0.364540 0.083091 0.155056
-0.407506 0.170017 0.168367
-0.389537 0.170752 0.246611
-0.287296 0.163817 0.242870
-0.271814 0.244639 0.198524
-0.315276 0.311048 0.247591
-0.246221 0.307149 0.307415
-0.166324 0.346266 0.255511
-0.203521 0.443866 0.242019
-0.153295 0.537215 0.261341
-0.113248 0.567831 0.173604
-0.066801 0.613595 0.105396
0.005934 0.651593 0.060069
-0.015316 0.747435 0.068634
0.010343 0.751142 0.146620
0.107214 0.725576 0.137462
0.127337 0.798185 0.077534
0.141427 0.884983 0.110142
0.246552 0.870634 0.119791
0.272875 0.882842 0.039483
0.296048 0.923908 -0.029190
0.293695 0.948803 -0.105679
0.323697 0.962002 -0.181524
0.356286 1.000000 -0.253215
0.384929 0.990860 -0.330298
0.392852 0.943818 -0.408438
0.460019 0.912051 -0.480955
0.442448 0.841712 -0.534536
0.482993 0.785561 -0.609633
0.531097 0.747979 -0.669896
0.620475 0.689911 -0.697086
0.556325 0.610910 -0.745250
0.531395 0.543830 -0.815935
0.496917 0.454955 -0.849162
0.501857 0.404685 -0.928515
0.446758 0.300981 -0.954003
0.345810 0.288773 -0.961923
0.248608 0.273625 -1.000000
0.193210 0.281359 -0.915694
0.184558 0.272411 -0.838869
0.201697 0.265380 -0.760496
0.196592 0.205395 -0.685787
0.310768 0.201687 -0.654262
0.394875 0.212713 -0.586492
0.507293 0.206769 -0.552259
0.600716 0.200729 -0.509642
0.695001 0.194017 -0.479691
0.774201 0.208782 -0.428844
0.818724 0.283724 -0.475280
0.755338 0.360583 -0.505953
0.744895 0.329424 -0.595367
0.676800 0.254930 -0.610097
0.589975 0.210604 -0.659835
0.489690 0.174555 -0.679028
0.406213 0.155891 -0.746024
0.301087 0.147167 -0.783972
0.218671 0.123166 -0.848904
0.158567 0.096066 -0.909012
0.234186 0.047554 -0.953823
0.312856 0.003324 -0.905091
0.385327 0.061487 -0.865337
0.489159 0.074143 -0.827570
0.563752 0.143492 -0.785675
0.661683 0.187083 -0.767487
0.714063 0.273241 -0.728404
0.752818 0.366943 -0.717569
0.726727 0.457224 -0.690069
0.813950 0.506024 -0.709933
0.806856 0.479339 -0.794497
0.738927 0.412962 -0.832729
0.758620 0.315682 -0.842790
0.760907 0.216260 -0.862577
0.779306 0.116807 -0.838250
0.669838 0.073344 -0.856334
0.595147 -0.002621 -0.898281
0.487270 -0.049024 -0.906716
0.404025 -0.114250 -0.930115
0.311961 -0.160589 -0.922324
0.218638 -0.204276 -0.937648
0.169905 -0.107763 -0.907464
0.112154 -0.033716 -0.872019
0.124022 -0.000128 -0.799270
0.191586 0.026941 -0.743212
0.174247 0.047394 -0.662208
0.281262 0.008437 -0.640512
0.380951 0.035058 -0.590930
0.489988 0.011249 -0.555819
0.579399 0.000959 -0.508636
0.656710 -0.030808 -0.463851
0.734253 -0.014765 -0.413985
0.809409 -0.021028 -0.470765
0.792501 -0.013007 -0.554220
0.766178 -0.109584 -0.594490
0.646068 -0.087565 -0.601326
0.533450 -0.109105 -0.624028
0.420833 -0.097920 -0.632567
0.320614 -0.127992 -0.683027
0.200670 -0.108050 -0.704567
0.086527 -0.135566 -0.736040
0.047374 -0.199706 -0.792717
0.095478 -0.282957 -0.758665
0.105026 -0.300310 -0.679724
0.215456 -0.265156 -0.662027
0.326217 -0.271612 -0.642060
0.433232 -0.242242 -0.665613
0.543496 -0.247292 -0.674720
0.643946 -0.191557 -0.689089
0.740320 -0.164233 -0.703020
0.834936 -0.107699 -0.706631
0.916556 -0.087789 -0.772441
1.000000 -0.070500 -0.825454
0.984717 -0.127481 -0.889355
0.966185 -0.120706 -0.968192
0.918645 -0.217826 -0.968914
0.825454 -0.212170 -0.924336
0.725467 -0.236586 -0.909425
0.645140 -0.223707 -0.864022
0.590638 -0.299223 -0.894978
0.651041 -0.372695 -0.862809
0.622464 -0.341184 -0.781392
0.533948 -0.372439 -0.756472
0.464527 -0.383944 -0.687644
0.385194 -0.421687 -0.647658
0.326515 -0.406219 -0.573387
0.221224 -0.384647 -0.594748
0.103070 -0.402800 -0.586286
-0.004940 -0.380141 -0.611284
-0.102639 -0.351411 -0.642860
-0.056988 -0.244351 -0.653282
0.003050 -0.166661 -0.640977
0.073730 -0.095746 -0.616443
0.098263 -0.012080 -0.565390
0.191818 -0.054872 -0.515266
0.304071 -0.048640 -0.480129
0.394145 -0.090537 -0.427735
0.463367 -0.105558 -0.372399
0.526953 -0.108721 -0.306977
0.628000 -0.124349 -0.286391
0.630056 -0.185549 -0.367188
0.624287 -0.252309 -0.428973
0.557121 -0.326228 -0.394095
0.462439 -0.255569 -0.394869
0.348097 -0.233198 -0.408413
0.258454 -0.176153 -0.425800
0.142587 -0.171679 -0.447418
0.050491 -0.142054 -0.497440
-0.063486 -0.155061 -0.527984
-0.156677 -0.185069 -0.557599
-0.172988 -0.252788 -0.492641
-0.139371 -0.223611 -0.415378
-0.022842 -0.232847 -0.407871
0.073498 -0.269662 -0.374850
0.191321 -0.300054 -0.376269
0.282091 -0.364386 -0.368401
0.386454 -0.393148 -0.404001
0.467279 -0.435333 -0.445355
0.543728 -0.433096 -0.500071
0.569487 -0.530824 -0.504611
0.466417 -0.570931 -0.515008
0.368850 -0.534467 -0.504534
0.319321 -0.529673 -0.431346
0.263493 -0.518871 -0.365769
0.252453 -0.480298 -0.287990
0.150544 -0.416030 -0.301379
0.044092 -0.376434 -0.285797
-0.040578 -0.300885 -0.289125
-0.146499 -0.285545 -0.255227
-0.223810 -0.192515 -0.267275
-0.263029 -0.161612 -0.335174
-0.342428 -0.137068 -0.392650
-0.254708 -0.100988 -0.453352
-0.170369 -0.054872 -0.473164
-0.068592 -0.026046 -0.471668
0.005636 0.055511 -0.479614
0.074592 0.045253 -0.401396
0.180149 0.057365 -0.355115
0.252520 0.048033 -0.279838
0.329731 0.044038 -0.220994
0.388675 0.062702 -0.159931
0.476959 0.095363 -0.122241
0.500166 0.012176 -0.079624
0.549960 -0.070819 -0.058883
0.461046 -0.103352 -0.016085
0.384896 -0.105749 -0.075832
0.301319 -0.157681 -0.106144
0.251260 -0.072705 -0.154772
0.157638 -0.026685 -0.200433
0.089743 0.020773 -0.260903
-0.014653 0.038509 -0.303030
-0.090837 0.061711 -0.372554
-0.204814 0.069381 -0.409522
-0.311099 0.058899 -0.419892
-0.329233 0.067016 -0.336670
-0.273538 0.133041 -0.291395
-0.177364 0.087277 -0.262167
-0.102142 0.058355 -0.202807
-0.020389 -0.016618 -0.180492
0.038755 -0.079863 -0.128742
0.119812 -0.158384 -0.122680
0.171264 -0.249720 -0.117030
0.239590 -0.315522 -0.145330
0.209985 -0.390464 -0.093477
0.101114 -0.393660 -0.104570
0.034346 -0.334058 -0.149019
-0.010377 -0.251478 -0.107072
-0.058414 -0.175674 -0.071111
-0.048104 -0.095523 -0.014227
-0.099125 -0.015308 -0.071033
-0.182071 0.063245 -0.094586
-0.227026 0.140360 -0.152476
-0.326084 0.202774 -0.167051
-0.324194 0.303282 -0.207296
-0.349755 0.297594 -0.285255
-0.404754 0.302259 -0.359939
-0.312260 0.248250 -0.404466
-0.217710 0.220830 -0.422911
-0.111093 0.196223 -0.420021
-0.015150 0.218338 -0.454642
0.041871 0.234892 -0.372399
0.135891 0.217826 -0.318431
0.203720 0.248570 -0.243438
0.268333 0.274360 -0.186425
0.329598 0.309450 -0.131657
0.420833 0.294973 -0.095721
0.382608 0.234796 -0.035691
0.285406 0.184078 -0.037651
0.196426 0.235307 -0.007623
0.166622 0.263047 -0.096237
0.098528 0.300725 -0.168058
0.055928 0.316161 -0.248675
-0.020057 0.349621 -0.313762
-0.083112 0.344093 -0.390715
-0.182535 0.370969 -0.437512
-0.274897 0.399987 -0.467695
-0.286699 0.478540 -0.413933
-0.200040 0.535330 -0.399461
-0.135990 0.485667 -0.338218
-0.079267 0.472852 -0.263792
-0.037661 0.413122 -0.191714
-0.018068 0.378288 -0.108130
0.024499 0.301684 -0.051556
0.036733 0.244767 0.019903
0.059740 0.162443 0.064016
0.035075 0.203062 0.138571
-0.063785 0.232239 0.114321
-0.122696 0.204116 0.052614
-0.123027 0.300662 -0.004089
-0.130984 0.396759 -0.021838
-0.076117 0.498130 -0.032595
-0.103401 0.522930 -0.124228
-0.122663 0.594132 -0.192333
-0.114242 0.623118 -0.275710
-0.174413 0.716468 -0.306977
-0.241248 0.776038 -0.369381
-0.299496 0.814547 -0.426419
-0.225633 0.793615 -0.485986
-0.242839 0.686012 -0.476466
-0.284346 0.605094 -0.531828
-0.199509 0.534051 -0.536265
-0.130586 0.464223 -0.518851
-0.050126 0.403343 -0.493854
0.037827 0.341887 -0.511989
0.118453 0.388322 -0.451107
0.198515 0.379342 -0.382202
0.284478 0.433991 -0.329447
0.373226 0.467067 -0.284430
0.452758 0.495030 -0.242844
0.513195 0.478157 -0.180776
0.438171 0.516347 -0.127117
0.337654 0.542233 -0.148116
0.308083 0.634176 -0.176003
0.279638 0.586782 -0.252518
0.210019 0.572401 -0.321346
0.188238 0.532262 -0.396984
0.113679 0.540155 -0.468779
0.054204 0.506472 -0.535594
-0.026488 0.528043 -0.600371
-0.097467 0.549775 -0.659035
-0.047175 0.645106 -0.672553
0.060569 0.646927 -0.663137
0.089909 0.654150 -0.580714
0.132874 0.685213 -0.502161
0.134962 0.681921 -0.416539
0.163307 0.718705 -0.335096
0.166225 0.698252 -0.247488
0.154953 0.691253 -0.168109
0.141195 0.628551 -0.108336
0.114441 0.701256 -0.051969
0.045253 0.764277 -0.097631
0.005105 0.754850 -0.174997
0.053541 0.808188 -0.235776
0.096207 0.851459 -0.300244
0.190890 0.875555 -0.341881
0.162412 0.833179 -0.427761
0.170965 0.834297 -0.518955
0.188006 0.783292 -0.596837
0.218340 0.788949 -0.682227
0.228087 0.713048 -0.756317
0.147494 0.658880 -0.783172
0.070515 0.613435 -0.837037
0.045286 0.534019 -0.768261
0.061000 0.475504 -0.708437
0.096638 0.430955 -0.645311
0.133769 0.333099 -0.619126
0.234816 0.369020 -0.576277
0.302215 0.377553 -0.498884
0.412512 0.398485 -0.462974
0.502254 0.403630 -0.420537
0.596141 0.385766 -0.396056
0.659495 0.359049 -0.336567
0.672192 0.467227 -0.319876
0.613811 0.546163 -0.348253
0.634001 0.596082 -0.420589
0.537959 0.543894 -0.460111
0.463599 0.514589 -0.527674
0.388112 0.460931 -0.578831
0.321410 0.452910 -0.651941
0.237435 0.412419 -0.700672
0.170899 0.409223 -0.779045
0.118651 0.425905 -0.848001
0.208560 0.463648 -0.886285
0.300557 0.411588 -0.872767
0.345246 0.448979 -0.795142
0.418247 0.497523 -0.739704
0.451432 0.550925 -0.664685
0.514454 0.613435 -0.614792
0.522146 0.665207 -0.534820
0.561729 0.764245 -0.492822
