-0.678035 0.082031 0.242070
-0.702053 0.062810 0.218906
-0.728931 0.111217 0.213054
-0.700449 0.143280 0.191974
-0.699510 0.129363 0.163579
-0.703914 0.119086 0.139841
-0.698648 0.093539 0.118164
-0.657573 0.087178 0.104769
-0.623537 0.056362 0.097949
-0.588092 0.019290 0.100537
-0.552845 0.047021 0.087071
-0.546171 0.096156 0.103046
-0.506292 0.105255 0.116764
-0.483197 0.146366 0.128995
-0.452051 0.165274 0.145017
-0.465611 0.217650 0.144065
-0.508169 0.204877 0.157098
-0.495123 0.202485 0.179908
-0.486118 0.217356 0.203324
-0.473859 0.225207 0.225843
-0.474873 0.217893 0.250564
-0.486164 0.263181 0.261867
-0.527843 0.250771 0.273831
-0.527631 0.190319 0.273642
-0.477734 0.174027 0.282679
-0.443848 0.144650 0.298969
-0.408389 0.123418 0.314181
-0.388835 0.088305 0.333734
-0.366512 0.034611 0.322605
-0.350833 -0.015737 0.318397
-0.362411 -0.072117 0.309587
-0.330493 -0.075185 0.285181
-0.310198 -0.100523 0.263582
-0.308760 -0.106572 0.238035
-0.295351 -0.099033 0.214359
-0.313861 -0.040972 0.214210
-0.319052 -0.027332 0.242943
-0.348972 -0.010104 0.262182
-0.378892 -0.013987 0.282947
-0.414397 0.013467 0.296987
-0.439656 0.046501 0.310429
-0.482365 0.081025 0.309037
-0.518657 0.126400 0.305686
-0.554903 0.161080 0.305411
-0.565860 0.209851 0.313190
-0.615561 0.199175 0.315337
-0.611293 0.145828 0.330337
-0.575758 0.109969 0.335386
-0.564029 0.071025 0.319710
-0.538225 0.030660 0.309320
-0.496924 0.012167 0.292621
-0.468562 0.003033 0.272438
-0.423584 0.018268 0.259342
-0.398461 0.018146 0.237948
-0.353830 0.037315 0.229382
-0.333671 0.055998 0.204771
-0.311046 0.067749 0.183778
-0.308897 0.087490 0.158545
-0.304160 0.077403 0.132345
-0.312635 0.069396 0.108631
-0.316131 0.014749 0.110464
-0.358658 0.014177 0.126824
-0.401276 0.030660 0.119383
-0.420799 -0.018424 0.113751
-0.418075 -0.041509 0.135838
-0.444802 -0.003501 0.146102
-0.483454 -0.012947 0.133549
-0.487283 -0.063971 0.141745
-0.492944 -0.052567 0.164980
-0.529841 -0.021301 0.162793
-0.558838 -0.056536 0.152505
-0.557309 -0.094371 0.170816
-0.571097 -0.062602 0.188623
-0.611641 -0.045652 0.178209
-0.631724 -0.098808 0.174984
-0.616121 -0.133228 0.197488
-0.620676 -0.113903 0.221076
-0.665791 -0.126781 0.228840
-0.656408 -0.170457 0.243124
-0.645496 -0.192121 0.264864
-0.602016 -0.213006 0.253836
-0.583961 -0.155673 0.251815
-0.571006 -0.104024 0.249432
-0.582099 -0.053901 0.243084
-0.582523 -0.006413 0.230523
-0.575198 0.053399 0.228651
-0.528660 0.067559 0.213187
-0.498967 0.111910 0.203151
-0.453156 0.145187 0.203945
-0.418574 0.189365 0.201869
-0.373504 0.210527 0.206816
-0.339740 0.246646 0.200500
-0.292476 0.264463 0.195254
-0.252991 0.285053 0.186877
-0.219665 0.280512 0.170399
-0.203638 0.225814 0.176880
-0.248526 0.194183 0.181387
-0.288632 0.163645 0.183117
-0.332899 0.147977 0.188954
-0.371734 0.126105 0.203694
-0.402078 0.085358 0.210733
-0.447193 0.068599 0.221777
-0.472028 0.026171 0.232057
-0.516825 0.015928 0.244437
-0.534881 -0.021526 0.265776
-0.539542 -0.053433 0.285723
-0.528842 -0.072481 0.308934
-0.506897 -0.115359 0.321810
-0.494169 -0.119866 0.346374
-0.477068 -0.175015 0.345171
-0.455502 -0.195553 0.323635
-0.446285 -0.250407 0.317681
-0.433860 -0.301414 0.318224
-0.391635 -0.291709 0.326891
-0.409917 -0.273476 0.348388
-0.432467 -0.316181 0.355679
-0.393830 -0.345783 0.356788
-0.368616 -0.316441 0.372960
-0.404605 -0.317151 0.390681
-0.402532 -0.374952 0.394236
-0.387065 -0.420725 0.402621
-0.364923 -0.441211 0.381140
-0.385688 -0.428143 0.360171
-0.438884 -0.441835 0.364363
-0.486375 -0.451073 0.360957
-0.529099 -0.471524 0.356710
-0.564180 -0.488578 0.342803
-0.590317 -0.442424 0.345997
-0.558671 -0.411141 0.334757
-0.556689 -0.436289 0.313646
-0.601108 -0.429131 0.308171
-0.601032 -0.376408 0.307841
-0.567222 -0.366858 0.292008
-0.583915 -0.395681 0.273485
-0.623461 -0.366685 0.271054
-0.602788 -0.319335 0.266272
-0.582024 -0.337013 0.246514
-0.620631 -0.352300 0.234574
-0.637687 -0.301761 0.233716
-0.602561 -0.282540 0.220243
-0.605678 -0.317793 0.201869
-0.648251 -0.306198 0.194373
-0.636476 -0.255312 0.187939
-0.604362 -0.270391 0.171052
-0.625837 -0.307532 0.156729
-0.660116 -0.274984 0.148147
-0.621993 -0.242261 0.137993
-0.577302 -0.261153 0.135153
-0.548244 -0.267011 0.156186
-0.503704 -0.271933 0.167795
-0.468608 -0.269039 0.185414
-0.424431 -0.296197 0.188962
-0.427851 -0.289646 0.217749
-0.434193 -0.327290 0.235486
-0.424340 -0.312645 0.263322
-0.421162 -0.287306 0.284740
-0.417439 -0.236837 0.274295
-0.462630 -0.237270 0.262017
-0.484363 -0.240355 0.286596
-0.515781 -0.210441 0.303617
-0.537453 -0.178637 0.324335
-0.566299 -0.158255 0.342536
-0.591679 -0.155031 0.363104
-0.622205 -0.195726 0.352541
-0.606042 -0.232538 0.336519
-0.593677 -0.221394 0.311475
-0.578860 -0.235121 0.287493
-0.542856 -0.213214 0.268042
-0.520004 -0.192572 0.246946
-0.474949 -0.176003 0.231947
-0.459739 -0.178550 0.208649
-0.482955 -0.187615 0.185564
-0.464673 -0.191428 0.161291
-0.432482 -0.147232 0.162895
-0.401760 -0.160266 0.179295
-0.391499 -0.208274 0.166820
-0.371991 -0.173680 0.147400
-0.341359 -0.145603 0.159167
-0.315329 -0.188464 0.165357
-0.303630 -0.194703 0.138087
-0.295291 -0.142466 0.126470
-0.272953 -0.101667 0.142169
-0.231485 -0.124164 0.148053
-0.185992 -0.109657 0.143444
-0.177501 -0.133817 0.170139
-0.182435 -0.185067 0.180695
-0.219105 -0.216801 0.181717
-0.240429 -0.265053 0.184132
-0.277115 -0.297445 0.183275
-0.295987 -0.294308 0.205754
-0.307973 -0.343825 0.218772
-0.308140 -0.398263 0.213612
-0.338484 -0.421054 0.229209
-0.376486 -0.404329 0.212487
-0.372839 -0.430171 0.190802
-0.381722 -0.462650 0.170588
-0.370039 -0.487313 0.150161
-0.384008 -0.446965 0.135177
-0.353467 -0.409286 0.142736
-0.316237 -0.440449 0.135138
-0.326573 -0.445943 0.111321
-0.315843 -0.395022 0.104667
-0.268231 -0.406097 0.103967
-0.276086 -0.447416 0.084688
-0.320610 -0.420049 0.072386
-0.350697 -0.388783 0.058708
-0.388639 -0.425370 0.061414
-0.402017 -0.416046 0.084554
-0.441639 -0.414226 0.101450
-0.471786 -0.392925 0.120130
-0.508275 -0.386097 0.139173
-0.528751 -0.389216 0.161212
-0.501600 -0.429564 0.170564
-0.470848 -0.402406 0.182771
-0.498165 -0.394000 0.202537
-0.499769 -0.447832 0.208822
-0.455108 -0.447780 0.214886
-0.455532 -0.407310 0.230609
-0.485709 -0.432996 0.245365
-0.455638 -0.472685 0.250651
-0.424038 -0.439911 0.260837
-0.452550 -0.419217 0.277842
-0.457968 -0.468266 0.288681
-0.411991 -0.469462 0.295005
-0.408964 -0.424815 0.307676
-0.439611 -0.441332 0.324972
-0.414110 -0.488041 0.331178
-0.362139 -0.469618 0.329550
-0.346293 -0.416600 0.321338
-0.341602 -0.438126 0.293785
-0.329570 -0.464037 0.273115
-0.301965 -0.490554 0.258485
-0.256699 -0.470259 0.259240
-0.235965 -0.434226 0.273595
-0.191380 -0.458109 0.271408
-0.187066 -0.441783 0.245924
-0.182692 -0.414884 0.225961
-0.206953 -0.405092 0.205762
-0.188549 -0.444175 0.191785
-0.207074 -0.484887 0.205723
-0.250706 -0.472287 0.200555
-0.248496 -0.476360 0.176778
-0.236495 -0.528493 0.176243
-0.273240 -0.549083 0.191384
-0.315995 -0.541093 0.182354
-0.311273 -0.577507 0.163847
-0.294141 -0.623107 0.178705
-0.323289 -0.632726 0.197519
-0.361654 -0.631616 0.210969
-0.385869 -0.610108 0.228148
-0.396630 -0.594613 0.250061
-0.401805 -0.604284 0.278078
-0.401624 -0.617578 0.300959
-0.379346 -0.640161 0.320686
-0.419876 -0.649659 0.335197
-0.456909 -0.674287 0.347523
-0.487253 -0.633315 0.354555
-0.518778 -0.632864 0.334670
-0.553072 -0.646522 0.318853
-0.575955 -0.655794 0.298340
-0.579996 -0.603435 0.293148
-0.534502 -0.591754 0.290175
-0.525679 -0.626434 0.272942
-0.557703 -0.608479 0.256998
-0.537196 -0.560002 0.254316
-0.496440 -0.576502 0.245774
-0.514722 -0.602413 0.226716
-0.533882 -0.558078 0.216672
-0.493912 -0.528978 0.214021
-0.461555 -0.570436 0.204771
-0.461979 -0.573711 0.180797
-0.436690 -0.570037 0.160087
-0.476856 -0.561007 0.147015
-0.509410 -0.526240 0.140368
-0.541373 -0.561233 0.132526
-0.544945 -0.579795 0.157940
-0.559958 -0.537488 0.170603
-0.592012 -0.505338 0.180026
-0.617362 -0.461541 0.187160
-0.643090 -0.433741 0.202309
-0.680320 -0.468682 0.200508
-0.654426 -0.508579 0.212605
-0.641138 -0.481871 0.233008
-0.684755 -0.471697 0.241173
-0.692337 -0.529550 0.243391
-0.665958 -0.548667 0.261655
-0.662568 -0.558598 0.285723
-0.635765 -0.514611 0.290765
-0.668833 -0.475805 0.281806
-0.711406 -0.494697 0.291819
-0.702779 -0.508458 0.316855
-0.715568 -0.465545 0.335599
-0.730808 -0.460085 0.358503
-0.695000 -0.421158 0.364465
-0.694940 -0.371053 0.357378
-0.699616 -0.348851 0.378969
-0.658421 -0.370793 0.387401
-0.630847 -0.347534 0.370805
-0.640653 -0.296457 0.376256
-0.626019 -0.301414 0.398877
-0.582069 -0.318001 0.395361
-0.570416 -0.274793 0.382564
-0.578603 -0.239176 0.399813
-0.550983 -0.259870 0.416716
-0.512860 -0.250303 0.402707
-0.515978 -0.198326 0.399467
-0.516114 -0.183542 0.422772
-0.473678 -0.205761 0.427846
-0.448873 -0.179868 0.410652
-0.458877 -0.130906 0.420137
-0.439792 -0.136279 0.441925
-0.395616 -0.149832 0.434209
-0.390122 -0.095567 0.427004
-0.399823 -0.064162 0.445952
-0.368223 -0.085462 0.461746
-0.329585 -0.060713 0.447289
-0.340557 -0.003761 0.448359
-0.340799 0.007089 0.474339
-0.290372 -0.000919 0.482149
-0.267626 0.054057 0.474307
-0.270017 0.108305 0.484186
-0.268443 0.145447 0.504495
-0.243910 0.202693 0.507335
-0.271137 0.253302 0.518378
-0.261935 0.284533 0.540386
-0.278462 0.342074 0.547158
-0.293581 0.359804 0.569551
-0.307474 0.392544 0.589490
-0.320187 0.394849 0.618105
-0.333142 0.410170 0.644863
-0.350637 0.399113 0.670474
-0.380481 0.398333 0.693551
-0.413686 0.367188 0.712185
-0.435555 0.347482 0.735970
-0.475736 0.317359 0.745967
-0.500072 0.279264 0.767377
-0.519065 0.239818 0.785051
-0.529039 0.184842 0.801718
-0.540813 0.162120 0.826007
-0.530522 0.121564 0.849021
-0.525921 0.103487 0.876818
-0.539542 0.071250 0.899762
-0.531551 0.031284 0.922595
-0.524271 0.001283 0.946790
-0.487041 -0.032635 0.963693
-0.459119 -0.063035 0.983183
-0.429183 -0.106347 0.993841
-0.402184 -0.160370 0.996634
-0.366861 -0.201185 1.000000
-0.328147 -0.234445 0.985339
-0.296078 -0.256837 0.971362
-0.324016 -0.266508 0.952484
-0.327164 -0.211740 0.946892
-0.281564 -0.206524 0.941897
-0.279309 -0.245225 0.924955
-0.312544 -0.225744 0.910325
-0.291114 -0.178862 0.906841
-0.252158 -0.199383 0.897709
-0.273604 -0.225848 0.879209
-0.289797 -0.179902 0.869511
-0.248859 -0.155066 0.866915
-0.228958 -0.193230 0.853347
-0.261905 -0.191393 0.835603
-0.256472 -0.139866 0.830356
-0.210721 -0.141253 0.825527
-0.214701 -0.179833 0.808002
-0.244561 -0.149988 0.793774
-0.216200 -0.106208 0.792146
-0.180392 -0.133384 0.782329
-0.203805 -0.149537 0.762768
-0.213778 -0.099709 0.755280
-0.169102 -0.084232 0.752936
-0.157827 -0.121859 0.736520
-0.188746 -0.105862 0.719964
-0.174323 -0.055357 0.717478
-0.130888 -0.068027 0.710053
-0.144221 -0.098409 0.690625
-0.169163 -0.058737 0.679967
-0.133748 -0.024230 0.678080
-0.107082 -0.055375 0.664008
-0.138031 -0.058217 0.646035
-0.140347 -0.005893 0.641135
-0.095232 0.000780 0.636298
-0.094944 -0.036500 0.617806
-0.128346 -0.011075 0.604159
-0.105569 0.035270 0.601981
-0.068611 0.014351 0.591079
-0.093098 -0.003882 0.572249
-0.110124 0.043572 0.565013
-0.069307 0.066449 0.560395
-0.053855 0.030677 0.543972
-0.090495 0.038372 0.528666
-0.084638 0.090679 0.525103
-0.041309 0.085393 0.515680
-0.053053 0.054005 0.497393
-0.083215 0.087733 0.487042
-0.054082 0.129259 0.483872
-0.026235 0.100090 0.468471
-0.058456 0.089240 0.451780
-0.070715 0.140646 0.447045
-0.028551 0.154927 0.439038
-0.029792 0.118358 0.420499
-0.067809 0.137890 0.409715
-0.051191 0.187944 0.406121
-0.014930 0.174287 0.392592
-0.039583 0.148255 0.375532
-0.065841 0.188273 0.367942
-0.030473 0.219418 0.360572
-0.013659 0.184287 0.344070
-0.054733 0.179573 0.331359
-0.057866 0.231689 0.325570
-0.017503 0.233873 0.313803
-0.027476 0.195501 0.297938
-0.064933 0.218846 0.288641
-0.043397 0.262141 0.280013
-0.013976 0.234012 0.265611
-0.047665 0.208257 0.252499
-0.068581 0.253440 0.244445
-0.030896 0.275018 0.233952
-0.023254 0.233908 0.219008
-0.064600 0.236317 0.207611
-0.057941 0.286318 0.198927
-0.019258 0.274862 0.186437
-0.037313 0.235311 0.172680
-0.069791 0.267982 0.162187
-0.038887 0.301934 0.152222
-0.014097 0.266803 0.140030
-0.048619 0.248379 0.126171
-0.056700 0.295625 0.115340
-0.014158 0.300305 0.105453
-0.014188 0.253458 0.093686
-0.051888 0.267774 0.079654
-0.032622 0.312385 0.069704
0.005305 0.286370 0.060793
-0.017094 0.250511 0.047555
-0.038524 0.286682 0.033507
0.000976 0.309005 0.024973
0.018683 0.263857 0.015432
-0.017366 0.253042 0.000826
-0.013840 0.299300 -0.011798
0.032032 0.294447 -0.018453
0.025191 0.245884 -0.029378
-0.005955 0.262591 -0.045132
0.023087 0.297809 -0.055240
0.055747 0.263198 -0.061996
0.025857 0.234670 -0.076193
0.013568 0.274672 -0.090760
0.059334 0.283823 -0.097997
0.069322 0.235259 -0.106303
0.033348 0.232937 -0.122144
0.047287 0.275313 -0.134501
0.090086 0.256369 -0.140321
0.073878 0.214427 -0.152701
0.049148 0.243093 -0.168881
0.087196 0.270391 -0.176951
0.113060 0.226178 -0.183668
0.079553 0.205380 -0.198534
0.077691 0.246213 -0.213203
0.124623 0.242175 -0.218213
0.117827 0.194721 -0.229925
0.085259 0.206316 -0.246278
0.109882 0.244965 -0.257352
0.146159 0.212382 -0.264038
0.119765 0.175864 -0.276104
0.103238 0.212555 -0.291788
0.145235 0.227928 -0.300109
0.157857 0.178984 -0.308337
0.122307 0.171063 -0.323092
0.129950 0.215605 -0.335890
0.171735 0.202399 -0.344329
0.158781 0.158515 -0.355900
0.128588 0.184582 -0.370545
0.161520 0.218118 -0.380047
0.189185 0.176193 -0.388715
0.156238 0.154234 -0.402715
0.146189 0.197234 -0.415882
0.189367 0.200302 -0.425313
0.188625 0.152674 -0.435986
0.151017 0.164477 -0.450026
0.171554 0.205986 -0.461510
0.207165 0.177684 -0.470807
0.180301 0.142310 -0.482613
0.158432 0.179001 -0.496000
0.197494 0.200042 -0.506351
0.209571 0.154321 -0.516938
0.169571 0.146487 -0.529287
0.176366 0.192589 -0.541825
0.219211 0.181722 -0.551405
0.203744 0.138514 -0.563565
0.170979 0.164044 -0.576189
0.200884 0.198742 -0.586438
0.227293 0.161843 -0.597340
0.192378 0.139780 -0.610137
0.181785 0.186280 -0.621487
0.224342 0.193560 -0.631775
0.225114 0.148619 -0.643825
0.184312 0.157631 -0.655757
0.200339 0.203248 -0.666171
0.236828 0.179920 -0.677592
0.210085 0.148185 -0.690704
0.184115 0.190648 -0.700512
0.224024 0.213959 -0.710950
0.237675 0.170855 -0.723236
0.197736 0.168030 -0.735695
0.202715 0.219401 -0.744999
0.244198 0.207685 -0.755870
0.227142 0.167319 -0.769139
0.194361 0.197806 -0.780056
0.224826 0.232157 -0.789518
0.249525 0.195743 -0.801513
0.212492 0.177996 -0.814436
0.203744 0.226212 -0.824426
0.247361 0.231932 -0.834022
0.244153 0.186679 -0.847409
0.205424 0.204721 -0.858971
0.227354 0.248951 -0.867938
0.259771 0.220666 -0.880098
0.229412 0.192260 -0.892927
0.207649 0.235918 -0.902255
0.247134 0.256647 -0.912465
0.255927 0.213075 -0.926442
0.214035 0.213474 -0.937493
0.221118 0.268536 -0.943675
0.260104 0.249645 -0.959791
0.233241 0.213924 -0.974555
0.205409 0.253406 -0.972950
0.217441 0.304274 -0.976561
0.208421 0.286076 -1.000000
0.159235 0.311241 -0.996107
0.148187 0.359215 -0.983136
0.128300 0.376027 -0.957141
0.116465 0.397293 -0.934378
0.111653 0.375854 -0.906833
0.101119 0.363808 -0.881750
0.076617 0.345073 -0.859530
0.078630 0.350740 -0.830490
0.045728 0.332074 -0.811778
0.031789 0.303251 -0.789432
0.005123 0.258900 -0.777083
0.000598 0.211359 -0.756861
-0.020802 0.156626 -0.746989
-0.032137 0.106971 -0.730354
-0.030896 0.057801 -0.710352
-0.052478 0.008718 -0.693630
-0.067294 -0.033069 -0.673879
-0.077767 -0.088859 -0.658321
-0.076617 -0.128982 -0.635047
-0.065054 -0.184478 -0.625569
-0.049345 -0.230961 -0.603727
-0.035830 -0.274966 -0.583764
-0.017382 -0.317290 -0.563730
0.009936 -0.346840 -0.545018
0.029625 -0.389095 -0.526644
0.042565 -0.412718 -0.498588
0.063359 -0.436410 -0.476179
0.067748 -0.453967 -0.446455
0.075255 -0.457901 -0.419296
0.052523 -0.460831 -0.391294
0.030594 -0.455232 -0.367132
-0.009255 -0.438819 -0.347586
-0.055399 -0.414087 -0.337604
-0.099939 -0.383999 -0.324807
-0.136624 -0.352803 -0.310689
-0.172280 -0.300582 -0.307904
-0.172764 -0.234913 -0.312521
-0.177078 -0.195553 -0.335921
-0.221966 -0.159711 -0.345006
-0.257455 -0.120784 -0.342851
-0.272635 -0.062775 -0.351259
-0.287709 -0.020365 -0.366101
-0.314754 0.034993 -0.358991
-0.327769 0.087265 -0.350991
-0.315389 0.150577 -0.350897
-0.316131 0.204374 -0.358031
-0.348821 0.245433 -0.353815
-0.373020 0.294048 -0.338784
-0.401079 0.338608 -0.335897
-0.452233 0.352387 -0.331477
-0.500208 0.350584 -0.321567
-0.545974 0.355125 -0.317500
-0.594540 0.348296 -0.302469
-0.639443 0.340566 -0.291001
-0.684134 0.348036 -0.271864
-0.722302 0.347880 -0.251784
-0.746109 0.337967 -0.227802
-0.771549 0.357829 -0.201782
-0.785200 0.372769 -0.176149
-0.798851 0.372543 -0.150153
-0.800985 0.395820 -0.121522
-0.810474 0.399321 -0.093773
-0.824156 0.406028 -0.068060
-0.834992 0.383722 -0.039925
-0.852593 0.366737 -0.013371
-0.879865 0.344119 0.008652
-0.890065 0.288260 0.025382
-0.906001 0.254740 0.046116
-0.931760 0.195327 0.052274
-0.953296 0.135845 0.056372
-0.972592 0.082083 0.051260
-0.983367 0.016430 0.051645
-0.984366 -0.042116 0.043080
-0.998426 -0.099640 0.031258
-1.000000 -0.143003 0.012585
-0.993795 -0.204444 0.000842
-0.991782 -0.250719 -0.014874
-0.972501 -0.295695 -0.034797
-0.972577 -0.337776 -0.056561
-0.950632 -0.387466 -0.072961
-0.919002 -0.440397 -0.080158
-0.875188 -0.478110 -0.090178
-0.850171 -0.530504 -0.102040
-0.802559 -0.568408 -0.107632
-0.762423 -0.615983 -0.110243
-0.718277 -0.653783 -0.114341
-0.669227 -0.675795 -0.115608
-0.625262 -0.711688 -0.104399
-0.586639 -0.753423 -0.100529
-0.530764 -0.761898 -0.089533
-0.479868 -0.766283 -0.080740
-0.429410 -0.787913 -0.079151
-0.372309 -0.774030 -0.075250
-0.323289 -0.756023 -0.071372
-0.275011 -0.744913 -0.074888
-0.235390 -0.695830 -0.080071
-0.204743 -0.649347 -0.084554
-0.192121 -0.589466 -0.094607
-0.195435 -0.531232 -0.102543
-0.216275 -0.478127 -0.110117
-0.249949 -0.431679 -0.113688
-0.294686 -0.399095 -0.112280
-0.337697 -0.375420 -0.119776
-0.393769 -0.376218 -0.114137
-0.445286 -0.354206 -0.104785
-0.491400 -0.337412 -0.098484
-0.534684 -0.305401 -0.087614
-0.584627 -0.280044 -0.089297
-0.620918 -0.243700 -0.073433
-0.649462 -0.188377 -0.078081
-0.687191 -0.146331 -0.081857
-0.706669 -0.084925 -0.087795
-0.711073 -0.027696 -0.094339
-0.728008 0.026760 -0.099090
-0.719972 0.089483 -0.109866
-0.717974 0.146695 -0.117511
-0.706018 0.209869 -0.112752
-0.714160 0.263649 -0.124110
-0.698269 0.327221 -0.129419
-0.696786 0.383167 -0.136876
-0.684361 0.443915 -0.147243
-0.671028 0.508770 -0.147605
-0.650294 0.557645 -0.164877
-0.622296 0.609605 -0.166387
-0.590347 0.652952 -0.181993
-0.545868 0.681930 -0.191203
-0.497227 0.702416 -0.199092
-0.447117 0.722937 -0.201499
-0.396554 0.732122 -0.199541
-0.352922 0.742175 -0.185218
-0.316403 0.739055 -0.166285
-0.287618 0.744116 -0.146480
-0.269003 0.738136 -0.120649
-0.246665 0.761136 -0.101827
-0.251250 0.772817 -0.074384
-0.253082 0.793996 -0.051960
-0.261496 0.801778 -0.024116
-0.265840 0.837152 -0.005325
-0.248148 0.861919 0.020474
-0.203865 0.880828 0.036465
-0.166423 0.931193 0.033043
-0.133900 0.970883 0.023093
-0.090994 0.988630 0.010288
-0.056958 0.999601 -0.013308
-0.025372 1.000000 -0.037102
0.021861 0.978855 -0.052164
0.054022 0.961628 -0.073731
0.103586 0.945856 -0.088055
0.142950 0.925162 -0.101481
0.183041 0.879944 -0.101937
0.231077 0.870533 -0.108765
0.273437 0.825505 -0.112225
0.315889 0.792107 -0.110880
0.354420 0.768692 -0.096329
0.403364 0.736629 -0.090296
0.443621 0.718153 -0.076933
0.479656 0.699868 -0.058142
0.515645 0.698863 -0.038258
0.528933 0.715935 -0.013419
0.552739 0.708898 0.013741
0.581918 0.722954 0.033130
0.575713 0.734237 0.062208
0.578119 0.748969 0.089415
0.568569 0.761240 0.118132
0.578861 0.785105 0.142004
0.562879 0.785989 0.171319
0.536530 0.786752 0.194286
0.530386 0.788381 0.224404
0.510378 0.780044 0.249322
0.473118 0.773666 0.267491
0.456470 0.766890 0.295634
0.415018 0.773320 0.309367
0.381359 0.773129 0.333506
0.342767 0.785556 0.349458
0.303766 0.784828 0.372323
0.259847 0.783060 0.385977
0.222420 0.754532 0.403895
0.199007 0.745034 0.426587
0.162806 0.705224 0.442145
0.120642 0.679140 0.451293
0.084124 0.637232 0.465333
0.043518 0.607837 0.474331
-0.006485 0.602621 0.478248
-0.059349 0.576588 0.478413
-0.108550 0.568373 0.477949
-0.160021 0.566224 0.465160
-0.213687 0.560210 0.468683
-0.261163 0.568269 0.453023
-0.305264 0.590627 0.445905
-0.347973 0.601858 0.426092
-0.385824 0.616278 0.410581
-0.414609 0.617214 0.384727
-0.449766 0.629225 0.366266
-0.468895 0.637786 0.337927
-0.486360 0.639520 0.312096
-0.507245 0.641391 0.289672
-0.505414 0.649399 0.260168
-0.528570 0.663853 0.237791
-0.538740 0.656487 0.210018
-0.557960 0.664044 0.184730
-0.561819 0.657042 0.155108
-0.566329 0.651357 0.129946
-0.574910 0.638133 0.102991
-0.556129 0.605186 0.079481
-0.564392 0.588825 0.054925
-0.539633 0.546587 0.036976
-0.542402 0.516118 0.012380
-0.523484 0.472703 -0.005309
-0.509954 0.435232 -0.023015
-0.484257 0.381798 -0.032264
-0.476705 0.325211 -0.038164
-0.465324 0.276751 -0.047358
-0.440413 0.229089 -0.055987
-0.450734 0.183247 -0.069995
-0.401155 0.159642 -0.074188
-0.384704 0.120888 -0.057576
-0.413247 0.072775 -0.061603
-0.389804 0.053139 -0.086584
-0.343100 0.022080 -0.081487
-0.348427 -0.026327 -0.066267
-0.362623 -0.065531 -0.087646
-0.312060 -0.090662 -0.096589
-0.286619 -0.130195 -0.078144
-0.280520 -0.193664 -0.079434
-0.238129 -0.221758 -0.077318
-0.210131 -0.247114 -0.053596
-0.191501 -0.266127 -0.030495
-0.187641 -0.285850 -0.007472
-0.169284 -0.267895 0.019916
-0.152999 -0.234740 0.043402
-0.131932 -0.214496 0.063955
-0.100801 -0.185552 0.081707
-0.091009 -0.164408 0.105131
-0.055535 -0.134528 0.121790
-0.056352 -0.093261 0.139566
-0.062043 -0.078252 0.168259
-0.059334 -0.081667 0.196693
-0.054476 -0.048737 0.221777
-0.074332 -0.059725 0.245499
-0.064903 -0.046847 0.271078
-0.078100 -0.071129 0.295437
-0.074513 -0.102326 0.321496
-0.083336 -0.122205 0.349741
-0.086984 -0.165257 0.372732
-0.065523 -0.183091 0.399034
-0.070972 -0.188689 0.425824
-0.083730 -0.219574 0.450868
-0.078039 -0.253614 0.476565
-0.085455 -0.297688 0.496126
-0.082050 -0.349873 0.512125
-0.080022 -0.407553 0.523726
-0.074559 -0.463569 0.530499
-0.053235 -0.525252 0.532536
-0.042550 -0.580315 0.533676
-0.014340 -0.637353 0.527541
0.007862 -0.687528 0.519841
0.023844 -0.732348 0.501176
0.064676 -0.773510 0.492131
0.097775 -0.805990 0.476274
0.119613 -0.836736 0.455627
0.165364 -0.852040 0.438181
0.200173 -0.852040 0.417723
0.237554 -0.864345 0.396785
0.250721 -0.876945 0.368209
0.278674 -0.883445 0.344408
0.278507 -0.898073 0.314991
0.280081 -0.923273 0.291654
0.256078 -0.947052 0.266398
0.223207 -0.963361 0.247465
0.179605 -0.983743 0.232710
0.131085 -1.000000 0.225552
0.081036 -0.997366 0.228855
0.025675 -0.992703 0.220392
-0.018683 -0.967798 0.220361
-0.068172 -0.937745 0.215767
-0.102284 -0.901799 0.198951
-0.137729 -0.876339 0.178854
-0.151940 -0.860290 0.151207
-0.148308 -0.835384 0.123866
-0.151925 -0.840462 0.096573
-0.134339 -0.821138 0.070231
-0.124653 -0.825904 0.043253
-0.120824 -0.796215 0.020002
-0.092765 -0.793684 -0.005380
-0.069141 -0.809768 -0.030739
-0.072924 -0.767670 -0.053273
-0.047014 -0.760616 -0.079544
-0.032909 -0.750286 -0.104352
-0.001657 -0.723561 -0.124032
0.018381 -0.712243 -0.147392
0.058804 -0.688949 -0.163501
0.091131 -0.692537 -0.184431
0.140786 -0.673836 -0.193170
0.182935 -0.675049 -0.206596
0.239370 -0.661427 -0.208547
0.289237 -0.670075 -0.203993
0.343024 -0.664841 -0.205047
0.398975 -0.650889 -0.199006
0.441366 -0.630732 -0.187184
0.486300 -0.638445 -0.169156
0.531339 -0.655534 -0.154424
0.565149 -0.639416 -0.131496
0.607797 -0.641218 -0.117448
0.638217 -0.651530 -0.092239
0.653033 -0.649988 -0.064930
0.669560 -0.682051 -0.040043
0.679140 -0.676124 -0.015031
0.682863 -0.682017 0.013969
0.677112 -0.702607 0.038612
0.676189 -0.680613 0.065536
0.664777 -0.684443 0.095322
0.660812 -0.662276 0.120744
0.669863 -0.628635 0.142240
0.663900 -0.607456 0.169966
0.684452 -0.572186 0.186995
0.694017 -0.529429 0.208971
0.716007 -0.483275 0.218056
0.730793 -0.427571 0.231719
0.743990 -0.373860 0.229500
0.748364 -0.311467 0.237004
0.759548 -0.255936 0.240638
0.751179 -0.195501 0.235651
0.759624 -0.137024 0.237114
0.742280 -0.079050 0.231097
0.741962 -0.015183 0.235219
0.739873 0.029030 0.219849
0.718474 0.086017 0.212833
0.707395 0.146002 0.208704
0.691277 0.190492 0.190377
0.674115 0.241551 0.178414
0.672254 0.276647 0.158530
0.660267 0.300184 0.133093
0.644604 0.332559 0.112288
0.619102 0.341710 0.090422
0.643741 0.383653 0.074062
0.659874 0.350671 0.051559
0.640987 0.350445 0.025020
0.636961 0.347187 -0.001125
0.644846 0.336649 -0.024163
0.679443 0.301986 -0.041837
0.704036 0.278242 -0.063262
0.755689 0.254913 -0.069280
0.799442 0.233804 -0.076563
0.848325 0.205206 -0.066833
0.889097 0.175639 -0.059542
0.926690 0.150560 -0.048758
0.944790 0.122673 -0.023652
0.978101 0.103331 -0.007787
0.996459 0.060834 0.013686
1.000000 0.029238 0.035906
0.992342 -0.022081 0.053446
0.994764 -0.087611 0.057379
0.982671 -0.145932 0.055633
0.981264 -0.208707 0.048782
0.948468 -0.260442 0.044873
0.935498 -0.307151 0.031092
0.903292 -0.331467 0.008888
0.864110 -0.331294 -0.013246
0.826078 -0.315904 -0.028528
0.802332 -0.289889 -0.050339
0.772140 -0.278641 -0.071010
0.740085 -0.250078 -0.088015
0.695470 -0.211723 -0.096345
0.661191 -0.169382 -0.093049
0.636371 -0.117612 -0.094025
0.606420 -0.070210 -0.097187
0.593843 -0.014593 -0.095794
0.547896 -0.006655 -0.084413
0.557718 0.016777 -0.061784
0.550650 0.050279 -0.043449
0.549016 0.061805 -0.019286
0.534820 0.070488 0.003130
0.510257 0.099518 0.020207
0.510469 0.117248 0.042348
0.478536 0.139710 0.058779
0.496334 0.187545 0.071922
0.461994 0.217685 0.090587
0.467034 0.259021 0.111777
0.454654 0.304603 0.122458
0.438476 0.323495 0.144277
0.390500 0.352837 0.150192
0.359400 0.334206 0.170037
0.333338 0.322975 0.190849
0.315026 0.293199 0.209868
0.276267 0.271846 0.200492
0.301526 0.231654 0.186437
0.302737 0.183525 0.202860
0.291750 0.133020 0.211425
0.277796 0.096000 0.227864
0.304356 0.066328 0.245530
0.297062 0.019082 0.260845
0.301103 -0.020417 0.281893
0.303736 -0.061319 0.298159
0.318023 -0.085462 0.319207
0.331583 -0.133783 0.309170
0.357296 -0.183525 0.305214
0.381889 -0.228344 0.295012
0.410311 -0.275971 0.293785
0.403440 -0.270547 0.265359
0.383887 -0.265468 0.243745
0.358022 -0.251135 0.223491
0.334307 -0.268969 0.202223
0.283063 -0.247201 0.208964
0.232908 -0.221515 0.204818
0.181119 -0.204305 0.211630
0.133900 -0.192156 0.214721
0.092493 -0.191740 0.232757
0.081430 -0.141513 0.234880
0.115194 -0.127127 0.252318
0.149851 -0.168758 0.250155
0.191274 -0.205172 0.249267
0.218500 -0.243683 0.239364
0.262586 -0.276526 0.243949
0.304705 -0.302818 0.235014
0.342873 -0.344102 0.240630
0.362759 -0.387691 0.250572
0.325892 -0.394450 0.269615
0.279037 -0.364553 0.258918
0.237433 -0.336268 0.267695
0.215973 -0.280651 0.272950
0.197691 -0.231724 0.284842
0.186173 -0.177562 0.285165
0.164486 -0.136053 0.295768
0.135292 -0.084769 0.293085
0.109065 -0.068460 0.313229
0.152046 -0.062429 0.332806
0.192590 -0.099466 0.335795
0.215958 -0.136989 0.323124
0.210464 -0.189903 0.321228
0.221693 -0.249055 0.318672
0.207422 -0.300790 0.308227
0.206120 -0.353374 0.302343
0.193952 -0.395404 0.284748
0.242896 -0.418975 0.278314
0.282654 -0.454470 0.281924
0.314194 -0.472581 0.265171
0.310047 -0.432320 0.243155
0.313482 -0.408177 0.221344
0.308049 -0.359874 0.204582
0.310834 -0.334102 0.181474
0.256653 -0.326805 0.177478
0.209223 -0.291847 0.176424
0.153968 -0.286197 0.176361
0.108066 -0.263597 0.177478
0.059833 -0.275226 0.174056
0.020030 -0.256699 0.182370
-0.006894 -0.281587 0.164185
0.009376 -0.333790 0.176495
0.035179 -0.345367 0.196332
0.089012 -0.342802 0.189402
0.138228 -0.363219 0.186570
0.181179 -0.366183 0.174709
0.228655 -0.400361 0.172876
0.272877 -0.416271 0.182213
0.282851 -0.466879 0.200390
0.325786 -0.497435 0.206218
0.357704 -0.531648 0.195010
0.330221 -0.520885 0.171154
0.298757 -0.487244 0.163579
0.250675 -0.485303 0.164036
0.204183 -0.475025 0.161904
0.168587 -0.446601 0.179295
0.122882 -0.441991 0.191471
0.096412 -0.413030 0.209200
0.063738 -0.391695 0.224789
0.044714 -0.352993 0.238459
0.024010 -0.388055 0.253711
0.063571 -0.405941 0.263991
0.077616 -0.358591 0.271707
0.040038 -0.348764 0.285652
0.043458 -0.389840 0.300691
0.086273 -0.376963 0.308958
0.071396 -0.330133 0.319168
0.033015 -0.345125 0.333451
0.048180 -0.398107 0.344841
0.080416 -0.436064 0.345202
0.068339 -0.488370 0.337172
0.072773 -0.540816 0.332216
0.043170 -0.540313 0.312828
0.073590 -0.512947 0.297765
0.106643 -0.552220 0.295815
0.080628 -0.589362 0.283670
0.075482 -0.556016 0.262001
0.084396 -0.537159 0.239081
0.092780 -0.485961 0.228785
0.110881 -0.516205 0.204732
0.133794 -0.520815 0.179460
0.145356 -0.527037 0.154345
0.161368 -0.531370 0.129805
0.177032 -0.581233 0.131638
0.228080 -0.592482 0.132817
0.260240 -0.553676 0.134508
0.313286 -0.539672 0.133462
0.330993 -0.489861 0.128680
0.321019 -0.438195 0.130261
0.332748 -0.384849 0.124315
