-1.000000 0.503351 -0.601641
-0.963579 0.538334 -0.649390
-0.941124 0.559334 -0.718951
-0.882870 0.581548 -0.751523
-0.842214 0.581522 -0.810429
-0.806208 0.603182 -0.870277
-0.742382 0.613972 -0.909757
-0.685050 0.631121 -0.936468
-0.615182 0.611967 -0.945741
-0.561953 0.555509 -0.977141
-0.507764 0.531448 -1.000000
-0.452465 0.466125 -0.995123
-0.402210 0.420431 -0.987252
-0.370720 0.353314 -0.940989
-0.324154 0.298755 -0.916121
-0.291460 0.307672 -0.852149
-0.293456 0.290260 -0.773461
-0.271227 0.226388 -0.741998
-0.221913 0.256121 -0.706077
-0.204916 0.312975 -0.643005
-0.219071 0.275116 -0.574386
-0.172994 0.202010 -0.567143
-0.110410 0.218341 -0.576228
-0.089819 0.252717 -0.520169
-0.100247 0.180693 -0.483913
-0.066310 0.124789 -0.521404
-0.008545 0.151567 -0.514999
-0.002748 0.121412 -0.451906
-0.018107 0.033954 -0.465722
0.023452 0.005408 -0.516276
0.077020 -0.003720 -0.478010
0.056824 -0.081812 -0.441712
0.054735 -0.143072 -0.498064
0.112763 -0.198871 -0.496138
0.103898 -0.264326 -0.438802
0.079580 -0.345636 -0.448808
0.116641 -0.408084 -0.408197
0.095974 -0.471217 -0.366896
0.118692 -0.529337 -0.318122
0.108302 -0.585637 -0.277051
0.141072 -0.606559 -0.210462
0.145043 -0.642703 -0.147516
0.148751 -0.686339 -0.093718
0.187769 -0.769048 -0.092588
0.223306 -0.833949 -0.083775
0.260893 -0.891067 -0.126792
0.289390 -0.950744 -0.175316
0.309304 -0.987495 -0.246154
0.333377 -0.988392 -0.315756
0.343767 -1.000000 -0.382785
0.349960 -0.969133 -0.456490
0.362476 -0.959397 -0.528396
0.368631 -0.902622 -0.594670
0.386889 -0.868668 -0.663122
0.379623 -0.804796 -0.724184
0.410680 -0.773691 -0.791882
0.459805 -0.713962 -0.823952
0.497732 -0.710875 -0.885663
0.545352 -0.659165 -0.925122
0.611662 -0.664468 -0.956082
0.670255 -0.667476 -0.977748
0.742269 -0.667871 -0.978230
0.810198 -0.689848 -0.976157
0.874287 -0.695072 -0.940361
0.931469 -0.728657 -0.906177
0.970054 -0.743536 -0.838605
1.000000 -0.752929 -0.777103
0.989893 -0.776119 -0.701765
0.989046 -0.794085 -0.636558
0.954865 -0.795668 -0.572586
0.935120 -0.801762 -0.512089
0.911574 -0.781105 -0.456930
0.909786 -0.718790 -0.416989
0.897589 -0.670061 -0.371962
0.885185 -0.600306 -0.352473
0.897476 -0.529153 -0.335643
0.904064 -0.473116 -0.293839
0.895142 -0.404812 -0.265642
0.912835 -0.339252 -0.237948
0.912195 -0.299230 -0.182579
0.870052 -0.244565 -0.202194
0.826084 -0.311286 -0.203052
0.813812 -0.325348 -0.137908
0.754334 -0.309281 -0.123569
0.702234 -0.323924 -0.101714
0.647198 -0.313872 -0.118754
0.638390 -0.243589 -0.078772
0.686932 -0.195283 -0.107220
0.665475 -0.164890 -0.165372
0.666755 -0.099963 -0.210232
0.655631 -0.067117 -0.270227
0.672966 -0.052633 -0.339160
0.607898 -0.047884 -0.362061
0.566395 0.010078 -0.361307
0.561407 0.019444 -0.429068
0.568729 -0.075955 -0.450713
0.592991 -0.133258 -0.484457
0.647048 -0.189347 -0.486174
0.700860 -0.228446 -0.491637
0.756065 -0.242666 -0.483034
0.777222 -0.178477 -0.514768
0.750833 -0.122203 -0.476733
0.776487 -0.145763 -0.421490
0.831504 -0.137716 -0.440707
0.824841 -0.056749 -0.457537
0.819985 -0.035590 -0.392288
0.836624 -0.090993 -0.344937
0.800599 -0.165286 -0.335538
0.766418 -0.237996 -0.323230
0.745130 -0.321971 -0.341044
0.691374 -0.369196 -0.312596
0.642738 -0.411329 -0.306797
0.600520 -0.456179 -0.281489
0.570366 -0.526778 -0.268782
0.516723 -0.470874 -0.279061
0.464040 -0.437606 -0.293818
0.415141 -0.395789 -0.292625
0.359389 -0.386687 -0.304159
0.345310 -0.299678 -0.295326
0.388131 -0.239632 -0.290155
0.420110 -0.173517 -0.302945
0.465640 -0.218763 -0.258253
0.526360 -0.250369 -0.231626
0.579740 -0.264062 -0.246007
0.628395 -0.249340 -0.279689
0.670895 -0.257018 -0.325993
0.690037 -0.174520 -0.308179
0.739069 -0.140170 -0.261853
0.781927 -0.120278 -0.220259
0.830526 -0.110833 -0.187080
0.868979 -0.069043 -0.151242
0.888931 -0.028599 -0.211028
0.856519 0.034482 -0.229051
0.845508 0.114473 -0.230014
0.845000 0.186418 -0.189257
0.868998 0.233933 -0.141467
0.902351 0.288782 -0.098072
0.928664 0.332155 -0.048900
0.944795 0.422699 -0.032886
0.943138 0.469924 0.020242
0.929568 0.463962 0.080928
0.894144 0.516252 0.130016
0.870278 0.570705 0.178162
0.820381 0.613471 0.213247
0.771387 0.627137 0.246719
0.744452 0.556775 0.213958
0.797361 0.506200 0.181219
0.808090 0.502823 0.105252
0.848200 0.500607 0.042955
0.858345 0.475280 -0.031504
0.872744 0.425760 -0.085387
0.862843 0.382018 -0.148312
0.887237 0.324768 -0.199828
0.892074 0.295879 -0.267778
0.920985 0.249235 -0.317117
0.866739 0.208500 -0.340751
0.817011 0.189505 -0.368466
0.764837 0.157107 -0.391681
0.710102 0.151936 -0.425300
0.698639 0.237574 -0.422139
0.696926 0.319913 -0.426535
0.721207 0.368615 -0.380314
0.759773 0.378113 -0.335350
0.786990 0.406923 -0.279961
0.843155 0.409033 -0.255741
0.818536 0.467682 -0.204455
0.803460 0.477285 -0.133428
0.773137 0.482324 -0.069896
0.770126 0.479263 -0.000775
0.729865 0.481796 0.058131
0.721489 0.481902 0.131691
0.677935 0.480899 0.185657
0.662990 0.484118 0.251785
0.612020 0.511160 0.277574
0.605752 0.439558 0.325218
0.597075 0.365450 0.347512
0.558170 0.346955 0.290218
0.593329 0.390961 0.235875
0.613431 0.384841 0.168931
0.644224 0.422066 0.109355
0.653974 0.423781 0.034330
0.685068 0.444491 -0.029034
0.689473 0.452459 -0.101442
0.717631 0.512848 -0.150887
0.737112 0.578778 -0.183689
0.774116 0.645974 -0.190597
0.750024 0.673042 -0.252413
0.684523 0.656131 -0.238827
0.627322 0.653308 -0.233405
0.579213 0.603762 -0.218187
0.536938 0.569887 -0.184024
0.492932 0.582577 -0.128027
0.449510 0.593447 -0.086643
0.410322 0.641304 -0.050993
0.424081 0.636107 0.018275
0.426886 0.639985 0.084131
0.474073 0.630831 0.134684
0.516893 0.636344 0.177848
0.565266 0.678293 0.211865
0.629449 0.691827 0.231291
0.687967 0.707023 0.266501
0.698169 0.617639 0.294865
0.702517 0.547304 0.327793
0.699505 0.491399 0.374076
0.722863 0.449926 0.427288
0.684748 0.369328 0.415985
0.666623 0.306300 0.376777
0.653014 0.234302 0.347805
0.705208 0.249552 0.304997
0.745469 0.235648 0.249189
0.792242 0.250712 0.198133
0.820362 0.216468 0.136233
0.863502 0.194887 0.080907
0.885618 0.182171 0.018421
0.919705 0.190191 -0.037910
0.917860 0.104052 -0.074229
0.864368 0.139141 -0.068284
0.819289 0.176472 -0.043729
0.788872 0.191378 0.025455
0.750061 0.179612 0.076678
0.740123 0.166552 0.148961
0.700258 0.139088 0.202906
0.688381 0.132255 0.275020
0.682527 0.114447 0.337883
0.702385 0.115845 0.399510
0.678481 0.047990 0.427728
0.700747 -0.011054 0.373804
0.717706 0.004327 0.309037
0.683017 0.010421 0.256892
0.663291 0.019734 0.195935
0.629675 0.069755 0.152038
0.680890 0.093921 0.107408
0.710836 0.072050 0.041092
0.738072 0.092550 -0.019259
0.773419 0.028282 -0.033556
0.738881 -0.019286 -0.072973
0.745017 0.051947 -0.125704
0.741572 0.120647 -0.161583
0.734796 0.194887 -0.187980
0.697811 0.252744 -0.222918
0.701670 0.330255 -0.267526
0.659903 0.360041 -0.313893
0.613243 0.398691 -0.334031
0.583843 0.312263 -0.332838
0.619304 0.272768 -0.273827
0.613450 0.235490 -0.209206
0.646013 0.184466 -0.158088
0.632404 0.138455 -0.094409
0.648384 0.078910 -0.043039
0.637091 0.011397 0.011325
0.620734 -0.022821 0.065940
0.589979 -0.064400 0.119508
0.572399 -0.106295 0.175211
0.518982 -0.142597 0.134014
0.461650 -0.155445 0.110611
0.435920 -0.078857 0.134873
0.397862 -0.022161 0.091059
0.368236 0.062843 0.081493
0.349075 0.110859 0.020661
0.339212 0.137954 -0.041657
0.294735 0.177580 -0.070524
0.251200 0.122652 -0.106383
0.228745 0.032635 -0.090222
0.214723 -0.046064 -0.081158
0.233771 -0.080809 -0.011513
0.260536 -0.086693 0.043897
0.297032 -0.055746 0.088275
0.337970 -0.108379 0.057273
0.377082 -0.123338 0.009587
0.414331 -0.160115 -0.029809
0.468238 -0.195045 -0.050470
0.459730 -0.229870 -0.113332
0.459429 -0.166684 -0.155115
0.435111 -0.088065 -0.151996
0.401363 -0.019760 -0.176320
0.389147 0.068225 -0.167424
0.358731 0.140196 -0.193213
0.356472 0.228472 -0.203910
0.296486 0.257466 -0.234452
0.243313 0.283295 -0.245777
0.183252 0.236255 -0.258651
0.139547 0.200322 -0.289234
0.117318 0.123100 -0.248812
0.100679 0.059862 -0.216387
0.124885 0.001293 -0.181030
0.182913 -0.050364 -0.188545
0.235371 -0.084820 -0.192983
0.277664 -0.036592 -0.223525
0.262230 0.053055 -0.216973
0.245986 0.131543 -0.217224
0.213198 0.199082 -0.184715
0.210205 0.275063 -0.155617
0.267594 0.265856 -0.119047
0.324851 0.289943 -0.081514
0.368368 0.253509 -0.032216
0.425587 0.252559 -0.008206
0.413672 0.192460 0.046430
0.434113 0.141120 0.105524
0.437595 0.068093 0.148793
0.471550 0.014959 0.194197
0.487210 -0.047963 0.234201
0.512752 -0.092523 0.292060
0.526831 -0.131358 0.344435
0.482768 -0.099066 0.389211
0.459918 -0.023507 0.362961
0.485234 0.023691 0.317243
0.497393 0.097958 0.269201
0.492782 0.143019 0.203031
0.499050 0.205018 0.148605
0.490467 0.241874 0.079965
0.498786 0.311128 0.031902
0.489638 0.351757 -0.029600
0.487982 0.423016 -0.065312
0.451110 0.393811 -0.125495
0.416985 0.401567 -0.188566
0.428692 0.339067 -0.228507
0.438066 0.265803 -0.245923
0.442753 0.177527 -0.214817
0.471080 0.114764 -0.176823
0.472849 0.041473 -0.134789
0.506974 -0.028414 -0.112558
0.506352 -0.110331 -0.085868
0.544147 -0.175733 -0.050449
0.567204 -0.236281 -0.006929
0.607521 -0.207472 0.036633
0.587005 -0.126214 0.024408
0.568089 -0.054928 -0.024659
0.572700 0.024615 -0.063846
0.555064 0.085347 -0.118168
0.556269 0.154021 -0.154068
0.528299 0.197130 -0.214691
0.530727 0.274879 -0.247326
0.526699 0.341732 -0.292165
0.542378 0.410089 -0.237362
0.573265 0.457603 -0.195223
0.591843 0.413967 -0.131293
0.608745 0.400485 -0.066442
0.570047 0.398560 -0.006615
0.578253 0.362574 0.062067
0.551977 0.320547 0.117352
0.553276 0.290814 0.188252
0.524083 0.246544 0.242658
0.526530 0.205598 0.305478
0.493196 0.209978 0.358983
0.473338 0.126768 0.365222
0.417418 0.132440 0.343577
0.373487 0.149720 0.303804
0.363248 0.222430 0.329928
0.415084 0.253931 0.315191
0.408007 0.249077 0.251282
0.363361 0.299124 0.247786
0.386569 0.363735 0.274769
0.432306 0.371043 0.232170
0.395998 0.387795 0.182433
0.367803 0.452775 0.210148
0.413804 0.501530 0.208620
0.410002 0.506042 0.138976
0.349753 0.510210 0.121350
0.307215 0.508179 0.175546
0.253007 0.499736 0.200310
0.196145 0.504749 0.199870
0.141900 0.530604 0.207950
0.086902 0.547884 0.226183
0.028835 0.542317 0.224634
-0.026934 0.531527 0.236399
-0.071110 0.485199 0.256181
-0.092812 0.470003 0.196605
-0.047601 0.418056 0.178707
-0.076869 0.353789 0.217119
-0.123661 0.327459 0.183186
-0.155132 0.319096 0.124469
-0.157541 0.301762 0.052961
-0.189012 0.311682 -0.012748
-0.183120 0.275459 -0.083272
-0.180448 0.285484 -0.160265
-0.202676 0.268969 -0.218166
-0.265524 0.302659 -0.219338
-0.286905 0.378008 -0.203806
-0.320785 0.424942 -0.247158
-0.345649 0.470056 -0.182998
-0.376122 0.494381 -0.131816
-0.407988 0.425047 -0.129304
-0.362533 0.378113 -0.112746
-0.342751 0.418557 -0.062067
-0.392102 0.406421 -0.027799
-0.391594 0.325375 -0.024638
-0.346421 0.319702 0.014255
-0.370890 0.359725 0.064516
-0.417361 0.312421 0.069603
-0.390446 0.240027 0.079295
-0.361309 0.261978 0.131272
-0.407310 0.283717 0.166607
-0.437652 0.213144 0.162818
-0.387698 0.168584 0.187227
-0.342882 0.200084 0.221327
-0.294867 0.243932 0.195118
-0.248753 0.288835 0.183919
-0.232510 0.377111 0.157062
-0.198649 0.442354 0.134182
-0.193247 0.423596 0.061146
-0.200041 0.444650 -0.004375
-0.191308 0.426076 -0.075946
-0.162792 0.433780 -0.143372
-0.149786 0.432171 -0.209520
-0.167611 0.458474 -0.268761
-0.222459 0.482746 -0.257311
-0.212445 0.564743 -0.252308
-0.195411 0.591626 -0.312198
-0.181012 0.613286 -0.374746
-0.147227 0.553636 -0.398191
-0.102261 0.556881 -0.354441
-0.090704 0.634313 -0.316866
-0.077020 0.691457 -0.274162
-0.119200 0.743272 -0.257248
-0.176175 0.693700 -0.265328
-0.239549 0.671301 -0.287832
-0.292609 0.654311 -0.309058
-0.352745 0.667317 -0.327584
-0.371643 0.585532 -0.304411
-0.349451 0.554533 -0.247975
-0.329067 0.640355 -0.228591
-0.360914 0.705519 -0.214440
-0.350938 0.688793 -0.143895
-0.299460 0.689320 -0.114107
-0.313388 0.740608 -0.066777
-0.353818 0.691827 -0.038999
-0.320277 0.630593 -0.022817
-0.287432 0.674652 0.018631
-0.330479 0.699056 0.057336
-0.344501 0.621940 0.075674
-0.294660 0.605794 0.105127
-0.296956 0.666447 0.147956
-0.346873 0.642175 0.175190
-0.319261 0.566589 0.190806
-0.258785 0.561366 0.195684
-0.227108 0.561524 0.133156
-0.192418 0.550628 0.072429
-0.156242 0.559466 0.009252
-0.133656 0.521370 -0.054657
-0.091118 0.513508 -0.114463
-0.060758 0.523111 -0.168491
-0.002880 0.540629 -0.204141
0.038190 0.564188 -0.251785
0.076041 0.597694 -0.294195
0.049032 0.602812 -0.356304
0.029532 0.660695 -0.401499
0.002597 0.684862 -0.455046
0.012103 0.709107 -0.524084
-0.044702 0.710321 -0.558079
-0.068004 0.787067 -0.552951
-0.071675 0.866083 -0.555421
-0.059817 0.939215 -0.533943
-0.095183 0.945731 -0.477319
-0.113008 0.866030 -0.447280
-0.059779 0.856427 -0.399552
-0.026934 0.882598 -0.350610
0.014851 0.828303 -0.352704
0.032638 0.853551 -0.412426
0.037569 0.933912 -0.409265
0.073933 0.932329 -0.355864
0.115116 0.883416 -0.379686
0.127915 0.932830 -0.429466
0.140639 1.000000 -0.394737
0.183760 0.955255 -0.355592
0.207815 0.880382 -0.360909
0.192343 0.801208 -0.336773
0.219993 0.745066 -0.380545
0.248508 0.698264 -0.420129
0.291573 0.688371 -0.475330
0.325905 0.684229 -0.532687
0.360048 0.717919 -0.578468
0.322423 0.788413 -0.582466
0.284026 0.808886 -0.532122
0.234241 0.757493 -0.523832
0.202244 0.697262 -0.504930
0.182669 0.622256 -0.494924
0.145702 0.554585 -0.517092
0.099268 0.494011 -0.496933
0.059252 0.437263 -0.456658
-0.000471 0.439347 -0.420904
-0.057313 0.462985 -0.415566
-0.054509 0.521634 -0.467313
0.001111 0.515856 -0.501915
0.034256 0.581944 -0.495635
0.088558 0.610885 -0.455360
0.121440 0.647240 -0.401834
0.162360 0.660748 -0.349438
0.189558 0.687474 -0.297189
0.229837 0.722219 -0.251638
0.248339 0.717602 -0.189048
0.295526 0.771370 -0.201440
0.262625 0.843922 -0.204141
0.235672 0.910141 -0.182014
0.192851 0.906976 -0.228004
0.169757 0.836165 -0.204224
0.155960 0.861677 -0.146742
0.120894 0.921090 -0.168219
0.084380 0.870700 -0.200917
0.066856 0.825770 -0.151242
0.044420 0.886503 -0.118691
0.004818 0.906580 -0.164807
-0.023528 0.833923 -0.170292
-0.038228 0.828039 -0.108371
-0.068625 0.897953 -0.105273
-0.106420 0.886213 -0.154634
-0.128084 0.816985 -0.123464
-0.144271 0.847826 -0.066400
-0.185473 0.897636 -0.091143
-0.217282 0.824926 -0.109481
-0.188372 0.762690 -0.062318
-0.172185 0.729422 -0.003182
-0.125224 0.680746 0.011911
-0.080540 0.636582 0.050009
-0.047356 0.601018 -0.012686
-0.011557 0.538123 -0.051977
0.001016 0.491373 -0.106320
0.049747 0.462115 -0.142639
0.060795 0.428583 -0.211656
0.104990 0.420800 -0.254171
0.164072 0.431696 -0.222080
0.211278 0.412278 -0.259990
0.171112 0.409508 -0.314563
0.131077 0.389405 -0.361914
0.119991 0.346428 -0.429675
0.100585 0.313397 -0.487492
0.162736 0.333685 -0.508174
0.217715 0.356057 -0.523288
0.222139 0.440402 -0.510435
0.185228 0.468605 -0.572209
0.173013 0.488999 -0.632706
0.235860 0.480741 -0.645580
0.271961 0.450427 -0.597810
0.340229 0.456548 -0.602646
0.398201 0.453461 -0.609114
0.457057 0.431168 -0.612715
0.486796 0.415893 -0.544891
0.500800 0.399140 -0.481171
0.443035 0.398823 -0.460196
0.423479 0.337062 -0.500597
0.484444 0.297014 -0.497624
0.520789 0.259577 -0.455611
0.555968 0.198924 -0.432627
0.502343 0.189373 -0.388771
0.453105 0.141067 -0.364175
0.414764 0.106295 -0.324444
0.361102 0.066563 -0.315108
0.313708 0.095267 -0.347031
0.267274 0.097219 -0.384459
0.298669 0.098407 -0.446798
0.354119 0.130619 -0.448557
0.336972 0.222457 -0.429026
0.318225 0.297198 -0.409851
0.264789 0.296037 -0.445459
0.225075 0.249947 -0.414750
0.187694 0.310310 -0.394486
0.221969 0.390355 -0.416131
0.268610 0.442460 -0.437127
0.322762 0.471401 -0.443763
0.376894 0.487996 -0.422181
0.376800 0.565033 -0.454732
0.345894 0.617112 -0.418497
0.334055 0.689294 -0.379624
0.350411 0.731691 -0.318038
0.379661 0.775670 -0.273241
0.420994 0.711534 -0.260618
0.409964 0.648982 -0.320843
0.390860 0.572921 -0.337988
0.367314 0.499525 -0.330033
0.414463 0.459899 -0.308911
0.404506 0.500264 -0.246740
0.338760 0.504459 -0.239204
0.305822 0.438766 -0.234829
0.307892 0.431538 -0.169726
0.277024 0.511001 -0.165037
0.221950 0.521159 -0.178874
0.200663 0.504063 -0.119550
0.230703 0.561629 -0.089259
0.210017 0.627374 -0.122124
0.154511 0.610463 -0.104771
0.161249 0.614790 -0.041343
0.176947 0.693014 -0.043709
0.128649 0.721349 -0.071571
0.088370 0.689663 -0.029139
0.107681 0.728103 0.022022
0.099042 0.803424 -0.001507
0.042670 0.797858 -0.016119
0.023810 0.782107 0.044441
0.043705 0.849330 0.071131
0.013928 0.901673 0.032321
-0.042350 0.869697 0.041762
-0.041145 0.848565 0.114693
-0.005364 0.844423 0.168010
0.009260 0.751689 0.167026
0.020159 0.680588 0.143078
0.028308 0.621043 0.100165
0.016658 0.559070 0.047916
0.052909 0.497652 0.014276
0.056805 0.437104 -0.040548
0.099945 0.384287 -0.079086
0.136122 0.340808 -0.118356
0.187148 0.382097 -0.111846
0.250729 0.376688 -0.080384
0.298782 0.394259 -0.027360
0.325811 0.429981 0.019635
0.277984 0.474778 0.050616
0.220388 0.466732 0.049151
0.208587 0.480820 0.112286
0.206253 0.563265 0.107052
0.150709 0.554902 0.062109
0.128103 0.462036 0.059178
0.103710 0.391436 0.031253
0.081782 0.304928 0.006029
0.074874 0.234593 -0.043227
0.079373 0.167740 -0.085784
0.037701 0.163545 -0.133198
0.018483 0.092893 -0.167152
-0.006098 0.026066 -0.140608
-0.038378 -0.043267 -0.130351
-0.074968 -0.105108 -0.112160
-0.034106 -0.155445 -0.065416
0.005383 -0.194412 -0.027464
0.051667 -0.150538 -0.047770
0.033786 -0.076852 -0.026920
0.029325 -0.098934 0.033137
0.086619 -0.115159 0.039941
0.111427 -0.045299 0.016767
0.096068 0.005224 0.063637
0.137439 -0.011898 0.107429
0.183384 0.016832 0.076929
0.161983 0.092866 0.062339
0.155170 0.119671 0.122355
0.210544 0.106110 0.137824
0.236914 0.153862 0.094702
0.213123 0.225306 0.115572
0.238514 0.222430 0.173390
0.293606 0.227971 0.151305
0.279508 0.304823 0.119424
0.233244 0.353657 0.139164
0.174481 0.317750 0.129618
0.126108 0.307514 0.166063
0.090760 0.319887 0.112725
0.068230 0.232482 0.094388
0.036515 0.177475 0.039480
-0.010653 0.137426 0.005631
-0.061398 0.109936 -0.016056
-0.108773 0.070019 0.002679
-0.109356 0.005382 -0.045195
-0.088502 0.052264 -0.100458
-0.087448 0.073660 -0.168115
-0.088163 -0.000844 -0.203513
-0.142540 -0.038756 -0.198844
-0.170246 -0.088117 -0.152708
-0.191402 -0.112653 -0.095602
-0.213989 -0.147583 -0.033682
-0.226543 -0.161856 0.027025
-0.173483 -0.186445 0.043960
-0.144535 -0.120673 0.027695
-0.175573 -0.065349 0.062130
-0.160854 -0.097193 0.118545
-0.102242 -0.091521 0.112830
-0.101696 -0.011186 0.098407
-0.126485 0.013798 0.153189
-0.086168 -0.018415 0.192627
-0.041371 0.024668 0.167507
-0.061906 0.101625 0.161646
-0.058367 0.118431 0.224069
0.007039 0.118404 0.210923
0.016394 0.188265 0.181386
0.020798 0.267333 0.177890
-0.015528 0.252058 0.120994
-0.077999 0.246069 0.095853
-0.100774 0.208527 0.032886
-0.138888 0.201799 -0.020096
-0.128743 0.173069 -0.091687
-0.148186 0.166579 -0.165561
-0.165616 0.159772 -0.229344
-0.204032 0.156527 -0.278621
-0.211542 0.066510 -0.274413
-0.233206 0.048834 -0.213226
-0.263792 0.042581 -0.159825
-0.274088 0.055403 -0.098323
-0.246777 0.084740 -0.030604
-0.280355 0.110780 0.016307
-0.309323 0.079332 0.066191
-0.362834 0.074557 0.033786
-0.354345 0.004010 -0.005757
-0.362081 -0.060231 0.043583
-0.377835 -0.098565 0.098135
-0.378739 -0.102918 0.162316
-0.324964 -0.133231 0.169077
-0.298406 -0.069359 0.141781
-0.317698 -0.013297 0.182182
-0.291912 -0.042687 0.234912
-0.236857 -0.035801 0.213309
-0.238721 0.044454 0.200519
-0.254306 0.069465 0.259865
-0.208116 0.041526 0.291013
-0.169060 0.086904 0.259634
-0.192531 0.160009 0.274874
-0.192080 0.153968 0.338699
-0.134409 0.145288 0.343346
-0.120989 0.216072 0.318980
-0.149711 0.264695 0.359695
-0.119031 0.240107 0.412112
-0.063111 0.262743 0.384585
-0.051667 0.342655 0.378786
-0.015189 0.351467 0.428063
0.024186 0.300892 0.400641
0.032920 0.335215 0.344205
0.049126 0.407398 0.370266
0.096012 0.374974 0.399887
0.121986 0.354263 0.344100
0.124715 0.430588 0.321241
0.159348 0.455809 0.367482
0.203599 0.405894 0.355027
0.211843 0.433173 0.295891
0.221254 0.514035 0.311109
0.265844 0.500369 0.363505
0.294114 0.415787 0.342132
0.281805 0.355846 0.298780
0.236368 0.300971 0.300726
0.189087 0.243536 0.292060
0.135425 0.203778 0.281614
0.161042 0.136239 0.249440
0.196333 0.057382 0.267233
0.229027 -0.007097 0.283101
0.259068 -0.052316 0.323585
0.310772 -0.013956 0.315777
0.299460 0.052712 0.351866
0.287734 0.005224 0.410102
0.327844 -0.068647 0.393272
0.384517 -0.082603 0.377363
0.390201 -0.153968 0.414561
0.355286 -0.195125 0.366478
0.355681 -0.240502 0.311737
0.298236 -0.242481 0.302589
0.294980 -0.163386 0.275648
0.318602 -0.160141 0.215675
0.262813 -0.198581 0.190618
0.216304 -0.143784 0.204789
0.165183 -0.121227 0.158360
0.113046 -0.148639 0.194218
0.127539 -0.078039 0.241255
0.116151 -0.006912 0.289464
0.116339 0.073765 0.319880
0.109564 0.136424 0.365975
0.159555 0.138376 0.395533
0.158576 0.083553 0.449143
0.094449 0.051551 0.453288
0.072898 0.016515 0.391451
0.055789 -0.057039 0.357916
0.044364 -0.093288 0.293588
0.010653 -0.162516 0.259886
-0.010484 -0.189980 0.200017
-0.032355 -0.217576 0.140901
-0.009148 -0.249763 0.076867
-0.058932 -0.314901 0.064872
-0.101319 -0.369407 0.053526
-0.123210 -0.411170 0.106717
-0.114664 -0.376293 0.169957
-0.110072 -0.389748 0.242783
-0.041616 -0.372362 0.241611
0.021250 -0.353551 0.268992
0.082328 -0.333342 0.275125
0.122984 -0.290840 0.323125
0.157296 -0.244803 0.363945
0.184796 -0.230451 0.428879
0.216210 -0.199504 0.476586
0.221819 -0.183780 0.537962
0.160251 -0.186867 0.574281
0.104011 -0.146924 0.568420
0.044383 -0.150116 0.535450
-0.011237 -0.121491 0.524230
-0.063318 -0.104844 0.499550
-0.103145 -0.049309 0.480522
-0.150445 -0.089885 0.503339
-0.144366 -0.054031 0.564924
-0.170434 0.018758 0.543363
-0.215946 0.073713 0.534152
-0.231550 0.117244 0.482971
-0.289145 0.118695 0.496954
-0.282915 0.171961 0.549141
-0.282012 0.237073 0.502815
-0.342600 0.204754 0.477256
-0.386098 0.145895 0.444998
-0.365149 0.064558 0.446756
-0.349244 -0.013350 0.457118
-0.317416 -0.080519 0.459672
-0.301511 -0.156817 0.447070
-0.288995 -0.233458 0.460844
-0.255228 -0.294718 0.480145
-0.204088 -0.338803 0.474514
-0.154210 -0.377849 0.482615
-0.107154 -0.322657 0.515627
-0.065087 -0.283954 0.544745
-0.043103 -0.216811 0.575475
0.018596 -0.259577 0.566976
0.078996 -0.266832 0.554939
0.131397 -0.309492 0.566452
0.190630 -0.300575 0.540956
0.247134 -0.320758 0.513805
0.239511 -0.329517 0.444726
0.185191 -0.354923 0.400013
0.137063 -0.394312 0.375793
0.070790 -0.387215 0.361998
0.011011 -0.402359 0.358272
-0.046321 -0.363682 0.341923
-0.094807 -0.329807 0.327228
-0.129327 -0.306115 0.263068
-0.178471 -0.278942 0.238429
-0.203128 -0.214911 0.209269
-0.200098 -0.166341 0.267401
-0.132112 -0.175259 0.273953
-0.082309 -0.142412 0.309497
-0.031791 -0.127770 0.345607
-0.018276 -0.083184 0.409767
0.028252 -0.053187 0.457642
0.056466 -0.031290 0.517971
0.100303 -0.016858 0.559607
0.129553 -0.006543 0.613782
0.131472 0.084688 0.623370
0.076230 0.128403 0.599234
0.040035 0.198765 0.572565
-0.014418 0.231638 0.541688
-0.053436 0.278651 0.508865
-0.117921 0.298860 0.499508
-0.180146 0.308648 0.468799
-0.228689 0.315560 0.435892
-0.260799 0.321391 0.380921
-0.273241 0.343974 0.308179
-0.271208 0.374974 0.245902
-0.223437 0.432540 0.276318
-0.192870 0.491399 0.306483
-0.238250 0.533427 0.326286
-0.252292 0.468763 0.367566
-0.203881 0.444993 0.398484
-0.189633 0.514510 0.430449
-0.239286 0.501820 0.473028
-0.225131 0.434783 0.510686
-0.196729 0.384181 0.548408
-0.153457 0.334688 0.581776
-0.104858 0.268283 0.592640
-0.073293 0.190877 0.614013
-0.028007 0.130619 0.609805
0.003877 0.072077 0.652341
0.053888 0.021159 0.656256
0.087278 -0.026725 0.694940
0.122024 -0.071285 0.731322
0.138870 -0.106057 0.786439
0.141825 -0.025908 0.815537
0.111408 0.042344 0.791275
0.129346 0.078725 0.729543
0.124301 0.161751 0.687111
0.121064 0.217154 0.625296
0.101094 0.301630 0.594084
0.067967 0.364421 0.546985
0.054151 0.451140 0.520085
0.032769 0.505672 0.469741
0.005327 0.594212 0.459693
-0.031979 0.647346 0.411777
-0.064409 0.659086 0.357497
-0.040976 0.626372 0.295891
-0.016055 0.707551 0.259279
0.033108 0.751557 0.271399
0.085547 0.790444 0.277993
0.120029 0.788756 0.331289
0.115549 0.745937 0.385569
0.172354 0.752454 0.403885
0.178076 0.833580 0.404890
0.130475 0.841442 0.446673
0.101018 0.783031 0.479140
0.048298 0.743088 0.459170
0.054057 0.674546 0.513512
0.054321 0.592154 0.543175
0.083589 0.534192 0.592912
0.082704 0.446312 0.619162
0.089443 0.381675 0.665152
0.089405 0.297040 0.692156
0.085170 0.240713 0.752297
0.099607 0.163782 0.785979
0.101244 0.136160 0.860710
0.069604 0.099989 0.905256
0.017580 0.130619 0.884909
0.028026 0.200902 0.838563
0.014173 0.281210 0.804882
0.040524 0.353868 0.766804
0.066254 0.433384 0.750476
0.099268 0.495832 0.712252
0.112669 0.575929 0.691989
0.138512 0.616478 0.643508
0.077773 0.653467 0.619958
0.031433 0.721797 0.614285
-0.023528 0.752744 0.575370
-0.071148 0.752005 0.539532
-0.067873 0.675496 0.513031
-0.072202 0.636740 0.579850
-0.114796 0.656791 0.621716
-0.157183 0.600385 0.595885
-0.143820 0.521581 0.612422
-0.168740 0.448554 0.630571
-0.172806 0.381226 0.672919
-0.205952 0.299836 0.676561
-0.155264 0.235411 0.669255
-0.126786 0.155709 0.691905
-0.090365 0.084661 0.674133
-0.061322 0.010447 0.699985
-0.018107 -0.053187 0.691863
-0.007115 -0.102206 0.749136
-0.040223 -0.125686 0.800109
-0.041089 -0.188661 0.843189
-0.088031 -0.142307 0.883214
-0.128197 -0.100728 0.913588
-0.151066 -0.037780 0.946390
-0.176777 0.014326 0.991124
-0.151104 0.091178 0.954240
-0.156543 0.177316 0.925331
-0.130080 0.259313 0.909192
-0.132037 0.352258 0.904733
-0.109545 0.391199 0.954847
-0.139811 0.340122 1.000000
-0.190404 0.304084 0.967930
-0.227239 0.258680 0.936824
-0.259124 0.237073 0.885537
-0.306462 0.209688 0.853949
-0.267161 0.141410 0.818886
-0.251219 0.049309 0.805489
-0.218958 -0.025433 0.780139
-0.203693 -0.115344 0.776224
-0.172486 -0.185759 0.751628
-0.149843 -0.261054 0.754349
-0.135670 -0.266726 0.688912
-0.104124 -0.190138 0.680852
-0.090591 -0.127744 0.720500
-0.132451 -0.061128 0.728768
-0.144987 0.026752 0.738167
-0.192776 0.087774 0.738084
-0.202564 0.179348 0.744699
-0.226976 0.252797 0.766616
-0.218393 0.346111 0.756672
-0.197086 0.436286 0.765067
-0.149071 0.476335 0.723891
-0.093320 0.510236 0.695234
-0.041785 0.525485 0.668418
-0.033616 0.598591 0.706810
-0.031527 0.549071 0.769044
-0.024920 0.498997 0.818781
-0.023829 0.406501 0.836826
-0.049182 0.328013 0.868644
-0.050914 0.239843 0.868330
-0.068964 0.159719 0.907747
-0.059741 0.071153 0.938582
-0.083853 -0.002480 0.982458
