-0.748226 0.018180 1.000000
-0.725929 0.092631 0.981371
-0.690689 0.062317 0.958887
-0.708349 0.025573 0.924211
-0.722004 0.094279 0.902460
-0.683780 0.127589 0.892117
-0.670945 0.057343 0.869736
-0.703269 0.063911 0.842666
-0.695715 0.145535 0.830743
-0.655838 0.126407 0.817485
-0.666792 0.063471 0.790735
-0.693793 0.114919 0.769357
-0.664521 0.175958 0.759721
-0.636861 0.120251 0.739576
-0.667921 0.094225 0.710218
-0.680958 0.181070 0.693606
-0.640127 0.220645 0.672292
-0.634146 0.176728 0.633068
-0.632708 0.175986 0.595424
-0.617453 0.146689 0.562225
-0.606607 0.155456 0.525236
-0.645610 0.147184 0.511862
-0.662088 0.217512 0.529142
-0.635987 0.270059 0.510757
-0.646928 0.249117 0.473691
-0.685864 0.274566 0.476749
-0.677652 0.354898 0.485614
-0.657639 0.369327 0.451207
-0.687584 0.349704 0.425281
-0.714639 0.407280 0.436394
-0.690796 0.473349 0.426527
-0.683942 0.454468 0.389859
-0.722152 0.456777 0.375097
-0.729786 0.539554 0.381791
-0.696495 0.573083 0.362134
-0.698632 0.534168 0.327008
-0.734221 0.564426 0.312773
-0.721641 0.648056 0.312143
-0.686146 0.640416 0.290662
-0.702624 0.603507 0.259544
-0.729423 0.662485 0.249048
-0.700339 0.720638 0.240915
-0.680178 0.675924 0.213074
-0.712166 0.659214 0.188830
-0.722972 0.740701 0.182059
-0.686778 0.763566 0.166064
-0.688632 0.705660 0.136591
-0.723294 0.731714 0.120082
-0.710405 0.809023 0.109739
-0.681523 0.778984 0.084609
-0.703860 0.728223 0.060275
-0.731654 0.796930 0.051706
-0.697046 0.868440 0.058245
-0.662679 0.912522 0.046978
-0.637130 0.964932 0.078301
-0.617897 1.000000 0.108814
-0.647049 0.978261 0.135011
-0.643379 0.893477 0.131426
-0.605196 0.890481 0.144107
-0.611862 0.921702 0.180312
-0.640745 0.866297 0.192196
-0.617292 0.798304 0.188496
-0.586729 0.820510 0.212688
-0.608233 0.830404 0.245797
-0.623354 0.749852 0.246401
-0.586434 0.708491 0.244705
-0.570964 0.741140 0.278263
-0.600425 0.710387 0.302096
-0.593422 0.629396 0.293629
-0.552981 0.626345 0.303008
-0.557819 0.648386 0.341102
-0.581393 0.583142 0.351097
-0.555696 0.521169 0.342387
-0.525805 0.544721 0.367530
-0.547820 0.535844 0.400227
-0.560212 0.455018 0.394908
-0.522794 0.422011 0.393572
-0.511814 0.443118 0.430445
-0.543129 0.399942 0.447880
-0.535280 0.321617 0.434171
-0.502003 0.302901 0.456989
-0.523453 0.272450 0.489378
-0.531974 0.189260 0.468783
-0.525805 0.106784 0.461588
-0.535737 0.035796 0.441327
-0.534084 -0.018674 0.473151
-0.572053 0.013783 0.490727
-0.600465 -0.012244 0.460972
-0.637022 -0.056903 0.450102
-0.652505 -0.008946 0.420077
-0.653379 0.009743 0.381251
-0.669574 0.088013 0.382716
-0.636632 0.117750 0.403092
-0.605962 0.094802 0.378527
-0.617104 0.142732 0.347500
-0.613273 0.217265 0.365744
-0.573544 0.208195 0.375059
-0.558545 0.197752 0.339021
-0.569270 0.275061 0.326443
-0.547954 0.320132 0.355324
-0.507862 0.286329 0.350943
-0.496801 0.332582 0.319029
-0.472811 0.394830 0.305436
-0.456037 0.409314 0.270902
-0.439815 0.490690 0.274011
-0.428162 0.497616 0.313197
-0.387788 0.467880 0.307813
-0.372251 0.543210 0.295184
-0.364161 0.623459 0.290970
-0.372534 0.695519 0.273561
-0.348718 0.681036 0.241647
-0.368461 0.609443 0.229134
-0.405946 0.643164 0.225498
-0.394455 0.702664 0.199494
-0.379872 0.648386 0.172295
-0.414494 0.606832 0.165396
-0.436831 0.673230 0.153987
-0.413083 0.692908 0.123448
-0.418499 0.620958 0.103444
-0.459276 0.621426 0.099602
-0.461696 0.695766 0.080947
-0.437261 0.675374 0.050370
-0.459196 0.610872 0.036083
-0.494920 0.652591 0.031278
-0.479732 0.712201 0.006636
-0.465902 0.662265 -0.021565
-0.502110 0.627609 -0.030224
-0.526423 0.700906 -0.036327
-0.493293 0.750100 -0.060160
-0.478886 0.709095 -0.091406
-0.459814 0.720226 -0.133765
-0.456669 0.721792 -0.178115
-0.442181 0.743614 -0.218598
-0.431066 0.750539 -0.255844
-0.402599 0.764171 -0.283994
-0.428001 0.823094 -0.304280
-0.445110 0.857667 -0.263758
-0.439412 0.896802 -0.228080
-0.482272 0.912193 -0.222992
-0.491788 0.825595 -0.216800
-0.509865 0.785470 -0.179991
-0.518561 0.713328 -0.152959
-0.535724 0.657153 -0.127341
-0.557470 0.591277 -0.116870
-0.593033 0.649348 -0.112373
-0.599901 0.615544 -0.152818
-0.567241 0.601363 -0.177987
-0.554056 0.521966 -0.169982
-0.590385 0.482665 -0.170856
-0.596420 0.491185 -0.209425
-0.563908 0.450208 -0.222311
-0.570964 0.376719 -0.202115
-0.609860 0.362456 -0.220089
-0.606432 0.390873 -0.263232
-0.572671 0.369574 -0.283390
-0.547820 0.341899 -0.318888
-0.507513 0.371443 -0.310704
-0.468684 0.362236 -0.299938
-0.458793 0.446443 -0.294323
-0.486251 0.464719 -0.265955
-0.473012 0.405879 -0.240632
-0.434224 0.434461 -0.238281
-0.443054 0.509461 -0.223571
-0.462972 0.487832 -0.191104
-0.433028 0.436165 -0.175494
-0.400530 0.492312 -0.174865
-0.415999 0.559919 -0.157173
-0.422343 0.523477 -0.122446
-0.382439 0.498495 -0.115277
-0.364886 0.576436 -0.119349
-0.388890 0.629286 -0.095979
-0.398258 0.569263 -0.064502
-0.367453 0.515425 -0.057012
-0.339189 0.575859 -0.046066
-0.359981 0.602600 -0.013702
-0.360263 0.524824 0.005017
-0.322066 0.503085 0.015886
-0.318518 0.549833 0.049239
-0.353959 0.524137 0.066558
-0.345707 0.440672 0.069115
-0.311717 0.447515 0.091765
-0.333732 0.483160 0.122960
-0.362978 0.425941 0.127713
-0.339538 0.362483 0.139662
-0.324983 0.400107 0.172218
-0.361405 0.418026 0.190436
-0.377574 0.338821 0.189845
-0.346823 0.303231 0.210787
-0.352347 0.349566 0.242996
-0.391014 0.325079 0.249626
-0.385436 0.241312 0.252709
-0.357669 0.241010 0.282439
-0.383272 0.281464 0.308289
-0.410395 0.207975 0.303291
-0.395180 0.129320 0.290777
-0.379617 0.119701 0.250666
-0.355680 0.117557 0.217815
-0.387466 0.173540 0.191965
-0.419830 0.192558 0.167336
-0.432638 0.112583 0.163687
-0.443108 0.102359 0.201794
-0.472569 0.159936 0.201498
-0.497514 0.120003 0.175096
-0.502513 0.045580 0.193507
-0.527687 0.072348 0.222915
-0.564499 0.050252 0.206303
-0.555938 -0.038682 0.214577
-0.554298 -0.050527 0.254148
-0.557430 -0.117997 0.286345
-0.560951 -0.132398 0.332006
-0.585896 -0.188463 0.354117
-0.606889 -0.257609 0.329513
-0.614846 -0.336402 0.320725
-0.612870 -0.333462 0.278174
-0.596742 -0.241394 0.267613
-0.558061 -0.226142 0.257167
-0.526759 -0.162602 0.236817
-0.491936 -0.127781 0.217185
-0.466117 -0.089442 0.191477
-0.457314 -0.165295 0.172334
-0.493320 -0.186511 0.156197
-0.492151 -0.132371 0.126531
-0.464182 -0.172770 0.105756
-0.483267 -0.247331 0.101452
-0.518977 -0.219683 0.084570
-0.501290 -0.182691 0.053363
-0.482488 -0.252278 0.039179
-0.515429 -0.302489 0.035929
-0.538372 -0.252937 0.012186
-0.511397 -0.247358 -0.018199
-0.512808 -0.328295 -0.029890
-0.554285 -0.320462 -0.040400
-0.549272 -0.258324 -0.068806
-0.524501 -0.280090 -0.098575
-0.552699 -0.310926 -0.123975
-0.572899 -0.238701 -0.129422
-0.540495 -0.191871 -0.141499
-0.528627 -0.234112 -0.173850
-0.565884 -0.220920 -0.192273
-0.564150 -0.136630 -0.191747
-0.528103 -0.126517 -0.210080
-0.537968 -0.164828 -0.244037
-0.569633 -0.112913 -0.253172
-0.549191 -0.040743 -0.252902
-0.521881 -0.061960 -0.280435
-0.548143 -0.074547 -0.310177
-0.563357 0.006280 -0.309098
-0.527888 0.051022 -0.312901
-0.518924 0.028019 -0.349864
-0.549554 0.080071 -0.364832
-0.535858 0.155896 -0.349055
-0.489772 0.129622 -0.352845
-0.460674 0.112830 -0.378682
-0.422047 0.107224 -0.358973
-0.428364 0.103129 -0.315329
-0.432598 0.006774 -0.311038
-0.428512 -0.076965 -0.299617
-0.439788 -0.158039 -0.290700
-0.409817 -0.152213 -0.255138
-0.416389 -0.075591 -0.232281
-0.431953 -0.002185 -0.218907
-0.447315 0.080318 -0.214320
-0.451521 0.164196 -0.210093
-0.466453 0.226746 -0.185939
-0.490995 0.267970 -0.215566
-0.522579 0.198439 -0.220179
-0.552618 0.200885 -0.186466
-0.575789 0.277919 -0.178012
-0.539447 0.321919 -0.153833
-0.502822 0.335083 -0.134150
-0.499745 0.238866 -0.121623
-0.529743 0.178102 -0.116073
-0.564741 0.165157 -0.094695
-0.590479 0.158342 -0.133032
-0.614268 0.130337 -0.167323
-0.647317 0.173237 -0.179130
-0.629294 0.203386 -0.213562
-0.632856 0.124483 -0.233104
-0.669507 0.110632 -0.249138
-0.660381 0.135504 -0.286216
-0.629697 0.068088 -0.289711
-0.652814 -0.005126 -0.269887
-0.686052 -0.038929 -0.285227
-0.706871 -0.103239 -0.302623
-0.745014 -0.048136 -0.313556
-0.756720 0.023731 -0.334280
-0.797968 -0.002872 -0.339175
-0.808733 0.015926 -0.300272
-0.816031 0.054237 -0.267780
-0.814513 0.082682 -0.232320
-0.821959 0.108351 -0.194869
-0.838221 0.195059 -0.199096
-0.862427 0.262749 -0.181597
-0.858462 0.337557 -0.197669
-0.892385 0.334149 -0.220166
-0.919843 0.320132 -0.190873
-0.912411 0.394446 -0.172655
-0.922303 0.444437 -0.203155
-0.961145 0.415965 -0.209682
-0.971628 0.434845 -0.169302
-0.952489 0.487640 -0.144634
-0.922397 0.485249 -0.118514
-0.901215 0.504184 -0.079187
-0.891511 0.498935 -0.041402
-0.927692 0.471370 -0.028156
-0.926577 0.396727 -0.046425
-0.893124 0.365039 -0.030546
-0.906443 0.368282 0.007458
-0.941562 0.320929 0.001844
-0.920717 0.249997 -0.007651
-0.900825 0.245352 0.026344
-0.932826 0.238674 0.050074
-0.948511 0.168840 0.032884
-0.918055 0.117310 0.042635
-0.922141 0.122174 0.082039
-0.961386 0.098512 0.083864
-0.957018 0.018565 0.070631
-0.934103 -0.002295 0.106502
-0.937356 0.055254 0.140047
-0.926603 0.141138 0.139880
-0.932181 0.226306 0.138647
-0.929856 0.308150 0.131902
-0.920609 0.388455 0.137824
-0.923942 0.467357 0.151957
-0.926079 0.550190 0.150749
-0.885275 0.564811 0.145803
-0.882090 0.537136 0.109135
-0.907572 0.595592 0.091752
-0.886995 0.667844 0.106514
-0.841285 0.647232 0.100476
-0.831004 0.626400 0.062292
-0.811502 0.613016 0.023980
-0.827066 0.591002 -0.015642
-0.805266 0.672159 -0.033899
-0.792632 0.746609 -0.046361
-0.791396 0.834389 -0.045102
-0.759247 0.874569 -0.069372
-0.732931 0.943798 -0.069796
-0.735780 0.967186 -0.029389
-0.727998 0.882786 -0.014435
-0.700271 0.826804 -0.000263
-0.690326 0.730120 0.000816
-0.687880 0.642642 0.001972
-0.699196 0.571297 -0.020884
-0.697503 0.503442 0.002550
-0.713093 0.444327 0.024828
-0.734907 0.445179 0.067252
-0.740121 0.426930 0.108981
-0.757594 0.455925 0.149593
-0.748199 0.471645 0.190179
-0.753938 0.526693 0.221965
-0.786960 0.503992 0.249459
-0.827509 0.497506 0.259737
-0.841111 0.481264 0.220474
-0.815171 0.505751 0.187391
-0.820319 0.488849 0.144081
-0.796812 0.495307 0.102968
-0.786597 0.528369 0.062369
-0.757795 0.540351 0.028182
-0.772109 0.559287 -0.016400
-0.776087 0.566543 -0.057616
-0.806314 0.533591 -0.080228
-0.820332 0.483600 -0.114686
-0.834754 0.431685 -0.144480
-0.817335 0.341514 -0.133739
-0.799876 0.272010 -0.119234
-0.773695 0.307875 -0.093975
-0.804325 0.345004 -0.071954
-0.822966 0.272477 -0.062036
-0.789541 0.240378 -0.042597
-0.784084 0.305649 -0.017724
-0.819217 0.294903 0.002229
-0.806758 0.219188 0.016708
-0.772889 0.245489 0.035620
-0.788452 0.306419 0.059235
-0.816838 0.254366 0.075616
-0.788614 0.205062 0.093448
-0.778493 0.265167 0.119259
-0.814916 0.277424 0.136077
-0.818545 0.198247 0.149696
-0.786248 0.206766 0.174248
-0.797914 0.273219 0.195460
-0.832697 0.236420 0.208539
-0.817053 0.168373 0.228414
-0.790092 0.217869 0.254148
-0.806865 0.275308 0.278392
-0.800562 0.222926 0.311873
-0.759663 0.239443 0.319813
-0.724894 0.280942 0.324400
-0.696307 0.320600 0.303612
-0.670408 0.250821 0.297458
-0.704330 0.205475 0.275103
-0.707502 0.252168 0.239515
-0.697503 0.175958 0.209464
-0.679695 0.104998 0.197978
-0.652976 0.042804 0.203965
-0.633608 0.087134 0.165833
-0.627547 0.113902 0.127970
-0.655153 0.053880 0.110844
-0.694223 0.077048 0.121868
-0.703457 0.145892 0.102339
-0.696938 0.109367 0.066352
-0.724854 0.045937 0.068575
-0.758857 0.094279 0.070823
-0.755752 0.123768 0.034040
-0.754664 0.051379 0.011531
-0.792068 0.018400 0.017377
-0.811650 0.081473 -0.002422
-0.793143 0.070370 -0.037291
-0.805682 -0.008973 -0.043548
-0.846971 0.007681 -0.043625
-0.847938 0.073750 -0.070309
-0.832912 0.027194 -0.102789
-0.863663 -0.022357 -0.115739
-0.897868 -0.041540 -0.135628
-0.921362 -0.045827 -0.103611
-0.919171 0.037115 -0.095697
-0.929184 0.073722 -0.130309
-0.967918 0.038874 -0.128857
-0.982420 0.074794 -0.094733
-0.975391 0.159881 -0.110536
-0.969934 0.174914 -0.152214
-0.932450 0.158012 -0.173952
-0.954250 0.085430 -0.193044
-0.979060 0.031619 -0.210273
-1.000000 -0.040853 -0.214346
-0.972837 -0.065093 -0.246465
-0.939009 -0.093263 -0.230251
-0.904521 -0.152048 -0.235211
-0.874859 -0.205337 -0.227052
-0.832993 -0.237464 -0.239977
-0.792874 -0.248183 -0.245245
-0.785200 -0.166092 -0.255253
-0.796839 -0.130722 -0.220474
-0.769569 -0.173512 -0.198312
-0.735337 -0.143721 -0.216145
-0.742971 -0.063581 -0.208128
-0.743361 -0.070864 -0.168800
-0.706857 -0.107196 -0.163045
-0.685057 -0.043986 -0.178012
-0.695823 0.015899 -0.153576
-0.681402 -0.026287 -0.122035
-0.641202 -0.036923 -0.132814
-0.629818 0.044701 -0.133495
-0.636968 0.049950 -0.092549
-0.625249 -0.026590 -0.074061
-0.590506 -0.052258 -0.094695
-0.568021 0.018894 -0.098600
-0.559943 0.029063 -0.057063
-0.536006 -0.032636 -0.042019
-0.499220 -0.003971 -0.055239
-0.501156 0.072183 -0.039706
-0.505672 0.050692 -0.001060
-0.472045 0.003422 0.002293
-0.443014 0.058167 -0.009655
-0.448941 0.119399 0.016413
-0.442449 0.073393 0.049624
-0.405113 0.046762 0.040644
-0.387735 0.122367 0.040631
-0.396753 0.142786 0.078134
-0.377278 0.080483 0.096018
-0.339458 0.099474 0.081166
-0.337885 0.178596 0.096416
-0.342159 0.160073 0.134677
-0.309513 0.104338 0.135807
-0.278184 0.101013 0.106039
-0.277996 0.060915 0.069667
-0.271007 0.147843 0.053582
-0.249409 0.214379 0.041171
-0.246049 0.283993 0.019021
-0.228953 0.239251 -0.013124
-0.271934 0.191376 -0.016631
-0.308518 0.221827 -0.026537
-0.305602 0.207069 -0.066648
-0.295858 0.126737 -0.065402
-0.329283 0.097715 -0.045166
-0.358274 0.123961 -0.069063
-0.344887 0.078339 -0.102121
-0.348583 0.003641 -0.085097
-0.389737 0.008533 -0.075706
-0.404252 0.020543 -0.111962
-0.389415 -0.054265 -0.126005
-0.404548 -0.111236 -0.098472
-0.445984 -0.082682 -0.090827
-0.458121 -0.041238 -0.127379
-0.440877 -0.019032 -0.162325
-0.416295 0.063719 -0.162094
-0.394562 0.138527 -0.182226
-0.375168 0.204952 -0.197631
-0.361889 0.263601 -0.225087
-0.327563 0.286081 -0.193430
-0.299312 0.301032 -0.164831
-0.287404 0.311778 -0.122356
-0.269166 0.348357 -0.087770
-0.265228 0.400932 -0.054520
-0.294568 0.459992 -0.065864
-0.329230 0.410331 -0.056100
-0.375773 0.387300 -0.046297
-0.407989 0.338244 -0.055085
-0.426899 0.340112 -0.020846
-0.435326 0.425721 -0.021693
-0.466400 0.422093 -0.049984
-0.495498 0.402251 -0.017107
-0.517176 0.415772 0.015038
-0.500511 0.360752 0.040657
-0.462260 0.398925 0.040181
-0.473577 0.481044 0.049959
-0.502648 0.449961 0.082194
-0.501693 0.376335 0.104446
-0.516760 0.292018 0.091778
-0.530079 0.215533 0.083042
-0.536114 0.137455 0.057757
-0.555817 0.071084 0.074742
-0.594605 0.090349 0.066712
-0.594726 0.054402 0.029993
-0.589552 -0.026122 0.043599
-0.619765 -0.034587 0.070656
-0.650314 -0.014799 0.047376
-0.647371 -0.078532 0.021835
-0.658405 -0.134652 0.050074
-0.693511 -0.103019 0.064644
-0.718469 -0.105520 0.033886
-0.718711 -0.193739 0.032820
-0.732367 -0.207261 0.068986
-0.767257 -0.163453 0.063038
-0.782592 -0.201517 0.031959
-0.785630 -0.279128 0.046682
-0.810024 -0.258681 0.077838
-0.841299 -0.221085 0.056511
-0.850398 -0.288472 0.033616
-0.861943 -0.335578 0.064489
-0.892371 -0.283141 0.076502
-0.911188 -0.287346 0.038730
-0.907102 -0.348962 0.011839
-0.885127 -0.359048 -0.020974
-0.877923 -0.382656 -0.063295
-0.835708 -0.375565 -0.079547
-0.809365 -0.309607 -0.077273
-0.794904 -0.237822 -0.060841
-0.807147 -0.180768 -0.089838
-0.850559 -0.190277 -0.075911
-0.855841 -0.149987 -0.041363
-0.888191 -0.118327 -0.012366
-0.904105 -0.083809 0.023145
-0.942637 -0.060806 0.019728
-0.964693 -0.097880 0.050974
-0.938592 -0.118931 0.085084
-0.937382 -0.132233 0.124424
-0.904320 -0.184560 0.123628
-0.878044 -0.124401 0.112309
-0.885073 -0.066165 0.140522
-0.874079 -0.114149 0.171383
-0.834995 -0.127643 0.160000
-0.825574 -0.045882 0.160719
-0.836071 -0.022000 0.197258
-0.808330 -0.069105 0.216697
-0.777714 -0.014415 0.201883
-0.788345 0.065203 0.209322
-0.788614 0.063114 0.249973
-0.746976 0.062125 0.256988
-0.712650 0.088398 0.242804
-0.684184 0.072293 0.277274
-0.696952 0.008616 0.303535
-0.675999 -0.055144 0.275103
-0.659212 -0.096258 0.245502
-0.656940 -0.125170 0.208564
-0.664642 -0.207041 0.217455
-0.704707 -0.186347 0.228684
-0.717972 -0.146579 0.196654
-0.713174 -0.215973 0.174479
-0.737783 -0.271021 0.192967
-0.773856 -0.231391 0.186646
-0.767136 -0.249914 0.144852
-0.741089 -0.323403 0.136051
-0.717596 -0.375455 0.160822
-0.676348 -0.322166 0.166925
-0.637358 -0.279211 0.174980
-0.624281 -0.261952 0.132493
-0.615397 -0.259231 0.094283
-0.632076 -0.277754 0.051038
-0.635987 -0.300950 0.010015
-0.669816 -0.342806 0.000597
-0.692812 -0.275033 -0.010195
-0.669225 -0.255273 -0.041171
-0.673566 -0.327745 -0.060635
-0.714841 -0.325189 -0.063295
-0.716978 -0.257032 -0.086523
-0.688377 -0.290671 -0.116472
-0.697825 -0.361302 -0.136244
-0.707072 -0.324750 -0.170830
-0.669399 -0.290424 -0.175571
-0.645664 -0.358333 -0.174235
-0.662209 -0.393731 -0.206200
-0.653231 -0.329422 -0.231086
-0.611916 -0.327003 -0.226230
-0.605075 -0.403488 -0.241223
-0.619187 -0.384442 -0.277878
-0.594928 -0.317439 -0.286435
-0.556596 -0.359955 -0.277955
-0.542256 -0.416295 -0.303998
-0.516733 -0.345197 -0.321779
-0.495968 -0.312850 -0.284893
-0.478953 -0.286604 -0.251270
-0.470311 -0.294628 -0.208423
-0.444613 -0.221112 -0.199070
-0.397774 -0.186017 -0.197849
-0.362548 -0.131134 -0.198993
-0.330856 -0.077955 -0.184770
-0.311542 -0.051132 -0.220603
-0.339081 0.006362 -0.235172
-0.342589 0.093153 -0.258838
-0.342159 0.159468 -0.284328
-0.296100 0.160760 -0.282876
-0.274582 0.095571 -0.297548
-0.267956 0.121075 -0.335719
-0.246358 0.195636 -0.322550
-0.211212 0.163096 -0.302610
-0.169789 0.158012 -0.283107
-0.133891 0.124208 -0.265660
-0.101755 0.127973 -0.234016
-0.055696 0.123631 -0.220860
-0.023157 0.129650 -0.188779
0.022673 0.132288 -0.177293
0.047739 0.164883 -0.149644
0.075050 0.101562 -0.145752
0.088046 0.103459 -0.183987
0.101984 0.189150 -0.183717
0.118340 0.202451 -0.141216
0.119389 0.166229 -0.106412
0.125450 0.232930 -0.080652
0.100116 0.288885 -0.104510
0.060884 0.281162 -0.094219
0.021101 0.306254 -0.086934
-0.021182 0.317384 -0.083093
-0.063572 0.313427 -0.090365
-0.094686 0.385596 -0.090056
-0.114402 0.456227 -0.102596
-0.082160 0.487475 -0.123075
-0.083114 0.425968 -0.150608
-0.122211 0.443035 -0.162248
-0.115169 0.521251 -0.174736
-0.086487 0.499650 -0.201190
-0.110935 0.449714 -0.222992
-0.139092 0.506850 -0.232885
-0.111809 0.559809 -0.249613
-0.098852 0.504184 -0.278084
-0.136216 0.497204 -0.294709
-0.142667 0.577865 -0.302572
-0.110276 0.584159 -0.326417
-0.122440 0.527957 -0.353410
-0.156833 0.570390 -0.363097
-0.139872 0.641048 -0.375675
-0.116553 0.605211 -0.404210
-0.146578 0.570115 -0.425910
-0.169077 0.638740 -0.433940
-0.138312 0.683317 -0.450514
-0.121781 0.623102 -0.478650
-0.159897 0.582235 -0.492924
-0.192530 0.650008 -0.488672
-0.195998 0.727261 -0.473396
-0.204707 0.728223 -0.429019
-0.217986 0.756888 -0.390939
-0.215889 0.708491 -0.354310
-0.216467 0.700438 -0.311180
-0.201669 0.643577 -0.286550
-0.198121 0.605101 -0.247519
-0.204371 0.551592 -0.215978
-0.245713 0.537411 -0.224470
-0.236224 0.484864 -0.257322
-0.218550 0.419153 -0.232628
-0.229679 0.337062 -0.219626
-0.225270 0.270828 -0.188637
-0.219572 0.173265 -0.180299
-0.196696 0.119289 -0.158587
-0.170260 0.122367 -0.128202
-0.128085 0.088508 -0.112861
-0.088933 0.073200 -0.100065
-0.072899 0.074712 -0.138647
-0.089122 0.126462 -0.164805
-0.134307 0.118931 -0.179169
-0.164548 0.153615 -0.212599
-0.193740 0.209020 -0.233438
-0.209935 0.266101 -0.268718
-0.231399 0.347588 -0.284957
-0.255699 0.415937 -0.306644
-0.278278 0.496242 -0.312284
-0.293291 0.574567 -0.312130
-0.305992 0.644511 -0.295762
-0.345197 0.626730 -0.281450
-0.347979 0.531777 -0.293257
-0.356056 0.449081 -0.284173
-0.367507 0.421379 -0.321959
-0.326112 0.430063 -0.337055
-0.296006 0.375593 -0.351406
-0.262056 0.353167 -0.369971
-0.241412 0.291935 -0.387161
-0.207422 0.247056 -0.388973
-0.191764 0.282124 -0.422351
-0.182248 0.356877 -0.402797
-0.158231 0.327031 -0.374468
-0.129321 0.296277 -0.398776
-0.118515 0.372927 -0.413653
-0.107803 0.411018 -0.379902
-0.078181 0.356025 -0.370857
-0.053882 0.364902 -0.401808
-0.044809 0.447322 -0.395808
-0.033170 0.433719 -0.352254
-0.006371 0.378121 -0.337016
0.022243 0.432592 -0.326533
-0.001492 0.477499 -0.300233
-0.007889 0.411430 -0.276452
0.030805 0.392357 -0.268011
0.042121 0.466313 -0.251913
0.017418 0.466038 -0.220204
0.035227 0.383947 -0.206393
0.065144 0.334918 -0.221836
0.053720 0.284130 -0.257643
0.040656 0.216220 -0.287925
0.022915 0.146332 -0.303407
0.028990 0.101480 -0.266456
0.008037 0.163014 -0.239849
-0.024595 0.178596 -0.271942
-0.063626 0.140450 -0.283775
-0.093140 0.119289 -0.314726
-0.118905 0.065423 -0.331607
-0.108368 0.086007 -0.373967
-0.065897 0.121817 -0.374956
-0.026974 0.128908 -0.386827
0.009287 0.166477 -0.390001
0.041033 0.219985 -0.404570
0.072174 0.180135 -0.420180
0.103731 0.174639 -0.444064
0.140987 0.151553 -0.450205
0.179399 0.166779 -0.445246
0.212300 0.199181 -0.459571
0.240538 0.202809 -0.486924
0.272458 0.230621 -0.504269
0.289675 0.253075 -0.539112
0.313558 0.172193 -0.527844
0.333329 0.103816 -0.520174
0.364765 0.076800 -0.499554
0.377910 0.023979 -0.528500
0.394119 0.086200 -0.552268
0.423714 0.107251 -0.527151
0.440474 0.032196 -0.523527
0.447503 0.021670 -0.562161
0.471547 0.090212 -0.568109
0.500712 0.066989 -0.541887
0.509663 -0.009275 -0.555698
0.518682 0.016284 -0.592610
0.548801 0.068528 -0.582974
0.572980 0.008286 -0.566619
0.575292 -0.042255 -0.597878
0.591433 0.013233 -0.623496
0.624200 0.030932 -0.601912
0.637882 -0.048823 -0.600421
0.642412 -0.058607 -0.639607
0.667666 0.006197 -0.646082
0.696562 -0.019966 -0.621916
0.702986 -0.096918 -0.638849
0.713819 -0.065670 -0.673911
0.745067 -0.014992 -0.661384
0.765806 -0.076855 -0.643384
0.768359 -0.128440 -0.675260
0.788613 -0.070067 -0.697525
0.819889 -0.054127 -0.671444
0.831246 -0.138307 -0.669979
0.837482 -0.139928 -0.709628
0.865894 -0.075756 -0.708831
0.890974 -0.117173 -0.681504
0.892775 -0.194701 -0.702034
0.905153 -0.160183 -0.737764
0.940245 -0.131161 -0.719148
0.950218 -0.222184 -0.703807
0.937046 -0.289050 -0.738946
0.954021 -0.258104 -0.779108
1.000000 -0.268630 -0.775421
0.992568 -0.356107 -0.783656
0.970902 -0.426793 -0.802311
0.935904 -0.465626 -0.835883
0.899669 -0.470518 -0.862580
0.874805 -0.444052 -0.902511
0.851903 -0.444025 -0.935658
0.805561 -0.426133 -0.953041
0.774286 -0.413629 -0.979752
0.724692 -0.431053 -0.986240
0.686012 -0.442486 -0.999486
0.653554 -0.504322 -1.000000
0.617426 -0.563327 -0.980780
0.584417 -0.617495 -0.981936
0.571515 -0.698597 -0.963422
0.540683 -0.756585 -0.939307
0.510497 -0.824358 -0.940001
0.499892 -0.899056 -0.911941
0.468066 -0.921207 -0.876559
0.434654 -0.971171 -0.866910
0.402989 -0.979525 -0.830294
0.366741 -0.998159 -0.807181
0.349793 -1.000000 -0.767173
0.319472 -0.978948 -0.730467
0.302860 -0.939208 -0.693825
0.279649 -0.903426 -0.658057
0.277297 -0.856815 -0.620001
0.268883 -0.814959 -0.582062
0.280428 -0.731659 -0.556662
