-1.000000 -0.377284 -1.000000
-0.950171 -0.373890 -0.955971
-0.920266 -0.422260 -0.900347
-0.881082 -0.458145 -0.850038
-0.833366 -0.478311 -0.806592
-0.779893 -0.481487 -0.747805
-0.741413 -0.529916 -0.705727
-0.678496 -0.525986 -0.656674
-0.635729 -0.567290 -0.605805
-0.586460 -0.592815 -0.565858
-0.524329 -0.600992 -0.532573
-0.484110 -0.649680 -0.513508
-0.432521 -0.678043 -0.465442
-0.393483 -0.723495 -0.427267
-0.358110 -0.766705 -0.400419
-0.292086 -0.798442 -0.383396
-0.254932 -0.847646 -0.359127
-0.185221 -0.873369 -0.337303
-0.142641 -0.919952 -0.317745
-0.073096 -0.934322 -0.283944
-0.029854 -0.962547 -0.239960
0.022439 -0.985848 -0.200328
0.099833 -0.988329 -0.195999
0.165422 -1.000000 -0.173771
0.242340 -0.992120 -0.170900
0.309296 -0.996368 -0.162063
0.374450 -0.954329 -0.155222
0.441820 -0.932377 -0.147776
0.490116 -0.890359 -0.176530
0.548643 -0.842386 -0.161300
0.612720 -0.815432 -0.138849
0.665158 -0.773870 -0.131268
0.728055 -0.759679 -0.095470
0.771091 -0.701781 -0.075800
0.801845 -0.654900 -0.038029
0.844280 -0.625227 0.024773
0.838337 -0.585670 0.087800
0.865798 -0.544683 0.136180
0.843949 -0.501930 0.200709
0.837487 -0.488414 0.273223
0.851073 -0.437245 0.320459
0.827671 -0.371945 0.354910
0.824005 -0.325440 0.413294
0.825434 -0.254761 0.426168
0.826200 -0.210103 0.479483
0.845026 -0.152821 0.507183
0.847055 -0.080137 0.493299
0.847428 -0.025118 0.537889
0.835292 0.045244 0.526719
0.822970 0.109334 0.551369
0.785174 0.172034 0.551414
0.751623 0.230129 0.584430
0.724721 0.289614 0.610021
0.717141 0.363271 0.609573
0.661348 0.387009 0.656002
0.642418 0.444807 0.690004
0.588551 0.484861 0.727932
0.537439 0.488017 0.792215
0.497199 0.492899 0.861634
0.423367 0.496750 0.887898
0.377494 0.505027 0.940630
0.303021 0.489287 0.964764
0.243872 0.499588 0.999036
0.164635 0.500858 1.000000
0.096499 0.513125 0.986924
0.038718 0.546450 0.986116
-0.016786 0.590433 0.950723
-0.065662 0.617863 0.903217
-0.102795 0.644003 0.840640
-0.130339 0.675959 0.782570
-0.137961 0.689098 0.701892
-0.151257 0.716132 0.636017
-0.128248 0.706982 0.555922
-0.116194 0.719942 0.490675
-0.073283 0.701881 0.424755
-0.044040 0.692909 0.355404
-0.013223 0.628522 0.325147
-0.017241 0.594105 0.252094
0.012809 0.588885 0.185277
-0.027658 0.548970 0.129944
-0.045469 0.585511 0.062634
-0.034700 0.580807 -0.008131
-0.057502 0.622190 -0.065101
-0.061354 0.633603 -0.135395
-0.079351 0.673835 -0.185905
-0.096375 0.700888 -0.247676
-0.084487 0.743264 -0.303502
-0.116774 0.778395 -0.362962
-0.083700 0.829643 -0.414079
-0.082955 0.873071 -0.468313
-0.038034 0.922811 -0.510503
0.012312 0.954071 -0.564243
0.063052 0.990532 -0.593491
0.130898 1.000000 -0.629154
0.198911 0.977552 -0.663695
0.270091 0.989421 -0.685855
0.341293 0.970883 -0.697675
0.403858 0.955401 -0.741188
0.467935 0.917531 -0.721069
0.496371 0.861500 -0.766959
0.539406 0.813308 -0.778824
0.542036 0.736575 -0.781023
0.538619 0.668575 -0.771131
0.520456 0.608336 -0.745315
0.465989 0.569017 -0.700546
0.422912 0.540793 -0.650282
0.389133 0.519059 -0.588601
0.379255 0.499767 -0.515504
0.349929 0.504689 -0.448800
0.339657 0.521481 -0.377295
0.397790 0.537439 -0.328758
0.433536 0.555520 -0.273470
0.491918 0.556354 -0.251578
0.540835 0.561594 -0.209277
0.606528 0.568183 -0.198578
0.648756 0.517809 -0.190616
0.711487 0.519218 -0.186960
0.719564 0.484901 -0.129563
0.688768 0.434804 -0.155177
0.726088 0.426984 -0.210712
0.783144 0.422002 -0.180500
0.765934 0.375478 -0.138894
0.748206 0.336674 -0.190907
0.803854 0.338084 -0.225987
0.841961 0.318553 -0.174197
0.808265 0.265201 -0.166302
0.815224 0.244063 -0.231549
0.879363 0.244897 -0.234465
0.887834 0.207800 -0.181487
0.852813 0.160363 -0.203423
0.884189 0.154091 -0.264834
0.942219 0.143095 -0.236416
0.926355 0.094189 -0.197995
0.903718 0.062393 -0.253552
0.959077 0.065330 -0.294418
1.000000 0.031529 -0.250726
0.959470 -0.020692 -0.249784
0.943337 -0.064775 -0.296504
0.873254 -0.074738 -0.313977
0.858053 -0.104848 -0.373347
0.789191 -0.130313 -0.349550
0.731224 -0.154647 -0.329004
0.695126 -0.141885 -0.272438
0.642501 -0.148831 -0.236080
0.594247 -0.113422 -0.198309
0.540918 -0.142778 -0.176889
0.572874 -0.160522 -0.107694
0.586708 -0.110921 -0.065482
0.582028 -0.064616 -0.019547
0.579377 -0.020315 -0.068331
0.515424 -0.034585 -0.087508
0.483116 -0.006877 -0.033543
0.434364 0.033434 -0.025895
0.399841 0.061083 0.023988
0.361672 0.090914 -0.022485
0.335722 0.039627 -0.047853
0.313873 0.017536 0.011585
0.278065 0.068208 0.025065
0.241656 0.061857 -0.031502
0.219227 0.005349 -0.021543
0.193485 0.018627 0.040945
0.153700 0.063008 0.015936
0.124002 0.029961 -0.034822
0.101242 -0.011522 0.010934
0.070984 0.030258 0.052877
0.032256 0.049610 0.000639
0.006886 -0.005190 -0.014635
-0.019374 -0.014043 0.048032
-0.055327 0.037781 0.050006
-0.089333 0.021902 -0.008624
-0.110768 -0.030914 0.019099
-0.142351 -0.004595 0.071897
-0.183523 0.025594 0.028653
-0.206139 -0.022180 -0.004205
-0.227863 -0.047070 0.057228
-0.268580 -0.003980 0.076899
-0.303248 -0.005984 0.018291
-0.320003 -0.066025 0.025738
-0.343509 -0.067613 0.091523
-0.389341 -0.020215 0.068465
-0.418687 -0.039091 0.008961
-0.462634 -0.078331 0.034777
-0.504737 -0.026388 0.049087
-0.517267 -0.005111 -0.027218
-0.557693 -0.039944 -0.069138
-0.618726 -0.007135 -0.054245
-0.604478 0.051377 -0.097870
-0.629889 0.071245 -0.165674
-0.624877 0.139741 -0.173838
-0.616510 0.201191 -0.203490
-0.561918 0.253392 -0.205240
-0.518199 0.299757 -0.201404
-0.445486 0.300809 -0.172268
-0.392219 0.336873 -0.158362
-0.371095 0.329708 -0.085714
-0.320893 0.333638 -0.044376
-0.273074 0.304024 -0.005686
-0.269180 0.357614 0.048145
-0.320562 0.342847 0.095538
-0.362314 0.327862 0.142594
-0.416616 0.310912 0.168209
-0.451699 0.299935 0.221882
-0.473113 0.260517 0.267324
-0.520995 0.239815 0.228790
-0.489143 0.216911 0.173053
-0.453998 0.174971 0.213314
-0.512628 0.142639 0.239467
-0.578010 0.147938 0.224417
-0.619037 0.116876 0.261963
-0.639374 0.095122 0.324810
-0.656481 0.060209 0.377205
-0.707759 0.047864 0.429847
-0.747999 0.023331 0.476500
-0.800375 -0.007652 0.501307
-0.836825 -0.003047 0.558726
-0.878431 -0.050960 0.536521
-0.884934 -0.096591 0.489150
-0.925816 -0.150737 0.499916
-0.906556 -0.162229 0.576624
-0.895145 -0.186325 0.640032
-0.852316 -0.208614 0.692449
-0.832434 -0.258493 0.739102
-0.801079 -0.305731 0.768081
-0.842023 -0.349993 0.731409
-0.818931 -0.356701 0.665713
-0.779043 -0.367876 0.615472
-0.727330 -0.353962 0.579944
-0.761274 -0.336913 0.523444
-0.791532 -0.289019 0.550786
-0.738369 -0.259882 0.568146
-0.711777 -0.255892 0.503684
-0.761046 -0.228998 0.469210
-0.758478 -0.177333 0.514159
-0.699123 -0.160204 0.505433
-0.700780 -0.154171 0.435992
-0.748475 -0.111021 0.437562
-0.718611 -0.068585 0.477128
-0.661430 -0.066978 0.436127
-0.648777 -0.090716 0.372966
-0.615060 -0.145537 0.358387
-0.586977 -0.190751 0.318754
-0.577616 -0.230705 0.380368
-0.607770 -0.275145 0.412643
-0.557134 -0.304659 0.437585
-0.543238 -0.264804 0.486705
-0.599404 -0.273736 0.520057
-0.590498 -0.333062 0.533268
-0.538847 -0.324051 0.573215
-0.566951 -0.289972 0.620586
-0.609800 -0.331712 0.641041
-0.568732 -0.378574 0.656966
-0.526794 -0.347988 0.705099
-0.576809 -0.313234 0.745068
-0.644738 -0.304937 0.731925
-0.693386 -0.267404 0.742040
-0.670502 -0.227787 0.787213
-0.622537 -0.206034 0.746392
-0.660271 -0.188488 0.693279
-0.693076 -0.147125 0.734280
-0.644593 -0.112946 0.753412
-0.627259 -0.096889 0.688659
-0.683425 -0.068387 0.673967
-0.677170 -0.024661 0.723043
-0.620797 -0.003146 0.703978
-0.641300 0.013209 0.640996
-0.684792 0.054553 0.661766
-0.643599 0.090895 0.695387
-0.604333 0.102466 0.643105
-0.648963 0.126800 0.599412
-0.665469 0.172570 0.643665
-0.603090 0.195455 0.651336
-0.570637 0.182474 0.583757
-0.522838 0.137657 0.587076
-0.462427 0.120726 0.556236
-0.398722 0.113144 0.530666
-0.336861 0.107190 0.519721
-0.276139 0.121699 0.535264
-0.278624 0.170486 0.482959
-0.334997 0.199702 0.462997
-0.361485 0.187535 0.399029
-0.421234 0.153496 0.434916
-0.469799 0.115288 0.449338
-0.508693 0.065687 0.453128
-0.554421 0.021684 0.463020
-0.583954 -0.019421 0.502226
-0.537107 -0.061678 0.492671
-0.491297 -0.021069 0.518487
-0.518634 -0.030437 0.583802
-0.517723 -0.090398 0.592392
-0.451823 -0.093713 0.580841
-0.442441 -0.057986 0.642701
-0.470980 -0.091093 0.690408
-0.436539 -0.142024 0.680943
-0.380373 -0.108500 0.708957
-0.410320 -0.084384 0.774428
-0.434924 -0.130055 0.814824
-0.425873 -0.167846 0.872579
-0.460915 -0.218796 0.847817
-0.405764 -0.239101 0.800514
-0.356826 -0.266213 0.768440
-0.315488 -0.282032 0.721383
-0.347361 -0.333042 0.702767
-0.395988 -0.302655 0.674461
-0.359621 -0.273319 0.628929
-0.335225 -0.322622 0.597663
-0.392199 -0.345824 0.576490
-0.413634 -0.300531 0.538898
-0.355790 -0.300154 0.497090
-0.337172 -0.349655 0.462818
-0.369687 -0.339830 0.403829
-0.340175 -0.285188 0.391336
-0.279452 -0.303707 0.389765
-0.287778 -0.343840 0.338829
-0.310414 -0.303528 0.292938
-0.257189 -0.268377 0.294351
-0.215727 -0.311646 0.273716
-0.244183 -0.324448 0.213740
-0.240435 -0.267404 0.189247
-0.176274 -0.264804 0.191804
-0.164822 -0.313651 0.150871
-0.198704 -0.292651 0.096166
-0.167079 -0.240014 0.088988
-0.110271 -0.266968 0.078088
-0.126218 -0.297157 0.020624
-0.144194 -0.247437 -0.014613
-0.088236 -0.219015 -0.011966
-0.055555 -0.261013 -0.046373
-0.091446 -0.259803 -0.104577
-0.082168 -0.199504 -0.117631
-0.018463 -0.201588 -0.119896
-0.014073 -0.243388 -0.170250
-0.045469 -0.206887 -0.216320
-0.006078 -0.159291 -0.214166
0.047540 -0.194125 -0.231280
0.028715 -0.216950 -0.291637
0.021280 -0.158696 -0.317319
0.080179 -0.137399 -0.311285
0.107827 -0.180013 -0.349505
0.072558 -0.167628 -0.407373
0.096665 -0.106079 -0.410378
0.156351 -0.125351 -0.425226
0.194851 -0.122433 -0.480044
0.248532 -0.144385 -0.501217
0.301799 -0.142480 -0.535803
0.352953 -0.175845 -0.566060
0.412204 -0.147363 -0.536296
0.421379 -0.200000 -0.477150
0.438382 -0.258294 -0.463244
0.467107 -0.250633 -0.401384
0.406778 -0.249978 -0.365878
0.367491 -0.300948 -0.375299
0.385985 -0.339691 -0.322298
0.374077 -0.303945 -0.264722
0.311305 -0.290527 -0.275959
0.286763 -0.346519 -0.281006
0.300163 -0.365534 -0.215333
0.273716 -0.321173 -0.174848
0.213884 -0.325897 -0.207168
0.204254 -0.384608 -0.189404
0.209763 -0.384568 -0.121017
0.164946 -0.340029 -0.109601
0.117126 -0.379408 -0.140778
0.120688 -0.430576 -0.100786
0.105860 -0.405925 -0.038792
0.042363 -0.392666 -0.062948
0.025194 -0.457331 -0.075217
0.040312 -0.493475 -0.019345
-0.016434 -0.480435 0.014433
-0.048348 -0.539463 -0.024414
-0.007010 -0.599365 -0.008400
-0.012934 -0.634179 0.066649
-0.026519 -0.690170 0.098274
0.023537 -0.702972 0.158542
0.058164 -0.715893 0.219168
0.077321 -0.682211 0.285357
0.099440 -0.704580 0.350783
0.118824 -0.653114 0.407440
0.149952 -0.616176 0.453420
0.142683 -0.558021 0.505905
0.147156 -0.497802 0.524969
0.111762 -0.435320 0.528558
0.082975 -0.381789 0.551840
0.049031 -0.330859 0.567585
0.064688 -0.271652 0.562965
0.041016 -0.217030 0.580818
0.047975 -0.157406 0.571779
0.049031 -0.102943 0.610470
0.042797 -0.040024 0.600713
0.083037 -0.014182 0.665489
0.150138 -0.010490 0.654701
0.163310 0.061797 0.650170
0.191434 0.077279 0.723850
0.269242 0.082578 0.724501
0.320169 0.138709 0.709697
