1.000000 -0.712232 -0.571699
0.961098 -0.671129 -0.550998
0.926213 -0.642135 -0.503457
0.887442 -0.552162 -0.514994
0.839379 -0.566298 -0.494538
0.798968 -0.585498 -0.470236
0.771446 -0.439033 -0.466145
0.726284 -0.420846 -0.491156
0.687959 -0.514630 -0.460744
0.660739 -0.419254 -0.392284
0.640658 -0.272789 -0.431805
0.603305 -0.250066 -0.490338
0.555636 -0.294257 -0.488074
0.519398 -0.238778 -0.492111
0.486324 -0.288178 -0.529150
0.451648 -0.224160 -0.539542
0.421330 -0.250404 -0.590028
0.392482 -0.203223 -0.637732
0.354447 -0.227199 -0.658352
0.322409 -0.254312 -0.710557
0.289978 -0.172974 -0.741978
0.246771 -0.165014 -0.777353
0.208185 -0.151844 -0.789436
0.169926 -0.184215 -0.788045
0.140408 -0.310032 -0.800674
0.111757 -0.411776 -0.800756
0.088946 -0.537593 -0.782127
0.051961 -0.513617 -0.826367
0.011681 -0.529585 -0.802556
0.007770 -0.525436 -0.718003
0.004213 -0.379116 -0.702674
-0.027024 -0.351087 -0.753379
-0.052735 -0.447572 -0.717294
-0.052788 -0.379936 -0.643215
-0.066779 -0.248088 -0.667299
-0.102347 -0.303085 -0.695256
-0.113975 -0.358227 -0.620140
-0.111823 -0.230432 -0.576691
-0.140395 -0.165159 -0.622295
-0.171645 -0.258316 -0.608548
-0.168653 -0.265311 -0.522141
-0.166999 -0.115517 -0.503975
-0.202383 -0.071520 -0.536760
-0.227110 -0.172492 -0.500457
-0.214537 -0.164098 -0.418850
-0.217569 -0.015028 -0.405130
-0.255946 -0.006585 -0.426923
-0.268060 -0.094339 -0.361818
-0.255486 -0.009238 -0.300230
-0.277838 0.106544 -0.319759
-0.313668 0.042912 -0.315641
-0.313209 0.005765 -0.233734
-0.307276 0.145090 -0.202886
-0.337844 0.222471 -0.242107
-0.369041 0.135345 -0.213496
-0.366180 0.174856 -0.132189
-0.373149 0.256483 -0.065310
-0.356310 0.313313 0.002387
-0.367873 0.199122 0.054755
-0.343606 0.086379 0.014060
-0.304363 0.124539 0.030998
-0.264503 0.121596 0.054509
-0.225535 0.149866 0.056528
-0.218553 0.072726 -0.016570
-0.234053 0.153533 -0.080939
-0.200598 0.243988 -0.090267
-0.175123 0.131196 -0.112005
-0.196792 0.080493 -0.176483
-0.194719 0.208385 -0.218705
-0.154242 0.222713 -0.222442
-0.148100 0.098488 -0.264609
-0.171514 0.136551 -0.331515
-0.147351 0.251996 -0.352053
-0.112728 0.183684 -0.363209
-0.125341 0.088405 -0.419614
-0.139778 0.184456 -0.477219
-0.105589 0.260246 -0.492602
-0.084904 0.134428 -0.518022
-0.105064 0.065152 -0.579364
-0.100522 0.174663 -0.636532
-0.059206 0.132499 -0.650115
-0.054717 -0.000217 -0.689828
-0.049625 0.046289 -0.769007
-0.012377 0.099163 -0.753188
0.004318 -0.030996 -0.726076
-0.002782 -0.105917 -0.796773
0.020160 -0.017826 -0.844832
0.055085 -0.032009 -0.803292
0.057736 -0.182575 -0.808720
0.055911 -0.184311 -0.896764
0.090167 -0.084835 -0.908956
0.119081 -0.072147 -0.853069
0.110786 0.075524 -0.829531
0.080743 0.169742 -0.873280
0.057040 0.315483 -0.879171
0.022548 0.385628 -0.917138
0.010277 0.502569 -0.856233
0.036172 0.595050 -0.810765
0.035936 0.674072 -0.737559
-0.001299 0.649565 -0.709957
0.002796 0.500977 -0.701665
0.033941 0.501508 -0.649597
0.015146 0.574644 -0.587928
-0.019359 0.494223 -0.578491
-0.003741 0.357889 -0.566026
0.020002 0.396531 -0.501275
-0.008833 0.443761 -0.450898
-0.030699 0.315869 -0.446152
-0.003714 0.241672 -0.401939
-0.002008 0.333430 -0.333588
-0.040555 0.329715 -0.316623
-0.042393 0.183781 -0.302713
-0.016327 0.172299 -0.240825
-0.034321 0.271197 -0.188239
-0.072435 0.223629 -0.187803
-0.064771 0.086137 -0.160828
-0.045477 0.114794 -0.087948
-0.075651 0.201052 -0.056664
-0.103541 0.093519 -0.055655
-0.082791 0.000941 -0.003696
-0.080599 0.100080 0.059064
-0.120708 0.122850 0.068256
-0.128622 -0.019177 0.086312
-0.104381 -0.034276 0.153109
-0.122086 0.081410 0.197212
-0.159308 0.023470 0.200240
-0.145422 -0.095448 0.245053
-0.129817 -0.027667 0.310486
-0.163272 0.040645 0.335170
-0.189639 -0.079239 0.338797
-0.161697 -0.162216 0.397930
-0.137587 -0.064814 0.449753
-0.165175 0.078467 0.447189
-0.202777 0.130907 0.461454
-0.190282 0.266807 0.488019
-0.171750 0.303519 0.415550
-0.204575 0.291121 0.366918
-0.224971 0.402224 0.401830
-0.196517 0.508696 0.390320
-0.193144 0.494464 0.306613
-0.231507 0.521866 0.282802
-0.228620 0.666739 0.311113
-0.192448 0.710157 0.261254
-0.193354 0.589888 0.190776
-0.199798 0.532238 0.115087
-0.192487 0.475601 0.040354
-0.185374 0.611935 0.006232
-0.148533 0.631474 0.041008
-0.131523 0.509661 0.009942
-0.139358 0.551246 -0.070738
-0.117283 0.673638 -0.072811
-0.081859 0.611839 -0.051673
-0.077502 0.517621 -0.116560
-0.077803 0.623079 -0.177383
-0.045674 0.697663 -0.150981
-0.019897 0.583231 -0.153381
-0.023782 0.545023 -0.234061
-0.012455 0.676918 -0.264582
0.024307 0.691391 -0.228006
0.040936 0.560508 -0.255390
0.035844 0.607545 -0.341334
0.059153 0.721880 -0.365282
0.089511 0.650964 -0.400848
0.066739 0.606001 -0.467345
0.058444 0.740454 -0.499120
0.098672 0.781895 -0.507385
0.119186 0.652845 -0.542160
0.100890 0.625009 -0.615012
0.110930 0.577635 -0.707938
0.128911 0.578599 -0.795355
0.166199 0.485105 -0.834931
0.204943 0.424995 -0.843959
0.233345 0.312396 -0.825712
0.267154 0.277613 -0.869843
0.252100 0.277131 -0.950114
0.212463 0.253685 -0.968661
0.171645 0.252913 -1.000000
0.151486 0.286827 -0.916729
0.124173 0.332513 -0.856642
0.120249 0.344670 -0.768762
0.111455 0.341824 -0.679518
0.136510 0.429529 -0.611166
0.164781 0.506911 -0.563571
0.182854 0.648889 -0.547043
0.216742 0.728634 -0.510549
0.224866 0.864775 -0.542406
0.203433 0.939118 -0.478528
0.229434 0.865403 -0.406085
0.270094 0.830378 -0.444052
0.306200 0.768386 -0.467127
0.330862 0.658393 -0.484365
0.333578 0.621536 -0.396021
0.286828 0.606194 -0.380856
0.264752 0.496683 -0.412249
0.267810 0.407675 -0.346134
0.248163 0.499819 -0.291039
0.212122 0.487469 -0.332851
0.208132 0.342162 -0.327860
0.211833 0.330439 -0.245189
0.182762 0.424512 -0.220478
0.152024 0.358034 -0.265209
0.156578 0.217358 -0.235289
0.153664 0.245724 -0.152099
0.118293 0.316690 -0.153818
0.097359 0.204863 -0.189848
0.103961 0.107605 -0.126570
0.090390 0.187351 -0.061710
0.051646 0.224256 -0.096431
0.041067 0.084304 -0.134234
0.057998 -0.015172 -0.059228
0.071530 0.014159 0.019543
0.040083 0.092795 0.050173
0.010592 -0.002774 0.033835
0.025291 -0.126903 0.070874
0.026945 -0.069687 0.149317
-0.012823 -0.044793 0.153763
-0.024320 -0.186338 0.142308
-0.004804 -0.250308 0.206050
-0.021866 -0.168391 0.267091
-0.058943 -0.212533 0.251135
-0.053011 -0.361025 0.261363
-0.041566 -0.359288 0.340789
-0.075979 -0.298984 0.372428
-0.100444 -0.401307 0.341961
-0.084379 -0.518730 0.381565
-0.088526 -0.468027 0.459844
-0.128649 -0.450129 0.458153
-0.138020 -0.588441 0.438597
-0.122257 -0.653231 0.506948
-0.143309 -0.572666 0.570499
-0.187605 -0.565960 0.545215
-0.214484 -0.683913 0.542515
-0.243398 -0.647683 0.610348
-0.268178 -0.502279 0.578409
-0.287209 -0.503582 0.494838
-0.310348 -0.526835 0.427523
-0.307893 -0.596063 0.353717
-0.315506 -0.477290 0.302112
-0.281224 -0.398847 0.314550
-0.256523 -0.507007 0.290275
-0.270790 -0.524664 0.211968
-0.260775 -0.384519 0.187884
-0.221217 -0.389970 0.205777
-0.211505 -0.509661 0.157909
-0.220404 -0.456497 0.082603
-0.193747 -0.344333 0.085985
-0.161749 -0.430060 0.096104
-0.163495 -0.504740 0.023770
-0.157694 -0.389826 -0.025761
-0.121903 -0.341535 0.005851
-0.101533 -0.464505 -0.008251
-0.105890 -0.462817 -0.091358
-0.087831 -0.333189 -0.104259
-0.051685 -0.369757 -0.069374
-0.044047 -0.484237 -0.120351
-0.045727 -0.409267 -0.192221
-0.017535 -0.311672 -0.174901
0.012311 -0.406807 -0.162655
0.011392 -0.474009 -0.238043
0.016629 -0.342596 -0.284902
0.049467 -0.265938 -0.240007
0.081833 -0.351810 -0.229124
0.098370 -0.345780 -0.305413
0.104079 -0.198688 -0.307867
0.127271 -0.187013 -0.238780
0.155935 -0.284705 -0.259809
0.169099 -0.228791 -0.331624
0.177289 -0.093422 -0.301512
0.204050 -0.137950 -0.241971
0.229880 -0.206841 -0.293521
0.240734 -0.092891 -0.341607
0.254082 -0.006103 -0.274074
0.283127 -0.114552 -0.254572
0.305019 -0.126854 -0.324724
0.319902 0.015076 -0.323469
0.337778 -0.001809 -0.241780
0.355234 -0.152278 -0.252417
0.361272 -0.233326 -0.321041
0.344341 -0.345828 -0.367136
0.337345 -0.425332 -0.437724
0.318472 -0.445160 -0.510085
0.292669 -0.551535 -0.485156
0.269792 -0.454085 -0.438270
0.258662 -0.363196 -0.500239
0.241574 -0.471163 -0.545243
0.213605 -0.500109 -0.486956
0.196254 -0.365897 -0.484719
0.184954 -0.360156 -0.564935
0.161054 -0.485057 -0.564990
0.134594 -0.439371 -0.498439
0.115563 -0.308054 -0.513003
0.083040 -0.359770 -0.553561
0.069089 -0.440481 -0.486301
0.064981 -0.327399 -0.432542
0.038600 -0.257013 -0.483737
0.010618 -0.362183 -0.487338
0.002664 -0.364353 -0.403739
-0.009253 -0.222471 -0.394820
-0.041632 -0.231879 -0.448798
-0.064836 -0.331259 -0.408513
-0.081662 -0.249729 -0.350635
-0.111980 -0.186868 -0.398175
-0.131838 -0.334298 -0.400657
-0.138282 -0.381866 -0.319050
-0.168981 -0.310997 -0.283674
-0.198905 -0.393830 -0.317632
-0.187631 -0.522445 -0.281165
-0.191241 -0.478303 -0.202122
-0.231245 -0.457558 -0.211423
-0.241403 -0.597414 -0.235452
-0.227189 -0.659503 -0.159600
-0.233069 -0.546084 -0.089749
-0.274031 -0.477820 -0.109687
-0.314167 -0.459729 -0.101095
-0.316542 -0.325277 -0.138871
-0.306082 -0.368936 -0.214478
-0.334786 -0.467931 -0.225360
-0.366508 -0.375256 -0.214859
-0.357387 -0.287358 -0.279774
-0.357885 -0.392190 -0.340270
-0.395816 -0.437682 -0.328106
-0.413324 -0.306703 -0.345098
-0.403769 -0.311190 -0.427005
-0.421855 -0.437924 -0.450353
-0.459235 -0.399474 -0.426050
-0.462135 -0.275153 -0.473345
-0.458683 -0.349977 -0.545734
-0.489776 -0.444726 -0.537987
-0.519740 -0.344429 -0.527050
-0.513033 -0.276696 -0.604457
-0.520658 -0.406276 -0.650933
-0.559691 -0.438503 -0.620549
-0.584773 -0.315098 -0.641224
-0.592831 -0.354415 -0.732268
-0.619685 -0.496876 -0.733086
-0.661080 -0.438551 -0.694410
-0.703027 -0.438792 -0.734368
-0.740327 -0.528331 -0.711130
-0.765684 -0.618400 -0.652079
-0.790857 -0.662156 -0.566217
-0.825795 -0.706298 -0.526886
-0.838526 -0.782232 -0.438597
-0.864513 -0.849965 -0.372018
-0.872716 -0.885616 -0.274374
-0.900436 -0.948139 -0.196667
-0.904281 -1.000000 -0.111705
-0.920674 -0.984080 -0.014169
-0.939639 -0.998408 0.073493
-0.945624 -0.979642 0.170919
-0.968698 -0.997443 0.250453
-0.972609 -0.920062 0.343080
-0.992033 -0.885809 0.426787
-0.987217 -0.823673 0.522522
-1.000000 -0.763852 0.607075
-0.981140 -0.731722 0.700520
-0.972202 -0.683865 0.786491
-0.941910 -0.667993 0.865998
-0.914387 -0.646236 0.933967
-0.869724 -0.587042 0.961624
-0.834956 -0.528668 1.000000
-0.792957 -0.445546 0.979271
-0.765146 -0.321273 0.948941
-0.735405 -0.221989 0.932658
-0.712595 -0.149528 0.851351
-0.700152 -0.063174 0.782809
-0.686555 0.012567 0.711511
-0.660844 0.005572 0.628213
-0.649005 0.095207 0.552798
-0.618162 0.115035 0.484637
-0.601782 0.230046 0.422996
-0.570755 0.324119 0.390402
-0.534846 0.427165 0.380119
-0.517377 0.555057 0.337952
-0.479460 0.661432 0.356717
-0.454392 0.777215 0.375101
-0.417550 0.869793 0.419777
-0.389647 0.947126 0.468736
-0.346808 1.000000 0.512731
-0.315807 0.973901 0.573009
-0.270619 0.923342 0.562535
