0.415857 -1.000000 -0.132644
0.468583 -0.960298 -0.170616
0.520019 -0.907289 -0.142026
0.564550 -0.856128 -0.111998
0.627155 -0.819472 -0.118777
0.675222 -0.764124 -0.154694
0.729008 -0.723184 -0.106553
0.785291 -0.684130 -0.130795
0.842280 -0.631829 -0.132473
0.876911 -0.566163 -0.108574
0.908837 -0.506412 -0.130110
0.943343 -0.439547 -0.106211
0.964912 -0.373370 -0.110286
0.987666 -0.312185 -0.134014
0.977870 -0.237458 -0.140177
0.999106 -0.170868 -0.137574
0.987645 -0.102234 -0.178491
1.000000 -0.037806 -0.215401
0.988456 0.016323 -0.306512
0.973232 0.066384 -0.379751
0.958027 0.090579 -0.484729
0.907590 0.130831 -0.555982
0.866303 0.158623 -0.638362
0.794942 0.174720 -0.682463
0.731255 0.184036 -0.721975
0.657959 0.194866 -0.688283
0.592774 0.202256 -0.687770
0.531979 0.207249 -0.677292
0.474552 0.223700 -0.704342
0.415067 0.239934 -0.689105
0.354250 0.224957 -0.680990
0.296179 0.235512 -0.704136
0.235820 0.226825 -0.680477
0.183219 0.216054 -0.725091
0.121134 0.219670 -0.696946
0.073442 0.193137 -0.740430
0.012625 0.191210 -0.747107
-0.037584 0.156029 -0.741697
-0.084174 0.119884 -0.808669
-0.145760 0.107010 -0.865302
-0.142703 0.117761 -0.967541
-0.144200 0.178926 -1.000000
-0.172653 0.209686 -0.894234
-0.147590 0.191643 -0.791618
-0.121384 0.208113 -0.696809
-0.089852 0.199682 -0.600801
-0.089873 0.210275 -0.480860
-0.112294 0.193176 -0.384921
-0.143389 0.171104 -0.302198
-0.206722 0.148658 -0.248853
-0.195907 0.075739 -0.239848
-0.224298 0.012825 -0.230809
-0.236486 -0.050601 -0.251250
-0.223611 -0.108995 -0.262275
-0.184946 -0.097183 -0.365130
-0.164812 -0.025974 -0.349586
-0.174234 0.039162 -0.389372
-0.188814 0.104219 -0.391221
-0.192496 0.160412 -0.462645
-0.184446 0.208330 -0.524413
-0.203311 0.236357 -0.627131
-0.206036 0.259255 -0.744881
-0.221906 0.285415 -0.836814
-0.202250 0.314543 -0.930151
-0.265792 0.327633 -0.966856
-0.294765 0.352162 -0.868657
-0.270992 0.355229 -0.766555
-0.285884 0.306151 -0.696672
-0.297490 0.259333 -0.620763
-0.280497 0.194375 -0.581627
-0.266894 0.131558 -0.567452
-0.220574 0.080044 -0.540060
-0.205953 0.017011 -0.542183
-0.154142 -0.028450 -0.509519
-0.120281 -0.086608 -0.539067
-0.081158 -0.131362 -0.564987
-0.062917 -0.180027 -0.620112
-0.054494 -0.207563 -0.512326
-0.104079 -0.232564 -0.465897
-0.144429 -0.275038 -0.421181
-0.199006 -0.230618 -0.450558
-0.237588 -0.209627 -0.529035
-0.286008 -0.156500 -0.555502
-0.284885 -0.117112 -0.636684
-0.318975 -0.155537 -0.701911
-0.372762 -0.158073 -0.641033
-0.383931 -0.099345 -0.640690
-0.391522 -0.096337 -0.745634
-0.442189 -0.131971 -0.749435
-0.480043 -0.097870 -0.687051
-0.481562 -0.050031 -0.750086
-0.509079 -0.081164 -0.831850
-0.563260 -0.098971 -0.777375
-0.583228 -0.042680 -0.754948
-0.573868 0.015124 -0.799219
-0.603299 0.072693 -0.808533
-0.661557 0.062669 -0.750531
-0.640508 0.076407 -0.648360
-0.639240 0.101998 -0.555571
-0.578589 0.089458 -0.512806
-0.524033 0.093880 -0.587893
-0.470434 0.101703 -0.644422
-0.430001 0.104121 -0.724474
-0.389255 0.079788 -0.807642
-0.332786 0.087355 -0.872526
-0.286528 0.032558 -0.835616
-0.238628 -0.019291 -0.864377
-0.162649 -0.031359 -0.840820
-0.100855 -0.009857 -0.824522
-0.043283 0.006358 -0.747073
0.004617 -0.034464 -0.742793
-0.024377 -0.068939 -0.652469
-0.095426 -0.058856 -0.683764
-0.157116 -0.043191 -0.675306
-0.213087 -0.000030 -0.707320
-0.264211 0.045530 -0.676710
-0.312257 0.093900 -0.700712
-0.355852 0.139774 -0.639800
-0.383411 0.175585 -0.573101
-0.389692 0.214953 -0.491577
-0.410990 0.222776 -0.383620
-0.415940 0.221734 -0.270801
-0.432975 0.186847 -0.186400
-0.462364 0.149916 -0.111279
-0.487198 0.131775 -0.019790
-0.431977 0.141740 0.034548
-0.426818 0.201215 0.019208
-0.486969 0.211317 0.062179
-0.474240 0.187201 0.159385
-0.427193 0.226687 0.180545
-0.467626 0.276079 0.166712
-0.511221 0.250017 0.249469
-0.490859 0.212713 0.327227
-0.528984 0.161709 0.305211
-0.591859 0.186218 0.251832
-0.661245 0.190228 0.216565
-0.722894 0.195810 0.187804
-0.774392 0.182798 0.133637
-0.758002 0.213754 0.048620
-0.705942 0.181698 0.024516
-0.733210 0.126566 0.017873
-0.775162 0.139754 -0.060433
-0.732108 0.156952 -0.133295
-0.705443 0.101231 -0.131274
-0.752574 0.061136 -0.151202
-0.770128 0.080653 -0.246080
-0.712619 0.068978 -0.290249
-0.701075 0.010309 -0.264500
-0.748976 -0.009719 -0.322810
-0.724973 0.011115 -0.416456
-0.671104 -0.021571 -0.411011
-0.698039 -0.077174 -0.401390
-0.730693 -0.074560 -0.490139
-0.680671 -0.070334 -0.553140
-0.654215 -0.122852 -0.527837
-0.707232 -0.156775 -0.549373
-0.708397 -0.142447 -0.655619
-0.645479 -0.172460 -0.670068
-0.627842 -0.218727 -0.601760
-0.608103 -0.195417 -0.496234
-0.566172 -0.188184 -0.402178
-0.523721 -0.162298 -0.321989
-0.496911 -0.173010 -0.220023
-0.489611 -0.105064 -0.180751
-0.517731 -0.074285 -0.103780
-0.494769 -0.005002 -0.080497
-0.471016 0.051466 -0.081867
-0.425030 0.042503 -0.156303
-0.475239 0.036921 -0.240944
-0.500759 0.100052 -0.226323
-0.508143 0.159625 -0.287852
-0.511076 0.215739 -0.334418
-0.493500 0.267097 -0.381360
-0.475655 0.325019 -0.391118
-0.480126 0.383787 -0.389372
-0.513093 0.400474 -0.482812
-0.557749 0.354796 -0.511710
-0.610974 0.321993 -0.521194
-0.584205 0.279165 -0.445319
-0.582250 0.289444 -0.340649
-0.633686 0.246637 -0.324728
-0.607937 0.191682 -0.358009
-0.593856 0.130576 -0.353010
-0.543897 0.083719 -0.371020
-0.505106 0.031320 -0.407279
-0.444498 -0.010564 -0.390879
-0.419164 -0.067032 -0.403684
-0.416190 -0.121495 -0.461720
-0.381060 -0.166170 -0.419332
-0.440650 -0.194395 -0.382011
-0.477963 -0.214246 -0.461412
-0.533019 -0.252395 -0.520681
-0.574783 -0.293592 -0.557865
-0.642713 -0.315566 -0.552523
-0.637534 -0.327555 -0.663083
-0.621498 -0.355877 -0.752277
-0.611015 -0.351612 -0.859652
-0.645084 -0.406901 -0.883962
-0.699682 -0.412601 -0.817948
-0.724724 -0.374510 -0.742793
-0.708105 -0.389388 -0.634835
-0.682814 -0.399923 -0.542594
-0.647538 -0.427322 -0.473499
-0.638491 -0.465255 -0.391529
-0.624243 -0.487937 -0.298158
-0.573577 -0.480861 -0.204718
-0.516504 -0.494226 -0.134390
-0.455459 -0.474375 -0.118743
-0.432476 -0.415175 -0.118435
-0.406414 -0.359985 -0.107889
-0.403856 -0.301041 -0.084092
-0.433121 -0.242332 -0.130179
-0.423428 -0.186179 -0.069712
-0.442168 -0.164480 0.029446
-0.463154 -0.175565 0.128364
-0.506437 -0.130930 0.138499
-0.548805 -0.153080 0.049853
-0.565548 -0.210845 0.035232
-0.600740 -0.260631 0.060262
-0.612388 -0.317099 0.085154
-0.590466 -0.341431 -0.004451
-0.529649 -0.327476 0.013559
-0.522515 -0.359828 0.102821
-0.536929 -0.413603 0.045539
-0.525177 -0.418556 -0.060775
-0.561888 -0.393948 -0.143669
-0.584580 -0.363248 -0.223139
-0.607438 -0.312106 -0.273300
-0.664386 -0.264090 -0.286106
-0.706171 -0.220398 -0.261042
-0.699120 -0.224938 -0.154112
-0.637763 -0.203730 -0.138396
-0.654069 -0.146103 -0.162227
-0.700389 -0.141543 -0.084366
-0.662659 -0.150742 -0.002705
-0.623474 -0.103413 -0.026399
-0.668878 -0.061981 -0.012121
-0.681566 -0.074246 0.088920
-0.622621 -0.060409 0.121071
-0.623869 -0.001464 0.084127
-0.671291 0.018328 0.145381
-0.642339 0.003607 0.237349
-0.592712 0.041068 0.223310
-0.625075 0.093763 0.222625
-0.655026 0.086392 0.318633
-0.597912 0.068821 0.382558
-0.534183 0.058640 0.352256
-0.553610 -0.011783 0.372252
-0.550282 -0.076231 0.398069
-0.535889 -0.126114 0.456550
-0.480397 -0.138831 0.388550
-0.432538 -0.102804 0.430631
-0.377358 -0.129003 0.476306
-0.358909 -0.185982 0.465281
-0.317810 -0.238853 0.494453
-0.260322 -0.278772 0.449052
-0.213607 -0.312912 0.394200
-0.255746 -0.312244 0.298158
-0.297989 -0.308510 0.220092
-0.337507 -0.352280 0.254674
-0.355873 -0.322779 0.341471
-0.378211 -0.272483 0.295693
-0.425404 -0.302495 0.249743
-0.452755 -0.328184 0.331610
-0.467585 -0.276512 0.383517
-0.506063 -0.256877 0.305280
-0.546808 -0.304284 0.304424
-0.563947 -0.300038 0.406286
-0.586327 -0.243846 0.399747
-0.631086 -0.256189 0.325104
-0.663387 -0.297405 0.387181
-0.666840 -0.262026 0.482675
-0.707981 -0.217390 0.433267
-0.760166 -0.187555 0.410258
-0.792883 -0.141602 0.370951
-0.806194 -0.117093 0.466480
-0.741134 -0.104376 0.483770
-0.732482 -0.069922 0.396562
-0.789908 -0.032833 0.415702
-0.788993 0.002074 0.499281
-0.810895 0.058443 0.458810
-0.843632 0.043741 0.355612
-0.882901 0.019507 0.283093
-0.911833 -0.027467 0.232623
-0.877369 -0.022947 0.143772
-0.827887 -0.056655 0.186879
-0.862955 -0.106794 0.201945
-0.882818 -0.112454 0.102000
-0.826099 -0.121987 0.060741
-0.810645 -0.171222 0.119256
-0.864411 -0.203318 0.092823
-0.845837 -0.207052 -0.012121
-0.784563 -0.226353 -0.023523
-0.795982 -0.280109 0.033931
-0.842135 -0.305286 -0.043313
-0.815595 -0.319909 -0.132233
-0.787059 -0.351239 -0.209991
-0.748310 -0.360260 -0.292954
-0.798602 -0.343947 -0.366671
-0.823416 -0.287400 -0.352804
-0.850454 -0.229262 -0.353010
-0.864182 -0.175094 -0.318770
-0.888350 -0.119510 -0.286174
-0.877660 -0.060075 -0.303842
-0.935918 -0.040577 -0.271520
-0.931467 -0.055593 -0.172602
-0.875892 -0.023654 -0.156988
-0.907839 0.029924 -0.175991
-0.956530 0.029354 -0.109156
-0.922232 0.033875 -0.021639
-0.898792 0.093075 -0.056256
-0.953493 0.123952 -0.077895
-0.985482 0.117761 0.011607
-0.938435 0.144963 0.066938
-0.937686 0.198856 0.017017
-1.000000 0.211985 0.038691
-0.997005 0.202610 0.145381
-0.952848 0.254400 0.148908
-0.942844 0.297247 0.071800
-0.904407 0.291901 -0.020578
-0.862955 0.305090 -0.108026
-0.827284 0.302240 -0.201192
-0.766385 0.338896 -0.197665
-0.708417 0.323526 -0.154455
-0.699370 0.327221 -0.045744
-0.645791 0.308195 0.013353
-0.595042 0.316175 0.082620
-0.558310 0.346305 -0.001267
-0.578589 0.402537 -0.011299
-0.521621 0.433985 0.020064
-0.464527 0.400985 0.010135
-0.405312 0.380505 -0.023283
-0.378315 0.344301 -0.098404
-0.334242 0.311576 -0.154112
-0.284698 0.312499 -0.245840
-0.241207 0.305109 -0.325789
-0.254851 0.364447 -0.339006
-0.247884 0.418811 -0.297610
-0.267788 0.474277 -0.308498
-0.291895 0.514235 -0.375026
-0.294702 0.566556 -0.412381
-0.325256 0.612036 -0.455420
-0.308367 0.660819 -0.508765
-0.331829 0.713376 -0.531774
-0.316458 0.762552 -0.587824
-0.284428 0.819197 -0.560056
-0.247489 0.871399 -0.591214
-0.192766 0.910473 -0.561323
-0.145427 0.955325 -0.511299
-0.086982 0.970852 -0.444395
-0.045966 0.977967 -0.352017
0.015267 0.986989 -0.275252
0.048607 0.993023 -0.172328
0.053121 1.000000 -0.056084
0.077539 0.986890 0.065637
0.074627 0.974331 0.182668
0.051124 0.971422 0.291344
0.036066 0.932231 0.399986
0.040704 0.914207 0.519619
-0.001830 0.878102 0.612990
-0.037626 0.850566 0.697665
-0.100855 0.811787 0.739540
-0.126271 0.754552 0.811135
-0.133260 0.707126 0.907930
-0.167828 0.647513 0.962542
-0.204143 0.591026 0.975450
-0.214501 0.518068 0.965213
-0.195636 0.445385 0.974149
-0.188481 0.372269 1.000000
-0.175316 0.307723 0.944806
-0.167350 0.240858 0.957029
-0.130806 0.179791 0.976238
-0.096092 0.115166 0.933301
-0.071799 0.054984 0.884818
-0.045924 -0.007990 0.890125
-0.036086 -0.080869 0.873451
-0.005845 -0.146811 0.887660
-0.006469 -0.219120 0.902006
-0.025791 -0.284609 0.907793
-0.018657 -0.344458 0.950524
-0.045654 -0.416256 0.959495
-0.082489 -0.477579 0.953982
-0.124774 -0.540140 0.941759
-0.175607 -0.584599 0.911525
-0.201647 -0.647238 0.850750
-0.230392 -0.693977 0.780867
-0.261362 -0.727134 0.700301
-0.279353 -0.750484 0.581661
-0.299341 -0.787415 0.485414
-0.316708 -0.776035 0.362802
-0.328647 -0.777155 0.249880
-0.343310 -0.727999 0.164521
-0.325880 -0.698085 0.073547
-0.308804 -0.650108 0.017188
-0.305976 -0.589512 -0.008971
-0.295368 -0.536857 -0.054578
-0.275796 -0.479938 -0.063857
-0.283284 -0.419185 -0.047251
-0.277918 -0.366334 -0.096008
-0.267268 -0.304795 -0.068205
-0.268017 -0.245084 -0.082346
-0.255808 -0.189068 -0.045744
-0.258138 -0.132816 -0.006197
-0.244098 -0.076467 -0.029206
-0.237463 -0.018741 -0.003253
-0.253354 0.038415 -0.015853
-0.221094 0.095119 -0.012018
-0.245284 0.150368 0.019311
-0.195761 0.179594 0.066493
-0.189313 0.229675 0.117579
-0.144450 0.252671 0.177087
-0.137565 0.291744 0.250017
-0.094615 0.322877 0.298261
-0.084548 0.347151 0.389269
-0.040225 0.385202 0.423954
-0.003453 0.396680 0.502602
0.019718 0.440392 0.564165
0.073109 0.452912 0.614634
0.098193 0.484753 0.691741
0.148194 0.516122 0.722557
0.178976 0.535482 0.805725
0.212463 0.559460 0.889304
