-0.786965 -1.000000 -0.567274
-0.738461 -0.905466 -0.499990
-0.664130 -0.857936 -0.457413
-0.615260 -0.805571 -0.369155
-0.558119 -0.711373 -0.333844
-0.507842 -0.661497 -0.249200
-0.482634 -0.569931 -0.165223
-0.402057 -0.516418 -0.186237
-0.330229 -0.464484 -0.204423
-0.265745 -0.404700 -0.154029
-0.206775 -0.306481 -0.172490
-0.130164 -0.256175 -0.157800
-0.072967 -0.152977 -0.149669
-0.033691 -0.021922 -0.200534
0.044664 0.057917 -0.249357
0.086922 0.187584 -0.296176
0.162660 0.228078 -0.369155
0.234628 0.325196 -0.408512
0.299169 0.385171 -0.478780
0.376482 0.495166 -0.469589
0.442514 0.565097 -0.562167
0.491862 0.553992 -0.661462
0.538481 0.480902 -0.741393
0.584228 0.357218 -0.697873
0.565772 0.287431 -0.589034
0.494591 0.173464 -0.591587
0.410047 0.146515 -0.599796
0.418769 0.024746 -0.669082
0.469805 -0.051790 -0.595082
0.411622 -0.058683 -0.505607
0.346857 -0.119567 -0.567038
0.386414 -0.241576 -0.606512
0.411116 -0.290877 -0.499912
0.329807 -0.306672 -0.455684
0.289800 -0.384741 -0.547595
0.366382 -0.479466 -0.600699
0.452614 -0.474823 -0.605530
0.487586 -0.343385 -0.678941
0.553364 -0.278958 -0.765981
0.575619 -0.164178 -0.848465
0.632057 -0.080940 -0.916456
0.572411 0.004069 -0.973409
0.533332 0.143691 -1.000000
0.447775 0.219510 -0.986881
0.380843 0.307917 -0.967281
0.303220 0.340992 -0.913981
0.217719 0.377178 -0.880084
0.162379 0.247750 -0.819360
0.145695 0.119759 -0.727764
0.103887 -0.010482 -0.670064
0.110217 -0.121961 -0.568570
0.081773 -0.269338 -0.510438
0.083208 -0.355495 -0.385534
0.100173 -0.454193 -0.292445
0.120402 -0.459362 -0.154147
0.156498 -0.448401 -0.033838
0.141671 -0.372631 0.081875
0.137789 -0.457400 0.178774
0.072376 -0.550929 0.123156
0.033410 -0.474057 0.016791
-0.006963 -0.432271 -0.085253
0.016220 -0.321750 -0.189026
0.036111 -0.191461 -0.263536
0.077131 -0.110856 -0.366013
0.098626 0.031591 -0.430782
0.152588 0.096688 -0.521004
0.192060 0.221712 -0.570102
0.240255 0.273502 -0.668650
0.286086 0.404222 -0.720340
0.335237 0.514360 -0.750898
0.392322 0.634070 -0.750388
0.334224 0.735976 -0.836760
0.259668 0.808683 -0.823838
0.218507 0.937153 -0.852825
0.148452 0.899579 -0.773405
0.109345 0.934951 -0.672696
0.036561 0.853628 -0.694456
0.075499 0.721329 -0.680316
0.103802 0.740331 -0.568020
0.026995 0.760291 -0.516762
0.000239 0.620860 -0.538168
0.059716 0.553370 -0.473477
0.047365 0.621673 -0.367387
-0.032847 0.579361 -0.350419
-0.013884 0.424325 -0.354347
0.043144 0.398239 -0.262004
0.088779 0.344773 -0.150847
0.183339 0.347836 -0.210432
0.282147 0.368083 -0.230975
0.357435 0.373875 -0.304346
0.439982 0.443184 -0.313694
0.508715 0.441652 -0.404270
0.606398 0.418103 -0.424576
0.698763 0.416427 -0.429643
0.782351 0.416379 -0.399360
0.803480 0.487938 -0.514052
0.745073 0.627178 -0.487460
0.725182 0.761536 -0.446925
0.650456 0.777666 -0.507257
0.606792 0.675139 -0.444608
0.613488 0.753111 -0.342642
0.574775 0.876843 -0.370805
0.495238 0.818974 -0.398221
0.459142 0.794850 -0.290324
0.422651 0.927867 -0.278540
0.363203 0.915039 -0.366798
0.324011 0.799158 -0.319900
0.300772 0.861095 -0.216756
0.254463 0.972047 -0.256702
0.196731 0.891250 -0.316640
0.166571 0.814474 -0.224690
0.140208 0.923464 -0.153440
0.084699 0.981811 -0.232192
0.033832 0.859372 -0.247432
0.019849 0.833046 -0.122174
0.030484 0.894218 -0.016045
0.112974 0.804136 0.034270
0.182917 0.764072 0.102771
0.152166 0.604825 0.098136
0.172226 0.521827 0.005361
0.219689 0.422841 -0.047703
0.322070 0.421740 -0.053399
0.406446 0.384310 -0.121782
0.494563 0.372391 -0.150769
0.554349 0.325579 -0.254620
0.629637 0.252585 -0.298572
0.666746 0.195577 -0.408590
0.744398 0.118179 -0.419627
0.794646 0.028145 -0.349555
0.847651 -0.009860 -0.445394
0.890106 0.137565 -0.439973
0.956279 0.180739 -0.370687
1.000000 0.251005 -0.461144
0.924431 0.358606 -0.463383
0.911095 0.451848 -0.374693
0.863885 0.586014 -0.325831
0.824581 0.525129 -0.216167
0.817294 0.492485 -0.097901
0.782014 0.457544 0.006029
0.776949 0.596688 0.048882
0.721552 0.654461 -0.030696
0.656843 0.556146 -0.009446
0.649416 0.582807 0.109331
0.631072 0.724344 0.107210
0.556121 0.704002 0.047821
0.516339 0.615355 0.126181
0.519715 0.712426 0.217856
0.473912 0.819117 0.165027
0.403632 0.719031 0.145781
0.387933 0.585009 0.188751
0.431148 0.455198 0.118561
0.474953 0.356021 0.047114
0.551789 0.264934 0.002455
0.588617 0.181601 -0.111609
0.631297 0.080844 -0.187494
0.639540 0.016322 -0.317583
0.622941 -0.097214 -0.417192
0.603050 -0.162167 -0.518412
0.670741 -0.259286 -0.522143
0.656365 -0.323186 -0.400302
0.595819 -0.276230 -0.316954
0.604541 -0.174277 -0.234588
0.521600 -0.137038 -0.199356
0.447381 -0.171740 -0.251556
0.404392 -0.206203 -0.152222
0.415308 -0.086923 -0.085449
0.366495 0.011057 -0.146213
0.291826 -0.064953 -0.137768
0.286874 -0.085104 -0.017223
0.291910 0.054423 0.019305
0.221545 0.099320 -0.039416
0.165867 0.007132 0.011999
0.173773 0.068591 0.122253
0.143528 0.200986 0.092127
0.066890 0.153935 0.055205
0.042863 0.090274 0.158271
0.045620 0.208980 0.226811
-0.012168 0.290590 0.166205
-0.080282 0.200220 0.179756
-0.081829 0.211660 0.301872
-0.097725 0.357314 0.308117
-0.171156 0.362962 0.246018
-0.213949 0.270056 0.322925
-0.208294 0.355686 0.422023
-0.248892 0.474392 0.378189
-0.323927 0.413029 0.350419
-0.339204 0.367940 0.466172
-0.337432 0.502872 0.517194
-0.400959 0.561890 0.449518
-0.461336 0.463527 0.484475
-0.458720 0.489613 0.603841
-0.480046 0.633496 0.594336
-0.556937 0.612675 0.539582
-0.592162 0.527379 0.626544
-0.583778 0.625503 0.716255
-0.628540 0.737220 0.664290
-0.702055 0.656806 0.660912
-0.711002 0.622296 0.780632
-0.716432 0.764742 0.816022
-0.786543 0.803705 0.752273
-0.840477 0.700938 0.798307
-0.834372 0.762780 0.915199
-0.860875 0.909008 0.893714
-0.947501 0.876986 0.851175
-0.984723 0.837354 0.970738
-1.000000 1.000000 1.000000
