1.000000 0.006908 -0.014065
0.956309 -0.013757 -0.047396
0.912844 -0.039386 -0.048786
0.868094 -0.048943 -0.056528
0.822115 -0.043233 -0.042473
0.791444 -0.087054 -0.082256
0.757821 -0.128677 -0.043783
0.719765 -0.106953 -0.013211
0.687667 -0.098318 -0.056468
0.677359 -0.154954 -0.076896
0.665794 -0.180073 -0.022383
0.629064 -0.147615 -0.013430
0.607614 -0.168789 -0.062265
0.606753 -0.226779 -0.045609
0.585289 -0.219165 0.008129
0.547839 -0.194890 -0.019941
0.536062 -0.244755 -0.056210
0.524596 -0.290009 -0.019266
0.486172 -0.266185 0.001975
0.466346 -0.258100 -0.053887
0.464849 -0.316286 -0.069034
0.443102 -0.335047 -0.018770
0.406966 -0.300685 -0.031078
0.398394 -0.326982 -0.087536
0.396248 -0.385443 -0.067784
0.362569 -0.377554 -0.026611
0.330316 -0.369841 -0.073739
0.335696 -0.433169 -0.100241
0.302314 -0.474263 -0.074990
0.267124 -0.512197 -0.071278
0.226949 -0.524972 -0.049858
0.196207 -0.558255 -0.022045
0.154846 -0.570540 -0.000050
0.130233 -0.546068 0.045550
0.094224 -0.547226 0.076638
0.058201 -0.495732 0.075704
0.011911 -0.483329 0.084876
-0.023745 -0.446121 0.089323
-0.067478 -0.452538 0.097978
-0.103106 -0.425359 0.068320
-0.145215 -0.419844 0.078365
-0.176183 -0.402948 0.034314
-0.214692 -0.408462 0.010174
-0.237780 -0.417195 -0.041937
-0.270640 -0.418294 -0.079040
-0.285298 -0.436976 -0.132103
-0.310546 -0.432482 -0.184770
-0.357189 -0.441333 -0.155905
-0.387592 -0.394862 -0.148084
-0.413871 -0.348725 -0.181574
-0.454837 -0.325647 -0.164859
-0.484449 -0.278706 -0.161762
-0.511011 -0.276547 -0.101214
-0.526304 -0.210256 -0.085015
-0.555097 -0.164472 -0.072886
-0.567764 -0.098102 -0.086087
-0.607642 -0.074749 -0.068816
-0.621185 -0.016033 -0.056885
-0.657603 0.016308 -0.070523
-0.699868 0.031478 -0.085888
-0.741497 0.055792 -0.079496
-0.784355 0.074180 -0.086841
-0.814052 0.099790 -0.128570
-0.852787 0.119238 -0.146257
-0.887454 0.092764 -0.193902
-0.925977 0.088408 -0.220701
-0.952652 0.045372 -0.269953
-0.977095 -0.007104 -0.291572
-1.000000 -0.057833 -0.321647
-0.996484 -0.106109 -0.378086
-0.996625 -0.152089 -0.426206
-0.988308 -0.192967 -0.481950
-0.971546 -0.214181 -0.550855
-0.949658 -0.233157 -0.606936
-0.924649 -0.274624 -0.660000
-0.893710 -0.295288 -0.706532
-0.864253 -0.338678 -0.753521
-0.828710 -0.384932 -0.775259
-0.800044 -0.420060 -0.817602
-0.774287 -0.481798 -0.844224
-0.743121 -0.523481 -0.869237
-0.701167 -0.569637 -0.854904
-0.667700 -0.628255 -0.867073
-0.624207 -0.657025 -0.866636
-0.585882 -0.709952 -0.852601
-0.549407 -0.745118 -0.825742
-0.520839 -0.797496 -0.786078
-0.489307 -0.828051 -0.746930
-0.463987 -0.875091 -0.708696
-0.422358 -0.893027 -0.663176
-0.394299 -0.931256 -0.615671
-0.348448 -0.969268 -0.605725
-0.303782 -0.986812 -0.579660
-0.259950 -1.000000 -0.558240
-0.207207 -0.986204 -0.548671
-0.164717 -0.970662 -0.526874
-0.121068 -0.968424 -0.501563
-0.071150 -0.947073 -0.520681
-0.024818 -0.929804 -0.544324
0.014171 -0.905391 -0.581268
0.056280 -0.878270 -0.577734
0.095410 -0.868929 -0.628753
0.121478 -0.842240 -0.688547
0.141233 -0.788449 -0.729659
0.173232 -0.751320 -0.756201
0.167287 -0.700532 -0.805553
0.168374 -0.653787 -0.846348
0.140344 -0.599290 -0.865961
0.129089 -0.548443 -0.902945
0.086612 -0.529270 -0.926390
0.042173 -0.549993 -0.895163
0.016825 -0.490276 -0.881604
-0.017306 -0.485507 -0.919859
-0.063086 -0.474989 -0.881227
-0.074200 -0.415389 -0.851211
-0.107385 -0.378417 -0.871520
-0.127394 -0.326648 -0.848353
-0.146063 -0.270326 -0.853514
-0.139228 -0.209628 -0.858100
-0.149155 -0.150284 -0.861634
-0.139172 -0.098946 -0.888275
-0.138310 -0.038091 -0.870567
-0.133537 0.016347 -0.888235
-0.124598 0.076515 -0.877892
-0.160763 0.117256 -0.881029
-0.184006 0.166238 -0.866497
-0.220552 0.196852 -0.852641
-0.245829 0.244226 -0.866616
-0.282276 0.263104 -0.829037
-0.316195 0.256805 -0.781770
-0.320728 0.293954 -0.718979
-0.351300 0.324175 -0.691405
-0.354167 0.313559 -0.624823
-0.328367 0.327551 -0.560781
-0.329596 0.381537 -0.524988
-0.361976 0.374257 -0.476848
-0.341698 0.351728 -0.422097
-0.320177 0.401142 -0.394384
-0.353687 0.439410 -0.377311
-0.372058 0.410503 -0.326968
-0.343265 0.423553 -0.277755
-0.351230 0.487470 -0.268862
-0.396375 0.492278 -0.247104
-0.398070 0.471672 -0.185862
-0.379656 0.520478 -0.153801
-0.416667 0.563966 -0.165017
-0.455557 0.535589 -0.129701
-0.451264 0.543380 -0.062285
-0.466586 0.610515 -0.053729
-0.516843 0.604902 -0.066057
-0.555253 0.593422 -0.017102
-0.573949 0.583845 0.042314
-0.596642 0.601605 0.108897
-0.609690 0.617972 0.172660
-0.614477 0.621132 0.238488
-0.597800 0.641541 0.307314
-0.596162 0.682379 0.367505
-0.571563 0.705242 0.427655
-0.559997 0.744373 0.476213
-0.544605 0.758051 0.537793
-0.516349 0.784740 0.596554
-0.482458 0.782071 0.645151
-0.441111 0.799694 0.690313
-0.409960 0.809015 0.736488
-0.367737 0.791707 0.778514
-0.328438 0.797987 0.819826
-0.285114 0.773495 0.857008
-0.246888 0.763997 0.899193
-0.198622 0.736032 0.921328
-0.158150 0.705301 0.946778
-0.119515 0.660047 0.962282
-0.068198 0.639579 0.959641
-0.027430 0.616736 0.976337
0.014114 0.567459 0.983622
0.046183 0.518241 0.994025
0.088378 0.470456 0.991563
0.118089 0.412662 0.990670
0.140259 0.356242 1.000000
0.156512 0.286614 0.984496
0.175110 0.223914 0.976436
0.171438 0.153306 0.950192
0.169221 0.092980 0.933636
0.146769 0.033715 0.898538
0.126773 -0.015915 0.866199
0.090171 -0.053084 0.839539
0.053639 -0.100104 0.823558
0.009299 -0.133485 0.828303
-0.029393 -0.163432 0.813870
-0.078267 -0.173695 0.810416
-0.116945 -0.199207 0.800371
-0.162697 -0.213082 0.777244
-0.209891 -0.204368 0.773492
-0.262040 -0.203740 0.759258
-0.301029 -0.171066 0.772301
-0.347120 -0.133583 0.768648
-0.376083 -0.078733 0.763665
-0.413052 -0.033067 0.763566
-0.425479 0.039033 0.765829
-0.403676 0.106423 0.766981
-0.408915 0.173264 0.736588
-0.398860 0.228349 0.700259
-0.374233 0.264537 0.652833
-0.357937 0.304767 0.603859
-0.317494 0.336382 0.576166
-0.298247 0.372275 0.528919
-0.257239 0.392547 0.495727
-0.237653 0.444846 0.458128
-0.209735 0.490786 0.443477
-0.192041 0.544106 0.421720
-0.179558 0.597622 0.387059
-0.152615 0.633416 0.346303
-0.142603 0.691878 0.314838
-0.142617 0.737916 0.269636
-0.137646 0.798673 0.246965
-0.123102 0.832918 0.196443
-0.131052 0.864121 0.132381
-0.138720 0.896815 0.080945
-0.147602 0.931452 0.031693
-0.131094 0.961222 -0.021867
-0.124839 1.000000 -0.070047
-0.101313 0.980905 -0.134009
-0.096187 0.951312 -0.191877
-0.097938 0.931452 -0.249864
-0.069229 0.878368 -0.263144
-0.056181 0.844555 -0.306084
-0.032514 0.813509 -0.342253
-0.010400 0.809035 -0.391069
0.002619 0.769610 -0.428966
0.023109 0.763526 -0.478793
0.014905 0.734737 -0.534517
0.063425 0.723434 -0.543034
0.080131 0.667857 -0.522288
0.069455 0.645328 -0.590261
0.087827 0.640285 -0.645230
0.099449 0.604333 -0.693251
0.139991 0.631415 -0.701212
0.164787 0.599761 -0.659365
0.171269 0.550543 -0.701609
0.204906 0.572345 -0.736905
0.237017 0.575446 -0.688864
0.237625 0.510391 -0.676655
0.269228 0.484879 -0.709708
0.304375 0.451361 -0.720409
0.343971 0.441431 -0.750841
0.341288 0.370705 -0.747724
0.330584 0.337638 -0.797870
0.342729 0.297624 -0.842497
0.344000 0.293620 -0.903183
0.347869 0.256157 -0.951185
0.390458 0.280158 -0.991642
0.441069 0.257040 -0.984952
0.481611 0.258924 -1.000000
0.530343 0.232942 -0.982153
0.566592 0.224326 -0.945348
0.588000 0.187079 -0.890319
0.615324 0.150382 -0.851350
0.602601 0.118041 -0.792629
0.608391 0.084208 -0.740320
0.571718 0.051180 -0.706453
0.556820 0.015189 -0.663454
0.514584 0.000059 -0.641994
0.486539 -0.027474 -0.606916
0.444331 -0.024295 -0.586946
0.403549 0.017996 -0.590400
0.361100 0.012069 -0.597586
0.328367 0.047059 -0.589645
0.288023 0.049571 -0.592980
0.252141 0.050454 -0.571819
0.221286 0.030398 -0.535192
0.193708 -0.010107 -0.541406
0.169574 -0.044116 -0.507360
0.143874 -0.088526 -0.499360
0.106114 -0.116510 -0.512144
0.055701 -0.113939 -0.493325
0.014735 -0.125282 -0.457076
0.034209 -0.126106 -0.390433
0.055645 -0.130954 -0.336516
0.074920 -0.187001 -0.350412
0.106410 -0.166199 -0.391108
0.130783 -0.135997 -0.340963
0.153010 -0.117668 -0.291413
0.157515 -0.085896 -0.240414
0.150073 -0.024589 -0.265566
0.117001 -0.037777 -0.315632
0.082630 -0.022607 -0.364428
0.054232 -0.012344 -0.408479
0.035211 0.015641 -0.457175
-0.002196 0.018074 -0.491538
0.020906 0.051828 -0.538090
0.060107 0.013070 -0.547560
0.077970 -0.036089 -0.521058
0.107003 -0.018506 -0.465116
0.133551 -0.007241 -0.416816
0.138607 0.032321 -0.362562
0.154705 0.060188 -0.310828
0.153787 0.064329 -0.239144
0.171608 0.048747 -0.186080
0.156413 0.038837 -0.128073
0.165536 0.039386 -0.066493
0.150751 0.050572 -0.010690
0.114389 0.088526 -0.011881
0.093419 0.096768 -0.066831
0.064597 0.095708 -0.114852
0.027233 0.057892 -0.144947
-0.000064 0.012697 -0.183162
0.034971 -0.040132 -0.186338
0.069695 -0.076339 -0.193822
0.092204 -0.044979 -0.236206
0.109489 -0.003061 -0.196879
0.138437 -0.041839 -0.166129
0.170521 -0.078596 -0.150228
0.183569 -0.126617 -0.121244
0.154832 -0.134211 -0.069689
0.113796 -0.100909 -0.086444
0.067619 -0.074749 -0.075585
0.026216 -0.048884 -0.068379
0.003933 -0.021332 -0.018869
-0.038021 -0.007261 0.009936
-0.064612 0.019742 0.048369
-0.102329 0.034186 0.071774
-0.143154 0.057637 0.083824
-0.183159 0.047059 0.094703
-0.186901 -0.019075 0.092837
-0.155001 -0.049218 0.063952
-0.141925 -0.016092 0.004695
-0.131490 0.003375 -0.051704
-0.136390 0.061601 -0.078841
-0.088547 0.053280 -0.101412
-0.049304 0.049826 -0.131527
-0.021683 0.065683 -0.076876
0.022615 0.051965 -0.053868
0.065332 0.017171 -0.041083
0.101750 -0.011873 -0.026790
0.107780 -0.075436 0.003166
0.110322 -0.129992 0.027207
0.091865 -0.179877 0.049302
0.108486 -0.175010 0.109234
0.087262 -0.117040 0.124341
0.041608 -0.125812 0.120133
-0.003792 -0.120611 0.134863
-0.046678 -0.138038 0.129741
-0.066461 -0.088290 0.157513
-0.054473 -0.041270 0.114356
-0.048753 -0.083914 0.054701
-0.031314 -0.098475 -0.010452
-0.026216 -0.108699 -0.068836
-0.026880 -0.110760 -0.131925
-0.051818 -0.132936 -0.180978
-0.058102 -0.139215 -0.248514
