0.173297 -1.000000 0.775970
0.172829 -0.912133 0.771152
0.155580 -0.842749 0.735726
0.151812 -0.755844 0.729046
0.118250 -0.685979 0.714661
0.165110 -0.641818 0.680353
0.160915 -0.679292 0.614110
0.100186 -0.657813 0.598003
0.109045 -0.574921 0.599423
0.151568 -0.573985 0.545283
0.114320 -0.607741 0.495194
0.068519 -0.550393 0.497568
0.105665 -0.485984 0.481158
0.126274 -0.519259 0.417825
0.067419 -0.527336 0.386216
0.046096 -0.447173 0.390569
0.105318 -0.413631 0.359472
0.117028 -0.429626 0.290995
0.122955 -0.340876 0.272118
0.129064 -0.293345 0.341945
0.185455 -0.259803 0.349720
0.219811 -0.191756 0.344226
0.250848 -0.217729 0.285874
0.200709 -0.224228 0.242255
0.181688 -0.145990 0.248586
0.234535 -0.111004 0.226427
0.236938 -0.148318 0.161511
0.181403 -0.128310 0.134488
0.190119 -0.047317 0.141005
0.239891 -0.042369 0.099178
0.212296 -0.069785 0.039522
0.165681 -0.014123 0.035309
0.202480 0.053416 0.039615
0.236877 0.035575 -0.018528
0.190913 0.031857 -0.068617
0.169896 0.109266 -0.057468
0.229709 0.143637 -0.069641
0.243129 0.126250 -0.136722
0.198509 0.180388 -0.164048
0.231908 0.255978 -0.130647
0.301435 0.265554 -0.142797
0.308868 0.338282 -0.193213
0.341330 0.406757 -0.171333
0.398332 0.375060 -0.205898
0.436944 0.363585 -0.259805
0.471382 0.310571 -0.299770
0.473459 0.381292 -0.355562
0.506756 0.445193 -0.404185
0.520543 0.511956 -0.446826
0.552333 0.575429 -0.483183
0.540481 0.666105 -0.478761
0.543678 0.745760 -0.473850
0.540827 0.824934 -0.454484
0.545348 0.905446 -0.477876
0.607706 0.926497 -0.447152
0.651349 0.896806 -0.511300
0.645483 0.944284 -0.579615
0.695337 1.000000 -0.594349
0.726578 0.933718 -0.643996
0.693586 0.938908 -0.723506
0.674769 0.934253 -0.794567
0.644547 0.854250 -0.792612
0.580661 0.870433 -0.784280
0.569868 0.891403 -0.855550
0.586689 0.819478 -0.893327
0.542354 0.761114 -0.871029
0.492928 0.799417 -0.907641
0.523028 0.800273 -0.976584
0.532722 0.713690 -0.977446
0.524331 0.635880 -0.998347
0.544350 0.569973 -0.963829
0.546550 0.487535 -0.963899
0.568687 0.414273 -0.947792
0.612410 0.416948 -1.000000
0.646889 0.478067 -0.971766
0.661552 0.439657 -0.912157
0.691570 0.375863 -0.940810
0.734683 0.413069 -0.977865
0.758836 0.456668 -0.921700
0.775596 0.392313 -0.878500
0.823210 0.368534 -0.930894
0.871781 0.421441 -0.933012
0.930270 0.457310 -0.928520
0.906789 0.528192 -0.898564
0.891270 0.570294 -0.838466
0.845266 0.617477 -0.868259
0.807285 0.555796 -0.887787
0.801908 0.521479 -0.823523
0.778549 0.585005 -0.788330
0.727738 0.597951 -0.827875
0.703056 0.521639 -0.815935
0.699125 0.525812 -0.744594
0.662651 0.592655 -0.745828
0.614569 0.557294 -0.777902
0.603226 0.500267 -0.729139
0.592840 0.553924 -0.675814
0.544452 0.595062 -0.703186
0.505005 0.531643 -0.706026
0.506573 0.520248 -0.630659
0.485454 0.603194 -0.608873
0.430937 0.637431 -0.641948
0.382203 0.577703 -0.617648
0.344527 0.519606 -0.595443
0.365585 0.473172 -0.662989
0.412954 0.434173 -0.693480
0.443522 0.376023 -0.736168
0.462971 0.302279 -0.714964
0.447758 0.258118 -0.773270
0.483845 0.299337 -0.819729
0.537507 0.282592 -0.786048
0.533801 0.201600 -0.792193
0.525940 0.193308 -0.863906
0.583085 0.226181 -0.882969
0.637012 0.219601 -0.835812
0.660717 0.259295 -0.776971
0.690857 0.206842 -0.733515
0.747065 0.206120 -0.764542
0.757085 0.287835 -0.758211
0.756127 0.292569 -0.686917
0.801073 0.238298 -0.674557
0.845978 0.280693 -0.708307
0.844166 0.346386 -0.664153
0.871659 0.309260 -0.607267
0.932714 0.307147 -0.634988
0.952875 0.391029 -0.631753
1.000000 0.429947 -0.597212
0.998350 0.494062 -0.650001
0.927459 0.512759 -0.629681
0.885344 0.548548 -0.585341
0.841824 0.563607 -0.634918
0.830012 0.483336 -0.647301
0.814799 0.461724 -0.581500
0.766045 0.511983 -0.573726
0.730712 0.486733 -0.629914
0.728594 0.407051 -0.610572
0.702791 0.417937 -0.547099
0.650534 0.455652 -0.570887
0.628234 0.395362 -0.608663
0.625913 0.340181 -0.554663
0.586119 0.381132 -0.513162
0.537426 0.379848 -0.559831
0.533088 0.299310 -0.560831
0.526938 0.287541 -0.488769
0.468225 0.327101 -0.480832
0.427088 0.263842 -0.507320
0.423137 0.180709 -0.511882
0.447086 0.106296 -0.519051
0.465883 0.116166 -0.586784
0.508059 0.177286 -0.571794
0.542538 0.132135 -0.527361
0.556549 0.071792 -0.572818
0.591007 0.116434 -0.617415
0.636726 0.131199 -0.567768
0.651064 0.052373 -0.555478
0.663120 0.028995 -0.624980
0.714460 0.083026 -0.630449
0.752869 0.101937 -0.573354
0.750018 0.162761 -0.521286
0.773336 0.135425 -0.458255
0.834431 0.145803 -0.469963
0.829136 0.228027 -0.481438
0.809891 0.248810 -0.417126
0.860662 0.220831 -0.382911
0.899966 0.273498 -0.414892
0.871964 0.345771 -0.393618
0.894244 0.346654 -0.326257
0.954484 0.375140 -0.359100
0.955726 0.451907 -0.380700
0.968088 0.533916 -0.385006
0.902634 0.550393 -0.396876
0.847241 0.569090 -0.370551
0.811256 0.551864 -0.427135
0.824127 0.470898 -0.426041
0.802865 0.456240 -0.359751
0.743766 0.480741 -0.367851
0.729897 0.428369 -0.421409
0.739856 0.359573 -0.382515
0.695439 0.373348 -0.335032
0.648294 0.372653 -0.381002
0.653670 0.297866 -0.405838
0.646441 0.261515 -0.342132
0.588746 0.288263 -0.327607
0.561029 0.247392 -0.382492
0.579643 0.171695 -0.363662
0.556753 0.169689 -0.297931
0.495677 0.190526 -0.316924
0.473235 0.117825 -0.344482
0.503375 0.048066 -0.293299
0.537365 -0.020114 -0.280404
0.571069 -0.023137 -0.340875
0.600945 0.048681 -0.330191
0.624324 0.033809 -0.267137
0.657784 -0.035147 -0.282522
0.693545 -0.000588 -0.331751
0.719837 0.058177 -0.290762
0.743623 0.004761 -0.244606
0.781747 -0.038624 -0.288318
0.819585 0.034318 -0.298582
0.821622 0.098085 -0.242651
0.789750 0.164179 -0.213486
0.806022 0.177714 -0.145311
0.860804 0.217381 -0.150013
0.839910 0.281121 -0.186626
0.797530 0.309207 -0.140330
0.835429 0.321725 -0.084212
0.870824 0.384128 -0.112283
0.821927 0.442626 -0.101413
0.832476 0.455759 -0.029537
0.851171 0.550634 -0.026022
0.865468 0.631386 -0.030212
0.877483 0.629861 -0.104625
0.816612 0.628096 -0.131369
0.762318 0.657813 -0.152666
0.700001 0.653293 -0.148709
0.691733 0.616755 -0.212578
0.722647 0.548066 -0.193352
0.691305 0.525598 -0.135721
0.637928 0.511154 -0.169797
0.660941 0.448804 -0.208458
0.677966 0.400765 -0.154971
0.621901 0.393329 -0.125271
0.594693 0.357407 -0.181435
0.630535 0.289948 -0.178968
0.614121 0.267373 -0.113377
0.555246 0.254240 -0.129763
0.565835 0.194137 -0.177292
0.589683 0.141657 -0.127645
0.532416 0.136736 -0.087308
0.488611 0.099262 -0.134185
0.454275 0.026641 -0.121640
0.433584 -0.058872 -0.107069
0.440814 -0.096132 -0.183088
0.493356 -0.081073 -0.136606
0.543088 -0.049163 -0.101948
0.602859 -0.044107 -0.086074
0.653324 -0.068395 -0.052278
0.689187 -0.063821 0.005447
0.735335 -0.021051 -0.025045
0.700245 0.046755 -0.033494
0.690165 0.060343 0.035356
0.750323 0.069277 0.054070
0.761198 0.136227 0.010986
0.712668 0.189376 0.034425
0.715234 0.208821 0.103740
0.757960 0.268149 0.102577
0.721975 0.319264 0.061937
0.675665 0.328358 0.109024
0.712811 0.361847 0.159719
0.721181 0.431498 0.116868
0.663018 0.456053 0.094523
0.636767 0.481464 0.156740
0.671144 0.558551 0.151293
0.647296 0.607045 0.100249
0.617604 0.678543 0.074483
0.583899 0.642379 0.021460
0.530095 0.609613 -0.003305
0.553087 0.553763 -0.048204
0.583879 0.511635 0.001024
0.536469 0.495025 0.044876
0.500341 0.454742 0.000326
0.541132 0.397208 -0.018737
0.553657 0.366260 0.045690
0.494211 0.342936 0.060331
0.490444 0.291767 0.004329
0.533720 0.239956 0.023741
0.505534 0.218638 0.083956
0.453074 0.190044 0.052440
0.482705 0.125528 0.019272
0.508935 0.089071 0.078230
0.449836 0.076392 0.111026
0.420652 0.025705 0.058399
0.439123 -0.058284 0.094034
0.469162 -0.099182 0.150036
0.509994 -0.105307 0.203687
0.560683 -0.086503 0.163722
0.545511 -0.006874 0.151014
0.541967 0.013722 0.218188
0.601413 -0.002193 0.234248
0.628295 0.054111 0.192561
0.601841 0.118413 0.227638
0.627644 0.101402 0.290389
0.689370 0.097844 0.271350
0.693240 0.180736 0.256616
0.658802 0.240197 0.295370
0.601637 0.278339 0.274236
0.561416 0.292195 0.328120
0.581048 0.367999 0.348323
0.563188 0.398705 0.277006
0.500463 0.378725 0.275539
0.471687 0.416841 0.330005
0.473887 0.494945 0.307171
0.434786 0.485877 0.249075
0.379902 0.499599 0.283709
0.400287 0.589766 0.281591
0.402425 0.628310 0.217839
0.382264 0.682769 0.167074
0.377702 0.620687 0.116472
0.343163 0.561199 0.086912
0.390919 0.516851 0.061378
0.412140 0.495533 0.126155
0.360616 0.463034 0.153644
0.353549 0.402798 0.104997
0.408555 0.366180 0.117147
0.401977 0.352752 0.187883
0.351105 0.306933 0.185369
0.380798 0.248435 0.146661
0.430183 0.227706 0.185555
0.396540 0.212111 0.246235
0.353651 0.160006 0.219119
0.397131 0.101241 0.207527
0.413647 0.084203 0.274003
0.354282 0.060370 0.293508
0.360127 -0.018724 0.259735
0.399493 -0.064837 0.306566
0.411427 -0.069678 0.379047
0.427027 -0.042904 0.443405
0.483153 -0.013267 0.423318
0.460446 0.042877 0.376463
0.427800 0.082330 0.425576
0.475720 0.103622 0.468799
0.501563 0.159605 0.427531
0.451791 0.211042 0.431744
0.450202 0.220831 0.502595
0.508548 0.254668 0.508158
0.484904 0.328947 0.472849
0.424929 0.355614 0.478458
0.374057 0.346761 0.438098
0.329376 0.381774 0.481507
0.339558 0.463329 0.469800
0.307320 0.461215 0.402649
0.242905 0.448724 0.411075
0.218060 0.522040 0.412122
0.233782 0.537634 0.341666
0.204598 0.471406 0.310733
0.144908 0.484433 0.339106
0.146598 0.571283 0.310057
0.149429 0.582999 0.239648
0.124523 0.603969 0.173009
0.133504 0.516530 0.150827
0.116886 0.438881 0.141564
0.174417 0.409030 0.132160
0.189549 0.418124 0.203105
0.146354 0.371529 0.230920
0.162402 0.302653 0.198357
0.221583 0.297384 0.222959
0.204884 0.296528 0.292647
0.170853 0.227545 0.289063
0.216329 0.180629 0.264623
0.252008 0.188172 0.321719
0.212744 0.159873 0.371529
0.205515 0.084336 0.343412
0.266610 0.063821 0.362219
0.258546 0.072380 0.433652
0.208223 0.021639 0.443614
0.245858 -0.046996 0.425226
0.279155 -0.055047 0.488979
0.281253 -0.044375 0.562810
0.275876 -0.001765 0.625282
0.317686 0.058471 0.606755
0.284389 0.087974 0.550101
0.236490 0.107982 0.590415
0.266549 0.160140 0.632521
0.281477 0.216471 0.583875
0.221033 0.239234 0.571375
0.210056 0.263548 0.639108
0.256978 0.318114 0.648768
0.234657 0.366180 0.591695
0.172421 0.370058 0.570747
0.143931 0.322126 0.514256
0.084077 0.305729 0.527873
0.058336 0.375809 0.505668
0.081084 0.368320 0.436818
0.049151 0.301236 0.420990
-0.007423 0.334189 0.434118
-0.003859 0.390307 0.383470
0.002454 0.335152 0.329074
-0.052695 0.299069 0.340339
-0.089434 0.371208 0.332565
-0.050862 0.423046 0.275144
-0.028868 0.385519 0.215651
-0.026383 0.333387 0.162326
-0.018828 0.256192 0.143216
0.043286 0.256861 0.155157
0.036056 0.267533 0.228499
-0.001660 0.205933 0.245770
0.038887 0.147007 0.231013
0.081226 0.169074 0.280823
0.042716 0.164661 0.337593
0.031311 0.085032 0.333869
0.091389 0.066255 0.346065
0.100125 0.099529 0.409725
0.054344 0.054753 0.440914
0.072205 -0.020676 0.425669
0.127944 -0.017172 0.457394
0.106011 -0.006580 0.522775
0.074485 -0.079548 0.527896
0.129981 -0.127133 0.519587
0.176454 -0.087118 0.563904
0.148350 -0.070508 0.629681
0.115399 -0.057990 0.694830
0.074282 -0.023324 0.737774
0.098659 0.053656 0.738124
0.089271 0.066549 0.665596
0.026098 0.055074 0.667737
0.014551 0.114241 0.714638
0.034794 0.174771 0.673975
-0.006446 0.163805 0.621302
-0.056096 0.181967 0.662337
-0.038134 0.258011 0.681796
-0.044386 0.283181 0.608361
-0.088293 0.251404 0.562624
-0.094118 0.187985 0.513698
-0.153502 0.167549 0.499383
-0.169306 0.223586 0.449433
-0.124217 0.210186 0.400717
-0.138330 0.129139 0.392989
-0.198509 0.136227 0.371482
-0.186657 0.175039 0.308754
-0.164968 0.102044 0.275144
-0.216573 0.056278 0.258315
-0.229138 0.104103 0.192864
-0.187084 0.078933 0.140516
-0.158044 0.035468 0.084468
-0.110919 -0.003049 0.121081
-0.092549 -0.073343 0.150944
-0.043897 -0.041968 0.186114
-0.078273 0.002675 0.231199
-0.112202 -0.056385 0.259433
-0.064344 -0.099048 0.286595
-0.041168 -0.041299 0.329493
-0.093384 -0.034237 0.369178
-0.097681 -0.111726 0.392803
-0.042329 -0.116006 0.423783
-0.053184 -0.052533 0.469381
-0.103139 -0.082705 0.503526
-0.075504 -0.150484 0.526849
-0.032676 -0.113010 0.567302
-0.072429 -0.077623 0.611456
-0.100044 -0.146338 0.635663
-0.047400 -0.180576 0.661476
-0.027279 -0.118333 0.706422
-0.074017 -0.118253 0.753602
-0.111835 -0.173782 0.782417
-0.149592 -0.127026 0.824291
-0.156822 -0.067485 0.766055
-0.198489 -0.087519 0.715220
-0.242539 -0.033007 0.733771
-0.211563 0.034264 0.713498
-0.209120 0.010967 0.644508
-0.270520 0.004280 0.632637
-0.283513 0.082758 0.645090
-0.249137 0.112823 0.591137
-0.280316 0.073289 0.539883
-0.336280 0.108517 0.554407
-0.324060 0.189830 0.552243
-0.301353 0.183839 0.479366
-0.316301 0.118360 0.435305
-0.291904 0.037741 0.438238
-0.340556 -0.012224 0.430394
-0.356136 0.006954 0.363150
-0.300457 -0.019018 0.337174
-0.306872 -0.097951 0.357284
-0.359272 -0.113385 0.320718
-0.334610 -0.102659 0.256477
-0.292087 -0.166479 0.262970
-0.334162 -0.227144 0.247818
-0.325649 -0.198951 0.170216
-0.269360 -0.212566 0.138002
-0.228100 -0.250709 0.091637
-0.189040 -0.272375 0.147848
-0.172218 -0.327609 0.199171
-0.144379 -0.274301 0.244885
-0.195719 -0.228668 0.258432
-0.233374 -0.286417 0.281708
-0.198428 -0.314209 0.336057
-0.192176 -0.241828 0.371157
-0.252966 -0.229310 0.383051
-0.262517 -0.297892 0.420152
-0.221909 -0.284786 0.473756
-0.248567 -0.216605 0.499174
-0.305549 -0.247954 0.513581
-0.291089 -0.311186 0.555338
-0.255674 -0.267025 0.606615
-0.291191 -0.183384 0.613412
-0.361695 -0.199246 0.590927
-0.389982 -0.273980 0.622768
-0.413932 -0.251003 0.693667
-0.453135 -0.256032 0.754393
-0.458572 -0.176028 0.788423
-0.509322 -0.183625 0.822778
-0.542314 -0.160113 0.871866
-0.592147 -0.178195 0.901962
-0.628458 -0.154737 0.947629
-0.675767 -0.181432 0.985709
-0.712933 -0.114695 0.960501
-0.727351 -0.151875 0.889696
-0.768184 -0.214064 0.906361
-0.824819 -0.246590 0.911342
-0.866995 -0.295699 0.939227
-0.901616 -0.365137 0.945185
-0.956948 -0.407586 0.948956
-1.000000 -0.465736 0.945069
-0.993076 -0.466672 0.858134
-0.951653 -0.419248 0.814817
-0.944994 -0.330231 0.835882
-0.926319 -0.248088 0.837977
-0.914711 -0.168673 0.872146
-0.919212 -0.080806 0.865605
-0.908336 -0.004975 0.898285
-0.901290 0.079254 0.893304
-0.878909 0.096373 0.968694
-0.815044 0.080351 0.988129
-0.779914 0.158455 0.953937
-0.781747 0.231397 0.991970
-0.722708 0.273391 0.993716
-0.692323 0.343631 1.000000
-0.644465 0.393383 0.961897
-0.614284 0.461964 0.942020
-0.591781 0.526962 0.900938
-0.542884 0.580137 0.875870
-0.512866 0.636388 0.831157
