0.351971 -0.493556 0.615482
0.353743 -0.458709 0.575326
0.371090 -0.411365 0.548436
0.357221 -0.373928 0.503609
0.365687 -0.325159 0.480141
0.345846 -0.299349 0.434227
0.360458 -0.263372 0.397768
0.333486 -0.229967 0.360434
0.352583 -0.207442 0.316677
0.321477 -0.180034 0.279181
0.317452 -0.163070 0.227607
0.328936 -0.108809 0.213075
0.366846 -0.110061 0.163512
0.312749 -0.106237 0.123340
0.272433 -0.057294 0.127167
0.309183 -0.017233 0.099904
0.302292 -0.022516 0.049903
0.237389 -0.003485 0.048655
0.239576 0.045858 0.070825
0.274227 0.069808 0.033945
0.221748 0.063568 -0.001525
0.166776 0.082704 0.023030
0.182526 0.136774 0.025333
0.166098 0.166668 -0.015164
0.097279 0.180034 0.006228
0.101829 0.199048 0.061094
0.118410 0.261877 0.052174
0.055191 0.302738 0.054347
0.047469 0.322830 0.110398
0.086976 0.357782 0.136752
0.102376 0.419064 0.126405
0.106444 0.477740 0.140661
0.116682 0.532505 0.113884
0.110185 0.582787 0.095055
0.087216 0.613880 0.045184
0.063460 0.651334 0.014548
0.015706 0.651891 -0.033864
-0.037888 0.653855 -0.069641
-0.077569 0.650083 -0.111371
-0.103229 0.622118 -0.163480
-0.156035 0.572445 -0.172124
-0.207989 0.543472 -0.200247
-0.209958 0.499031 -0.236640
-0.183095 0.449862 -0.255421
-0.183970 0.388440 -0.274510
-0.172354 0.347823 -0.302243
-0.105744 0.319701 -0.321754
-0.075119 0.297472 -0.359364
-0.002931 0.280074 -0.382929
0.044275 0.275347 -0.417360
0.089054 0.285966 -0.453965
0.088529 0.294969 -0.502473
0.118191 0.300965 -0.545046
0.132388 0.320953 -0.592387
0.148904 0.326219 -0.642761
0.219823 0.340297 -0.669213
0.255261 0.309847 -0.716765
0.276261 0.280752 -0.758948
0.293521 0.248877 -0.795439
0.331780 0.192443 -0.808155
0.349740 0.152434 -0.848068
0.382968 0.097773 -0.861723
0.398127 0.053314 -0.889230
0.443912 0.007708 -0.907783
0.458437 -0.032006 -0.951199
0.526381 -0.066784 -0.958692
0.570744 -0.101353 -0.991631
0.634073 -0.133837 -0.996108
0.705211 -0.149149 -0.987642
0.775736 -0.184083 -0.982403
0.829461 -0.206869 -0.951653
0.871637 -0.255481 -0.924228
0.928206 -0.285619 -0.916638
0.965787 -0.321561 -0.873222
0.982915 -0.374519 -0.837672
1.000000 -0.410878 -0.798261
0.988953 -0.467868 -0.766360
0.996281 -0.514499 -0.733826
0.972831 -0.569769 -0.702704
0.947675 -0.609309 -0.664915
0.911953 -0.665047 -0.640572
0.879074 -0.704014 -0.606675
0.820077 -0.747899 -0.585397
0.772630 -0.786518 -0.558345
0.734720 -0.837286 -0.530174
0.707595 -0.871334 -0.479800
0.651026 -0.912942 -0.452797
0.583650 -0.917617 -0.416192
0.552938 -0.954985 -0.379166
0.486262 -0.954829 -0.342026
0.409284 -0.974103 -0.321186
0.352627 -0.986009 -0.289804
0.286827 -1.000000 -0.263303
0.215667 -0.982846 -0.232764
0.157260 -0.980708 -0.200392
0.091897 -0.957870 -0.170535
0.016822 -0.955228 -0.151316
-0.043816 -0.923683 -0.121799
-0.124185 -0.916262 -0.112895
-0.170079 -0.887115 -0.070030
-0.240911 -0.857221 -0.060202
-0.317605 -0.844429 -0.058369
-0.376756 -0.800057 -0.066835
-0.437787 -0.773344 -0.069138
-0.503697 -0.753513 -0.084967
-0.561688 -0.708950 -0.098088
-0.625016 -0.678795 -0.121588
-0.688695 -0.650396 -0.126535
-0.743055 -0.604130 -0.134303
-0.808593 -0.575365 -0.155727
-0.855055 -0.522112 -0.158517
-0.905696 -0.479739 -0.176146
-0.949403 -0.434185 -0.162880
-0.981275 -0.373632 -0.173324
-0.995756 -0.314783 -0.185861
-1.000000 -0.255516 -0.187596
-0.977206 -0.198074 -0.210578
-0.968784 -0.144769 -0.223276
-0.935709 -0.088700 -0.218816
-0.913025 -0.036351 -0.236170
-0.863937 0.006266 -0.234645
-0.834536 0.056164 -0.251561
-0.781577 0.089430 -0.270050
-0.745745 0.133159 -0.288814
-0.698123 0.165243 -0.313580
-0.657960 0.208468 -0.325046
-0.634773 0.254647 -0.347816
-0.610754 0.282890 -0.387113
-0.567200 0.327297 -0.408829
-0.555344 0.348049 -0.457451
-0.558603 0.369687 -0.503965
-0.531325 0.403492 -0.546846
-0.517084 0.420716 -0.597820
-0.494378 0.443571 -0.641074
-0.442337 0.471900 -0.678198
-0.430503 0.483371 -0.733794
-0.391827 0.539249 -0.748309
-0.334865 0.551937 -0.789536
-0.320690 0.575869 -0.837315
-0.264120 0.606389 -0.865518
-0.225795 0.629018 -0.907556
-0.150326 0.635901 -0.926580
-0.095507 0.650796 -0.967628
-0.024872 0.658791 -0.984787
0.043881 0.671200 -0.992832
0.124251 0.664352 -0.986506
0.193792 0.669132 -1.000000
0.269130 0.655714 -0.981560
0.344665 0.655332 -0.980133
0.405674 0.630548 -0.946091
0.468740 0.610404 -0.939490
0.528219 0.581657 -0.920060
0.600341 0.593945 -0.891743
0.658310 0.563581 -0.858885
0.720479 0.544289 -0.838856
0.764580 0.507565 -0.801537
0.825480 0.473465 -0.789552
0.865883 0.445934 -0.743801
0.895240 0.416040 -0.704407
0.910990 0.356461 -0.679966
0.930087 0.313045 -0.651811
0.915321 0.263998 -0.615466
0.928621 0.213630 -0.586565
0.895371 0.170109 -0.549393
0.861640 0.128153 -0.522292
0.838758 0.096087 -0.477076
0.844227 0.086476 -0.422972
0.814324 0.087275 -0.366889
0.798836 0.068696 -0.319483
0.776020 0.077629 -0.266125
0.759833 0.071024 -0.214908
0.727130 0.083208 -0.169756
0.749792 0.079489 -0.121491
0.727939 0.073649 -0.074961
0.765345 0.063725 -0.032112
0.777639 0.039340 0.012423
0.814827 0.022794 0.052855
0.834165 -0.025210 0.073469
0.863915 -0.054079 0.109003
0.910137 -0.088231 0.135552
0.932690 -0.148332 0.139963
0.952115 -0.202141 0.141342
0.947456 -0.259774 0.110900
0.943606 -0.300705 0.073225
0.927506 -0.346728 0.044276
0.884390 -0.387936 0.018732
0.868180 -0.432169 -0.013169
0.814871 -0.453842 -0.049952
0.791442 -0.489055 -0.087984
0.733539 -0.517315 -0.104186
0.669401 -0.513787 -0.140093
0.629304 -0.531845 -0.177330
0.568404 -0.535738 -0.205047
0.497878 -0.535373 -0.225498
0.455025 -0.554179 -0.261503
0.381524 -0.563269 -0.276326
0.320755 -0.581083 -0.304173
0.256136 -0.593406 -0.315234
0.204883 -0.621996 -0.284711
0.136391 -0.612542 -0.253605
0.071094 -0.615809 -0.225920
0.029028 -0.586715 -0.185585
-0.029575 -0.565650 -0.159539
-0.074966 -0.521034 -0.142429
-0.130638 -0.493052 -0.131497
-0.172507 -0.444196 -0.148543
-0.230192 -0.413659 -0.160885
-0.257252 -0.380376 -0.207415
-0.285514 -0.365464 -0.255194
-0.301396 -0.364264 -0.306752
-0.333311 -0.320762 -0.331225
-0.374721 -0.313010 -0.369273
-0.381306 -0.270793 -0.412851
-0.405871 -0.253934 -0.463485
-0.463862 -0.218739 -0.469112
-0.529488 -0.197918 -0.457030
-0.578510 -0.179512 -0.420214
-0.609376 -0.165712 -0.370035
-0.612701 -0.144560 -0.321867
-0.611038 -0.142875 -0.273488
-0.565035 -0.153789 -0.226617
-0.533163 -0.158847 -0.182309
-0.504528 -0.176366 -0.140515
-0.522903 -0.212291 -0.106002
-0.528241 -0.232053 -0.060445
-0.537472 -0.270428 -0.026160
-0.562497 -0.290920 0.016721
-0.513409 -0.328061 0.023192
-0.467559 -0.294361 0.046465
-0.520585 -0.286366 0.088989
-0.545675 -0.305467 0.131351
-0.555782 -0.256003 0.153716
-0.615873 -0.245748 0.121442
-0.666710 -0.282369 0.120696
-0.700157 -0.275695 0.165702
-0.741173 -0.231966 0.159441
-0.794899 -0.254021 0.128448
-0.825699 -0.297142 0.162020
-0.869668 -0.267804 0.202387
-0.937503 -0.281482 0.184434
-0.967297 -0.326532 0.221752
-0.985322 -0.360319 0.258292
-0.932121 -0.374102 0.302924
-0.904734 -0.400798 0.352828
-0.834405 -0.431439 0.359574
-0.759067 -0.447116 0.344427
-0.688957 -0.456727 0.347492
-0.623223 -0.475776 0.336609
-0.553813 -0.488116 0.336901
-0.482194 -0.476315 0.331306
-0.412849 -0.492896 0.329117
-0.370018 -0.446664 0.356152
-0.347465 -0.448037 0.405959
-0.274730 -0.419951 0.408245
-0.286149 -0.361727 0.427399
-0.301111 -0.315513 0.449780
-0.335171 -0.268499 0.452829
-0.362865 -0.222945 0.436498
-0.411449 -0.185109 0.448450
-0.486722 -0.181129 0.446245
-0.540600 -0.209337 0.431697
-0.614473 -0.196145 0.444282
-0.680536 -0.214481 0.438395
-0.747386 -0.202020 0.446131
-0.814455 -0.195259 0.440114
-0.878134 -0.171778 0.435216
-0.928031 -0.145986 0.477043
-0.955528 -0.085415 0.470410
-0.978453 -0.031363 0.460890
-0.979722 0.020900 0.453510
-0.941047 0.073475 0.453543
-0.921906 0.125077 0.446585
-0.886337 0.172195 0.447996
-0.888765 0.213178 0.487196
-0.858030 0.256941 0.503755
-0.843921 0.289147 0.549085
-0.810321 0.321213 0.583224
-0.788139 0.274965 0.613228
-0.734436 0.248859 0.588868
-0.688082 0.294100 0.610762
-0.650042 0.307135 0.652670
-0.597301 0.333971 0.620461
-0.633482 0.384843 0.608135
-0.655926 0.435489 0.602556
-0.711839 0.461177 0.589241
-0.741983 0.505514 0.565270
-0.776786 0.544394 0.594820
-0.807368 0.587827 0.577726
-0.840793 0.633728 0.607178
-0.870674 0.680446 0.619391
-0.884981 0.730397 0.643621
-0.931903 0.771189 0.638852
-0.909349 0.823173 0.672213
-0.879621 0.873750 0.684312
-0.822330 0.905990 0.699330
-0.764274 0.950171 0.684604
-0.707398 0.985435 0.680955
-0.624841 0.987469 0.669505
-0.553944 1.000000 0.663277
-0.479547 0.981664 0.645859
-0.408059 0.978292 0.633354
-0.342871 0.947842 0.608362
-0.277705 0.939656 0.587684
-0.214004 0.902670 0.568984
-0.145120 0.881953 0.549101
-0.082754 0.837355 0.550544
-0.035241 0.795869 0.538737
0.011594 0.753687 0.538672
0.036488 0.691604 0.540083
0.061163 0.638282 0.545922
0.032485 0.577798 0.549458
0.008663 0.525675 0.560794
-0.068666 0.507460 0.558134
-0.135910 0.486778 0.560583
-0.193639 0.472908 0.582591
-0.218314 0.466182 0.630435
-0.261495 0.442893 0.662823
-0.292908 0.429666 0.707780
-0.224548 0.407228 0.734264
-0.167848 0.439034 0.745114
-0.140351 0.435002 0.796023
-0.084788 0.449410 0.826059
-0.077416 0.423583 0.882239
-0.057466 0.392560 0.924666
-0.044975 0.358060 0.961320
-0.069213 0.299975 0.981771
-0.093626 0.250267 1.000000
-0.119810 0.195832 0.971196
-0.121101 0.161263 0.930294
-0.116354 0.138912 0.882288
-0.162795 0.149444 0.846478
-0.181061 0.149444 0.798651
-0.229208 0.177670 0.772426
-0.234655 0.135627 0.726739
-0.216958 0.102691 0.691513
-0.177889 0.050811 0.685415
-0.129129 0.020917 0.661250
-0.090410 -0.025506 0.649978
-0.058997 -0.065254 0.623867
-0.123551 -0.093671 0.620672
-0.182898 -0.061152 0.618320
-0.206217 -0.036438 0.660390
-0.252133 -0.004597 0.692210
-0.256705 0.037359 0.734783
-0.304086 0.073736 0.746720
-0.372971 0.075630 0.739697
-0.436978 0.091672 0.745082
-0.502778 0.092802 0.750450
-0.521088 0.093740 0.695195
-0.481997 0.063256 0.661574
-0.460603 0.025488 0.630419
-0.428293 -0.027487 0.629851
-0.425340 -0.040209 0.576883
-0.420024 -0.031085 0.526087
-0.456578 0.019561 0.529655
-0.407074 0.049716 0.555004
-0.345080 0.066332 0.568109
-0.323402 0.015408 0.573023
-0.323533 0.000374 0.525665
-0.280614 0.037376 0.510128
-0.228092 0.024376 0.540862
-0.224373 -0.026496 0.524238
-0.212517 -0.014678 0.475064
-0.155313 0.011688 0.482087
-0.124820 -0.031502 0.505830
-0.127073 -0.066367 0.469275
-0.087872 -0.035047 0.437860
-0.029138 -0.047839 0.461360
-0.042044 -0.108236 0.447899
-0.079101 -0.104673 0.397849
-0.090147 -0.102830 0.348319
-0.158332 -0.106897 0.353120
-0.163035 -0.054791 0.376020
-0.144288 -0.017876 0.345027
-0.199217 -0.019127 0.314066
-0.244827 -0.005692 0.357450
-0.207989 0.035882 0.387064
-0.171873 0.063238 0.345027
-0.155292 0.045980 0.296875
-0.123420 0.079558 0.251626
-0.101238 0.102326 0.208729
-0.124207 0.116787 0.162993
-0.063000 0.131125 0.143239
-0.037494 0.081036 0.132681
-0.072647 0.061431 0.091941
-0.081419 0.098398 0.049839
-0.123595 0.141501 0.056845
-0.150873 0.191661 0.052823
-0.184845 0.225970 0.083070
-0.165967 0.268690 0.047390
-0.208448 0.269386 0.007152
-0.250186 0.285063 -0.031674
-0.262392 0.229776 -0.043708
-0.274599 0.178469 -0.046968
-0.260030 0.123287 -0.041616
-0.292164 0.091863 -0.075528
-0.248852 0.094835 -0.115522
-0.195301 0.072658 -0.078626
-0.209936 0.020604 -0.059667
-0.185829 -0.032023 -0.053390
-0.199173 -0.045875 0.005157
-0.185939 -0.060318 0.053098
-0.111957 -0.064177 0.038486
-0.088332 -0.012609 0.022024
-0.040557 0.030528 0.022430
-0.075207 0.046344 -0.030215
-0.097957 0.054513 -0.078350
-0.096448 0.055817 -0.127362
-0.073369 0.055330 -0.176908
-0.080960 0.048100 -0.226212
-0.073347 -0.009238 -0.220065
-0.136807 -0.015912 -0.193629
-0.179486 0.001834 -0.235910
-0.225205 -0.000878 -0.271023
-0.237608 0.017841 -0.325776
-0.256355 0.035204 -0.372387
-0.225051 0.031884 -0.417571
-0.212495 0.018258 -0.464052
-0.188826 -0.018171 -0.496505
-0.124579 0.001729 -0.500105
-0.104694 -0.020309 -0.452910
-0.101676 -0.075213 -0.465463
-0.040557 -0.096278 -0.478649
-0.036575 -0.145777 -0.461263
-0.065254 -0.170318 -0.499927
-0.011594 -0.152781 -0.534910
0.053353 -0.157717 -0.501938
0.081682 -0.196545 -0.475956
0.134510 -0.206452 -0.509707
0.155970 -0.149496 -0.505587
0.172879 -0.138269 -0.457711
0.222229 -0.128571 -0.424237
0.242311 -0.139346 -0.378452
0.268299 -0.122557 -0.335166
0.328586 -0.082704 -0.322208
0.359430 -0.041408 -0.300637
0.408649 -0.032979 -0.334679
0.365118 -0.001695 -0.366565
0.350440 0.045371 -0.338345
0.347990 0.090786 -0.311033
0.331758 0.120089 -0.271558
0.264974 0.122540 -0.278743
0.254933 0.069617 -0.268769
0.279542 0.073075 -0.221995
0.232380 0.107158 -0.206004
0.180098 0.076690 -0.214956
0.200223 0.035013 -0.186331
0.206195 0.063377 -0.142607
0.143173 0.088509 -0.138779
0.100582 0.044433 -0.147067
0.125607 0.000669 -0.116139
0.118432 -0.007135 -0.067646
0.140460 -0.062491 -0.063251
0.173754 -0.083973 -0.105889
0.218292 -0.098329 -0.139396
0.219233 -0.049838 -0.162912
0.257842 -0.026774 -0.127508
0.311064 -0.059988 -0.131935
0.322877 -0.050915 -0.180298
0.334908 0.001243 -0.173097
0.386184 -0.004667 -0.140255
0.427921 -0.028947 -0.171897
0.428490 0.011688 -0.207610
0.453931 0.047196 -0.175725
0.509975 0.019770 -0.164323
0.533688 0.018640 -0.212118
0.533775 0.079767 -0.209896
0.539856 0.107384 -0.165458
0.492781 0.100727 -0.126989
0.459268 0.117691 -0.077426
0.424443 0.123009 -0.031399
0.393927 0.149827 0.010801
0.358402 0.149027 0.054088
0.342696 0.205339 0.054169
0.325611 0.216011 0.005157
0.307630 0.180312 -0.032566
0.363740 0.176071 -0.072204
0.409568 0.181146 -0.110900
0.486044 0.182397 -0.123729
0.546835 0.208502 -0.154316
0.591351 0.235755 -0.182877
0.621604 0.267804 -0.215784
0.665551 0.275347 -0.252015
0.720020 0.300479 -0.225871
0.714442 0.289703 -0.171119
0.740386 0.291215 -0.122691
0.752002 0.306214 -0.076112
0.773220 0.337985 -0.037334
0.766483 0.283881 -0.006358
0.798705 0.234938 0.021651
0.786871 0.185109 0.055012
0.753555 0.145134 0.081561
0.685982 0.175932 0.082551
0.694273 0.217401 0.036783
0.668001 0.260887 -0.001346
0.669970 0.309829 -0.035469
0.621844 0.327158 -0.081935
0.587129 0.310785 -0.126535
0.517916 0.288104 -0.142996
0.461040 0.256681 -0.150619
0.386665 0.250093 -0.149662
0.316468 0.239578 -0.146483
0.250755 0.257775 -0.155111
0.182745 0.243976 -0.150067
0.156342 0.294935 -0.161161
0.196789 0.301921 -0.207545
0.236776 0.267613 -0.232407
0.314368 0.278076 -0.216221
0.376099 0.303677 -0.209118
0.421862 0.329608 -0.170097
0.466837 0.361849 -0.144067
0.509975 0.356252 -0.094001
0.533294 0.349456 -0.047146
0.566829 0.310038 -0.011109
0.568950 0.270793 0.027295
0.593954 0.215698 0.034350
0.585007 0.169327 0.059878
0.583585 0.114093 0.058467
0.524894 0.107871 0.086086
0.483747 0.131108 0.048720
0.491184 0.085641 0.018067
0.490812 0.038576 -0.007590
0.498534 -0.009481 -0.030880
0.469222 -0.049438 -0.054964
0.417399 -0.081331 -0.063040
0.372796 -0.127371 -0.052482
0.333727 -0.172873 -0.055710
0.292996 -0.213299 -0.042184
0.263311 -0.263268 -0.031626
0.198079 -0.275312 -0.044989
0.145470 -0.315096 -0.033880
0.104979 -0.274304 0.000811
0.063503 -0.221642 -0.007525
0.013759 -0.185143 0.020986
-0.013388 -0.142822 0.044211
-0.069191 -0.167659 0.063089
-0.029772 -0.191904 0.101721
-0.004659 -0.134184 0.116982
-0.051975 -0.103230 0.140612
-0.023363 -0.086684 0.187434
