-0.390384 0.987612 0.151242
-0.442096 1.000000 0.173625
-0.492774 0.956313 0.174555
-0.551148 0.922941 0.160313
-0.577362 0.849109 0.168999
-0.633854 0.810579 0.158589
-0.641927 0.724783 0.172831
-0.695070 0.692329 0.143304
-0.703180 0.626339 0.108312
-0.729300 0.544829 0.116544
-0.772958 0.482608 0.113051
-0.761140 0.404159 0.083343
-0.734287 0.322814 0.065382
-0.726872 0.256000 0.032112
-0.675179 0.214620 -0.013244
-0.628284 0.157344 -0.032589
-0.613361 0.096842 -0.067400
-0.567896 0.027461 -0.073523
-0.598852 -0.051012 -0.079669
-0.598005 -0.101458 -0.129720
-0.648532 -0.162926 -0.131035
-0.689913 -0.185252 -0.172378
-0.713831 -0.260357 -0.166232
-0.762665 -0.295848 -0.171765
-0.794505 -0.366101 -0.136297
-0.819872 -0.382798 -0.070484
-0.871434 -0.349638 -0.021476
-0.905062 -0.320388 0.028938
-0.934983 -0.301335 0.083252
-0.956323 -0.325051 0.148293
-0.985359 -0.327736 0.206169
-0.984945 -0.365959 0.265835
-1.000000 -0.388474 0.326840
-0.988558 -0.417136 0.387686
-0.966221 -0.471703 0.418891
-0.962232 -0.512117 0.473364
-0.925725 -0.537010 0.522712
-0.908205 -0.596924 0.484159
-0.873673 -0.563011 0.426806
-0.827174 -0.528532 0.468420
-0.765977 -0.504251 0.478512
-0.715525 -0.482513 0.516204
-0.656680 -0.454205 0.504298
-0.600941 -0.436495 0.536093
-0.546650 -0.396952 0.516204
-0.527870 -0.345941 0.560177
-0.585152 -0.312805 0.560948
-0.621359 -0.337910 0.503300
-0.675047 -0.351334 0.469441
-0.712307 -0.409246 0.431931
-0.756756 -0.439533 0.387754
-0.786884 -0.513554 0.370518
-0.808111 -0.579897 0.352421
-0.815280 -0.650291 0.346887
-0.807094 -0.651068 0.277787
-0.750753 -0.632086 0.274135
-0.733910 -0.690492 0.312621
-0.756022 -0.746991 0.274634
-0.717821 -0.744047 0.220547
-0.668555 -0.763571 0.273319
-0.652484 -0.819952 0.317156
-0.592303 -0.802313 0.317678
-0.592021 -0.741339 0.360336
-0.606116 -0.702927 0.417304
-0.662100 -0.687855 0.396485
-0.679545 -0.756082 0.385554
-0.671679 -0.774452 0.452115
-0.705852 -0.725819 0.482186
-0.754422 -0.747957 0.452069
-0.753030 -0.816208 0.479918
-0.750151 -0.798003 0.547318
-0.798043 -0.755729 0.552035
-0.835228 -0.807211 0.529969
-0.820662 -0.850616 0.587119
-0.830354 -0.803514 0.642114
-0.889763 -0.793481 0.629187
-0.914509 -0.856763 0.648736
-0.940986 -0.904171 0.687584
-0.892924 -0.954193 0.698515
-0.837411 -0.954217 0.707223
-0.787354 -0.988672 0.722123
-0.729338 -1.000000 0.734074
-0.717143 -0.993288 0.658215
-0.705232 -0.921622 0.650232
-0.670945 -0.864417 0.645788
-0.654836 -0.793881 0.651865
-0.636056 -0.729045 0.632793
-0.580015 -0.739149 0.658034
-0.559277 -0.765290 0.595306
-0.569496 -0.691317 0.558907
-0.561404 -0.636490 0.621091
-0.551035 -0.592355 0.680077
-0.619477 -0.576129 0.683343
-0.684155 -0.572408 0.712870
-0.745164 -0.553685 0.705953
-0.801995 -0.576929 0.712190
-0.829131 -0.510539 0.705749
-0.804008 -0.489508 0.638803
-0.766541 -0.525635 0.599456
-0.703180 -0.520195 0.616215
-0.641664 -0.526130 0.587391
-0.577851 -0.524717 0.593763
-0.518611 -0.492899 0.565688
-0.459296 -0.479475 0.554462
-0.462872 -0.432208 0.485429
-0.477983 -0.391418 0.428801
-0.513643 -0.347260 0.393219
-0.483365 -0.353218 0.332192
-0.492924 -0.424083 0.321873
-0.551073 -0.426085 0.324368
-0.563436 -0.404230 0.259531
-0.549323 -0.472104 0.231614
-0.587956 -0.509314 0.268874
-0.633873 -0.472716 0.244019
-0.626534 -0.491957 0.177367
-0.636940 -0.562328 0.185758
-0.693225 -0.556063 0.204876
-0.710068 -0.516615 0.143282
-0.676628 -0.560868 0.086019
-0.628039 -0.605332 0.086155
-0.577117 -0.550741 0.090895
-0.517049 -0.527237 0.091711
-0.477625 -0.467087 0.107835
-0.427399 -0.422529 0.120581
-0.390723 -0.372365 0.147069
-0.343621 -0.331834 0.138020
-0.329262 -0.321895 0.208595
-0.307734 -0.391936 0.221091
-0.287373 -0.459245 0.223858
-0.290666 -0.530275 0.214015
-0.288032 -0.545936 0.283910
-0.336827 -0.509950 0.301894
-0.370964 -0.548692 0.259757
-0.359522 -0.612986 0.288377
-0.378773 -0.596265 0.353555
-0.433515 -0.588658 0.329380
-0.447460 -0.650338 0.296655
-0.434136 -0.691599 0.352489
-0.473899 -0.665081 0.395147
-0.519439 -0.679659 0.348475
-0.516240 -0.727844 0.293004
-0.489876 -0.709592 0.226443
-0.464339 -0.716822 0.162467
-0.436752 -0.701444 0.102869
-0.483628 -0.714279 0.061504
-0.508863 -0.645628 0.072797
-0.483402 -0.604461 0.023313
-0.485322 -0.566049 -0.036716
-0.457264 -0.540049 -0.092414
-0.439650 -0.475684 -0.063545
-0.402352 -0.517604 -0.012881
-0.367407 -0.573208 -0.029958
-0.317614 -0.542521 -0.051049
-0.311667 -0.498787 0.006055
-0.306229 -0.555357 0.050255
-0.262476 -0.593604 0.024379
-0.222883 -0.540849 0.025354
-0.227719 -0.531641 0.097721
-0.213756 -0.598573 0.116544
-0.162552 -0.604837 0.085497
-0.138483 -0.548386 0.117995
-0.145427 -0.573279 0.183672
-0.119514 -0.637479 0.175893
-0.067859 -0.609548 0.156299
-0.058826 -0.569299 0.215308
-0.066278 -0.623537 0.262864
-0.027644 -0.670568 0.236966
0.017934 -0.626575 0.242091
0.012947 -0.613292 0.310670
0.013493 -0.682603 0.333553
0.063925 -0.699277 0.303549
0.096914 -0.647865 0.334188
0.081332 -0.663079 0.401270
0.096594 -0.734957 0.398481
0.150301 -0.729799 0.377208
0.169985 -0.683309 0.427486
0.155947 -0.730623 0.480054
0.177456 -0.796448 0.459054
0.231182 -0.773345 0.454995
0.236564 -0.751772 0.522418
0.224464 -0.818539 0.550357
0.263286 -0.860484 0.514820
0.314001 -0.826146 0.526545
0.307810 -0.818516 0.602857
0.296594 -0.882198 0.637192
0.352616 -0.913850 0.607076
0.409673 -0.889993 0.651434
0.443320 -0.838511 0.678036
0.415393 -0.776807 0.691893
0.365732 -0.744212 0.673705
0.381746 -0.675702 0.693480
0.425329 -0.667931 0.647534
0.396048 -0.682744 0.588253
0.356699 -0.628883 0.597143
0.394976 -0.573656 0.601111
0.418517 -0.584725 0.537998
0.370738 -0.578531 0.500465
0.359089 -0.510233 0.520422
0.408638 -0.483432 0.489534
0.404196 -0.510304 0.421091
0.339819 -0.499564 0.407892
0.323391 -0.435929 0.454700
0.323372 -0.362450 0.464497
0.281182 -0.368833 0.519333
0.301919 -0.398413 0.580519
0.351919 -0.337416 0.587572
0.403538 -0.306093 0.586325
0.429770 -0.361861 0.554553
0.399530 -0.358399 0.494750
0.416711 -0.290643 0.478603
0.473071 -0.303337 0.476358
0.471528 -0.355361 0.428824
0.447704 -0.314948 0.378047
0.490892 -0.266433 0.374759
0.532744 -0.312640 0.359270
0.510444 -0.338122 0.299966
0.512514 -0.274157 0.267309
0.569100 -0.264596 0.270076
0.583628 -0.322861 0.232861
0.557603 -0.301218 0.174668
0.585886 -0.239161 0.164894
0.638822 -0.267210 0.164735
0.631295 -0.311745 0.108697
0.621058 -0.257012 0.062751
0.671020 -0.223005 0.072344
0.705909 -0.277290 0.055539
0.686489 -0.284190 -0.010069
0.699737 -0.216222 -0.031319
0.756963 -0.217399 -0.017009
0.769665 -0.276371 -0.056832
0.751807 -0.235722 -0.118902
0.790196 -0.170980 -0.119923
0.846029 -0.156120 -0.106906
0.868404 -0.111938 -0.056605
0.919646 -0.083983 -0.029845
0.894656 -0.081016 0.041751
0.892567 -0.156261 0.058442
0.897046 -0.221262 0.090736
0.893865 -0.292857 0.088604
0.895766 -0.304797 0.157093
0.842962 -0.275735 0.169452
0.812533 -0.322037 0.127974
0.829338 -0.381268 0.163760
0.809259 -0.363675 0.225400
0.754178 -0.355832 0.203220
0.747591 -0.425755 0.185849
0.756492 -0.453805 0.248849
0.713135 -0.417065 0.280485
0.668931 -0.442123 0.240776
0.677907 -0.513035 0.252387
0.672789 -0.511881 0.320943
0.617237 -0.491910 0.318698
0.593527 -0.545253 0.280122
0.612288 -0.599138 0.321442
0.584268 -0.577895 0.377753
0.531295 -0.582158 0.350561
0.532537 -0.653423 0.332532
0.547460 -0.682061 0.393990
0.502653 -0.657804 0.431160
0.463323 -0.693790 0.392902
0.483948 -0.761852 0.396394
0.479582 -0.764937 0.468942
0.419778 -0.761734 0.473795
0.402729 -0.825016 0.434698
0.383440 -0.892419 0.409774
0.377588 -0.873790 0.338202
0.413718 -0.866419 0.283434
0.373165 -0.874190 0.232521
0.343244 -0.814489 0.250595
0.384494 -0.766185 0.243656
0.394355 -0.776053 0.173444
0.337636 -0.752808 0.152376
0.339895 -0.678764 0.163012
0.355119 -0.614069 0.137703
0.393301 -0.593957 0.187799
0.430937 -0.653070 0.174510
0.443734 -0.632698 0.110353
0.467444 -0.569605 0.129901
0.509898 -0.597960 0.167547
0.534117 -0.636937 0.116022
0.544449 -0.581286 0.071301
0.583421 -0.544994 0.114185
0.625198 -0.607169 0.116975
0.639085 -0.643014 0.057830
0.682951 -0.604437 0.031863
0.721886 -0.620287 0.082073
0.722394 -0.693672 0.075632
0.738220 -0.692282 0.008278
0.788239 -0.659594 0.014718
0.812759 -0.708956 0.056718
0.807057 -0.764961 0.013766
0.837241 -0.738866 -0.039664
0.886959 -0.726832 -0.006214
0.896876 -0.796001 0.015761
0.896556 -0.826735 -0.051933
0.939970 -0.783448 -0.085883
0.995540 -0.799958 -0.062297
1.000000 -0.854596 -0.126182
0.987091 -0.820800 -0.198639
0.983026 -0.788794 -0.263930
0.962044 -0.736064 -0.305431
0.906793 -0.764301 -0.312190
0.891852 -0.752597 -0.245062
0.897158 -0.680389 -0.244994
0.849774 -0.670286 -0.286813
0.811084 -0.701043 -0.245266
0.822676 -0.659122 -0.190543
0.807659 -0.596571 -0.219526
0.751901 -0.615129 -0.228665
0.739575 -0.628530 -0.161968
0.753877 -0.563270 -0.136501
0.713587 -0.527496 -0.173240
0.667482 -0.560302 -0.144756
0.680166 -0.544288 -0.078490
0.674821 -0.472434 -0.087039
0.616974 -0.475071 -0.098855
0.599812 -0.502579 -0.036807
0.601054 -0.441770 0.000499
0.546500 -0.421775 -0.013312
0.518310 -0.460846 0.035560
0.518122 -0.412214 0.086450
0.466767 -0.382516 0.071573
0.433214 -0.433904 0.101780
0.437053 -0.410541 0.168908
0.391325 -0.367679 0.163601
0.350132 -0.419255 0.175099
0.347083 -0.411248 0.244381
0.332443 -0.332917 0.238576
0.289180 -0.331646 0.185259
0.234776 -0.326323 0.163805
0.250621 -0.324910 0.092550
0.274897 -0.392525 0.088604
0.225367 -0.425308 0.106588
0.192924 -0.400108 0.054269
0.224897 -0.428511 0.003651
0.219420 -0.498363 0.020138
0.160952 -0.498881 0.016487
0.156718 -0.477214 -0.049416
0.182574 -0.533313 -0.078127
0.144355 -0.583029 -0.052591
0.095521 -0.547279 -0.085452
0.123146 -0.536846 -0.156752
0.139669 -0.589930 -0.199864
0.098683 -0.573444 -0.248622
0.114885 -0.503898 -0.262524
0.170324 -0.522032 -0.277038
0.156963 -0.568357 -0.328790
0.128886 -0.518970 -0.368931
0.173560 -0.474812 -0.376845
0.208675 -0.523492 -0.407121
0.174087 -0.537317 -0.461027
0.169270 -0.471232 -0.488876
0.226044 -0.460211 -0.495226
0.238860 -0.516615 -0.538224
0.202672 -0.495160 -0.589477
0.224991 -0.429947 -0.600930
0.277719 -0.449542 -0.615036
0.266729 -0.493017 -0.669441
0.241231 -0.442736 -0.710194
0.277644 -0.386637 -0.711781
0.325179 -0.422435 -0.732691
0.303180 -0.443866 -0.794761
0.290327 -0.378583 -0.820728
0.342586 -0.346600 -0.813562
0.372055 -0.390782 -0.853181
0.339292 -0.378795 -0.912462
0.350358 -0.304421 -0.915410
0.415506 -0.304774 -0.906157
0.449247 -0.345682 -0.950062
0.458355 -0.287534 -1.000000
0.499718 -0.245778 -0.963193
0.545728 -0.214032 -0.937340
0.543414 -0.213396 -0.865268
0.511310 -0.250583 -0.820093
0.490836 -0.282824 -0.759202
0.477719 -0.352512 -0.790044
0.505533 -0.419373 -0.784352
0.452766 -0.456843 -0.741127
0.416729 -0.480629 -0.691258
0.451091 -0.461176 -0.636217
0.447968 -0.390193 -0.653475
0.389499 -0.384730 -0.648894
0.384945 -0.388592 -0.579771
0.399492 -0.319470 -0.567842
0.354479 -0.290408 -0.601950
0.311197 -0.322932 -0.567729
0.324859 -0.299899 -0.504683
0.324671 -0.226631 -0.518199
0.268103 -0.227008 -0.544824
0.237900 -0.257201 -0.491824
0.263173 -0.206095 -0.443746
0.286959 -0.139893 -0.459553
0.346443 -0.129860 -0.471913
0.382800 -0.113092 -0.525139
0.438126 -0.102259 -0.546910
0.459673 -0.110478 -0.617417
0.488878 -0.172299 -0.641456
0.432763 -0.187443 -0.676653
0.402333 -0.171758 -0.751355
0.378942 -0.141801 -0.811135
0.377079 -0.118014 -0.884681
0.320004 -0.127694 -0.904887
0.262401 -0.136007 -0.908743
0.259597 -0.203316 -0.882368
0.281709 -0.188314 -0.819707
0.240948 -0.139163 -0.802336
0.198890 -0.191446 -0.800272
0.222770 -0.235298 -0.752897
0.225913 -0.184452 -0.702574
0.169195 -0.175267 -0.695317
0.158619 -0.245213 -0.678036
0.192981 -0.247521 -0.622134
0.166391 -0.196651 -0.584034
0.114038 -0.226349 -0.582833
0.130862 -0.288618 -0.552421
0.151750 -0.260474 -0.493276
0.103519 -0.232990 -0.469146
0.073466 -0.296295 -0.467627
0.109804 -0.337015 -0.427781
0.110745 -0.289395 -0.370904
0.057734 -0.277148 -0.344710
0.043941 -0.341513 -0.314004
0.088784 -0.354066 -0.270235
0.086639 -0.291938 -0.235446
0.034306 -0.303031 -0.207529
0.047140 -0.364900 -0.174532
0.090817 -0.340760 -0.136161
0.059334 -0.289348 -0.101440
0.023165 -0.334660 -0.069441
0.063041 -0.376934 -0.038689
0.088107 -0.324039 -0.003266
0.042021 -0.302701 0.033088
0.032273 -0.367160 0.064724
0.084757 -0.375498 0.094319
0.087618 -0.312922 0.128790
0.039255 -0.323827 0.166504
0.053914 -0.384282 0.198639
0.101374 -0.353454 0.229255
0.072563 -0.301924 0.264996
0.041739 -0.351405 0.300964
0.085190 -0.386166 0.330400
0.107584 -0.327477 0.362422
0.059635 -0.311462 0.399955
0.052766 -0.375144 0.433292
0.104385 -0.372671 0.464679
0.097083 -0.310332 0.498152
0.049605 -0.334943 0.533507
0.074483 -0.391371 0.566255
0.113869 -0.346954 0.598911
0.076515 -0.303808 0.631999
0.049737 -0.355997 0.666992
0.095615 -0.381103 0.701327
0.103801 -0.317774 0.735866
0.052390 -0.314477 0.767820
0.054912 -0.378112 0.800930
0.103067 -0.362168 0.836739
0.081652 -0.303526 0.870031
0.038860 -0.338546 0.903164
0.077719 -0.382492 0.940084
0.105213 -0.316997 0.973716
0.053274 -0.264902 0.972106
0.002014 -0.239820 1.000000
0.006812 -0.168437 0.959542
-0.011724 -0.182026 0.889103
-0.051054 -0.154071 0.841501
-0.066202 -0.174442 0.777934
-0.100019 -0.167566 0.722123
-0.122337 -0.205388 0.669010
-0.133478 -0.146040 0.629754
-0.077663 -0.129766 0.611248
-0.067670 -0.192318 0.578274
-0.113737 -0.185676 0.532940
-0.098890 -0.121877 0.504728
-0.047892 -0.145734 0.479193
-0.068065 -0.198535 0.437510
-0.101223 -0.155107 0.399773
-0.060463 -0.109088 0.377140
-0.029883 -0.160524 0.343032
-0.072525 -0.183769 0.300601
-0.084494 -0.117614 0.273115
-0.031596 -0.107911 0.245379
-0.034155 -0.164928 0.204014
-0.085755 -0.147335 0.171516
-0.063342 -0.085113 0.144438
-0.022751 -0.119781 0.103572
-0.059183 -0.154165 0.063363
-0.084437 -0.094722 0.034448
-0.033214 -0.069381 0.007711
-0.018893 -0.128259 -0.031568
-0.068291 -0.130308 -0.071573
-0.063304 -0.061798 -0.096111
-0.012401 -0.072608 -0.131738
-0.048250 -0.123031 -0.181086
-0.100132 -0.072561 -0.190135
-0.128303 -0.018888 -0.220070
-0.180166 0.013330 -0.209094
-0.227776 0.046655 -0.200295
-0.248852 0.096748 -0.267196
-0.306680 0.089753 -0.310716
-0.354554 0.097454 -0.354281
