-0.244690 0.209275 0.842066
-0.252008 0.215789 0.711320
-0.239989 0.296374 0.641076
-0.261825 0.352920 0.524849
-0.254329 0.400834 0.408469
-0.286190 0.445475 0.301254
-0.267775 0.471983 0.174013
-0.302196 0.526284 0.069917
-0.272089 0.543068 -0.058518
-0.338282 0.564763 -0.141163
-0.400666 0.507253 -0.188416
-0.379217 0.422978 -0.134077
-0.383471 0.450513 -0.021431
-0.470727 0.482381 -0.021508
-0.512852 0.398684 -0.060212
-0.482745 0.345250 0.029711
-0.515708 0.397144 0.117825
-0.603112 0.380488 0.097876
-0.598620 0.281836 0.113897
-0.564824 0.282157 0.224732
-0.631850 0.337003 0.278686
-0.697864 0.276284 0.256118
-0.660558 0.200225 0.316350
-0.652228 0.241816 0.422910
-0.740346 0.257831 0.438045
-0.766377 0.162484 0.431614
-0.712263 0.126701 0.521345
-0.745493 0.200963 0.607725
-0.811626 0.273203 0.594054
-0.799369 0.360751 0.531204
-0.822931 0.446470 0.475247
-0.802315 0.534018 0.421947
-0.779913 0.574390 0.539792
-0.757720 0.506900 0.634837
-0.825489 0.445507 0.685402
-0.879990 0.382606 0.764081
-0.939638 0.341463 0.833593
-0.970845 0.309820 0.940308
-0.956655 0.214024 0.912618
-0.901827 0.135944 0.940423
-0.918070 0.075834 0.841334
-0.840453 0.117972 0.769973
-0.771792 0.131290 0.879961
-0.735943 0.082381 0.971771
-0.648629 0.113703 1.000000
-0.593919 0.139987 0.900911
-0.514845 0.186040 0.861244
-0.503927 0.173139 0.741244
-0.505355 0.269352 0.714132
-0.419260 0.299551 0.744671
-0.379842 0.284917 0.640652
-0.443654 0.364377 0.584696
-0.470578 0.423460 0.692373
-0.509401 0.503209 0.767239
-0.545190 0.560398 0.859049
-0.590230 0.638415 0.914043
-0.648718 0.684660 0.989063
-0.724906 0.640757 0.919242
-0.712084 0.552696 0.851231
-0.658624 0.552503 0.749485
-0.614744 0.515019 0.645697
-0.525019 0.519255 0.578572
-0.450467 0.504268 0.515453
-0.364194 0.485109 0.470549
-0.357232 0.562227 0.369726
-0.333284 0.594512 0.245143
-0.342536 0.660879 0.141894
-0.303058 0.681515 0.017080
-0.292051 0.767940 -0.073730
-0.285298 0.843261 -0.156914
-0.390879 0.835944 -0.156760
-0.485304 0.821951 -0.135502
-0.534242 0.746855 -0.177171
-0.524871 0.679365 -0.086015
-0.549444 0.742041 0.003485
-0.634974 0.759564 -0.034217
-0.662432 0.669191 -0.005064
-0.652615 0.686393 0.111278
-0.704736 0.769962 0.122061
-0.784673 0.716271 0.066066
-0.801422 0.624519 0.122562
-0.814452 0.568710 0.218917
-0.727584 0.601958 0.271715
-0.717052 0.694512 0.312961
-0.711132 0.657445 0.431652
-0.631850 0.606451 0.443013
-0.565955 0.681226 0.427069
-0.510472 0.759178 0.422448
-0.476855 0.835911 0.363372
-0.384840 0.809596 0.379277
-0.394746 0.726669 0.298981
-0.409383 0.790757 0.198775
-0.346225 0.813864 0.104153
-0.322752 0.896823 0.014153
-0.304962 0.952118 -0.085553
-0.300411 1.000000 -0.208519
-0.249241 0.915276 -0.277300
-0.214672 0.838543 -0.341806
-0.165705 0.770379 -0.410240
-0.187005 0.722946 -0.510562
-0.131612 0.644769 -0.488187
-0.049235 0.669063 -0.414515
0.020527 0.661232 -0.342538
0.047391 0.755616 -0.337377
-0.026953 0.783569 -0.274835
-0.012197 0.722112 -0.182177
0.084786 0.752920 -0.161651
0.106325 0.854974 -0.198583
0.013655 0.907895 -0.181137
-0.063218 0.880969 -0.126682
-0.021777 0.832798 -0.036566
0.015470 0.912644 0.017118
-0.064556 0.952311 0.057593
-0.091510 0.860847 0.128608
-0.036770 0.818549 0.207556
-0.059499 0.872497 0.302832
-0.145356 0.838864 0.306221
-0.126554 0.743485 0.319084
-0.076546 0.752407 0.418327
-0.142768 0.788383 0.486261
-0.197953 0.707381 0.475863
-0.139704 0.641784 0.517378
-0.127090 0.682959 0.623168
-0.212828 0.675096 0.661602
-0.213066 0.575321 0.653977
-0.141221 0.556964 0.725261
-0.176504 0.600193 0.823888
-0.250134 0.530584 0.822348
-0.196555 0.448042 0.857470
-0.158922 0.367522 0.914428
-0.141013 0.313928 0.788420
-0.103885 0.305905 0.683169
-0.084340 0.254012 0.577725
-0.123966 0.315116 0.464425
-0.152942 0.311617 0.336029
-0.212917 0.330520 0.235361
-0.209853 0.344255 0.106272
-0.256233 0.388318 0.002176
-0.232076 0.373684 -0.136811
-0.170732 0.384724 -0.248724
-0.115279 0.385270 -0.346735
-0.165913 0.457349 -0.418944
-0.165407 0.549551 -0.349470
-0.133427 0.628626 -0.288968
-0.162641 0.594544 -0.182639
-0.138930 0.498492 -0.181830
-0.044089 0.525064 -0.206324
-0.014518 0.612965 -0.156875
-0.052657 0.607028 -0.048851
-0.016808 0.520186 -0.020623
0.069792 0.545892 -0.020584
0.061552 0.614121 0.062908
0.028143 0.553787 0.146246
0.097638 0.487548 0.154218
0.156839 0.551829 0.195771
0.108645 0.579621 0.294052
0.101386 0.490051 0.341459
0.192836 0.476926 0.355593
0.201969 0.552182 0.434156
0.130303 0.533890 0.515876
0.122746 0.418678 0.490690
0.178854 0.338190 0.485375
0.112275 0.279846 0.555004
0.037782 0.273716 0.469432
-0.019129 0.247914 0.383205
-0.043494 0.234564 0.252961
-0.124591 0.220796 0.178441
-0.170167 0.204718 0.064371
-0.237699 0.232702 -0.029827
-0.230945 0.220539 -0.164693
-0.226156 0.243389 -0.281998
-0.197983 0.204621 -0.394682
-0.198162 0.180488 -0.508482
-0.232314 0.147433 -0.622321
-0.244154 0.137163 -0.739202
-0.335277 0.193902 -0.744748
-0.322990 0.261489 -0.644426
-0.310109 0.373042 -0.651127
-0.298090 0.475963 -0.621012
-0.201047 0.485591 -0.686365
-0.119296 0.492876 -0.740204
-0.073838 0.483440 -0.621974
-0.070566 0.396149 -0.571448
0.019694 0.380006 -0.579843
0.045427 0.452150 -0.506634
0.000178 0.428659 -0.410510
0.033795 0.335783 -0.396761
0.121973 0.358055 -0.386248
0.115726 0.423171 -0.298211
0.074909 0.362227 -0.221150
0.136937 0.294512 -0.214912
0.206194 0.349968 -0.180752
0.170018 0.392137 -0.081008
0.137502 0.304172 -0.026322
0.202445 0.238286 0.002484
0.217796 0.288350 0.115360
0.117124 0.298171 0.151253
0.084816 0.197561 0.155258
0.045725 0.106772 0.189571
-0.041739 0.113094 0.100995
-0.101029 0.092619 -0.006874
-0.184566 0.081804 -0.062253
-0.224520 0.054782 -0.172434
-0.280865 0.100995 -0.277569
-0.351520 0.113094 -0.379701
-0.419587 0.123427 -0.458649
-0.419349 0.035430 -0.517686
-0.441631 -0.020539 -0.425683
-0.519545 0.027856 -0.400497
-0.561641 0.011842 -0.501396
-0.562087 -0.088222 -0.491653
-0.610311 -0.090276 -0.392795
-0.684893 -0.044288 -0.432346
-0.706253 -0.105135 -0.521268
-0.705539 -0.195828 -0.462615
-0.746475 -0.173427 -0.347737
-0.813917 -0.094255 -0.381549
-0.840007 -0.053787 -0.486531
-0.793806 0.026990 -0.537327
-0.774885 0.080424 -0.633528
-0.747099 0.165372 -0.548380
-0.688969 0.201573 -0.472744
-0.645654 0.264666 -0.373886
-0.617451 0.295860 -0.269636
-0.679033 0.244448 -0.208673
-0.642500 0.155295 -0.231394
-0.557446 0.171181 -0.194193
-0.573719 0.202182 -0.082241
-0.612334 0.116431 -0.047003
-0.535253 0.062067 -0.063409
-0.485006 0.114923 0.009146
-0.533885 0.098556 0.106233
-0.505980 0.002503 0.115283
-0.418903 0.022529 0.134308
-0.427798 0.081739 0.226619
-0.471559 0.016496 0.294437
-0.403790 -0.051829 0.296093
-0.338698 0.006001 0.345272
-0.394151 0.038832 0.443013
-0.423336 -0.031771 0.515992
-0.351550 -0.029012 0.596056
-0.383055 0.067105 0.635376
-0.486613 0.042105 0.650280
-0.483638 -0.069641 0.687058
-0.485661 -0.166495 0.705428
-0.420123 -0.262131 0.695608
-0.351907 -0.319095 0.638226
-0.278098 -0.269288 0.600793
-0.244779 -0.180039 0.595979
-0.204082 -0.098941 0.535016
-0.143036 -0.018517 0.511948
-0.078003 0.031130 0.453681
-0.011424 -0.036682 0.468700
-0.052062 -0.109435 0.406505
-0.033855 -0.071919 0.302101
0.055542 -0.079429 0.311382
0.069287 -0.175417 0.342460
0.010621 -0.215950 0.248147
0.035789 -0.155712 0.143165
0.136193 -0.136329 0.159918
0.224520 -0.160911 0.132767
0.237223 -0.052632 0.088248
0.225382 0.041816 0.061059
0.196852 0.022561 -0.056014
0.122419 -0.042715 -0.022510
0.031862 0.016592 -0.011419
-0.042185 -0.030295 -0.089134
-0.127030 -0.066239 -0.080084
-0.214315 -0.105809 -0.098300
-0.313500 -0.120571 -0.110200
-0.401916 -0.175128 -0.062677
-0.501517 -0.215116 -0.061907
-0.576367 -0.277952 0.008492
-0.641251 -0.235270 -0.068415
-0.694502 -0.205359 -0.168698
-0.800470 -0.179493 -0.160996
-0.893378 -0.165051 -0.163037
-0.980633 -0.178498 -0.133730
-0.993098 -0.256418 -0.212408
-0.926995 -0.323460 -0.172357
-0.941691 -0.349326 -0.058171
-1.000000 -0.429204 -0.082125
-0.929464 -0.492811 -0.143242
-0.853365 -0.501990 -0.055244
-0.772625 -0.525866 0.001483
-0.706194 -0.501380 0.099108
-0.625335 -0.541175 0.131304
-0.536979 -0.548299 0.136233
-0.526477 -0.583569 0.026939
-0.558934 -0.506451 -0.035758
-0.504195 -0.435173 0.006566
-0.426429 -0.479332 -0.023588
-0.441453 -0.484082 -0.139045
-0.450586 -0.387452 -0.159571
-0.360981 -0.362676 -0.144244
-0.332659 -0.417587 -0.249995
-0.364253 -0.363511 -0.341767
-0.355179 -0.293068 -0.421793
-0.436574 -0.248460 -0.399149
-0.405843 -0.210847 -0.284116
-0.350390 -0.137291 -0.304951
-0.318409 -0.038222 -0.304874
-0.255281 -0.071951 -0.408315
-0.201136 -0.091560 -0.506826
-0.178021 -0.201476 -0.480061
-0.146338 -0.297304 -0.458918
-0.122211 -0.371598 -0.388212
-0.080472 -0.425417 -0.479522
-0.000030 -0.363479 -0.477134
0.012316 -0.392394 -0.342615
0.017909 -0.381739 -0.207864
0.014756 -0.382734 -0.088017
0.036979 -0.346727 0.026823
-0.064408 -0.314730 0.066721
-0.151217 -0.321245 0.146285
-0.237044 -0.278819 0.189533
-0.322425 -0.297112 0.256465
-0.411227 -0.249583 0.281382
-0.491283 -0.264538 0.347968
-0.595645 -0.263383 0.367454
-0.649402 -0.328851 0.442705
-0.651812 -0.429012 0.419829
-0.560630 -0.475064 0.468507
-0.490153 -0.553530 0.486531
-0.412150 -0.605424 0.480292
-0.442018 -0.680103 0.413899
-0.454692 -0.628434 0.311806
-0.368834 -0.598524 0.301639
-0.329892 -0.687099 0.291356
-0.377908 -0.712997 0.193153
-0.348575 -0.638864 0.124025
-0.258969 -0.657606 0.131458
-0.261409 -0.746598 0.087286
-0.291188 -0.714730 -0.019082
-0.222705 -0.657317 -0.049968
-0.156453 -0.727503 -0.051278
-0.195425 -0.774583 -0.154449
-0.180966 -0.708312 -0.245605
-0.136312 -0.681033 -0.347120
-0.164039 -0.581772 -0.340573
-0.104956 -0.570828 -0.233666
-0.020944 -0.523010 -0.195463
0.065836 -0.519255 -0.125797
0.142470 -0.525802 -0.066374
0.209764 -0.572433 0.002754
0.219611 -0.502632 0.093948
0.121140 -0.522786 0.131535
0.065270 -0.577632 0.202318
0.011989 -0.485302 0.228506
-0.056881 -0.440276 0.161497
-0.115458 -0.421085 0.275413
-0.192569 -0.361521 0.326440
-0.266913 -0.337997 0.417634
-0.362795 -0.296887 0.441011
-0.446213 -0.277343 0.521037
-0.538317 -0.237291 0.528431
-0.629381 -0.225866 0.558470
-0.653299 -0.164153 0.468353
-0.689415 -0.137869 0.365105
-0.719224 -0.074166 0.285965
-0.753525 0.011457 0.229122
-0.820640 0.077567 0.164192
-0.877670 0.138094 0.108467
-0.957280 0.164666 0.066759
-0.946540 0.145732 -0.053819
-0.881032 0.077343 -0.093948
-0.839531 -0.010045 -0.138968
-0.835574 -0.065725 -0.035064
-0.850806 -0.131515 0.051701
-0.855983 -0.189313 0.146169
-0.793419 -0.249968 0.227351
-0.740822 -0.311425 0.302601
-0.657405 -0.302920 0.210213
-0.551526 -0.281964 0.185142
-0.464539 -0.245443 0.116554
-0.369667 -0.215757 0.108582
-0.284733 -0.201444 0.042459
-0.184209 -0.200963 0.042420
-0.103915 -0.203755 -0.047427
-0.020111 -0.231386 -0.092793
0.016332 -0.229397 -0.224000
0.047183 -0.227792 -0.337339
-0.021687 -0.178338 -0.390946
0.014756 -0.087644 -0.388404
0.060332 -0.089185 -0.489958
-0.010978 -0.057927 -0.554965
-0.008300 0.036136 -0.512718
0.076099 0.058665 -0.548649
0.073184 0.042169 -0.664991
0.008032 0.113543 -0.682437
0.055751 0.190244 -0.643887
0.128875 0.179300 -0.713092
0.084489 0.193774 -0.813722
0.055780 0.285526 -0.788805
0.137353 0.324166 -0.772399
0.177010 0.307574 -0.876880
0.117689 0.361072 -0.941270
0.137948 0.448107 -0.882888
0.231392 0.452824 -0.883080
0.244749 0.455456 -1.000000
0.195097 0.550449 -0.998498
0.164991 0.604493 -0.909037
0.084251 0.606065 -0.858934
0.088951 0.671983 -0.764312
0.163712 0.711906 -0.718830
0.127982 0.804076 -0.706429
0.078271 0.781772 -0.606917
0.156453 0.766913 -0.536326
0.207265 0.846534 -0.559625
0.144731 0.913896 -0.522962
0.159338 0.878434 -0.400651
0.247932 0.830071 -0.377429
0.282263 0.749262 -0.431806
0.339888 0.683825 -0.487339
0.367377 0.613543 -0.562629
0.393497 0.544416 -0.482834
0.312281 0.505648 -0.450792
0.305587 0.444929 -0.542295
0.379604 0.387997 -0.513643
0.355120 0.362291 -0.404309
0.275599 0.320122 -0.430574
0.312072 0.252664 -0.507250
0.366603 0.207670 -0.427609
0.299250 0.179204 -0.353898
0.258374 0.119705 -0.433231
0.328613 0.058697 -0.446749
0.330547 0.032445 -0.332794
0.245433 -0.004653 -0.327903
0.258583 -0.076476 -0.404386
0.325579 -0.119191 -0.341729
0.276670 -0.141881 -0.248185
0.219641 -0.203851 -0.311806
0.284792 -0.265886 -0.349816
0.323526 -0.297497 -0.249109
0.244868 -0.337516 -0.201587
0.232344 -0.407542 -0.297980
0.297912 -0.473492 -0.276452
0.337419 -0.551187 -0.228622
0.405397 -0.596759 -0.174359
0.423038 -0.657638 -0.270791
0.462575 -0.584339 -0.339611
0.536592 -0.561104 -0.264244
0.577349 -0.658954 -0.267903
0.592967 -0.685462 -0.387596
0.685696 -0.636970 -0.392371
0.741804 -0.692555 -0.300368
0.735497 -0.797208 -0.341190
0.822871 -0.816367 -0.426261
0.910662 -0.832092 -0.351703
0.922949 -0.947946 -0.347968
1.000000 -1.000000 -0.434040
