-0.876087 -0.296994 1.000000
-0.823257 -0.435906 0.973379
-0.735099 -0.531589 0.959885
-0.694532 -0.644996 0.904292
-0.620633 -0.760404 0.881396
-0.548767 -0.800745 0.816827
-0.475652 -0.896261 0.776621
-0.401718 -0.858199 0.705550
-0.436333 -1.000000 0.643974
-0.552296 -0.955604 0.624221
-0.538643 -0.791521 0.585145
-0.549016 -0.669167 0.520241
-0.575859 -0.523921 0.458847
-0.600349 -0.361616 0.414184
-0.613183 -0.250653 0.337618
-0.647975 -0.102239 0.300952
-0.600848 -0.012558 0.225089
-0.639598 0.139134 0.185035
-0.762619 0.108463 0.216602
-0.875945 0.123465 0.244993
-0.935406 0.123798 0.164428
-1.000000 0.049397 0.100836
-0.972836 0.148914 0.025675
-0.863111 0.077180 0.022255
-0.858584 -0.086070 -0.003511
-0.870526 -0.066844 -0.097936
-0.785862 0.036673 -0.112773
-0.709504 -0.063177 -0.075192
-0.719770 -0.192032 -0.131976
-0.692892 -0.112241 -0.210954
-0.594432 -0.053064 -0.186958
-0.548588 -0.206034 -0.161131
-0.563133 -0.283436 -0.243467
-0.501355 -0.179252 -0.292740
-0.409775 -0.200589 -0.245176
-0.400043 -0.368506 -0.259617
-0.396799 -0.365839 -0.353279
-0.309211 -0.263433 -0.359659
-0.241052 -0.367061 -0.316034
-0.250713 -0.507029 -0.367719
-0.232675 -0.440796 -0.452711
-0.139348 -0.353615 -0.439950
-0.078604 -0.491860 -0.408841
-0.092935 -0.588431 -0.483514
-0.046271 -0.478635 -0.544389
0.052260 -0.487748 -0.507907
0.070298 -0.650386 -0.517310
0.053936 -0.662777 -0.609415
0.131969 -0.553148 -0.636097
0.218451 -0.634106 -0.600348
0.202659 -0.790076 -0.642936
0.196777 -0.723787 -0.738124
0.301048 -0.616158 -0.733179
0.408883 -0.582486 -0.733850
0.398189 -0.414180 -0.709916
0.376907 -0.469023 -0.614910
0.479467 -0.516586 -0.580443
0.496578 -0.403623 -0.495726
0.486204 -0.332333 -0.411711
0.388600 -0.261155 -0.425327
0.334985 -0.413847 -0.441904
0.354449 -0.483081 -0.360361
0.297412 -0.365561 -0.312767
0.202160 -0.378230 -0.358224
0.179381 -0.539034 -0.333893
0.179239 -0.504362 -0.240597
0.102346 -0.385564 -0.242063
0.024169 -0.488748 -0.276011
0.024811 -0.591654 -0.201032
0.003244 -0.473079 -0.135700
-0.094040 -0.422959 -0.168397
-0.141915 -0.574262 -0.152033
-0.121631 -0.588265 -0.060630
-0.162555 -0.438962 -0.030559
-0.264865 -0.466689 -0.062248
-0.283866 -0.619770 -0.018226
-0.289712 -0.555426 0.070674
-0.377620 -0.427960 0.050586
-0.461357 -0.454465 -0.011754
-0.519143 -0.580541 0.025064
-0.544382 -0.498305 0.104805
-0.595145 -0.367950 0.063164
-0.674533 -0.458910 0.020912
-0.718665 -0.519698 0.097692
-0.741516 -0.363061 0.136799
-0.826251 -0.329055 0.076810
-0.887174 -0.485248 0.103828
-0.880935 -0.480247 0.206435
-0.897940 -0.468523 0.302418
-0.795451 -0.519587 0.341434
-0.687010 -0.524754 0.321529
-0.620419 -0.663055 0.341800
-0.519036 -0.742568 0.388051
-0.438899 -0.821748 0.432867
-0.338229 -0.839918 0.461992
-0.302260 -0.911430 0.382434
-0.329388 -0.782964 0.325192
-0.260195 -0.670001 0.366040
-0.166584 -0.756682 0.347753
-0.179060 -0.764238 0.254762
-0.182732 -0.599433 0.240048
-0.085163 -0.563705 0.276285
-0.021567 -0.653942 0.221028
-0.050799 -0.589376 0.135639
-0.032368 -0.429183 0.152338
0.076144 -0.449630 0.169007
0.111757 -0.530755 0.093754
0.077677 -0.411124 0.029674
0.117211 -0.262544 0.065118
0.222301 -0.318998 0.062309
0.228255 -0.351336 -0.028331
0.212783 -0.192699 -0.056295
0.301654 -0.125410 -0.018073
0.372415 -0.224982 -0.067682
0.339334 -0.179808 -0.154292
0.368672 -0.017392 -0.144279
0.474547 -0.055565 -0.132861
0.489876 -0.133300 -0.215655
0.463354 0.008668 -0.264623
0.547341 0.101572 -0.231377
0.626159 0.000111 -0.263677
0.603094 0.017725 -0.353035
0.619635 0.186642 -0.356729
0.722159 0.187976 -0.326963
0.767717 0.093738 -0.393638
0.732568 0.178085 -0.470387
0.783081 0.338334 -0.440744
0.883431 0.300383 -0.391837
0.905925 0.124076 -0.446025
0.914409 0.045396 -0.530101
1.000000 -0.065622 -0.510716
0.932946 -0.151970 -0.437050
0.840689 -0.231094 -0.456435
0.879616 -0.394677 -0.462419
0.915906 -0.394288 -0.369276
0.821653 -0.344168 -0.322842
0.741266 -0.430961 -0.384784
0.730714 -0.600267 -0.376297
0.670897 -0.727844 -0.340060
0.716170 -0.726288 -0.253908
0.676102 -0.573707 -0.227439
0.571296 -0.614491 -0.238430
0.572651 -0.739401 -0.174441
0.602524 -0.644607 -0.101081
0.516042 -0.541535 -0.102729
0.441038 -0.663499 -0.089327
0.478682 -0.738401 -0.011326
0.476971 -0.594099 0.039107
0.370918 -0.559649 0.032696
0.338550 -0.705173 0.072872
0.393519 -0.714452 0.153254
0.359083 -0.568261 0.189248
0.250535 -0.595544 0.183783
0.248752 -0.741401 0.236842
0.293740 -0.680836 0.315301
0.221196 -0.556537 0.329772
0.131042 -0.656054 0.331787
0.162306 -0.751014 0.404414
0.175139 -0.633772 0.469135
0.072152 -0.574096 0.466327
0.022886 -0.722787 0.490261
0.074683 -0.741568 0.573696
0.028198 -0.598933 0.607889
-0.077214 -0.642051 0.595830
-0.081741 -0.787687 0.648370
-0.075538 -0.693671 0.736628
-0.177599 -0.616714 0.746245
-0.276487 -0.535034 0.782941
-0.398260 -0.498083 0.779674
-0.489912 -0.358115 0.806264
-0.544703 -0.290993 0.733881
-0.606374 -0.326721 0.655056
-0.559497 -0.357893 0.570918
-0.537252 -0.202478 0.518745
-0.501105 -0.128299 0.436134
-0.481000 0.015836 0.379381
-0.473585 -0.107907 0.290756
-0.450093 -0.236873 0.218097
-0.352239 -0.306162 0.283795
-0.251069 -0.341057 0.328886
-0.187188 -0.228371 0.382983
-0.133181 -0.173751 0.459427
-0.198168 -0.042952 0.488826
-0.290532 -0.132133 0.505343
-0.246114 -0.247930 0.565851
-0.209397 -0.148803 0.634632
-0.310317 -0.093793 0.665680
-0.331563 -0.260099 0.710893
-0.264437 -0.269823 0.789138
-0.217988 -0.316386 0.882922
-0.113290 -0.301939 0.870283
-0.024241 -0.229872 0.845402
0.022530 -0.130188 0.772225
0.126765 -0.085959 0.776713
0.162377 -0.216203 0.723898
0.097462 -0.193866 0.648064
0.129438 -0.031283 0.629991
0.235741 -0.060121 0.618604
0.221981 -0.170528 0.549976
0.163268 -0.077624 0.490475
0.237381 0.048897 0.481530
0.326180 -0.035506 0.453810
0.275880 -0.115241 0.380052
0.243262 0.019837 0.332702
0.343790 0.078513 0.323147
0.390240 -0.046897 0.275522
0.316840 -0.063177 0.200940
0.317945 0.110630 0.174350
0.423392 0.167306 0.175662
0.476151 0.067956 0.115002
0.419043 0.113074 0.037337
0.429738 0.282047 0.046770
0.538892 0.292049 0.041061
0.545380 0.219314 -0.041672
0.488094 0.341112 -0.086122
0.548909 0.476246 -0.064233
0.644339 0.423515 -0.097204
0.612719 0.403623 -0.184607
0.580672 0.570928 -0.198467
0.675389 0.646385 -0.183356
0.726686 0.568317 -0.254793
0.661735 0.621548 -0.321682
0.679666 0.786298 -0.310569
0.785969 0.785020 -0.326780
0.778411 0.719953 -0.413665
0.710894 0.835250 -0.453718
0.776914 0.971162 -0.444743
0.856410 0.897372 -0.507144
0.806966 0.913486 -0.590548
0.791708 1.000000 -0.673678
0.691359 0.928433 -0.703902
0.585341 0.899594 -0.718281
0.596535 0.729899 -0.730034
0.629010 0.696338 -0.641653
0.539961 0.756571 -0.599554
0.464601 0.660443 -0.641989
0.500178 0.511808 -0.611033
0.481320 0.542257 -0.519111
0.374483 0.571484 -0.524209
0.345252 0.420515 -0.564294
0.384465 0.316497 -0.488216
0.336660 0.405957 -0.408200
0.225724 0.433294 -0.408841
0.193926 0.282380 -0.374130
0.247041 0.288770 -0.292252
0.204727 0.434906 -0.261265
0.102274 0.380508 -0.256350
0.121382 0.258876 -0.191904
0.164837 0.353948 -0.125198
0.075681 0.452075 -0.111613
0.003600 0.329388 -0.090090
0.062277 0.256265 -0.019477
0.100528 0.385564 0.034650
0.011193 0.477413 0.047747
-0.040853 0.343835 0.097081
0.035648 0.308774 0.162596
0.045024 0.459854 0.202161
-0.059853 0.472301 0.228905
-0.055611 0.336000 0.291611
0.051119 0.349558 0.341373
0.067197 0.537590 0.357370
-0.015329 0.584042 0.420167
-0.072900 0.609268 0.494657
-0.163803 0.588376 0.543381
-0.200770 0.751625 0.529094
-0.219664 0.713397 0.428563
-0.298481 0.589876 0.418336
-0.373271 0.522920 0.355416
-0.432910 0.403734 0.315728
-0.434550 0.478524 0.230645
-0.326216 0.486748 0.214098
-0.308427 0.320942 0.223684
-0.368886 0.268711 0.151056
-0.315592 0.353337 0.084900
-0.218986 0.280047 0.099860
-0.254991 0.122243 0.083008
-0.280301 0.148580 -0.006503
-0.180237 0.180641 -0.038558
-0.131221 0.026282 -0.016791
-0.216277 -0.095294 -0.038710
-0.261835 -0.011780 -0.130297
-0.206581 0.108407 -0.179540
-0.112470 0.028227 -0.197338
-0.151397 -0.106962 -0.243101
-0.203693 -0.010113 -0.309348
-0.109867 0.077291 -0.342014
-0.037466 -0.028394 -0.378679
-0.078069 -0.033228 -0.464403
-0.066555 0.136523 -0.482202
0.040924 0.157304 -0.465045
0.078319 0.025949 -0.523599
0.015578 0.065400 -0.606606
0.013618 0.238206 -0.626878
0.133039 0.256376 -0.620467
0.169970 0.108963 -0.678196
0.206224 0.025726 -0.755465
0.209682 -0.133300 -0.718281
0.103415 -0.148302 -0.697765
0.067482 -0.135912 -0.785383
0.120918 -0.277824 -0.814996
0.073970 -0.388009 -0.756564
-0.029980 -0.359949 -0.785078
-0.014117 -0.405845 -0.873703
0.019179 -0.567372 -0.854011
-0.070548 -0.615936 -0.810447
-0.134821 -0.594766 -0.883227
-0.087088 -0.707674 -0.939095
-0.110794 -0.844307 -0.878587
-0.223050 -0.835084 -0.874618
-0.236133 -0.823915 -0.978691
-0.184942 -0.990443 -1.000000
