0.091912 0.545101 0.398783
0.099140 0.465797 0.393750
0.105969 0.396634 0.418761
0.099140 0.333838 0.393987
0.147355 0.322722 0.384814
0.159573 0.283134 0.421688
0.133283 0.213663 0.407245
0.163347 0.186707 0.373563
0.199456 0.145630 0.353139
0.209883 0.216051 0.325577
0.236333 0.277332 0.340550
0.259361 0.351476 0.328268
0.286147 0.416017 0.335685
0.284852 0.447236 0.295548
0.236765 0.457222 0.292272
0.230992 0.502818 0.327013
0.258961 0.561429 0.314912
0.236557 0.577911 0.278205
0.192644 0.593828 0.296524
0.206285 0.653056 0.322357
0.223284 0.700243 0.289748
0.180714 0.704376 0.267610
0.152777 0.739060 0.298294
0.182265 0.809712 0.300065
0.183880 0.864883 0.266968
0.191780 0.931428 0.296705
0.237293 0.909477 0.319053
0.272506 0.885704 0.290250
0.282373 0.956767 0.269129
0.305913 1.000000 0.305390
0.333275 0.958127 0.334890
0.303066 0.896975 0.357907
0.320721 0.826168 0.365408
0.325135 0.839364 0.407831
0.276040 0.847400 0.414941
0.263967 0.774309 0.401209
0.293551 0.734953 0.427641
0.274729 0.762782 0.464056
0.228945 0.734208 0.456500
0.241994 0.657600 0.453698
0.262464 0.652748 0.492273
0.222644 0.674005 0.514217
0.194259 0.613237 0.500247
0.223812 0.555807 0.514649
0.222133 0.577988 0.555650
0.173806 0.568207 0.559595
0.172574 0.491111 0.548665
0.202431 0.467543 0.579448
0.173582 0.495629 0.611011
0.133699 0.451883 0.601447
0.155671 0.381359 0.604249
0.172174 0.389549 0.643842
0.127878 0.403078 0.661367
0.107472 0.334454 0.649754
0.141694 0.290246 0.670415
0.134418 0.321541 0.709478
0.085771 0.307806 0.712601
0.088170 0.229478 0.706648
0.119546 0.217360 0.739326
0.090569 0.248373 0.770095
0.052653 0.200185 0.763417
0.077280 0.134154 0.771517
0.092424 0.155129 0.811765
0.045424 0.167298 0.827742
0.027770 0.091563 0.817104
0.053020 0.035929 0.838072
0.027738 0.039370 0.876216
-0.014704 0.015930 0.857534
0.000136 -0.052026 0.841502
0.014464 -0.082397 0.879589
-0.031320 -0.078623 0.897211
-0.054540 -0.122242 0.867879
-0.025835 -0.186655 0.875658
-0.037892 -0.194383 0.917593
-0.086091 -0.200621 0.910678
-0.083453 -0.263623 0.885389
-0.061912 -0.308756 0.915864
-0.099556 -0.304443 0.943384
-0.133762 -0.331938 0.916854
-0.109855 -0.400819 0.909758
-0.109871 -0.424258 0.951582
-0.158869 -0.420741 0.956531
-0.168209 -0.470162 0.924480
-0.143182 -0.530416 0.942186
-0.170975 -0.534909 0.977652
-0.212777 -0.544305 0.956127
-0.198017 -0.610978 0.936330
-0.192436 -0.651644 0.973024
-0.238476 -0.643223 0.986714
-0.259121 -0.671335 0.951275
-0.236237 -0.742629 0.955095
-0.256930 -0.759932 0.993531
-0.303322 -0.750048 0.979841
-0.299644 -0.803936 0.949184
-0.288690 -0.864755 0.974794
-0.328733 -0.857361 1.000000
-0.361260 -0.859466 0.966611
-0.346676 -0.930401 0.952446
-0.358925 -0.967729 0.989223
-0.406485 -0.937974 0.996041
-0.419918 -0.933379 0.947218
-0.421821 -0.990809 0.919141
-0.470467 -1.000000 0.922919
-0.484108 -0.925343 0.912728
-0.458889 -0.921697 0.874138
-0.482525 -0.980103 0.855387
-0.525927 -0.943751 0.859890
-0.514796 -0.876077 0.838490
-0.503458 -0.911223 0.801086
-0.547147 -0.943956 0.796095
-0.572302 -0.875769 0.798103
-0.549674 -0.837978 0.765480
-0.559621 -0.892507 0.735994
-0.608300 -0.885011 0.741989
-0.612585 -0.806939 0.735674
-0.593251 -0.804423 0.696150
-0.626034 -0.855179 0.680020
-0.666254 -0.813871 0.692442
-0.655267 -0.747506 0.670247
-0.653700 -0.782216 0.631769
-0.699724 -0.812048 0.635338
-0.723712 -0.742937 0.640413
-0.707784 -0.709279 0.604082
-0.724303 -0.766864 0.577426
-0.771943 -0.761755 0.589430
-0.778531 -0.685891 0.579824
-0.765802 -0.696879 0.537638
-0.801399 -0.752205 0.528743
-0.839348 -0.703760 0.536983
-0.825963 -0.647998 0.509783
-0.829513 -0.692233 0.474888
-0.877824 -0.708304 0.477077
-0.891880 -0.632081 0.475781
-0.868660 -0.610105 0.439965
-0.890969 -0.664121 0.413379
-0.937345 -0.634212 0.419332
-0.928501 -0.557347 0.411651
-0.913613 -0.560299 0.370872
-0.956695 -0.580812 0.353962
-0.976764 -0.510160 0.365770
-0.945005 -0.460277 0.346210
-0.955735 -0.480405 0.305864
-1.000000 -0.438533 0.306324
-0.981066 -0.361616 0.307286
-0.937760 -0.330680 0.292286
-0.900436 -0.308961 0.321646
-0.851741 -0.295714 0.326372
-0.850670 -0.280413 0.369855
-0.867813 -0.351450 0.382653
-0.834214 -0.395941 0.363330
-0.794411 -0.366879 0.382416
-0.805397 -0.384568 0.422678
-0.806741 -0.463410 0.414523
-0.760141 -0.471856 0.400400
-0.738616 -0.446414 0.436355
-0.757678 -0.503896 0.459999
-0.735977 -0.561326 0.437805
-0.689345 -0.541892 0.443841
-0.689953 -0.550056 0.486683
-0.703418 -0.626459 0.487366
-0.663759 -0.653903 0.465255
-0.627841 -0.638550 0.493597
-0.648055 -0.696212 0.522456
-0.647335 -0.766658 0.492315
-0.607724 -0.811458 0.484382
-0.628289 -0.879799 0.505782
-0.661328 -0.911480 0.475251
-0.677448 -0.954199 0.441666
-0.700556 -0.885858 0.422692
-0.671387 -0.834384 0.403899
-0.683828 -0.852483 0.363414
-0.731340 -0.829121 0.366760
-0.722176 -0.754027 0.378903
-0.699500 -0.735492 0.342906
-0.736969 -0.749304 0.316292
-0.768600 -0.698471 0.334332
-0.741910 -0.634314 0.328059
-0.739128 -0.640912 0.285789
-0.788606 -0.635341 0.279613
-0.793755 -0.563252 0.297263
-0.763371 -0.527207 0.270342
-0.788446 -0.544664 0.234569
-0.830312 -0.507670 0.246837
-0.810003 -0.435785 0.249360
-0.794443 -0.431318 0.209447
-0.838980 -0.437711 0.190821
-0.857450 -0.370859 0.209530
-0.820190 -0.319436 0.196007
-0.814512 -0.312555 0.153528
-0.846736 -0.253174 0.146474
-0.826762 -0.201212 0.175207
-0.782465 -0.197463 0.157055
-0.796458 -0.171945 0.118954
-0.818318 -0.106068 0.133564
-0.779651 -0.073746 0.154393
-0.748451 -0.072128 0.119902
-0.776932 -0.031334 0.092173
-0.783776 0.031770 0.123080
-0.760493 0.047225 0.160206
-0.774389 0.031308 0.201249
-0.758637 0.039267 0.242222
-0.792380 -0.000911 0.265644
-0.785999 -0.070639 0.246489
-0.737576 -0.077494 0.253571
-0.740663 -0.081910 0.296524
-0.765242 -0.149404 0.297012
-0.730540 -0.192637 0.276936
-0.695071 -0.182188 0.304958
-0.717475 -0.215640 0.337650
-0.726862 -0.286241 0.320614
-0.679223 -0.305187 0.308095
-0.661232 -0.300694 0.348497
-0.689266 -0.357406 0.366830
-0.675801 -0.416659 0.335978
-0.638236 -0.416428 0.307509
-0.646616 -0.369370 0.264515
-0.616008 -0.324237 0.242320
-0.615432 -0.363105 0.204748
-0.662991 -0.346598 0.194641
-0.658961 -0.269117 0.192299
-0.624995 -0.271453 0.161851
-0.653044 -0.306188 0.132017
-0.684100 -0.244727 0.128950
-0.652197 -0.189608 0.118452
-0.636333 -0.225216 0.083181
-0.678215 -0.231300 0.061613
-0.689106 -0.154487 0.056748
-0.645816 -0.126478 0.039809
-0.640523 -0.176335 0.007772
-0.679255 -0.153280 -0.014994
-0.663199 -0.079342 -0.022313
-0.620006 -0.097750 -0.041677
-0.639931 -0.142061 -0.073031
-0.666270 -0.083476 -0.090402
-0.628417 -0.037675 -0.100593
-0.608492 -0.090741 -0.127486
-0.645624 -0.097955 -0.155118
-0.644537 -0.022092 -0.167316
-0.598337 -0.022939 -0.182191
-0.605229 -0.079933 -0.212332
-0.641163 -0.033542 -0.234332
-0.612793 0.026790 -0.250601
-0.580906 0.075183 -0.274246
-0.536721 0.070870 -0.253724
-0.492184 0.053207 -0.238821
-0.464183 0.026353 -0.207230
-0.458138 0.094926 -0.187475
-0.507024 0.102525 -0.177131
-0.510782 0.036186 -0.155104
-0.477392 0.057726 -0.125590
-0.499588 0.121497 -0.111927
-0.541422 0.085735 -0.099534
-0.520265 0.040294 -0.070229
-0.498597 0.097057 -0.046404
-0.540543 0.134231 -0.036826
-0.561156 0.072436 -0.016820
-0.525271 0.063862 0.013223
-0.526934 0.138955 0.029047
-0.574653 0.135335 0.039168
-0.569232 0.073309 0.065252
-0.541454 0.107557 0.093609
-0.571279 0.166322 0.106602
-0.611498 0.122653 0.116180
-0.590597 0.067944 0.142556
-0.574461 0.116773 0.173478
-0.618039 0.145784 0.185370
-0.636045 0.071435 0.194794
-0.602095 0.036340 0.219777
-0.604670 0.085452 0.253473
-0.652005 0.054106 0.264584
-0.640363 -0.034569 0.262981
-0.586007 -0.046224 0.272559
-0.537073 -0.052591 0.284674
-0.522057 -0.057238 0.236813
-0.523384 -0.017496 0.199730
-0.482685 -0.044709 0.180309
-0.495814 -0.120445 0.176810
-0.534738 -0.107968 0.152566
-0.511982 -0.071794 0.119428
-0.480270 -0.128532 0.109906
-0.513869 -0.183574 0.100454
-0.533347 -0.144115 0.068194
-0.492920 -0.142292 0.043657
-0.484348 -0.218746 0.040813
-0.528613 -0.238309 0.024097
-0.525063 -0.191764 -0.010686
-0.484332 -0.219722 -0.028461
-0.501475 -0.297306 -0.029688
-0.547707 -0.274867 -0.054517
-0.543357 -0.254997 -0.095365
-0.571983 -0.240902 -0.137998
-0.522009 -0.245831 -0.142529
-0.473122 -0.236743 -0.133397
-0.428505 -0.208477 -0.138834
-0.412370 -0.263058 -0.166396
-0.446960 -0.246422 -0.196913
-0.433734 -0.171149 -0.203215
-0.386399 -0.181469 -0.213030
-0.392028 -0.228066 -0.246781
-0.420221 -0.178748 -0.269269
-0.388286 -0.117004 -0.269450
-0.350738 -0.156284 -0.289079
-0.372678 -0.180622 -0.325048
-0.383617 -0.105349 -0.339449
-0.337177 -0.078033 -0.347535
-0.293487 -0.119443 -0.353390
-0.244329 -0.101524 -0.352596
-0.248055 -0.019447 -0.347897
-0.282773 -0.022759 -0.308583
-0.273850 -0.062218 -0.273312
-0.254228 -0.000757 -0.251326
-0.290817 0.050999 -0.254421
-0.324975 0.005584 -0.235071
-0.302155 -0.004352 -0.198252
-0.302571 0.074054 -0.187852
-0.351777 0.079933 -0.184826
-0.356766 0.026918 -0.153431
-0.326126 0.061833 -0.125994
-0.351505 0.128044 -0.118717
-0.388878 0.095105 -0.099534
-0.360189 0.061910 -0.068082
-0.338920 0.128018 -0.052733
-0.381250 0.161034 -0.040702
-0.393355 0.103809 -0.013112
-0.353824 0.104399 0.011592
-0.360093 0.180340 0.023484
-0.404166 0.170507 0.041496
-0.388094 0.116722 0.070606
-0.353312 0.157927 0.089231
-0.383361 0.216359 0.102893
-0.413601 0.167632 0.126426
-0.373974 0.136696 0.152287
-0.347635 0.188658 0.174621
-0.373622 0.192252 0.211886
-0.371287 0.101216 0.216961
-0.331212 0.056442 0.221924
-0.339943 0.037187 0.264278
-0.384736 -0.007253 0.253375
-0.369064 -0.069432 0.225089
-0.356351 -0.129867 0.200273
-0.321729 -0.152793 0.173227
-0.349058 -0.206449 0.153082
-0.379986 -0.152279 0.133941
-0.345109 -0.117441 0.112025
-0.331723 -0.181315 0.089203
-0.374821 -0.194280 0.070257
-0.374405 -0.123500 0.049694
-0.333547 -0.132023 0.027555
-0.348835 -0.196334 0.007187
-0.388638 -0.165655 -0.012345
-0.359981 -0.110920 -0.036254
-0.317955 -0.159185 -0.052231
-0.330332 -0.225678 -0.072627
-0.335066 -0.197977 -0.112625
-0.282053 -0.184114 -0.115245
-0.253108 -0.248014 -0.112360
-0.246664 -0.263058 -0.154211
-0.224579 -0.189171 -0.160833
-0.187175 -0.193484 -0.132798
-0.165826 -0.256332 -0.153863
-0.165442 -0.212636 -0.194850
-0.139631 -0.147196 -0.199507
-0.105697 -0.172946 -0.226748
-0.136161 -0.187836 -0.260137
-0.157238 -0.115618 -0.262507
-0.115628 -0.074490 -0.268488
-0.102099 -0.111664 -0.304080
-0.140367 -0.095439 -0.328310
-0.138208 -0.017162 -0.324615
-0.092264 -0.007792 -0.340536
-0.099556 -0.041475 -0.379488
-0.133634 0.009512 -0.392007
-0.107920 0.076647 -0.386891
-0.070195 0.055235 -0.412599
-0.096294 0.046353 -0.449250
-0.105601 0.129122 -0.449794
-0.056635 0.150302 -0.461351
-0.023836 0.179621 -0.489150
0.023212 0.176848 -0.513966
0.000024 0.179518 -0.558159
0.002247 0.246987 -0.593487
0.027226 0.269014 -0.628786
0.073874 0.299154 -0.617270
0.106465 0.324570 -0.589165
0.077936 0.379023 -0.569159
0.044977 0.327471 -0.554158
0.076176 0.287704 -0.530221
0.089689 0.347342 -0.504946
0.044513 0.360744 -0.489931
0.035462 0.290015 -0.472825
0.072994 0.292145 -0.445375
0.054044 0.355018 -0.423584
0.009043 0.324365 -0.413254
0.022188 0.258565 -0.390836
0.030680 0.291324 -0.353307
-0.016192 0.307806 -0.343771
-0.033031 0.234073 -0.347605
-0.006661 0.198747 -0.317227
-0.019854 0.246756 -0.283851
-0.067989 0.233585 -0.287657
-0.065494 0.155950 -0.279306
-0.042450 0.160289 -0.241512
-0.076368 0.205088 -0.221283
-0.114029 0.155694 -0.226957
-0.094615 0.096800 -0.203089
-0.096550 0.135797 -0.166396
-0.144989 0.149121 -0.165657
-0.157766 0.073001 -0.166549
-0.135649 0.049741 -0.130748
-0.158901 0.098289 -0.104483
-0.205565 0.078418 -0.114158
-0.202847 -0.006970 -0.109223
-0.162196 -0.016829 -0.075248
-0.130132 0.028330 -0.053862
-0.090601 -0.025865 -0.068040
-0.096518 -0.101832 -0.081954
-0.078911 -0.087635 -0.124391
-0.029912 -0.086916 -0.130191
-0.025675 -0.149763 -0.155090
-0.054268 -0.119726 -0.187071
-0.026394 -0.056827 -0.194223
0.015200 -0.094361 -0.205989
-0.005381 -0.128275 -0.240354
-0.022172 -0.064426 -0.260764
0.021997 -0.030384 -0.264961
0.042642 -0.085529 -0.288870
0.009971 -0.078213 -0.321353
0.018718 -0.003299 -0.330833
0.066581 -0.012053 -0.339951
0.061976 -0.066762 -0.370510
0.035350 -0.021912 -0.397096
0.066453 0.037547 -0.401334
0.104338 -0.002914 -0.416572
0.082141 -0.029639 -0.451537
0.069860 0.041141 -0.469033
0.115772 0.068868 -0.469688
0.134562 0.013543 -0.494964
0.105361 0.029716 -0.528060
0.120234 0.104399 -0.532772
0.166929 0.086813 -0.541918
0.155703 0.046763 -0.577886
0.135218 0.108712 -0.597781
0.173710 0.156002 -0.596819
0.203646 0.111125 -0.619682
0.174877 0.114848 -0.655442
0.172830 0.194049 -0.660265
0.224467 0.197618 -0.664169
0.254116 0.138493 -0.679365
0.283189 0.084297 -0.657031
0.282917 0.019601 -0.686740
0.290161 0.073258 -0.728215
0.326302 0.103937 -0.755373
0.348691 0.119443 -0.792247
0.391149 0.138364 -0.812657
0.370679 0.215794 -0.828397
0.371991 0.274123 -0.800068
0.383185 0.340359 -0.782098
0.394235 0.393143 -0.751399
0.359357 0.422564 -0.719223
0.335625 0.462948 -0.687493
0.305449 0.423514 -0.653922
0.279383 0.441126 -0.614371
0.237660 0.400537 -0.608167
0.257618 0.339948 -0.586265
0.274713 0.384722 -0.554130
0.233119 0.419201 -0.540928
0.210922 0.350500 -0.532061
0.244345 0.325777 -0.502631
0.236285 0.384799 -0.474916
0.189382 0.367906 -0.467221
0.199872 0.297177 -0.450477
0.226210 0.324930 -0.418008
0.189477 0.363876 -0.400289
0.162659 0.298641 -0.393708
0.195938 0.265112 -0.367108
0.193012 0.322208 -0.337664
0.145420 0.313865 -0.329105
0.149578 0.239875 -0.315372
0.180474 0.254509 -0.282136
0.151993 0.307113 -0.261768
0.111182 0.264265 -0.258046
0.131604 0.205936 -0.235768
0.141279 0.250966 -0.201082
0.096278 0.278256 -0.192940
0.074385 0.207091 -0.189915
0.099620 0.178645 -0.156972
0.083708 0.234792 -0.129605
0.035653 0.221031 -0.133439
0.036613 0.145527 -0.121882
0.053388 0.155360 -0.082288
0.017039 0.203651 -0.069030
-0.020349 0.152433 -0.077130
-0.004965 0.095234 -0.051394
-0.002071 0.137671 -0.014743
-0.049902 0.163652 -0.012819
-0.072019 0.084965 -0.017057
-0.037301 0.029229 0.001220
-0.021933 0.057931 0.039405
-0.056475 0.025121 0.063928
-0.032823 -0.048329 0.064890
0.004438 -0.031231 0.092619
-0.022412 -0.033824 0.128531
-0.030296 -0.118468 0.125158
0.023340 -0.146811 0.120013
0.059577 -0.103577 0.147241
0.090617 -0.166296 0.171749
0.138672 -0.192098 0.171275
0.146028 -0.235973 0.218982
0.114093 -0.301182 0.232436
0.134018 -0.370576 0.251856
0.123736 -0.328678 0.295353
0.065446 -0.336251 0.306227
0.031656 -0.374838 0.330973
0.026698 -0.294353 0.359915
0.015776 -0.210967 0.337706
-0.035893 -0.202008 0.327961
-0.050462 -0.152151 0.367471
-0.019998 -0.072642 0.369172
-0.046208 -0.020680 0.339184
-0.071779 0.049639 0.338138
-0.096886 0.056545 0.302142
-0.137632 0.069510 0.287295
-0.170783 0.050820 0.260904
-0.184312 0.060011 0.223276
-0.217415 0.035929 0.198795
-0.219846 0.014287 0.158533
-0.243625 0.007920 0.120069
-0.261872 -0.036802 0.088436
-0.250214 0.015417 0.056859
-0.197969 0.003633 0.062352
-0.197105 -0.081781 0.059606
-0.202223 -0.109123 0.021239
-0.182665 -0.187939 0.003813
-0.178315 -0.237462 -0.029298
-0.131316 -0.265291 -0.022773
-0.138800 -0.306086 0.013753
-0.173310 -0.358844 -0.001875
-0.148811 -0.384825 -0.043309
-0.094695 -0.352733 -0.040506
-0.050638 -0.360949 -0.021072
-0.022492 -0.345211 -0.056595
-0.036917 -0.269117 -0.060707
-0.023564 -0.248989 -0.021253
0.024267 -0.262339 -0.027053
0.030024 -0.210480 -0.059034
0.018303 -0.148865 -0.034804
0.054108 -0.155771 -0.006211
0.090809 -0.145270 -0.033452
0.078575 -0.073694 -0.044717
0.079343 -0.040242 -0.005834
0.126598 -0.054542 0.001777
0.146092 -0.016007 -0.031389
0.126422 0.054902 -0.019929
0.147435 0.061063 0.019859
0.196354 0.051872 0.008595
0.203182 0.109200 -0.023442
0.177788 0.174409 -0.034149
0.180650 0.229118 -0.069407
0.220933 0.194280 -0.099701
0.204542 0.103757 -0.109404
0.175437 0.056416 -0.135168
0.155991 -0.014852 -0.157404
0.115452 -0.010693 -0.181927
0.147627 0.008100 -0.221311
0.183417 -0.035878 -0.238417
0.159589 -0.050280 -0.276267
0.155127 0.023940 -0.288758
0.202255 0.044478 -0.286988
0.217415 -0.007663 -0.316529
0.188566 0.019935 -0.348525
0.208652 0.093488 -0.348497
0.254084 0.070305 -0.357851
0.240971 0.038266 -0.395883
0.223860 0.104373 -0.413170
0.266493 0.142267 -0.411581
0.289585 0.093411 -0.438864
0.260513 0.111408 -0.472588
0.272682 0.188375 -0.473620
0.320321 0.174717 -0.480869
0.314373 0.136773 -0.517674
0.293919 0.197335 -0.538767
0.331803 0.247141 -0.534794
0.365098 0.201083 -0.553364
0.342790 0.189787 -0.591131
0.341814 0.264829 -0.605713
0.394715 0.263238 -0.607846
0.414049 0.191302 -0.620045
0.397417 0.179801 -0.659917
0.427066 0.235126 -0.677789
0.468884 0.200442 -0.667306
0.461480 0.129328 -0.683770
0.459929 0.151586 -0.724604
0.504881 0.179518 -0.728452
0.527894 0.113513 -0.715863
0.510495 0.064657 -0.748067
0.537105 0.102063 -0.780411
0.583816 0.081602 -0.776354
0.582985 0.010590 -0.796527
0.566465 0.052129 -0.837068
0.601935 0.094053 -0.856614
0.634782 0.112948 -0.887522
0.671643 0.145604 -0.863543
0.700092 0.078315 -0.857980
0.706776 0.060601 -0.904405
0.728781 0.118545 -0.925428
0.762907 0.121112 -0.958427
0.759277 0.191661 -0.981709
0.801047 0.230145 -1.000000
0.832055 0.257718 -0.962414
0.875329 0.225139 -0.950606
0.906049 0.285085 -0.966889
0.888602 0.349242 -0.933640
0.882557 0.319564 -0.887104
0.920202 0.314558 -0.859500
0.917803 0.402539 -0.849811
0.881230 0.424721 -0.824284
0.862232 0.452422 -0.787870
0.824155 0.464257 -0.761535
0.807732 0.533035 -0.780397
0.777764 0.494115 -0.812225
0.739432 0.465489 -0.785528
0.687602 0.447749 -0.776257
0.645416 0.414246 -0.768017
0.601471 0.381667 -0.777093
0.553016 0.378997 -0.770555
0.552025 0.333017 -0.735980
0.576412 0.382874 -0.708460
0.547387 0.445464 -0.713117
0.506401 0.410421 -0.698924
0.524008 0.393322 -0.660293
0.537201 0.465566 -0.647495
0.492632 0.498094 -0.650785
0.468676 0.448981 -0.624673
0.495159 0.464796 -0.589653
0.486379 0.544151 -0.589904
0.434582 0.533908 -0.583672
0.426778 0.506438 -0.543479
0.424859 0.572443 -0.521145
0.383313 0.600991 -0.540064
0.355471 0.536167 -0.522902
0.366729 0.551673 -0.478332
0.353408 0.624174 -0.465464
0.304746 0.612364 -0.458605
0.315284 0.554420 -0.424769
0.345940 0.597808 -0.397235
0.315364 0.664275 -0.390418
0.282773 0.621889 -0.368070
0.261552 0.598706 -0.330206
0.251445 0.517040 -0.330094
0.246568 0.454244 -0.305307
0.236781 0.405800 -0.338682
0.280614 0.410600 -0.357796
0.307752 0.385261 -0.325870
0.286515 0.314892 -0.322845
0.297293 0.290015 -0.362103
0.346516 0.298949 -0.360932
0.352912 0.248399 -0.326930
0.329133 0.183164 -0.345304
0.360844 0.168453 -0.379335
0.387742 0.127736 -0.412264
0.424347 0.126247 -0.442294
0.459113 0.105118 -0.470218
0.501347 0.115464 -0.451160
0.535170 0.125066 -0.418691
0.579419 0.124219 -0.402268
0.617479 0.090869 -0.383531
0.644681 0.069124 -0.350700
0.676936 0.145245 -0.348985
0.657042 0.216462 -0.351759
0.658226 0.292222 -0.341108
0.620997 0.337689 -0.340871
0.589429 0.381616 -0.327878
0.546668 0.395838 -0.324323
0.511406 0.426441 -0.345276
0.479359 0.481560 -0.335517
0.458202 0.462177 -0.377578
0.428409 0.425414 -0.406311
0.455051 0.439662 -0.440844
0.491608 0.386930 -0.431071
0.464710 0.321079 -0.436466
0.455371 0.335225 -0.478402
0.500692 0.345956 -0.492245
0.517851 0.275509 -0.478527
0.488650 0.230453 -0.503189
0.501427 0.260029 -0.541876
0.549546 0.248065 -0.538516
0.548411 0.169044 -0.532856
0.524631 0.154076 -0.569550
0.558214 0.186116 -0.595689
0.597026 0.142292 -0.585094
0.577436 0.072231 -0.593654
0.564978 0.085555 -0.634767
0.610778 0.102114 -0.647439
0.629265 0.032515 -0.639033
0.598449 -0.009743 -0.663709
0.609483 0.028279 -0.701211
0.656802 0.011283 -0.702479
0.652917 -0.069484 -0.702019
0.631632 -0.066198 -0.745697
0.668444 -0.057340 -0.773287
0.701451 -0.091537 -0.800765
0.728605 -0.012849 -0.816073
0.772902 0.044735 -0.821454
0.801799 0.106581 -0.831659
0.823804 0.175282 -0.823155
0.781538 0.217514 -0.826473
0.753184 0.178440 -0.797252
0.784032 0.196411 -0.764295
0.776324 0.274765 -0.766902
0.727550 0.273764 -0.762023
0.726222 0.239336 -0.723600
0.750194 0.297152 -0.703678
0.716052 0.352759 -0.711597
0.678407 0.317587 -0.691661
0.699820 0.315379 -0.652821
0.707736 0.391346 -0.647537
0.660608 0.410164 -0.646826
0.649174 0.369780 -0.611750
0.679942 0.405517 -0.585568
0.659681 0.477376 -0.590155
0.616104 0.456375 -0.574150
0.632591 0.436068 -0.535268
0.653220 0.505693 -0.525314
0.611082 0.548259 -0.527865
0.591556 0.498787 -0.493486
0.622069 0.451343 -0.467374
0.641227 0.375891 -0.485874
0.663103 0.304443 -0.495968
0.680454 0.241262 -0.517507
0.695119 0.167580 -0.523515
0.727262 0.111228 -0.531811
0.711926 0.097519 -0.571599
0.724671 0.167606 -0.588077
0.772103 0.162292 -0.578974
0.781474 0.097159 -0.601865
0.770295 0.127402 -0.639813
0.803222 0.185192 -0.640441
0.842498 0.141265 -0.637067
0.833687 0.097853 -0.673440
0.833111 0.159622 -0.701810
0.879375 0.191328 -0.691563
0.911070 0.133358 -0.702270
0.942798 0.089586 -0.724786
0.962084 0.019704 -0.733750
1.000000 0.026045 -0.704459
0.969472 0.034235 -0.666511
0.938256 -0.024094 -0.657603
0.967329 -0.059035 -0.626988
0.966274 0.003376 -0.598338
0.917051 0.017907 -0.593473
0.899972 -0.056262 -0.582264
0.912797 -0.067918 -0.540677
0.871299 -0.021655 -0.525328
0.829433 -0.065222 -0.546574
0.801047 -0.119572 -0.563443
0.800712 -0.178132 -0.592204
0.760253 -0.157337 -0.613269
0.776644 -0.087070 -0.627280
0.815808 -0.114720 -0.648359
0.790749 -0.160494 -0.675893
0.761660 -0.106299 -0.694212
0.797321 -0.057366 -0.707429
0.819678 -0.110509 -0.732425
0.781921 -0.122627 -0.758900
0.776436 -0.049074 -0.772618
0.827210 -0.042116 -0.786211
0.862264 -0.096492 -0.789780
0.892408 -0.122755 -0.754815
0.923976 -0.162677 -0.729428
0.920058 -0.208580 -0.692498
