-0.949189 0.499217 -0.395794
-0.912647 0.532558 -0.286399
-0.964730 0.450375 -0.205120
-0.926947 0.320521 -0.191336
-0.847691 0.312875 -0.130231
-0.885845 0.318390 -0.036169
-0.946676 0.217656 -0.043109
-0.882743 0.120475 -0.050985
-0.836802 0.139192 0.037622
-0.917455 0.123942 0.092303
-0.942551 0.005411 0.060798
-0.862829 -0.055130 0.091044
-0.873593 -0.024755 0.187753
-0.962900 -0.079488 0.198050
-0.939666 -0.199482 0.166642
-0.873934 -0.217740 0.237367
-0.933524 -0.198605 0.316968
-1.000000 -0.297583 0.293113
-0.935199 -0.405628 0.289562
-0.903155 -0.407007 0.387337
-0.912740 -0.453759 0.478591
-0.901511 -0.396353 0.576075
-0.815740 -0.323403 0.581336
-0.748581 -0.237168 0.591988
-0.663120 -0.188661 0.587889
-0.587213 -0.144331 0.629239
-0.532866 -0.063277 0.682209
-0.429724 -0.111910 0.647477
-0.335949 -0.090309 0.590729
-0.242423 -0.119973 0.549218
-0.148866 -0.074641 0.505318
-0.051432 -0.095824 0.472393
-0.043739 0.020828 0.404413
-0.028601 0.122021 0.324457
-0.038465 0.070380 0.232073
-0.098706 0.013224 0.171839
-0.137420 -0.067956 0.236592
-0.170518 0.021204 0.302797
-0.222601 0.091228 0.238270
-0.276670 -0.007124 0.203732
-0.315259 -0.048737 0.288949
-0.359184 0.058012 0.312223
-0.414493 0.059057 0.231524
-0.456246 -0.058890 0.240788
-0.494525 -0.040841 0.329621
-0.551354 0.054628 0.300344
-0.601762 -0.007834 0.233106
-0.635357 -0.105434 0.300086
-0.657443 -0.034281 0.388596
-0.644818 0.103971 0.397763
-0.634488 0.196599 0.473684
-0.625120 0.113038 0.558773
-0.532246 0.084794 0.558644
-0.439061 0.075143 0.589245
-0.338090 0.111408 0.562356
-0.237863 0.079237 0.573621
-0.137079 0.113790 0.550090
-0.038372 0.083039 0.548960
0.060396 0.156072 0.550606
0.157304 0.184316 0.551381
0.149580 0.273267 0.463226
0.095728 0.293196 0.371520
0.036759 0.297123 0.298698
0.076620 0.193257 0.232299
0.163260 0.146796 0.231330
0.178428 0.143538 0.128650
0.152247 0.279283 0.124582
0.225920 0.358959 0.138947
0.289419 0.474775 0.149373
0.365263 0.568740 0.131329
0.431182 0.670392 0.132975
0.476750 0.757964 0.053503
0.462853 0.883014 0.050469
0.364519 0.882178 0.064769
0.334895 0.746642 0.034878
0.290877 0.625603 0.006149
0.299718 0.476279 0.002631
0.308341 0.350143 0.000178
0.335050 0.227224 0.046079
0.260198 0.150975 -0.014058
0.185904 0.174455 -0.073968
0.169898 0.245190 -0.167837
0.091789 0.148008 -0.212867
0.011446 0.105308 -0.283558
-0.063002 0.060102 -0.344437
-0.150696 0.036537 -0.388015
-0.166610 -0.063695 -0.312352
-0.193970 0.009338 -0.232686
-0.281726 0.021747 -0.187043
-0.255359 0.072051 -0.102310
-0.213171 0.175750 -0.141013
-0.292428 0.224049 -0.181588
-0.344170 0.232196 -0.099437
-0.285076 0.312499 -0.051018
-0.286193 0.409513 -0.113672
-0.381084 0.425515 -0.110186
-0.393492 0.442019 -0.012444
-0.326457 0.546178 -0.006763
-0.286503 0.613696 -0.082167
-0.207929 0.577890 -0.138075
-0.122251 0.567194 -0.206992
-0.048547 0.567862 -0.267903
0.034308 0.589505 -0.306638
0.095915 0.602707 -0.377233
0.159134 0.568698 -0.449927
0.257468 0.521611 -0.479979
0.314297 0.464789 -0.542665
0.388839 0.351020 -0.554931
0.458696 0.259688 -0.564938
0.505351 0.130836 -0.567391
0.573596 0.021621 -0.529302
0.644911 -0.081869 -0.524395
0.722555 -0.139777 -0.469552
0.811211 -0.221709 -0.462096
0.899401 -0.145919 -0.442825
0.912275 -0.094236 -0.548282
0.809598 -0.088220 -0.595410
0.727735 -0.102551 -0.648187
0.645501 -0.164804 -0.680563
0.587772 -0.033613 -0.675043
0.535503 0.078234 -0.726303
0.479883 0.182686 -0.742991
0.420449 0.265412 -0.809551
0.351708 0.322317 -0.867267
0.329528 0.199022 -0.916396
0.275987 0.095197 -0.923498
0.323417 0.040632 -1.000000
0.405311 0.025382 -0.948902
0.370971 -0.053500 -0.880663
0.343301 -0.144123 -0.944512
0.427273 -0.166517 -0.985829
0.472221 -0.203660 -0.903097
0.415889 -0.300549 -0.881696
0.427738 -0.364307 -0.967753
0.524087 -0.374376 -0.969786
0.532773 -0.433412 -0.872625
0.435804 -0.506319 -0.861650
0.354344 -0.510121 -0.912587
0.281757 -0.551443 -0.845414
0.291870 -0.510665 -0.752320
0.224804 -0.420042 -0.756613
0.150200 -0.497545 -0.774916
0.159940 -0.571999 -0.694863
0.146167 -0.476739 -0.631660
0.059063 -0.442604 -0.658161
0.015448 -0.553114 -0.642215
0.038031 -0.562180 -0.545054
-0.002606 -0.451378 -0.515777
-0.090858 -0.474900 -0.548863
-0.108943 -0.577012 -0.492051
-0.097435 -0.516806 -0.406059
-0.162391 -0.425599 -0.420907
-0.240097 -0.495749 -0.433109
-0.232993 -0.548936 -0.342307
-0.235010 -0.440807 -0.288400
-0.322456 -0.393511 -0.311512
-0.375066 -0.461363 -0.247793
-0.376152 -0.385949 -0.167869
-0.449049 -0.310284 -0.194370
-0.513602 -0.403121 -0.191013
-0.503366 -0.434498 -0.095628
-0.519527 -0.316468 -0.057409
-0.610324 -0.306273 -0.092077
-0.638738 -0.420251 -0.034878
-0.579086 -0.459024 0.046369
-0.493036 -0.522614 0.043529
-0.420107 -0.612192 0.100115
-0.330831 -0.661493 0.155442
-0.264572 -0.724415 0.218031
-0.191209 -0.728718 0.127520
-0.136148 -0.746600 0.046208
-0.179980 -0.850342 0.009635
-0.265130 -0.796486 -0.005019
-0.232497 -0.708245 -0.067125
-0.192977 -0.781738 -0.137139
-0.270776 -0.850342 -0.156733
-0.325868 -0.752825 -0.192240
-0.262555 -0.721156 -0.272293
-0.205261 -0.851720 -0.292790
-0.187114 -0.957969 -0.241466
-0.099017 -1.000000 -0.263126
-0.055557 -0.893376 -0.291531
-0.043056 -0.839144 -0.201375
0.004033 -0.937705 -0.160735
0.076124 -0.942217 -0.225907
0.107950 -0.820552 -0.205991
0.147780 -0.858614 -0.114640
0.214226 -0.956465 -0.161542
0.255421 -0.880424 -0.242434
0.297888 -0.794481 -0.304766
0.320563 -0.729219 -0.383883
0.369048 -0.818129 -0.431850
0.298384 -0.902275 -0.444504
0.234637 -0.825357 -0.489146
0.291808 -0.791640 -0.566843
0.305425 -0.908626 -0.602673
0.213233 -0.935741 -0.622912
0.208642 -0.829535 -0.689601
0.298012 -0.781445 -0.727045
0.372708 -0.726211 -0.682048
0.467879 -0.703566 -0.663487
0.545429 -0.671520 -0.614713
0.552905 -0.552027 -0.648058
0.473493 -0.509495 -0.601737
0.503211 -0.535900 -0.510257
0.584173 -0.462951 -0.509902
0.551013 -0.347177 -0.549412
0.449670 -0.341578 -0.506512
0.427118 -0.403539 -0.424813
0.496417 -0.359168 -0.367291
0.469616 -0.235288 -0.371165
0.381487 -0.250287 -0.330848
0.408599 -0.307903 -0.245501
0.467165 -0.213478 -0.215675
0.400161 -0.119263 -0.213738
0.335329 -0.183396 -0.148760
0.394981 -0.281999 -0.087978
0.482644 -0.338110 -0.098985
0.470360 -0.446155 -0.178231
0.461488 -0.549395 -0.248697
0.428452 -0.663081 -0.287916
0.410088 -0.720696 -0.196662
0.318547 -0.689862 -0.182653
0.226665 -0.694249 -0.209219
0.155473 -0.664919 -0.273326
0.106430 -0.580438 -0.218645
0.174241 -0.494161 -0.208412
0.189937 -0.479830 -0.307348
0.104724 -0.438551 -0.334818
0.106027 -0.333723 -0.276231
0.184633 -0.283294 -0.319453
0.152899 -0.279659 -0.415388
0.082235 -0.199022 -0.398473
0.141856 -0.099292 -0.368712
0.180662 -0.084418 -0.468455
0.089493 -0.051954 -0.514130
0.049912 0.071508 -0.528656
0.023358 0.162966 -0.457157
0.054285 0.250872 -0.380332
0.033347 0.309156 -0.274165
0.011477 0.414193 -0.192466
0.003940 0.518812 -0.127003
0.004095 0.632748 -0.084717
0.061296 0.608014 0.002147
0.044948 0.461029 0.006859
0.014145 0.348764 0.047854
-0.020101 0.395768 0.134589
-0.107640 0.432326 0.105118
-0.145361 0.319267 0.124582
-0.135124 0.316969 0.223035
-0.177219 0.429777 0.244726
-0.260415 0.405126 0.198438
-0.287868 0.303014 0.251892
-0.287217 0.359586 0.341274
-0.349598 0.453091 0.317646
-0.421658 0.377426 0.293597
-0.420604 0.316468 0.385368
-0.382883 0.345213 0.471586
-0.305581 0.300006 0.514970
-0.232435 0.276233 0.580142
-0.136241 0.300884 0.597928
-0.053262 0.241388 0.642667
0.037441 0.243143 0.680886
0.071564 0.095072 0.679110
0.088035 -0.035075 0.709840
0.074542 -0.163342 0.714876
0.082824 -0.283795 0.777627
-0.025033 -0.336439 0.775690
-0.094209 -0.446573 0.783986
-0.176784 -0.500428 0.840540
-0.245494 -0.581357 0.877467
-0.348544 -0.589505 0.904711
-0.436455 -0.633583 0.949063
-0.540342 -0.599240 0.940574
-0.606136 -0.685015 0.910005
-0.559016 -0.708413 0.818364
-0.493625 -0.601454 0.798125
-0.424109 -0.518770 0.773011
-0.343115 -0.438091 0.816072
-0.266557 -0.340492 0.814684
-0.175947 -0.292402 0.837570
-0.112759 -0.182979 0.825627
-0.016689 -0.136101 0.832696
0.041815 -0.005703 0.847706
0.106461 0.107940 0.824981
0.135155 0.246611 0.858455
0.151286 0.346090 0.920851
0.101870 0.284756 1.000000
0.092999 0.135474 0.977727
0.020597 0.044810 0.998903
-0.068338 -0.020076 0.946900
-0.176009 -0.060394 0.925402
-0.259671 -0.131087 0.868042
-0.346155 -0.177004 0.814232
-0.386078 -0.271637 0.731661
-0.422434 -0.337233 0.650640
-0.336663 -0.291483 0.585758
-0.246487 -0.317387 0.523104
-0.164594 -0.264952 0.462290
-0.081521 -0.279367 0.406027
-0.015913 -0.178007 0.357123
0.075876 -0.248532 0.374360
0.148773 -0.324197 0.389467
0.206750 -0.439763 0.414903
0.301734 -0.473480 0.452089
0.390328 -0.515010 0.482464
0.460527 -0.408594 0.480269
0.408785 -0.310368 0.552059
0.379936 -0.229188 0.627108
0.294910 -0.180137 0.579270
0.242175 -0.305856 0.607450
0.195335 -0.340116 0.693378
0.121165 -0.416324 0.677367
0.052207 -0.497420 0.733759
-0.003567 -0.608975 0.769331
-0.077830 -0.646243 0.848287
-0.141266 -0.754914 0.843929
-0.122840 -0.857570 0.774270
-0.165710 -0.976770 0.718265
-0.076000 -0.938123 0.683565
-0.011571 -0.857820 0.644894
0.040171 -0.765067 0.588793
0.116450 -0.799536 0.514970
0.094302 -0.766738 0.412482
0.132115 -0.630366 0.405026
0.232838 -0.639098 0.385949
0.312002 -0.573586 0.315160
0.364054 -0.514174 0.239174
0.410894 -0.403664 0.186591
0.448336 -0.301009 0.137139
0.500543 -0.196975 0.129941
0.500946 -0.051119 0.112542
0.545243 0.065241 0.077390
0.543165 0.206585 0.068352
0.586283 0.317303 0.016479
0.600552 0.451419 0.010475
0.650929 0.543128 -0.057022
0.701306 0.657315 -0.076712
0.754754 0.649293 -0.185268
0.817074 0.576803 -0.255120
0.843317 0.487351 -0.319970
0.889196 0.390963 -0.373166
0.897695 0.359460 -0.468939
0.973354 0.280286 -0.460643
0.924062 0.175249 -0.436369
0.879703 0.180931 -0.534983
0.927351 0.256638 -0.609419
0.935819 0.399486 -0.583241
0.985234 0.509453 -0.583208
0.895524 0.569910 -0.597702
0.810249 0.614114 -0.565874
0.768341 0.630909 -0.657096
0.755902 0.496668 -0.671751
0.687936 0.463369 -0.604061
0.589075 0.412020 -0.603577
0.561156 0.372454 -0.503833
0.508267 0.327122 -0.418809
0.534386 0.182937 -0.424135
0.575519 0.063402 -0.375845
0.597512 -0.074223 -0.379622
0.626640 -0.209551 -0.357543
0.660731 -0.330882 -0.349570
0.719608 -0.425975 -0.304443
0.798492 -0.368736 -0.270163
0.850700 -0.295202 -0.208864
0.800912 -0.194050 -0.146565
0.763874 -0.090434 -0.090495
0.676242 -0.084125 -0.165900
0.588516 -0.060937 -0.220646
0.586345 0.092440 -0.223938
0.569625 0.223172 -0.279362
0.519434 0.355199 -0.270227
0.464808 0.465500 -0.288336
0.396904 0.529048 -0.230782
0.313243 0.594644 -0.189529
0.240872 0.639391 -0.137300
0.147563 0.664961 -0.114802
0.168750 0.788924 -0.168127
0.151131 0.857235 -0.265708
0.154822 0.949195 -0.337594
0.169402 0.999791 -0.427170
0.273475 1.000000 -0.409900
0.313429 0.884351 -0.413838
0.407544 0.808728 -0.418099
0.484226 0.738829 -0.423909
0.578311 0.718941 -0.411353
0.673295 0.683052 -0.428945
0.765518 0.668094 -0.398990
0.779818 0.802001 -0.389048
0.711046 0.795233 -0.304508
0.655644 0.775429 -0.225294
0.601328 0.658067 -0.189044
0.551881 0.540956 -0.168095
0.569811 0.407383 -0.135461
0.562273 0.268880 -0.130005
0.586810 0.149846 -0.074162
0.591649 0.012973 -0.065027
0.621181 -0.089808 0.017027
0.645718 -0.164386 0.096370
0.705928 -0.044100 0.133588
0.764556 0.052623 0.141561
0.837082 0.128998 0.110186
0.924248 0.178132 0.095370
0.988460 0.253713 0.052987
1.000000 0.176670 -0.028067
0.909576 0.190666 -0.061896
0.913453 0.317095 -0.071354
0.989329 0.315632 -0.136138
0.940472 0.255468 -0.208896
0.863480 0.343667 -0.216966
0.921178 0.465082 -0.186075
0.969321 0.575425 -0.175648
0.883302 0.630951 -0.109121
0.831746 0.682258 -0.011249
0.771164 0.716727 0.071321
0.711481 0.585619 0.084911
0.660980 0.482504 0.148501
0.581196 0.391924 0.159121
0.528585 0.281581 0.209703
0.482179 0.146379 0.205571
0.432267 0.028599 0.238561
0.387784 -0.097495 0.203861
0.319509 -0.187825 0.192079
0.275491 -0.211181 0.102245
0.291032 -0.362260 0.104440
0.312002 -0.483758 0.094853
0.338493 -0.601621 0.070611
0.314763 -0.692035 0.004729
0.326240 -0.814577 0.049759
0.319167 -0.829159 0.152536
0.230698 -0.908124 0.140754
0.156776 -0.994610 0.131845
0.080156 -0.888571 0.154957
0.005460 -0.806096 0.176778
-0.058070 -0.736991 0.231169
-0.135000 -0.670643 0.279007
-0.205230 -0.600535 0.322391
-0.214071 -0.687940 0.402024
-0.199770 -0.711839 0.506803
-0.307194 -0.681004 0.538727
-0.379843 -0.607053 0.563841
-0.340727 -0.488187 0.540373
-0.246735 -0.515428 0.487823
-0.176040 -0.453007 0.413225
-0.117939 -0.441016 0.319711
-0.088191 -0.369153 0.241369
-0.002947 -0.430487 0.221873
-0.021745 -0.528254 0.164092
-0.002233 -0.472352 0.075259
0.092657 -0.464455 0.078746
0.103297 -0.591427 0.043593
0.075503 -0.548476 -0.053083
0.078884 -0.394096 -0.040720
0.100692 -0.251624 -0.053826
0.027794 -0.135557 -0.042528
-0.049198 -0.063528 -0.038041
-0.106244 -0.159414 -0.069998
-0.090579 -0.246235 -0.000855
-0.126097 -0.168355 0.071547
-0.215405 -0.162924 0.030843
-0.230481 -0.288934 0.034458
-0.221392 -0.298043 0.132329
-0.291808 -0.217657 0.155700
-0.362099 -0.286093 0.114221
-0.348047 -0.392927 0.166061
-0.361789 -0.344670 0.257509
-0.449825 -0.299923 0.244307
-0.486118 -0.416407 0.221905
-0.459968 -0.480332 0.302765
-0.508019 -0.406923 0.366452
-0.595093 -0.420544 0.326910
-0.603158 -0.548267 0.325812
-0.588702 -0.561846 0.424684
-0.658498 -0.492866 0.462160
-0.729131 -0.561553 0.401217
-0.716599 -0.670183 0.346536
-0.677389 -0.675322 0.250343
-0.640599 -0.782824 0.206734
-0.659894 -0.748898 0.110444
-0.570897 -0.671478 0.112155
-0.499550 -0.777936 0.125325
-0.468313 -0.856859 0.052890
-0.499147 -0.873613 -0.039913
-0.518131 -0.934237 -0.131103
-0.542792 -0.871650 -0.215901
-0.546639 -0.749065 -0.241983
-0.561436 -0.763271 -0.337594
-0.652542 -0.804592 -0.322875
-0.692031 -0.712089 -0.267354
-0.669882 -0.610479 -0.328976
-0.728821 -0.661451 -0.403025
-0.816081 -0.668303 -0.345083
-0.822719 -0.536819 -0.319389
-0.840680 -0.516890 -0.426976
