-0.658387 1.000000 -0.419840
-0.600800 0.968500 -0.417655
-0.583664 0.979035 -0.381731
-0.641118 0.957523 -0.367215
-0.629272 0.907423 -0.380517
-0.568617 0.899023 -0.362846
-0.592599 0.904511 -0.328560
-0.638028 0.863888 -0.331424
-0.593266 0.823811 -0.337905
-0.560549 0.828488 -0.305075
-0.613869 0.818658 -0.283290
-0.628049 0.769988 -0.296397
-0.568328 0.746835 -0.287234
-0.571506 0.755605 -0.250350
-0.630983 0.729487 -0.245217
-0.609402 0.680658 -0.256492
-0.561327 0.674517 -0.230992
-0.602223 0.681293 -0.201051
-0.641807 0.638199 -0.208539
-0.591532 0.601193 -0.205360
-0.575129 0.612275 -0.170102
-0.637495 0.602552 -0.156206
-0.642474 0.551022 -0.167153
-0.587064 0.534381 -0.148159
-0.610068 0.549716 -0.114322
-0.665900 0.519257 -0.114492
-0.632850 0.472598 -0.116579
-0.598444 0.477734 -0.084660
-0.652809 0.481546 -0.062352
-0.678569 0.432487 -0.070205
-0.624048 0.405275 -0.057182
-0.626871 0.423540 -0.022289
-0.687815 0.402239 -0.014607
-0.671079 0.350604 -0.020104
-0.620048 0.349792 0.005249
-0.657721 0.359851 0.035324
-0.697127 0.316051 0.032545
-0.647763 0.278357 0.032569
-0.617847 0.293939 0.064780
-0.671679 0.287463 0.086844
-0.680502 0.234857 0.081152
-0.618270 0.219698 0.092840
-0.620092 0.239833 0.127527
-0.673145 0.208262 0.137054
-0.644563 0.159803 0.131738
-0.591310 0.166862 0.154519
-0.628694 0.175051 0.185710
-0.663255 0.128674 0.185625
-0.608357 0.095886 0.187701
-0.585731 0.112933 0.221307
-0.643274 0.099291 0.239488
-0.644941 0.046685 0.230434
-0.586753 0.035603 0.248154
-0.607579 0.050780 0.282391
-0.660632 0.016650 0.284977
-0.626115 -0.029303 0.281918
-0.588331 -0.021538 0.312830
-0.641429 -0.018027 0.337116
-0.665633 -0.068250 0.330016
-0.610202 -0.095974 0.339592
-0.607001 -0.077709 0.374667
-0.668745 -0.095197 0.385080
-0.658387 -0.147662 0.378563
-0.604867 -0.154421 0.401307
-0.637651 -0.139033 0.432911
-0.688393 -0.175668 0.431588
-0.647941 -0.219257 0.433190
-0.621959 -0.208615 0.467064
-0.681769 -0.211315 0.484869
-0.697416 -0.262368 0.475378
-0.641273 -0.285716 0.490500
-0.650586 -0.269868 0.525612
-0.711174 -0.292474 0.529107
-0.694616 -0.344057 0.521910
-0.647319 -0.350127 0.548793
-0.687148 -0.337457 0.577994
-0.735556 -0.373916 0.572120
-0.695771 -0.417857 0.574814
-0.672279 -0.410163 0.609610
-0.734311 -0.406528 0.625994
-0.757048 -0.455904 0.615508
-0.707373 -0.484263 0.632330
-0.721176 -0.465840 0.666434
-0.785097 -0.480804 0.668667
-0.775140 -0.534399 0.663776
-0.734245 -0.540099 0.694057
-0.780186 -0.522540 0.719059
-0.829638 -0.558205 0.712250
-0.795121 -0.603964 0.719787
-0.777163 -0.588946 0.755117
-0.841174 -0.584640 0.767557
-0.863222 -0.634211 0.760821
-0.813925 -0.659199 0.780896
-0.831727 -0.634017 0.814029
-0.897116 -0.651205 0.815643
-0.883314 -0.704693 0.816201
-0.844507 -0.703511 0.847017
-0.893138 -0.682105 0.869287
-0.937790 -0.722640 0.864748
-0.897405 -0.763105 0.876108
-0.887114 -0.742335 0.910261
-0.952903 -0.741399 0.920990
-0.964194 -0.795135 0.916863
-0.914941 -0.812446 0.940445
-0.942746 -0.785323 0.970423
-1.000000 -0.821235 0.970314
-0.958171 -0.872676 0.970544
-0.923454 -0.894788 1.000000
-0.953281 -0.947923 0.996068
-0.913408 -0.971606 0.969027
-0.863244 -1.000000 0.953346
-0.846130 -0.955635 0.929304
-0.810035 -0.915453 0.944317
-0.748425 -0.927788 0.930444
-0.769095 -0.922459 0.894216
-0.790565 -0.870735 0.895539
-0.732066 -0.849064 0.907846
-0.696527 -0.864170 0.877528
-0.732022 -0.836552 0.851932
-0.719931 -0.788005 0.866411
-0.652498 -0.788641 0.864166
-0.651609 -0.794676 0.826991
-0.688970 -0.749446 0.818799
-0.646363 -0.713076 0.833630
-0.591665 -0.725446 0.812730
-0.632472 -0.714329 0.778772
-0.655387 -0.663399 0.774172
-0.652364 -0.614111 0.758455
-0.642785 -0.580669 0.787547
-0.571862 -0.589034 0.789986
-0.561905 -0.565034 0.751767
-0.581886 -0.510822 0.752544
-0.591376 -0.454263 0.744522
-0.612069 -0.399451 0.753503
-0.592732 -0.376775 0.716619
-0.585931 -0.356039 0.684142
-0.555415 -0.353498 0.649928
-0.595088 -0.299233 0.644321
-0.624582 -0.250492 0.635837
-0.661810 -0.203586 0.625036
-0.615736 -0.171874 0.605957
-0.611269 -0.129839 0.573794
-0.566972 -0.086815 0.572095
-0.528299 -0.104356 0.542506
-0.579019 -0.080074 0.516825
-0.563394 -0.027450 0.511691
-0.562749 0.026003 0.490148
-0.526921 0.072538 0.470608
-0.530322 0.123239 0.446711
-0.487670 0.165327 0.449684
-0.450419 0.155798 0.418444
-0.500828 0.153821 0.393285
-0.522298 0.204133 0.399195
-0.464155 0.227939 0.388345
-0.464511 0.208245 0.353452
-0.525254 0.230021 0.343160
-0.506829 0.283069 0.349762
-0.453620 0.282627 0.322151
-0.481869 0.287216 0.288496
-0.462666 0.303045 0.247413
-0.435106 0.312769 0.215518
-0.385698 0.323745 0.191791
-0.343357 0.352739 0.170988
-0.297127 0.369028 0.146970
-0.234006 0.373704 0.135488
-0.177441 0.396522 0.122551
-0.120142 0.399981 0.103350
-0.055309 0.390910 0.094770
0.020392 0.391528 0.090570
0.081425 0.388828 0.073664
0.152325 0.376739 0.072984
0.213380 0.389498 0.056333
0.256343 0.363822 0.081152
0.224560 0.311110 0.074696
0.230116 0.308163 0.036331
0.250742 0.271404 0.001572
0.296461 0.256686 -0.030372
0.319642 0.195062 -0.035579
0.309818 0.154915 -0.059549
0.243585 0.165221 -0.066807
0.217070 0.198186 -0.034195
0.167372 0.218815 -0.005140
0.159482 0.248586 0.028576
0.110896 0.266304 0.057413
0.090626 0.307457 0.086177
0.042085 0.323957 0.118958
-0.010502 0.356586 0.143050
-0.046574 0.385669 0.169047
-0.069667 0.425798 0.191050
-0.107073 0.381169 0.211804
-0.136256 0.341657 0.232776
-0.172862 0.296692 0.217739
-0.203134 0.247986 0.227096
-0.240985 0.241121 0.190686
-0.204845 0.211298 0.166267
-0.197800 0.170409 0.137564
-0.166594 0.204980 0.102792
-0.141990 0.215021 0.063299
-0.125610 0.244263 0.027702
-0.090826 0.244968 -0.007652
-0.065155 0.278039 -0.039754
-0.036439 0.276839 -0.081104
0.008946 0.300539 -0.114468
0.039040 0.320145 -0.147746
0.089582 0.365992 -0.164107
0.118742 0.417257 -0.177894
0.104918 0.451175 -0.144348
0.107607 0.488128 -0.116361
0.052064 0.485093 -0.090328
-0.015436 0.475510 -0.092719
-0.071067 0.463228 -0.111215
-0.116919 0.465293 -0.139809
-0.176107 0.456522 -0.158706
-0.131677 0.431445 -0.188611
-0.121809 0.369769 -0.192470
-0.114297 0.315133 -0.200711
-0.107785 0.296304 -0.163694
-0.124876 0.272427 -0.131265
-0.130122 0.246680 -0.098933
-0.109629 0.214104 -0.069465
-0.126832 0.176462 -0.037557
-0.125143 0.166827 0.004424
-0.152592 0.134303 0.036744
-0.128277 0.124227 0.073154
-0.088648 0.153768 0.096008
-0.055354 0.158392 0.133085
-0.004501 0.198592 0.123279
0.044107 0.239462 0.111591
0.063888 0.198468 0.079380
0.093627 0.184704 0.038771
0.114119 0.150874 0.005917
0.137545 0.143992 -0.029583
0.157637 0.101215 -0.058724
0.170906 0.104603 -0.096311
0.186487 0.148933 -0.118242
0.186576 0.187315 -0.147492
0.210780 0.234115 -0.165090
0.170640 0.265280 -0.192143
0.178796 0.314569 -0.165430
0.193777 0.354080 -0.139214
0.126477 0.341551 -0.116713
0.078157 0.344445 -0.082791
0.017458 0.341727 -0.060241
-0.016858 0.349245 -0.021003
-0.071534 0.327469 0.008198
-0.113052 0.324786 0.044548
-0.162905 0.298386 0.072195
-0.212202 0.284110 0.099491
-0.255409 0.242462 0.120585
-0.320309 0.219062 0.135124
-0.386653 0.204504 0.134505
-0.408768 0.254745 0.115778
-0.342024 0.282521 0.097622
-0.302328 0.321275 0.078676
-0.259565 0.363416 0.071030
-0.207112 0.387275 0.053493
-0.146080 0.401498 0.040276
-0.088937 0.424987 0.031695
-0.041796 0.441522 0.010832
0.001700 0.431992 -0.016864
0.063133 0.407198 -0.034304
0.132211 0.401728 -0.051927
0.182953 0.366610 -0.070290
0.235873 0.341480 -0.086844
0.263299 0.303592 -0.116737
0.323798 0.286616 -0.130549
0.340912 0.266621 -0.172032
0.351336 0.241863 -0.205881
0.329622 0.248939 -0.246260
0.321154 0.208686 -0.280304
0.333533 0.183062 -0.318122
0.345224 0.167145 -0.354532
0.368962 0.172598 -0.390821
0.354426 0.157915 -0.425835
0.407768 0.186433 -0.441977
0.456287 0.147874 -0.427996
0.446241 0.096891 -0.440108
0.447263 0.052209 -0.459369
0.411146 0.014832 -0.478897
0.410680 -0.019738 -0.445825
0.362272 0.015150 -0.425435
0.308085 0.023197 -0.400263
0.264633 0.064438 -0.382544
0.224671 0.072909 -0.345757
0.254987 0.107762 -0.321860
0.291237 0.061385 -0.301422
0.300972 0.023479 -0.333875
0.342957 -0.021679 -0.354095
0.359871 -0.053091 -0.390056
0.381208 -0.089480 -0.417218
0.388454 -0.099239 -0.459224
0.407612 -0.118262 -0.492515
0.366494 -0.079086 -0.513074
0.341379 -0.030309 -0.504833
0.277102 -0.039256 -0.522165
0.267322 -0.070827 -0.554752
0.201556 -0.092109 -0.551693
0.164772 -0.050974 -0.569510
0.191976 -0.052880 -0.606139
0.176040 -0.102856 -0.620011
0.106562 -0.095303 -0.623179
0.110318 -0.054150 -0.650571
0.145613 -0.081044 -0.681872
0.100939 -0.121280 -0.696072
0.050042 -0.090009 -0.717335
0.094694 -0.071197 -0.750772
0.089648 -0.114009 -0.784755
0.055087 -0.091280 -0.823932
0.078891 -0.056321 -0.859226
0.097583 -0.031897 -0.893791
0.126966 -0.000662 -0.926063
0.140523 0.053585 -0.946829
0.166061 0.094650 -0.971758
0.163861 0.159274 -0.988482
0.156126 0.220474 -1.000000
0.134122 0.280051 -0.993361
0.155548 0.339857 -0.976358
0.169728 0.395128 -0.962315
0.156104 0.435610 -0.935760
0.149147 0.447310 -0.893282
0.152926 0.470163 -0.859772
0.160104 0.443569 -0.821590
0.173418 0.423328 -0.788906
0.181419 0.386251 -0.764438
0.183242 0.363133 -0.733210
0.215136 0.349898 -0.704228
0.242118 0.318433 -0.681738
0.250608 0.300045 -0.649346
0.282280 0.277316 -0.622159
0.296994 0.236057 -0.602061
0.338756 0.243204 -0.571003
0.382742 0.255345 -0.541814
0.393321 0.205509 -0.521558
0.467133 0.195927 -0.527626
0.512986 0.226827 -0.505355
0.501139 0.198098 -0.468205
0.521943 0.144927 -0.469443
0.550703 0.096768 -0.468909
0.604801 0.055633 -0.485876
0.627627 0.005109 -0.481749
0.641829 0.000079 -0.442135
0.588531 0.034085 -0.427595
0.538968 0.027062 -0.400858
0.509118 0.083162 -0.391962
0.482625 0.126521 -0.362761
0.450775 0.174151 -0.343670
0.424104 0.221462 -0.330247
0.397722 0.276698 -0.324117
0.440751 0.293639 -0.292914
0.488359 0.321839 -0.271820
0.550281 0.335057 -0.250872
0.570706 0.385528 -0.226793
0.547013 0.361651 -0.186159
0.545991 0.326110 -0.155745
0.504651 0.274933 -0.151023
0.489226 0.216786 -0.166898
0.439484 0.167780 -0.174933
0.435150 0.106509 -0.189084
0.413613 0.054044 -0.208272
0.424771 -0.004297 -0.224171
0.403012 -0.049703 -0.247049
0.419370 -0.104303 -0.264672
0.434017 -0.154668 -0.277415
0.474290 -0.199527 -0.278532
0.475268 -0.200180 -0.318498
0.522054 -0.165539 -0.328936
0.583353 -0.154386 -0.344386
0.570817 -0.092903 -0.333511
0.585664 -0.043615 -0.306993
0.578774 0.018538 -0.296094
0.595622 0.067244 -0.269563
0.597044 0.132803 -0.272294
0.634361 0.178139 -0.295475
0.637806 0.229333 -0.322103
0.635450 0.261786 -0.351656
0.620537 0.280280 -0.385590
0.683481 0.261433 -0.400603
0.675502 0.211968 -0.413250
0.673790 0.176851 -0.441237
0.641140 0.136774 -0.462719
0.700795 0.100315 -0.453956
0.702973 0.093450 -0.414573
0.709818 0.074303 -0.378247
0.723176 0.072786 -0.342565
0.795544 0.084291 -0.338633
0.832172 0.108697 -0.367858
0.826460 0.164233 -0.349738
0.809524 0.212057 -0.331861
0.735445 0.204098 -0.333985
0.737178 0.154262 -0.304662
0.701973 0.117009 -0.275340
0.697350 0.054380 -0.263288
0.668723 0.001915 -0.267961
0.676835 -0.059444 -0.278483
0.648230 -0.107921 -0.295790
0.662277 -0.165856 -0.306592
0.634984 -0.217121 -0.324554
0.681880 -0.234768 -0.351012
0.716731 -0.276821 -0.332455
0.722709 -0.233004 -0.300269
0.725843 -0.202298 -0.269417
0.727510 -0.139333 -0.261286
0.749847 -0.089109 -0.239791
0.761294 -0.027168 -0.248918
0.797211 0.021538 -0.258021
0.797855 0.071815 -0.285049
0.855554 0.110744 -0.303206
0.899828 0.110709 -0.331278
0.914630 0.055862 -0.328790
0.897983 0.035744 -0.292501
0.895694 -0.012009 -0.264927
0.859199 -0.041691 -0.233699
0.839396 -0.078962 -0.208855
0.793054 -0.106121 -0.182555
0.771695 -0.137762 -0.151824
0.702328 -0.136474 -0.155635
0.640429 -0.144327 -0.167724
0.581797 -0.133050 -0.184824
0.517320 -0.111768 -0.186268
0.452664 -0.091209 -0.194898
0.477669 -0.034862 -0.179872
0.498761 0.022191 -0.184314
0.529766 0.072697 -0.173306
0.539590 0.133121 -0.176850
0.586376 0.180503 -0.169168
0.593955 0.241704 -0.170030
0.643496 0.284992 -0.167262
0.667056 0.331016 -0.182761
0.708885 0.350428 -0.154470
0.746847 0.302533 -0.150938
0.747536 0.259015 -0.174411
0.696549 0.214157 -0.171219
0.687037 0.154315 -0.178550
0.642096 0.109227 -0.164240
0.625782 0.051150 -0.154810
0.572262 0.007279 -0.143329
0.522232 -0.015944 -0.125645
0.456332 -0.011021 -0.115778
0.460577 -0.045450 -0.084611
0.522143 -0.025738 -0.066260
0.568506 0.013156 -0.075230
0.626849 0.002991 -0.094539
0.683392 0.009591 -0.115099
0.721509 0.006944 -0.150004
0.735845 0.069838 -0.160017
0.780141 0.120433 -0.170952
0.791588 0.173303 -0.183586
0.837729 0.220757 -0.190237
0.815658 0.276010 -0.210445
0.799744 0.316969 -0.235095
0.754937 0.342275 -0.256140
0.740246 0.372486 -0.291458
0.665322 0.349757 -0.293193
0.610535 0.319933 -0.294941
0.566706 0.272304 -0.291676
0.539634 0.214739 -0.296421
0.519431 0.166156 -0.302259
0.543502 0.107656 -0.313340
0.530233 0.056780 -0.338232
0.534456 -0.005144 -0.346765
0.512741 -0.054185 -0.373089
0.511452 -0.116144 -0.382677
0.461199 -0.148209 -0.373708
0.410191 -0.107127 -0.351328
0.390187 -0.071109 -0.315804
0.356804 -0.020779 -0.294128
0.345580 0.019385 -0.261006
0.327355 0.069591 -0.240823
0.330222 0.108962 -0.209304
0.298239 0.161445 -0.197179
0.292527 0.185498 -0.162116
0.352892 0.191127 -0.137807
0.401189 0.193845 -0.111300
0.448153 0.184174 -0.086505
0.466689 0.157580 -0.056320
0.499117 0.152198 -0.024219
0.545902 0.117415 -0.037678
0.577530 0.154439 -0.059427
0.596244 0.189062 -0.031598
0.633917 0.155850 -0.010031
0.684147 0.143109 -0.034887
0.711863 0.193139 -0.038067
0.734489 0.199209 -0.002810
0.780941 0.157121 -0.003793
0.822326 0.173815 -0.033418
0.855687 0.217104 -0.013927
0.894983 0.186080 0.015213
0.906807 0.128074 -0.004727
0.948302 0.114415 -0.042946
1.000000 0.090644 -0.063457
0.957749 0.054362 -0.093872
0.949303 0.076191 -0.134275
0.952948 0.077886 -0.169920
0.934078 0.111733 -0.197786
0.917475 0.136703 -0.228164
0.939412 0.178527 -0.251309
