0.689295 1.000000 -1.000000
0.687960 0.911751 -0.964537
0.678883 0.820549 -0.955411
0.602036 0.760498 -0.922156
0.580298 0.676208 -0.902541
0.515274 0.609580 -0.872599
0.495481 0.539694 -0.814533
0.469776 0.441914 -0.819502
0.551886 0.419105 -0.726459
0.594943 0.365115 -0.636145
0.673620 0.332988 -0.559666
0.707067 0.270441 -0.481919
0.798101 0.256067 -0.401380
0.755730 0.189713 -0.329674
0.834636 0.105911 -0.345717
0.914382 0.039404 -0.353089
1.000000 -0.012790 -0.395502
0.952443 -0.100490 -0.378258
0.885817 -0.175980 -0.396314
0.861866 -0.202320 -0.302882
0.796385 -0.126222 -0.285053
0.717364 -0.138524 -0.357766
0.679570 -0.220896 -0.324186
0.645704 -0.192911 -0.234424
0.568171 -0.129632 -0.267971
0.501354 -0.187460 -0.318665
0.466801 -0.240111 -0.243322
0.420426 -0.173665 -0.188406
0.341711 -0.140717 -0.256832
0.280805 -0.219465 -0.267841
0.249876 -0.229696 -0.172883
0.198810 -0.146746 -0.158951
0.120476 -0.152136 -0.231923
0.065711 -0.229636 -0.203313
0.036307 -0.196809 -0.111537
-0.024980 -0.122933 -0.141382
-0.101712 -0.167484 -0.198636
-0.141490 -0.230580 -0.132808
-0.176805 -0.171808 -0.060973
-0.252736 -0.121532 -0.119331
-0.317417 -0.193124 -0.149436
-0.352809 -0.217303 -0.058732
-0.409138 -0.139773 -0.035155
-0.482972 -0.142574 -0.108582
-0.531406 -0.225311 -0.093838
-0.575531 -0.209263 -0.003199
-0.644941 -0.135875 -0.023691
-0.710575 -0.181613 -0.098060
-0.744251 -0.262980 -0.043826
-0.774837 -0.223637 0.053860
-0.844895 -0.181431 0.119980
-0.763701 -0.163068 0.189316
-0.714961 -0.090898 0.124170
-0.796118 -0.016231 0.128067
-0.726441 0.068181 0.163952
-0.647344 0.135510 0.170447
-0.553030 0.083346 0.177884
-0.567332 0.041475 0.086596
-0.562450 0.118183 0.032005
-0.450860 0.136362 0.057011
-0.404599 0.055026 0.028043
-0.428130 0.066354 -0.069059
-0.359826 0.144066 -0.077308
-0.260059 0.104266 -0.048340
-0.256664 0.038521 -0.120078
-0.252546 0.099729 -0.194901
-0.155524 0.143792 -0.165511
-0.079822 0.073114 -0.170155
-0.087411 0.061908 -0.267841
-0.052210 0.146959 -0.293367
0.049197 0.154968 -0.245401
0.099615 0.082676 -0.292035
0.081805 0.111361 -0.389657
0.160215 0.182466 -0.397970
0.263033 0.121045 -0.378128
0.274208 0.031182 -0.406317
0.294115 0.034167 -0.503710
0.391900 0.088218 -0.496890
0.453606 0.034502 -0.435902
0.457725 -0.039800 -0.496793
0.512528 0.002223 -0.572136
0.611800 0.027315 -0.518617
0.652492 -0.059076 -0.496273
0.657450 -0.089162 -0.599675
0.707563 -0.016231 -0.652675
0.767476 0.053503 -0.694698
0.676900 0.118487 -0.674077
0.632928 0.200737 -0.617667
0.529042 0.236731 -0.668393
0.437245 0.310424 -0.692555
0.369627 0.378331 -0.718698
0.308493 0.452815 -0.698303
0.208573 0.405768 -0.685475
0.245719 0.352386 -0.609743
0.266885 0.424130 -0.548234
0.157545 0.458418 -0.542648
0.108005 0.379670 -0.510465
0.170093 0.370535 -0.427750
0.140918 0.450623 -0.386214
0.026315 0.439477 -0.382512
0.017200 0.358507 -0.331915
0.072919 0.384177 -0.250240
0.000915 0.456013 -0.223610
-0.101598 0.413715 -0.228351
-0.083025 0.343768 -0.163303
-0.048549 0.398276 -0.087538
-0.152206 0.442644 -0.079614
-0.213493 0.368403 -0.056978
-0.160978 0.346417 0.027978
-0.187903 0.421694 0.082764
-0.303688 0.414203 0.072924
-0.315472 0.325984 0.107218
-0.274589 0.343859 0.199058
-0.361619 0.402601 0.220330
-0.448648 0.340662 0.208444
-0.409977 0.281312 0.279402
-0.426872 0.344864 0.353122
-0.544907 0.352386 0.339255
-0.575569 0.266147 0.358025
-0.531978 0.267852 0.452367
-0.598261 0.335820 0.486141
-0.700240 0.293157 0.471819
-0.681362 0.212826 0.523780
-0.648335 0.261122 0.617894
-0.711758 0.347635 0.626500
-0.821670 0.313712 0.561257
-0.905686 0.247054 0.551806
-0.998246 0.303846 0.522936
-0.940353 0.333689 0.430218
-0.902330 0.271293 0.365787
-0.999809 0.264898 0.305058
-1.000000 0.358324 0.280052
-0.884673 0.366485 0.246894
-0.868083 0.274521 0.203572
-0.907936 0.264198 0.105756
-0.893215 0.266208 0.006479
-0.881812 0.360425 -0.000926
-0.786621 0.369317 0.054510
-0.717707 0.311977 0.002484
-0.722360 0.359755 -0.082666
-0.679532 0.440726 -0.047723
-0.576179 0.406529 -0.018949
-0.541589 0.377965 -0.108095
-0.551733 0.458479 -0.155444
-0.474276 0.502299 -0.096241
-0.381488 0.454977 -0.127970
-0.389535 0.475532 -0.226110
-0.397963 0.569841 -0.221434
-0.303917 0.588812 -0.166713
-0.226231 0.549012 -0.229845
-0.248122 0.597673 -0.310092
-0.221731 0.683395 -0.271998
-0.109988 0.669357 -0.237996
-0.061592 0.634368 -0.332825
-0.076923 0.690459 -0.411090
-0.001182 0.761199 -0.393911
0.097784 0.715125 -0.387481
0.090881 0.672189 -0.477762
0.097555 0.749170 -0.531542
0.202128 0.775511 -0.501210
0.261508 0.700113 -0.528976
0.237748 0.702122 -0.627929
0.296060 0.792746 -0.641731
0.413447 0.779896 -0.638971
0.529576 0.767654 -0.651474
0.628428 0.702153 -0.672518
0.752336 0.670818 -0.662775
0.719461 0.573525 -0.630917
0.703825 0.473796 -0.613932
0.736471 0.461037 -0.508257
0.706190 0.409148 -0.414468
0.708897 0.376899 -0.315515
0.616300 0.295533 -0.340651
0.516914 0.233868 -0.361565
0.442660 0.328360 -0.380336
0.373556 0.409513 -0.371763
0.397925 0.489844 -0.314346
0.416994 0.582356 -0.293334
0.531673 0.584732 -0.270309
0.576218 0.550991 -0.357408
0.519584 0.616401 -0.413688
0.574196 0.694266 -0.380336
0.684947 0.675264 -0.408882
0.654399 0.683973 -0.515694
0.642691 0.777064 -0.532743
0.661111 0.873413 -0.557295
0.606766 0.907762 -0.462142
0.550322 0.922562 -0.377673
0.486442 0.875636 -0.295543
0.449449 0.922348 -0.214646
0.335304 0.919973 -0.238873
0.324549 0.825360 -0.240562
0.358491 0.810622 -0.148039
0.272186 0.861262 -0.106341
0.184394 0.810134 -0.141609
0.216735 0.727397 -0.103061
0.214675 0.755687 -0.009044
0.101674 0.781692 -0.004206
0.055909 0.698773 -0.031452
0.105374 0.646305 0.039117
0.064605 0.695058 0.116603
-0.047557 0.684308 0.098027
-0.052286 0.591949 0.101275
0.007856 0.567526 0.184834
-0.042599 0.627851 0.252708
-0.156478 0.604951 0.238224
-0.146791 0.513597 0.257254
-0.099348 0.524986 0.348835
-0.184356 0.574622 0.391443
-0.268907 0.511648 0.376991
-0.217307 0.441579 0.424762
-0.203043 0.482445 0.512836
-0.314748 0.498949 0.531185
-0.350673 0.411097 0.528586
-0.276877 0.378696 0.603053
-0.319286 0.426749 0.678103
-0.424736 0.384786 0.672420
-0.396133 0.296416 0.678266
-0.344342 0.300557 0.766144
-0.435033 0.333841 0.817228
-0.503490 0.258016 0.797386
-0.437054 0.190292 0.834245
-0.435948 0.220165 0.929788
-0.560352 0.200493 0.937355
-0.566035 0.106824 0.942973
-0.579993 0.027589 1.000000
-0.529461 -0.035446 0.934270
-0.447199 -0.088888 0.890980
-0.505053 -0.102561 0.804855
-0.510507 -0.013551 0.776082
-0.394264 -0.002162 0.772704
-0.362267 -0.065989 0.706227
-0.427100 -0.033801 0.631501
-0.378018 0.050306 0.624714
-0.265436 0.025792 0.611853
-0.269631 -0.018210 0.525566
-0.305099 0.057706 0.472469
-0.214561 0.115016 0.496111
-0.122955 0.067024 0.462596
-0.143091 0.075946 0.365267
-0.141146 0.171534 0.360591
-0.038023 0.185146 0.399659
0.023836 0.141844 0.330941
-0.005873 0.197174 0.254948
0.025781 0.278419 0.293464
0.140460 0.258930 0.306260
0.166279 0.242273 0.210425
0.123641 0.319346 0.165608
0.173678 0.385944 0.224064
0.285115 0.361430 0.228871
0.306014 0.367003 0.129788
0.265055 0.457231 0.111537
0.335952 0.502939 0.170545
0.435872 0.478882 0.126118
0.406468 0.518317 0.031582
0.324778 0.599775 0.045157
0.372602 0.642681 0.136803
0.467640 0.708274 0.087862
0.540521 0.775298 0.046586
0.621220 0.695636 0.008135
0.658022 0.635555 -0.073118
0.780405 0.629952 -0.077535
0.811411 0.559883 0.002452
0.735861 0.467432 -0.024698
0.730216 0.398002 -0.089519
0.737081 0.327598 -0.018657
0.634949 0.345961 0.026516
0.567713 0.338865 -0.055192
0.582701 0.245775 -0.063506
0.535944 0.220470 0.023334
0.433393 0.262493 0.008622
0.405820 0.214684 -0.073865
0.393921 0.132891 -0.025932
0.308302 0.158744 0.035187
0.232180 0.185115 -0.038565
0.235918 0.112214 -0.113356
0.248961 0.029934 -0.042819
0.208840 0.036451 0.053731
0.097860 0.066689 0.047820
0.050913 -0.000487 -0.010051
0.081767 -0.071226 0.051490
0.021853 -0.044033 0.136251
-0.092102 -0.041384 0.118324
-0.116891 -0.130546 0.130762
-0.075436 -0.139103 0.224714
-0.138210 -0.073023 0.270699
-0.249876 -0.106063 0.238906
-0.238702 -0.205000 0.256767
-0.184204 -0.224641 0.346367
-0.269021 -0.166723 0.402322
-0.379314 -0.209142 0.369522
-0.466801 -0.268096 0.383389
-0.519889 -0.250251 0.294016
-0.431486 -0.284388 0.239068
-0.428168 -0.370779 0.279175
-0.535983 -0.395993 0.253455
-0.528126 -0.382685 0.155054
-0.436825 -0.439264 0.141447
-0.484650 -0.518713 0.174279
-0.573700 -0.520418 0.110108
-0.511079 -0.518804 0.025607
-0.451470 -0.597308 0.042851
-0.543724 -0.652882 0.050645
-0.583540 -0.638205 -0.041098
-0.490065 -0.667651 -0.090395
-0.488196 -0.754103 -0.054153
-0.595477 -0.779043 -0.087375
-0.569162 -0.764396 -0.186393
-0.484001 -0.827553 -0.191069
-0.546623 -0.902981 -0.158659
-0.625911 -0.899236 -0.239100
-0.536936 -0.912330 -0.317236
-0.495481 -1.000000 -0.279338
