0.237258 -0.853948 -0.568521
0.197176 -0.885265 -0.570983
0.155977 -0.907761 -0.581000
0.114643 -0.930821 -0.577418
0.077216 -0.962636 -0.589558
0.032623 -0.972411 -0.592385
0.029198 -1.000000 -0.555039
0.042051 -0.943694 -0.535161
0.004624 -0.910882 -0.548643
-0.028685 -0.950153 -0.534718
-0.017869 -0.944041 -0.496004
-0.023526 -0.876249 -0.495718
-0.069280 -0.878893 -0.506334
-0.083129 -0.919139 -0.475188
-0.070412 -0.876162 -0.446830
-0.095891 -0.824191 -0.460104
-0.136698 -0.857567 -0.453969
-0.132519 -0.865196 -0.414643
-0.127405 -0.800546 -0.406280
-0.168438 -0.782016 -0.422419
-0.194234 -0.820723 -0.397435
-0.179194 -0.793611 -0.362290
-0.190342 -0.730088 -0.371135
-0.236006 -0.745129 -0.374249
-0.241452 -0.764938 -0.336525
-0.226744 -0.708177 -0.319825
-0.260339 -0.669946 -0.337619
-0.296786 -0.703474 -0.322847
-0.284914 -0.697926 -0.283691
-0.282756 -0.630827 -0.284225
-0.327304 -0.622613 -0.295062
-0.345331 -0.654385 -0.263239
-0.325071 -0.611864 -0.236953
-0.344954 -0.556100 -0.250526
-0.389019 -0.575150 -0.246136
-0.384584 -0.583342 -0.206771
-0.372697 -0.519776 -0.198473
-0.411542 -0.492750 -0.214352
-0.440793 -0.525173 -0.188495
-0.420865 -0.502286 -0.154406
-0.425888 -0.437073 -0.163824
-0.472789 -0.439999 -0.169047
-0.481449 -0.459613 -0.131688
-0.459876 -0.408790 -0.113217
-0.488358 -0.362324 -0.130867
-0.528169 -0.386901 -0.114728
-0.512917 -0.380659 -0.076340
-0.504650 -0.315164 -0.077343
-0.549937 -0.301467 -0.088402
-0.567964 -0.328125 -0.054208
-0.544054 -0.288962 -0.028964
-0.559803 -0.232591 -0.043970
-0.604879 -0.245985 -0.038408
-0.601258 -0.253982 0.002000
-0.584015 -0.191933 0.008578
-0.621412 -0.160400 -0.008109
-0.653590 -0.190221 0.016263
-0.632576 -0.171019 0.051382
-0.635231 -0.105178 0.042745
-0.682554 -0.104983 0.038890
-0.690836 -0.129819 0.076653
-0.663456 -0.084740 0.098015
-0.686808 -0.029150 0.092844
-0.718413 -0.047918 0.122687
-0.681181 -0.042804 0.151722
-0.666850 0.020741 0.146759
-0.707792 0.048525 0.157858
-0.701788 0.017447 0.196311
-0.659247 0.045188 0.206563
-0.674649 0.108277 0.204557
-0.709361 0.102512 0.231104
-0.678707 0.084979 0.261650
-0.656758 0.147548 0.260022
-0.692707 0.191738 0.266014
-0.705152 0.172038 0.307932
-0.660031 0.194296 0.333477
-0.651674 0.272361 0.325387
-0.673216 0.328493 0.350476
-0.639334 0.393533 0.359985
-0.619964 0.459418 0.348926
-0.583804 0.504367 0.333581
-0.574828 0.550638 0.294242
-0.572339 0.594265 0.254877
-0.540101 0.598340 0.218026
-0.547614 0.595241 0.170662
-0.558083 0.589714 0.127546
-0.544340 0.584318 0.086683
-0.532528 0.551939 0.042433
-0.526524 0.542858 0.000449
-0.490666 0.564704 -0.034213
-0.456708 0.581197 -0.066753
-0.413292 0.614768 -0.084156
-0.368639 0.653042 -0.092310
-0.325599 0.684944 -0.093026
-0.290978 0.730695 -0.091346
-0.269481 0.773824 -0.054886
-0.228282 0.828807 -0.048672
-0.207208 0.863982 -0.013619
-0.189226 0.903795 0.025525
-0.179526 0.929542 0.067235
-0.160156 0.929889 0.114168
-0.124071 0.949871 0.142799
-0.100146 0.911966 0.180536
-0.061134 0.917600 0.205950
-0.019061 0.879110 0.231169
0.020856 0.840099 0.247439
0.054602 0.790859 0.263031
0.087006 0.723651 0.266314
0.128823 0.686418 0.274963
0.152085 0.624889 0.293109
0.166235 0.557660 0.308961
0.181789 0.512191 0.337280
0.172692 0.482543 0.380644
0.177127 0.451876 0.418603
0.143818 0.429705 0.454490
0.125520 0.416441 0.496955
0.092346 0.433259 0.529651
0.051751 0.470406 0.544722
0.007565 0.459461 0.573640
-0.030405 0.467415 0.598221
-0.078679 0.476453 0.576076
-0.127888 0.491797 0.588529
-0.177369 0.489391 0.572090
-0.217029 0.472768 0.548904
-0.238948 0.423376 0.512574
-0.239582 0.364513 0.490598
-0.281429 0.362714 0.471333
-0.276224 0.407642 0.439835
-0.240939 0.376845 0.418381
-0.261335 0.318155 0.410214
-0.296032 0.345550 0.387314
-0.270537 0.372250 0.357288
-0.248150 0.316270 0.345330
-0.287659 0.285516 0.333659
-0.299124 0.330747 0.304949
-0.260113 0.320236 0.282792
-0.266917 0.254676 0.275888
-0.308885 0.260419 0.257938
-0.290767 0.298195 0.227704
-0.259329 0.255760 0.213154
-0.288987 0.207429 0.204674
-0.316231 0.242843 0.179624
-0.282636 0.256735 0.153155
-0.268666 0.194491 0.143060
-0.311223 0.177088 0.128523
-0.314195 0.224464 0.099904
-0.274248 0.206151 0.080652
-0.291250 0.144882 0.070413
-0.331030 0.161072 0.051799
-0.309518 0.197005 0.023219
-0.279890 0.151210 0.008174
-0.314843 0.108515 -0.001478
-0.337140 0.148501 -0.028039
-0.299728 0.154418 -0.052046
-0.293588 0.090115 -0.059679
-0.336657 0.075638 -0.074803
-0.333474 0.117878 -0.106274
-0.298370 0.081403 -0.122908
-0.317710 0.020264 -0.124433
-0.353689 0.035522 -0.148218
-0.325222 0.051169 -0.180145
-0.302820 -0.005288 -0.183650
-0.341530 -0.042110 -0.188925
-0.353055 -0.012028 -0.223666
-0.314059 -0.029128 -0.243765
-0.318208 -0.093864 -0.240040
-0.359316 -0.098199 -0.258498
-0.340157 -0.075334 -0.293799
-0.306501 -0.122386 -0.299478
-0.335933 -0.176221 -0.297954
-0.362197 -0.156108 -0.331431
-0.330698 -0.173013 -0.361287
-0.313591 -0.218331 -0.386689
-0.287825 -0.276132 -0.395859
-0.266389 -0.286340 -0.433244
-0.236579 -0.301012 -0.462384
-0.250338 -0.240285 -0.477364
-0.244137 -0.174053 -0.481962
-0.259917 -0.106521 -0.469796
-0.258559 -0.040333 -0.467581
-0.295519 -0.036627 -0.442467
-0.276405 -0.069894 -0.411555
-0.237515 -0.031079 -0.408442
-0.261033 0.025357 -0.401056
-0.282606 0.002189 -0.368217
-0.244107 -0.009688 -0.347258
-0.226502 0.052318 -0.347115
-0.262783 0.080189 -0.328045
-0.258921 0.043020 -0.293916
-0.214479 0.060445 -0.286621
-0.224979 0.125680 -0.282870
-0.253204 0.117618 -0.252545
-0.220619 0.088295 -0.228368
-0.193178 0.141804 -0.226610
-0.222610 0.186233 -0.211773
-0.228282 0.149390 -0.177267
-0.184052 0.150907 -0.164944
-0.179405 0.217052 -0.164136
-0.215037 0.228647 -0.138553
-0.194898 0.194122 -0.108358
-0.153714 0.228907 -0.106730
-0.173009 0.289721 -0.099018
-0.197825 0.268091 -0.063275
-0.167819 0.214820 -0.044712
-0.130287 0.180208 -0.064291
-0.118158 0.118008 -0.058598
-0.118278 0.063761 -0.036675
-0.089465 0.092304 -0.008864
-0.118218 0.143517 0.003511
-0.150652 0.103617 0.016810
-0.124931 0.069396 0.042811
-0.108428 0.122364 0.063470
-0.152855 0.141696 0.074894
-0.167367 0.086604 0.093417
-0.133349 0.081403 0.120069
-0.142385 0.141349 0.137823
-0.185666 0.127154 0.149586
-0.176177 0.071888 0.170884
-0.146383 0.099391 0.196598
-0.178440 0.143257 0.210991
-0.208264 0.099066 0.225177
-0.179073 0.068551 0.250578
-0.171395 0.124315 0.272019
-0.214826 0.136668 0.283170
-0.220906 0.079517 0.303399
-0.186329 0.094060 0.329894
-0.205669 0.151861 0.343285
-0.245933 0.126634 0.356090
-0.227860 0.084025 0.382338
-0.206348 0.129473 0.405134
-0.244424 0.164496 0.414994
-0.268757 0.114909 0.431746
-0.236459 0.102599 0.460456
-0.236444 0.166013 0.476791
-0.282847 0.160270 0.487511
-0.279272 0.106131 0.511219
-0.249659 0.128671 0.538365
-0.275364 0.180512 0.550870
-0.309352 0.142325 0.565473
-0.285064 0.105221 0.592554
-0.271080 0.161050 0.614034
-0.313667 0.183026 0.624781
-0.325056 0.126807 0.645519
-0.287991 0.119850 0.670907
-0.295172 0.182658 0.688284
-0.340987 0.168419 0.704697
-0.332297 0.113218 0.732950
-0.299803 0.137708 0.763015
-0.341801 0.168895 0.789523
-0.361548 0.117444 0.823665
-0.337894 0.091329 0.864853
-0.350174 0.122017 0.908895
-0.386259 0.121952 0.943401
-0.427427 0.118095 0.971056
-0.472427 0.113283 0.990738
-0.524533 0.122169 0.999870
-0.575945 0.139182 1.000000
-0.625048 0.153898 0.988654
-0.668751 0.176589 0.968659
-0.695588 0.212739 0.939428
-0.739004 0.220108 0.907618
-0.769885 0.228300 0.874310
-0.793705 0.212826 0.829943
-0.820391 0.200624 0.795176
-0.846670 0.139182 0.771508
-0.864049 0.090462 0.744075
-0.866598 0.011096 0.730710
-0.893028 -0.060770 0.724770
-0.894145 -0.136451 0.744856
-0.881593 -0.208405 0.748178
-0.857834 -0.278603 0.766779
-0.842823 -0.342667 0.782945
-0.804174 -0.397000 0.801377
-0.777955 -0.449730 0.819822
-0.748056 -0.520557 0.823600
-0.723029 -0.578011 0.836600
-0.700657 -0.650224 0.822805
-0.682192 -0.715112 0.819236
-0.675328 -0.776273 0.786540
-0.668645 -0.833055 0.761048
-0.682117 -0.871676 0.724001
-0.709678 -0.894519 0.686720
-0.740996 -0.890293 0.651433
-0.780279 -0.875967 0.629392
-0.812607 -0.827767 0.601308
-0.844438 -0.782710 0.587982
-0.861816 -0.714679 0.564431
-0.885968 -0.668343 0.529638
-0.903060 -0.651763 0.484072
-0.946869 -0.649921 0.453773
-0.950368 -0.628075 0.407075
-0.975607 -0.680696 0.376658
-0.999608 -0.714917 0.346568
-1.000000 -0.775232 0.312088
-0.994207 -0.820312 0.274924
-0.975169 -0.844780 0.236419
-0.944998 -0.849028 0.203345
-0.890449 -0.850458 0.189186
-0.843789 -0.856657 0.171665
-0.796209 -0.814785 0.175170
-0.748041 -0.788821 0.180641
-0.712424 -0.758544 0.204348
-0.666322 -0.757786 0.178569
-0.659338 -0.692594 0.157975
-0.646002 -0.642964 0.187336
-0.601107 -0.654515 0.197327
-0.578962 -0.646410 0.161258
-0.588903 -0.576754 0.163746
-0.568719 -0.555710 0.197014
-0.524563 -0.571314 0.188430
-0.524035 -0.529529 0.155135
-0.533403 -0.472400 0.174271
-0.497696 -0.474827 0.199307
-0.463919 -0.478512 0.171431
-0.475671 -0.418890 0.155070
-0.469199 -0.383022 0.188118
-0.424440 -0.399341 0.192612
-0.410124 -0.375068 0.157298
-0.426069 -0.312130 0.163772
-0.400228 -0.303483 0.197861
-0.357988 -0.311783 0.180458
-0.365214 -0.254936 0.157988
-0.367205 -0.214343 0.195712
-0.321903 -0.232548 0.213988
-0.277899 -0.220585 0.229059
-0.276300 -0.277866 0.253314
-0.254471 -0.337596 0.263226
-0.279241 -0.351271 0.296613
-0.318720 -0.359550 0.275732
-0.304178 -0.404781 0.250331
-0.293543 -0.449947 0.279744
-0.336717 -0.455192 0.294502
-0.357792 -0.474567 0.260283
-0.332614 -0.529074 0.252454
-0.342827 -0.559827 0.286921
-0.389095 -0.560348 0.283026
-0.388325 -0.595826 0.248663
-0.366104 -0.652782 0.264451
-0.399308 -0.689430 0.285853
-0.413775 -0.725689 0.245185
-0.418572 -0.757526 0.209702
-0.443237 -0.709824 0.191022
-0.408570 -0.664550 0.194722
-0.374929 -0.695694 0.174779
-0.397935 -0.697319 0.140403
-0.405040 -0.628898 0.138201
-0.359482 -0.612037 0.137732
-0.350521 -0.643072 0.103174
-0.382925 -0.609870 0.081602
-0.362001 -0.546759 0.091646
-0.315055 -0.540040 0.103643
-0.289168 -0.546044 0.138240
-0.244469 -0.553933 0.127298
-0.231933 -0.490713 0.123338
-0.241558 -0.472270 0.161792
-0.209018 -0.512841 0.178074
-0.173205 -0.486487 0.157389
-0.178998 -0.424200 0.173007
-0.170248 -0.441581 0.210991
-0.125806 -0.466180 0.203189
-0.108669 -0.425869 0.164814
-0.110449 -0.359485 0.156777
-0.094021 -0.299083 0.142109
-0.089405 -0.228452 0.146030
-0.098064 -0.211547 0.099761
-0.142370 -0.236818 0.081303
-0.178651 -0.203030 0.105558
-0.209003 -0.151384 0.105180
-0.238043 -0.187382 0.136156
-0.199182 -0.212371 0.167627
-0.152010 -0.204395 0.173450
-0.142204 -0.255911 0.192768
-0.153413 -0.324332 0.188847
-0.149490 -0.346980 0.226896
-0.153850 -0.364535 0.266457
-0.146157 -0.389523 0.302331
-0.149490 -0.440714 0.326065
-0.196120 -0.445201 0.322079
-0.198881 -0.452201 0.282127
-0.173567 -0.509157 0.282180
-0.202003 -0.545350 0.304728
-0.239566 -0.537591 0.280890
-0.219955 -0.562905 0.247256
-0.211417 -0.624022 0.262380
-0.255919 -0.638608 0.271563
-0.272091 -0.631716 0.233957
-0.244786 -0.679331 0.218390
-0.260188 -0.729568 0.239949
-0.304329 -0.727249 0.228381
-0.297465 -0.736027 0.188261
-0.273283 -0.796233 0.191140
-0.304947 -0.830151 0.215160
-0.341832 -0.827940 0.187596
-0.333670 -0.878806 0.161401
-0.323291 -0.936694 0.144753
-0.296831 -0.992328 0.132470
-0.265499 -0.976593 0.100191
-0.228358 -0.945211 0.081094
-0.235569 -0.884788 0.101207
-0.234694 -0.898333 0.139777
-0.191096 -0.926876 0.139413
-0.169449 -0.869270 0.127663
-0.185439 -0.826467 0.156190
-0.169871 -0.858326 0.188144
-0.124916 -0.857524 0.177110
-0.121160 -0.791054 0.174023
-0.135551 -0.770898 0.209676
-0.103706 -0.798704 0.232928
-0.068390 -0.761600 0.215707
-0.087926 -0.700418 0.224500
-0.087821 -0.707765 0.264972
-0.042277 -0.710258 0.269297
-0.033814 -0.650896 0.252284
-0.059460 -0.612037 0.275471
-0.039818 -0.625712 0.310381
0.002074 -0.602501 0.300130
-0.010628 -0.540084 0.291584
-0.022485 -0.526885 0.328852
0.018533 -0.537765 0.346060
0.039984 -0.489044 0.324827
0.013796 -0.437182 0.337098
0.021067 -0.444377 0.376072
0.066716 -0.433302 0.372229
0.066007 -0.373356 0.353446
0.040301 -0.342537 0.383797
0.071423 -0.364036 0.417013
0.116996 -0.339633 0.406553
0.152975 -0.305758 0.424087
0.197734 -0.290197 0.432671
0.197855 -0.329902 0.474133
0.183192 -0.393576 0.481701
0.181879 -0.458638 0.487368
0.174608 -0.521510 0.476191
0.147439 -0.538111 0.508457
0.108352 -0.497540 0.493790
0.118399 -0.513405 0.447690
0.125173 -0.558310 0.418238
0.124856 -0.582519 0.380384
0.106617 -0.626796 0.354840
0.109996 -0.689864 0.338218
0.104083 -0.739126 0.310329
0.105788 -0.789753 0.337541
0.065283 -0.780629 0.357236
0.038838 -0.779437 0.320802
0.048568 -0.809649 0.284993
0.059490 -0.779112 0.248937
0.079086 -0.829176 0.228525
0.038777 -0.860471 0.223445
0.013570 -0.814438 0.204036
0.043726 -0.806419 0.172929
0.043062 -0.870159 0.160658
-0.001878 -0.867667 0.148831
0.000234 -0.817104 0.123286
0.031521 -0.844498 0.099540
0.005257 -0.897792 0.088871
-0.031144 -0.861685 0.074308
-0.012483 -0.824364 0.043188
-0.019558 -0.872630 0.013775
-0.069175 -0.860905 0.012876
-0.108488 -0.827854 0.002481
-0.132655 -0.839882 0.037457
-0.100085 -0.806484 0.059471
-0.106693 -0.748402 0.041404
-0.151286 -0.742225 0.050652
-0.144165 -0.743482 0.090617
-0.117192 -0.689127 0.091633
-0.147786 -0.645175 0.076392
-0.181110 -0.650398 0.104893
-0.146850 -0.639106 0.137993
-0.102906 -0.611148 0.134502
-0.059973 -0.638369 0.125253
-0.037374 -0.582974 0.117542
-0.040105 -0.554864 0.153950
-0.020660 -0.602978 0.176251
0.020569 -0.602891 0.155774
0.029681 -0.535814 0.161179
0.030028 -0.538523 0.201613
0.064348 -0.582410 0.204999
0.096269 -0.546781 0.185434
0.094851 -0.494203 0.209923
0.103736 -0.518801 0.247191
0.144995 -0.546065 0.237747
0.163716 -0.485729 0.226831
0.155977 -0.453133 0.263279
0.180190 -0.498862 0.287169
0.220121 -0.521033 0.260960
0.238375 -0.505126 0.225438
0.279498 -0.546846 0.224330
0.280071 -0.613446 0.230961
0.292487 -0.684576 0.239480
0.257096 -0.724042 0.246918
0.229323 -0.775449 0.237643
0.187446 -0.745714 0.244781
0.191247 -0.693656 0.219706
0.200691 -0.728679 0.187193
0.159703 -0.762684 0.188118
0.131041 -0.711038 0.185981
0.147379 -0.685334 0.151579
0.138297 -0.739494 0.129148
0.092030 -0.741878 0.134997
0.082737 -0.680653 0.122140
0.102348 -0.685052 0.085250
0.074244 -0.735268 0.073149
0.034297 -0.702456 0.076626
0.047090 -0.652457 0.051577
0.052430 -0.689799 0.019285
0.007565 -0.712880 0.018334
-0.015410 -0.652977 0.019429
0.010341 -0.631846 -0.016472
-0.008516 -0.671724 -0.046380
-0.040211 -0.632084 -0.067899
-0.051193 -0.578098 -0.044074
-0.066128 -0.510219 -0.035763
-0.075541 -0.509308 0.003406
-0.033286 -0.526278 0.016980
-0.012936 -0.470514 0.004136
-0.037737 -0.425673 0.024365
-0.029409 -0.451399 0.060878
0.016813 -0.446479 0.060943
0.016496 -0.379532 0.052697
-0.003598 -0.357881 0.087425
0.033286 -0.378297 0.111797
0.070201 -0.342927 0.126373
0.084442 -0.393641 0.149534
0.092452 -0.441278 0.123130
0.122367 -0.405756 0.100243
0.155283 -0.405019 0.130542
0.159553 -0.469257 0.137381
0.173974 -0.484190 0.101077
0.212171 -0.445591 0.100139
0.233894 -0.474524 0.131167
0.241528 -0.536941 0.115510
0.280886 -0.521228 0.095580
0.305852 -0.527990 0.134932
0.313863 -0.593962 0.140012
0.333519 -0.655599 0.138162
0.298611 -0.682170 0.114311
0.287870 -0.708502 0.078685
0.243368 -0.726144 0.093678
0.231269 -0.659370 0.093417
0.240879 -0.640385 0.056879
0.209667 -0.680328 0.039046
0.171802 -0.652197 0.055811
0.178440 -0.589584 0.044009
0.179013 -0.604755 0.004904
0.134043 -0.627923 0.004110
0.115322 -0.569537 0.011886
0.135325 -0.534080 -0.017891
0.115985 -0.570664 -0.047187
0.070744 -0.557682 -0.037600
0.072992 -0.489586 -0.038798
0.090204 -0.484038 -0.078072
0.051751 -0.510674 -0.098159
0.021158 -0.460588 -0.102067
0.018005 -0.399450 -0.086175
0.003462 -0.336599 -0.074855
0.011563 -0.278538 -0.056397
0.018156 -0.305260 -0.018412
0.053335 -0.347825 -0.029003
0.082013 -0.302074 -0.042381
0.083189 -0.265599 -0.009060
0.097068 -0.313691 0.017383
0.137030 -0.331571 0.000528
0.153820 -0.268026 0.007327
0.147967 -0.258729 0.047148
0.178364 -0.313604 0.056267
0.212714 -0.337964 0.030331
0.215445 -0.391517 0.006402
0.252465 -0.372315 -0.015169
0.283812 -0.373442 0.014518
0.276888 -0.435274 0.029042
0.288127 -0.466093 -0.005959
0.331785 -0.439891 -0.009594
0.347504 -0.465486 0.024392
0.338181 -0.529529 0.017383
0.365531 -0.539433 -0.014974
0.406790 -0.535814 0.007106
0.395868 -0.588284 0.036975
0.389110 -0.647992 0.018790
0.390799 -0.724302 0.010988
0.347986 -0.745823 -0.006962
0.318494 -0.757482 -0.037353
0.278246 -0.742572 -0.016094
0.289213 -0.678897 -0.009763
0.295790 -0.659999 -0.047878
0.253762 -0.673544 -0.061151
0.232069 -0.628075 -0.036115
0.254788 -0.572073 -0.046575
0.245782 -0.574370 -0.086136
0.199273 -0.571162 -0.082762
0.199016 -0.508788 -0.066622
0.222580 -0.477731 -0.096179
0.192122 -0.487809 -0.125514
0.159070 -0.450662 -0.108150
0.181668 -0.392341 -0.099670
0.194883 -0.375414 -0.137745
0.146745 -0.360829 -0.147254
0.127194 -0.305672 -0.128731
0.170535 -0.254286 -0.134515
0.209546 -0.213043 -0.124810
0.219110 -0.231053 -0.087204
0.232899 -0.293037 -0.095462
0.270794 -0.269912 -0.116304
0.290918 -0.238508 -0.085054
0.296062 -0.288875 -0.059380
0.325886 -0.322468 -0.083192
0.358290 -0.271537 -0.085823
0.365516 -0.262370 -0.042811
0.394722 -0.318177 -0.038004
0.435045 -0.349060 -0.037691
0.432511 -0.397000 -0.068798
0.396637 -0.406601 -0.093704
0.421679 -0.410654 -0.128015
0.446631 -0.464598 -0.117529
0.410803 -0.505039 -0.110416
0.391599 -0.503088 -0.146746
0.429071 -0.531198 -0.163667
0.427834 -0.588067 -0.143034
0.389004 -0.615071 -0.157845
0.405991 -0.632821 -0.194735
0.435815 -0.685161 -0.172317
0.417531 -0.733166 -0.149104
0.417787 -0.796515 -0.128314
0.393394 -0.847403 -0.115080
0.382759 -0.907263 -0.097547
0.344969 -0.913157 -0.126191
0.340187 -0.878503 -0.161049
0.319052 -0.813723 -0.162300
0.300919 -0.748467 -0.171718
0.288278 -0.707028 -0.141549
0.324604 -0.664637 -0.145418
0.316473 -0.646150 -0.183663
0.272091 -0.624694 -0.178035
0.279000 -0.579355 -0.148388
0.314481 -0.544353 -0.164749
0.290510 -0.530439 -0.198525
0.255753 -0.496413 -0.179129
0.282530 -0.448191 -0.165608
0.303439 -0.427992 -0.198760
0.264322 -0.408812 -0.216150
0.251575 -0.361024 -0.189616
0.293799 -0.325394 -0.190814
0.303318 -0.304696 -0.228603
0.285789 -0.241954 -0.223848
0.322085 -0.225830 -0.196311
0.357400 -0.241629 -0.218911
0.351381 -0.197828 -0.248846
0.364943 -0.142281 -0.221321
0.410788 -0.172580 -0.206328
0.458428 -0.182701 -0.202954
0.457251 -0.221690 -0.169399
0.431908 -0.269847 -0.186216
0.463648 -0.281052 -0.214977
0.499385 -0.298758 -0.191869
0.480136 -0.354024 -0.178087
0.476289 -0.382523 -0.215199
0.522647 -0.387031 -0.222402
0.536948 -0.423181 -0.191114
0.503911 -0.474589 -0.203098
0.485507 -0.485794 -0.239897
0.444278 -0.474155 -0.257052
0.452892 -0.486140 -0.296091
0.464100 -0.549685 -0.291389
0.422811 -0.569082 -0.275145
0.395325 -0.550010 -0.305483
0.415328 -0.593355 -0.330950
0.403320 -0.647754 -0.311501
0.356585 -0.637307 -0.313299
0.351245 -0.653302 -0.352807
0.357883 -0.724648 -0.339560
0.319716 -0.749659 -0.319760
0.279724 -0.781713 -0.304415
0.260007 -0.724540 -0.289044
0.228826 -0.673479 -0.288601
0.250850 -0.641859 -0.258602
0.290118 -0.629310 -0.277998
0.271985 -0.597170 -0.309339
0.249236 -0.549273 -0.288627
0.287131 -0.524176 -0.270899
0.311857 -0.509503 -0.303764
0.281082 -0.467155 -0.319890
0.279830 -0.423311 -0.288823
0.325102 -0.407859 -0.287481
0.328994 -0.388765 -0.326690
0.302322 -0.335862 -0.324632
0.327651 -0.301836 -0.297277
0.372289 -0.306929 -0.312348
0.364400 -0.278061 -0.349473
0.359482 -0.212978 -0.334063
0.392036 -0.162675 -0.326638
0.439858 -0.199150 -0.338453
0.482520 -0.213931 -0.354397
0.494513 -0.267289 -0.332760
0.457719 -0.306842 -0.342126
0.465639 -0.303353 -0.381713
0.508301 -0.330639 -0.382090
0.496896 -0.388266 -0.364726
0.466333 -0.407187 -0.393631
0.498933 -0.410914 -0.422172
0.528998 -0.454715 -0.405042
0.493336 -0.503305 -0.401499
0.454023 -0.502677 -0.426731
0.409883 -0.483583 -0.422615
0.395808 -0.490605 -0.460156
0.390226 -0.558332 -0.457408
0.360704 -0.561193 -0.424530
0.327002 -0.522334 -0.440213
0.316292 -0.557530 -0.472948
0.296711 -0.609913 -0.452523
0.257624 -0.567218 -0.434716
0.225386 -0.541774 -0.461159
0.203633 -0.611062 -0.458306
0.179737 -0.627576 -0.426067
0.142581 -0.640320 -0.403427
0.154710 -0.587135 -0.378274
0.152296 -0.522225 -0.373845
0.193390 -0.517674 -0.351205
0.221931 -0.535706 -0.381296
0.208566 -0.488546 -0.407218
0.214841 -0.433606 -0.385112
0.259238 -0.442903 -0.373467
0.277597 -0.449275 -0.410891
0.262059 -0.390867 -0.426067
0.281489 -0.349971 -0.398555
0.325071 -0.369975 -0.404456
0.325901 -0.355085 -0.444160
0.319867 -0.289396 -0.439940
0.357400 -0.276262 -0.418824
0.387888 -0.298823 -0.446778
0.374552 -0.257342 -0.477403
0.382472 -0.197872 -0.460339
0.430188 -0.222687 -0.446374
0.468807 -0.233480 -0.466109
0.515240 -0.228755 -0.470942
0.550857 -0.221387 -0.495874
0.559245 -0.287098 -0.503494
0.513219 -0.286925 -0.525443
0.517473 -0.245075 -0.557918
0.554221 -0.269933 -0.582172
0.543254 -0.336707 -0.590105
0.507109 -0.307644 -0.622684
0.529813 -0.259942 -0.650977
0.550254 -0.284281 -0.686642
0.559531 -0.292235 -0.724027
0.573968 -0.265100 -0.758338
0.527580 -0.267961 -0.783987
0.481584 -0.261481 -0.765464
0.433386 -0.249106 -0.764604
0.425119 -0.300124 -0.735282
0.421634 -0.337444 -0.703146
0.428166 -0.392644 -0.682995
0.414891 -0.439696 -0.658232
0.417893 -0.397044 -0.626500
0.384750 -0.353590 -0.638315
0.351185 -0.401400 -0.640829
0.353553 -0.419887 -0.601933
0.344155 -0.359247 -0.587435
0.302503 -0.347868 -0.605098
0.283209 -0.402549 -0.588464
0.289047 -0.382458 -0.549828
0.264141 -0.327171 -0.553098
0.224375 -0.356863 -0.564769
0.221796 -0.397000 -0.531331
0.220393 -0.342494 -0.504393
0.181050 -0.313712 -0.522669
0.151074 -0.367634 -0.520637
0.150667 -0.361609 -0.480112
0.124584 -0.333781 -0.452901
0.140258 -0.282547 -0.420700
0.111173 -0.233003 -0.408872
0.093795 -0.258599 -0.372972
0.140696 -0.234780 -0.353459
0.148857 -0.165536 -0.354045
0.120390 -0.135151 -0.327003
0.145719 -0.161873 -0.292666
0.190629 -0.124921 -0.296026
0.183659 -0.055395 -0.295610
0.173522 -0.049414 -0.254642
0.223229 -0.055829 -0.240743
0.242553 0.013545 -0.253743
0.260762 0.073839 -0.258263
0.270251 0.120370 -0.287260
0.283662 0.121302 -0.330676
0.281218 0.156824 -0.367514
0.270251 0.140504 -0.407335
0.266328 0.167985 -0.443404
0.246762 0.167768 -0.480008
0.242614 0.190958 -0.519595
0.196723 0.208188 -0.543719
0.208867 0.263042 -0.576206
0.189543 0.255695 -0.621173
0.162660 0.257927 -0.656995
0.147228 0.293817 -0.689912
0.108262 0.332286 -0.712916
0.077925 0.376390 -0.734787
0.050288 0.447975 -0.732012
0.043243 0.514553 -0.715977
0.044525 0.596844 -0.717045
0.061029 0.663293 -0.705126
0.093146 0.721224 -0.686356
0.129638 0.760863 -0.666660
0.184625 0.787868 -0.663560
0.238299 0.796667 -0.661020
0.287403 0.775037 -0.662388
0.335843 0.757786 -0.687424
0.370253 0.718320 -0.707549
0.379470 0.660757 -0.741274
0.383664 0.630589 -0.787764
0.384810 0.587503 -0.821359
0.370494 0.527253 -0.845197
0.337502 0.479769 -0.874532
0.312686 0.419974 -0.887649
0.281218 0.375566 -0.910601
0.245435 0.311653 -0.918599
0.200797 0.275893 -0.939663
0.174849 0.204287 -0.949693
0.161996 0.123058 -0.955021
0.141963 0.057454 -0.957430
0.132791 -0.007997 -0.970834
0.137226 -0.090332 -0.970274
0.144376 -0.158687 -0.972124
0.178636 -0.219176 -0.955437
0.209999 -0.280336 -0.948039
0.252600 -0.322771 -0.950071
0.308176 -0.337422 -0.960452
0.359678 -0.328190 -0.965936
0.408087 -0.305520 -0.973791
0.453887 -0.260939 -0.978038
0.491420 -0.220801 -0.989918
0.518966 -0.151882 -0.987925
0.569292 -0.123773 -0.992966
0.586806 -0.049024 -1.000000
0.612603 0.022561 -0.993252
0.653892 0.076873 -0.992601
0.665689 0.147526 -0.970900
0.708351 0.190676 -0.962107
0.723889 0.254069 -0.941942
0.760155 0.301597 -0.915356
0.771273 0.342385 -0.880511
0.806090 0.388310 -0.851957
0.815503 0.420255 -0.814455
0.841405 0.438720 -0.771404
0.860730 0.440476 -0.729355
0.887341 0.438504 -0.693729
0.895517 0.427104 -0.646248
0.929596 0.418413 -0.608837
0.926790 0.410914 -0.559885
0.955015 0.380378 -0.520689
0.969120 0.367417 -0.482209
0.969150 0.323877 -0.440917
0.991084 0.287142 -0.402776
0.992774 0.279990 -0.360193
1.000000 0.244056 -0.315696
0.986725 0.213910 -0.277529
0.985940 0.174639 -0.233970
0.966872 0.166251 -0.194188
0.934559 0.159294 -0.153507
0.920921 0.147613 -0.115510
0.873206 0.162437 -0.089119
0.844845 0.181921 -0.056214
0.799105 0.227737 -0.044569
0.771529 0.275590 -0.027674
0.723934 0.322338 -0.026814
0.683339 0.365207 -0.029302
0.653288 0.425695 -0.034995
0.621910 0.483583 -0.050157
0.586565 0.537548 -0.057244
0.547071 0.566459 -0.084103
0.507969 0.617369 -0.097872
0.477617 0.644199 -0.131884
0.457945 0.651958 -0.175378
0.425677 0.667801 -0.210692
0.396109 0.635140 -0.249028
0.358818 0.606944 -0.273270
0.328964 0.563447 -0.298788
0.307255 0.487484 -0.302696
0.255029 0.455603 -0.300559
0.224058 0.405171 -0.273452
0.190795 0.361024 -0.253027
0.174563 0.327518 -0.212958
0.153699 0.315576 -0.176485
0.146760 0.319694 -0.133981
0.131644 0.261178 -0.116734
0.170550 0.228755 -0.105805
0.184383 0.276847 -0.078880
0.145734 0.271689 -0.055355
0.151542 0.208448 -0.044400
0.192620 0.215708 -0.027414
0.180280 0.263974 -0.000827
0.146413 0.226458 0.016875
0.175362 0.178215 0.029563
0.203618 0.219219 0.051108
0.168891 0.243926 0.074633
0.152975 0.184500 0.088519
0.193933 0.168072 0.105493
0.199861 0.222297 0.129812
0.159507 0.209272 0.153116
0.175242 0.144037 0.170089
0.218779 0.171193 0.192833
0.199122 0.211461 0.232042
0.177414 0.158926 0.264243
0.204040 0.124705 0.302566
0.222128 0.159078 0.342400
0.216003 0.150842 0.389763
0.227468 0.155697 0.431837
0.230922 0.102902 0.468975
0.265634 0.108840 0.508548
0.295881 0.090787 0.540866
0.348364 0.070068 0.556993
0.394691 0.068009 0.573484
0.449180 0.049414 0.574852
0.500788 0.035695 0.570410
0.547146 0.009644 0.555078
0.583804 -0.035088 0.543185
0.625742 -0.055330 0.512287
0.667514 -0.074186 0.491784
0.703855 -0.091979 0.454946
0.735897 -0.071455 0.415789
0.752536 -0.056566 0.373376
0.776749 -0.006458 0.339768
0.780339 0.035630 0.303855
0.789104 0.099738 0.274325
0.773716 0.175245 0.258459
0.751873 0.231920 0.235559
0.732759 0.308229 0.224956
0.689841 0.358531 0.238177
0.661661 0.413428 0.251503
0.621790 0.469777 0.254134
0.596612 0.528445 0.273061
0.556303 0.583277 0.271068
0.529556 0.637416 0.283222
0.491239 0.687826 0.268593
0.454521 0.744501 0.270808
0.434940 0.799224 0.249810
0.401691 0.843111 0.219745
0.378414 0.889296 0.197014
0.350355 0.916300 0.159356
0.320470 0.958930 0.133798
0.297465 0.951540 0.089535
0.265046 0.980971 0.062389
0.226864 0.983377 0.027830
0.191806 1.000000 -0.000488
0.150547 0.976832 -0.029055
0.110690 0.987495 -0.047800
0.080067 0.945060 -0.080417
0.046803 0.913223 -0.103083
0.026784 0.879305 -0.132574
0.024461 0.822696 -0.167132
0.010386 0.793047 -0.202121
0.008305 0.760495 -0.239193
-0.023571 0.781843 -0.268202
-0.020690 0.765740 -0.309795
-0.035127 0.774842 -0.347975
-0.059716 0.743850 -0.386767
-0.092437 0.732429 -0.416584
-0.133801 0.720422 -0.444707
-0.177233 0.670575 -0.447742
-0.215776 0.652370 -0.467177
-0.265800 0.629137 -0.451363
-0.314285 0.621811 -0.443730
-0.359044 0.578033 -0.445176
-0.408344 0.554734 -0.424347
-0.453359 0.524219 -0.412311
-0.487121 0.474220 -0.399116
-0.521999 0.440823 -0.364935
-0.560059 0.409571 -0.346854
-0.582552 0.369866 -0.307385
-0.608891 0.332069 -0.280134
-0.642879 0.298433 -0.258837
-0.679537 0.238790 -0.245758
-0.717055 0.197503 -0.238894
-0.748750 0.131922 -0.251542
-0.782285 0.087081 -0.259110
-0.802485 0.031664 -0.288654
-0.816816 -0.015799 -0.319995
-0.820874 -0.048265 -0.360337
-0.810510 -0.050714 -0.403727
-0.799754 -0.086062 -0.446948
-0.768904 -0.102317 -0.480868
-0.754015 -0.121497 -0.521158
-0.714913 -0.109057 -0.557696
-0.695845 -0.097679 -0.596931
-0.659126 -0.076266 -0.632779
-0.629046 -0.035912 -0.656877
-0.596732 -0.001084 -0.692322
-0.562156 0.047030 -0.705817
-0.514079 0.070718 -0.729056
-0.477783 0.106370 -0.753102
-0.449769 0.168093 -0.757036
-0.400152 0.208925 -0.764435
-0.349782 0.231833 -0.765386
-0.302609 0.244056 -0.773748
-0.250609 0.253701 -0.755004
-0.205699 0.264754 -0.743046
-0.156324 0.230446 -0.726555
-0.117358 0.193451 -0.710376
-0.082707 0.160746 -0.690472
-0.055085 0.122082 -0.655822
-0.029998 0.065235 -0.643851
-0.020177 0.020936 -0.611885
-0.009376 -0.028760 -0.586771
-0.014686 -0.062526 -0.552707
0.020026 -0.036995 -0.531045
-0.006132 0.019701 -0.520506
-0.040588 -0.008041 -0.499795
-0.013162 -0.032054 -0.471593
0.009949 0.025140 -0.460560
-0.032351 0.052036 -0.445919
-0.041960 0.005353 -0.417534
-0.001395 0.010099 -0.396393
-0.007022 0.080406 -0.386545
-0.053727 0.073124 -0.364466
-0.035097 0.031447 -0.328865
-0.027509 0.074771 -0.295766
-0.052490 0.067532 -0.259371
-0.061285 -0.008149 -0.239336
-0.020856 -0.046271 -0.212685
-0.018563 -0.060770 -0.172213
-0.011246 -0.142433 -0.176094
0.024371 -0.180360 -0.193615
0.055779 -0.227000 -0.184718
0.077532 -0.278863 -0.195386
0.090053 -0.333088 -0.221035
0.101428 -0.395700 -0.220305
