-0.063752 -1.000000 0.851881
-0.117561 -0.985455 0.831215
-0.162361 -0.958800 0.816721
-0.195059 -0.893267 0.799698
-0.224163 -0.837387 0.787506
-0.254331 -0.771403 0.794242
-0.283177 -0.718702 0.772174
-0.328735 -0.673173 0.752301
-0.372859 -0.640294 0.725936
-0.414372 -0.606648 0.715771
-0.445700 -0.573205 0.673631
-0.488357 -0.544859 0.653316
-0.515350 -0.512837 0.610247
-0.556927 -0.483950 0.583653
-0.579392 -0.436255 0.555246
-0.588030 -0.378660 0.522982
-0.622274 -0.333626 0.505608
-0.633700 -0.277498 0.475204
-0.659469 -0.222203 0.455575
-0.677018 -0.170089 0.428920
-0.666914 -0.101196 0.411607
-0.682433 -0.039971 0.395940
-0.661789 0.017871 0.370824
-0.664915 0.078352 0.347964
-0.657938 0.133444 0.320151
-0.628108 0.193496 0.313872
-0.617972 0.250617 0.288862
-0.580053 0.293103 0.275009
-0.571592 0.355704 0.256843
-0.536880 0.394378 0.231895
-0.519443 0.451048 0.208409
-0.500121 0.487558 0.171056
-0.480621 0.541521 0.146412
-0.472064 0.580467 0.108236
-0.447134 0.611451 0.071766
-0.421978 0.654591 0.042962
-0.402543 0.688101 0.004343
-0.369861 0.708532 -0.027570
-0.338872 0.757196 -0.046879
-0.307205 0.782386 -0.082968
-0.266111 0.765067 -0.121891
-0.236991 0.797810 -0.161759
-0.220505 0.767367 -0.212601
-0.203616 0.788925 -0.263046
-0.206759 0.761932 -0.313628
-0.214671 0.776725 -0.368873
-0.233881 0.752371 -0.413634
-0.265386 0.754287 -0.462159
-0.304095 0.742809 -0.499223
-0.337953 0.737622 -0.535693
-0.378982 0.697257 -0.566478
-0.421994 0.680073 -0.595023
-0.459478 0.645165 -0.630090
-0.480573 0.582496 -0.664350
-0.515833 0.523571 -0.682943
-0.557249 0.473328 -0.676695
-0.615893 0.455400 -0.679484
-0.668219 0.441374 -0.696751
-0.707927 0.380149 -0.699677
-0.758465 0.360327 -0.682928
-0.808905 0.337753 -0.676207
-0.842135 0.272356 -0.662110
-0.885775 0.247235 -0.637832
-0.922856 0.216295 -0.612762
-0.944725 0.182244 -0.566783
-0.985528 0.152251 -0.539198
-0.982031 0.084035 -0.506401
-0.983079 0.070730 -0.450012
-1.000000 0.039949 -0.406761
-0.962677 -0.018503 -0.388168
-0.926128 -0.030793 -0.351332
-0.903631 -0.042858 -0.311875
-0.851740 -0.063897 -0.304590
-0.811871 -0.065476 -0.278392
-0.774725 -0.033973 -0.257620
-0.736209 -0.038528 -0.232032
-0.701449 -0.014421 -0.205819
-0.659098 -0.013700 -0.187591
-0.633845 -0.004792 -0.150497
-0.607336 0.027568 -0.122165
-0.570802 0.030861 -0.095510
-0.563115 0.025899 -0.051832
-0.549466 0.058801 -0.015484
-0.528887 0.061665 0.027356
-0.569320 0.092379 0.052274
-0.598859 0.031988 0.067072
-0.569674 0.003371 0.103618
-0.549546 -0.006867 0.145254
-0.516655 0.007746 0.181724
-0.482378 -0.015165 0.215771
-0.438947 0.038235 0.201323
-0.398337 0.090981 0.203075
-0.349121 0.078781 0.202755
-0.318728 0.019811 0.199646
-0.280373 -0.029981 0.203182
-0.246741 -0.077518 0.169837
-0.228772 -0.134504 0.139951
-0.217975 -0.174689 0.103146
-0.215203 -0.237899 0.083730
-0.234203 -0.216363 0.031837
-0.232140 -0.207320 -0.023226
-0.249303 -0.207027 -0.070440
-0.244066 -0.181206 -0.114530
-0.278472 -0.221775 -0.136125
-0.318566 -0.202697 -0.105569
-0.321644 -0.157956 -0.066341
-0.309171 -0.199247 -0.019523
-0.311476 -0.207996 0.036957
-0.292975 -0.192842 0.087829
-0.298374 -0.172051 0.138244
-0.288850 -0.160009 0.185305
-0.298616 -0.136015 0.228938
-0.283983 -0.119011 0.272784
-0.328638 -0.136691 0.294928
-0.342562 -0.204501 0.274689
-0.326656 -0.239162 0.235308
-0.349137 -0.229014 0.191996
-0.364092 -0.227322 0.144751
-0.368169 -0.182356 0.103344
-0.377500 -0.156806 0.059802
-0.356550 -0.130805 0.012908
-0.356131 -0.080788 -0.027783
-0.348863 -0.028109 -0.057867
-0.387169 0.011129 -0.038939
-0.364044 0.028944 0.002804
-0.331169 0.075872 -0.015545
-0.318647 0.144606 -0.014463
-0.263565 0.137007 -0.013274
-0.224244 0.131595 -0.045705
-0.184681 0.140232 -0.072650
-0.160540 0.170540 -0.108937
-0.133918 0.107962 -0.119163
-0.178750 0.069129 -0.134312
-0.218523 0.035686 -0.155602
-0.237394 0.003845 -0.111970
-0.258086 -0.023644 -0.073503
-0.226452 -0.040580 -0.028210
-0.196542 -0.077180 0.008199
-0.168082 -0.111525 0.040280
-0.148502 -0.153198 0.071431
-0.149356 -0.112923 0.112762
-0.180217 -0.056185 0.118843
-0.205905 -0.000688 0.135912
-0.261212 0.024366 0.141002
-0.309526 0.056726 0.132102
-0.366993 0.038731 0.141139
-0.415081 0.007588 0.137040
-0.457238 -0.033567 0.147022
-0.495383 -0.078668 0.120931
-0.528564 -0.117343 0.096989
-0.528887 -0.176425 0.062500
-0.530675 -0.241281 0.043846
-0.489614 -0.261081 0.079249
-0.483764 -0.204298 0.111832
-0.444765 -0.161429 0.110202
-0.429327 -0.092018 0.089841
-0.404428 -0.036295 0.071294
-0.396532 0.041933 0.071065
-0.356115 0.083426 0.067133
-0.308011 0.074023 0.058934
-0.258875 0.093416 0.085650
-0.225259 0.117343 0.116740
-0.211932 0.161181 0.149857
-0.238248 0.219881 0.139570
-0.241858 0.208380 0.091304
-0.211223 0.179605 0.060625
-0.198137 0.134165 0.028773
-0.179024 0.074812 0.015758
-0.146858 0.032146 -0.005227
-0.154320 -0.036138 -0.023013
-0.130824 -0.085772 -0.047671
-0.099786 -0.121785 -0.075546
-0.135642 -0.129903 -0.112137
-0.138398 -0.064664 -0.130563
-0.127746 -0.010858 -0.158574
-0.113161 0.051021 -0.174119
-0.108117 0.109946 -0.194465
-0.087474 0.148463 -0.224610
-0.066347 0.201299 -0.235872
-0.053728 0.209778 -0.276853
-0.018146 0.205020 -0.301055
0.012457 0.243672 -0.315182
0.028701 0.280948 -0.345602
0.063720 0.283722 -0.372729
0.082365 0.316443 -0.404886
0.104556 0.324944 -0.442468
0.131533 0.357169 -0.470221
0.140428 0.381163 -0.510120
0.159412 0.382291 -0.551161
0.196864 0.390928 -0.576384
0.216444 0.395799 -0.616526
0.249883 0.397671 -0.647388
0.272493 0.426445 -0.681297
0.287142 0.431406 -0.723193
0.311427 0.417560 -0.759617
0.343964 0.435984 -0.790310
0.351651 0.434203 -0.835177
0.379353 0.449086 -0.870306
0.386073 0.495856 -0.907934
0.406749 0.514303 -0.948549
0.400303 0.585901 -0.969596
0.408973 0.636979 -0.998613
0.394324 0.714711 -1.000000
0.383350 0.786738 -0.990978
0.370957 0.850872 -0.960391
0.355615 0.914420 -0.937713
0.305304 0.950298 -0.932257
0.257103 0.975014 -0.902082
0.211932 1.000000 -0.884723
0.158429 0.976232 -0.867182
0.110341 0.969940 -0.845160
0.062334 0.942315 -0.834644
0.026300 0.888983 -0.806617
-0.018307 0.876760 -0.787521
-0.053148 0.808883 -0.789167
-0.081350 0.748334 -0.779795
-0.093001 0.670715 -0.764112
-0.095515 0.606986 -0.746160
-0.087796 0.545490 -0.724976
-0.097030 0.477974 -0.716822
-0.103025 0.419116 -0.695013
-0.079835 0.361003 -0.682471
-0.077804 0.292584 -0.678813
-0.070375 0.232622 -0.651914
-0.060883 0.165331 -0.642587
-0.051666 0.110329 -0.614804
-0.022175 0.063108 -0.591365
0.005689 0.014015 -0.626631
0.061335 0.013294 -0.633077
0.104669 -0.015391 -0.608114
0.145021 -0.049420 -0.613097
0.187082 -0.072422 -0.600098
0.234316 -0.078240 -0.606544
0.277182 -0.108007 -0.600296
0.323369 -0.088839 -0.589628
0.369007 -0.100272 -0.580590
0.412260 -0.081938 -0.561372
0.461009 -0.091725 -0.552487
0.505568 -0.112787 -0.535845
0.551964 -0.118335 -0.519325
0.600906 -0.134481 -0.516505
0.642983 -0.168240 -0.503719
0.685446 -0.169254 -0.476225
0.733035 -0.189031 -0.471303
0.777803 -0.208966 -0.450805
0.826374 -0.207433 -0.430109
0.871416 -0.237132 -0.415722
0.911205 -0.206711 -0.378261
0.953459 -0.198142 -0.351256
0.979034 -0.184318 -0.299973
0.990057 -0.153830 -0.252713
1.000000 -0.125258 -0.206505
0.983272 -0.092875 -0.155480
0.976311 -0.085366 -0.105081
0.959696 -0.027410 -0.066142
0.929770 0.020600 -0.026594
0.903260 0.056163 0.008672
0.853996 0.093078 0.030816
0.815948 0.115606 0.066234
0.762203 0.147831 0.078746
0.705574 0.178162 0.070791
0.650589 0.175230 0.065822
0.600728 0.160775 0.061723
0.560279 0.116102 0.036241
0.517993 0.081464 0.026929
0.490146 0.027095 0.008992
0.446650 0.013181 -0.016124
0.420995 -0.031582 -0.042947
0.401157 -0.047886 -0.087951
0.361723 -0.084599 -0.102460
0.340032 -0.100790 -0.143791
0.297955 -0.111096 -0.166941
0.271316 -0.119981 -0.206489
0.231802 -0.114501 -0.234333
0.194801 -0.139104 -0.259739
0.175592 -0.162331 -0.298891
0.144264 -0.156220 -0.334857
0.102364 -0.181567 -0.354974
0.066250 -0.185491 -0.384540
0.020966 -0.184702 -0.399217
-0.014198 -0.207951 -0.423601
-0.050715 -0.196992 -0.451506
-0.090149 -0.209981 -0.473025
-0.122218 -0.200397 -0.505243
-0.161459 -0.180936 -0.525878
-0.209966 -0.190452 -0.536668
-0.253380 -0.179289 -0.552609
-0.300276 -0.186934 -0.559696
-0.340999 -0.192504 -0.582404
-0.383753 -0.174576 -0.597888
-0.430761 -0.165849 -0.600707
-0.474836 -0.167360 -0.619514
-0.520652 -0.159761 -0.630441
-0.567805 -0.169773 -0.626021
-0.611848 -0.170382 -0.642465
-0.657245 -0.152183 -0.647327
-0.692779 -0.214559 -0.659489
-0.732728 -0.261554 -0.631599
-0.776498 -0.288773 -0.628368
-0.789277 -0.358861 -0.599290
-0.816479 -0.408856 -0.581230
-0.805247 -0.476440 -0.547793
-0.820073 -0.536560 -0.527569
-0.806150 -0.607956 -0.499954
-0.788568 -0.664896 -0.472979
-0.780832 -0.725445 -0.449265
-0.740802 -0.786152 -0.436052
-0.712278 -0.844197 -0.415981
-0.657615 -0.877933 -0.412841
-0.613637 -0.911398 -0.409214
-0.564340 -0.905174 -0.431526
-0.518009 -0.850737 -0.429240
-0.478720 -0.812558 -0.424790
-0.448568 -0.756858 -0.425765
-0.402914 -0.732143 -0.429667
-0.367379 -0.687515 -0.423479
-0.343642 -0.634002 -0.437271
-0.299969 -0.613007 -0.448976
-0.258940 -0.576159 -0.449707
-0.235057 -0.528442 -0.473787
-0.184842 -0.512657 -0.461580
-0.133515 -0.535816 -0.447833
-0.083348 -0.512363 -0.450530
-0.047089 -0.524947 -0.411653
-0.028911 -0.592486 -0.386811
0.024930 -0.617653 -0.400939
0.058643 -0.583827 -0.363433
0.057854 -0.639234 -0.320425
0.077273 -0.709524 -0.325927
0.126005 -0.719176 -0.301588
0.127713 -0.737420 -0.250061
0.135336 -0.776432 -0.214308
0.147342 -0.806537 -0.176817
0.176027 -0.848369 -0.153850
0.180297 -0.888983 -0.116709
0.186744 -0.902806 -0.071949
0.198492 -0.898725 -0.026274
0.188661 -0.921140 0.017359
0.188097 -0.926620 0.064496
0.208821 -0.930566 0.108038
0.212834 -0.949892 0.156349
0.215687 -0.888983 0.194373
0.193689 -0.883931 0.246464
0.183521 -0.866410 0.292032
0.179669 -0.813506 0.325485
0.168501 -0.797855 0.372165
0.167164 -0.759091 0.416377
0.187839 -0.692814 0.440121
0.194511 -0.663566 0.482398
0.203004 -0.584706 0.501189
0.214623 -0.525195 0.525725
0.208467 -0.445117 0.533803
0.186534 -0.390342 0.556648
0.189515 -0.326162 0.576094
0.163683 -0.301830 0.617517
0.151032 -0.249535 0.646763
0.136851 -0.231179 0.693139
0.125473 -0.194150 0.735110
0.133450 -0.160730 0.778331
0.107650 -0.142847 0.818733
0.114418 -0.102888 0.860049
0.091003 -0.090575 0.904688
0.079352 -0.080269 0.950088
0.097868 -0.109743 1.000000
