-0.632545 -0.417603 0.512261
-0.590630 -0.449515 0.548201
-0.560003 -0.480933 0.574371
-0.487974 -0.515828 0.579399
-0.415944 -0.549240 0.574942
-0.339726 -0.581647 0.567133
-0.275446 -0.613065 0.557114
-0.245261 -0.648966 0.559058
-0.262553 -0.696834 0.523118
-0.263623 -0.728746 0.480225
-0.257991 -0.765142 0.433143
-0.272002 -0.777604 0.374794
-0.251824 -0.796560 0.329673
-0.220894 -0.814510 0.284266
-0.172184 -0.821483 0.238022
-0.112722 -0.828472 0.202154
-0.044719 -0.832461 0.167069
0.027637 -0.833450 0.123410
0.101109 -0.816505 0.099040
0.157825 -0.803549 0.092854
0.172371 -0.756175 0.108774
0.086191 -0.769131 0.088896
0.014185 -0.755680 0.123196
-0.055983 -0.734730 0.135586
-0.125639 -0.707812 0.141772
-0.196714 -0.675389 0.138278
-0.262716 -0.653450 0.121182
-0.335443 -0.621043 0.101518
-0.364721 -0.579158 0.063510
-0.358716 -0.558208 0.004876
-0.315894 -0.560713 -0.048196
-0.305189 -0.589625 -0.094298
-0.241095 -0.586642 -0.138153
-0.167460 -0.596614 -0.163236
-0.090543 -0.604592 -0.183560
-0.009809 -0.607576 -0.199729
0.068736 -0.609076 -0.216433
0.145095 -0.600109 -0.243174
0.214192 -0.581647 -0.271306
0.264019 -0.546241 -0.304180
0.303280 -0.507850 -0.335378
0.316383 -0.462982 -0.369357
0.303280 -0.422086 -0.407240
0.265462 -0.390174 -0.446513
0.211283 -0.370724 -0.489691
0.135274 -0.357273 -0.516985
0.072018 -0.341811 -0.545972
-0.007994 -0.348289 -0.569362
-0.083631 -0.361262 -0.586637
-0.155265 -0.388690 -0.594427
-0.223082 -0.417108 -0.597208
-0.291644 -0.455993 -0.592751
-0.340261 -0.500878 -0.591093
-0.366536 -0.553724 -0.595550
-0.366815 -0.610065 -0.605569
-0.343170 -0.667922 -0.600007
-0.346079 -0.722268 -0.587742
-0.330812 -0.773615 -0.574371
-0.306632 -0.822489 -0.543726
-0.293622 -0.868362 -0.516432
-0.271815 -0.908252 -0.471311
-0.240001 -0.941154 -0.435942
-0.184728 -0.971088 -0.396098
-0.106904 -0.985033 -0.375489
-0.026170 -1.000000 -0.356271
0.058915 -0.995022 -0.368519
0.136740 -0.976066 -0.372155
0.198925 -0.951143 -0.380784
0.264741 -0.915241 -0.403353
0.299650 -0.865362 -0.433428
0.329462 -0.826478 -0.453769
0.343286 -0.768142 -0.475768
0.348360 -0.712296 -0.474092
0.324366 -0.656944 -0.459617
0.287292 -0.613065 -0.425905
0.246564 -0.577164 -0.379946
0.188010 -0.531290 -0.360443
0.111652 -0.505361 -0.351814
0.029103 -0.499872 -0.362957
-0.046534 -0.495883 -0.337891
-0.122357 -0.492405 -0.311970
-0.197459 -0.491400 -0.289686
-0.274003 -0.503861 -0.275763
-0.344078 -0.536779 -0.268240
-0.392997 -0.582653 -0.268810
-0.421553 -0.637988 -0.252641
-0.470333 -0.676889 -0.222281
-0.494653 -0.711801 -0.172293
-0.524256 -0.754181 -0.132038
-0.525908 -0.800549 -0.083013
-0.487066 -0.846423 -0.045130
-0.436867 -0.878335 -0.013094
-0.368724 -0.902269 0.009814
-0.293622 -0.919230 0.015394
-0.209816 -0.922214 0.002861
-0.129641 -0.918225 -0.004252
-0.048000 -0.905253 -0.014485
0.033106 -0.885308 -0.013308
0.108743 -0.865362 0.011775
0.169461 -0.843439 0.051156
0.205092 -0.819505 0.105779
0.222198 -0.805527 0.166962
0.244004 -0.796560 0.224509
0.271280 -0.762159 0.273677
0.301093 -0.737219 0.327302
0.351292 -0.687867 0.338586
0.370190 -0.637494 0.346377
0.393463 -0.580658 0.353348
0.400724 -0.525801 0.329815
0.366559 -0.474438 0.338854
0.317826 -0.432570 0.359338
0.241095 -0.406625 0.367413
0.159291 -0.410119 0.369927
0.092731 -0.397163 0.394707
0.024378 -0.392169 0.423677
-0.036364 -0.399158 0.447351
-0.071995 -0.408635 0.506128
-0.118913 -0.425581 0.543744
-0.105461 -0.442032 0.608921
-0.094546 -0.449020 0.669088
-0.057821 -0.443531 0.727027
-0.025821 -0.436559 0.778281
0.028009 -0.425086 0.820621
0.092009 -0.407630 0.852924
0.159291 -0.376213 0.868523
0.214541 -0.347795 0.890807
0.278541 -0.317383 0.896387
0.342542 -0.278482 0.884675
0.370911 -0.222396 0.876332
0.367281 -0.165800 0.869646
0.329462 -0.114437 0.868523
0.269837 -0.083020 0.846239
0.186916 -0.092003 0.822279
0.106927 -0.086514 0.825630
0.044742 -0.080530 0.860180
-0.040716 -0.081025 0.848467
-0.109092 -0.091748 0.819498
-0.138718 -0.104465 0.764340
-0.140533 -0.133393 0.775500
-0.109441 -0.120165 0.831193
-0.045440 -0.102965 0.857934
0.030546 -0.072297 0.861838
0.096734 -0.033157 0.868523
0.160734 0.004739 0.870199
0.220359 0.043624 0.855153
0.287292 0.083147 0.851266
0.369468 0.083769 0.823955
0.423275 0.102598 0.782167
0.458185 0.135244 0.741503
0.499634 0.166470 0.708077
0.525094 0.205275 0.663794
0.544736 0.258233 0.641509
0.552742 0.314510 0.627301
0.557094 0.371729 0.623967
0.549112 0.430064 0.613930
0.558560 0.473577 0.631205
0.605106 0.516084 0.625910
0.601476 0.551474 0.673812
0.666919 0.544502 0.714209
0.742556 0.546991 0.722570
0.812374 0.525801 0.719771
0.893829 0.506351 0.700286
0.944006 0.489405 0.655985
0.977472 0.489533 0.603341
1.000000 0.499122 0.548468
1.000000 0.512095 0.488853
0.970188 0.541502 0.434819
0.958551 0.575408 0.393602
0.900369 0.585892 0.344986
0.861829 0.622782 0.315874
0.776744 0.615299 0.324235
0.787658 0.567686 0.353490
0.846562 0.547246 0.327159
0.866181 0.492389 0.346805
0.847284 0.439782 0.342205
0.850914 0.402141 0.321454
0.873466 0.348720 0.337749
0.890920 0.301299 0.329102
0.845096 0.252968 0.344434
0.791289 0.216763 0.319493
0.717840 0.202914 0.288295
0.649464 0.205594 0.246526
0.567288 0.226098 0.248612
0.544015 0.283380 0.266992
0.523651 0.324419 0.243656
0.498912 0.380569 0.252516
0.441451 0.426825 0.243941
0.389832 0.465599 0.251108
0.320735 0.488655 0.266439
0.266905 0.525546 0.297084
0.234183 0.566441 0.296371
0.212004 0.582142 0.230570
0.135646 0.565436 0.205149
0.080373 0.577914 0.245331
0.137461 0.643222 0.232728
0.138183 0.657694 0.166784
0.059637 0.678389 0.152647
0.059288 0.728986 0.163058
0.023634 0.753175 0.108934
-0.059637 0.763642 0.101928
-0.138718 0.757164 0.108239
-0.197621 0.725747 0.142040
-0.242538 0.711546 0.184897
-0.245820 0.671400 0.234813
-0.242003 0.652444 0.287743
-0.225642 0.595609 0.309189
-0.180167 0.565436 0.336073
-0.167460 0.505601 0.333007
-0.118913 0.462104 0.305018
-0.077440 0.424958 0.281753
-0.041088 0.390669 0.274372
0.006179 0.362123 0.278972
0.056379 0.360815 0.236150
0.115631 0.391419 0.207377
0.187638 0.377952 0.232585
0.215286 0.337695 0.190316
0.243283 0.370229 0.141077
0.317104 0.375335 0.155749
0.342542 0.347923 0.094280
0.348360 0.377330 0.037821
0.402911 0.415608 0.046770
0.473475 0.375463 0.053509
0.464724 0.330594 0.007443
0.485833 0.365745 -0.036074
0.565821 0.369734 -0.006266
0.600731 0.312947 -0.001881
0.563634 0.268972 -0.042474
0.542549 0.251133 -0.098327
0.463281 0.245612 -0.100413
0.461838 0.282183 -0.136210
0.422554 0.246617 -0.182454
0.341099 0.250048 -0.190245
0.340377 0.281098 -0.223404
0.297462 0.282407 -0.272982
0.279286 0.263531 -0.316998
0.323644 0.248979 -0.353490
0.385457 0.258696 -0.381622
0.432003 0.277109 -0.414763
0.464003 0.313441 -0.445961
0.474918 0.366304 -0.472417
0.485833 0.415608 -0.499158
0.461838 0.472204 -0.518108
0.460372 0.528051 -0.493043
0.487997 0.573414 -0.464073
0.477827 0.611310 -0.410859
0.493815 0.595354 -0.346234
0.533100 0.576414 -0.300846
0.522906 0.526551 -0.262945
0.499634 0.471455 -0.267134
0.456742 0.429315 -0.287190
0.379639 0.404630 -0.306408
0.295996 0.400019 -0.324788
0.242561 0.417092 -0.351814
0.220359 0.420969 -0.404744
0.217473 0.440659 -0.454037
0.253453 0.483039 -0.486910
0.317826 0.478683 -0.530926
0.365815 0.479672 -0.570467
0.447270 0.470960 -0.574371
0.518554 0.435553 -0.567133
0.568009 0.390541 -0.564905
0.602918 0.340631 -0.546525
0.582555 0.272498 -0.539269
0.592725 0.235783 -0.574371
0.588373 0.190723 -0.600560
0.571640 0.139424 -0.611149
0.551997 0.089003 -0.601112
0.523651 0.043752 -0.573819
0.482924 0.008600 -0.539840
0.439287 -0.020200 -0.501957
0.366559 -0.030668 -0.462950
0.304747 -0.058591 -0.449312
0.236743 -0.073797 -0.429257
0.157825 -0.076047 -0.415048
0.087634 -0.074292 -0.402230
0.036736 -0.051602 -0.398896
-0.029079 -0.034162 -0.428419
-0.126546 0.010212 -0.437332
-0.178910 0.053852 -0.458226
-0.209444 0.099598 -0.486358
-0.214006 0.153705 -0.510870
-0.198552 0.195303 -0.550429
-0.169275 0.245804 -0.577170
-0.116725 0.270248 -0.614483
-0.055983 0.306660 -0.641777
0.020375 0.314941 -0.672975
0.098921 0.313330 -0.701391
0.179283 0.291071 -0.727027
0.241468 0.263706 -0.763235
0.319269 0.248819 -0.774929
0.370190 0.203185 -0.788300
0.397838 0.152636 -0.792757
0.388366 0.095242 -0.814488
0.360741 0.051235 -0.833992
0.290178 0.018445 -0.846239
0.249823 -0.002872 -0.888026
0.182913 -0.025434 -0.914215
0.110185 -0.037656 -0.933147
0.027287 -0.035646 -0.940385
-0.047279 -0.027668 -0.947088
-0.128897 -0.004611 -0.954879
-0.201438 0.017456 -0.961012
-0.255641 0.059452 -0.969925
-0.287455 0.103587 -0.985524
-0.317896 0.155699 -0.991086
-0.330533 0.211035 -0.993867
-0.340912 0.264903 -1.000000
-0.335443 0.322983 -0.981620
-0.305724 0.372974 -0.975487
-0.269279 0.422709 -0.950975
-0.201275 0.455993 -0.928138
-0.121822 0.470960 -0.910310
-0.043276 0.467083 -0.886903
0.028730 0.442654 -0.874103
0.081094 0.400641 -0.862408
0.107649 0.347476 -0.857951
0.116004 0.293385 -0.854047
0.096734 0.236198 -0.846239
0.059637 0.183623 -0.840677
0.003642 0.139233 -0.840124
-0.064733 0.104959 -0.842335
-0.128897 0.076669 -0.852372
-0.203277 0.046624 -0.845686
-0.274724 0.018573 -0.854047
-0.333907 -0.025179 -0.846792
-0.386364 -0.070063 -0.838448
-0.404866 -0.119415 -0.836773
-0.383083 -0.165800 -0.845686
-0.328275 -0.208674 -0.854047
-0.276726 -0.248325 -0.861285
-0.208536 -0.275992 -0.871875
-0.137624 -0.297932 -0.881894
-0.053446 -0.305910 -0.885798
0.020725 -0.320366 -0.891360
0.107276 -0.314383 -0.886903
0.180004 -0.322856 -0.876884
0.256735 -0.313888 -0.851248
0.317826 -0.309899 -0.804469
0.360741 -0.312899 -0.752093
0.382548 -0.333833 -0.690249
0.397093 -0.340311 -0.632863
0.375287 -0.355278 -0.570467
0.373820 -0.382691 -0.524793
0.358553 -0.397163 -0.464073
0.359275 -0.412114 -0.408915
0.368002 -0.408635 -0.346234
0.379639 -0.390669 -0.294428
0.394906 -0.361756 -0.249574
0.423275 -0.338317 -0.201957
0.407287 -0.287465 -0.173255
0.369468 -0.250064 -0.137191
0.294553 -0.230869 -0.113783
0.217101 -0.236102 -0.096384
0.141837 -0.236852 -0.086917
0.063267 -0.225380 -0.082033
-0.007622 -0.194967 -0.071301
-0.065455 -0.163295 -0.061282
-0.106531 -0.122160 -0.025484
-0.101807 -0.100476 0.046200
-0.030546 -0.156322 0.043169
0.054912 -0.168289 0.040976
0.144722 -0.152827 0.039104
0.195643 -0.177511 0.077273
0.272002 -0.189734 0.064687
0.340377 -0.191473 0.025912
0.405099 -0.184740 -0.005785
0.470542 -0.157327 -0.036216
0.527282 -0.119926 -0.036484
0.567288 -0.079031 -0.006694
0.565821 -0.059085 0.055363
0.556373 -0.080786 0.115067
0.538918 -0.101720 0.167693
0.490185 -0.122415 0.214686
0.473475 -0.143605 0.263373
0.472730 -0.158572 0.311418
0.485833 -0.126149 0.363937
0.490185 -0.098736 0.411144
0.502566 -0.067063 0.449312
0.514924 -0.013339 0.452931
0.482179 0.037896 0.472702
0.478548 0.068180 0.509747
0.463281 0.122543 0.513366
0.402190 0.168161 0.528965
0.318547 0.167906 0.551249
0.298184 0.163805 0.605017
0.225107 0.170028 0.632310
0.217473 0.169470 0.685240
0.153101 0.203999 0.715315
0.103273 0.218359 0.753768
0.066921 0.250734 0.786071
0.060731 0.289667 0.808356
0.087285 0.340503 0.786624
0.122916 0.365554 0.747083
0.170555 0.358198 0.700839
0.212377 0.321052 0.679107
0.198180 0.264472 0.654042
0.183285 0.217290 0.622006
0.129828 0.175389 0.604464
0.075648 0.138307 0.593875
0.004736 0.100970 0.601683
-0.078907 0.094492 0.624235
-0.143256 0.115123 0.652366
-0.195992 0.159130 0.668536
-0.244353 0.194249 0.664631
-0.304816 0.232321 0.692478
-0.302722 0.265254 0.748188
-0.285826 0.302878 0.794985
-0.262716 0.338748 0.839001
-0.226363 0.388547 0.861285
-0.223454 0.429809 0.895835
-0.198715 0.482416 0.915873
-0.178352 0.528290 0.937052
-0.147096 0.582142 0.934271
-0.126895 0.632499 0.941508
-0.091637 0.676634 0.945413
-0.043625 0.715280 0.908635
-0.042903 0.759653 0.871875
-0.083259 0.802049 0.840106
-0.101086 0.844923 0.849590
-0.110907 0.884813 0.810584
-0.149633 0.924703 0.803899
-0.192734 0.956121 0.767691
-0.241817 0.977566 0.730361
-0.293087 0.995006 0.693601
-0.342542 0.987028 0.642062
-0.403261 0.996011 0.602788
-0.407682 0.993011 0.536773
-0.446385 1.000000 0.489691
-0.460488 0.990027 0.425067
-0.513830 0.971072 0.377575
-0.568172 0.968088 0.337606
-0.606642 0.951621 0.281485
-0.652373 0.929697 0.233637
-0.688190 0.884813 0.200282
-0.746372 0.848912 0.187606
-0.787635 0.798554 0.177338
-0.801459 0.745197 0.205291
-0.811280 0.729991 0.264353
-0.831086 0.697584 0.297637
-0.794733 0.684117 0.344844
-0.733991 0.660183 0.377718
-0.671643 0.634255 0.399717
-0.610366 0.613815 0.420058
-0.544364 0.574419 0.434266
-0.527654 0.516578 0.435371
-0.539826 0.465088 0.423409
-0.575596 0.428565 0.384545
-0.559096 0.384941 0.350834
-0.556233 0.339625 0.331759
-0.591910 0.303788 0.291790
-0.567264 0.266690 0.251108
-0.552533 0.217194 0.243798
-0.527747 0.171033 0.224794
-0.473242 0.125463 0.215595
-0.513039 0.087136 0.242550
-0.500122 0.033157 0.216647
-0.477431 -0.009223 0.188516
-0.418458 -0.044374 0.163379
-0.406077 -0.083275 0.146140
-0.370911 -0.093503 0.087666
-0.306259 -0.107209 0.050318
-0.265997 -0.111693 0.006676
-0.250730 -0.093997 -0.049854
-0.220545 -0.079286 -0.093317
-0.206535 -0.037401 -0.137333
-0.203440 -0.005489 -0.177160
-0.254896 0.036268 -0.198338
-0.299999 0.079653 -0.210586
-0.348639 0.124218 -0.204453
-0.374728 0.175708 -0.183007
-0.392462 0.224422 -0.171865
-0.393090 0.274716 -0.145819
-0.394719 0.324228 -0.153057
-0.375636 0.379324 -0.147905
-0.344078 0.434931 -0.148047
-0.292901 0.469827 -0.176750
-0.279263 0.504611 -0.220890
-0.225642 0.525051 -0.265191
-0.149074 0.519817 -0.304180
-0.091986 0.508840 -0.344291
-0.017094 0.479305 -0.361566
0.034176 0.444281 -0.390535
0.093103 0.401264 -0.405297
0.121100 0.344987 -0.418114
0.111652 0.286396 -0.439828
0.075648 0.237825 -0.460169
0.005085 0.206424 -0.488033
-0.070179 0.211386 -0.509747
-0.146351 0.232049 -0.519784
-0.224176 0.258872 -0.514774
-0.265090 0.309580 -0.486358
-0.289642 0.358326 -0.488586
-0.308261 0.404758 -0.451808
-0.293994 0.456615 -0.451541
-0.305189 0.505601 -0.414763
-0.284895 0.550230 -0.386917
-0.283987 0.591365 -0.339834
-0.302908 0.603842 -0.283839
-0.336095 0.602598 -0.233708
-0.382548 0.572169 -0.190530
-0.416898 0.534529 -0.165607
-0.502426 0.539507 -0.172417
-0.568777 0.556469 -0.178265
-0.637083 0.539013 -0.208072
-0.697453 0.526056 -0.239841
-0.728731 0.500622 -0.291647
-0.769645 0.451015 -0.308084
-0.816540 0.415353 -0.315322
-0.850193 0.377713 -0.328692
-0.855638 0.330084 -0.356539
-0.824546 0.275705 -0.356539
-0.815097 0.228028 -0.345414
-0.774183 0.186112 -0.322007
-0.722192 0.176506 -0.270753
-0.695451 0.165784 -0.222833
-0.632452 0.178261 -0.191921
-0.598729 0.160375 -0.147905
-0.642901 0.197855 -0.119363
-0.714000 0.171400 -0.121734
-0.682372 0.125223 -0.103336
-0.654189 0.148647 -0.054186
-0.721633 0.167842 -0.036484
-0.758916 0.121968 -0.042206
-0.702177 0.094492 -0.012738
-0.708368 0.127457 0.033364
-0.783632 0.123277 0.039354
-0.779094 0.068803 0.039069
-0.725822 0.068691 0.082282
-0.773276 0.097348 0.116582
-0.832366 0.064447 0.110592
-0.780723 0.021684 0.123303
-0.756915 0.046991 0.173879
-0.829806 0.056963 0.186002
-0.861829 0.005856 0.171419
-0.804368 -0.013834 0.216915
-0.854731 0.008473 0.257525
-0.889082 -0.025434 0.287048
-0.841814 -0.001995 0.334397
-0.894900 0.034274 0.366290
-0.946542 0.031785 0.394992
-0.931648 0.017951 0.441789
-0.871999 -0.024189 0.449580
-0.801459 -0.025434 0.485234
-0.772182 -0.034657 0.527860
-0.722727 -0.047613 0.543744
-0.645810 -0.059835 0.519213
-0.584812 -0.031657 0.560733
-0.587093 -0.009223 0.605302
-0.599544 -0.020440 0.651814
-0.634267 -0.002744 0.686916
-0.576643 0.028418 0.690820
-0.590351 0.059963 0.644005
-0.662823 0.067063 0.655985
-0.649441 0.079908 0.711428
-0.598636 0.117357 0.695277
-0.642994 0.142424 0.658214
-0.697825 0.144913 0.698610
-0.652001 0.163119 0.738722
-0.627541 0.203600 0.704190
-0.690913 0.217003 0.688021
-0.698919 0.212854 0.730931
-0.660170 0.248500 0.764340
-0.677461 0.286029 0.729256
-0.750538 0.286236 0.744855
-0.734177 0.293321 0.801670
-0.690355 0.335445 0.790528
-0.748001 0.359443 0.763787
-0.796362 0.351337 0.807803
-0.747280 0.373468 0.847362
-0.741276 0.416598 0.812260
-0.817261 0.420459 0.808356
-0.828176 0.412608 0.867418
-0.778000 0.453743 0.880218
-0.827990 0.484411 0.847915
-0.900718 0.460860 0.867970
-0.885823 0.452882 0.934823
-0.851100 0.484906 0.980515
-0.901090 0.516578 1.000000
-0.976727 0.511345 0.999447
-0.991994 0.552719 0.953774
-0.965463 0.564191 0.893036
-0.985082 0.544741 0.844010
-0.998185 0.581647 0.791081
-1.000000 0.613559 0.742626
-0.941818 0.645472 0.711428
-0.895994 0.646716 0.657661
-0.881820 0.644977 0.599169
-0.885102 0.599343 0.555439
-0.911633 0.561957 0.525631
-0.944727 0.527046 0.500281
-0.944005 0.514089 0.437332
-0.929809 0.494511 0.383298
-0.901090 0.468710 0.333434
-0.888732 0.451382 0.284266
-0.821101 0.447026 0.241374
-0.793267 0.417475 0.203348
-0.760732 0.399780 0.166962
