-0.832843 -0.977841 -0.149416
-0.855392 -0.992547 -0.190640
-0.846681 -0.999218 -0.252264
-0.841169 -0.996528 -0.307889
-0.843625 -0.974788 -0.360075
-0.844525 -0.975078 -0.418586
-0.861505 -0.951902 -0.465389
-0.863333 -0.927562 -0.523040
-0.864004 -0.888607 -0.564929
-0.864546 -0.861577 -0.621445
-0.848195 -0.817605 -0.660837
-0.850123 -0.789830 -0.707298
-0.825060 -0.737532 -0.735500
-0.792900 -0.716101 -0.782416
-0.763724 -0.686235 -0.816520
-0.737904 -0.663204 -0.855344
-0.702973 -0.619050 -0.881453
-0.661045 -0.577605 -0.896357
-0.623329 -0.547085 -0.924056
-0.582158 -0.503040 -0.928337
-0.540657 -0.481554 -0.950084
-0.497872 -0.440145 -0.949176
-0.453473 -0.422077 -0.967485
-0.407889 -0.392556 -0.954836
-0.368731 -0.381013 -0.984724
-0.318876 -0.377196 -0.972480
-0.274692 -0.391411 -1.000000
-0.225665 -0.411552 -0.987967
-0.186008 -0.452361 -0.991421
-0.152005 -0.489480 -0.956846
-0.115560 -0.524653 -0.959555
-0.094839 -0.571061 -0.921266
-0.091697 -0.634592 -0.896470
-0.096638 -0.676255 -0.856479
-0.092197 -0.730825 -0.832932
-0.109734 -0.776196 -0.789843
-0.116260 -0.801027 -0.740414
-0.132612 -0.842454 -0.694957
-0.123815 -0.862577 -0.646533
-0.127399 -0.887825 -0.594639
-0.104264 -0.905422 -0.548582
-0.093182 -0.925544 -0.490947
-0.068791 -0.927180 -0.444323
-0.046998 -0.959173 -0.404007
-0.022849 -0.968843 -0.348610
0.009525 -0.982059 -0.310954
0.033217 -0.993311 -0.255459
0.065777 -0.997019 -0.213619
0.109762 -1.000000 -0.186083
0.142266 -0.994274 -0.136004
0.177925 -0.981713 -0.099824
0.219967 -0.960427 -0.079731
0.259225 -0.956683 -0.058049
0.304610 -0.931361 -0.043600
0.347866 -0.915746 -0.018528
0.396578 -0.910148 -0.017928
0.444091 -0.908384 -0.032945
0.495059 -0.885753 -0.025469
0.542143 -0.862595 -0.014636
0.580101 -0.821168 -0.012366
0.620730 -0.792938 0.020620
0.640352 -0.741659 0.043697
0.664444 -0.711193 0.092575
0.670127 -0.665458 0.127280
0.677239 -0.634429 0.182272
0.668028 -0.595892 0.222003
0.668142 -0.576333 0.277433
0.645222 -0.541104 0.323133
0.642380 -0.520745 0.373649
0.622658 -0.481572 0.416413
0.604050 -0.469302 0.469411
0.579458 -0.434692 0.512694
0.564749 -0.422731 0.563064
0.533060 -0.381195 0.594201
0.503670 -0.377305 0.641895
0.472367 -0.345222 0.677427
0.440021 -0.306412 0.702563
0.402619 -0.260568 0.704898
0.373372 -0.221868 0.732500
0.355592 -0.166898 0.724537
0.334671 -0.109966 0.722283
0.339198 -0.059741 0.695314
0.337984 -0.002081 0.672335
0.350023 0.052343 0.649160
0.356206 0.100677 0.611569
0.363090 0.148648 0.585460
0.377071 0.200782 0.576508
0.380213 0.260059 0.594995
0.383897 0.319464 0.592433
0.375371 0.387576 0.585914
0.351037 0.439582 0.582297
0.317534 0.483408 0.608423
0.291843 0.522727 0.632878
0.245773 0.558500 0.629327
0.224923 0.590984 0.659685
0.181281 0.630030 0.665669
0.141894 0.661241 0.675270
0.098481 0.690852 0.673956
0.066677 0.734151 0.666172
0.034888 0.771525 0.645495
0.012153 0.819532 0.616142
-0.003227 0.863849 0.581276
-0.008811 0.903985 0.538738
-0.016466 0.932670 0.488871
-0.008883 0.957537 0.440009
-0.020479 0.984076 0.384174
-0.040300 0.979641 0.327820
-0.059151 0.997782 0.279882
-0.100765 1.000000 0.239534
-0.148121 0.979750 0.227712
-0.186736 0.981095 0.197889
-0.237176 0.956156 0.196364
-0.277119 0.939487 0.234880
-0.329301 0.928453 0.243685
-0.364875 0.891134 0.271109
-0.392751 0.885553 0.321122
-0.428667 0.840927 0.342285
-0.437436 0.826530 0.401396
-0.451188 0.812188 0.451150
-0.470696 0.766544 0.490152
-0.491046 0.741532 0.540328
-0.493902 0.677819 0.562350
-0.493317 0.654824 0.616678
-0.501971 0.601109 0.649047
-0.508597 0.553429 0.682503
-0.505641 0.492061 0.711482
-0.479336 0.432656 0.723921
-0.464255 0.372706 0.738987
-0.461056 0.302922 0.734365
-0.454173 0.246026 0.720905
-0.439135 0.189948 0.701525
-0.420027 0.144722 0.660091
-0.392708 0.096333 0.632797
-0.380841 0.074447 0.576719
-0.344453 0.031020 0.550626
-0.309408 0.017914 0.518613
-0.270964 0.021241 0.476935
-0.225451 0.055778 0.485109
-0.185851 0.082954 0.496444
-0.157960 0.099059 0.547204
-0.141452 0.136578 0.585881
-0.141237 0.157355 0.644279
-0.131569 0.189003 0.699222
-0.150763 0.218232 0.750484
-0.155447 0.232738 0.809028
-0.150377 0.221086 0.870604
-0.138795 0.201927 0.921591
-0.105592 0.164008 0.955484
-0.074032 0.131652 0.991178
-0.035645 0.089280 1.000000
-0.003570 0.042799 0.993529
0.031304 0.007644 0.959263
0.060008 -0.028075 0.931110
0.069976 -0.040200 0.872145
0.077788 -0.051361 0.821450
0.057580 -0.020204 0.771923
0.045599 0.014606 0.726305
-0.001699 0.034692 0.707785
-0.022335 0.090498 0.688697
-0.051768 0.133488 0.677800
-0.063907 0.191820 0.650863
-0.084157 0.245190 0.630300
-0.112276 0.274656 0.585606
-0.133497 0.301650 0.547739
-0.151005 0.328807 0.502072
-0.142551 0.376142 0.467854
-0.131883 0.397173 0.421700
-0.097281 0.376923 0.378125
-0.058437 0.366526 0.348302
-0.025163 0.314192 0.336139
-0.001300 0.265676 0.331225
0.010439 0.201781 0.330398
0.035902 0.154120 0.334258
0.032232 0.099077 0.350361
0.005155 0.039746 0.348658
0.019879 0.004099 0.303835
0.049754 -0.048398 0.305699
0.016566 -0.098241 0.288834
-0.014238 -0.091152 0.243507
0.017765 -0.081136 0.200191
0.047141 -0.117164 0.180942
0.027962 -0.117837 0.132664
0.030104 -0.062359 0.121668
0.073361 -0.063377 0.132355
0.083557 -0.099386 0.096191
0.069319 -0.070248 0.057287
0.091597 -0.021804 0.069044
0.132226 -0.047035 0.071233
0.131655 -0.071375 0.026053
0.124757 -0.023222 0.001273
0.158960 0.006753 0.022177
0.189664 -0.033056 0.008749
0.180224 -0.030202 -0.039983
0.189921 0.024222 -0.042367
0.231078 0.022222 -0.022842
0.245359 -0.016714 -0.057287
0.234862 0.013297 -0.098073
0.256412 0.061141 -0.082796
0.296056 0.032402 -0.076893
0.296184 0.014042 -0.124490
0.294313 0.067048 -0.142313
0.330787 0.082718 -0.118247
0.356164 0.042200 -0.140253
0.347052 0.058105 -0.187137
0.360077 0.112038 -0.177650
0.401648 0.097005 -0.160524
0.411773 0.068684 -0.203954
0.401262 0.110820 -0.236015
0.430238 0.144249 -0.207440
0.468968 0.110857 -0.213003
0.466369 0.110584 -0.261022
0.453773 0.167462 -0.259627
0.499286 0.179241 -0.236891
0.526405 0.152902 -0.269373
0.504798 0.176587 -0.309689
0.508654 0.230411 -0.290796
0.553353 0.228521 -0.287472
0.560094 0.215142 -0.334842
0.538116 0.259859 -0.349891
0.564335 0.298596 -0.326619
0.602279 0.284708 -0.349015
0.585885 0.286326 -0.397796
0.563307 0.339532 -0.394131
0.597324 0.374815 -0.392801
0.599223 0.362818 -0.446172
0.552511 0.358600 -0.465146
0.529890 0.407771 -0.445053
0.535188 0.446798 -0.479125
0.515195 0.480536 -0.509677
0.522578 0.511493 -0.550171
0.530090 0.558737 -0.524467
0.565777 0.537560 -0.499299
0.590640 0.523345 -0.538657
0.592740 0.577932 -0.555912
0.608320 0.605053 -0.514526
0.646750 0.573206 -0.508867
0.668299 0.577896 -0.554145
0.680410 0.637301 -0.547252
0.715612 0.634647 -0.502591
0.758254 0.600364 -0.518500
0.776534 0.620341 -0.571481
0.800811 0.677055 -0.556350
0.852922 0.680454 -0.548225
0.875543 0.704395 -0.599633
0.879898 0.746003 -0.639106
0.879941 0.783231 -0.677281
0.856192 0.812025 -0.726791
0.833714 0.843490 -0.764966
0.797555 0.859468 -0.800676
0.754713 0.864649 -0.836078
0.708857 0.858759 -0.861766
0.665972 0.834001 -0.878080
0.611847 0.822186 -0.886270
0.558337 0.828784 -0.872988
0.514295 0.809698 -0.856593
0.466412 0.810770 -0.826056
0.426140 0.840763 -0.796541
0.374514 0.834347 -0.774161
0.328016 0.840127 -0.748247
0.277462 0.839673 -0.726937
0.227122 0.832111 -0.711855
0.178439 0.826349 -0.717223
0.124414 0.814061 -0.708401
0.077788 0.799973 -0.719056
0.032703 0.759746 -0.723159
-0.020607 0.766871 -0.731640
-0.055952 0.752765 -0.777097
-0.107078 0.736060 -0.799736
-0.150734 0.716374 -0.824694
-0.185765 0.678873 -0.850819
-0.203659 0.634247 -0.885199
-0.222167 0.571170 -0.903995
-0.218796 0.509421 -0.920780
-0.200860 0.451725 -0.938359
-0.169827 0.401881 -0.942381
-0.131712 0.367871 -0.934840
-0.091983 0.350529 -0.895076
-0.063578 0.333588 -0.857468
-0.040743 0.333388 -0.815012
-0.012510 0.363672 -0.776756
0.015409 0.373706 -0.739327
0.017080 0.398809 -0.687400
0.034345 0.414115 -0.641457
0.039187 0.432856 -0.594363
0.050169 0.470829 -0.555766
0.062736 0.485953 -0.508477
0.065835 0.522290 -0.470773
0.089169 0.548648 -0.435906
0.096838 0.549266 -0.384790
0.113133 0.558937 -0.340680
0.125857 0.553483 -0.294023
0.117631 0.548739 -0.241204
0.129698 0.555047 -0.192732
0.122687 0.506930 -0.153843
0.157360 0.485244 -0.125106
0.190406 0.491516 -0.093905
0.218054 0.468703 -0.060709
0.252913 0.468612 -0.031502
0.296213 0.463231 -0.022371
0.331686 0.438128 -0.004971
0.371544 0.448416 0.017555
0.416957 0.450434 0.020393
0.454373 0.444890 0.051562
0.499172 0.463976 0.039918
0.538430 0.484554 0.026491
0.583486 0.505112 -0.002457
0.603779 0.529925 -0.045740
0.612476 0.582768 -0.084775
0.609134 0.622195 -0.124571
0.601051 0.661368 -0.167773
0.580972 0.707285 -0.207570
0.536873 0.733206 -0.234815
0.506027 0.748730 -0.274709
0.459671 0.765544 -0.304289
0.422098 0.779923 -0.338588
0.384025 0.769725 -0.376081
0.354664 0.748312 -0.417062
0.315149 0.737078 -0.443382
0.294785 0.708285 -0.494774
0.280704 0.686362 -0.546896
0.281418 0.662513 -0.597104
0.278547 0.649462 -0.651366
0.271121 0.615433 -0.705125
0.279119 0.597328 -0.757085
0.290372 0.553829 -0.801990
0.275620 0.523272 -0.850365
0.284745 0.481118 -0.892546
0.291829 0.442672 -0.931807
0.317905 0.388121 -0.955046
0.339541 0.336005 -0.968198
0.367117 0.284308 -0.960301
0.402933 0.246698 -0.942640
0.430110 0.228157 -0.898335
0.435451 0.225067 -0.844462
0.437893 0.188221 -0.793557
0.442705 0.165590 -0.746349
0.423983 0.173388 -0.687497
0.378742 0.152265 -0.664923
0.364132 0.098732 -0.650198
0.364289 0.094297 -0.597217
0.326131 0.121200 -0.579346
0.297826 0.086917 -0.600590
0.311922 0.042000 -0.576994
0.305367 0.064031 -0.530419
0.260682 0.071229 -0.538349
0.249586 0.018841 -0.553301
0.263638 -0.005917 -0.511218
0.234520 0.023313 -0.482190
0.197504 0.010498 -0.506256
0.203387 -0.046053 -0.501293
0.204873 -0.047762 -0.451183
0.165115 -0.022986 -0.445572
0.140466 -0.057996 -0.473530
0.150848 -0.102749 -0.443269
0.131455 -0.081500 -0.402272
0.091397 -0.071811 -0.421603
0.081458 -0.124962 -0.434528
0.079658 -0.143322 -0.385244
0.043999 -0.109366 -0.368670
0.010068 -0.127544 -0.407721
-0.011582 -0.179423 -0.397569
-0.038115 -0.219832 -0.383282
-0.034317 -0.259786 -0.346826
-0.042885 -0.307539 -0.375854
-0.005170 -0.313647 -0.404705
0.034317 -0.327989 -0.431495
0.065506 -0.333461 -0.466183
0.037758 -0.364635 -0.495585
0.009640 -0.324517 -0.507699
0.043342 -0.291543 -0.527727
0.047941 -0.327953 -0.569178
0.014938 -0.315937 -0.599196
0.009325 -0.284472 -0.641555
-0.020864 -0.246953 -0.618867
0.004527 -0.220032 -0.580951
0.036202 -0.190039 -0.606315
0.006298 -0.146358 -0.617197
-0.009240 -0.129489 -0.571237
0.030018 -0.117092 -0.547366
0.040158 -0.065158 -0.565610
0.015538 -0.025458 -0.538268
0.028776 -0.028094 -0.487103
0.068848 0.003427 -0.477746
0.052025 0.047598 -0.440771
0.057652 0.031693 -0.392396
0.069505 0.039146 -0.342658
0.070319 0.008116 -0.297072
0.044128 -0.039546 -0.297526
0.037773 -0.091716 -0.279736
0.019979 -0.141486 -0.268384
-0.000785 -0.181695 -0.246264
-0.018037 -0.234338 -0.229252
-0.036545 -0.291270 -0.230906
-0.056523 -0.339750 -0.220965
-0.068719 -0.390339 -0.243296
-0.096867 -0.405226 -0.200905
-0.135811 -0.377305 -0.206467
-0.185308 -0.392193 -0.201035
-0.221324 -0.410189 -0.179677
-0.199360 -0.437655 -0.142264
-0.191977 -0.382777 -0.117241
-0.240589 -0.371016 -0.102240
-0.272478 -0.352220 -0.067893
-0.313578 -0.325153 -0.079472
-0.317220 -0.318591 -0.135988
-0.349123 -0.338714 -0.165860
-0.364061 -0.291143 -0.185661
-0.326260 -0.273674 -0.206111
-0.321904 -0.318791 -0.236534
-0.357706 -0.308266 -0.264946
-0.347709 -0.257005 -0.279898
-0.308651 -0.273729 -0.301726
-0.328088 -0.305812 -0.336204
-0.351794 -0.264785 -0.357286
-0.316977 -0.230102 -0.369724
-0.281618 -0.271711 -0.386477
-0.300954 -0.321282 -0.405807
-0.333243 -0.308648 -0.438809
-0.308523 -0.283508 -0.474146
-0.280918 -0.331970 -0.479903
-0.317705 -0.371216 -0.491677
-0.357263 -0.333988 -0.510780
-0.368659 -0.300923 -0.548939
-0.410131 -0.319736 -0.556950
-0.427696 -0.285308 -0.522311
-0.415857 -0.236319 -0.543798
-0.436350 -0.246989 -0.587649
-0.478108 -0.255060 -0.573767
-0.478507 -0.201745 -0.546263
-0.448104 -0.160936 -0.540263
-0.416086 -0.158809 -0.502866
-0.383169 -0.143067 -0.473303
-0.351122 -0.145667 -0.439474
-0.324689 -0.126289 -0.403472
-0.288530 -0.089989 -0.385666
-0.298997 -0.091297 -0.326198
-0.285574 -0.085517 -0.269454
-0.288558 -0.077628 -0.213279
-0.269779 -0.080064 -0.164822
-0.288016 -0.076828 -0.109570
-0.268094 -0.073592 -0.056070
-0.232606 -0.090407 -0.029718
-0.197190 -0.120073 -0.017052
-0.197661 -0.179168 -0.024885
-0.224994 -0.202690 -0.063871
-0.204716 -0.205744 -0.114630
-0.198203 -0.175987 -0.155384
-0.159574 -0.202490 -0.167838
-0.176311 -0.255569 -0.171471
-0.202545 -0.247880 -0.210084
-0.170599 -0.234138 -0.242421
-0.148720 -0.283581 -0.239615
-0.181366 -0.316537 -0.253594
-0.189364 -0.294688 -0.297510
-0.148678 -0.305721 -0.315430
-0.149549 -0.362090 -0.309365
-0.187207 -0.370979 -0.336836
-0.171870 -0.345894 -0.379260
-0.137210 -0.389411 -0.381968
-0.163872 -0.439546 -0.392266
-0.154790 -0.439764 -0.452383
-0.152019 -0.413388 -0.497693
-0.153576 -0.362218 -0.469832
-0.131983 -0.312574 -0.453567
-0.128856 -0.264985 -0.421960
-0.117017 -0.211506 -0.403602
-0.097452 -0.183476 -0.360156
-0.098680 -0.131270 -0.326263
-0.078287 -0.097569 -0.286888
-0.089741 -0.046271 -0.251745
-0.093939 0.007262 -0.230469
-0.097395 0.062231 -0.226301
-0.052425 0.070357 -0.225976
-0.038915 0.056433 -0.272892
-0.059008 0.108403 -0.291769
-0.029076 0.148194 -0.268271
-0.003913 0.203508 -0.279168
0.017623 0.254024 -0.289109
-0.004184 0.259441 -0.338717
-0.032817 0.274238 -0.372903
-0.044642 0.222195 -0.397358
-0.032118 0.172988 -0.376698
-0.072104 0.154828 -0.363675
-0.086228 0.150811 -0.411613
-0.054653 0.116510 -0.428527
-0.067148 0.073592 -0.399126
-0.107163 0.067794 -0.419478
-0.095139 0.058487 -0.465973
-0.069819 0.013097 -0.455691
-0.102265 -0.019459 -0.437106
-0.127999 -0.019641 -0.478622
-0.097452 -0.038546 -0.510213
-0.090683 -0.086571 -0.485303
-0.131412 -0.106367 -0.488287
-0.134154 -0.106203 -0.539403
-0.101551 -0.146648 -0.544301
-0.122001 -0.186621 -0.505980
-0.157118 -0.218432 -0.517429
-0.169699 -0.217723 -0.467221
-0.175868 -0.177696 -0.419462
-0.161259 -0.150102 -0.370389
-0.165272 -0.108657 -0.330203
-0.147749 -0.086008 -0.281163
-0.156903 -0.050798 -0.237020
-0.143365 -0.027657 -0.191937
-0.159831 0.023004 -0.182645
-0.186893 0.059486 -0.207003
-0.181509 0.104313 -0.175201
-0.143579 0.120673 -0.199137
-0.166186 0.131925 -0.245388
-0.213841 0.147448 -0.226203
-0.234734 0.191457 -0.204846
-0.258054 0.237228 -0.202948
-0.267694 0.289671 -0.215727
-0.247487 0.348330 -0.202413
-0.226651 0.398046 -0.190477
-0.192063 0.368616 -0.161514
-0.168242 0.338605 -0.199137
-0.146321 0.326589 -0.239923
-0.144622 0.317610 -0.289434
-0.131855 0.264731 -0.287666
-0.171641 0.243427 -0.281455
-0.192334 0.262749 -0.321754
-0.165129 0.233738 -0.353994
-0.172984 0.182095 -0.336625
-0.216012 0.180677 -0.344085
-0.214384 0.191566 -0.393255
-0.191763 0.144613 -0.403553
-0.221039 0.107730 -0.385341
-0.253013 0.120527 -0.416559
-0.231821 0.110729 -0.459907
-0.224009 0.055869 -0.448685
-0.265980 0.039436 -0.443398
-0.281161 0.056414 -0.487590
-0.252571 0.025858 -0.516813
-0.273263 -0.027985 -0.515078
-0.301611 -0.040763 -0.550350
-0.269279 -0.058705 -0.584535
-0.248201 -0.101095 -0.544041
-0.263810 -0.148012 -0.516262
-0.224352 -0.163299 -0.480065
-0.231306 -0.127689 -0.433490
-0.225066 -0.119037 -0.378952
-0.232263 -0.088734 -0.330560
-0.216340 -0.082136 -0.278601
-0.223866 -0.060795 -0.228474
-0.210456 -0.038691 -0.176952
-0.227579 -0.023040 -0.123031
-0.244231 0.005626 -0.078920
-0.272864 0.048071 -0.110819
-0.311793 0.074774 -0.131609
-0.295627 0.131961 -0.123323
-0.258868 0.134997 -0.156616
-0.280204 0.131852 -0.203921
-0.304781 0.142849 -0.243102
-0.342511 0.137014 -0.268222
-0.324175 0.121363 -0.312219
-0.318034 0.066085 -0.298645
-0.363118 0.051034 -0.289758
-0.376928 0.036819 -0.338377
-0.385739 0.011988 -0.380314
-0.340897 0.002827 -0.401753
-0.312064 -0.009589 -0.354967
-0.340897 -0.032547 -0.316970
-0.373815 -0.072974 -0.308910
-0.353079 -0.088007 -0.257129
-0.353465 -0.099441 -0.203548
-0.331129 -0.122490 -0.158157
-0.332329 -0.144176 -0.109814
-0.308251 -0.154356 -0.064406
-0.311665 -0.177314 -0.018155
-0.310979 -0.216687 0.016906
-0.318134 -0.269802 0.037324
-0.336942 -0.316192 0.056362
-0.332843 -0.369543 0.069109
-0.325131 -0.387067 0.022323
-0.288401 -0.355019 0.016890
-0.264923 -0.374778 0.055324
-0.262339 -0.426821 0.037956
-0.241531 -0.413661 -0.004760
-0.206186 -0.388939 0.015560
-0.193762 -0.434783 0.040551
-0.188407 -0.468212 0.001046
-0.156432 -0.437146 -0.020020
-0.126614 -0.436019 0.019355
-0.128913 -0.498132 0.027399
-0.116074 -0.532470 -0.009446
-0.070390 -0.533688 0.008522
-0.071975 -0.562827 0.053995
-0.048041 -0.594020 0.097456
-0.093354 -0.591947 0.105046
-0.138224 -0.579386 0.112457
-0.180909 -0.567044 0.125593
-0.226737 -0.565462 0.134561
-0.269836 -0.549611 0.129761
-0.270279 -0.528089 0.177293
-0.240203 -0.487680 0.171374
-0.262553 -0.463776 0.132907
-0.296541 -0.447816 0.163881
-0.275006 -0.418405 0.198586
-0.256983 -0.382904 0.164935
-0.295813 -0.363163 0.146821
-0.306995 -0.340204 0.190980
-0.270250 -0.307267 0.200175
-0.270522 -0.274583 0.155140
-0.288258 -0.224413 0.151556
-0.265637 -0.195001 0.113609
-0.238118 -0.219432 0.080315
-0.211199 -0.230175 0.039172
-0.177496 -0.254151 0.015609
-0.147664 -0.228575 0.046519
-0.160631 -0.253679 0.089526
-0.153490 -0.306249 0.074704
-0.110748 -0.298105 0.068493
-0.101594 -0.282418 0.115473
-0.114375 -0.330116 0.137675
-0.083928 -0.361872 0.116009
-0.048298 -0.332097 0.134691
-0.056552 -0.335606 0.184428
-0.055852 -0.390484 0.188337
-0.012824 -0.393265 0.173887
0.003642 -0.359400 0.210311
-0.010539 -0.390866 0.249118
0.011982 -0.436546 0.236469
0.051297 -0.410970 0.239145
0.049826 -0.393829 0.286353
0.044428 -0.447744 0.304872
0.081758 -0.474338 0.283725
0.112561 -0.421022 0.277936
0.135968 -0.382159 0.302537
0.174140 -0.382740 0.276395
0.165643 -0.344513 0.241869
0.172655 -0.299341 0.275941
0.219939 -0.314192 0.281439
0.233848 -0.318555 0.228928
0.255527 -0.312174 0.183926
0.247772 -0.370198 0.169363
0.232892 -0.420623 0.155384
0.210042 -0.471175 0.164790
0.187993 -0.521381 0.169347
0.144093 -0.546976 0.161611
0.101522 -0.567953 0.165325
0.061993 -0.570352 0.143059
0.042600 -0.609071 0.173855
0.037102 -0.571297 0.214203
0.001328 -0.538959 0.194272
-0.039572 -0.530707 0.218695
-0.082914 -0.512911 0.229171
-0.119688 -0.480009 0.258735
-0.144650 -0.443472 0.282882
-0.110891 -0.410080 0.298191
-0.102236 -0.387376 0.252864
-0.142580 -0.363781 0.249588
-0.141751 -0.332079 0.290001
-0.106149 -0.302649 0.273979
-0.124057 -0.283617 0.231766
-0.156675 -0.254388 0.254908
-0.129127 -0.219050 0.279963
-0.108591 -0.197182 0.234847
-0.147749 -0.182804 0.204505
-0.169085 -0.145267 0.172574
-0.195347 -0.133161 0.133491
-0.209899 -0.093933 0.101024
-0.245087 -0.077428 0.128480
-0.224837 -0.056324 0.170855
-0.204787 -0.008389 0.151702
-0.250443 0.019623 0.147859
-0.282746 -0.022113 0.174763
-0.308537 -0.056960 0.199267
-0.338084 -0.096842 0.205965
-0.381841 -0.118309 0.209905
-0.366860 -0.177860 0.216344
-0.375471 -0.227994 0.254681
-0.384183 -0.268112 0.287601
-0.386425 -0.293670 0.330041
-0.370045 -0.317264 0.369157
-0.370045 -0.358873 0.401931
-0.389109 -0.326117 0.437641
-0.428667 -0.310429 0.411710
-0.452274 -0.352783 0.394942
-0.480264 -0.359655 0.434009
-0.502042 -0.307812 0.426127
-0.508297 -0.308466 0.368800
-0.529261 -0.349984 0.344783
-0.569590 -0.327825 0.349404
-0.560693 -0.279237 0.325160
-0.545085 -0.300995 0.282396
-0.581758 -0.327789 0.268222
-0.606064 -0.281236 0.265822
-0.581829 -0.257060 0.229885
-0.586813 -0.296269 0.194905
-0.630998 -0.290725 0.190656
-0.627671 -0.235592 0.175574
-0.600765 -0.241263 0.136815
-0.629627 -0.271456 0.109181
-0.658774 -0.227557 0.105208
-0.632555 -0.182622 0.090402
-0.598880 -0.221359 0.063644
-0.593611 -0.259332 0.026539
-0.549512 -0.249861 0.021382
-0.529219 -0.286908 0.056216
-0.517237 -0.339950 0.051432
-0.500543 -0.382122 0.083656
-0.482035 -0.433511 0.066125
-0.509225 -0.482954 0.063822
-0.495444 -0.502404 0.015917
-0.455158 -0.534451 0.015025
-0.463655 -0.563426 -0.039870
-0.469696 -0.520636 -0.087304
-0.461013 -0.463158 -0.102759
-0.422469 -0.456578 -0.131074
-0.453802 -0.471193 -0.176206
-0.497672 -0.455360 -0.177633
-0.494216 -0.396937 -0.187218
-0.474709 -0.412879 -0.239729
-0.500857 -0.469048 -0.248129
-0.547384 -0.469030 -0.238966
-0.590283 -0.459868 -0.254162
-0.592397 -0.490898 -0.298223
-0.615575 -0.541195 -0.280547
-0.661630 -0.518509 -0.288218
-0.663558 -0.487207 -0.337404
-0.685893 -0.507985 -0.377622
-0.713598 -0.454815 -0.371962
-0.695604 -0.409298 -0.392055
-0.700674 -0.370907 -0.426079
-0.683623 -0.340659 -0.460540
-0.681324 -0.292470 -0.486893
-0.695490 -0.327080 -0.530808
-0.739004 -0.348130 -0.516262
-0.781903 -0.348039 -0.533062
-0.816920 -0.380268 -0.533030
-0.829130 -0.431020 -0.569340
-0.868017 -0.466648 -0.551469
-0.904804 -0.491261 -0.571578
-0.928567 -0.538850 -0.536857
-0.963627 -0.531434 -0.500466
-0.995773 -0.536705 -0.456388
-1.000000 -0.552284 -0.396531
-0.991717 -0.523290 -0.350913
-0.979907 -0.501822 -0.304418
-0.965726 -0.440982 -0.279379
-0.951274 -0.384031 -0.277806
-0.949003 -0.325135 -0.285607
-0.901205 -0.296942 -0.284390
-0.882997 -0.280582 -0.331663
-0.865289 -0.220086 -0.329263
-0.822761 -0.202581 -0.324138
-0.779233 -0.208544 -0.327706
-0.737390 -0.189312 -0.334290
-0.693519 -0.199673 -0.347442
-0.677368 -0.171097 -0.298677
-0.687807 -0.207471 -0.254746
-0.658574 -0.243645 -0.236809
-0.644351 -0.207344 -0.197921
-0.690335 -0.202908 -0.177682
-0.694962 -0.250952 -0.150892
-0.696918 -0.285780 -0.110884
-0.669756 -0.326335 -0.134691
-0.627285 -0.293906 -0.137253
-0.637381 -0.254697 -0.091115
-0.642280 -0.223031 -0.051546
-0.665158 -0.176169 -0.022582
-0.661402 -0.123908 0.002506
-0.671413 -0.076737 0.033269
-0.641209 -0.056687 0.063903
-0.615346 -0.078064 0.099954
-0.619259 -0.081827 0.158854
-0.596967 -0.075846 0.212289
-0.601608 -0.077610 0.267427
-0.583271 -0.078918 0.315641
-0.600466 -0.083736 0.367308
-0.583043 -0.069702 0.422689
-0.552753 -0.059596 0.458367
-0.514209 -0.059014 0.479303
-0.497072 -0.113002 0.467189
-0.508568 -0.148194 0.425430
-0.484477 -0.142704 0.379665
-0.491317 -0.109839 0.339204
-0.446347 -0.090043 0.334258
-0.420070 -0.138105 0.348285
-0.447532 -0.186494 0.323311
-0.478936 -0.178060 0.288185
-0.456772 -0.148466 0.254016
-0.423498 -0.184513 0.247594
-0.449003 -0.228557 0.233031
-0.465740 -0.204435 0.192002
-0.425811 -0.194510 0.171260
-0.416986 -0.250279 0.167595
-0.451231 -0.264040 0.137302
-0.436736 -0.217541 0.102824
-0.399449 -0.218214 0.073958
-0.418771 -0.203563 0.029750
-0.423669 -0.144831 0.044183
-0.422184 -0.091116 0.058519
-0.411316 -0.052470 0.098786
-0.426654 -0.000336 0.121425
-0.419927 0.041872 0.157168
-0.443676 0.080663 0.193202
-0.418171 0.121945 0.227923
-0.388153 0.156973 0.245696
-0.355178 0.139541 0.217446
-0.371373 0.151029 0.172314
-0.378642 0.206489 0.176531
-0.334957 0.219450 0.198245
-0.299283 0.206144 0.169638
-0.305681 0.261731 0.142751
-0.300169 0.318519 0.141129
-0.312421 0.320354 0.089332
-0.360034 0.307648 0.104527
-0.401662 0.292125 0.116074
-0.435408 0.257987 0.125658
-0.449617 0.260895 0.077915
-0.415001 0.233483 0.058487
-0.418542 0.186967 0.085358
-0.458529 0.174006 0.069498
-0.448946 0.175097 0.019777
-0.421184 0.131506 0.022339
-0.446276 0.090516 0.038848
-0.474966 0.093042 -0.000024
-0.444219 0.080973 -0.035394
-0.432894 0.028603 -0.015414
-0.472010 0.005499 -0.018285
-0.476294 0.015478 -0.069320
-0.438721 -0.022004 -0.079537
-0.453287 -0.071629 -0.046519
-0.485291 -0.106458 -0.060725
-0.485891 -0.116928 -0.008392
-0.490118 -0.083826 0.043145
-0.479821 -0.051688 0.090645
-0.491603 -0.020150 0.135972
-0.475080 0.000900 0.186261
-0.490675 0.017242 0.238593
-0.481321 0.031584 0.287407
-0.510896 0.062795 0.311830
-0.546184 0.094351 0.300932
-0.542900 0.128053 0.340728
-0.502685 0.149939 0.333366
-0.512396 0.166844 0.286855
-0.543928 0.203417 0.296634
-0.521164 0.237028 0.327349
-0.484420 0.248662 0.296958
-0.506426 0.270893 0.254275
-0.527276 0.306885 0.222068
-0.555781 0.321900 0.186845
-0.529004 0.309339 0.148005
-0.528833 0.252734 0.158400
-0.571947 0.244444 0.156681
-0.576774 0.261786 0.109230
-0.548655 0.224885 0.089396
-0.569633 0.178659 0.104689
-0.608606 0.188366 0.083056
-0.592468 0.189421 0.036351
-0.573746 0.138723 0.034259
-0.613133 0.111547 0.044897
-0.632854 0.131107 0.000592
-0.602979 0.110638 -0.035118
-0.615103 0.055469 -0.035361
-0.637182 0.011334 -0.050995
-0.660545 -0.033383 -0.034145
-0.626328 -0.071102 -0.057271
-0.588455 -0.068412 -0.031031
-0.554124 -0.089880 -0.003073
-0.555638 -0.060959 0.046438
-0.546898 -0.063104 0.098089
-0.557338 -0.047471 0.148945
-0.534817 -0.042109 0.196737
-0.543742 -0.035983 0.254794
-0.541300 -0.013424 0.308732
-0.554824 -0.013461 0.365362
-0.562893 0.006662 0.417386
-0.609748 0.014479 0.407543
-0.651320 0.014297 0.393353
-0.684208 0.031747 0.365232
-0.695790 0.074374 0.396466
-0.655261 0.106312 0.389671
-0.655318 0.124835 0.342172
-0.670170 0.153083 0.303024
-0.694362 0.159955 0.261686
-0.660988 0.145521 0.231020
-0.659674 0.090861 0.246653
-0.702773 0.080445 0.236842
-0.695376 0.088262 0.185677
-0.666943 0.043127 0.180066
-0.689464 0.002954 0.215549
-0.724266 -0.041691 0.219214
-0.750728 -0.080663 0.236307
-0.770621 -0.095787 0.192472
-0.727665 -0.126253 0.178055
-0.692020 -0.133888 0.208559
-0.662616 -0.091352 0.221274
-0.664087 -0.114838 0.275017
-0.637539 -0.136614 0.317992
-0.630641 -0.161790 0.366173
-0.605307 -0.176660 0.408305
-0.596952 -0.213306 0.449318
-0.579830 -0.246589 0.485595
-0.568962 -0.297541 0.504456
-0.574075 -0.349693 0.524435
-0.559080 -0.394592 0.547447
-0.538344 -0.416387 0.508007
-0.508954 -0.372797 0.501926
-0.492160 -0.376433 0.548501
-0.477593 -0.429402 0.544301
-0.449546 -0.421986 0.506531
-0.423326 -0.383486 0.527905
-0.411188 -0.417278 0.569016
-0.395022 -0.466103 0.553009
-0.354236 -0.448380 0.541090
-0.342283 -0.428803 0.586498
-0.354950 -0.475210 0.618283
-0.340412 -0.522999 0.590811
-0.301954 -0.502786 0.565205
-0.278647 -0.463213 0.588687
-0.279747 -0.486444 0.634857
-0.257397 -0.537051 0.618997
-0.215212 -0.530779 0.604531
-0.171713 -0.531016 0.610645
-0.132826 -0.510493 0.602780
-0.098295 -0.504931 0.573735
-0.060165 -0.523490 0.562529
-0.018222 -0.522199 0.556447
0.012996 -0.513347 0.526851
0.054381 -0.505258 0.525505
0.094596 -0.510802 0.502931
0.101994 -0.569661 0.497417
0.109048 -0.555774 0.441809
0.146935 -0.521036 0.439312
0.172912 -0.545958 0.407948
0.186750 -0.529507 0.364178
0.201631 -0.535996 0.319143
0.236890 -0.533724 0.288201
0.243574 -0.518855 0.241529
0.265866 -0.508457 0.199835
0.278005 -0.489480 0.156811
0.278119 -0.485153 0.108014
0.293214 -0.480700 0.063482
0.296841 -0.455578 0.020944
0.290915 -0.448562 -0.026296
0.306838 -0.444217 -0.070909
0.312607 -0.416460 -0.111825
0.302082 -0.410443 -0.158432
0.302096 -0.429621 -0.204083
0.298455 -0.428348 -0.252248
0.284859 -0.442236 -0.297267
0.292700 -0.445708 -0.345658
0.283317 -0.388866 -0.351837
0.318848 -0.372161 -0.322014
0.350880 -0.397537 -0.347118
0.343725 -0.373870 -0.391196
0.350837 -0.320282 -0.373665
0.392837 -0.329389 -0.361081
0.407089 -0.347839 -0.405775
0.397864 -0.300123 -0.429273
0.424297 -0.266130 -0.401039
0.461970 -0.294869 -0.411013
0.460042 -0.289925 -0.461918
0.462242 -0.232556 -0.462178
0.502156 -0.226867 -0.440285
0.522078 -0.262186 -0.472800
0.513495 -0.226648 -0.511948
0.537687 -0.183749 -0.496104
0.575403 -0.211616 -0.495471
0.575360 -0.225903 -0.544917
0.577174 -0.172952 -0.561183
0.614147 -0.157555 -0.539484
0.641037 -0.197201 -0.557421
0.635939 -0.183258 -0.605001
0.650820 -0.128380 -0.600769
0.690649 -0.143667 -0.585508
0.702331 -0.178132 -0.623229
0.699032 -0.138778 -0.657853
0.728950 -0.103331 -0.641295
0.761453 -0.140141 -0.645203
0.756669 -0.153356 -0.694828
0.763453 -0.098060 -0.712293
0.807423 -0.091007 -0.702044
0.850337 -0.088916 -0.713542
0.863204 -0.109802 -0.668686
0.839298 -0.164681 -0.671767
0.850023 -0.200982 -0.707866
0.869188 -0.238519 -0.677556
0.826745 -0.252497 -0.654577
0.798583 -0.277146 -0.690352
0.824546 -0.331679 -0.684708
0.853950 -0.371252 -0.684416
0.890081 -0.400009 -0.696482
0.918428 -0.433456 -0.724391
0.941549 -0.482354 -0.731705
0.965041 -0.460686 -0.772296
0.985705 -0.417223 -0.741857
0.983763 -0.448089 -0.689557
0.997515 -0.493879 -0.662588
1.000000 -0.464867 -0.615121
0.960685 -0.455506 -0.594379
0.959157 -0.508275 -0.569097
0.994116 -0.496714 -0.536663
0.973666 -0.447380 -0.515840
0.925983 -0.454869 -0.518354
0.886425 -0.473374 -0.495925
0.859105 -0.423495 -0.516262
0.838570 -0.400427 -0.554907
0.824275 -0.340386 -0.575048
0.787530 -0.304013 -0.604190
0.751171 -0.286199 -0.629003
0.735862 -0.339423 -0.637679
0.731049 -0.355092 -0.590341
0.703673 -0.313720 -0.579151
0.671898 -0.331497 -0.608164
0.666757 -0.381395 -0.585541
0.654276 -0.358746 -0.540814
0.616946 -0.337132 -0.558377
0.600109 -0.385612 -0.578162
0.601722 -0.412261 -0.529641
0.604336 -0.383140 -0.484606
0.640066 -0.368380 -0.455464
0.618174 -0.317828 -0.436652
0.604807 -0.286326 -0.391326
0.642994 -0.241336 -0.396207
0.679953 -0.210779 -0.399921
0.706872 -0.249571 -0.378919
0.707900 -0.284090 -0.420386
0.727165 -0.246317 -0.451426
0.765038 -0.235646 -0.427149
