1.000000 0.205851 -1.000000
0.961901 0.213270 -0.946877
0.930850 0.229439 -0.890514
0.902645 0.292056 -0.840138
0.871625 0.319254 -0.785036
0.858977 0.372897 -0.730008
0.836047 0.431103 -0.680869
0.815543 0.469205 -0.620967
0.802179 0.544657 -0.586723
0.767550 0.621262 -0.573807
0.732983 0.683854 -0.574896
0.697031 0.743915 -0.571704
0.648043 0.788559 -0.598451
0.609555 0.832427 -0.591301
0.576388 0.887524 -0.644943
0.538320 0.930690 -0.672283
0.506584 0.946381 -0.748614
0.452136 0.942346 -0.749208
0.414084 0.988168 -0.770536
0.359993 0.967488 -0.759526
0.316356 1.000000 -0.744186
0.272439 0.961873 -0.707294
0.234169 0.976011 -0.662312
0.202682 0.931191 -0.627400
0.171537 0.922793 -0.574154
0.153165 0.894794 -0.511307
0.115082 0.860627 -0.489039
0.090797 0.827664 -0.437822
0.068100 0.769107 -0.413920
0.033890 0.745243 -0.375940
0.013231 0.699195 -0.331428
-0.024961 0.661996 -0.320616
-0.031184 0.618454 -0.260491
-0.035882 0.569674 -0.208729
-0.053352 0.536635 -0.150930
-0.051625 0.518863 -0.080686
-0.061551 0.476525 -0.024297
-0.083206 0.471662 0.040627
-0.088277 0.459680 0.112653
-0.111986 0.422380 0.165331
-0.150240 0.471361 0.155681
-0.161083 0.451282 0.083333
-0.167741 0.376357 0.102410
-0.201220 0.386659 0.154370
-0.230653 0.424385 0.104464
-0.237451 0.365077 0.056859
-0.260958 0.322237 0.108942
-0.297921 0.380944 0.110006
-0.313042 0.392751 0.034170
-0.321909 0.310781 0.027910
-0.347158 0.252325 0.040306
-0.354314 0.182739 0.033130
-0.387124 0.133131 0.031052
-0.414224 0.082571 0.060397
-0.402354 0.001028 0.089296
-0.393362 -0.072745 0.112480
-0.351576 -0.079889 0.055052
-0.299025 -0.094779 0.039836
-0.262078 -0.112827 -0.020314
-0.216699 -0.148798 -0.049040
-0.186270 -0.165217 -0.116662
-0.152807 -0.196952 -0.164044
-0.127885 -0.223373 -0.221101
-0.107583 -0.278119 -0.267963
-0.108190 -0.217006 -0.336080
-0.082568 -0.168626 -0.398926
-0.088324 -0.122979 -0.471744
-0.064880 -0.075176 -0.535283
-0.077994 -0.033089 -0.608818
-0.087826 0.040960 -0.596868
-0.139832 0.031008 -0.587069
-0.138075 -0.042815 -0.547555
-0.159341 -0.079738 -0.477187
-0.155405 -0.147068 -0.423595
-0.180996 -0.194646 -0.361713
-0.182894 -0.248214 -0.295898
-0.217165 -0.292357 -0.240845
-0.247206 -0.319530 -0.183467
-0.297205 -0.351215 -0.174287
-0.306182 -0.405886 -0.121759
-0.332955 -0.356579 -0.076183
-0.376701 -0.362796 -0.112356
-0.420960 -0.382273 -0.072075
-0.447344 -0.306019 -0.080018
-0.472764 -0.241396 -0.081552
-0.461439 -0.156068 -0.103400
-0.450098 -0.077432 -0.106888
-0.426016 -0.019527 -0.136134
-0.405045 0.053844 -0.122575
-0.350021 0.033414 -0.142122
-0.302619 0.041411 -0.189801
-0.246832 0.033540 -0.194651
-0.198793 0.046725 -0.221595
-0.147782 0.039882 -0.198560
-0.097160 0.069035 -0.214494
-0.046538 0.062718 -0.227855
-0.004659 0.087960 -0.263089
0.044049 0.078059 -0.287139
0.032226 0.135763 -0.352583
0.018411 0.166696 -0.413252
-0.015674 0.171358 -0.464989
-0.037733 0.191287 -0.529172
-0.074447 0.235931 -0.541122
-0.098358 0.286993 -0.578608
-0.119204 0.356328 -0.583828
-0.156074 0.305467 -0.628934
-0.191668 0.236834 -0.599441
-0.196039 0.151555 -0.583036
-0.205451 0.077858 -0.548322
-0.207738 -0.001554 -0.534318
-0.233033 -0.059785 -0.485600
-0.228009 -0.137142 -0.446086
-0.250379 -0.203770 -0.405186
-0.243036 -0.274559 -0.357730
-0.240983 -0.351591 -0.333210
-0.212732 -0.402076 -0.276524
-0.198435 -0.460231 -0.234660
-0.171817 -0.510716 -0.195962
-0.151313 -0.578848 -0.180176
-0.143893 -0.644800 -0.136332
-0.089351 -0.645376 -0.161223
-0.041078 -0.654050 -0.169735
-0.052496 -0.694959 -0.245472
-0.048778 -0.645176 -0.300797
-0.027512 -0.633520 -0.362728
-0.022596 -0.589953 -0.421021
-0.075925 -0.573108 -0.452123
-0.120091 -0.534956 -0.427900
-0.161970 -0.487529 -0.414316
-0.206851 -0.462613 -0.408205
-0.241154 -0.402853 -0.441706
-0.277090 -0.337779 -0.439281
-0.303584 -0.277793 -0.457146
-0.326250 -0.207906 -0.438044
-0.301094 -0.138746 -0.482012
-0.301779 -0.067957 -0.536025
-0.282037 0.018048 -0.532660
-0.275799 0.103026 -0.525906
-0.246879 0.173639 -0.503390
-0.230233 0.245682 -0.483596
-0.206711 0.298248 -0.442325
-0.247563 0.321635 -0.403899
-0.247999 0.252801 -0.358323
-0.203429 0.267440 -0.319378
-0.170868 0.268644 -0.259996
-0.126889 0.304690 -0.234066
-0.078928 0.287519 -0.193760
-0.036333 0.258065 -0.183764
-0.046600 0.184594 -0.214989
-0.102138 0.187251 -0.229859
-0.151236 0.150979 -0.244829
-0.205140 0.159978 -0.257398
-0.252479 0.119394 -0.273407
-0.296194 0.094052 -0.295576
-0.327183 0.019452 -0.288797
-0.375145 0.016444 -0.286471
-0.387730 -0.009150 -0.355725
-0.365842 -0.076856 -0.357581
-0.383281 -0.106961 -0.287980
-0.431367 -0.111674 -0.289638
-0.434805 -0.182338 -0.322719
-0.412341 -0.226556 -0.265266
-0.436252 -0.210087 -0.198238
-0.479936 -0.241997 -0.218131
-0.456383 -0.320457 -0.246734
-0.433125 -0.385331 -0.231295
-0.461267 -0.432081 -0.275139
-0.442335 -0.402702 -0.341226
-0.397002 -0.424335 -0.328657
-0.402323 -0.500313 -0.324921
-0.422158 -0.504800 -0.395932
-0.384495 -0.474544 -0.433937
-0.351561 -0.525280 -0.410530
-0.373340 -0.588950 -0.439925
-0.369762 -0.559923 -0.520462
-0.318923 -0.542426 -0.523704
-0.273512 -0.541072 -0.534046
-0.233033 -0.506179 -0.523530
-0.191621 -0.467977 -0.537807
-0.141481 -0.460156 -0.549609
-0.100038 -0.421377 -0.511778
-0.058268 -0.386534 -0.494185
-0.029364 -0.337403 -0.459298
-0.003306 -0.273381 -0.454845
0.028897 -0.220991 -0.435075
0.025754 -0.163863 -0.385714
0.002139 -0.099291 -0.361070
-0.007351 -0.022811 -0.336773
-0.028181 -0.057353 -0.263584
-0.033424 -0.078084 -0.185521
-0.085835 -0.045497 -0.178667
-0.134465 -0.077683 -0.182106
-0.185196 -0.054521 -0.159442
-0.232971 -0.068709 -0.133041
-0.276997 -0.035069 -0.106295
-0.322516 -0.049583 -0.062673
-0.373574 -0.028551 -0.049659
-0.415935 -0.064623 -0.006334
-0.461843 -0.102549 0.010194
-0.501202 -0.137919 0.034170
-0.545803 -0.152683 0.048347
-0.582019 -0.163312 0.095061
-0.570196 -0.236859 0.113866
-0.527337 -0.219462 0.145734
-0.545461 -0.172862 0.198535
-0.573774 -0.228236 0.232779
-0.536002 -0.277542 0.252004
-0.489316 -0.233048 0.259180
-0.455543 -0.245030 0.202123
-0.414613 -0.278620 0.220259
-0.388399 -0.335247 0.249480
-0.351934 -0.381897 0.260912
-0.370151 -0.435640 0.217117
-0.366775 -0.398215 0.151945
-0.319903 -0.383426 0.153949
-0.307691 -0.459153 0.155978
-0.330901 -0.485900 0.091820
-0.312109 -0.427744 0.043052
-0.265329 -0.445893 0.040677
-0.224788 -0.479031 0.023184
-0.218861 -0.515178 0.091573
-0.249866 -0.573559 0.072447
-0.221988 -0.597724 0.008685
-0.172875 -0.605169 0.026450
-0.178693 -0.638333 0.112777
-0.197299 -0.680345 0.176490
-0.244312 -0.693605 0.174485
-0.251406 -0.758955 0.136753
-0.219670 -0.800817 0.180547
-0.243394 -0.792971 0.246660
-0.279984 -0.835059 0.221051
-0.255062 -0.901311 0.204226
-0.231027 -0.912315 0.276178
-0.273045 -0.896699 0.325836
-0.292227 -0.967488 0.325985
-0.312902 -0.981175 0.383932
-0.353676 -1.000000 0.417434
-0.390002 -0.958163 0.421294
-0.432223 -0.945229 0.422679
-0.468781 -0.911965 0.409194
-0.507580 -0.892863 0.435026
-0.550050 -0.881182 0.426267
-0.583917 -0.830923 0.417656
-0.593283 -0.838318 0.496808
-0.551155 -0.788910 0.519126
-0.557517 -0.717294 0.487678
-0.579748 -0.651668 0.477385
-0.634430 -0.628506 0.497278
-0.683917 -0.635375 0.508091
-0.723338 -0.642093 0.569626
-0.755151 -0.638533 0.626163
-0.781660 -0.580653 0.680795
-0.813474 -0.563106 0.738767
-0.844338 -0.506054 0.773283
-0.867518 -0.479057 0.845952
-0.886684 -0.429950 0.896848
-0.894136 -0.483042 0.951109
-0.848165 -0.504199 0.965558
-0.834367 -0.425588 0.983299
-0.869385 -0.369012 1.000000
-0.896843 -0.336375 0.934902
-0.945722 -0.343745 0.940865
-0.955616 -0.267892 0.964024
-0.933479 -0.229038 0.895734
-0.948865 -0.278921 0.837169
-0.979636 -0.294814 0.775163
-0.942611 -0.301356 0.704226
-0.933883 -0.376156 0.728449
-0.923040 -0.444289 0.768607
-0.895411 -0.472514 0.696061
-0.847932 -0.498458 0.651574
-0.805400 -0.497656 0.608051
-0.757220 -0.485022 0.609759
-0.719262 -0.531121 0.614113
-0.666851 -0.563908 0.601519
-0.621036 -0.596872 0.610204
-0.593034 -0.673652 0.587861
-0.539720 -0.696037 0.586649
-0.496955 -0.689118 0.539613
-0.454065 -0.668814 0.501831
-0.414628 -0.671947 0.458655
-0.362264 -0.685308 0.432304
-0.388337 -0.628331 0.393087
-0.420695 -0.581305 0.354761
-0.456943 -0.554909 0.301366
-0.495632 -0.519214 0.270982
-0.530044 -0.558218 0.310991
-0.518625 -0.504525 0.375668
-0.501871 -0.433209 0.379701
-0.460334 -0.397062 0.398332
-0.422064 -0.355075 0.415553
-0.376747 -0.344547 0.430918
-0.380170 -0.379716 0.498367
-0.393611 -0.449653 0.474342
-0.355683 -0.463264 0.430918
-0.323170 -0.458752 0.485600
-0.341635 -0.513724 0.528528
-0.336097 -0.571654 0.477806
-0.288089 -0.565513 0.476915
-0.281088 -0.576166 0.550549
-0.300923 -0.646379 0.551292
-0.269281 -0.680420 0.504503
-0.226297 -0.657308 0.543300
-0.250488 -0.643496 0.624332
-0.279750 -0.674404 0.679285
-0.260009 -0.626175 0.739633
-0.274368 -0.548618 0.717463
-0.326857 -0.567468 0.692523
-0.372127 -0.576993 0.665454
-0.411921 -0.570476 0.624926
-0.454671 -0.548091 0.601668
-0.505402 -0.531221 0.600480
-0.554328 -0.529241 0.595705
-0.584851 -0.459604 0.561684
-0.602259 -0.397789 0.526722
-0.610224 -0.350738 0.456552
-0.666400 -0.350839 0.464519
-0.712308 -0.302735 0.481022
-0.761327 -0.278219 0.510169
-0.803782 -0.257739 0.540355
-0.846656 -0.238338 0.590410
-0.891507 -0.226982 0.617577
-0.916102 -0.189858 0.687525
-0.946158 -0.189306 0.755369
-0.946516 -0.135487 0.829424
-0.935641 -0.097060 0.899965
-0.929528 -0.013712 0.930473
-0.958697 0.021257 0.978672
-1.000000 -0.001604 0.936560
-0.985812 -0.021182 0.857754
-0.980632 -0.040383 0.780112
-0.944976 -0.073421 0.723525
-0.915806 -0.074199 0.652539
-0.867860 -0.114882 0.627499
-0.817985 -0.133658 0.601445
-0.779809 -0.180307 0.616167
-0.735441 -0.210438 0.605676
-0.723011 -0.286341 0.616291
-0.756894 -0.349660 0.617132
-0.735985 -0.392650 0.546813
-0.714455 -0.440528 0.496115
-0.692006 -0.455243 0.423421
-0.637682 -0.467325 0.446086
-0.588491 -0.503271 0.450688
-0.534991 -0.500088 0.483893
-0.485100 -0.474419 0.503142
-0.458343 -0.434938 0.568809
