-0.276353 0.766663 0.087906
-0.234697 0.821058 0.071213
-0.179811 0.840364 0.034929
-0.130493 0.881097 0.012897
-0.084175 0.918258 -0.021422
-0.019835 0.937496 -0.024625
0.027972 0.987674 -0.045317
0.100924 0.970119 -0.068400
0.161379 0.992559 -0.087178
0.234546 0.961548 -0.102786
0.294160 0.989748 -0.125919
0.368989 0.960742 -0.120666
0.440257 0.931183 -0.142884
0.507878 0.923258 -0.156018
0.574765 0.884115 -0.151544
0.642429 0.873886 -0.161577
0.703294 0.822647 -0.152103
0.769576 0.801659 -0.163407
0.828628 0.764221 -0.150086
0.876781 0.696970 -0.135766
0.926271 0.645041 -0.125496
0.946214 0.569543 -0.099261
0.981762 0.502477 -0.091940
0.985625 0.434996 -0.061062
1.000000 0.351734 -0.051046
0.979690 0.281097 -0.035962
0.969416 0.196222 -0.035827
0.947790 0.119065 -0.057842
0.954502 0.046677 -0.071789
0.941380 -0.027393 -0.079788
0.894263 -0.095150 -0.082144
0.886752 -0.163437 -0.100125
0.838880 -0.229213 -0.097516
0.819434 -0.301210 -0.107531
0.765065 -0.360903 -0.088652
0.704632 -0.404631 -0.090601
0.658400 -0.462343 -0.093855
0.583765 -0.482848 -0.079839
0.527389 -0.525608 -0.087161
0.466632 -0.551434 -0.059791
0.391457 -0.549960 -0.036996
0.320189 -0.558668 -0.036200
0.252871 -0.576546 -0.021828
0.193624 -0.589010 0.018930
0.130946 -0.617440 0.040199
0.077031 -0.625020 0.088313
0.023591 -0.615551 0.125343
-0.039951 -0.630296 0.154357
-0.100104 -0.598456 0.186930
-0.163990 -0.611911 0.208284
-0.219201 -0.584633 0.243196
-0.276785 -0.599263 0.269735
-0.315527 -0.571248 0.317222
-0.379997 -0.526091 0.335576
-0.439761 -0.507753 0.360624
-0.468963 -0.431840 0.377419
-0.526828 -0.399286 0.403552
-0.559203 -0.320470 0.399383
-0.607377 -0.268564 0.410738
-0.619788 -0.186545 0.401213
-0.661832 -0.127382 0.405111
-0.655853 -0.048888 0.394418
-0.690775 0.016818 0.395129
-0.697056 0.087432 0.375826
-0.722740 0.154199 0.381232
-0.743892 0.222094 0.370166
-0.741021 0.295219 0.378961
-0.760900 0.365327 0.373284
-0.750108 0.441908 0.348744
-0.773180 0.501832 0.315595
-0.800570 0.560765 0.294377
-0.797246 0.616035 0.247975
-0.828304 0.678908 0.224214
-0.790965 0.719203 0.176016
-0.811491 0.746803 0.118903
-0.828132 0.782491 0.073552
-0.803009 0.807165 0.023608
-0.821743 0.848704 -0.019896
-0.795390 0.866283 -0.070806
-0.806851 0.912268 -0.113158
-0.780217 0.921944 -0.166441
-0.782871 0.966479 -0.209538
-0.755223 0.963161 -0.265617
-0.751748 0.997005 -0.313273
-0.722071 0.977906 -0.368149
-0.716999 1.000000 -0.419652
-0.681840 0.970856 -0.470156
-0.679725 0.983758 -0.524150
-0.637982 0.958830 -0.569756
-0.633234 0.968114 -0.624326
-0.589312 0.944799 -0.667966
-0.575067 0.952816 -0.720757
-0.526375 0.919157 -0.761651
-0.499547 0.906370 -0.811155
-0.456510 0.846216 -0.841525
-0.431689 0.812925 -0.889198
-0.387853 0.785117 -0.932142
-0.323901 0.736528 -0.952768
-0.264914 0.691349 -0.967173
-0.202646 0.639419 -0.963936
-0.170703 0.559843 -0.965004
-0.130450 0.513950 -0.993085
-0.084197 0.447068 -0.982205
-0.038375 0.396037 -1.000000
0.009108 0.335422 -0.976206
0.029548 0.253243 -0.967749
0.065117 0.196775 -0.991408
0.104226 0.136851 -0.959597
0.144242 0.068679 -0.963377
0.156393 -0.011036 -0.940870
0.181408 -0.080129 -0.937176
0.200876 -0.153300 -0.907823
0.186156 -0.221288 -0.880351
0.199258 -0.297777 -0.875453
0.177480 -0.364958 -0.838813
0.171782 -0.436609 -0.829560
0.145666 -0.491119 -0.786123
0.124687 -0.558622 -0.769718
0.081671 -0.602834 -0.728655
0.034900 -0.651860 -0.707775
-0.005806 -0.696855 -0.678338
-0.069606 -0.710310 -0.641579
-0.120478 -0.729294 -0.610328
-0.175106 -0.732588 -0.570603
-0.237611 -0.752056 -0.549741
-0.294462 -0.768898 -0.521286
-0.337391 -0.795415 -0.484595
-0.394544 -0.833038 -0.465614
-0.455322 -0.861168 -0.449853
-0.506022 -0.897017 -0.424804
-0.559548 -0.941136 -0.432803
-0.605111 -0.971616 -0.386605
-0.661098 -1.000000 -0.364132
-0.713869 -0.985670 -0.316527
-0.774389 -0.948001 -0.294834
-0.829297 -0.919710 -0.268532
-0.849262 -0.865960 -0.229858
-0.880450 -0.812072 -0.205793
-0.886061 -0.739638 -0.204589
-0.921480 -0.685128 -0.186015
-0.924199 -0.618016 -0.185422
-0.899918 -0.555074 -0.192658
-0.890875 -0.501601 -0.166305
-0.868816 -0.441170 -0.165170
-0.829060 -0.397051 -0.142511
-0.838341 -0.339085 -0.117734
-0.797980 -0.301809 -0.090889
-0.778663 -0.277549 -0.047046
-0.779807 -0.227071 -0.011507
-0.737611 -0.177030 0.015846
-0.708107 -0.124778 0.042691
-0.684084 -0.050455 0.051978
-0.643400 -0.005207 0.078755
-0.653803 0.052505 0.043911
-0.722481 0.059348 0.066688
-0.772663 0.046124 0.096888
-0.818786 0.000783 0.109938
-0.839981 -0.042046 0.065248
-0.795735 -0.061237 0.025828
-0.784706 -0.100726 -0.025625
-0.754166 -0.151158 -0.064010
-0.747367 -0.176800 -0.120717
-0.727078 -0.227001 -0.161899
-0.733489 -0.240364 -0.219622
-0.732345 -0.277733 -0.266685
-0.743784 -0.293538 -0.316053
-0.771821 -0.342818 -0.354133
-0.770267 -0.290842 -0.404078
-0.724640 -0.264117 -0.442243
-0.667508 -0.225135 -0.437837
-0.676465 -0.233107 -0.379080
-0.658292 -0.291994 -0.357337
-0.624730 -0.273056 -0.308969
-0.649098 -0.215759 -0.284530
-0.667724 -0.167700 -0.243365
-0.711517 -0.133118 -0.203234
-0.740762 -0.083239 -0.164322
-0.782289 -0.072342 -0.115259
-0.829621 -0.036954 -0.078619
-0.868277 -0.025251 -0.028963
-0.906674 -0.004585 0.010135
-0.956855 -0.012787 0.042775
-1.000000 -0.012902 -0.002813
-0.973582 -0.035411 -0.052808
-0.934473 0.001106 -0.086517
-0.892450 0.009377 -0.132004
-0.822283 0.016588 -0.153476
-0.772317 0.033821 -0.196048
-0.738323 0.101486 -0.167983
-0.718424 0.163783 -0.148256
-0.772770 0.202097 -0.161153
-0.816282 0.164843 -0.132986
-0.786131 0.176086 -0.086703
-0.786908 0.247276 -0.086110
-0.853838 0.253842 -0.086229
-0.865449 0.217371 -0.039437
-0.822239 0.256606 -0.008525
-0.788116 0.316231 -0.015236
-0.754640 0.341044 0.029421
-0.744583 0.280774 0.060299
-0.694164 0.252759 0.020150
-0.635716 0.235641 -0.002491
-0.610356 0.213501 -0.052147
-0.547958 0.223983 -0.064909
-0.533195 0.152010 -0.046436
-0.570966 0.106555 -0.075891
-0.583376 0.039696 -0.102922
-0.624126 -0.003133 -0.130732
-0.586225 -0.063149 -0.127648
-0.576664 -0.067941 -0.073687
-0.592657 -0.027186 -0.030319
-0.540447 0.029213 -0.018846
-0.490244 0.073171 -0.006711
-0.444768 0.121023 -0.035437
-0.402055 0.174796 -0.036352
-0.385975 0.170695 -0.089228
-0.440452 0.210367 -0.111090
-0.424458 0.280014 -0.104362
-0.386946 0.293100 -0.152391
-0.438056 0.297615 -0.198810
-0.491475 0.360281 -0.191980
-0.461625 0.434558 -0.206403
-0.445394 0.453335 -0.259431
-0.501273 0.507430 -0.269040
-0.483510 0.564082 -0.226807
-0.429163 0.614422 -0.217825
-0.385867 0.655431 -0.195319
-0.332966 0.648174 -0.149036
-0.272576 0.649211 -0.118564
-0.291613 0.595185 -0.074077
-0.264569 0.519917 -0.094109
-0.210395 0.470983 -0.080619
-0.246158 0.408064 -0.059774
-0.232884 0.350052 -0.107328
-0.199301 0.305241 -0.147782
-0.131011 0.339730 -0.162899
-0.080808 0.361733 -0.188455
-0.069045 0.425919 -0.205267
-0.027994 0.435434 -0.240670
-0.010123 0.479277 -0.273904
0.020547 0.474692 -0.322476
0.023979 0.540928 -0.334000
0.058016 0.597627 -0.338898
0.060973 0.664555 -0.334136
0.033843 0.731321 -0.340169
0.028620 0.799470 -0.344236
0.016533 0.868080 -0.329170
-0.013792 0.915816 -0.362709
-0.054368 0.961064 -0.388181
-0.068311 0.911347 -0.428550
-0.106061 0.872158 -0.463292
-0.047116 0.841746 -0.485561
-0.003518 0.790646 -0.496068
0.060541 0.776570 -0.496102
0.113658 0.737012 -0.495424
0.166235 0.698629 -0.476104
0.225158 0.668932 -0.474596
0.265799 0.611082 -0.472952
0.317038 0.581661 -0.446327
0.373910 0.528165 -0.453039
0.428689 0.485198 -0.448666
0.394781 0.435641 -0.490154
0.380169 0.416887 -0.540403
0.363550 0.346043 -0.526252
0.300440 0.350213 -0.505491
0.242316 0.315586 -0.509524
0.179185 0.321276 -0.499627
0.120370 0.293169 -0.493933
0.053203 0.307061 -0.505322
0.030325 0.242138 -0.477816
-0.006734 0.211243 -0.439328
-0.017526 0.140952 -0.456208
0.046383 0.114065 -0.429719
0.030907 0.125055 -0.374809
0.009648 0.095266 -0.328695
0.031490 0.167216 -0.302986
0.037555 0.228752 -0.277819
0.064685 0.274738 -0.247399
0.093132 0.295266 -0.197031
0.116895 0.318742 -0.152595
0.165307 0.339846 -0.115887
0.147587 0.376570 -0.072332
0.088082 0.391245 -0.051283
0.109514 0.399585 -0.001847
0.121730 0.468748 -0.005762
0.057304 0.488815 0.003644
0.065074 0.473724 0.058282
0.096024 0.526621 0.080432
0.051757 0.552448 0.118801
0.007511 0.498998 0.136884
-0.045908 0.485221 0.178745
-0.089463 0.473701 0.219147
-0.153371 0.486741 0.250059
-0.208495 0.500887 0.280548
-0.254101 0.544039 0.301766
-0.199603 0.588619 0.318544
-0.139450 0.589034 0.292072
-0.093305 0.537680 0.300495
-0.043598 0.493837 0.290564
-0.015691 0.430365 0.282548
0.034166 0.386315 0.283768
0.076491 0.338740 0.265803
0.117780 0.283170 0.265346
0.171264 0.237922 0.266549
0.218726 0.191337 0.247856
0.266576 0.145559 0.241687
0.328671 0.131943 0.223740
0.304498 0.102016 0.176914
0.282483 0.167861 0.155476
0.311340 0.202742 0.108904
0.326103 0.244327 0.067671
0.336225 0.271766 0.011795
0.356082 0.345928 -0.001305
0.336290 0.413593 0.004491
0.298433 0.414998 0.050130
0.289239 0.371708 0.091059
0.234374 0.356019 0.130648
0.180566 0.330308 0.153696
0.135630 0.358254 0.119395
0.156199 0.321345 0.077518
0.147975 0.257827 0.098278
0.083895 0.262666 0.106413
0.067988 0.274277 0.056757
0.092290 0.212118 0.038013
0.057131 0.167354 0.067536
-0.002914 0.190324 0.055605
0.003885 0.178896 0.003356
0.014461 0.108674 0.005033
-0.044138 0.094344 0.031082
-0.085751 0.124018 -0.005745
-0.059592 0.088699 -0.052012
-0.039023 0.017648 -0.023421
-0.015950 -0.054072 -0.011626
0.051433 -0.051791 -0.003779
0.109039 -0.040986 0.019066
0.161357 -0.008870 0.046419
0.234546 0.006866 0.034844
0.265000 0.055155 0.000644
0.330916 0.054164 -0.017049
0.380752 0.010414 -0.038335
0.424545 0.062504 -0.054927
0.478503 0.104182 -0.054300
0.456143 0.153416 -0.088669
0.423509 0.195369 -0.054893
0.477337 0.231678 -0.038454
0.492165 0.261283 -0.086957
0.421091 0.254233 -0.113666
0.354032 0.262205 -0.112361
0.346434 0.270038 -0.166000
0.370090 0.198019 -0.179507
0.349866 0.146527 -0.137901
0.283584 0.133072 -0.131970
0.222287 0.112291 -0.114260
0.153868 0.121161 -0.118785
0.139687 0.073862 -0.075348
0.176271 0.120263 -0.036301
0.206510 0.166617 -0.005355
0.254964 0.203318 0.023049
0.296901 0.141735 0.044165
0.323405 0.083424 0.060282
0.325499 0.020781 0.079094
0.285677 -0.034259 0.112039
0.265907 -0.080705 0.158153
0.237072 -0.128211 0.192099
0.240590 -0.167607 0.239586
0.227424 -0.195231 0.286412
0.234633 -0.131137 0.309935
0.180998 -0.100081 0.289276
0.137529 -0.146181 0.308291
0.149163 -0.139201 0.359065
0.135695 -0.069969 0.361980
0.072045 -0.076258 0.345507
0.050527 -0.119525 0.382792
0.062074 -0.076466 0.422516
0.021670 -0.024951 0.406992
-0.033433 -0.064163 0.407162
-0.032073 -0.080014 0.457784
-0.035159 -0.013938 0.475969
-0.093067 0.003179 0.452869
-0.129522 -0.048289 0.474731
-0.120716 -0.027347 0.523760
-0.147371 0.037000 0.517863
-0.207114 0.012165 0.503830
-0.220064 -0.023039 0.547385
-0.217085 0.033038 0.578738
-0.265670 0.070522 0.554537
-0.313995 0.020735 0.560790
-0.311642 0.019836 0.612378
-0.326599 0.088815 0.618107
-0.387054 0.085635 0.595363
-0.412372 0.038982 0.629275
-0.402896 0.076719 0.673033
-0.438293 0.132911 0.659509
-0.496914 0.098030 0.653188
-0.500583 0.073909 0.702217
-0.501360 0.137104 0.725723
-0.556203 0.161341 0.702166
-0.595161 0.109066 0.725435
-0.582837 0.121829 0.776565
-0.604615 0.188826 0.776497
-0.667897 0.171524 0.763549
-0.680458 0.129063 0.805715
-0.668566 0.180832 0.843490
-0.715402 0.227577 0.827763
-0.769943 0.181223 0.834661
-0.761482 0.169796 0.890181
-0.766295 0.242714 0.907128
-0.837779 0.257666 0.896417
-0.871838 0.216588 0.942074
-0.860334 0.272065 0.985137
-0.929012 0.312844 1.000000
