-0.429740 -0.078600 -0.515208
-0.384198 -0.219131 -0.455741
-0.303570 -0.337418 -0.408483
-0.338256 -0.490920 -0.450661
-0.330513 -0.571563 -0.321181
-0.350151 -0.444003 -0.231616
-0.415890 -0.430976 -0.094068
-0.465903 -0.404096 0.020129
-0.475243 -0.564773 0.080450
-0.377093 -0.671303 0.016585
-0.279622 -0.718828 -0.040108
-0.186182 -0.708340 -0.119896
-0.109546 -0.768229 -0.203526
-0.012912 -0.859745 -0.237081
0.130740 -0.889772 -0.238874
0.253398 -0.901363 -0.321736
0.392779 -0.842579 -0.321522
0.493404 -0.749241 -0.325578
0.594029 -0.661147 -0.243100
0.657094 -0.560689 -0.152639
0.740435 -0.603301 -0.033917
0.856747 -0.553955 -0.027429
0.881973 -0.607551 -0.158616
0.788253 -0.746426 -0.191317
0.705869 -0.878953 -0.217699
0.565011 -0.917757 -0.190847
0.451494 -0.956450 -0.146022
0.321851 -0.886957 -0.130056
0.198874 -0.890158 -0.050225
0.108348 -0.882155 0.034643
0.150498 -1.000000 0.120365
0.233001 -0.903074 0.186621
0.128545 -0.811889 0.250699
0.075099 -0.884418 0.349485
0.068633 -0.744881 0.442165
0.073183 -0.587515 0.355162
0.089788 -0.455981 0.275801
0.084759 -0.353204 0.145254
0.143433 -0.269250 0.036991
0.121480 -0.238560 -0.101411
0.187738 -0.153723 -0.218553
0.196360 -0.065574 -0.339111
0.266609 -0.017277 -0.467481
0.314866 -0.011205 -0.589874
0.460395 0.017608 -0.569895
0.580817 0.045261 -0.587995
0.619614 0.207761 -0.609597
0.543377 0.344538 -0.538987
0.488095 0.459955 -0.441525
0.415211 0.365789 -0.354309
0.474125 0.223216 -0.323059
0.552877 0.282939 -0.234818
0.473527 0.346525 -0.147559
0.421757 0.195673 -0.115200
0.519069 0.104432 -0.082371
0.559024 0.211569 0.009627
0.461712 0.211900 0.088348
0.466741 0.044599 0.112767
0.583012 0.031462 0.154560
0.572315 0.137550 0.258981
0.461472 0.040846 0.305983
0.465344 -0.120495 0.344276
0.452172 -0.088867 0.474866
0.332748 -0.044047 0.472049
0.300856 -0.205553 0.437725
0.353943 -0.303141 0.532071
0.288523 -0.246950 0.633674
0.183108 -0.325882 0.569254
0.190253 -0.433516 0.465389
0.245694 -0.365237 0.339282
0.269643 -0.354695 0.197080
0.329555 -0.312635 0.066063
0.310476 -0.301650 -0.084932
0.346079 -0.298615 -0.220987
0.307921 -0.272562 -0.370958
0.327160 -0.329470 -0.518368
0.377612 -0.380030 -0.639309
0.494402 -0.428493 -0.607035
0.596703 -0.512668 -0.557685
0.697926 -0.550643 -0.489552
0.769573 -0.448639 -0.566309
0.717445 -0.303527 -0.530918
0.738400 -0.318430 -0.404043
0.860858 -0.327151 -0.410062
0.875746 -0.177292 -0.467054
0.819227 -0.083568 -0.370061
0.897859 -0.131534 -0.275929
1.000000 -0.071369 -0.344362
0.966631 0.100182 -0.331298
0.955096 0.255395 -0.278106
0.895863 0.400232 -0.250358
0.959567 0.497820 -0.339025
0.895663 0.395264 -0.443830
0.792883 0.293868 -0.404384
0.798192 0.171828 -0.302653
0.806255 0.080753 -0.178723
0.870677 -0.034443 -0.112638
0.817710 -0.101286 -0.008858
0.719560 -0.211348 0.057867
0.605923 -0.265165 0.126470
0.547768 -0.351217 0.001772
0.497156 -0.408843 -0.108113
0.490850 -0.455815 -0.251681
0.413176 -0.509245 -0.357297
0.378410 -0.593641 -0.479562
0.297743 -0.572667 -0.592819
0.306085 -0.640007 -0.712694
0.177041 -0.661754 -0.719140
0.090107 -0.582492 -0.639950
0.034147 -0.656290 -0.537450
0.031113 -0.520395 -0.460992
-0.026843 -0.415521 -0.544537
-0.128904 -0.519678 -0.548464
-0.157443 -0.540100 -0.420564
-0.159399 -0.360490 -0.408739
-0.167781 -0.239388 -0.505731
-0.051430 -0.163714 -0.563235
-0.052987 -0.156207 -0.694038
-0.025286 -0.084175 -0.814041
-0.040693 -0.136281 -0.941728
0.039575 -0.015842 -1.000000
0.146227 -0.077717 -0.915132
0.165586 -0.186344 -0.811437
0.133893 -0.110118 -0.676493
0.101164 -0.024011 -0.562637
0.063564 0.060992 -0.458900
0.041252 0.097201 -0.327456
0.019818 -0.038417 -0.240240
-0.035464 -0.089916 -0.107003
-0.044086 -0.220125 0.005913
-0.103399 -0.310096 0.114602
-0.085796 -0.462494 0.201562
-0.094578 -0.585251 0.301629
-0.094657 -0.742231 0.357895
-0.175724 -0.800740 0.258511
-0.188936 -0.710217 0.136929
-0.248847 -0.549153 0.129074
-0.288642 -0.393056 0.090440
-0.287405 -0.205056 0.126043
-0.219949 -0.117680 0.003735
-0.207576 0.029806 -0.097868
-0.123596 0.115251 -0.196696
-0.113737 0.235690 -0.314692
-0.039416 0.323564 -0.409336
0.031513 0.402992 -0.496040
0.146267 0.457084 -0.526948
0.161075 0.606502 -0.451600
0.139242 0.522769 -0.316869
0.161315 0.470773 -0.190634
0.159838 0.414638 -0.055690
0.158521 0.362256 0.084292
0.197717 0.305514 0.202929
0.106392 0.370094 0.276484
0.017622 0.275266 0.218980
0.062646 0.126180 0.250144
0.059692 0.152619 0.380307
-0.059533 0.184523 0.393840
-0.097691 0.032952 0.348759
-0.046640 -0.060661 0.440031
-0.101842 0.012033 0.542445
-0.217315 -0.020754 0.506414
-0.211487 -0.188994 0.503511
-0.177081 -0.209969 0.627228
-0.272876 -0.141966 0.683878
-0.357734 -0.249103 0.631582
-0.310476 -0.396478 0.678542
-0.316104 -0.347629 0.815236
-0.435528 -0.253464 0.829025
-0.530924 -0.194072 0.751414
-0.504580 -0.035768 0.692459
-0.481829 0.131975 0.622190
-0.440158 0.273114 0.545006
-0.431337 0.432080 0.491515
-0.368950 0.557211 0.439134
-0.248528 0.535795 0.482935
-0.193286 0.421096 0.554099
-0.106991 0.375172 0.671284
-0.065081 0.351990 0.788299
-0.160995 0.428989 0.869666
-0.281458 0.425788 0.827403
-0.398926 0.382955 0.812376
-0.514359 0.268091 0.803496
-0.617179 0.139427 0.780572
-0.719281 0.044654 0.785097
-0.811284 -0.036430 0.708340
-0.921727 0.059281 0.778565
-1.000000 0.166253 0.837392
-0.943162 0.173318 0.960511
-0.820624 0.197936 0.936861
-0.823258 0.342330 0.867873
-0.833836 0.452006 0.968964
-0.715090 0.472981 0.991974
-0.694933 0.561462 0.881492
-0.781308 0.684274 0.880254
-0.745345 0.754926 1.000000
-0.622967 0.790749 0.964823
-0.643044 0.880499 0.835728
-0.746862 1.000000 0.894256
