-1.000000 -0.984648 -0.960078
-0.974500 -1.000000 -0.888788
-0.939227 -0.942745 -0.827721
-0.914351 -0.925020 -0.756156
-0.894771 -0.905795 -0.681424
-0.853595 -0.858588 -0.624821
-0.822801 -0.813545 -0.563455
-0.787701 -0.759778 -0.512013
-0.751803 -0.736122 -0.454437
-0.729185 -0.697289 -0.387560
-0.700716 -0.620181 -0.346491
-0.679451 -0.582569 -0.275275
-0.650289 -0.515614 -0.220891
-0.597361 -0.524685 -0.208074
-0.579916 -0.420013 -0.213834
-0.605138 -0.373399 -0.151919
-0.580419 -0.425003 -0.094543
-0.530460 -0.387146 -0.108083
-0.540841 -0.281009 -0.097036
-0.556256 -0.291860 -0.023726
-0.509821 -0.330833 0.003129
-0.481543 -0.239315 -0.013029
-0.513102 -0.168591 0.030085
-0.508241 -0.234814 0.098183
-0.461372 -0.227940 0.127109
-0.429033 -0.186874 0.176107
-0.393013 -0.124385 0.204284
-0.343210 -0.116395 0.225903
-0.309048 -0.082447 0.278118
-0.257024 -0.052266 0.297742
-0.226663 -0.097205 0.361377
-0.191407 -0.132375 0.415737
-0.175698 -0.239245 0.453315
-0.146969 -0.288545 0.526750
-0.112563 -0.329891 0.581408
-0.087671 -0.327274 0.660204
-0.054290 -0.361223 0.715411
-0.018843 -0.356757 0.771566
0.025231 -0.305607 0.748675
0.012715 -0.235267 0.677709
0.016725 -0.188165 0.597317
-0.009417 -0.118803 0.535402
-0.006779 -0.066432 0.454212
-0.008532 0.021946 0.398781
0.012629 0.062978 0.324647
0.014555 0.167231 0.275774
0.010233 0.243885 0.216527
0.007247 0.366840 0.205930
0.002647 0.475140 0.194983
-0.004505 0.578766 0.210692
-0.051651 0.608457 0.245403
-0.083418 0.529919 0.289214
-0.123013 0.477164 0.326667
-0.136171 0.406825 0.392522
-0.174326 0.321098 0.422469
-0.196060 0.250619 0.491017
-0.214304 0.146192 0.527248
-0.220605 0.073724 0.598614
-0.224893 -0.042322 0.632975
-0.223105 -0.114685 0.699577
-0.232999 -0.223614 0.724288
-0.245359 -0.290604 0.789619
-0.255809 -0.388158 0.826823
-0.237686 -0.361746 0.903475
-0.241401 -0.269530 0.944394
-0.188074 -0.276089 0.974541
-0.151291 -0.349709 0.982022
-0.101245 -0.307770 1.000000
-0.101089 -0.207355 0.968008
-0.113206 -0.165451 0.899809
-0.085397 -0.094240 0.838717
-0.080345 -0.005024 0.779720
-0.051426 0.055790 0.719451
-0.040594 0.148983 0.670752
-0.005268 0.182687 0.601082
0.019919 0.266320 0.552234
0.062813 0.279334 0.488598
0.107720 0.299536 0.441196
0.160040 0.294233 0.421796
0.174778 0.346150 0.488897
0.138880 0.339590 0.553106
0.093174 0.391542 0.564502
0.042989 0.415443 0.596045
-0.012038 0.423991 0.582480
-0.027036 0.333205 0.643697
-0.050002 0.297268 0.723665
-0.071614 0.203412 0.774234
-0.092149 0.156868 0.840238
-0.134297 0.095496 0.830439
-0.161064 0.058372 0.768649
-0.216786 0.054883 0.730821
-0.234145 0.166603 0.697857
-0.220466 0.244199 0.625818
-0.187640 0.336660 0.590634
-0.154867 0.393078 0.526550
-0.115306 0.481386 0.495580
-0.077794 0.518230 0.426559
-0.030421 0.553400 0.379331
0.011257 0.569589 0.329285
0.060452 0.614005 0.302929
0.074062 0.513032 0.253332
0.091559 0.418548 0.231613
0.072465 0.324413 0.285848
0.066858 0.252643 0.349683
0.031480 0.192701 0.400476
0.011309 0.139911 0.474734
-0.023651 0.066222 0.515279
-0.026776 0.020237 0.595596
-0.031307 -0.073445 0.648485
-0.027210 -0.108091 0.732243
-0.024988 -0.188165 0.792886
-0.035264 -0.216985 0.878165
-0.030977 -0.324204 0.931028
-0.049186 -0.428492 0.970177
-0.058005 -0.527337 0.927039
-0.105446 -0.555354 0.885197
-0.131120 -0.499669 0.818295
-0.150597 -0.460242 0.753637
-0.157731 -0.387321 0.699054
-0.171358 -0.297791 0.659830
-0.196181 -0.216985 0.613251
-0.189671 -0.143086 0.549715
-0.206909 -0.041555 0.514556
-0.198177 0.026587 0.442318
-0.202795 0.136004 0.408481
-0.183266 0.200795 0.338312
-0.171323 0.313108 0.302929
-0.159519 0.393566 0.237722
-0.180037 0.488538 0.217475
-0.231454 0.471058 0.202813
-0.239925 0.405185 0.265999
-0.229406 0.485398 0.321032
-0.272560 0.553086 0.313427
-0.317328 0.618680 0.330956
-0.362930 0.656781 0.300186
-0.385011 0.692125 0.366664
-0.348574 0.771920 0.376189
-0.354754 0.821011 0.310310
-0.406223 0.845155 0.319511
-0.398394 0.909773 0.382224
-0.362479 0.980531 0.352675
-0.390010 1.000000 0.281609
-0.439483 0.971878 0.258893
-0.457397 0.891071 0.212139
-0.483071 0.816092 0.171269
-0.483296 0.720491 0.137881
-0.456165 0.757754 0.074370
-0.410007 0.789086 0.108631
-0.394645 0.690834 0.131497
-0.389541 0.648093 0.061453
-0.353418 0.718398 0.037391
-0.316304 0.696975 0.090453
-0.309934 0.593734 0.070031
-0.294571 0.613098 -0.003304
-0.251955 0.671609 0.014350
-0.225656 0.599351 0.055419
-0.224216 0.526220 -0.001110
-0.197639 0.585116 -0.052302
-0.154155 0.602596 -0.009787
-0.139938 0.501692 -0.001409
-0.133394 0.478874 -0.075966
-0.095725 0.551865 -0.090578
-0.060452 0.513066 -0.039760
-0.056651 0.415268 -0.070331
-0.038858 0.449880 -0.138778
0.005147 0.498343 -0.113668
0.026186 0.408709 -0.083870
0.026967 0.348104 -0.146483
0.058577 0.413907 -0.187303
0.101020 0.411988 -0.143017
0.107547 0.305293 -0.147955
0.115480 0.303095 -0.223983
0.159519 0.363211 -0.224856
0.189481 0.299222 -0.179623
0.184342 0.211646 -0.225155
0.205781 0.255853 -0.288441
0.254333 0.279195 -0.258618
0.265669 0.177698 -0.239219
0.262665 0.138969 -0.311033
0.299241 0.203308 -0.345494
0.340850 0.178745 -0.299612
0.339461 0.073549 -0.314623
0.345676 0.076480 -0.389579
0.392822 0.127037 -0.389754
0.420267 0.052022 -0.350954
0.409990 -0.029169 -0.398606
0.433008 0.015073 -0.459673
0.482567 0.021283 -0.431521
0.487706 -0.083040 -0.417383
0.480970 -0.113360 -0.491142
0.522337 -0.059837 -0.520566
0.559832 -0.104009 -0.477377
0.550979 -0.204215 -0.499021
0.563078 -0.190014 -0.573005
0.614113 -0.161439 -0.561185
0.629510 -0.251282 -0.527423
0.619598 -0.317365 -0.586719
0.652944 -0.269146 -0.636241
0.697210 -0.279544 -0.594050
0.695335 -0.387670 -0.592205
0.695265 -0.408499 -0.668034
0.741631 -0.358396 -0.684666
0.771262 -0.414849 -0.636216
0.762583 -0.510485 -0.667386
0.782771 -0.487771 -0.736731
0.831654 -0.458358 -0.713217
0.845124 -0.548864 -0.678881
0.840264 -0.612156 -0.740771
0.875277 -0.560274 -0.785081
0.917337 -0.570217 -0.737454
0.917302 -0.677681 -0.735160
0.925704 -0.695021 -0.811662
0.971462 -0.640557 -0.817048
1.000000 -0.698650 -0.766130
0.990748 -0.796832 -0.809019
0.977190 -0.809427 -0.883975
0.924368 -0.820348 -0.913000
0.929193 -0.707163 -0.956862
0.929645 -0.613482 -1.000000
