-1.000000 -0.063908 -0.078512
-0.852123 -0.078013 -0.190900
-0.725112 0.039302 -0.265127
-0.600621 0.132258 -0.368885
-0.432406 0.244788 -0.381215
-0.333470 0.408954 -0.479732
-0.162442 0.504334 -0.538300
-0.075111 0.653152 -0.663697
0.067022 0.763880 -0.622946
0.214313 0.744245 -0.520298
0.382821 0.777053 -0.400450
0.507312 0.630596 -0.350020
0.694751 0.626557 -0.257976
0.822642 0.647062 -0.136093
0.716965 0.705036 0.033260
0.545878 0.646068 0.055701
0.359845 0.635629 0.146451
0.200950 0.527946 0.198298
0.012455 0.524777 0.266669
-0.136829 0.398453 0.343485
-0.336928 0.378383 0.385222
-0.476599 0.217262 0.461114
-0.578349 0.036443 0.443359
-0.651496 -0.146861 0.464197
-0.777394 -0.279958 0.450449
-0.865135 -0.436978 0.489720
-0.787885 -0.591823 0.399772
-0.623538 -0.598720 0.318208
-0.454913 -0.655948 0.242872
-0.402632 -0.451580 0.147375
-0.260030 -0.326312 0.030055
-0.173109 -0.157300 -0.080423
-0.004249 -0.059558 -0.149286
0.082203 0.057446 -0.300946
0.250125 0.109516 -0.420486
0.283474 0.214341 -0.624426
0.199426 0.231491 -0.815850
0.054245 0.057943 -0.799883
0.002725 -0.129027 -0.820536
0.195733 -0.182341 -0.879782
0.292735 -0.064778 -0.723190
0.371685 -0.124056 -0.538300
0.460833 -0.094231 -0.369193
0.279196 -0.146736 -0.266977
0.187469 -0.288657 -0.145649
0.060282 -0.296673 0.011251
-0.017964 -0.472644 0.124996
-0.142983 -0.542113 0.243365
-0.203001 -0.721937 0.351808
-0.308150 -0.818498 0.477821
-0.263605 -1.000000 0.426405
-0.075873 -0.957250 0.478623
0.011517 -0.806568 0.552295
0.077807 -0.681362 0.380167
0.196319 -0.596918 0.241762
0.233244 -0.540684 0.048365
0.372681 -0.504583 -0.101507
0.399232 -0.415975 -0.310502
0.395012 -0.416970 -0.526463
0.366175 -0.348308 -0.732191
0.388682 -0.398018 -0.944515
0.220936 -0.442197 -1.000000
0.229552 -0.641905 -0.928116
0.362248 -0.640538 -0.777257
0.425607 -0.706341 -0.612466
0.527943 -0.751452 -0.455689
0.543241 -0.779538 -0.267593
0.506433 -0.778047 -0.085170
0.470973 -0.696772 0.100151
0.446297 -0.727716 0.306433
0.340797 -0.678069 0.485528
0.280661 -0.700438 0.678432
0.213023 -0.511542 0.702907
0.029863 -0.469351 0.783607
-0.068956 -0.301395 0.868007
-0.254052 -0.354149 0.764187
-0.460188 -0.355703 0.702414
-0.631568 -0.325691 0.698776
-0.667263 -0.134185 0.767393
-0.523782 0.003946 0.734595
-0.388213 0.144375 0.734040
-0.225097 0.213223 0.611726
-0.023415 0.239507 0.560371
0.118366 0.292385 0.423199
0.310084 0.303383 0.350575
0.425256 0.355081 0.187633
0.601090 0.348308 0.105761
0.737127 0.396775 -0.035110
0.900243 0.315314 -0.134305
1.000000 0.217697 -0.256558
0.967822 0.035387 -0.150951
0.783255 0.086526 -0.034123
0.666794 0.056700 0.133011
0.545761 0.111318 0.292685
0.416405 0.043838 0.438180
0.292325 0.097275 0.579544
0.169065 0.050424 0.727629
0.091756 0.081617 0.898893
0.251707 0.032777 1.000000
0.417695 0.039488 0.887920
0.463881 -0.068879 0.745877
0.588196 -0.132445 0.584415
0.613809 -0.167117 0.384174
0.692231 -0.229316 0.193058
0.732028 -0.199490 -0.023273
0.790640 -0.171280 -0.201751
0.820707 -0.107590 -0.384174
0.816487 -0.207444 -0.548596
0.808223 -0.042036 -0.665855
0.868007 0.141392 -0.633365
0.772412 0.291267 -0.592491
0.740468 0.497499 -0.552233
0.530932 0.466803 -0.596437
0.331829 0.487992 -0.549952
0.139642 0.485444 -0.617398
0.064443 0.325007 -0.485158
-0.109926 0.249821 -0.392990
-0.214254 0.093112 -0.279369
-0.382352 -0.002019 -0.207916
-0.452158 -0.201727 -0.133627
-0.583624 -0.258521 -0.003545
-0.583155 -0.189486 0.187201
-0.552150 0.021344 0.145402
-0.573836 0.216640 0.200949
-0.523782 0.401249 0.171172
-0.496996 0.589027 0.249468
-0.287577 0.607233 0.192997
-0.126689 0.726349 0.115810
0.079624 0.778047 0.117290
0.229552 0.881443 0.058290
0.433344 0.913195 0.079560
0.606951 1.000000 0.103973
