0.202009 -0.390905 1.000000
0.124880 -0.412975 0.912925
0.059813 -0.339540 0.826087
0.046859 -0.154259 0.744479
-0.005783 -0.215520 0.616660
-0.099798 -0.331467 0.588893
-0.208321 -0.360438 0.634948
-0.316414 -0.377364 0.600653
-0.416543 -0.461997 0.527658
-0.509501 -0.528271 0.487385
-0.595982 -0.530028 0.418009
-0.701960 -0.558738 0.444949
-0.787185 -0.551121 0.353902
-0.888041 -0.575795 0.312410
-0.955983 -0.538687 0.216959
-1.000000 -0.434133 0.115568
-0.963517 -0.316689 -0.004543
-0.947160 -0.217213 -0.114349
-0.852186 -0.055109 -0.126227
-0.734378 -0.092738 -0.117378
-0.664188 -0.095863 -0.211453
-0.602095 0.074965 -0.190844
-0.535409 -0.016243 -0.094055
-0.472423 -0.165001 -0.140660
-0.400251 -0.031672 -0.190726
-0.368990 0.060447 -0.081038
-0.332441 -0.136291 -0.027786
-0.259575 -0.215520 -0.106051
-0.177522 -0.089157 -0.059603
-0.150920 -0.205495 0.054254
-0.080334 -0.359396 0.028022
0.000958 -0.227564 0.055198
0.066951 -0.134403 0.127092
0.138627 -0.005892 0.121074
0.218136 0.063637 0.070340
0.324642 0.028873 0.039703
0.409041 -0.010189 -0.018740
0.369552 -0.166564 -0.081667
0.313671 -0.046450 -0.161426
0.410495 0.073337 -0.201738
0.486534 -0.050877 -0.242051
0.578401 -0.107125 -0.302578
0.647897 -0.263110 -0.345053
0.747794 -0.343836 -0.374707
0.834044 -0.428013 -0.406289
0.922508 -0.425670 -0.458596
0.887182 -0.426125 -0.572769
0.833317 -0.259464 -0.567420
0.910611 -0.140783 -0.538316
0.967879 -0.172358 -0.637386
0.892965 -0.085251 -0.711443
0.905125 0.114156 -0.679350
0.921053 0.314150 -0.675575
0.912924 0.491553 -0.623070
0.811275 0.514143 -0.643443
0.782658 0.355620 -0.575482
0.823998 0.419745 -0.470906
0.770794 0.590638 -0.466226
0.679951 0.502425 -0.465833
0.690691 0.401712 -0.365740
0.703942 0.553921 -0.293572
0.614686 0.643371 -0.314888
0.551634 0.497347 -0.288931
0.581144 0.460044 -0.174287
0.562341 0.647212 -0.132716
0.463369 0.650988 -0.163550
0.433462 0.498454 -0.097123
0.457718 0.575535 0.009223
0.400615 0.739331 0.000885
0.312151 0.640441 -0.007414
0.315356 0.558348 0.101646
0.321569 0.728590 0.162449
0.234493 0.808274 0.118085
0.174449 0.654308 0.164730
0.206702 0.541877 0.262030
0.276693 0.395007 0.259827
0.340372 0.265519 0.313551
0.452034 0.266691 0.288656
0.546909 0.221249 0.285037
0.632299 0.219426 0.226476
0.690327 0.117932 0.149313
0.769076 0.076202 0.083004
0.739136 0.186355 -0.009144
0.750173 0.364474 0.042220
0.848022 0.347482 0.073290
0.882192 0.338824 -0.042692
0.842206 0.501969 -0.092364
0.893229 0.627616 -0.017678
0.988368 0.557762 -0.056142
1.000000 0.454054 -0.160561
0.972737 0.248071 -0.165084
0.944714 0.054328 -0.192653
0.878887 -0.103284 -0.176804
0.947259 -0.259074 -0.171219
0.981825 -0.220077 -0.052367
0.919005 -0.333160 0.012802
0.878226 -0.457244 0.081785
0.809887 -0.596888 0.098972
0.731205 -0.604896 0.162291
0.642775 -0.684060 0.152302
0.562242 -0.704762 0.094134
0.497869 -0.837701 0.072857
0.448795 -0.937893 -0.010049
0.362612 -0.920380 -0.064559
0.301907 -0.929169 -0.154150
0.224117 -0.918102 -0.222583
0.145303 -1.000000 -0.265137
0.101120 -0.922464 -0.365229
0.104425 -0.713291 -0.425835
0.158884 -0.537059 -0.458203
0.198705 -0.363302 -0.477474
0.209478 -0.193386 -0.415570
0.232709 -0.012467 -0.418992
0.221837 0.162202 -0.366134
0.139586 0.281599 -0.360864
0.183801 0.440513 -0.293296
0.257890 0.513753 -0.381865
0.191269 0.563556 -0.469569
0.125045 0.702353 -0.410576
0.194243 0.864783 -0.418127
0.217772 0.853260 -0.548935
0.196193 1.000000 -0.626177
0.314233 0.997070 -0.640965
0.356366 0.796816 -0.680216
0.343809 0.762768 -0.805282
0.444367 0.825787 -0.848072
0.525429 0.678005 -0.786404
0.493705 0.451645 -0.797219
0.527081 0.266756 -0.847915
0.513301 0.107451 -0.763200
0.438750 -0.008626 -0.822036
0.503420 -0.118909 -0.906947
0.556161 -0.277628 -0.844768
0.458015 -0.415384 -0.824632
0.405505 -0.428534 -0.953080
0.416510 -0.644022 -1.000000
0.408116 -0.850135 -0.999961
