-1.000000 0.302417 0.190295
-0.923933 0.343416 0.253244
-0.875647 0.338800 0.341409
-0.823508 0.409775 0.413175
-0.750833 0.384904 0.483496
-0.734182 0.376975 0.593243
-0.661291 0.369699 0.660707
-0.614393 0.416237 0.744851
-0.530371 0.507575 0.764424
-0.480667 0.401140 0.845606
-0.445085 0.244475 0.785689
-0.412895 0.297855 0.677846
-0.312808 0.264947 0.626393
-0.241983 0.261200 0.537876
-0.152905 0.209938 0.491924
-0.078595 0.227369 0.406933
0.007647 0.164594 0.354105
-0.001696 0.235623 0.242947
-0.011871 0.290904 0.129461
-0.039097 0.167635 0.059987
-0.113129 0.072821 0.035583
-0.141619 0.056313 0.140253
-0.150222 0.218952 0.168218
-0.215189 0.263318 0.094724
-0.279693 0.147543 0.120468
-0.292150 0.201629 0.222881
-0.311822 0.362422 0.206411
-0.387580 0.342058 0.141487
-0.439011 0.257236 0.218790
-0.439658 0.367907 0.297891
-0.480513 0.485854 0.237727
-0.562161 0.400163 0.217238
-0.580507 0.376378 0.332311
-0.540762 0.450665 0.418254
-0.453503 0.409829 0.465475
-0.371485 0.433017 0.516117
-0.266681 0.489275 0.480886
-0.164066 0.456530 0.439202
-0.080538 0.487429 0.380590
0.021059 0.431279 0.361511
0.114856 0.510453 0.312209
0.191323 0.584252 0.263225
0.126665 0.666793 0.190894
0.060033 0.761336 0.128615
0.048995 0.608308 0.046516
0.039745 0.508607 -0.038228
0.069438 0.370622 -0.110735
0.073754 0.289709 -0.208915
0.127158 0.153353 -0.237904
0.094937 0.133424 -0.339258
0.154107 0.285908 -0.365990
0.249476 0.281835 -0.353893
0.274667 0.256367 -0.457046
0.239147 0.404127 -0.489385
0.289745 0.502145 -0.423579
0.377374 0.455553 -0.478417
0.343580 0.524355 -0.590598
0.280803 0.670703 -0.572189
0.257092 0.827641 -0.556320
0.181210 0.825088 -0.480851
0.153151 0.684062 -0.428269
0.153490 0.728102 -0.323706
0.068050 0.797013 -0.317358
0.022694 0.641379 -0.317217
0.062685 0.575509 -0.215933
0.017514 0.709096 -0.143991
-0.043383 0.737822 -0.041296
-0.078719 0.798751 0.052793
-0.116336 0.802444 0.153900
-0.153182 0.957046 0.161694
-0.222558 0.929623 0.088729
-0.265879 0.793049 0.141698
-0.251203 0.818518 0.260086
-0.217039 0.928319 0.327761
-0.226011 0.847461 0.426118
-0.195147 0.689112 0.382741
-0.090713 0.746728 0.392827
0.014708 0.698507 0.406122
0.109182 0.711811 0.413211
0.171127 0.544665 0.439660
0.212845 0.415205 0.497073
0.216576 0.259517 0.542178
0.253453 0.162259 0.640182
0.153645 0.094488 0.690365
0.096756 -0.001140 0.776520
0.024420 -0.021070 0.858372
-0.034565 -0.134836 0.908979
-0.056148 -0.048602 1.000000
-0.085749 0.102688 0.941635
-0.090497 0.138311 0.835379
-0.003453 0.197502 0.768550
0.057906 0.301982 0.706658
0.153244 0.362639 0.679116
0.219845 0.497258 0.654324
0.278891 0.618952 0.643850
0.268130 0.705729 0.749894
0.185311 0.635515 0.808929
0.103910 0.580994 0.766928
0.002066 0.512245 0.780117
-0.080445 0.405430 0.748942
-0.164375 0.327613 0.756277
-0.228478 0.166875 0.754585
-0.283640 0.031605 0.715898
-0.228416 0.024925 0.605304
-0.164313 -0.048113 0.516681
-0.100364 -0.028618 0.421040
-0.031512 -0.097421 0.351390
0.027627 -0.011241 0.258534
0.122996 -0.022970 0.232226
0.163943 -0.131197 0.161200
0.254440 -0.076188 0.095465
0.349562 -0.071735 0.046586
0.419986 0.004616 -0.042954
0.444808 0.097964 -0.127733
0.462938 0.200326 -0.210643
0.362481 0.211892 -0.245662
0.302726 0.107738 -0.190824
0.325419 0.224002 -0.091727
0.304237 0.325767 0.011074
0.352738 0.339126 0.124771
0.341330 0.514580 0.169312
0.338863 0.671789 0.198759
0.270905 0.790823 0.130025
0.228725 0.874016 0.043448
0.204489 0.908879 -0.055791
0.286137 0.983980 -0.084285
0.343334 0.851480 -0.068768
0.298440 0.746728 -0.137043
0.311575 0.839804 -0.223656
0.405587 0.846918 -0.221505
0.421836 0.684768 -0.238680
0.384805 0.691284 -0.340386
0.442433 0.806679 -0.381401
0.520104 0.716101 -0.364614
0.495652 0.588270 -0.428657
0.493402 0.671681 -0.519290
0.587290 0.704100 -0.518444
0.615195 0.544176 -0.524087
0.572521 0.515232 -0.620221
0.612790 0.634048 -0.680526
0.705507 0.583003 -0.666138
0.696904 0.418518 -0.706764
0.718858 0.263915 -0.766293
0.728786 0.152647 -0.672838
0.671867 0.018680 -0.609924
0.642544 -0.071192 -0.513154
0.589665 -0.207928 -0.462759
0.562963 -0.304100 -0.366977
0.480606 -0.416345 -0.401291
0.401640 -0.516590 -0.435746
0.322367 -0.440565 -0.394978
0.270474 -0.305512 -0.402596
0.339726 -0.191800 -0.400374
0.388351 -0.243280 -0.491607
0.315830 -0.231985 -0.558753
0.298656 -0.071844 -0.543871
0.384250 -0.010643 -0.566829
0.389954 -0.062612 -0.668536
0.308060 0.014499 -0.700557
0.332573 0.171816 -0.678869
0.406975 0.180885 -0.743123
0.364547 0.132718 -0.838482
0.300105 0.263970 -0.835555
0.365318 0.397231 -0.829560
0.450512 0.298724 -0.879038
0.485601 0.214336 -0.963888
0.582326 0.254304 -0.938708
0.604064 0.147488 -0.855057
0.644240 0.026500 -0.785830
0.613530 -0.134781 -0.731450
0.623458 -0.247407 -0.635492
0.599346 -0.399891 -0.579948
0.610755 -0.493565 -0.480145
0.596972 -0.681890 -0.441882
0.588308 -0.837795 -0.391734
0.522539 -0.883790 -0.488010
0.458436 -0.907630 -0.568522
0.381013 -0.824437 -0.523840
0.316108 -0.690035 -0.514882
0.266619 -0.661472 -0.421569
0.209978 -0.760141 -0.359113
0.163511 -0.904426 -0.331394
0.072922 -0.845506 -0.359324
0.083775 -0.884442 -0.468437
0.092039 -0.961770 -0.560975
0.140540 -1.000000 -0.648928
0.099655 -0.882759 -0.712548
0.135483 -0.752159 -0.658732
0.228170 -0.791854 -0.668218
0.226412 -0.784035 -0.776978
0.199032 -0.622102 -0.787100
0.272786 -0.558023 -0.741078
0.333775 -0.604453 -0.816899
0.291379 -0.526853 -0.901784
0.300444 -0.372359 -0.862816
0.394949 -0.367092 -0.854987
0.413820 -0.400054 -0.958351
0.366027 -0.268314 -1.000000
0.423841 -0.157154 -0.945197
0.514615 -0.206516 -0.905241
0.544678 -0.316373 -0.827550
0.604341 -0.406571 -0.763189
0.628854 -0.570242 -0.710185
0.653120 -0.647461 -0.606468
0.641743 -0.822970 -0.567675
0.693204 -0.870595 -0.481062
0.718272 -0.706815 -0.419664
0.771244 -0.599185 -0.341233
0.813857 -0.489981 -0.279694
0.899297 -0.457507 -0.215968
0.891897 -0.272984 -0.203237
0.826005 -0.187673 -0.148117
0.885329 -0.094325 -0.083439
0.920048 0.001521 -0.176929
0.844567 0.093402 -0.219742
0.785829 0.210155 -0.260051
0.692279 0.266848 -0.256983
0.666533 0.402661 -0.317605
0.757369 0.447896 -0.379073
0.825142 0.502308 -0.443716
0.909380 0.447353 -0.519467
0.974223 0.384849 -0.587671
0.978756 0.231007 -0.504726
0.952177 0.046375 -0.488080
0.954304 -0.122563 -0.442869
0.916410 -0.286506 -0.452567
0.907930 -0.457833 -0.404641
0.903460 -0.642465 -0.390817
0.910644 -0.814282 -0.384857
0.958868 -0.805593 -0.493299
1.000000 -0.656421 -0.534561
0.955014 -0.517784 -0.562844
0.951838 -0.347977 -0.612569
0.913727 -0.171111 -0.607208
0.895196 -0.012816 -0.643991
0.856346 0.156829 -0.592608
0.794246 0.286614 -0.535795
0.723884 0.158241 -0.478347
0.663296 0.094380 -0.384434
0.581833 -0.014390 -0.348427
0.523495 -0.092099 -0.269431
0.458159 -0.245398 -0.251940
0.485261 -0.296443 -0.132600
0.447644 -0.294271 -0.022359
0.374938 -0.324844 0.040344
0.324587 -0.279120 0.150374
0.280186 -0.250339 0.245486
0.244481 -0.158729 0.332628
0.274359 -0.179962 0.448864
0.286260 -0.052349 0.515799
0.198446 -0.038501 0.560657
0.195609 -0.226554 0.594372
0.262025 -0.318056 0.641275
0.234521 -0.292370 0.745028
0.142298 -0.354005 0.736387
0.170141 -0.508716 0.663986
0.229033 -0.636981 0.668113
0.157530 -0.756992 0.656510
0.129163 -0.680912 0.547186
0.197706 -0.733098 0.471011
0.254008 -0.768070 0.385562
0.329674 -0.745588 0.321413
0.297731 -0.587782 0.289392
0.229650 -0.502634 0.357561
0.138043 -0.552376 0.369305
0.049920 -0.602498 0.407885
-0.022324 -0.690958 0.443751
-0.123212 -0.749661 0.412400
-0.215590 -0.781537 0.381436
-0.296775 -0.740809 0.328220
-0.289683 -0.568830 0.367682
-0.203287 -0.501928 0.402243
-0.162864 -0.544556 0.498378
-0.104434 -0.589248 0.574199
-0.089850 -0.692207 0.653795
-0.142359 -0.611675 0.741007
-0.203749 -0.476677 0.679856
-0.286168 -0.387999 0.657639
-0.231068 -0.231496 0.634716
-0.168876 -0.302579 0.545775
-0.126881 -0.280804 0.434053
-0.093457 -0.330057 0.321167
-0.061667 -0.263915 0.206094
0.002498 -0.318653 0.134504
0.090374 -0.358186 0.170793
0.065799 -0.393103 0.278177
0.025870 -0.551235 0.247567
0.007246 -0.722835 0.237692
-0.020659 -0.758078 0.128262
-0.032375 -0.843823 0.029588
0.000925 -0.694054 -0.041261
0.031111 -0.553245 -0.078608
0.058461 -0.383329 -0.084956
-0.023557 -0.257888 -0.111969
-0.092717 -0.145045 -0.119975
-0.168291 -0.248330 -0.114861
-0.148187 -0.313657 -0.017069
-0.159595 -0.172522 0.036782
-0.253608 -0.167744 0.012837
-0.277658 -0.310236 0.062950
-0.249476 -0.263535 0.160742
-0.311020 -0.138746 0.172380
-0.389430 -0.227912 0.176471
-0.366274 -0.311811 0.267033
-0.350826 -0.188379 0.335943
-0.436236 -0.115558 0.326985
-0.488869 -0.244855 0.354034
-0.447120 -0.270377 0.453978
-0.475148 -0.129188 0.496897
-0.568050 -0.153896 0.483531
-0.573076 -0.300950 0.535865
-0.543445 -0.253272 0.632776
-0.611618 -0.140809 0.652313
-0.684725 -0.261906 0.627804
-0.678219 -0.427315 0.622655
-0.643038 -0.512571 0.525286
-0.589634 -0.583818 0.452744
-0.517483 -0.614662 0.381648
-0.452609 -0.632256 0.292531
-0.396830 -0.706109 0.215651
-0.328719 -0.747597 0.141628
-0.314319 -0.783763 0.022993
-0.278429 -0.808254 -0.072330
-0.273557 -0.790225 -0.184511
-0.232301 -0.759707 -0.278671
-0.166564 -0.680478 -0.340951
-0.114794 -0.527993 -0.371597
-0.039159 -0.480967 -0.458633
0.011902 -0.330872 -0.501234
0.076745 -0.246267 -0.580195
0.137426 -0.137551 -0.628650
0.182073 -0.070106 -0.728100
0.133479 0.091230 -0.728170
0.062099 0.168938 -0.783220
0.058368 0.019278 -0.861687
0.064504 -0.133967 -0.776837
0.040300 -0.321586 -0.736387
0.016157 -0.464187 -0.650691
-0.051585 -0.606951 -0.599238
-0.137549 -0.643660 -0.521865
-0.228663 -0.738746 -0.491254
-0.236217 -0.893456 -0.453273
-0.174180 -0.958946 -0.534137
-0.161538 -0.838067 -0.623431
-0.138536 -0.736573 -0.702320
-0.111032 -0.564540 -0.747108
-0.089973 -0.438664 -0.823283
-0.067618 -0.280152 -0.853858
-0.152319 -0.208091 -0.847263
-0.166009 -0.228021 -0.741571
-0.089110 -0.150584 -0.704542
-0.107610 -0.004779 -0.748307
-0.194006 0.024708 -0.699217
-0.170634 -0.016074 -0.587459
-0.066940 0.036492 -0.588694
-0.011254 0.129731 -0.653795
-0.051431 0.283736 -0.637925
-0.057474 0.281021 -0.515834
-0.054267 0.172685 -0.432007
-0.121238 0.260168 -0.370398
-0.133973 0.418898 -0.353929
-0.228509 0.419495 -0.347792
-0.233997 0.335162 -0.252045
-0.195116 0.457670 -0.190506
-0.258541 0.574803 -0.210573
-0.331154 0.486071 -0.171110
-0.300074 0.461472 -0.069968
-0.287895 0.640945 -0.058083
-0.326406 0.767852 -0.112886
-0.268069 0.813793 -0.214029
-0.204119 0.872061 -0.301770
-0.135206 0.905512 -0.372373
-0.077331 1.000000 -0.440789
