0.172339 0.009622 0.830642
0.173552 -0.042066 0.779152
0.181556 -0.059224 0.709995
0.165063 -0.107389 0.657539
0.186703 -0.135903 0.592835
0.175708 -0.157234 0.524880
0.173687 -0.225267 0.471222
0.148193 -0.280073 0.421899
0.082518 -0.307150 0.458244
0.036705 -0.233182 0.451695
0.043280 -0.235458 0.368076
0.016951 -0.308397 0.342355
-0.011453 -0.371551 0.296188
-0.046326 -0.454925 0.284010
-0.056970 -0.538191 0.250727
-0.068666 -0.612213 0.220931
-0.079446 -0.660921 0.164659
-0.156925 -0.634087 0.151774
-0.140540 -0.553911 0.140727
-0.087315 -0.564347 0.085115
-0.142534 -0.596330 0.037982
-0.189452 -0.522551 0.035155
-0.135284 -0.472326 -0.002697
-0.100385 -0.422941 -0.054564
-0.042499 -0.368027 -0.075858
-0.073814 -0.303220 -0.036851
-0.063627 -0.338781 0.028819
0.018891 -0.349325 0.023967
0.035357 -0.268092 0.016948
0.000269 -0.242777 0.078331
0.049613 -0.283352 0.122095
0.119223 -0.245379 0.104265
0.097610 -0.168781 0.122119
0.082168 -0.186453 0.192359
0.155523 -0.215807 0.212168
0.201148 -0.149645 0.193183
0.159916 -0.096682 0.237560
0.175897 -0.135849 0.299980
0.257606 -0.130563 0.297789
0.259924 -0.048328 0.297153
0.220821 -0.031062 0.358961
0.276013 -0.069388 0.402184
0.338966 -0.024394 0.386826
0.301884 0.047352 0.412241
0.293179 0.023364 0.483259
0.372975 0.013363 0.502032
0.390762 0.099013 0.487074
0.338723 0.139047 0.540803
0.387097 0.138125 0.601833
0.427844 0.178376 0.653347
0.481041 0.189299 0.704484
0.486189 0.189191 0.782237
0.565069 0.241503 0.801411
0.601504 0.286632 0.852689
0.678902 0.254486 0.879612
0.766567 0.232965 0.842066
0.843776 0.218897 0.819524
0.904061 0.176316 0.783085
0.938260 0.100152 0.767374
0.980570 0.038597 0.737861
0.951195 -0.042798 0.747353
0.865281 -0.081287 0.717863
0.813943 -0.128774 0.677066
0.748834 -0.166802 0.653700
0.705689 -0.216485 0.612432
0.647775 -0.201713 0.559034
0.590886 -0.241855 0.520781
0.524402 -0.261425 0.488205
0.454766 -0.297393 0.482458
0.414612 -0.361170 0.455229
0.353572 -0.317694 0.421051
0.400464 -0.307665 0.355263
0.402700 -0.391446 0.341931
0.320964 -0.403155 0.341577
0.304094 -0.364422 0.277462
0.348263 -0.415162 0.232119
0.315951 -0.487342 0.258806
0.234673 -0.472380 0.242884
0.248147 -0.462135 0.171678
0.290269 -0.537594 0.164023
0.228394 -0.590828 0.190616
0.175978 -0.567491 0.137147
0.237395 -0.596113 0.082783
0.258199 -0.678159 0.099106
0.179939 -0.713802 0.095220
0.181664 -0.687483 0.013344
0.244078 -0.726433 -0.027382
0.202819 -0.798043 -0.051526
0.153340 -0.757494 -0.107892
0.225456 -0.734184 -0.152434
0.225375 -0.777579 -0.220577
0.232301 -0.786768 -0.289074
0.233837 -0.829430 -0.347867
0.265206 -0.875888 -0.398321
0.281133 -0.886730 -0.466982
0.293260 -0.941589 -0.519368
0.354354 -0.948447 -0.584638
0.415959 -0.988291 -0.630663
0.482092 -1.000000 -0.674428
0.564341 -0.964547 -0.707946
0.646212 -0.966688 -0.741111
0.694505 -0.902857 -0.776302
0.774786 -0.842251 -0.785300
0.840973 -0.779232 -0.784475
0.889293 -0.709817 -0.798749
0.899183 -0.611129 -0.812976
0.941655 -0.527782 -0.820655
0.952839 -0.432157 -0.825884
0.980435 -0.341709 -0.815402
1.000000 -0.252616 -0.815073
0.982753 -0.155581 -0.815732
0.994853 -0.061961 -0.813023
0.979923 0.032390 -0.824212
0.937101 0.119288 -0.842561
0.907726 0.209628 -0.845811
0.842563 0.280425 -0.836578
0.803272 0.365805 -0.803861
0.761581 0.444761 -0.788409
0.693993 0.501924 -0.742948
0.651090 0.574673 -0.712634
0.571698 0.625901 -0.681424
0.526046 0.702607 -0.654666
0.437923 0.732477 -0.619122
0.381303 0.792161 -0.581246
0.305980 0.838456 -0.557950
0.212440 0.852632 -0.525186
0.135338 0.875291 -0.493858
0.051527 0.866645 -0.442933
-0.026060 0.880360 -0.402066
-0.115234 0.852984 -0.373824
-0.189317 0.805578 -0.347843
-0.259520 0.767984 -0.293832
-0.329749 0.734103 -0.264036
-0.397580 0.673795 -0.230117
-0.477565 0.650160 -0.197093
-0.535910 0.571312 -0.171913
-0.606328 0.526102 -0.144355
-0.675722 0.475389 -0.123085
-0.739564 0.404158 -0.143295
-0.797073 0.332764 -0.144991
-0.821947 0.246842 -0.181335
-0.847711 0.165637 -0.200203
-0.827661 0.094839 -0.245734
-0.767645 0.048816 -0.292395
-0.719325 0.010517 -0.341083
-0.651198 0.049276 -0.395306
-0.559975 0.054020 -0.423618
-0.495109 0.059956 -0.467430
-0.417145 0.062341 -0.498828
-0.340879 0.099474 -0.513196
-0.258523 0.087385 -0.534560
-0.174441 0.085678 -0.511006
-0.101275 0.055050 -0.500783
-0.072843 0.022145 -0.421757
-0.092759 -0.037784 -0.364331
-0.122861 -0.087657 -0.313241
-0.196378 -0.100911 -0.271502
-0.246423 -0.136120 -0.223922
-0.325734 -0.164878 -0.207858
-0.395613 -0.172223 -0.159076
-0.476703 -0.224589 -0.151845
-0.554046 -0.239497 -0.118633
-0.625947 -0.284680 -0.111472
-0.710701 -0.293381 -0.094419
-0.776242 -0.345314 -0.069592
-0.858706 -0.359733 -0.062337
-0.895626 -0.438825 -0.016688
-0.937909 -0.469670 0.051808
-0.995284 -0.498211 0.097622
-0.998410 -0.559332 0.167650
-1.000000 -0.613623 0.223663
-0.954375 -0.655689 0.293879
-0.917617 -0.698162 0.349798
-0.828415 -0.712718 0.386779
-0.761015 -0.736407 0.422935
-0.665319 -0.722584 0.397944
-0.591317 -0.700033 0.369490
-0.569866 -0.635334 0.309261
-0.525965 -0.602781 0.255556
-0.518878 -0.544831 0.201168
-0.502681 -0.546701 0.127042
-0.476756 -0.516209 0.059676
-0.480907 -0.518458 -0.017442
-0.429515 -0.507210 -0.082830
-0.424260 -0.500976 -0.158534
-0.372625 -0.503822 -0.223145
-0.350958 -0.473004 -0.294869
-0.309214 -0.458638 -0.356747
-0.274126 -0.416138 -0.410805
-0.239847 -0.431805 -0.477535
-0.209341 -0.431534 -0.542074
-0.201121 -0.424568 -0.613068
-0.209421 -0.488616 -0.666726
-0.237610 -0.523337 -0.726908
-0.318404 -0.560335 -0.759884
-0.377665 -0.582181 -0.812623
-0.465330 -0.595680 -0.815803
-0.562320 -0.571231 -0.832691
-0.647075 -0.546024 -0.837520
-0.720780 -0.474305 -0.845694
-0.775137 -0.398927 -0.850617
-0.802275 -0.299832 -0.848308
-0.782871 -0.213775 -0.861711
-0.767645 -0.133192 -0.884912
-0.703910 -0.054941 -0.885360
-0.631067 -0.010896 -0.907713
-0.555475 0.017618 -0.941655
-0.483871 0.067979 -0.947426
-0.412887 0.093321 -0.980450
-0.324467 0.117716 -0.963726
-0.254103 0.141676 -1.000000
-0.194141 0.203936 -0.973831
-0.096532 0.216106 -0.956448
-0.014579 0.231826 -0.975103
0.033390 0.314306 -0.944906
0.076401 0.377487 -0.911670
0.088501 0.422589 -0.832291
0.117282 0.458557 -0.768717
0.109683 0.469182 -0.690775
0.127954 0.435708 -0.610501
0.159862 0.449883 -0.545443
0.171181 0.409470 -0.478124
0.211523 0.404808 -0.414715
0.261864 0.362417 -0.365415
0.315601 0.348566 -0.308577
0.358153 0.286984 -0.355828
0.430134 0.271128 -0.389888
0.405584 0.215807 -0.458079
0.405260 0.186290 -0.525987
0.375482 0.135903 -0.584072
0.366184 0.090042 -0.644019
0.323362 0.036239 -0.691199
0.368017 -0.042175 -0.669623
0.379821 -0.079525 -0.602963
0.464306 -0.067057 -0.576276
0.508934 -0.090150 -0.515316
0.579082 -0.090692 -0.480291
0.625973 -0.138830 -0.436691
0.689088 -0.160378 -0.395965
0.744064 -0.227110 -0.391937
0.786860 -0.278826 -0.347678
0.778128 -0.364043 -0.379053
0.756138 -0.437551 -0.422770
0.680411 -0.474115 -0.459775
0.609777 -0.500461 -0.492115
0.514916 -0.486637 -0.498098
0.440052 -0.469128 -0.528389
0.359663 -0.426384 -0.511241
0.285229 -0.392042 -0.516235
0.241194 -0.314658 -0.487545
0.154688 -0.307069 -0.494612
0.139435 -0.311243 -0.410993
0.166357 -0.230769 -0.370738
0.112890 -0.176397 -0.336678
0.129733 -0.211498 -0.261185
0.216132 -0.202906 -0.248160
0.229930 -0.120291 -0.238502
0.196189 -0.110099 -0.171042
0.243889 -0.171274 -0.137783
0.318565 -0.139779 -0.156532
0.309456 -0.067680 -0.120187
0.301399 -0.104353 -0.054918
0.373919 -0.146474 -0.055954
0.420729 -0.077872 -0.063491
0.392433 -0.044235 -0.001331
0.417819 -0.107497 0.041986
0.499474 -0.099095 0.028937
0.507505 -0.021006 0.053787
0.482712 -0.040305 0.123061
0.538820 -0.099366 0.138749
0.606193 -0.052231 0.128267
0.585469 0.004608 0.180864
0.585119 -0.051743 0.240340
0.665427 -0.073020 0.236335
0.697308 0.005665 0.239091
0.674940 0.025451 0.307376
0.728919 -0.031252 0.342049
0.802113 0.003930 0.320567
0.790417 0.081558 0.354344
0.784704 0.052881 0.427835
0.864662 0.002765 0.428282
0.931145 -0.002575 0.384565
0.927184 -0.061717 0.329470
0.982510 -0.093430 0.282762
0.973159 -0.143113 0.227714
0.998167 -0.166043 0.158723
0.904304 -0.158291 0.137382
0.869351 -0.085732 0.116749
0.830517 -0.035128 0.071335
0.834856 0.035968 0.028560
0.765866 0.088686 0.034449
0.726979 0.161815 0.041374
0.674886 0.133816 0.095408
0.729997 0.142083 0.150385
0.745789 0.222611 0.147464
0.667206 0.249255 0.166567
0.665131 0.217136 0.235770
0.737273 0.256871 0.261986
0.720565 0.339161 0.238573
0.646455 0.367052 0.209554
0.626512 0.361847 0.138348
0.572776 0.389277 0.084926
0.565392 0.377297 0.010423
0.475166 0.391473 0.004252
0.420891 0.453597 -0.023990
0.359824 0.504608 -0.045637
0.325545 0.565105 -0.086669
0.256852 0.585732 -0.037252
0.304552 0.583862 0.037134
0.378392 0.547325 0.059181
0.384348 0.467258 0.078755
0.435632 0.398764 0.104971
0.479344 0.314387 0.090650
0.520468 0.238819 0.079768
0.462716 0.217407 0.016335
0.414234 0.203665 -0.039065
0.349530 0.173145 -0.001331
0.331231 0.250257 0.027830
0.317811 0.286740 -0.033789
0.257283 0.236488 -0.057461
0.207400 0.252778 -0.001637
0.206726 0.336965 -0.013155
0.169402 0.341654 -0.077648
0.093217 0.329186 -0.051455
0.082168 0.409389 -0.032706
0.084243 0.440641 -0.104335
0.026006 0.395484 -0.140327
-0.038807 0.352225 -0.109753
-0.041475 0.269881 -0.106973
-0.094349 0.189977 -0.105113
-0.091600 0.105979 -0.116796
-0.155362 0.088849 -0.060288
-0.238392 0.053071 -0.057579
-0.318296 0.027701 -0.043258
-0.386369 -0.017998 -0.058686
-0.438192 0.024394 -0.005241
-0.412052 0.119369 -0.021258
-0.341634 0.156801 -0.049995
-0.268224 0.162140 -0.015252
-0.185652 0.195885 -0.016123
-0.090845 0.181954 -0.008986
-0.004635 0.175150 -0.001802
-0.015092 0.090692 0.038948
-0.030938 0.017049 0.068391
-0.047619 0.043422 0.135027
-0.120867 0.080176 0.115147
-0.156278 0.011086 0.093265
-0.149756 -0.031767 0.156179
-0.192390 0.022361 0.195633
-0.261164 0.012306 0.151115
-0.277387 -0.069415 0.156226
-0.299701 -0.065024 0.225076
-0.375724 -0.030249 0.208282
-0.404290 -0.103730 0.170524
-0.392756 -0.163766 0.223545
-0.428032 -0.117390 0.281678
-0.481931 -0.143194 0.328858
-0.498316 -0.127175 0.395046
-0.540949 -0.132244 0.450635
-0.565257 -0.095327 0.509922
-0.578166 -0.076815 0.581128
-0.619802 -0.082859 0.647505
-0.642844 -0.061229 0.716638
-0.677258 -0.077140 0.781554
-0.688307 0.006153 0.804379
-0.726628 0.039627 0.729075
-0.724284 0.016236 0.657162
-0.657585 0.031875 0.613845
-0.615221 0.036673 0.547516
-0.523567 0.019353 0.527376
-0.446978 -0.001301 0.512537
-0.378258 -0.040061 0.530368
-0.333630 0.030737 0.544665
-0.391705 0.046241 0.609441
-0.396745 -0.003686 0.665760
-0.343574 0.034179 0.710419
-0.380306 0.110370 0.709548
-0.452125 0.077438 0.740781
-0.426793 0.045590 0.801552
-0.398981 0.120047 0.827038
-0.477484 0.151380 0.840158
-0.488803 0.094270 0.899045
-0.415851 0.094893 0.938334
-0.349988 0.149753 0.930561
-0.279489 0.137339 0.894098
-0.187485 0.166233 0.892614
-0.109063 0.148615 0.867458
-0.082329 0.234645 0.863524
-0.018029 0.284762 0.895417
0.030587 0.345503 0.922670
0.101113 0.377351 0.953597
0.072197 0.458340 0.971146
-0.016520 0.437957 1.000000
-0.068127 0.368136 0.991191
-0.116663 0.353906 0.933411
-0.179211 0.305443 0.892803
-0.203681 0.247357 0.828004
-0.233379 0.199003 0.769353
-0.162287 0.234943 0.719017
-0.097475 0.263701 0.680152
-0.134180 0.336640 0.662415
-0.130353 0.368136 0.729993
-0.049047 0.367160 0.735434
-0.029860 0.413699 0.676783
-0.068181 0.482002 0.703636
-0.028054 0.487749 0.767115
0.048832 0.501003 0.742713
0.032285 0.582534 0.726766
0.028755 0.616604 0.792601
0.112485 0.603025 0.803201
0.138033 0.654605 0.746175
0.095804 0.727435 0.777220
0.152370 0.735133 0.832032
0.196055 0.800564 0.848520
0.224459 0.863365 0.883028
0.224728 0.930422 0.923777
0.289837 1.000000 0.916428
