0.254369 0.685522 0.747336
0.119899 0.682577 0.772196
0.004243 0.573681 0.753736
-0.132119 0.582947 0.764871
-0.257321 0.495744 0.753699
-0.345769 0.383615 0.681415
-0.486926 0.393313 0.667283
-0.600092 0.252451 0.618230
-0.718515 0.153755 0.581311
-0.791653 -0.031785 0.561409
-0.850911 0.048738 0.462045
-0.723449 0.050749 0.396678
-0.685451 -0.186654 0.421907
-0.627254 -0.399706 0.406222
-0.604104 -0.620515 0.441921
-0.532442 -0.825019 0.437223
-0.458520 -1.000000 0.474882
-0.330920 -0.876019 0.468593
-0.341157 -0.645441 0.481022
-0.401015 -0.492440 0.411216
-0.428591 -0.265525 0.372078
-0.540327 -0.150523 0.300348
-0.621351 -0.007219 0.245487
-0.727646 0.071436 0.177419
-0.631081 0.190317 0.110610
-0.577312 0.022519 0.048017
-0.525847 -0.091908 -0.052197
-0.543187 -0.308336 -0.105505
-0.499746 -0.438351 -0.200799
-0.487388 -0.659591 -0.173091
-0.492091 -0.809575 -0.089006
-0.411021 -0.965665 -0.140685
-0.284482 -0.822648 -0.130068
-0.283606 -0.794634 -0.008028
-0.185843 -0.807923 0.089265
-0.182984 -0.814603 0.212933
-0.118192 -0.822433 0.312814
-0.139590 -0.748447 0.419059
-0.142449 -0.522106 0.440034
-0.207840 -0.355386 0.375777
-0.232972 -0.128614 0.329535
-0.344247 0.021873 0.280408
-0.400738 0.226233 0.248187
-0.455384 0.376288 0.174793
-0.422181 0.349855 0.063073
-0.382476 0.156916 0.015167
-0.320175 0.027044 -0.080682
-0.333595 -0.196710 -0.133360
-0.291307 -0.337212 -0.228951
-0.332995 -0.555580 -0.278818
-0.360065 -0.588335 -0.390093
-0.208762 -0.648529 -0.419207
-0.151672 -0.709442 -0.295354
-0.090247 -0.724383 -0.194103
-0.087526 -0.683080 -0.070139
0.007286 -0.676974 0.029743
0.014572 -0.672305 0.155223
0.061333 -0.678196 0.267017
0.076873 -0.608807 0.379920
0.061010 -0.394031 0.401006
-0.006041 -0.233057 0.339191
-0.028361 -0.001904 0.297425
-0.134932 0.152318 0.249297
-0.181877 0.361563 0.218815
-0.246484 0.504938 0.149231
-0.219092 0.479797 0.034996
-0.179294 0.286715 -0.014390
-0.119253 0.164314 -0.113828
-0.127231 -0.044571 -0.171907
-0.048559 -0.138958 -0.275710
0.014157 -0.255037 -0.355949
0.093844 -0.296268 -0.448616
0.129029 -0.270409 -0.569732
0.167489 -0.350070 -0.684559
0.208116 -0.339295 -0.793060
0.217478 -0.468664 -0.893571
0.189809 -0.539489 -1.000000
0.086373 -0.707862 -0.943696
0.053770 -0.595733 -0.820435
0.034079 -0.616636 -0.697988
0.092368 -0.619366 -0.587082
0.083145 -0.679345 -0.469444
0.113120 -0.659304 -0.351879
0.114826 -0.657365 -0.242305
0.114042 -0.585461 -0.129661
0.205073 -0.554143 -0.028337
0.209684 -0.560823 0.098180
0.257044 -0.581942 0.209123
0.279456 -0.509464 0.322581
0.267189 -0.294904 0.349290
0.195066 -0.123586 0.293430
0.181370 0.115972 0.264427
0.075674 0.282980 0.227064
0.027577 0.494379 0.199726
-0.030205 0.646662 0.128625
-0.015771 0.622957 0.014094
0.017800 0.426714 -0.044170
0.086004 0.291887 -0.135210
0.092921 0.063391 -0.180342
0.200507 -0.061236 -0.258730
0.264515 -0.248070 -0.228618
0.309477 -0.454656 -0.202464
0.382476 -0.386345 -0.085676
0.391884 -0.410193 0.040286
0.442011 -0.446827 0.147603
0.473369 -0.402651 0.263318
0.473369 -0.192041 0.302863
0.402675 -0.010667 0.253255
0.389532 0.226376 0.224660
0.293336 0.395539 0.185003
0.251556 0.610530 0.164065
0.179709 0.768775 0.108427
0.181646 0.756851 -0.003699
0.217708 0.570018 -0.068733
0.282684 0.450131 -0.167283
0.295919 0.258126 -0.234278
0.333134 0.141472 -0.327834
0.359235 -0.033509 -0.391943
0.447591 -0.165823 -0.331866
0.481024 -0.177531 -0.225880
0.576113 -0.226879 -0.127405
0.583353 -0.284129 -0.010210
0.642333 -0.340876 0.093149
0.674937 -0.309701 0.205312
0.677335 -0.099666 0.246079
0.608623 0.087311 0.202760
0.592022 0.331466 0.174904
0.502559 0.517222 0.153300
0.453309 0.728118 0.142572
0.381554 0.895485 0.098032
0.390362 0.906547 -0.016462
0.420567 0.716625 -0.087415
0.473645 0.610961 -0.194695
0.494766 0.432820 -0.263835
0.520406 0.316956 -0.356762
0.541342 0.137234 -0.417098
0.639244 -0.003771 -0.367971
0.673415 -0.005998 -0.257066
0.765414 -0.053191 -0.161216
0.781877 -0.090687 -0.043726
0.852894 -0.152606 0.051347
0.879041 -0.166541 0.162733
0.891307 0.030636 0.216373
0.815817 0.222713 0.160957
0.785751 0.436914 0.109537
0.686373 0.589915 0.051458
0.683468 0.815034 -0.018719
0.597556 0.919693 -0.112126
0.600830 1.000000 -0.237237
0.657229 0.786230 -0.209234
0.726539 0.623676 -0.152967
0.848374 0.597673 -0.072137
0.945492 0.591926 0.006030
0.978464 0.646302 0.125555
1.000000 0.413138 0.191699
0.991008 0.285135 0.297240
0.961125 0.127321 0.386653
0.946830 -0.018066 0.468852
0.884759 -0.192400 0.518608
0.793544 -0.078548 0.585750
0.686189 -0.049959 0.514686
0.618446 -0.237654 0.535550
0.577081 -0.196710 0.641684
0.509154 -0.013684 0.620598
0.413189 -0.111518 0.550311
0.357159 -0.243329 0.627516
0.316624 -0.089610 0.702945
0.233572 0.015480 0.630919
0.147429 -0.154258 0.600880
0.106295 -0.204899 0.706533
0.058381 -0.007075 0.734500
-0.037399 0.004777 0.652264
-0.112889 -0.171569 0.685669
-0.140558 -0.096434 0.793060
-0.200461 0.104622 0.756881
-0.313396 0.004777 0.707902
-0.453678 0.052401 0.752257
-0.585751 0.096505 0.772788
-0.703297 0.169773 0.810743
-0.792714 0.185864 0.892054
-0.913350 0.233919 0.930527
-1.000000 0.354883 1.000000
