-0.501510 -0.675447 -0.216369
-0.452475 -0.632108 -0.249414
-0.402622 -0.606612 -0.289412
-0.357907 -0.573648 -0.319944
-0.335549 -0.507664 -0.333018
-0.268456 -0.472393 -0.344128
-0.200063 -0.455207 -0.354973
-0.138947 -0.421418 -0.353953
-0.071644 -0.410855 -0.350136
-0.007907 -0.389561 -0.325121
0.057131 -0.398811 -0.307455
0.115436 -0.419185 -0.284103
0.184207 -0.409430 -0.292945
0.230201 -0.451324 -0.258275
0.271183 -0.489841 -0.285596
0.334039 -0.527964 -0.303355
0.383578 -0.557513 -0.338063
0.418687 -0.581997 -0.384881
0.462940 -0.570515 -0.442110
0.506900 -0.581171 -0.489457
0.491254 -0.554680 -0.541207
0.503901 -0.511604 -0.595091
0.534123 -0.458772 -0.613626
0.574161 -0.429804 -0.645481
0.557110 -0.368098 -0.676976
0.554027 -0.304403 -0.649316
0.569190 -0.245999 -0.652528
0.529635 -0.194856 -0.648164
0.483620 -0.182661 -0.595337
0.461451 -0.153975 -0.547536
0.423553 -0.146114 -0.504232
0.403398 -0.121555 -0.456960
0.395281 -0.128853 -0.402471
0.357236 -0.112587 -0.362039
0.351930 -0.078460 -0.317431
0.353104 -0.074333 -0.261884
0.323469 -0.036003 -0.231598
0.322085 0.016848 -0.213592
0.317303 0.052138 -0.168323
0.293981 0.101780 -0.150809
0.303398 0.150579 -0.122090
0.310591 0.188814 -0.073024
0.298721 0.231853 -0.032988
0.314744 0.285529 -0.003835
0.309123 0.333840 0.035407
0.308997 0.384833 0.065258
0.281879 0.425658 0.097548
0.242596 0.449785 0.057682
0.207194 0.402094 0.049974
0.185759 0.399505 0.105256
0.154866 0.449841 0.108695
0.111346 0.435939 0.067223
0.088612 0.386878 0.092257
0.069883 0.413444 0.143119
0.028482 0.450573 0.118916
-0.009165 0.409448 0.096811
-0.022211 0.380818 0.146822
-0.056376 0.425170 0.169721
-0.102747 0.425358 0.125623
-0.089471 0.359355 0.106333
-0.092093 0.300839 0.090954
-0.123930 0.321213 0.032440
-0.110612 0.338249 -0.022616
-0.114744 0.348117 -0.081375
-0.086577 0.364740 -0.129723
-0.074560 0.419598 -0.115326
-0.037416 0.406934 -0.068263
0.008096 0.378436 -0.101345
0.023364 0.421868 -0.138736
0.043918 0.460667 -0.100892
0.090080 0.425433 -0.078635
0.122945 0.412037 -0.126304
0.141191 0.466502 -0.134522
0.169002 0.480235 -0.083510
0.212018 0.428303 -0.087024
0.223763 0.390143 -0.129893
0.172190 0.341776 -0.140852
0.123091 0.305360 -0.145859
0.070491 0.280839 -0.127135
0.097525 0.232435 -0.106239
0.121539 0.263166 -0.058003
0.063549 0.275961 -0.037334
0.040562 0.222604 -0.032327
0.087773 0.203692 0.003401
0.078461 0.241440 0.045685
0.017240 0.227313 0.058060
0.029195 0.172830 0.071985
0.071896 0.184649 0.115326
0.033054 0.218289 0.147994
-0.010508 0.176526 0.157440
0.029656 0.139547 0.183438
0.046414 0.173712 0.228027
-0.012521 0.181066 0.250359
-0.021791 0.124838 0.263925
0.029467 0.118309 0.298122
0.011871 0.156545 0.338573
-0.041779 0.128928 0.354822
-0.013066 0.078254 0.369729
0.026783 0.103000 0.411540
-0.018687 0.125270 0.451179
-0.042303 0.069567 0.470280
0.022735 0.042363 0.489930
0.034711 0.033039 0.549123
0.063024 -0.024690 0.539072
0.115478 -0.054502 0.534386
0.165331 -0.077691 0.513225
0.212940 -0.112231 0.522559
0.271309 -0.127727 0.528114
0.314933 -0.168027 0.511204
0.357383 -0.190071 0.545193
0.406397 -0.227238 0.556397
0.400105 -0.263428 0.606314
0.413024 -0.309037 0.638679
0.413570 -0.350144 0.682229
0.437584 -0.349881 0.747544
0.434123 -0.350819 0.809024
0.445050 -0.352339 0.865270
0.477978 -0.315435 0.916887
0.505055 -0.286693 0.965122
0.550461 -0.230709 0.979406
0.585717 -0.179978 1.000000
0.633263 -0.130617 0.999395
0.687815 -0.090205 0.981484
0.741548 -0.062907 0.953276
0.792953 -0.052401 0.904871
0.834983 -0.054033 0.856390
0.866401 -0.074351 0.799312
0.875797 -0.106189 0.744294
0.895407 -0.144331 0.698949
0.916128 -0.194668 0.669400
0.958725 -0.228288 0.633143
0.945218 -0.295792 0.617499
0.963024 -0.346072 0.571985
0.985298 -0.392113 0.541982
0.976825 -0.458415 0.534008
1.000000 -0.515469 0.504610
0.969044 -0.578620 0.496184
0.963024 -0.636480 0.484337
0.935612 -0.694283 0.451349
0.898469 -0.745690 0.447136
0.854362 -0.801542 0.428204
0.800503 -0.837902 0.436593
0.739912 -0.883135 0.430982
0.676279 -0.899552 0.444717
0.602328 -0.922985 0.437859
0.542261 -0.945123 0.443017
0.465394 -0.934054 0.453371
0.403628 -0.961464 0.456753
0.328146 -0.963434 0.457395
0.264451 -0.990826 0.453031
0.190919 -0.983021 0.466086
0.127747 -1.000000 0.469430
0.057592 -0.998574 0.476629
-0.017555 -0.992439 0.453597
-0.079908 -0.968556 0.440372
-0.136242 -0.936662 0.401205
-0.186221 -0.933660 0.346338
-0.197630 -0.899364 0.293833
-0.193498 -0.895255 0.221622
-0.173448 -0.891034 0.159821
-0.144400 -0.875462 0.096301
-0.111053 -0.848746 0.043077
-0.046456 -0.831223 0.006292
0.030852 -0.832123 -0.006669
0.088528 -0.809835 -0.028397
0.156040 -0.779591 -0.007387
0.221435 -0.764770 0.004081
0.271644 -0.711469 0.004251
0.318310 -0.672370 0.024354
0.361011 -0.628637 0.035369
0.376447 -0.565524 0.063634
0.407760 -0.517045 0.091653
0.401426 -0.449204 0.075102
0.415478 -0.387910 0.106465
0.417177 -0.329900 0.117197
0.404488 -0.272340 0.097340
0.429048 -0.244780 0.156023
0.494799 -0.208195 0.150336
0.543750 -0.168083 0.158045
0.607949 -0.154781 0.146482
0.664304 -0.125288 0.144404
0.709543 -0.079773 0.116762
0.772924 -0.052288 0.109772
0.826216 -0.025591 0.075801
0.867890 -0.012120 0.015833
0.894337 0.022983 -0.033820
0.934039 0.051669 -0.076859
0.933012 0.090599 -0.135845
0.940751 0.154594 -0.169173
0.933914 0.208589 -0.201236
0.929425 0.278907 -0.199592
0.941862 0.344815 -0.198402
0.919358 0.403970 -0.163052
0.903272 0.459766 -0.129157
0.888024 0.508583 -0.088762
0.835403 0.538451 -0.046951
0.791024 0.545093 0.013471
0.750881 0.528302 0.065013
0.713192 0.516745 0.118916
0.677223 0.462937 0.151716
0.664891 0.411718 0.188218
0.625839 0.383558 0.228801
0.630977 0.344065 0.273258
0.570365 0.311251 0.302732
0.560361 0.255549 0.333869
0.564220 0.250539 0.396520
0.527244 0.278719 0.449573
0.503607 0.263053 0.509957
0.495323 0.299994 0.563331
0.486451 0.308793 0.626757
0.475231 0.373558 0.651338
0.476930 0.411399 0.698968
0.481774 0.481192 0.708736
0.471414 0.543573 0.713951
0.467114 0.602053 0.690164
0.433641 0.666592 0.682984
0.389178 0.709536 0.660255
0.327496 0.755295 0.661181
0.258977 0.767790 0.666490
0.196686 0.790829 0.667832
0.123427 0.774357 0.689219
0.061514 0.771224 0.724494
-0.005789 0.776758 0.737662
-0.056921 0.782180 0.785633
-0.125545 0.769179 0.807588
-0.177496 0.761637 0.854141
-0.235193 0.761055 0.885864
-0.313297 0.750136 0.888414
-0.372064 0.712838 0.908442
-0.428838 0.691132 0.937632
-0.480872 0.640645 0.926164
-0.534039 0.593910 0.941146
-0.558347 0.535468 0.912712
-0.601951 0.486895 0.929017
-0.611011 0.417084 0.916075
-0.616254 0.352789 0.904096
-0.627810 0.293484 0.898409
-0.644421 0.233654 0.879988
-0.651552 0.176113 0.890512
-0.683159 0.124182 0.854519
-0.705117 0.066453 0.851194
-0.756753 0.037917 0.807002
-0.752286 0.003246 0.756632
-0.774895 -0.028893 0.708529
-0.774937 -0.065046 0.656118
-0.761976 -0.061519 0.587931
-0.755348 -0.078348 0.532591
-0.738024 -0.073957 0.472812
-0.776405 -0.126395 0.444623
-0.831732 -0.100017 0.402925
-0.823742 -0.113413 0.338006
-0.869169 -0.148196 0.314805
-0.892408 -0.163637 0.255158
-0.937395 -0.199996 0.227498
-0.965793 -0.188983 0.171138
-0.972211 -0.217032 0.106541
-0.996980 -0.234911 0.054244
-0.990164 -0.240108 -0.014057
-1.000000 -0.249958 -0.073591
-0.964933 -0.262828 -0.134447
-0.987752 -0.278212 -0.194698
-0.980935 -0.255567 -0.253533
-0.977412 -0.247988 -0.323232
-0.955411 -0.210503 -0.368009
-0.923784 -0.185419 -0.429357
-0.883117 -0.169715 -0.488078
-0.844862 -0.142174 -0.536408
-0.784228 -0.126227 -0.580317
-0.746644 -0.115964 -0.639850
-0.695050 -0.081030 -0.670496
-0.632404 -0.076790 -0.714839
-0.593855 -0.068460 -0.766343
-0.515772 -0.066171 -0.781741
-0.463318 -0.056903 -0.834398
-0.394945 -0.066078 -0.861963
-0.339430 -0.073788 -0.895178
-0.268666 -0.062757 -0.917435
-0.196393 -0.046828 -0.925729
-0.140436 -0.048592 -0.956337
-0.067638 -0.021594 -0.969562
0.000671 0.001201 -0.974324
0.065457 0.027898 -0.989760
0.121980 0.073920 -0.980218
0.190646 0.092118 -1.000000
0.249035 0.137690 -0.999792
0.304006 0.172942 -0.994955
0.351992 0.212529 -0.997412
0.392995 0.269226 -0.981314
0.446602 0.313409 -0.985225
0.470533 0.376184 -0.959738
0.493519 0.419317 -0.922328
0.523826 0.465263 -0.904587
0.529698 0.512110 -0.852233
0.549769 0.559408 -0.821323
0.531460 0.603816 -0.772502
0.544652 0.654434 -0.737474
0.509753 0.694283 -0.691316
0.499455 0.742087 -0.652018
0.460570 0.786608 -0.631027
0.394484 0.817677 -0.604179
0.334794 0.825988 -0.573307
0.279279 0.848483 -0.542643
0.211451 0.865124 -0.530060
0.150336 0.851016 -0.510391
0.084501 0.879965 -0.492990
0.035088 0.892272 -0.439484
0.010277 0.909326 -0.383691
-0.032026 0.947412 -0.340538
-0.042408 0.962852 -0.278850
-0.063255 0.980770 -0.222604
-0.080201 0.968894 -0.157251
-0.092135 1.000000 -0.099399
-0.139702 0.979419 -0.049898
-0.180600 0.975441 -0.004704
-0.225545 0.941596 0.038807
-0.266820 0.927994 0.088951
-0.296141 0.879740 0.126530
-0.333242 0.874355 0.170552
-0.370784 0.828634 0.208510
-0.410759 0.812818 0.254383
-0.453859 0.784807 0.290678
-0.516988 0.745183 0.298519
-0.567596 0.709724 0.319868
-0.615373 0.666592 0.304111
-0.665038 0.642277 0.266551
-0.669002 0.586912 0.224116
-0.695805 0.539802 0.194717
-0.662500 0.502204 0.142477
-0.630348 0.465001 0.108109
-0.559186 0.437984 0.113078
-0.497483 0.411399 0.107221
-0.451992 0.423801 0.149996
-0.389618 0.421174 0.164752
-0.352349 0.430330 0.213913
-0.286871 0.440029 0.225854
-0.282047 0.432487 0.295704
-0.239618 0.376034 0.311990
-0.197483 0.331983 0.335229
-0.235151 0.277856 0.348606
-0.249518 0.217219 0.357089
-0.311829 0.199077 0.321588
-0.302747 0.131967 0.305472
-0.314534 0.072963 0.326122
-0.348595 0.034784 0.274902
-0.292575 0.002814 0.237625
-0.250923 -0.048142 0.249584
-0.274727 -0.095458 0.206035
-0.266359 -0.090993 0.141267
-0.200944 -0.121274 0.131103
-0.200461 -0.167933 0.093278
-0.161766 -0.196976 0.058268
-0.163444 -0.236844 0.017099
-0.132236 -0.276712 -0.013679
-0.124392 -0.301720 -0.070190
