-1.000000 -1.000000 0.683309
-0.892640 -0.978410 0.570114
-0.795626 -0.949721 0.483353
-0.761221 -0.858047 0.311791
-0.652851 -0.785722 0.300724
-0.544278 -0.754583 0.247225
-0.441569 -0.760312 0.377051
-0.323325 -0.790330 0.334050
-0.228636 -0.844263 0.207323
-0.138192 -0.879056 0.092484
-0.019073 -0.836458 0.081291
0.077975 -0.849619 0.035950
0.137047 -0.819684 -0.148892
0.242317 -0.786427 -0.171278
0.352709 -0.795811 -0.176526
0.443186 -0.756783 -0.273469
0.533866 -0.661041 -0.207260
0.630880 -0.630275 -0.204351
0.687997 -0.536775 -0.239827
0.773554 -0.510618 -0.135928
0.844656 -0.427581 -0.084200
0.878016 -0.319342 -0.138774
0.942614 -0.234187 -0.103361
0.955654 -0.110585 -0.102982
1.000000 -0.118723 -0.284535
0.912623 -0.135746 -0.392734
0.871175 -0.022067 -0.334809
0.950667 0.048515 -0.414108
0.941502 0.021694 -0.604768
0.838118 0.077495 -0.606792
0.846880 0.208237 -0.580422
0.836737 0.334870 -0.607424
0.856584 0.458471 -0.572327
0.766983 0.477362 -0.458121
0.788213 0.418364 -0.276568
0.767590 0.534865 -0.145856
0.771162 0.438168 0.001865
0.788078 0.324988 0.110570
0.777463 0.232194 0.240459
0.798895 0.141226 0.365289
0.773689 0.038177 0.470579
0.707508 0.111333 0.583837
0.641090 0.157584 0.452303
0.606584 0.050881 0.377367
0.560655 0.014552 0.551080
0.495080 0.114280 0.565751
0.447702 0.105769 0.396339
0.406962 -0.010940 0.430107
0.347486 0.029748 0.580042
0.294447 0.122418 0.488601
0.254178 0.046605 0.356752
0.204172 -0.032821 0.478863
0.142034 0.062423 0.545135
0.103585 0.110045 0.374711
0.050950 0.005003 0.327031
-0.021600 0.010400 0.464635
-0.050445 0.136825 0.406393
-0.026890 0.196695 0.235527
0.068945 0.275415 0.230847
0.092735 0.252538 0.020267
0.147156 0.272591 -0.175262
0.172631 0.230990 -0.384893
0.218763 0.316726 -0.516869
0.204542 0.425920 -0.611724
0.100013 0.441863 -0.594144
0.101564 0.453447 -0.401271
0.170980 0.541965 -0.365036
0.125826 0.634095 -0.467670
0.038516 0.638123 -0.355740
0.092499 0.672209 -0.184241
0.138900 0.776754 -0.249376
0.048423 0.837620 -0.301104
0.015804 0.843350 -0.103614
0.081143 0.828071 0.055111
0.124141 0.721160 0.130174
0.187222 0.645513 0.256521
0.294649 0.564842 0.238625
0.357393 0.471798 0.150915
0.429910 0.425630 0.005660
0.459058 0.313197 -0.117273
0.543975 0.264205 -0.247921
0.607326 0.202176 -0.396655
0.701173 0.177763 -0.490246
0.655614 0.093023 -0.638726
0.612178 0.171327 -0.788851
0.577740 0.149115 -0.990388
0.585995 0.284258 -0.983052
0.586097 0.408316 -0.922029
0.494676 0.450126 -1.000000
0.429303 0.414461 -0.856072
0.487903 0.502481 -0.698865
0.530024 0.620353 -0.716318
0.444197 0.678147 -0.626648
0.454071 0.651118 -0.431056
0.523386 0.735899 -0.375597
0.468999 0.836582 -0.433206
0.387417 0.809221 -0.314763
0.443961 0.825289 -0.150915
0.474323 0.947105 -0.170456
0.379836 1.000000 -0.181079
0.353350 0.933279 0.008948
0.405951 0.863403 0.134727
0.433785 0.730502 0.115186
0.476008 0.614498 0.141367
0.562340 0.525067 0.059791
0.602709 0.388304 -0.011478
0.660433 0.271969 -0.049546
0.669902 0.138320 -0.136814
0.701678 0.029873 -0.245265
0.582053 -0.016587 -0.268473
0.490059 -0.059351 -0.351883
0.480860 -0.165265 -0.239131
0.471189 -0.105894 -0.065166
0.391663 -0.031824 -0.119676
0.328346 -0.131095 -0.156860
0.333300 -0.185236 0.021659
0.294851 -0.084553 0.119676
0.200431 -0.093023 0.017801
0.169295 -0.193000 -0.094634
0.225030 -0.230242 -0.277073
0.260615 -0.277698 -0.452050
0.304792 -0.152851 -0.498972
0.357764 -0.047518 -0.504411
0.388294 0.082768 -0.420811
0.421148 0.213012 -0.416258
0.328414 0.258807 -0.282891
0.297884 0.321417 -0.086161
0.227423 0.362272 0.069972
0.209395 0.404330 0.267272
0.151874 0.441407 0.432573
0.104933 0.457018 0.602365
0.074808 0.381869 0.799791
0.067024 0.322788 0.970595
0.115817 0.208819 0.937332
0.213101 0.292188 0.877383
0.260615 0.390588 0.956935
0.351024 0.338440 1.000000
0.371344 0.303730 0.805103
0.367368 0.427332 0.740791
0.440423 0.479645 0.859108
0.516714 0.403583 0.799349
0.505695 0.444105 0.610333
0.522645 0.570613 0.639106
0.617368 0.562309 0.711765
0.656793 0.481971 0.564992
0.637485 0.586556 0.425238
0.684931 0.688692 0.511620
0.782585 0.630192 0.515351
0.805533 0.644849 0.325450
0.833232 0.698781 0.164195
0.830098 0.763136 0.005913
0.865885 0.813871 -0.157935
0.957912 0.890640 -0.201632
