0.337923 0.539962 0.524890
0.343131 0.490541 0.488491
0.355521 0.432283 0.479438
0.380776 0.386772 0.446029
0.365627 0.337286 0.409003
0.379254 0.275372 0.405239
0.381442 0.219206 0.378228
0.343369 0.155558 0.364805
0.309672 0.097427 0.360143
0.244988 0.068066 0.326566
0.183872 0.037521 0.305680
0.137690 0.017778 0.251281
0.146299 -0.060308 0.249023
0.134480 -0.119877 0.282223
0.076907 -0.136724 0.317660
0.022282 -0.172406 0.346909
-0.050843 -0.187097 0.345654
-0.038786 -0.253852 0.369049
-0.026325 -0.258545 0.433192
-0.110009 -0.240768 0.441701
-0.173908 -0.214028 0.444691
-0.230672 -0.173822 0.436140
-0.285273 -0.119581 0.450712
-0.345319 -0.080517 0.461395
-0.403439 -0.045088 0.477305
-0.475637 -0.038007 0.485522
-0.482129 -0.022153 0.416195
-0.430358 -0.032617 0.368276
-0.377613 0.014205 0.352616
-0.316140 -0.026529 0.383036
-0.237307 -0.051916 0.390604
-0.177665 -0.084152 0.423700
-0.093910 -0.092523 0.420752
-0.024137 -0.109159 0.418766
0.053982 -0.078403 0.411950
0.093101 -0.084448 0.466789
0.078119 -0.021265 0.495996
0.001998 -0.018961 0.467249
-0.068488 0.004270 0.441199
-0.127964 0.004228 0.395706
-0.187177 0.033695 0.357697
-0.252218 0.020335 0.315967
-0.307579 0.009216 0.274069
-0.362108 -0.023273 0.240681
-0.359659 0.022195 0.186678
-0.283132 0.037162 0.173904
-0.218187 0.017883 0.202296
-0.187082 0.063120 0.244820
-0.153242 0.099774 0.288913
-0.164776 0.138267 0.345717
-0.107465 0.105376 0.392925
-0.050011 0.103790 0.445652
-0.021236 0.080094 0.501620
0.037906 0.105608 0.545044
0.083827 0.067812 0.600928
0.129438 0.017122 0.590517
0.195620 -0.024500 0.589764
0.149438 -0.084491 0.562355
0.095527 -0.124717 0.552320
0.027324 -0.146004 0.548222
-0.027657 -0.195087 0.574272
-0.097382 -0.148054 0.581715
-0.179996 -0.134272 0.575756
-0.249007 -0.096878 0.604901
-0.305439 -0.070624 0.635299
-0.357304 -0.046547 0.674249
-0.422511 -0.051219 0.704146
-0.428527 0.016446 0.718467
-0.399610 0.037140 0.650290
-0.397113 0.048090 0.585583
-0.329196 0.085083 0.591039
-0.280612 0.028960 0.614100
-0.205108 -0.003150 0.624720
-0.151078 -0.053650 0.629926
-0.070367 -0.073520 0.642052
0.000428 -0.113831 0.637662
0.082329 -0.133891 0.652798
0.154408 -0.136830 0.667663
0.150317 -0.089057 0.714411
0.088060 -0.087492 0.756371
0.019120 -0.059209 0.725889
-0.046634 -0.018221 0.720495
-0.100378 0.020039 0.681566
-0.148605 0.075486 0.664130
-0.200043 0.103219 0.613368
-0.218021 0.134779 0.557316
-0.238520 0.127423 0.492212
-0.252503 0.191663 0.477389
-0.183373 0.215930 0.499028
-0.126917 0.182151 0.529489
-0.121971 0.177648 0.598419
-0.099617 0.170799 0.661475
-0.121400 0.156488 0.723380
-0.070129 0.095166 0.741465
-0.020927 0.055214 0.786624
0.003686 -0.007610 0.810123
0.049321 -0.046230 0.850097
0.081235 -0.109941 0.858105
0.148605 -0.139578 0.837448
0.124801 -0.183503 0.782275
0.101448 -0.215106 0.730217
0.046016 -0.221088 0.680375
-0.002996 -0.262139 0.637766
-0.080450 -0.235758 0.664903
-0.163730 -0.218150 0.666681
-0.234715 -0.207411 0.708055
-0.312906 -0.193481 0.719680
-0.382084 -0.179276 0.760344
-0.443604 -0.159152 0.789279
-0.424080 -0.178916 0.850724
-0.357804 -0.135519 0.848947
-0.339944 -0.073097 0.854529
-0.266391 -0.092819 0.882942
-0.244846 -0.150210 0.836090
-0.186916 -0.190035 0.801865
-0.147250 -0.235948 0.763898
-0.073030 -0.273131 0.757960
-0.001498 -0.293804 0.742510
0.065349 -0.326442 0.773787
0.125776 -0.350794 0.804708
0.177285 -0.384108 0.843198
0.241825 -0.413998 0.855345
0.231219 -0.453231 0.800464
0.221755 -0.473291 0.740963
0.148415 -0.483840 0.723213
0.099189 -0.445811 0.768037
0.024542 -0.422728 0.776484
-0.036170 -0.374131 0.800840
-0.095313 -0.342444 0.832159
-0.117476 -0.273131 0.852125
-0.139141 -0.217177 0.887019
-0.149105 -0.146553 0.887395
-0.158950 -0.084681 0.910372
-0.180448 -0.017482 0.903514
-0.179092 0.045723 0.922498
-0.200804 0.108885 0.938596
-0.161661 0.168453 0.917041
-0.121995 0.221215 0.889549
-0.069107 0.190204 0.853714
-0.029773 0.158010 0.808262
0.002331 0.119116 0.861387
-0.000975 0.048492 0.891347
-0.005018 -0.007483 0.928331
-0.015885 -0.078910 0.927913
-0.014482 -0.124062 0.981832
-0.074861 -0.162893 0.969643
-0.075932 -0.236329 0.969204
-0.115027 -0.298328 0.947084
-0.132577 -0.361870 0.932993
-0.155002 -0.416492 0.886266
-0.088868 -0.448454 0.847191
-0.040213 -0.500920 0.817357
-0.022711 -0.518908 0.756936
-0.018596 -0.477857 0.699275
-0.009893 -0.433805 0.648241
-0.005256 -0.378781 0.610734
-0.072150 -0.377766 0.579624
-0.144420 -0.365126 0.571199
-0.167059 -0.425730 0.551504
-0.164063 -0.449891 0.616692
-0.228532 -0.403344 0.635613
-0.305700 -0.397912 0.670674
-0.378493 -0.379901 0.687734
-0.452879 -0.400258 0.717380
-0.507455 -0.365992 0.739270
-0.469240 -0.311455 0.755326
-0.424413 -0.348595 0.802492
-0.423676 -0.408544 0.827769
-0.359540 -0.424335 0.778386
-0.292407 -0.458917 0.749765
-0.244560 -0.482022 0.697895
-0.177737 -0.525905 0.679936
-0.113743 -0.548545 0.639021
-0.057002 -0.606570 0.632498
-0.061354 -0.659458 0.596914
-0.114076 -0.693111 0.644645
-0.150294 -0.638109 0.678242
-0.210078 -0.615342 0.719492
-0.234572 -0.560594 0.759884
-0.284535 -0.536749 0.813113
-0.315688 -0.481599 0.850285
-0.355735 -0.452681 0.904393
-0.374355 -0.404380 0.945412
-0.412642 -0.439998 0.989421
-0.356781 -0.488004 1.000000
-0.289149 -0.499989 0.979804
-0.285106 -0.547128 0.925383
-0.255618 -0.599784 0.884426
-0.254857 -0.635826 0.824779
-0.226035 -0.692456 0.783404
-0.211172 -0.716850 0.717255
-0.199020 -0.770880 0.667559
-0.173194 -0.802926 0.612093
-0.146013 -0.852960 0.582488
-0.108963 -0.891538 0.547762
-0.108535 -0.948147 0.525245
-0.064564 -1.000000 0.519245
-0.073244 -0.999112 0.446530
-0.028394 -0.937367 0.438314
0.033245 -0.901558 0.431833
-0.025231 -0.848712 0.407351
-0.069487 -0.809563 0.439485
-0.098024 -0.746380 0.438753
-0.122423 -0.718308 0.499111
-0.110865 -0.655780 0.506596
-0.119831 -0.591646 0.515252
-0.138118 -0.523728 0.491731
-0.216190 -0.508804 0.525141
-0.280445 -0.466443 0.554933
-0.362274 -0.459784 0.575944
-0.433759 -0.435136 0.599632
-0.498252 -0.412497 0.616713
-0.540344 -0.368740 0.647467
-0.596038 -0.419853 0.673726
-0.557823 -0.482846 0.678388
-0.522389 -0.541717 0.682194
-0.461939 -0.531401 0.628672
-0.399919 -0.555288 0.587192
-0.342108 -0.549665 0.539566
-0.283941 -0.585241 0.499258
-0.217165 -0.597311 0.464887
-0.165537 -0.637770 0.419038
-0.127036 -0.677490 0.377203
-0.193693 -0.702560 0.347829
-0.257663 -0.664743 0.346470
-0.294476 -0.657704 0.407560
-0.354546 -0.648276 0.453785
-0.383439 -0.641005 0.521377
-0.440727 -0.644366 0.570300
-0.456565 -0.634452 0.637097
-0.496112 -0.665673 0.695888
-0.478776 -0.675925 0.758859
-0.423486 -0.639969 0.795802
-0.427790 -0.653138 0.861241
-0.387173 -0.719090 0.845832
-0.345319 -0.767201 0.820367
-0.410502 -0.809521 0.801656
-0.462962 -0.768702 0.761661
-0.447243 -0.759718 0.700257
-0.461749 -0.736297 0.631829
-0.458776 -0.739637 0.556794
-0.450548 -0.716342 0.490770
-0.437302 -0.708901 0.419665
-0.399967 -0.676834 0.365621
-0.385532 -0.679075 0.290983
-0.329481 -0.643583 0.243252
-0.258710 -0.651447 0.253706
-0.186131 -0.674107 0.240660
-0.157047 -0.625447 0.291589
-0.160353 -0.577800 0.334574
-0.182160 -0.532035 0.376430
-0.172005 -0.466189 0.396061
-0.256118 -0.448348 0.411950
-0.320611 -0.418078 0.452614
-0.403201 -0.393240 0.455730
-0.467551 -0.360391 0.469633
-0.523127 -0.322024 0.481131
-0.567953 -0.294248 0.523489
-0.613208 -0.350646 0.523614
-0.593446 -0.411334 0.494324
-0.611186 -0.431268 0.433255
-0.527716 -0.431775 0.418787
-0.457968 -0.450927 0.387698
-0.380942 -0.444860 0.370366
-0.317519 -0.466675 0.324371
-0.239186 -0.477075 0.306475
-0.180566 -0.497728 0.262487
-0.128392 -0.510094 0.218039
-0.174502 -0.494937 0.166147
-0.224442 -0.443824 0.170726
-0.292478 -0.456254 0.212268
-0.366293 -0.449130 0.233970
-0.425127 -0.469127 0.281428
-0.500678 -0.483332 0.300725
-0.552282 -0.502378 0.352387
-0.621793 -0.517302 0.372144
-0.616085 -0.545437 0.431101
-0.565670 -0.590293 0.420209
-0.570236 -0.626926 0.357362
-0.558964 -0.657218 0.299011
-0.616585 -0.626821 0.264410
-0.596442 -0.559494 0.275491
-0.546741 -0.532522 0.221948
-0.489525 -0.483628 0.200163
-0.432261 -0.450525 0.153311
-0.360871 -0.420234 0.132425
-0.307365 -0.413448 0.083544
-0.248650 -0.371594 0.074429
-0.198545 -0.342338 0.115281
-0.121234 -0.368888 0.107963
-0.111912 -0.390281 0.181911
-0.118927 -0.400702 0.243942
-0.148320 -0.395142 0.303130
-0.139045 -0.368254 0.365202
-0.215048 -0.330522 0.369342
-0.282990 -0.306783 0.405093
-0.347839 -0.258418 0.407455
-0.409194 -0.218150 0.433715
-0.460013 -0.175915 0.451193
-0.514399 -0.150274 0.486442
-0.565314 -0.155833 0.437018
-0.560367 -0.201556 0.383350
-0.528953 -0.181770 0.322030
-0.449407 -0.205805 0.335786
-0.373261 -0.228655 0.315758
-0.294476 -0.257340 0.316761
-0.219805 -0.271693 0.288850
-0.144943 -0.295369 0.288599
-0.074410 -0.309975 0.251991
-0.006373 -0.313907 0.226025
-0.013674 -0.253261 0.192302
-0.051509 -0.204409 0.221969
-0.131555 -0.214831 0.227447
-0.210292 -0.192318 0.227593
-0.288959 -0.206312 0.230645
-0.364105 -0.193333 0.221133
-0.439823 -0.221341 0.236144
-0.510570 -0.241529 0.238235
-0.564743 -0.285032 0.241454
-0.548405 -0.307861 0.177709
-0.478181 -0.304691 0.153687
-0.444983 -0.243156 0.139407
-0.398064 -0.194770 0.125630
-0.378564 -0.127782 0.137421
-0.294642 -0.132052 0.159917
-0.211814 -0.113366 0.162719
-0.142898 -0.119750 0.194372
-0.062448 -0.108462 0.174259
0.014031 -0.120405 0.178294
0.071057 -0.158539 0.171102
0.105396 -0.214239 0.154565
0.143968 -0.273406 0.166921
0.204728 -0.319149 0.151011
0.271242 -0.345573 0.146620
0.290956 -0.299744 0.086597
0.330147 -0.256643 0.049278
0.358612 -0.242015 -0.016830
0.348815 -0.178916 -0.034935
0.331811 -0.129008 0.008530
0.317971 -0.061915 -0.007861
0.261706 -0.016065 -0.040016
0.220898 0.025937 -0.086116
0.173313 0.061640 -0.118354
0.162541 0.116156 -0.153164
0.086205 0.121483 -0.139512
0.084826 0.110977 -0.068491
0.134384 0.090198 -0.024984
0.143041 0.025852 -0.010600
0.163302 -0.034963 0.007798
0.204656 -0.095462 -0.012502
0.193860 -0.171729 0.003094
0.165038 -0.221130 0.032197
0.100212 -0.262498 0.048609
0.088179 -0.319614 0.023520
0.105420 -0.362209 -0.019297
0.107156 -0.319213 -0.074680
0.110580 -0.248356 -0.053773
0.092007 -0.180819 -0.044197
0.086514 -0.120553 -0.010391
0.052603 -0.059103 0.010286
0.068036 -0.000761 0.054065
0.057240 0.050944 0.094458
0.083090 0.101148 0.133554
0.013935 0.130509 0.147039
-0.027229 0.074239 0.164935
-0.009512 0.012387 0.172064
-0.027276 -0.024753 0.108800
-0.050534 -0.058469 0.057097
-0.068940 -0.065064 -0.007652
-0.029322 -0.131503 -0.031528
-0.014554 -0.187604 -0.076248
0.026634 -0.228338 -0.117372
0.035148 -0.281396 -0.157325
0.089035 -0.324371 -0.182329
0.061592 -0.387448 -0.178462
-0.001879 -0.419980 -0.169555
-0.012604 -0.459002 -0.110640
-0.028703 -0.493458 -0.059710
-0.021284 -0.502864 0.004181
0.007158 -0.547171 0.051431
0.016789 -0.566893 0.116096
0.084778 -0.608240 0.118856
0.147559 -0.641491 0.130877
0.192813 -0.641343 0.070812
0.193170 -0.595641 0.023583
0.216428 -0.562707 -0.031444
0.213455 -0.498087 -0.057640
0.218116 -0.437419 -0.079321
0.259233 -0.375209 -0.082980
0.283965 -0.311244 -0.079927
0.351692 -0.275033 -0.094938
0.320016 -0.219291 -0.139345
0.313548 -0.144587 -0.155297
0.288840 -0.084575 -0.199201
0.285867 -0.021752 -0.231189
0.278947 0.036062 -0.262696
0.263751 0.098801 -0.256465
0.184585 0.086287 -0.259873
0.151507 0.025409 -0.263741
0.147606 -0.012958 -0.317263
0.198426 -0.061090 -0.282056
0.217331 -0.131820 -0.263762
0.261373 -0.182341 -0.232360
0.270410 -0.256854 -0.218289
0.293525 -0.317099 -0.180824
0.298067 -0.387998 -0.176078
0.311051 -0.449616 -0.133637
0.340515 -0.519500 -0.127219
0.370835 -0.571860 -0.079467
0.392666 -0.636988 -0.064352
0.469145 -0.628702 -0.095168
0.523364 -0.613736 -0.133972
0.481178 -0.635128 -0.190797
0.413094 -0.595070 -0.181054
0.397018 -0.537193 -0.216450
0.346769 -0.481345 -0.220798
0.330242 -0.423489 -0.267044
0.289054 -0.357262 -0.273128
0.258186 -0.301731 -0.308001
0.213526 -0.240007 -0.305785
0.167844 -0.187773 -0.337334
0.124801 -0.126831 -0.325835
0.065563 -0.081658 -0.333257
0.015648 -0.032828 -0.328427
-0.058120 -0.008920 -0.320859
-0.109985 0.037796 -0.316155
-0.170055 -0.002959 -0.310740
-0.142256 -0.039888 -0.257072
-0.082780 -0.034646 -0.221718
-0.029821 -0.088000 -0.252849
0.004114 -0.144059 -0.277289
0.031866 -0.179403 -0.334365
0.063542 -0.218044 -0.375907
0.120615 -0.225590 -0.425080
0.179948 -0.272116 -0.397734
0.222634 -0.336060 -0.398988
0.287437 -0.372270 -0.373440
0.334665 -0.424842 -0.371600
0.402725 -0.406621 -0.360979
0.451642 -0.360222 -0.355042
0.497016 -0.416661 -0.320462
0.535397 -0.462469 -0.281345
0.524910 -0.412920 -0.223621
0.512806 -0.359968 -0.188142
0.500630 -0.297504 -0.171625
0.530261 -0.236709 -0.146913
0.492592 -0.189570 -0.198720
0.440489 -0.129938 -0.213439
0.431333 -0.071913 -0.264619
0.424009 -0.011182 -0.294349
0.417897 0.047139 -0.321695
0.406744 0.117044 -0.305534
0.396328 0.156742 -0.357049
0.362536 0.199801 -0.395413
0.399277 0.177247 -0.452907
0.364105 0.121864 -0.469256
0.319422 0.088676 -0.507997
0.340182 0.029488 -0.466894
0.352477 -0.022174 -0.427317
0.405246 -0.055467 -0.382409
0.441797 -0.116833 -0.355585
0.482367 -0.157334 -0.305722
0.527954 -0.215993 -0.288997
0.565123 -0.262244 -0.242562
0.613636 -0.324751 -0.228032
0.650948 -0.382671 -0.224875
0.675061 -0.383262 -0.287261
0.701030 -0.319593 -0.309548
0.637131 -0.274885 -0.324894
0.593874 -0.230156 -0.365307
0.525410 -0.197370 -0.390793
0.475280 -0.168453 -0.436976
0.404200 -0.133786 -0.449290
0.342180 -0.116473 -0.495913
0.290362 -0.096709 -0.541678
0.245939 -0.123555 -0.595074
0.207724 -0.142009 -0.648492
0.152077 -0.189824 -0.663837
0.112245 -0.178388 -0.716857
0.054077 -0.199928 -0.758567
-0.012295 -0.203606 -0.785537
-0.043019 -0.220940 -0.721708
0.011771 -0.182912 -0.674813
0.035528 -0.149788 -0.622797
0.110651 -0.157524 -0.589409
0.159711 -0.155284 -0.535406
0.235000 -0.180121 -0.513119
0.301800 -0.213224 -0.492965
0.385009 -0.217473 -0.504505
0.457135 -0.221363 -0.520311
0.523555 -0.186061 -0.534632
0.576538 -0.209631 -0.478936
0.650876 -0.234320 -0.453012
0.703027 -0.236794 -0.397127
0.784619 -0.244298 -0.371140
0.849254 -0.267022 -0.328260
0.873392 -0.328683 -0.322824
0.820004 -0.353309 -0.283728
0.783453 -0.320819 -0.236938
0.727902 -0.293910 -0.203550
0.669568 -0.254529 -0.190462
0.637583 -0.206185 -0.143568
0.627238 -0.140191 -0.181577
0.582269 -0.077874 -0.203947
0.584172 -0.006595 -0.235370
0.577489 0.060837 -0.250674
0.568239 0.123682 -0.260542
0.524007 0.173991 -0.274278
0.531640 0.161710 -0.341703
0.561842 0.103558 -0.365370
0.632874 0.095145 -0.383831
0.642292 0.043397 -0.330706
0.672469 -0.017016 -0.300767
0.682528 -0.061936 -0.248918
0.725548 -0.123047 -0.229077
0.745404 -0.181115 -0.194727
0.806307 -0.228592 -0.179214
0.825474 -0.223392 -0.118208
0.879979 -0.171455 -0.127721
0.846163 -0.138965 -0.184525
0.831847 -0.087471 -0.231691
0.788542 -0.062042 -0.287951
0.773537 -0.021752 -0.346386
0.715488 -0.001797 -0.394096
0.666334 0.012768 -0.440948
0.595586 0.016382 -0.467563
0.620604 0.009977 -0.534821
0.681767 -0.035851 -0.532479
0.719222 -0.068489 -0.487508
0.784119 -0.045680 -0.460371
0.844712 -0.034160 -0.425164
0.882571 0.011816 -0.383914
0.891893 -0.024478 -0.315862
0.931440 -0.046019 -0.252995
0.931964 -0.072061 -0.186406
0.975411 -0.092735 -0.126215
0.976410 -0.129410 -0.062282
1.000000 -0.163168 -0.006899
0.923854 -0.178155 0.022517
0.868992 -0.209863 -0.017269
0.798721 -0.198512 -0.032427
0.732254 -0.169320 -0.045953
0.664075 -0.141607 -0.020384
0.671351 -0.072632 -0.051473
0.642339 -0.019997 -0.100688
0.648688 0.055869 -0.118082
0.636537 0.121842 -0.126006
0.620746 0.185068 -0.129999
0.588928 0.254613 -0.134703
0.611900 0.308918 -0.162489
0.682980 0.313188 -0.141456
0.686476 0.240958 -0.141728
0.696155 0.210920 -0.199327
0.768709 0.193375 -0.186093
0.747830 0.140254 -0.142669
0.762217 0.076648 -0.108862
0.740886 0.020504 -0.066589
0.768067 -0.033209 -0.018984
0.762955 -0.094341 0.016684
0.791872 -0.149492 0.054128
0.805046 -0.196652 0.097907
0.856294 -0.157059 0.132341
0.844831 -0.089057 0.133554
0.840051 -0.046230 0.074993
0.839409 0.016298 0.042776
0.837578 0.050289 -0.021388
0.863404 0.100112 -0.070352
0.860360 0.125098 -0.136313
0.879503 0.156742 -0.196567
0.870752 0.167713 -0.261400
0.929895 0.208912 -0.269323
0.981903 0.163718 -0.243273
0.978574 0.104445 -0.219335
0.973437 0.108842 -0.144655
0.974769 0.121420 -0.081349
0.955126 0.160293 -0.030336
0.929015 0.103663 0.018105
0.921405 0.069419 0.085175
0.885401 0.023802 0.136731
0.857340 -0.010146 0.187849
0.784357 -0.047435 0.170329
0.720221 -0.083582 0.173005
0.666619 -0.088972 0.127491
0.584814 -0.099478 0.112333
0.570569 -0.030165 0.087516
0.558798 0.012556 0.026677
0.526527 0.079058 0.009032
0.496041 0.130382 -0.023688
0.457682 0.182087 -0.045661
0.420585 0.217515 -0.089524
0.433640 0.282072 -0.055592
0.518846 0.269030 -0.041688
0.586288 0.248927 -0.013401
0.568310 0.196250 0.026949
0.584076 0.140296 0.072254
0.573518 0.078403 0.103071
0.606002 0.036887 0.155464
0.613541 -0.023908 0.189145
0.644456 -0.058871 0.244235
0.678343 -0.107363 0.286237
0.684669 -0.129537 0.354143
0.669853 -0.147526 0.416299
0.615182 -0.098273 0.426104
0.591425 -0.078022 0.353139
0.572590 -0.020589 0.314733
0.598416 0.033991 0.269720
0.604837 0.096984 0.237189
0.622910 0.133913 0.176601
0.633540 0.197011 0.145366
0.665478 0.219228 0.077105
0.716226 0.231065 0.024796
0.771278 0.224068 -0.017018
0.811990 0.276450 0.004390
0.816461 0.246116 0.071962
0.834962 0.212463 0.126111
0.776010 0.238844 0.162050
0.712207 0.248272 0.191696
0.648522 0.273871 0.213146
0.627357 0.207834 0.248751
0.610735 0.168833 0.310531
0.580509 0.108018 0.337919
0.572828 0.063712 0.389894
0.514732 0.021730 0.393866
0.455994 0.003847 0.359746
0.478823 -0.066988 0.378687
0.486005 -0.130805 0.391984
0.479085 -0.145687 0.326441
0.474947 -0.151542 0.262758
0.473092 -0.133025 0.199410
0.449098 -0.137908 0.131693
0.416685 -0.067876 0.116682
0.403296 -0.005729 0.073342
0.371121 0.064768 0.056093
0.336258 0.117044 0.024085
0.279993 0.170736 0.024691
0.238924 0.220898 0.011060
0.192980 0.273194 0.018085
0.144848 0.324054 0.015283
0.185275 0.356734 0.067425
0.236950 0.386645 0.100270
0.286319 0.406198 0.148251
0.326342 0.444966 0.196609
0.394069 0.445917 0.221112
0.452355 0.475025 0.254375
0.501034 0.424440 0.252598
0.553709 0.388759 0.226778
0.526313 0.329402 0.244089
0.457040 0.339400 0.202986
0.461796 0.344494 0.138801
0.442653 0.281967 0.125149
0.364153 0.299723 0.134808
0.332739 0.337117 0.089294
0.322608 0.285095 0.040957
0.335997 0.225844 0.085886
0.332620 0.159913 0.114424
0.350336 0.102733 0.150112
0.347245 0.029848 0.149526
0.347530 -0.036506 0.188267
0.362132 -0.106306 0.206519
0.365841 -0.164119 0.241559
0.348910 -0.224259 0.260751
0.275784 -0.203120 0.272627
0.244703 -0.151775 0.243148
0.259685 -0.086478 0.253852
0.249649 -0.019046 0.244235
0.297829 0.041981 0.241371
0.315783 0.115226 0.261671
0.310266 0.185681 0.267881
0.281325 0.236265 0.320817
0.239114 0.284313 0.355334
0.170388 0.262435 0.366896
0.110128 0.230579 0.381865
0.053269 0.192656 0.367774
0.004923 0.242100 0.354958
0.037431 0.255776 0.295248
0.011843 0.201049 0.262089
-0.053411 0.219418 0.245677
-0.096954 0.248399 0.205599
-0.153385 0.284313 0.190086
-0.197998 0.231382 0.190588
-0.197142 0.224132 0.253768
-0.224727 0.287611 0.263448
-0.289553 0.282855 0.226757
-0.322014 0.233369 0.255901
-0.330218 0.266493 0.310656
-0.381109 0.309616 0.292195
-0.431571 0.257108 0.280299
-0.427933 0.217346 0.336685
-0.433450 0.263682 0.388493
-0.503698 0.280170 0.389455
-0.568405 0.280741 0.412515
-0.640936 0.283172 0.405971
-0.690138 0.333481 0.407351
-0.741647 0.372355 0.385148
-0.693420 0.405416 0.346658
-0.684169 0.356480 0.304468
-0.753799 0.354789 0.283979
-0.752848 0.418902 0.259769
-0.676536 0.425582 0.232862
-0.652589 0.367853 0.208275
-0.707308 0.362230 0.164830
-0.695251 0.418352 0.133888
-0.627429 0.396157 0.114047
-0.651875 0.345573 0.080659
-0.696583 0.382692 0.042817
-0.638772 0.418395 0.020008
-0.598630 0.366965 -0.002174
-0.655276 0.345847 -0.039284
-0.662790 0.403154 -0.071502
-0.593803 0.403323 -0.092639
-0.600366 0.344579 -0.123351
-0.660507 0.362695 -0.161004
-0.628546 0.418775 -0.187535
-0.571473 0.385863 -0.218519
-0.614040 0.350667 -0.267086
-0.664574 0.410341 -0.287868
-0.623671 0.471516 -0.322615
-0.619938 0.513476 -0.370450
-0.627381 0.576913 -0.357990
-0.627738 0.636798 -0.372039
-0.612423 0.694908 -0.351320
-0.611519 0.757118 -0.369154
-0.579035 0.813897 -0.375635
-0.565718 0.871879 -0.348602
-0.598939 0.902995 -0.285631
-0.594302 0.904919 -0.220380
-0.594302 0.882745 -0.160356
-0.616038 0.888981 -0.099266
-0.554826 0.867905 -0.069139
-0.520035 0.927157 -0.074366
-0.567525 0.961908 -0.040162
-0.559273 0.924451 0.013067
-0.486457 0.932040 0.021848
-0.493115 1.000000 0.027702
-0.548263 0.998816 0.078610
-0.513400 0.964995 0.128787
-0.471309 0.951445 0.179946
-0.417017 0.913438 0.205264
-0.461796 0.874564 0.245364
-0.490619 0.837762 0.190504
-0.431999 0.806646 0.162531
-0.377874 0.768301 0.144174
-0.312549 0.765997 0.119107
-0.267794 0.777602 0.070080
-0.263918 0.716279 0.048525
-0.332168 0.716511 0.022099
-0.326817 0.771852 -0.016642
-0.274452 0.761727 -0.059877
-0.312311 0.728433 -0.104012
-0.362227 0.774790 -0.115950
-0.315759 0.823261 -0.130627
-0.280231 0.794259 -0.178587
-0.338280 0.782717 -0.215969
-0.355045 0.848564 -0.224415
-0.288221 0.866257 -0.253392
-0.299113 0.836303 -0.309506
-0.293096 0.847190 -0.369405
-0.295498 0.826981 -0.426899
-0.270481 0.829666 -0.484748
-0.277924 0.842708 -0.544124
-0.272883 0.816750 -0.603395
-0.272027 0.843829 -0.660868
-0.250125 0.826897 -0.722335
-0.245702 0.784916 -0.779390
-0.260731 0.770055 -0.843930
-0.293834 0.707358 -0.880329
-0.340111 0.684909 -0.932993
-0.376519 0.628216 -0.970981
-0.419586 0.566153 -0.978549
-0.479941 0.531359 -1.000000
-0.537799 0.472826 -0.995024
-0.591758 0.427188 -0.989902
-0.651661 0.379394 -0.956932
-0.714585 0.344664 -0.948213
-0.749756 0.276450 -0.924380
-0.805427 0.228951 -0.906065
-0.835034 0.166741 -0.871631
-0.889753 0.116959 -0.851143
-0.909729 0.053015 -0.821622
-0.946922 -0.006236 -0.795593
-0.949633 -0.069778 -0.758295
-0.986469 -0.127381 -0.729903
-0.982046 -0.195595 -0.708369
-0.993080 -0.259835 -0.665280
-1.000000 -0.324772 -0.647823
-0.968800 -0.399328 -0.633940
-0.961761 -0.465343 -0.614162
-0.935864 -0.531697 -0.624783
-0.880669 -0.595261 -0.621501
-0.849540 -0.656224 -0.626936
-0.777104 -0.698269 -0.640840
-0.733918 -0.752616 -0.652652
-0.649021 -0.770013 -0.668688
-0.582745 -0.795886 -0.685204
-0.497444 -0.780667 -0.683448
-0.425436 -0.787389 -0.691497
-0.358802 -0.737121 -0.680061
-0.295498 -0.700023 -0.667329
-0.257568 -0.639483 -0.657461
-0.260327 -0.568394 -0.625348
-0.255428 -0.512334 -0.593966
-0.271456 -0.448094 -0.589889
-0.274999 -0.393811 -0.554536
-0.310266 -0.355191 -0.513704
-0.321134 -0.297630 -0.493550
-0.357661 -0.263217 -0.451841
-0.417802 -0.231065 -0.437311
-0.462415 -0.202190 -0.398005
-0.524577 -0.185004 -0.371412
-0.572638 -0.140740 -0.351697
-0.537347 -0.134843 -0.293638
-0.473330 -0.110089 -0.315319
-0.503817 -0.057602 -0.341682
-0.532877 -0.032828 -0.286509
-0.466743 -0.024965 -0.259330
-0.435614 0.012282 -0.306078
-0.483722 0.062105 -0.298677
-0.455946 0.082081 -0.242228
-0.385841 0.096645 -0.267274
-0.400514 0.144165 -0.314545
-0.414473 0.201091 -0.275616
-0.346127 0.228529 -0.276933
-0.307864 0.284398 -0.289791
-0.236594 0.314943 -0.310175
-0.226962 0.380028 -0.312768
-0.166560 0.379838 -0.271832
-0.114456 0.365739 -0.317597
-0.114861 0.427907 -0.346763
-0.082566 0.462490 -0.289018
-0.009607 0.433192 -0.297506
