0.579697 1.000000 -1.000000
0.541187 0.952808 -0.956250
0.479605 0.879348 -0.931095
0.416171 0.852275 -0.882765
0.361431 0.746688 -0.873123
0.362356 0.656972 -0.835003
0.312640 0.595326 -0.802806
0.361199 0.525246 -0.766477
0.338027 0.471905 -0.726653
0.367943 0.396288 -0.699466
0.363150 0.325919 -0.660985
0.441293 0.368282 -0.628926
0.380405 0.422106 -0.592045
0.383214 0.347648 -0.556319
0.415411 0.305831 -0.514704
0.431211 0.229152 -0.483402
0.383446 0.187915 -0.442407
0.452235 0.111268 -0.437775
0.532659 0.165317 -0.412948
0.487207 0.194804 -0.364824
0.496331 0.099487 -0.343182
0.547237 0.074313 -0.302479
0.551964 0.051393 -0.254735
0.528725 0.063336 -0.202135
0.615992 0.076180 -0.170558
0.620389 0.124531 -0.115031
0.554575 0.161615 -0.077221
0.548162 0.081781 -0.037672
0.623298 0.079496 -0.001722
0.582474 0.124081 0.040599
0.507636 0.060889 0.047503
0.561550 -0.020490 0.055820
0.631793 0.012635 0.093268
0.553187 0.055353 0.129838
0.461358 0.009673 0.130733
0.483175 -0.086739 0.139377
0.533518 -0.082683 0.185003
0.463705 -0.035523 0.213809
0.384107 -0.096622 0.207851
0.432302 -0.179449 0.221849
0.457094 -0.148642 0.270231
0.362290 -0.140401 0.287552
0.332804 -0.232049 0.277514
0.400866 -0.275604 0.309229
0.386917 -0.232983 0.357163
0.281535 -0.263210 0.356198
0.267916 -0.353828 0.333488
0.325003 -0.415281 0.363533
0.283056 -0.400280 0.410813
0.186632 -0.412609 0.397555
0.193111 -0.508056 0.380251
0.231026 -0.546589 0.424690
0.148585 -0.524345 0.454098
0.080127 -0.573758 0.426050
0.119133 -0.663185 0.430079
0.121843 -0.667756 0.482266
0.021685 -0.656167 0.489807
-0.008429 -0.737192 0.463206
0.045848 -0.806918 0.489979
0.034113 -0.775564 0.546023
-0.070574 -0.721869 0.548674
-0.146007 -0.775017 0.513568
-0.189145 -0.855494 0.540479
-0.242265 -0.871719 0.492837
-0.278461 -0.852114 0.443406
-0.327912 -0.795748 0.401963
-0.335813 -0.746753 0.356939
-0.277403 -0.670653 0.372194
-0.190731 -0.720099 0.378771
-0.178468 -0.746624 0.327893
-0.173046 -0.656199 0.307231
-0.097713 -0.618697 0.338223
-0.027635 -0.684431 0.323605
-0.026312 -0.660320 0.272107
-0.000529 -0.566708 0.278960
0.089085 -0.586731 0.302686
0.128025 -0.633891 0.260847
0.125479 -0.556568 0.228788
0.187062 -0.500072 0.256594
0.268610 -0.559690 0.258351
0.284113 -0.565453 0.205527
0.305831 -0.468396 0.202376
0.380900 -0.457033 0.237930
0.449689 -0.512756 0.210795
0.458680 -0.442644 0.169094
0.506611 -0.358882 0.186915
0.605348 -0.374431 0.181457
0.601216 -0.376748 0.127720
0.562607 -0.283781 0.121505
0.638635 -0.237908 0.145093
0.709804 -0.266945 0.112293
0.674303 -0.233176 0.067235
0.670766 -0.135734 0.082163
0.767718 -0.124113 0.098795
0.802691 -0.152409 0.046987
0.738397 -0.133030 0.005028
0.733307 -0.233112 -0.011157
0.784180 -0.316970 0.010916
0.793733 -0.420271 0.010606
0.826392 -0.512788 0.044112
0.756843 -0.597290 0.041185
0.708416 -0.621175 -0.007404
0.620223 -0.662541 -0.023674
0.579697 -0.691223 0.021574
0.567896 -0.600476 0.041959
0.506578 -0.565324 0.005957
0.432533 -0.631251 0.011725
0.417361 -0.620886 0.064256
0.393462 -0.522252 0.064428
0.317566 -0.528497 0.029597
0.265206 -0.592010 0.057369
0.254595 -0.541631 0.102410
0.195524 -0.472227 0.083437
0.117810 -0.530171 0.063860
0.097713 -0.587214 0.104700
0.074871 -0.508925 0.137242
0.001983 -0.466207 0.110365
-0.061120 -0.546653 0.107369
-0.066574 -0.565163 0.158144
-0.109447 -0.480211 0.171815
-0.193508 -0.486745 0.143767
-0.224250 -0.575979 0.163585
-0.228745 -0.547973 0.214842
-0.296608 -0.475414 0.207714
-0.367348 -0.537543 0.188017
-0.374455 -0.597483 0.229046
-0.401329 -0.525214 0.262483
-0.487439 -0.497465 0.237276
-0.532626 -0.585475 0.241081
-0.530874 -0.594038 0.292441
-0.586143 -0.512048 0.301756
-0.668319 -0.536287 0.276240
-0.691227 -0.617731 0.303616
-0.696648 -0.577621 0.352703
-0.769635 -0.503646 0.340548
-0.840110 -0.551063 0.305561
-0.819747 -0.661672 0.322538
-0.821169 -0.722127 0.364687
-0.876636 -0.797100 0.336932
-0.827582 -0.809332 0.288654
-0.724944 -0.820052 0.312776
-0.686335 -0.898502 0.336897
-0.602638 -0.909286 0.307266
-0.546741 -0.833862 0.328237
-0.521982 -0.887267 0.372917
-0.449590 -0.945146 0.349621
-0.354985 -0.968002 0.335468
-0.375545 -1.000000 0.286846
-0.390586 -0.910380 0.265651
-0.295253 -0.877062 0.274793
-0.245802 -0.944277 0.246247
-0.290956 -0.923804 0.200775
-0.264677 -0.829548 0.198209
-0.164320 -0.846320 0.197159
-0.162039 -0.900208 0.153409
-0.200780 -0.829709 0.122383
-0.127033 -0.765069 0.128323
-0.052228 -0.820406 0.109160
-0.093085 -0.835761 0.061329
-0.102208 -0.742858 0.045937
-0.004694 -0.719262 0.050534
0.030213 -0.786251 0.016563
-0.022280 -0.759243 -0.025878
0.008495 -0.663024 -0.026618
0.120752 -0.686716 -0.027910
0.154436 -0.741602 -0.067045
0.166997 -0.674323 -0.104683
0.242496 -0.623171 -0.081646
0.322194 -0.684399 -0.090031
0.317169 -0.665020 -0.145300
0.325235 -0.559562 -0.142786
0.422022 -0.554347 -0.120282
0.524263 -0.508571 -0.126980
0.628421 -0.492572 -0.134625
0.717572 -0.434499 -0.144869
0.813434 -0.423651 -0.167459
0.899544 -0.366962 -0.165513
1.000000 -0.370375 -0.154683
0.964796 -0.328719 -0.098003
0.846126 -0.352348 -0.094439
0.752380 -0.374334 -0.069008
0.641313 -0.379613 -0.068939
0.541220 -0.377070 -0.049122
0.445855 -0.371340 -0.069060
0.341068 -0.364838 -0.084470
0.262660 -0.362198 -0.117390
0.286626 -0.274703 -0.141701
0.373793 -0.320929 -0.171023
0.339779 -0.380161 -0.212896
0.309632 -0.407169 -0.266253
0.205838 -0.432085 -0.259866
0.125479 -0.369216 -0.260434
0.050509 -0.437493 -0.267769
0.066078 -0.489127 -0.223829
0.058938 -0.413350 -0.189738
-0.036262 -0.389045 -0.199466
-0.082408 -0.473772 -0.186777
-0.042642 -0.482625 -0.139325
-0.076854 -0.396900 -0.118836
-0.176088 -0.413833 -0.125568
-0.182566 -0.496435 -0.097331
-0.144486 -0.460477 -0.053495
-0.210333 -0.386856 -0.045747
-0.295187 -0.441678 -0.044714
-0.267586 -0.515975 -0.007025
-0.203920 -0.459125 0.032042
-0.270561 -0.362069 0.030234
-0.368637 -0.357498 0.015909
-0.402453 -0.428576 0.048158
-0.371777 -0.385826 0.092958
-0.422881 -0.301840 0.089239
-0.514908 -0.341338 0.089652
-0.509950 -0.388627 0.135193
-0.490282 -0.313107 0.167028
-0.570904 -0.259058 0.154924
-0.642007 -0.326112 0.168991
-0.616885 -0.338892 0.218406
-0.622637 -0.240323 0.234694
-0.715986 -0.221845 0.221298
-0.756115 -0.294693 0.252152
-0.720217 -0.265335 0.298192
-0.760545 -0.173945 0.298089
-0.856142 -0.199150 0.292734
-0.863414 -0.258317 0.335554
-0.831449 -0.187851 0.371229
-0.906155 -0.118640 0.359780
-0.998678 -0.182153 0.353788
-1.000000 -0.247147 0.396849
-0.991439 -0.286452 0.447607
-0.901395 -0.253553 0.465823
-0.844308 -0.225032 0.514360
-0.741967 -0.227800 0.505630
-0.656552 -0.171273 0.506198
-0.590407 -0.243413 0.493388
-0.626306 -0.260217 0.444904
-0.612290 -0.169019 0.426326
-0.511735 -0.163708 0.434728
-0.486315 -0.243252 0.405975
-0.522841 -0.211833 0.360141
-0.465523 -0.130165 0.357541
-0.374289 -0.173494 0.357679
-0.390057 -0.228122 0.314222
-0.406188 -0.156400 0.280854
-0.316343 -0.114455 0.284762
-0.256512 -0.189944 0.271677
-0.300443 -0.211093 0.223640
-0.290394 -0.122568 0.201653
-0.189211 -0.119960 0.206061
-0.168419 -0.195931 0.176222
-0.218597 -0.164094 0.131216
-0.196053 -0.060922 0.126980
-0.090308 -0.063336 0.144835
-0.047732 -0.153181 0.125740
-0.098374 -0.183248 0.077393
-0.118769 -0.110045 0.043406
-0.026676 -0.084099 0.027979
0.000893 -0.170532 0.007524
-0.071632 -0.177486 -0.030424
-0.054905 -0.093402 -0.055131
0.046080 -0.101515 -0.064153
0.037419 -0.184374 -0.093337
-0.016792 -0.144683 -0.131680
0.044923 -0.072671 -0.144404
0.127165 -0.127074 -0.157008
0.081747 -0.176359 -0.197813
0.047104 -0.099905 -0.226515
0.134999 -0.051457 -0.234625
0.172451 -0.122729 -0.269576
0.097547 -0.100324 -0.308764
0.128719 0.005199 -0.312948
0.157477 0.101997 -0.323433
0.213771 0.161004 -0.283333
0.280015 0.206715 -0.250689
0.342721 0.213636 -0.209366
0.275717 0.253650 -0.175809
0.214564 0.173558 -0.174294
0.281469 0.108082 -0.157886
0.303815 0.152312 -0.112311
0.211523 0.150574 -0.090530
0.200912 0.053164 -0.091357
0.284675 0.032175 -0.062311
0.257107 0.081105 -0.018475
0.171328 0.034718 -0.009177
0.214862 -0.053840 -0.004683
0.271916 -0.033656 0.036949
0.195392 -0.009931 0.070317
0.145081 -0.099454 0.070317
0.206995 -0.162034 0.098778
0.187459 -0.122213 0.146229
0.086705 -0.129907 0.144422
0.089812 -0.228573 0.150448
0.143924 -0.227768 0.197280
0.070871 -0.190137 0.229184
0.027337 -0.272514 0.243561
0.080061 -0.286452 0.287466
0.022841 -0.214698 0.313051
-0.066806 -0.255485 0.306870
-0.040493 -0.335801 0.335520
-0.031006 -0.292376 0.382094
-0.129049 -0.265689 0.382989
-0.170303 -0.354923 0.378426
-0.141776 -0.394872 0.424001
-0.189706 -0.324438 0.453667
-0.288047 -0.337926 0.434280
-0.313269 -0.434725 0.441856
-0.270693 -0.442322 0.500103
-0.261437 -0.444446 0.552996
-0.191359 -0.514687 0.551377
-0.120157 -0.458578 0.529253
-0.109646 -0.397093 0.568871
-0.083399 -0.463503 0.605389
-0.000165 -0.498849 0.579959
0.050674 -0.413607 0.579735
0.050112 -0.394260 0.631336
0.102605 -0.474674 0.645678
0.189773 -0.452977 0.619473
0.208813 -0.368282 0.644215
0.208846 -0.403016 0.694559
0.283948 -0.468300 0.689756
0.356043 -0.401664 0.676102
0.350588 -0.348903 0.720988
0.371546 -0.422363 0.755183
0.461986 -0.449339 0.735124
0.506743 -0.360395 0.742390
0.493984 -0.357659 0.795523
0.546741 -0.441935 0.805424
0.633479 -0.413382 0.782714
0.648883 -0.332936 0.812466
0.654535 -0.383026 0.857696
0.734530 -0.439489 0.845506
0.798096 -0.363228 0.837638
0.791882 -0.323633 0.886484
0.828507 -0.407459 0.910589
0.920865 -0.413253 0.883764
0.956466 -0.312817 0.898537
0.951805 -0.337701 0.955579
0.998645 -0.373111 1.000000
