-0.503086 -1.000000 0.360254
-0.528262 -0.933110 0.351428
-0.557776 -0.939500 0.380365
-0.524947 -0.925672 0.406725
-0.513906 -0.849589 0.397240
-0.555452 -0.817113 0.404289
-0.556310 -0.837305 0.440828
-0.518864 -0.792075 0.451643
-0.536640 -0.715782 0.442135
-0.574086 -0.710885 0.464152
-0.551811 -0.691347 0.496278
-0.540429 -0.607721 0.488229
-0.589376 -0.576869 0.491724
-0.596584 -0.538919 0.523686
-0.620058 -0.483500 0.540467
-0.635910 -0.430150 0.565556
-0.671137 -0.414096 0.588303
-0.699895 -0.336389 0.603366
-0.742951 -0.282018 0.607343
-0.788760 -0.240794 0.589680
-0.831683 -0.221204 0.573840
-0.879757 -0.241527 0.552176
-0.916123 -0.259782 0.524545
-0.946184 -0.290713 0.489453
-0.968415 -0.337410 0.456915
-0.986931 -0.380127 0.422259
-1.000000 -0.402781 0.383990
-0.994346 -0.441150 0.342391
-0.992629 -0.486695 0.306181
-0.989047 -0.486014 0.262393
-0.978479 -0.497067 0.222171
-0.976777 -0.477214 0.184678
-0.971360 -0.390865 0.162590
-0.948951 -0.320413 0.150387
-0.921540 -0.258315 0.140349
-0.921954 -0.178278 0.137278
-0.904415 -0.109449 0.123086
-0.882066 -0.025378 0.130323
-0.872045 0.060814 0.134206
-0.838225 0.119952 0.153317
-0.822699 0.183149 0.176158
-0.777467 0.196061 0.199317
-0.741130 0.178409 0.224348
-0.707310 0.155230 0.243412
-0.695233 0.125033 0.277691
-0.663455 0.058666 0.259592
-0.614686 0.024174 0.252849
-0.588029 -0.050338 0.243623
-0.568610 -0.107119 0.221841
-0.615588 -0.149730 0.216734
-0.648328 -0.076659 0.230973
-0.694996 -0.030643 0.239940
-0.729615 0.040700 0.243223
-0.775543 0.081007 0.244353
-0.792860 0.103452 0.277056
-0.790862 0.028417 0.292836
-0.811420 -0.028600 0.263299
-0.773012 -0.051726 0.237069
-0.741693 -0.107040 0.219064
-0.694226 -0.121707 0.199117
-0.654515 -0.132680 0.176594
-0.622722 -0.116861 0.151446
-0.648003 -0.144859 0.122685
-0.676939 -0.076423 0.119838
-0.648876 -0.023074 0.100327
-0.641860 0.021764 0.067200
-0.603230 0.061783 0.078780
-0.560144 0.084045 0.089147
-0.579267 0.117883 0.121944
-0.591196 0.133649 0.155741
-0.614582 0.148735 0.187114
-0.634993 0.190221 0.218134
-0.653982 0.231130 0.244318
-0.685967 0.278770 0.222135
-0.702929 0.249751 0.189609
-0.726981 0.232858 0.159836
-0.759469 0.166597 0.144785
-0.774285 0.092688 0.127204
-0.803976 0.015898 0.132982
-0.815195 -0.069850 0.136972
-0.847476 -0.127652 0.157518
-0.857437 -0.197475 0.184549
-0.873644 -0.260227 0.208767
-0.869840 -0.315698 0.237951
-0.886550 -0.382091 0.256250
-0.857881 -0.371327 0.287906
-0.866421 -0.277958 0.293637
-0.882258 -0.215180 0.275208
-0.847535 -0.182599 0.249107
-0.817178 -0.142895 0.223665
-0.791883 -0.145409 0.187267
-0.759262 -0.129380 0.159625
-0.743943 -0.131973 0.121097
-0.739532 -0.035540 0.118578
-0.708879 0.042062 0.115389
-0.706319 0.133911 0.110694
-0.695469 0.209628 0.104692
-0.692953 0.286889 0.101998
-0.676050 0.345189 0.078168
-0.656587 0.411555 0.064858
-0.662256 0.435991 0.031379
-0.674718 0.509481 0.027601
-0.691740 0.573045 0.041440
-0.706925 0.645566 0.038357
-0.683791 0.708868 0.064576
-0.679795 0.784244 0.080510
-0.663174 0.735687 0.115648
-0.609061 0.740349 0.112483
-0.570357 0.763815 0.125557
-0.533339 0.726075 0.116484
-0.499060 0.759180 0.099526
-0.457662 0.775811 0.084840
-0.426372 0.790739 0.115025
-0.388571 0.746949 0.098856
-0.358687 0.803389 0.083146
-0.317037 0.785580 0.096596
-0.278022 0.751742 0.101856
-0.247384 0.681840 0.101927
-0.214659 0.620659 0.105175
-0.172091 0.583521 0.088441
-0.141231 0.517102 0.078085
-0.103548 0.510633 0.046559
-0.083611 0.509952 0.010503
-0.066516 0.522655 -0.022282
-0.074360 0.499240 -0.061093
-0.072865 0.587450 -0.077968
-0.055726 0.648630 -0.106752
-0.071814 0.720444 -0.130617
-0.074020 0.798937 -0.133300
-0.097257 0.811534 -0.097196
-0.105635 0.720942 -0.083534
-0.127451 0.648395 -0.060845
-0.130397 0.572862 -0.035651
-0.148676 0.520848 -0.008337
-0.158489 0.445550 -0.018658
-0.185871 0.466214 -0.048336
-0.216953 0.533288 -0.033556
-0.195136 0.612016 -0.028778
-0.187425 0.691478 -0.037745
-0.152968 0.762925 -0.045830
-0.125350 0.832487 -0.044476
-0.094238 0.886858 -0.035192
-0.123692 0.928998 -0.013056
-0.121768 0.870358 0.014951
-0.077942 0.882091 0.028484
-0.044240 0.912865 0.047866
-0.004233 0.948615 0.050337
0.030831 0.891912 0.038969
0.008259 0.828479 0.017199
0.013987 0.758604 -0.006372
-0.001791 0.688806 -0.020199
0.000503 0.598345 -0.025742
0.001021 0.521528 -0.024742
-0.005506 0.503798 0.013939
-0.027352 0.551228 0.037216
-0.049243 0.580928 0.067812
-0.095407 0.619166 0.078097
-0.127777 0.681997 0.084934
-0.177790 0.703971 0.075955
-0.216524 0.739747 0.061269
-0.265974 0.721963 0.047724
-0.303835 0.711644 0.018481
-0.341237 0.710204 -0.004478
-0.365807 0.728878 -0.033909
-0.401388 0.746032 -0.053738
-0.398221 0.683123 -0.083593
-0.362758 0.629171 -0.075461
-0.345589 0.594285 -0.045995
-0.301082 0.629799 -0.034027
-0.260631 0.656252 -0.019540
-0.236505 0.728039 -0.001406
-0.204979 0.782044 0.011609
-0.190074 0.849484 0.034815
-0.149046 0.799225 0.051514
-0.096991 0.780420 0.056609
-0.062549 0.729375 0.080121
-0.040718 0.679090 0.101433
-0.037387 0.628516 0.129299
0.015704 0.642607 0.129052
0.059352 0.680687 0.146492
0.111807 0.702766 0.148010
0.158119 0.706380 0.158260
0.207628 0.698287 0.148539
0.256620 0.694542 0.159354
0.289493 0.649678 0.141879
0.287657 0.606569 0.107834
0.298403 0.556074 0.076273
0.307269 0.518883 0.044782
0.304708 0.440574 0.030202
0.283484 0.470876 -0.007043
0.285793 0.478760 -0.049607
0.254252 0.474805 -0.083275
0.245193 0.546331 -0.097761
0.205941 0.567702 -0.074673
0.218285 0.515950 -0.043123
0.219188 0.504321 0.000077
0.237660 0.498193 0.039875
0.237008 0.496464 0.078850
0.244098 0.427479 0.095725
0.211936 0.380703 0.079168
0.168569 0.437955 0.082051
0.171070 0.500602 0.052832
0.157305 0.540150 0.021023
0.167577 0.579697 -0.017281
0.164188 0.645199 -0.046359
0.170522 0.708449 -0.068589
0.124550 0.726049 -0.071978
0.119044 0.739982 -0.030614
0.157364 0.790739 -0.018375
0.180409 0.849327 0.000665
0.221305 0.904929 -0.005490
0.255154 0.955005 -0.012562
0.285955 0.984993 -0.034250
0.315942 0.919255 -0.042299
0.300505 0.841208 -0.033179
0.313426 0.754020 -0.032003
0.316579 0.677675 -0.021506
0.343368 0.609266 -0.001900
0.364667 0.555812 0.017363
0.370025 0.597297 0.052314
0.342273 0.651040 0.066306
0.320723 0.707061 0.090359
0.271332 0.728851 0.102374
0.225626 0.757189 0.100644
0.172491 0.739982 0.103269
0.127377 0.718847 0.091277
0.088688 0.657037 0.096773
0.054024 0.592269 0.086417
0.025443 0.534728 0.076308
0.035966 0.463176 0.048183
0.040081 0.414331 0.016375
0.084366 0.379813 0.003066
0.083892 0.299644 0.008926
0.108906 0.310303 0.044018
0.093439 0.388429 0.056797
0.076595 0.452124 0.082063
0.104910 0.519878 0.063905
0.112828 0.606700 0.050878
0.127969 0.680137 0.037263
0.129094 0.766618 0.031803
0.176990 0.783065 0.049701
0.227787 0.814860 0.051643
0.274929 0.827510 0.069471
0.318014 0.833875 0.080663
0.356734 0.811325 0.104692
0.386365 0.752475 0.080533
0.420718 0.719423 0.060681
0.453310 0.678304 0.044865
0.492044 0.660233 0.031085
0.508548 0.656906 -0.008149
0.519234 0.645854 -0.042135
0.506564 0.654418 -0.076414
0.466335 0.665078 -0.098232
0.440996 0.686816 -0.125898
0.411142 0.734770 -0.142914
0.381422 0.700147 -0.175382
0.338277 0.670080 -0.194540
0.306751 0.732204 -0.204672
0.334621 0.773742 -0.231644
0.351095 0.716804 -0.255144
0.316297 0.690980 -0.275608
0.308482 0.759782 -0.294649
0.352264 0.765911 -0.306593
0.358214 0.695013 -0.323409
0.322218 0.705830 -0.348628
0.339861 0.767220 -0.369151
0.360597 0.819260 -0.388873
0.408152 0.857027 -0.399064
0.423309 0.897884 -0.427248
0.396578 0.860798 -0.452526
0.381733 0.781834 -0.445559
0.358495 0.711435 -0.459998
0.332564 0.637421 -0.450101
0.300549 0.583573 -0.449219
0.259580 0.549290 -0.435745
0.269112 0.469619 -0.442335
0.272901 0.402022 -0.413103
0.246466 0.331046 -0.426483
0.238592 0.252004 -0.434980
0.204846 0.206432 -0.419140
0.206356 0.122361 -0.427213
0.229578 0.042926 -0.416198
0.249515 -0.030459 -0.410185
0.279458 -0.083626 -0.400229
0.316283 -0.074747 -0.425413
0.317363 0.006574 -0.440228
0.326140 0.081583 -0.462999
0.333763 0.173459 -0.468283
0.339446 0.253418 -0.485970
0.355772 0.342465 -0.484369
0.358377 0.428029 -0.491783
0.378906 0.506417 -0.483146
0.380771 0.590592 -0.487417
0.409070 0.666466 -0.493948
0.405518 0.757399 -0.497043
0.414739 0.838144 -0.506552
0.398606 0.921089 -0.501327
0.441425 0.964538 -0.500633
0.486168 1.000000 -0.503433
0.509495 0.931748 -0.484040
0.530290 0.865644 -0.472637
0.529654 0.784401 -0.455291
0.544336 0.719187 -0.433132
0.548421 0.639883 -0.424954
0.567574 0.588654 -0.399723
0.523556 0.534283 -0.390027
0.499238 0.458305 -0.378118
0.466779 0.422346 -0.348769
0.449699 0.380127 -0.318702
0.436896 0.366010 -0.283457
0.414976 0.295008 -0.272890
0.371905 0.268268 -0.272043
0.389873 0.193075 -0.285717
0.405296 0.118119 -0.277526
0.404571 0.089335 -0.313101
0.410328 0.124011 -0.344191
0.383376 0.153423 -0.371139
0.416870 0.213609 -0.379059
0.446413 0.242811 -0.413092
0.474254 0.253470 -0.441793
0.496337 0.259206 -0.474143
0.530231 0.259677 -0.497655
0.558545 0.295087 -0.521826
0.585394 0.292782 -0.549057
0.610512 0.331518 -0.574899
0.594083 0.274187 -0.604966
0.549768 0.314887 -0.613957
0.527404 0.336232 -0.641576
0.487634 0.326829 -0.657839
0.449388 0.308549 -0.673302
0.408315 0.322194 -0.683846
0.364889 0.326332 -0.674043
0.324127 0.328768 -0.687953
0.282003 0.353334 -0.692060
0.239362 0.322534 -0.691377
0.196232 0.341837 -0.691965
0.155233 0.311220 -0.676338
0.111896 0.319784 -0.662993
0.073028 0.320596 -0.645671
0.036055 0.262742 -0.642011
-0.002546 0.240873 -0.631655
-0.023948 0.154418 -0.623241
-0.052573 0.089912 -0.616275
-0.055030 0.000681 -0.623124
-0.051774 -0.083023 -0.633609
-0.035478 -0.156225 -0.655144
-0.007889 -0.212116 -0.679621
0.018205 -0.262087 -0.703204
0.053062 -0.271699 -0.736083
0.088540 -0.272039 -0.766232
0.116706 -0.259834 -0.798005
0.139129 -0.219135 -0.831826
0.164972 -0.166256 -0.860940
0.177612 -0.122937 -0.889571
0.195817 -0.041721 -0.910882
0.206726 0.021738 -0.933818
0.221290 0.114766 -0.946998
0.246229 0.195747 -0.955988
0.269630 0.271908 -0.965061
0.309593 0.339375 -0.975994
0.353359 0.387827 -0.977100
0.402262 0.421900 -0.993316
0.452851 0.427977 -0.996870
0.501813 0.432062 -0.996058
0.553054 0.391467 -1.000000
0.598434 0.364098 -0.996929
0.642556 0.305091 -0.992704
0.673830 0.250904 -0.973852
0.705904 0.201325 -0.959271
0.725234 0.134802 -0.931911
0.749700 0.074250 -0.915554
0.753608 0.011262 -0.881745
0.772346 -0.060002 -0.872790
0.787191 -0.097507 -0.833332
0.806862 -0.147321 -0.804066
0.844664 -0.134330 -0.774258
0.855897 -0.160966 -0.733471
0.873155 -0.197763 -0.705863
0.906813 -0.186528 -0.674455
0.931264 -0.223666 -0.647271
0.959608 -0.176994 -0.617369
0.982106 -0.196847 -0.578936
0.992422 -0.189618 -0.539949
1.000000 -0.165052 -0.502974
0.980448 -0.140328 -0.463846
0.985377 -0.142449 -0.429002
0.954265 -0.102064 -0.400147
0.942469 -0.083966 -0.368327
0.898968 -0.038343 -0.357100
0.866525 -0.009088 -0.338413
0.825615 0.023100 -0.342285
0.795302 0.067624 -0.330458
0.753815 0.093761 -0.328693
0.726966 0.144204 -0.343203
0.691399 0.183935 -0.346521
0.656114 0.212142 -0.363314
0.638338 0.273375 -0.382578
0.608440 0.313577 -0.401006
0.593106 0.366848 -0.426389
0.573568 0.440548 -0.435639
0.548022 0.500733 -0.448172
0.575655 0.571238 -0.464199
0.563607 0.659892 -0.480945
0.546779 0.719318 -0.501703
0.512455 0.777723 -0.509776
0.497595 0.837594 -0.530664
0.465521 0.877534 -0.546974
0.438036 0.812739 -0.558389
0.446309 0.735897 -0.543820
0.449921 0.644911 -0.539513
0.442683 0.571893 -0.514730
0.446191 0.486329 -0.496467
0.427897 0.411058 -0.478756
0.423235 0.326751 -0.465682
0.391605 0.267875 -0.448148
0.381777 0.194987 -0.427496
0.350725 0.127861 -0.415763
0.342066 0.059583 -0.391733
0.314003 0.005710 -0.374458
0.315128 -0.021974 -0.335777
0.273360 0.016736 -0.319573
0.230733 0.040333 -0.309817
0.218152 0.125766 -0.318184
0.240635 0.197266 -0.310276
0.278688 0.253235 -0.321444
0.317126 0.314101 -0.311794
0.349466 0.383243 -0.324339
0.388334 0.438086 -0.331870
0.408626 0.496936 -0.352840
0.450765 0.543345 -0.361572
0.470465 0.620030 -0.373493
0.512337 0.662695 -0.377682
0.531978 0.741816 -0.376882
0.553261 0.803180 -0.361972
0.510413 0.836677 -0.344556
0.477406 0.758054 -0.346050
0.434069 0.709968 -0.344650
0.404112 0.641140 -0.356818
0.362417 0.589152 -0.355135
0.337670 0.504610 -0.358866
0.309445 0.438924 -0.362714
0.300061 0.354644 -0.363467
0.263265 0.291970 -0.375388
0.238770 0.209235 -0.366562
0.216820 0.128621 -0.372316
0.214096 0.044707 -0.362196
0.199503 -0.039443 -0.372257
0.187632 -0.121418 -0.369845
0.164454 -0.190823 -0.371069
0.141468 -0.178906 -0.339096
0.114456 -0.119664 -0.350228
0.089146 -0.166178 -0.372481
0.066960 -0.208056 -0.345509
0.050605 -0.129616 -0.327610
0.021683 -0.082159 -0.344732
-0.018871 -0.061862 -0.356194
-0.059766 -0.079985 -0.372316
-0.080651 0.002462 -0.357783
-0.098353 0.068802 -0.343344
-0.123914 0.111990 -0.320502
-0.172446 0.116757 -0.302215
-0.214585 0.143864 -0.290271
-0.254370 0.118695 -0.269936
-0.297293 0.123776 -0.261522
-0.336086 0.104630 -0.251896
-0.378802 0.106569 -0.248272
-0.414857 0.104657 -0.230114
-0.455205 0.085564 -0.222382
-0.495375 0.093997 -0.210226
-0.527138 0.057724 -0.192210
-0.567811 0.037636 -0.183160
-0.602401 0.003640 -0.164802
-0.617883 -0.074852 -0.159742
-0.627651 -0.148002 -0.146962
-0.612288 -0.216542 -0.121497
-0.590604 -0.295453 -0.113989
-0.567396 -0.352653 -0.090853
-0.536758 -0.420224 -0.088335
-0.516407 -0.481562 -0.066165
-0.502464 -0.543371 -0.048866
-0.504655 -0.601933 -0.026801
-0.474268 -0.614138 -0.002807
-0.440285 -0.634068 0.012668
-0.406051 -0.656068 0.026778
-0.374036 -0.634487 0.043217
-0.345426 -0.677125 0.055938
-0.349866 -0.722697 0.085158
-0.320634 -0.672830 0.105363
-0.357903 -0.602221 0.112200
-0.385196 -0.567938 0.139537
-0.398798 -0.483474 0.142102
-0.415908 -0.411791 0.148163
-0.427142 -0.332356 0.138913
-0.409632 -0.257949 0.154553
-0.405784 -0.200435 0.128734
-0.416204 -0.131921 0.111447
-0.417388 -0.077445 0.081628
-0.408463 -0.004086 0.072319
-0.421754 0.049919 0.048760
-0.422495 0.115028 0.029496
-0.438420 0.186790 0.020576
-0.456093 0.235766 -0.004466
-0.424522 0.293568 -0.000394
-0.388955 0.249516 -0.011868
-0.404526 0.233958 -0.044653
-0.410121 0.309099 -0.055950
-0.367686 0.332670 -0.053302
-0.349407 0.280342 -0.077297
-0.376523 0.292808 -0.106258
-0.367716 0.378005 -0.105175
-0.334695 0.418286 -0.087488
-0.332889 0.445498 -0.053196
-0.318680 0.456995 -0.020023
-0.313766 0.432141 0.014386
-0.324734 0.502252 0.031579
-0.369685 0.494029 0.028460
-0.369048 0.420172 0.050843
-0.321256 0.429208 0.069754
-0.295265 0.469986 0.094148
-0.269349 0.409958 0.108564
-0.234507 0.414908 0.085711
-0.215917 0.484233 0.102657
-0.202537 0.452465 0.136101
-0.186774 0.407705 0.162755
-0.183192 0.346001 0.185290
-0.216746 0.311639 0.214922
-0.254311 0.281965 0.230714
-0.287820 0.316249 0.208873
-0.269186 0.284977 0.174676
-0.261696 0.206275 0.170322
-0.300386 0.185009 0.154058
-0.303302 0.239616 0.126910
-0.263887 0.224608 0.111024
-0.268742 0.144990 0.104692
-0.307876 0.149206 0.087147
-0.291150 0.191347 0.059751
-0.258855 0.140197 0.048784
-0.287702 0.080247 0.040605
-0.310569 0.121104 0.015175
-0.274485 0.135902 -0.006561
-0.268046 0.056493 -0.013021
-0.310081 0.037374 -0.025342
-0.310688 0.085852 -0.053432
-0.274499 0.054319 -0.069377
-0.289700 -0.021136 -0.072602
-0.325444 0.000026 -0.093183
-0.302192 0.034257 -0.120497
-0.276039 -0.027762 -0.129158
-0.310125 -0.080483 -0.135759
-0.330225 -0.037321 -0.162755
-0.299084 -0.051543 -0.188844
-0.315350 -0.134173 -0.190833
-0.353611 -0.140878 -0.207555
-0.384841 -0.186999 -0.232514
-0.409499 -0.209680 -0.268147
-0.414191 -0.283720 -0.284411
-0.403209 -0.362055 -0.271019
-0.388704 -0.444581 -0.268559
-0.381792 -0.520690 -0.255003
-0.363527 -0.595804 -0.247365
-0.353581 -0.681918 -0.240976
-0.340275 -0.741763 -0.210744
-0.377825 -0.781049 -0.200635
-0.396933 -0.730318 -0.172404
-0.375191 -0.652716 -0.185267
-0.359620 -0.571369 -0.192068
-0.333141 -0.510659 -0.214368
-0.304323 -0.437169 -0.217052
-0.281989 -0.373343 -0.232832
-0.244616 -0.312608 -0.224512
-0.214629 -0.255854 -0.232444
-0.181667 -0.258918 -0.204119
-0.171988 -0.319365 -0.181219
-0.127141 -0.311927 -0.187091
-0.131418 -0.234901 -0.169768
-0.167059 -0.218820 -0.146245
-0.208857 -0.200173 -0.171604
-0.220180 -0.218794 -0.135807
-0.225271 -0.250930 -0.101856
-0.230703 -0.338065 -0.092972
-0.252209 -0.408569 -0.071966
-0.273922 -0.459667 -0.051643
-0.316223 -0.417055 -0.044053
-0.336412 -0.366482 -0.066918
-0.369285 -0.319156 -0.085581
-0.407176 -0.316484 -0.113648
-0.437207 -0.295113 -0.145021
-0.472729 -0.314887 -0.169557
-0.500747 -0.290006 -0.201283
-0.530305 -0.274553 -0.227031
-0.558101 -0.238332 -0.248342
-0.598893 -0.207689 -0.254767
-0.649157 -0.220313 -0.249295
-0.673697 -0.155728 -0.239505
-0.646374 -0.135352 -0.209685
-0.617794 -0.208763 -0.199788
-0.584062 -0.250275 -0.174429
-0.550893 -0.305615 -0.160613
-0.521632 -0.334215 -0.130899
-0.481269 -0.377481 -0.120602
-0.450528 -0.414777 -0.099267
-0.399449 -0.430412 -0.095772
-0.353477 -0.472631 -0.093595
-0.312331 -0.504033 -0.091136
-0.278940 -0.567964 -0.095725
-0.248139 -0.538186 -0.128275
-0.203691 -0.519826 -0.148386
-0.183799 -0.512336 -0.186949
-0.176709 -0.438348 -0.199635
-0.225123 -0.431041 -0.212827
-0.250359 -0.484993 -0.189209
-0.293785 -0.500393 -0.169686
-0.321567 -0.539836 -0.145597
-0.370084 -0.555235 -0.134159
-0.410595 -0.548845 -0.110447
-0.462368 -0.567021 -0.110941
-0.498113 -0.607669 -0.118920
-0.515193 -0.672202 -0.136124
-0.541569 -0.631083 -0.158977
-0.504773 -0.598423 -0.176064
-0.481654 -0.663637 -0.185855
-0.518346 -0.690378 -0.206825
-0.531341 -0.620580 -0.227184
-0.497180 -0.597376 -0.247977
-0.489854 -0.562595 -0.286764
-0.468836 -0.490021 -0.292448
-0.477051 -0.416793 -0.279715
-0.469532 -0.343408 -0.266582
-0.444755 -0.294432 -0.236739
-0.430369 -0.254151 -0.204695
-0.395734 -0.222120 -0.178994
-0.384308 -0.210832 -0.139949
-0.357133 -0.187025 -0.110800
-0.343487 -0.190194 -0.070836
-0.328227 -0.177073 -0.035662
-0.312627 -0.191006 -0.000877
-0.323002 -0.171075 0.035651
-0.296938 -0.204678 0.061304
-0.269186 -0.142004 0.066741
-0.299676 -0.086402 0.074120
-0.318828 -0.124011 0.102821
-0.280079 -0.123540 0.122591
-0.276942 -0.043921 0.124003
-0.316105 -0.031036 0.140443
-0.307816 -0.075873 0.169321
-0.271613 -0.034938 0.180454
-0.292986 0.035409 0.187373
-0.317792 0.002986 0.215169
-0.283720 -0.032607 0.235598
-0.251262 0.025405 0.244259
-0.265856 0.067047 0.272384
-0.242130 0.024567 0.297932
-0.201234 0.062254 0.293342
-0.193967 0.143549 0.288376
-0.154152 0.181499 0.294166
-0.123796 0.121340 0.297649
-0.129627 0.099497 0.259486
-0.137694 0.169294 0.238904
-0.111910 0.226285 0.267030
-0.071533 0.239039 0.282728
-0.050309 0.285318 0.315266
-0.041976 0.220549 0.344132
-0.021935 0.170447 0.372446
-0.031023 0.096773 0.393745
-0.019952 0.035959 0.416775
-0.016607 -0.048740 0.427354
-0.004263 -0.123959 0.430579
0.009709 -0.194647 0.420082
0.006572 -0.273427 0.411997
0.059322 -0.277408 0.418728
0.098782 -0.304018 0.440169
0.143155 -0.326908 0.426330
0.184213 -0.361636 0.421259
0.220816 -0.369598 0.399418
0.261460 -0.389712 0.386214
0.307269 -0.364020 0.382295
0.336900 -0.422869 0.368762
0.344404 -0.378870 0.333000
0.364208 -0.300482 0.336836
0.412696 -0.325232 0.345615
0.435786 -0.345346 0.310735
0.441173 -0.255801 0.295825
0.472122 -0.210858 0.326092
0.523837 -0.221701 0.341496
0.559966 -0.175318 0.346627
0.585276 -0.182913 0.385484
0.617128 -0.182966 0.412009
0.632314 -0.193311 0.450984
0.632772 -0.205882 0.492560
0.634623 -0.210361 0.530087
0.608662 -0.234796 0.567615
0.608173 -0.259494 0.604684
0.582449 -0.268556 0.641470
0.551722 -0.261537 0.673561
0.513624 -0.299670 0.701274
0.499238 -0.320125 0.736613
0.459201 -0.321067 0.765714
0.436215 -0.315856 0.798511
0.391412 -0.324682 0.824895
0.347898 -0.345739 0.850490
0.307698 -0.365643 0.871354
0.272309 -0.399167 0.900844
0.226485 -0.417317 0.916107
0.185072 -0.472762 0.934183
0.146145 -0.533524 0.946904
0.109631 -0.578859 0.967968
0.064991 -0.638521 0.973440
0.027175 -0.692447 0.991151
-0.021476 -0.728877 0.996917
-0.071060 -0.762558 1.000000
-0.123426 -0.772930 0.992928
-0.168628 -0.817087 0.973628
-0.210988 -0.848305 0.956447
-0.253201 -0.859594 0.931382
-0.287702 -0.841077 0.900738
-0.313944 -0.837410 0.869930
-0.303258 -0.815699 0.827978
-0.298684 -0.804280 0.788167
-0.254799 -0.791656 0.764043
-0.221467 -0.801451 0.739531
-0.170952 -0.803808 0.745038
-0.145139 -0.837489 0.713301
-0.107884 -0.768215 0.703980
-0.063452 -0.744330 0.721609
-0.026494 -0.775261 0.696320
-0.032488 -0.715101 0.664805
-0.002472 -0.648185 0.672819
0.025251 -0.647425 0.638893
0.013839 -0.605076 0.607837
0.005506 -0.561914 0.580136
0.013247 -0.562281 0.545539
0.023844 -0.529674 0.517166
0.042760 -0.551097 0.487935
0.081465 -0.554345 0.473755
0.104910 -0.522602 0.448878
0.125350 -0.527081 0.419258
0.157335 -0.507359 0.398147
0.168361 -0.462312 0.368068
0.170626 -0.481719 0.328222
0.171410 -0.494762 0.292495
0.166541 -0.532424 0.260498
0.203085 -0.479336 0.248966
0.249042 -0.458881 0.246765
0.244942 -0.393458 0.220452
0.236254 -0.323372 0.236221
0.238814 -0.242104 0.246118
0.224783 -0.175240 0.263570
0.184850 -0.166204 0.245494
0.167873 -0.237966 0.255709
0.171381 -0.226651 0.291071
0.145627 -0.160625 0.292013
0.107603 -0.192787 0.279915
0.103400 -0.247761 0.305804
0.101402 -0.196244 0.333518
0.063482 -0.155518 0.321444
0.036899 -0.219266 0.320950
0.042405 -0.241108 0.356500
0.026790 -0.169923 0.370127
-0.000562 -0.107538 0.362608
0.000607 -0.028181 0.372304
-0.036292 -0.004636 0.346109
-0.079378 -0.023571 0.350122
-0.088673 -0.015505 0.310888
-0.056421 0.004688 0.288847
-0.027249 -0.009952 0.262828
0.009532 -0.049107 0.246871
0.049480 -0.047352 0.222677
0.071341 -0.077864 0.191857
0.105531 -0.056493 0.168968
0.116632 -0.089781 0.131029
0.142741 -0.099078 0.102304
0.164617 -0.151904 0.081922
0.185486 -0.210544 0.103810
0.173912 -0.217301 0.142444
0.137220 -0.267561 0.154706
0.093291 -0.271149 0.161037
0.087430 -0.350191 0.164238
0.115640 -0.358363 0.192433
0.090804 -0.311482 0.214816
0.052825 -0.354617 0.213015
0.069017 -0.422267 0.225925
0.080399 -0.393589 0.257615
0.040303 -0.365539 0.268359
0.018516 -0.436069 0.267512
0.044788 -0.472710 0.291907
0.039607 -0.422634 0.319596
-0.005476 -0.429469 0.321797
-0.009147 -0.509114 0.326869
0.020603 -0.514169 0.357677
0.005521 -0.450003 0.379495
-0.044225 -0.467288 0.370904
-0.082575 -0.512676 0.373658
-0.110179 -0.448065 0.359077
-0.103829 -0.440757 0.323103
-0.118171 -0.400686 0.287682
-0.105487 -0.394243 0.249084
-0.101890 -0.341391 0.216899
-0.089324 -0.339741 0.178394
-0.082619 -0.280184 0.147186
-0.091677 -0.251584 0.106716
-0.101949 -0.240454 0.071354
-0.084084 -0.322927 0.061387
-0.069979 -0.398512 0.055338
-0.024836 -0.386701 0.059681
-0.027189 -0.367739 0.095055
-0.047511 -0.434786 0.106669
-0.014890 -0.485438 0.094172
0.019301 -0.458069 0.113589
0.001702 -0.479152 0.144962
-0.002368 -0.557881 0.138007
0.041620 -0.571919 0.130935
0.059781 -0.547352 0.162825
0.035744 -0.600807 0.182454
0.053387 -0.665733 0.166415
0.098515 -0.651249 0.172381
0.098960 -0.664240 0.208014
0.079008 -0.720208 0.229667
0.049613 -0.689959 0.257815
0.006690 -0.719816 0.249825
-0.031793 -0.764339 0.247424
-0.072673 -0.784532 0.238846
-0.101949 -0.718925 0.245565
-0.086305 -0.637761 0.243918
-0.098145 -0.624718 0.203495
-0.120702 -0.573333 0.171722
-0.144621 -0.551307 0.137054
-0.173186 -0.492719 0.118261
-0.199591 -0.477188 0.086429
-0.228468 -0.468362 0.058951
-0.258203 -0.498874 0.033627
-0.224206 -0.490886 0.004713
-0.191007 -0.549028 0.010420
-0.162589 -0.611623 0.000900
-0.133179 -0.676078 0.003124
-0.101653 -0.654471 -0.022965
-0.082708 -0.591221 -0.002289
-0.062357 -0.636530 0.024448
-0.031896 -0.678042 0.042229
-0.024451 -0.744775 0.061399
-0.019582 -0.706589 0.093913
-0.066678 -0.679692 0.094254
-0.097716 -0.738201 0.095361
-0.101964 -0.748311 0.131217
-0.121146 -0.670133 0.136583
-0.162885 -0.678697 0.117919
-0.192309 -0.725158 0.135771
-0.199310 -0.667880 0.162978
-0.212942 -0.606595 0.138772
-0.256886 -0.628987 0.135195
-0.265900 -0.612095 0.171357
-0.273730 -0.556440 0.197470
-0.276246 -0.611911 0.224524
-0.232553 -0.634723 0.219488
-0.210411 -0.564350 0.221159
-0.219765 -0.542219 0.255968
-0.189216 -0.597821 0.271442
-0.148498 -0.562674 0.265523
-0.107574 -0.515531 0.267383
-0.104821 -0.511026 0.226313
-0.114338 -0.456105 0.194916
-0.117283 -0.443900 0.154847
-0.129834 -0.368263 0.130005
-0.150733 -0.297234 0.120202
-0.177967 -0.235058 0.123286
-0.214466 -0.273846 0.110129
-0.215991 -0.340448 0.132782
-0.229193 -0.305589 0.163237
-0.274425 -0.305537 0.155059
-0.284357 -0.375805 0.171687
-0.290751 -0.346053 0.205943
-0.331838 -0.316065 0.198929
-0.355550 -0.385941 0.191798
-0.348312 -0.411346 0.228584
-0.335494 -0.363313 0.256921
-0.300608 -0.331360 0.272278
-0.280213 -0.282541 0.296437
-0.251454 -0.237127 0.312924
-0.215281 -0.293306 0.321915
-0.198955 -0.353910 0.302863
-0.160472 -0.303363 0.300991
-0.113598 -0.277251 0.309794
-0.097331 -0.276753 0.269324
-0.078268 -0.231889 0.236998
-0.061765 -0.235923 0.199400
-0.039741 -0.195904 0.167450
-0.022838 -0.201273 0.132229
-0.026050 -0.133256 0.114013
-0.041206 -0.058981 0.123592
-0.033273 -0.025378 0.090147
-0.071666 -0.066576 0.073614
-0.108018 -0.037112 0.092372
-0.141424 0.005264 0.104810
-0.167044 0.022576 0.131853
-0.199221 -0.034231 0.127628
-0.169634 -0.097323 0.129817
-0.155085 -0.083311 0.163461
-0.197016 -0.095411 0.180301
-0.205704 -0.172594 0.182125
-0.176990 -0.185244 0.210944
-0.189009 -0.125871 0.233809
-0.232302 -0.152480 0.242258
-0.214851 -0.214499 0.266406
-0.198689 -0.164502 0.296378
-0.184642 -0.116023 0.324904
-0.171292 -0.051935 0.347568
-0.149727 -0.103190 0.374764
-0.128029 -0.173982 0.355712
-0.108787 -0.155387 0.322479
-0.079748 -0.162459 0.288682
-0.051729 -0.125164 0.259533
-0.028832 -0.139699 0.223147
-0.001021 -0.106307 0.194010
0.018886 -0.124614 0.157989
0.048384 -0.063616 0.133229
0.047023 0.009402 0.106269
0.043175 0.084176 0.091207
0.072288 0.062438 0.060704
0.034501 0.016055 0.043747
-0.008718 -0.000105 0.038404
-0.056288 0.012598 0.039405
-0.096088 0.014012 0.022553
-0.129331 0.008250 -0.004136
-0.150689 0.074643 -0.025177
-0.182230 0.113457 -0.050713
-0.194071 0.184485 -0.036616
-0.189112 0.263632 -0.032650
-0.211817 0.266330 -0.001418
-0.184983 0.218113 0.018081
-0.147699 0.263946 0.013092
-0.159969 0.335944 0.026189
-0.170404 0.294380 0.061563
-0.146086 0.215154 0.068812
-0.143481 0.138102 0.056750
-0.094593 0.141323 0.056327
-0.091870 0.126997 0.094148
-0.083063 0.086323 0.125698
-0.072406 0.073464 0.159742
-0.028374 0.088471 0.156094
-0.031393 0.165549 0.145221
-0.055371 0.192630 0.173887
-0.023193 0.174847 0.198082
0.011782 0.218035 0.183925
-0.011574 0.291420 0.191998
-0.006157 0.295899 0.229678
0.019034 0.306165 0.259074
0.027130 0.226966 0.266688
0.050516 0.216542 0.230314
0.084677 0.265832 0.224665
0.126785 0.298334 0.224489
0.170241 0.304987 0.249166
0.214096 0.324106 0.257439
0.207821 0.346263 0.292460
0.187514 0.273637 0.304004
0.205778 0.210178 0.275479
0.246481 0.188466 0.263735
0.245134 0.112461 0.279139
0.203040 0.092295 0.255462
0.192339 0.141114 0.226360
0.160295 0.196532 0.238340
0.130663 0.152271 0.265759
0.109231 0.108323 0.289494
0.108743 0.033550 0.305722
0.061617 0.031638 0.309523
0.053328 0.036431 0.268618
0.099833 0.014981 0.250931
0.126859 -0.032109 0.222524
0.164558 -0.044995 0.198941
0.189882 -0.079959 0.172016
0.237423 -0.087345 0.156883
0.242233 -0.161542 0.140761
0.252949 -0.201980 0.107046
0.246970 -0.273977 0.083075
0.251380 -0.243073 0.044865
0.288842 -0.183201 0.035815
0.321522 -0.129721 0.029167
0.337344 -0.054502 0.031320
0.321226 -0.027736 -0.000406
0.275757 -0.038919 0.010938
0.276009 0.005867 0.043323
0.284830 0.083573 0.038110
0.243166 0.107695 0.025660
0.215799 0.083678 0.052243
0.237793 0.120266 0.078356
0.229208 0.195197 0.065459
0.182378 0.197161 0.058786
0.165298 0.145985 0.090912
0.204520 0.140747 0.119861
0.243550 0.182416 0.126051
0.273508 0.117673 0.126710
0.260808 0.042847 0.144056
0.277711 -0.019093 0.124580
0.299439 -0.100388 0.123450
0.322085 -0.171337 0.115342
0.306322 -0.262506 0.112247
0.317037 -0.308679 0.083369
0.341429 -0.356163 0.062611
0.376301 -0.363967 0.040346
0.358347 -0.416846 0.016834
0.327161 -0.360746 0.003889
0.349200 -0.288120 -0.001806
0.385255 -0.325337 -0.023706
0.374066 -0.362343 -0.055162
0.381807 -0.283144 -0.075402
0.424641 -0.250930 -0.076485
0.434054 -0.291210 -0.110141
0.414014 -0.265151 -0.139478
0.422983 -0.229427 -0.171122
0.389429 -0.165235 -0.166579
0.408656 -0.107957 -0.146327
0.430694 -0.039259 -0.139784
0.441795 -0.078571 -0.103480
0.458091 -0.123907 -0.077344
0.425884 -0.122571 -0.049054
0.379394 -0.099707 -0.065482
0.330728 -0.110942 -0.068177
0.325296 -0.049238 -0.099279
0.294821 -0.008643 -0.127534
0.288442 0.049605 -0.156424
0.261519 0.067231 -0.189444
0.251129 0.113430 -0.218405
0.207806 0.132235 -0.240011
0.184391 0.157745 -0.271748
0.139337 0.139987 -0.281892
0.090109 0.123016 -0.285505
