-0.812416 -0.397229 0.419958
-0.772297 -0.450086 0.371382
-0.689641 -0.490156 0.338141
-0.599404 -0.519257 0.330791
-0.526571 -0.570033 0.352427
-0.467367 -0.616234 0.361324
-0.370964 -0.645897 0.349553
-0.305211 -0.695586 0.362678
-0.211788 -0.730500 0.377019
-0.156271 -0.788026 0.381385
-0.064706 -0.806176 0.428192
0.038806 -0.829558 0.427225
0.112081 -0.870322 0.455050
0.215269 -0.897472 0.450132
0.301583 -0.928598 0.445020
0.403325 -0.940486 0.404319
0.498341 -0.965724 0.382739
0.571823 -0.982731 0.318689
0.644125 -0.983593 0.241072
0.706456 -0.993906 0.173982
0.729790 -0.985768 0.071966
0.760144 -0.994956 -0.011122
0.716721 -0.989331 -0.106561
0.689081 -0.989762 -0.199154
0.617045 -1.000000 -0.259474
0.518164 -0.983556 -0.300148
0.437366 -0.981193 -0.349885
0.339076 -0.950143 -0.344469
0.259871 -0.918379 -0.307304
0.209398 -0.866272 -0.281193
0.139574 -0.828171 -0.269145
0.082966 -0.782663 -0.270997
0.047833 -0.740606 -0.222503
-0.023732 -0.704980 -0.225819
-0.059721 -0.654616 -0.198215
-0.140784 -0.630466 -0.186085
-0.182672 -0.580290 -0.178624
-0.260107 -0.559608 -0.150385
-0.316126 -0.516932 -0.158094
-0.388487 -0.490531 -0.128639
-0.464564 -0.463174 -0.159835
-0.496099 -0.415904 -0.124991
-0.547279 -0.367903 -0.147732
-0.529639 -0.316002 -0.113635
-0.538046 -0.260613 -0.099211
-0.536217 -0.205018 -0.072823
-0.573534 -0.164629 -0.014797
-0.624714 -0.117359 0.032536
-0.681795 -0.089233 0.087191
-0.752032 -0.082465 0.016289
-0.795041 -0.133916 -0.011149
-0.861886 -0.135378 0.066799
-0.916223 -0.083515 0.070032
-0.976755 -0.039826 0.078874
-1.000000 0.014532 0.095619
-0.993245 0.005156 0.182465
-0.901945 -0.009150 0.190423
-0.854806 0.038157 0.168622
-0.873332 0.068702 0.240491
-0.852859 0.031388 0.301668
-0.764038 0.025726 0.283431
-0.744008 0.082502 0.293627
-0.767401 0.086215 0.375278
-0.718521 0.044832 0.409707
-0.638372 0.066658 0.385668
-0.647517 0.118409 0.425457
-0.658904 0.095384 0.507385
-0.579551 0.068814 0.507688
-0.526217 0.113703 0.494481
-0.553563 0.141135 0.566019
-0.533385 0.100615 0.624515
-0.445243 0.098777 0.605946
-0.426334 0.153604 0.621309
-0.457042 0.156941 0.701441
-0.401643 0.116647 0.736671
-0.321819 0.152010 0.706691
-0.309134 0.202111 0.753029
-0.266007 0.174511 0.831199
-0.182672 0.156510 0.861069
-0.196153 0.165492 0.947472
-0.263499 0.119947 0.953607
-0.205121 0.075489 0.916525
-0.122140 0.064539 0.942388
-0.036505 0.081715 0.937083
0.054293 0.085540 0.939818
0.128335 0.114322 0.956922
0.183764 0.162623 0.962863
0.265417 0.193036 0.936668
0.331141 0.229018 0.909451
0.404003 0.250506 0.869413
0.486954 0.239518 0.811912
0.549403 0.231118 0.753554
0.497692 0.201624 0.688288
0.408723 0.203743 0.669692
0.319931 0.182517 0.631423
0.231641 0.192492 0.600862
0.163527 0.201586 0.545516
0.095414 0.210737 0.471602
0.034647 0.221706 0.397190
-0.045325 0.233087 0.342369
-0.073290 0.270832 0.267349
-0.102878 0.314970 0.207002
-0.103438 0.351703 0.139498
-0.140312 0.401673 0.107777
-0.065207 0.452805 0.099322
-0.042818 0.518525 0.091751
0.000752 0.576502 0.126898
0.027567 0.622309 0.174231
0.096535 0.656491 0.231097
0.138601 0.695642 0.295506
0.197982 0.731531 0.341789
0.244178 0.776607 0.372681
0.292703 0.781107 0.295920
0.246243 0.766257 0.220790
0.236124 0.708111 0.195507
0.213381 0.657654 0.147677
0.164471 0.603371 0.154391
0.135267 0.543107 0.148064
0.063349 0.498650 0.172601
0.017242 0.448024 0.207168
-0.053585 0.409173 0.232478
-0.079839 0.368859 0.305094
-0.138630 0.326296 0.338832
-0.182141 0.294907 0.400174
-0.231759 0.243700 0.420290
-0.215711 0.188480 0.448281
-0.142878 0.175036 0.504760
-0.099928 0.116497 0.534574
-0.078777 0.064577 0.566765
-0.062966 0.000544 0.552590
0.040192 -0.011625 0.581078
0.115179 -0.043801 0.617248
0.218573 -0.056701 0.620259
0.304385 -0.070127 0.644271
0.387484 -0.087658 0.626642
0.370669 -0.142541 0.608046
0.311524 -0.129247 0.540957
0.383324 -0.087077 0.501637
0.474417 -0.097859 0.506666
0.504653 -0.067127 0.580083
0.485804 -0.003919 0.578232
0.378929 0.003413 0.587461
0.292585 0.017400 0.583510
0.191021 0.021863 0.554579
0.114618 0.049239 0.507357
0.026446 0.055370 0.475912
-0.032434 0.094109 0.422335
-0.111078 0.128347 0.391912
-0.180902 0.158891 0.338666
-0.260461 0.151823 0.301861
-0.340846 0.125647 0.281110
-0.396333 0.072733 0.245714
-0.440169 0.025669 0.226399
-0.456246 -0.032945 0.228748
-0.473562 -0.052970 0.147041
-0.371318 -0.053514 0.126843
-0.332468 -0.100090 0.180724
-0.304444 -0.145522 0.226261
-0.303176 -0.176761 0.296860
-0.225210 -0.154298 0.329714
-0.265741 -0.102190 0.341650
-0.333648 -0.119234 0.393957
-0.282113 -0.140085 0.456073
-0.239546 -0.090696 0.475304
-0.317512 -0.059777 0.492685
-0.348987 -0.094746 0.555077
-0.279488 -0.086627 0.609594
-0.292054 -0.025632 0.612357
-0.361819 0.009919 0.584698
-0.352970 0.028969 0.488927
-0.343943 0.043576 0.405921
-0.293028 0.046726 0.332919
-0.219015 0.069208 0.283072
-0.158070 0.079052 0.217916
-0.073143 0.078377 0.277020
0.015059 0.063133 0.306033
0.097302 0.074046 0.365966
0.184088 0.075883 0.401086
0.243706 0.086965 0.476327
0.314474 0.101553 0.531369
0.340905 0.095327 0.626311
0.341377 0.090509 0.715091
0.305801 0.076858 0.791686
0.274798 0.131103 0.808513
0.206743 0.122253 0.738826
0.131108 0.093827 0.761402
0.033968 0.074008 0.738523
-0.047154 0.051601 0.724044
-0.121285 0.037782 0.681408
-0.174590 0.091727 0.662950
-0.141167 0.144979 0.656291
-0.133232 0.201568 0.630013
-0.103556 0.252775 0.572319
-0.081579 0.314652 0.558144
-0.036387 0.364809 0.547146
0.003850 0.364228 0.627527
0.081579 0.341259 0.604979
0.104028 0.398016 0.583454
0.148985 0.457268 0.568837
0.199133 0.502044 0.547340
0.286509 0.487212 0.513408
0.294267 0.435086 0.473121
0.319253 0.383035 0.426037
0.294562 0.343940 0.350023
0.264532 0.295845 0.296943
0.226360 0.270813 0.213910
0.175032 0.221931 0.171716
0.145710 0.207436 0.075144
0.118217 0.212724 -0.007364
0.121845 0.231493 -0.087799
0.096771 0.235056 -0.166908
0.080547 0.210755 -0.244111
0.112465 0.200443 -0.332781
0.145858 0.148954 -0.362015
0.197186 0.158029 -0.433166
0.286981 0.188161 -0.459306
0.360964 0.218162 -0.488816
0.435537 0.250225 -0.472735
0.395802 0.300007 -0.453475
0.347424 0.279251 -0.383567
0.416422 0.247675 -0.340352
0.502884 0.285645 -0.362208
0.521645 0.328733 -0.422335
0.535008 0.330758 -0.505920
0.536129 0.359353 -0.581824
0.552796 0.333815 -0.662370
0.543002 0.366028 -0.746867
0.516335 0.399610 -0.810309
0.460494 0.425354 -0.876128
0.544123 0.433848 -0.933132
0.596395 0.402966 -0.989721
0.553592 0.347277 -1.000000
0.501645 0.317895 -0.944240
0.457603 0.258644 -0.934568
0.425065 0.236312 -0.857615
0.471113 0.266163 -0.781158
0.440110 0.302314 -0.720507
0.433207 0.248725 -0.660408
0.514831 0.218930 -0.648665
0.601853 0.208430 -0.622553
0.668048 0.176742 -0.668173
0.723447 0.147716 -0.616308
0.751737 0.104515 -0.548942
0.853951 0.089627 -0.577762
0.926489 0.058764 -0.610809
0.965811 0.014832 -0.662121
1.000000 -0.017100 -0.596358
0.911238 -0.026494 -0.566433
0.841679 -0.067427 -0.572816
0.790528 -0.027544 -0.505616
0.748374 -0.003169 -0.436510
0.734804 0.016125 -0.357843
0.690349 0.026963 -0.287824
0.644095 0.080927 -0.304237
0.616809 0.107103 -0.373924
0.558017 0.144941 -0.415482
0.460907 0.128872 -0.439494
0.373265 0.116440 -0.440958
0.291110 0.119384 -0.372515
0.264768 0.135735 -0.295395
0.220667 0.185048 -0.243365
0.183852 0.170911 -0.165748
0.163321 0.136635 -0.100924
0.220283 0.154691 -0.024026
0.270225 0.173761 0.040660
0.290344 0.227443 0.096890
0.343825 0.272538 0.142952
0.352940 0.320145 0.197939
0.405832 0.360028 0.254777
0.377719 0.408760 0.296058
0.294621 0.432180 0.324160
0.240520 0.470149 0.364916
0.175091 0.497787 0.418079
0.105061 0.542657 0.429933
0.019750 0.503000 0.452232
-0.068983 0.486537 0.499952
-0.155032 0.457811 0.514790
-0.220844 0.429329 0.562924
-0.296804 0.421679 0.514431
-0.246951 0.400266 0.441870
-0.159132 0.387085 0.433774
-0.084618 0.426798 0.402523
-0.000841 0.437317 0.354803
0.075827 0.472981 0.326481
0.147510 0.466174 0.262541
0.213410 0.476149 0.205289
0.191139 0.461374 0.121455
0.185652 0.400810 0.089568
0.147687 0.345815 0.075365
0.119132 0.297607 0.035962
0.035384 0.301376 -0.017228
-0.055502 0.316339 -0.010265
-0.138601 0.320314 0.019936
-0.150223 0.272744 0.072243
-0.077125 0.247975 0.119907
-0.014587 0.220618 0.171799
0.053614 0.230012 0.244443
0.132672 0.234493 0.298020
0.164884 0.254781 0.381827
0.253027 0.276701 0.430403
0.337394 0.290839 0.446042
0.426717 0.296126 0.428883
0.518252 0.280094 0.405258
0.575805 0.323314 0.424545
0.634626 0.347877 0.478869
0.582649 0.395110 0.500449
0.507603 0.358171 0.542753
0.518193 0.327496 0.615120
0.498105 0.372666 0.677346
0.407661 0.386466 0.663945
0.363884 0.351853 0.723684
0.346185 0.381760 0.795996
0.260609 0.406229 0.763253
0.205003 0.353578 0.754549
0.158749 0.305595 0.762092
0.165061 0.249662 0.816775
0.130843 0.226712 0.737832
0.048954 0.272969 0.744601
-0.038894 0.291382 0.752145
-0.121049 0.306026 0.809646
-0.204856 0.323821 0.839350
-0.195976 0.299126 0.923046
-0.136772 0.334808 0.967947
-0.094175 0.383766 1.000000
-0.106653 0.421173 0.931336
-0.141551 0.462087 0.882676
-0.173321 0.484343 0.812216
-0.156802 0.504294 0.733577
-0.171905 0.532888 0.662784
-0.186478 0.532926 0.579448
-0.088217 0.557770 0.577458
0.007006 0.555258 0.559138
0.093880 0.588277 0.549385
0.170283 0.618559 0.531894
0.214000 0.669092 0.533966
0.203263 0.679011 0.443749
0.109308 0.692792 0.433000
0.026151 0.711505 0.413078
-0.062435 0.718349 0.433415
-0.147923 0.734137 0.431619
-0.135444 0.793520 0.464528
-0.063851 0.827702 0.453835
-0.013466 0.867359 0.417195
0.053437 0.887197 0.371631
0.138011 0.902010 0.354720
0.225475 0.932517 0.381633
0.303825 0.964543 0.366491
0.373796 1.000000 0.400091
