-0.146388 0.020330 1.000000
-0.132261 -0.001999 0.963410
-0.133700 -0.029798 0.929356
-0.120205 -0.049877 0.893940
-0.127161 -0.071766 0.855958
-0.134265 -0.105751 0.834017
-0.129193 -0.131588 0.801355
-0.130659 -0.163385 0.776785
-0.126677 -0.207126 0.776534
-0.098381 -0.196125 0.739084
-0.070019 -0.176725 0.710961
-0.040755 -0.171696 0.676140
-0.020667 -0.139823 0.707941
-0.000202 -0.108077 0.729178
0.015661 -0.073765 0.749804
0.042127 -0.042999 0.755125
0.072252 -0.010310 0.766785
0.094574 0.019928 0.796363
0.126623 0.042823 0.822702
0.103952 0.081900 0.823547
0.081401 0.117104 0.825628
0.059551 0.125390 0.785189
0.024797 0.127489 0.758615
0.026762 0.088513 0.748161
0.022523 0.076204 0.793530
-0.014114 0.094335 0.799368
-0.034606 0.074306 0.766753
-0.029022 0.039316 0.785815
-0.044347 0.047199 0.830339
-0.082814 0.058766 0.815675
-0.091519 0.023423 0.798491
-0.085290 0.001773 0.838446
-0.113989 0.024002 0.865098
-0.142648 0.050267 0.848618
-0.135234 0.091267 0.837147
-0.155322 0.120398 0.814486
-0.135301 0.150460 0.833954
-0.098449 0.140729 0.814658
-0.108176 0.141697 0.768741
-0.121524 0.178774 0.767880
-0.083231 0.192479 0.784406
-0.060829 0.178913 0.745845
-0.078428 0.193133 0.706188
-0.071701 0.231141 0.719584
-0.028766 0.229632 0.700898
-0.014235 0.204926 0.665420
-0.011181 0.165384 0.659911
-0.009701 0.130972 0.639723
-0.033906 0.097792 0.635998
-0.000727 0.071930 0.621506
0.022550 0.057861 0.655388
0.047468 0.025787 0.673261
0.067449 -0.009279 0.690491
0.086568 -0.044948 0.685640
0.054478 -0.051599 0.644637
0.030300 -0.021814 0.625027
-0.001938 -0.004225 0.651523
-0.035157 0.020582 0.664230
-0.072037 0.031105 0.680162
-0.093645 0.007066 0.650631
-0.081899 -0.026240 0.669176
-0.096390 -0.019727 0.713794
-0.136310 -0.014082 0.701086
-0.142876 -0.048607 0.679880
-0.132287 -0.073262 0.715641
-0.161794 -0.056151 0.747175
-0.194893 -0.032916 0.732245
-0.194462 0.008600 0.729053
-0.217604 0.035443 0.709600
-0.198054 0.068133 0.724686
-0.162911 0.058326 0.696955
-0.180052 0.057785 0.654355
-0.193022 0.093216 0.654293
-0.155645 0.111773 0.662994
-0.133189 0.096434 0.626092
-0.158874 0.109397 0.591771
-0.158013 0.147556 0.605872
-0.112361 0.145418 0.593258
-0.096632 0.114577 0.561238
-0.093134 0.076204 0.558155
-0.088088 0.040384 0.537873
-0.100050 0.003583 0.526918
-0.058030 -0.006877 0.508686
-0.027690 -0.013340 0.538828
0.005799 -0.036009 0.555463
0.032722 -0.063028 0.575511
0.056698 -0.094372 0.573555
0.022591 -0.116362 0.556700
-0.007562 -0.094750 0.530924
-0.039557 -0.077349 0.557717
-0.079545 -0.053611 0.570894
-0.118039 -0.043779 0.580801
-0.133915 -0.075915 0.559908
-0.119586 -0.100219 0.593555
-0.137871 -0.083120 0.631553
-0.176890 -0.087432 0.614808
-0.176984 -0.125893 0.612758
-0.168884 -0.130960 0.660271
-0.202750 -0.115105 0.679051
-0.242092 -0.110001 0.655795
-0.252170 -0.071993 0.637766
-0.273051 -0.051511 0.605402
-0.255789 -0.016735 0.617703
-0.217497 -0.024153 0.604808
-0.227332 -0.031005 0.559971
-0.245227 0.001647 0.547263
-0.213379 0.025988 0.558140
-0.189632 0.008361 0.522536
-0.214187 0.013981 0.483928
-0.213958 0.052693 0.487605
-0.169342 0.052618 0.480860
-0.153438 0.018231 0.456884
-0.154326 -0.020104 0.466619
-0.142150 -0.061167 0.454208
-0.145298 -0.101966 0.441469
-0.105728 -0.109548 0.418730
-0.075387 -0.113835 0.453160
-0.036045 -0.130268 0.478935
-0.005664 -0.150209 0.504883
0.021595 -0.179730 0.509437
-0.011248 -0.207026 0.497731
-0.047011 -0.195333 0.474944
-0.077257 -0.171608 0.498623
-0.117245 -0.153239 0.507042
-0.153694 -0.148348 0.529140
-0.165763 -0.185740 0.524383
-0.136109 -0.197407 0.557435
-0.147949 -0.175229 0.595136
-0.185205 -0.191385 0.599643
-0.170916 -0.227645 0.614041
-0.153290 -0.215865 0.658158
-0.186981 -0.204360 0.686579
-0.223215 -0.229707 0.682291
-0.263875 -0.234636 0.671429
-0.278258 -0.198300 0.681414
-0.252506 -0.179617 0.649551
-0.255506 -0.198564 0.608266
-0.294256 -0.190203 0.596748
-0.292897 -0.151227 0.594119
-0.259180 -0.147669 0.563069
-0.273307 -0.170640 0.526730
-0.306809 -0.149442 0.518420
-0.286103 -0.117029 0.507089
-0.265934 -0.131928 0.470249
-0.300714 -0.142074 0.446524
-0.313470 -0.105147 0.440436
-0.281070 -0.093719 0.414817
-0.283788 -0.120323 0.380153
-0.323399 -0.112226 0.366490
-0.314196 -0.075186 0.353501
-0.284784 -0.083032 0.321168
-0.309689 -0.105751 0.294469
-0.336881 -0.076846 0.282935
-0.309783 -0.056000 0.260086
-0.295709 -0.081862 0.227112
-0.336235 -0.087759 0.208191
-0.366966 -0.059696 0.208614
-0.393526 -0.045200 0.239272
-0.411474 -0.013453 0.252293
-0.406402 0.017841 0.278757
-0.443672 0.017401 0.302404
-0.430190 -0.012812 0.331701
-0.393162 0.005469 0.349072
-0.402809 0.041013 0.369151
-0.407734 0.024743 0.414504
-0.360830 0.018885 0.411140
-0.323641 0.035078 0.427024
-0.314855 0.012045 0.470703
-0.308855 -0.011869 0.507715
-0.341267 -0.000981 0.534054
-0.370034 -0.022229 0.510595
-0.353619 -0.057936 0.526370
-0.369294 -0.055937 0.572271
-0.414340 -0.053699 0.561003
-0.421633 -0.086728 0.523553
-0.437307 -0.124334 0.524993
-0.473205 -0.117720 0.489718
-0.462414 -0.108228 0.441516
-0.442797 -0.139383 0.419731
-0.475263 -0.164718 0.411030
-0.487857 -0.150196 0.364049
-0.458270 -0.155514 0.326802
-0.469397 -0.196200 0.315112
-0.519086 -0.188694 0.313609
-0.545201 -0.160745 0.275908
-0.567765 -0.151315 0.235970
-0.577614 -0.124132 0.200225
-0.618530 -0.109384 0.218958
-0.609865 -0.072533 0.243497
-0.615287 -0.033205 0.245814
-0.600501 0.006261 0.252825
-0.632509 0.032564 0.262496
-0.609986 0.064788 0.294751
-0.593760 0.098270 0.305456
-0.555831 0.123315 0.301434
-0.527401 0.147531 0.286363
-0.495096 0.167144 0.274813
-0.451556 0.178246 0.286910
-0.411811 0.184457 0.282779
-0.370235 0.173934 0.283874
-0.340002 0.171143 0.314486
-0.303917 0.156847 0.332405
-0.304401 0.119229 0.362656
-0.285188 0.085948 0.372625
-0.264629 0.052580 0.361764
-0.251618 0.018658 0.381968
-0.234692 -0.018859 0.384942
-0.233737 -0.041327 0.424567
-0.190506 -0.051448 0.411781
-0.174845 -0.041264 0.360794
-0.156560 0.000063 0.378823
-0.152954 0.040460 0.381937
-0.165588 0.076003 0.397008
-0.160448 0.113848 0.384629
-0.175814 0.148813 0.373282
-0.169194 0.139446 0.322185
-0.188300 0.099263 0.321591
-0.224211 0.084880 0.298538
-0.245039 0.057068 0.274610
-0.262732 0.045627 0.229851
-0.291700 0.030716 0.193527
-0.300957 0.025410 0.144480
-0.332306 0.025925 0.110770
-0.319444 0.034412 0.062428
-0.307280 0.078593 0.071567
-0.268450 0.097352 0.081583
-0.235634 0.118864 0.103462
-0.221237 0.135335 0.145419
-0.188555 0.160481 0.157595
-0.191515 0.156005 0.215046
-0.173392 0.132116 0.251792
-0.174764 0.090600 0.232730
-0.184761 0.048041 0.232198
-0.198646 0.010574 0.221994
-0.219622 -0.027095 0.219819
-0.218371 -0.068673 0.197596
-0.218681 -0.105587 0.173949
-0.210958 -0.134769 0.143025
-0.238553 -0.119455 0.106310
-0.214146 -0.087910 0.089580
-0.181142 -0.114099 0.075245
-0.164364 -0.125993 0.025384
-0.154703 -0.130746 -0.020533
-0.151743 -0.129162 -0.068406
-0.158982 -0.137611 -0.116263
-0.119411 -0.117796 -0.131929
-0.089811 -0.136718 -0.094181
-0.064166 -0.152019 -0.061363
-0.040311 -0.155439 -0.022818
-0.014410 -0.131739 0.007262
0.023761 -0.139559 0.040299
0.052070 -0.124874 0.084165
0.076840 -0.106556 0.119190
0.082612 -0.086665 0.166046
0.099000 -0.124547 0.193825
0.091789 -0.157237 0.221462
0.044562 -0.146613 0.221697
0.033731 -0.128470 0.171993
0.004306 -0.117280 0.136217
-0.012621 -0.108643 0.088813
-0.051599 -0.101677 0.055808
-0.080137 -0.096661 0.018983
-0.125062 -0.077537 0.017653
-0.168481 -0.065304 0.032865
-0.198337 -0.031344 0.044853
-0.225260 -0.016307 0.013803
-0.192202 -0.015226 -0.021957
-0.153990 -0.013579 -0.002973
-0.114070 -0.017376 0.008044
-0.085263 -0.039668 0.045526
-0.063628 -0.052278 0.091928
-0.054721 -0.082013 0.129863
-0.043930 -0.093794 0.177330
-0.028228 -0.133034 0.201477
-0.015513 -0.167534 0.223246
0.014181 -0.198024 0.222323
0.007777 -0.240608 0.239961
0.008463 -0.275146 0.258960
-0.015285 -0.299424 0.290745
0.001830 -0.291101 0.339400
-0.002368 -0.284123 0.390763
0.019321 -0.251584 0.411875
0.020397 -0.217323 0.434489
0.038131 -0.196314 0.399074
0.004830 -0.195635 0.368008
-0.018971 -0.169659 0.391577
0.006983 -0.138793 0.382610
-0.002570 -0.135021 0.334815
-0.036758 -0.113609 0.343407
-0.017047 -0.080831 0.358947
-0.006028 -0.066096 0.316285
-0.044751 -0.053950 0.304736
-0.046648 -0.028855 0.343673
-0.014948 -0.006462 0.328477
-0.030435 0.001521 0.285283
-0.064058 0.018797 0.302842
-0.043701 0.047991 0.325581
-0.020788 0.061746 0.288115
-0.051895 0.066423 0.255219
-0.071795 0.094347 0.281010
-0.042517 0.122863 0.285017
-0.027865 0.125968 0.235078
-0.011248 0.154169 0.193433
0.012311 0.145758 0.143385
0.028242 0.132644 0.101208
0.053806 0.104431 0.129519
0.016832 0.080655 0.141350
-0.016388 0.057157 0.142117
-0.058851 0.051687 0.144120
-0.094937 0.043942 0.166249
-0.137710 0.029207 0.159207
-0.140024 -0.008537 0.194200
-0.158080 -0.042924 0.219021
-0.161108 -0.083371 0.224764
-0.187667 -0.115533 0.242512
-0.206437 -0.149844 0.256816
-0.235768 -0.171947 0.277912
-0.211603 -0.166994 0.323797
-0.176877 -0.143570 0.332107
-0.136243 -0.159538 0.323656
-0.129893 -0.133462 0.281355
-0.104046 -0.105663 0.250227
-0.100050 -0.073049 0.210977
-0.086191 -0.044722 0.174513
-0.093497 -0.013591 0.140615
-0.074809 0.003986 0.097499
-0.058824 0.009606 0.054133
-0.034337 0.000893 0.014758
-0.002758 -0.022242 -0.004930
0.024891 -0.034198 -0.043163
0.061636 -0.047765 -0.018545
0.079208 -0.043439 0.034884
0.120030 -0.043326 0.049751
0.160569 -0.045175 0.050080
0.162157 -0.083233 0.051848
0.143428 -0.090324 0.008467
0.175598 -0.071050 -0.017011
0.211509 -0.088488 0.000297
0.197220 -0.130570 0.010000
0.162937 -0.142841 -0.019641
0.166557 -0.116312 -0.064400
0.200786 -0.109799 -0.092335
0.178451 -0.118839 -0.134668
0.153115 -0.084729 -0.131866
0.188838 -0.059344 -0.116764
0.219636 -0.035129 -0.127829
0.235997 -0.002791 -0.112586
0.233965 0.032589 -0.094948
0.240841 0.070522 -0.091756
0.249115 0.102658 -0.067608
0.210244 0.115118 -0.069094
0.195511 0.086376 -0.040893
0.218896 0.091493 -0.002582
0.206316 0.128344 0.006088
0.166543 0.119468 0.013960
0.170687 0.094737 0.050236
0.191650 0.118827 0.079408
0.161996 0.145833 0.082147
0.131965 0.124057 0.101975
0.153681 0.114175 0.140756
0.160421 0.150146 0.157579
0.118792 0.158205 0.163933
0.111177 0.129677 0.194998
0.138813 0.140741 0.228677
0.123703 0.175983 0.236455
0.087456 0.161952 0.253623
0.101543 0.141647 0.290885
0.122264 0.170690 0.312780
0.088062 0.193196 0.318868
0.067651 0.163347 0.345801
0.090739 0.134757 0.369433
0.111002 0.104242 0.337882
0.129381 0.065216 0.328336
0.134238 0.032086 0.302169
0.161525 -0.000402 0.303844
0.152927 -0.012799 0.251463
0.177025 -0.002904 0.215062
0.171993 -0.020192 0.161257
0.155255 -0.038549 0.121991
0.116949 -0.041063 0.146984
0.107100 -0.000503 0.144684
0.106629 0.002276 0.094103
0.078280 0.014069 0.054744
0.064112 0.013654 0.007042
0.036274 0.029546 -0.026448
0.070665 0.047500 -0.060925
0.102593 0.067768 -0.077921
0.107477 0.090613 -0.033068
0.084361 0.071238 0.009061
0.081146 0.072709 0.063382
0.070476 0.053058 0.112194
0.065027 0.042987 0.163808
0.064973 0.009203 0.203418
0.066843 -0.007770 0.248505
0.047119 0.000277 0.292341
0.054613 -0.028918 0.324987
0.090457 -0.004815 0.344330
0.084012 0.030841 0.363126
0.089299 0.068082 0.391749
0.083823 0.096246 0.429153
0.095812 0.130545 0.454850
0.101180 0.151491 0.497606
0.120313 0.176247 0.529344
0.138974 0.141546 0.553538
0.148083 0.107574 0.528467
0.114164 0.086414 0.510892
0.097399 0.055044 0.483348
0.068148 0.036788 0.454772
0.051545 -0.000956 0.449451
0.020021 -0.024593 0.433519
0.045639 -0.060476 0.440530
0.081428 -0.077826 0.447088
0.106441 -0.088212 0.405584
0.138934 -0.094662 0.377993
0.160058 -0.101715 0.338759
0.177778 -0.125264 0.306207
0.208428 -0.138164 0.278992
0.198149 -0.121291 0.236831
0.213487 -0.083962 0.255438
0.256018 -0.083019 0.259241
0.264709 -0.062437 0.219209
0.247824 -0.027723 0.245094
0.257578 -0.023197 0.292732
0.278433 -0.013566 0.333500
0.293234 -0.022216 0.376991
0.257996 -0.012648 0.401092
0.234544 -0.041554 0.380544
0.258036 -0.071779 0.393956
0.254766 -0.058389 0.443551
0.224587 -0.035783 0.463004
0.223497 0.004941 0.459529
0.215438 0.037417 0.438089
0.203033 0.061494 0.401280
0.207258 0.092788 0.359573
0.222919 0.111220 0.322874
0.256421 0.085659 0.321638
0.232499 0.055560 0.303139
0.223820 0.073451 0.261323
0.263243 0.077990 0.246174
0.269513 0.040585 0.240430
0.237450 0.032828 0.210179
0.251699 0.057609 0.176344
0.288444 0.039064 0.169551
0.269715 0.007003 0.151930
0.252223 0.024982 0.114010
0.287004 0.037958 0.094557
0.301037 0.002741 0.085402
0.271383 -0.014383 0.059861
0.268961 0.011806 0.022473
0.313295 0.008386 0.012097
0.316779 -0.035368 0.012066
0.291283 -0.066523 0.018373
0.293530 -0.075010 0.073805
0.293220 -0.084100 0.119706
0.308384 -0.084276 0.163432
0.335791 -0.113584 0.165389
0.319013 -0.136995 0.131131
0.292520 -0.156923 0.160834
0.290395 -0.166227 0.206391
0.275312 -0.170527 0.250853
0.266351 -0.158620 0.296160
0.295507 -0.180597 0.317788
0.327167 -0.160858 0.296253
0.317143 -0.125855 0.312952
0.320493 -0.135046 0.358916
0.360467 -0.145381 0.356678
0.374985 -0.111195 0.341482
0.361046 -0.088853 0.377930
0.380757 -0.109158 0.412313
0.419830 -0.101640 0.391014
0.422978 -0.069641 0.358196
0.404935 -0.069528 0.312952
0.400213 -0.049990 0.261557
0.397212 -0.026579 0.220805
0.408030 -0.006299 0.178331
0.408945 0.010348 0.134026
0.413896 0.008474 0.085949
0.436096 0.015804 0.044681
0.401397 0.025510 0.017043
0.393458 0.062638 0.026605
0.392584 0.100646 0.023616
0.388601 0.139245 0.023428
0.370276 0.135674 0.071896
0.362445 0.099678 0.089158
0.395423 0.095919 0.116968
0.384148 0.124585 0.149003
0.348317 0.107511 0.161445
0.361988 0.074042 0.176672
0.390552 0.086753 0.207737
0.361678 0.105525 0.236236
0.333490 0.075060 0.245235
0.359149 0.043703 0.265439
0.367235 0.044395 0.312670
0.363279 0.032690 0.358540
0.351506 0.070270 0.371999
0.331512 0.104016 0.374863
0.364060 0.128608 0.370528
0.376075 0.118349 0.323985
0.342841 0.137145 0.301355
0.338428 0.169986 0.276065
0.303217 0.166541 0.250149
0.262476 0.179126 0.223872
0.230992 0.189562 0.193245
0.248604 0.223232 0.176860
0.281528 0.206975 0.154731
0.261225 0.184068 0.125497
0.238876 0.212508 0.105324
0.271383 0.230927 0.085934
0.284340 0.201846 0.058186
0.250124 0.194139 0.033366
0.247016 0.231530 0.015149
0.283990 0.227507 -0.011471
0.277101 0.196615 -0.037075
0.243182 0.211904 -0.059329
0.264427 0.239326 -0.082819
0.290960 0.216103 -0.107296
0.261561 0.198200 -0.132258
0.245953 0.231430 -0.151898
0.281958 0.246618 -0.171821
0.290516 0.220227 -0.205030
0.258386 0.230512 -0.235344
0.271100 0.269362 -0.244859
0.314640 0.260700 -0.266503
0.312366 0.264735 -0.320307
0.326225 0.282224 -0.362828
0.329050 0.292232 -0.412016
0.351614 0.264471 -0.447886
0.364140 0.256324 -0.500501
0.372724 0.217738 -0.531801
0.376949 0.182584 -0.554352
0.374285 0.137083 -0.538546
0.347416 0.108467 -0.521080
0.320143 0.084867 -0.501033
0.294552 0.083836 -0.457229
0.261682 0.085094 -0.426414
0.231113 0.081020 -0.398260
0.211657 0.061922 -0.359714
0.174818 0.048368 -0.336568
0.198324 0.028264 -0.292435
0.168373 0.022606 -0.246909
0.121873 0.029559 -0.231682
0.087914 -0.003244 -0.229538
0.047253 0.022166 -0.222918
0.006014 0.034236 -0.237128
-0.030892 0.004841 -0.223966
-0.060358 -0.017011 -0.195765
-0.100924 -0.012912 -0.180021
-0.143455 -0.021248 -0.180945
-0.181640 -0.015012 -0.201618
-0.226794 -0.030540 -0.189427
-0.275083 -0.022367 -0.189630
-0.313416 0.001245 -0.166781
-0.349703 0.025422 -0.166202
-0.380797 0.056100 -0.164919
-0.382479 0.098723 -0.183355
-0.403832 0.130708 -0.209130
-0.391090 0.173343 -0.228990
-0.397589 0.209000 -0.247175
-0.384861 0.248969 -0.275674
-0.364369 0.268885 -0.324799
-0.352448 0.295967 -0.362359
-0.347954 0.339016 -0.385114
-0.339828 0.387762 -0.393095
-0.320291 0.417182 -0.424599
-0.303432 0.454285 -0.446822
-0.287179 0.472252 -0.498717
-0.271733 0.470617 -0.555197
-0.272379 0.477067 -0.605887
-0.270549 0.460182 -0.662853
-0.266028 0.435161 -0.712432
-0.266929 0.414529 -0.759226
-0.272419 0.377150 -0.798695
-0.280815 0.340990 -0.835222
-0.288982 0.300204 -0.863439
-0.294821 0.263855 -0.889856
-0.311196 0.218681 -0.905819
-0.321462 0.173934 -0.916914
-0.330100 0.135398 -0.936133
-0.329938 0.088350 -0.951470
-0.331068 0.048833 -0.967292
-0.310846 0.006224 -0.985633
-0.303096 -0.032338 -0.999562
-0.278016 -0.074608 -0.992175
-0.263041 -0.117494 -1.000000
-0.231947 -0.151956 -0.985414
-0.205912 -0.183665 -0.951438
-0.189995 -0.224804 -0.943535
-0.167082 -0.254350 -0.903643
-0.160771 -0.290284 -0.883564
-0.130363 -0.320346 -0.854330
-0.100211 -0.351287 -0.836474
-0.064152 -0.380004 -0.826740
-0.022093 -0.400209 -0.820213
0.019469 -0.414919 -0.805315
0.064072 -0.420891 -0.793906
0.106777 -0.440191 -0.774829
0.139190 -0.439185 -0.731447
0.169813 -0.453568 -0.705046
0.174522 -0.474565 -0.652446
0.187721 -0.495499 -0.612116
0.177496 -0.518168 -0.561113
0.145002 -0.544835 -0.529218
0.117595 -0.571515 -0.497433
0.121080 -0.593769 -0.454333
0.102095 -0.611384 -0.404097
0.092394 -0.641106 -0.370763
0.084361 -0.661776 -0.318163
0.070584 -0.680032 -0.272966
0.072602 -0.684923 -0.219209
0.050119 -0.683942 -0.165185
0.047159 -0.684684 -0.113853
0.032265 -0.659047 -0.066700
0.013226 -0.638352 -0.023741
0.017962 -0.605084 0.008185
0.005301 -0.563380 0.033710
-0.000928 -0.524039 0.055776
0.020182 -0.481380 0.064556
0.031242 -0.441838 0.060894
0.033893 -0.400724 0.030768
0.039436 -0.361610 0.016276
0.039692 -0.318937 0.001471
0.071378 -0.306302 -0.039798
0.076800 -0.296935 -0.088031
0.051599 -0.266898 -0.116780
0.046917 -0.249158 -0.160412
0.043338 -0.212093 -0.193230
0.046809 -0.184143 -0.230586
0.072091 -0.152497 -0.234624
0.076477 -0.154496 -0.293264
0.035413 -0.146475 -0.321669
0.023667 -0.105022 -0.308742
0.057856 -0.078153 -0.319102
0.048424 -0.076946 -0.374534
0.028403 -0.037291 -0.395646
0.037283 -0.000251 -0.411171
0.052581 0.022744 -0.441657
0.047724 0.061695 -0.459920
0.060156 0.085508 -0.496181
0.059753 0.124321 -0.507152
0.071095 0.144827 -0.544195
0.060735 0.167610 -0.580378
0.020855 0.179428 -0.607546
-0.003673 0.197181 -0.641820
-0.040929 0.193183 -0.665357
-0.086070 0.185639 -0.678550
-0.118120 0.194905 -0.713199
-0.166543 0.177328 -0.716454
-0.209935 0.172790 -0.712166
-0.251699 0.170677 -0.696266
-0.296988 0.156809 -0.692166
-0.345532 0.159047 -0.671602
-0.383798 0.166453 -0.632085
-0.414165 0.173381 -0.593461
-0.438666 0.193007 -0.547091
-0.449148 0.226878 -0.506651
-0.436877 0.256400 -0.464130
-0.423140 0.290648 -0.423675
-0.398881 0.316209 -0.388979
-0.376694 0.334276 -0.336834
-0.330100 0.349879 -0.334017
-0.306756 0.378784 -0.301559
-0.291162 0.361685 -0.257833
-0.254228 0.344913 -0.265470
-0.233669 0.378558 -0.277646
-0.238607 0.393344 -0.233012
-0.216084 0.363961 -0.209647
-0.180025 0.371568 -0.233388
-0.179837 0.409525 -0.220602
-0.180940 0.401994 -0.172588
-0.145419 0.382242 -0.169426
-0.120649 0.409173 -0.190804
-0.133162 0.436004 -0.156562
-0.123205 0.415963 -0.114401
-0.082935 0.416843 -0.126389
-0.079652 0.455970 -0.130724
-0.094480 0.463513 -0.084353
-0.065377 0.442806 -0.058828
-0.032386 0.471598 -0.075542
-0.054438 0.514082 -0.072897
-0.061798 0.526252 -0.019703
-0.064839 0.569566 -0.028796
-0.093215 0.598031 -0.027184
-0.104678 0.643105 -0.026996
-0.100884 0.683590 -0.057858
-0.111782 0.707089 -0.107562
-0.112576 0.734372 -0.145936
-0.087577 0.763855 -0.177032
-0.055905 0.789492 -0.202338
-0.021891 0.817328 -0.213497
0.009889 0.844083 -0.200742
0.037404 0.875717 -0.193950
0.048639 0.909286 -0.163855
0.049756 0.938116 -0.124808
0.039772 0.964846 -0.088438
0.014746 0.985604 -0.048812
-0.015392 0.999145 -0.007402
-0.047509 1.000000 0.032599
-0.069534 0.994757 0.083383
-0.081872 0.978312 0.132054
-0.078159 0.971107 0.179380
-0.066467 0.949545 0.229788
-0.029897 0.940002 0.258913
0.015621 0.941586 0.284579
0.061744 0.923016 0.277160
0.103952 0.930183 0.245485
0.135786 0.928661 0.209850
0.169719 0.930208 0.182024
0.212774 0.916038 0.156578
0.232028 0.903226 0.103759
0.258843 0.892263 0.062694
0.293704 0.887661 0.034821
0.328310 0.855839 0.018717
0.362351 0.832302 0.012379
0.382869 0.792232 0.034258
0.389879 0.754476 0.053038
0.373666 0.720391 0.080644
0.356848 0.697533 0.118674
0.308855 0.693573 0.135591
0.279268 0.657099 0.145419
0.252143 0.633751 0.177470
0.217631 0.611773 0.186751
0.185528 0.585873 0.159379
0.176056 0.549688 0.139676
0.179850 0.506890 0.144480
0.166368 0.471384 0.132367
0.164162 0.433263 0.115309
0.154488 0.400297 0.091646
0.133687 0.385712 0.130927
0.100911 0.410405 0.128736
0.088828 0.401919 0.084353
0.081549 0.364062 0.094291
0.053106 0.369770 0.129159
0.026708 0.390452 0.103243
0.020680 0.364967 0.068202
0.004763 0.337570 0.096654
-0.027098 0.357033 0.115450
-0.045396 0.362088 0.071927
-0.049890 0.324054 0.061536
-0.071593 0.313405 0.099862
-0.102579 0.339117 0.091693
-0.114446 0.327336 0.047482
-0.124376 0.291818 0.061661
-0.154205 0.302819 0.091943
-0.178034 0.320811 0.058828
-0.185622 0.289730 0.031456
-0.201808 0.268042 0.066982
-0.233064 0.291528 0.074635
-0.251712 0.291013 0.031629
-0.257807 0.252452 0.028780
-0.282577 0.253357 0.069705
-0.311747 0.279094 0.055463
-0.323709 0.256349 0.017418
-0.333544 0.225671 0.044462
-0.362674 0.243060 0.070597
-0.388184 0.252917 0.035463
-0.393754 0.215940 0.019437
-0.409604 0.202411 0.061316
-0.441748 0.226476 0.063367
-0.459023 0.215424 0.021644
-0.464378 0.178447 0.036777
-0.488597 0.186192 0.075229
-0.519234 0.202914 0.050377
-0.527481 0.172048 0.022332
-0.535837 0.148549 0.061191
-0.567065 0.168741 0.079361
-0.590275 0.167999 0.039516
-0.592683 0.128797 0.037904
-0.609865 0.124560 0.081661
-0.643246 0.147493 0.074275
-0.657899 0.125490 0.038921
-0.660213 0.093014 0.067044
-0.687822 0.109384 0.099174
-0.716844 0.116350 0.065401
-0.720154 0.079599 0.050753
-0.728967 0.064537 0.095496
-0.763586 0.087382 0.104025
-0.782921 0.072848 0.064947
-0.781589 0.035556 0.080660
-0.802793 0.042245 0.122758
-0.837816 0.058678 0.105246
-0.848096 0.027660 0.077671
-0.860555 0.004199 0.120911
-0.899762 0.018947 0.138878
-0.925474 0.001132 0.099612
-0.952303 -0.035242 0.122445
-0.988079 -0.060451 0.129832
-0.992856 -0.104758 0.107593
-1.000000 -0.143004 0.094228
-0.995950 -0.175380 0.063429
-0.965838 -0.205580 0.035854
-0.938794 -0.234799 0.009593
-0.913042 -0.249673 -0.024085
-0.877952 -0.239602 -0.058155
-0.857204 -0.239439 -0.099674
-0.825074 -0.230650 -0.135388
-0.791424 -0.208673 -0.167908
-0.750858 -0.229192 -0.190914
-0.711973 -0.232549 -0.208567
-0.682978 -0.248051 -0.236940
-0.670990 -0.209327 -0.267958
-0.630881 -0.191259 -0.282607
-0.608170 -0.174738 -0.325973
-0.576551 -0.164353 -0.352734
-0.559221 -0.172287 -0.395318
-0.547045 -0.191787 -0.436399
-0.511901 -0.205894 -0.462096
-0.501931 -0.235692 -0.502754
-0.466303 -0.266445 -0.496917
-0.453722 -0.291880 -0.531456
-0.430136 -0.332428 -0.539078
-0.413398 -0.374497 -0.520095
-0.389126 -0.408469 -0.510595
-0.370370 -0.446565 -0.481909
-0.349246 -0.481757 -0.457291
-0.314950 -0.508700 -0.443363
-0.290368 -0.536826 -0.403596
-0.263028 -0.556415 -0.370246
-0.224668 -0.554265 -0.333187
-0.206854 -0.574935 -0.286222
-0.167256 -0.569717 -0.258600
-0.139271 -0.552630 -0.215453
-0.138571 -0.530753 -0.162744
-0.125923 -0.513013 -0.116467
-0.150478 -0.483944 -0.086810
-0.175652 -0.467285 -0.045041
-0.193574 -0.451230 -0.005102
-0.210366 -0.412970 0.022708
-0.241904 -0.401315 0.051770
-0.276509 -0.401240 0.075605
-0.295978 -0.407954 0.129613
-0.320695 -0.422739 0.169145
-0.336074 -0.457252 0.193809
-0.341711 -0.498831 0.202902
-0.333733 -0.539743 0.194983
-0.340016 -0.576469 0.194497
-0.325175 -0.608328 0.155091
-0.305585 -0.631387 0.114558
-0.284744 -0.667647 0.094463
-0.284286 -0.706234 0.076591
-0.279187 -0.744380 0.059924
-0.291659 -0.788461 0.066199
-0.309985 -0.825098 0.074306
-0.302316 -0.863697 0.091677
-0.313685 -0.902346 0.123572
-0.312635 -0.926675 0.166202
-0.293610 -0.960094 0.195123
-0.259839 -0.986057 0.212792
-0.217550 -1.000000 0.216220
-0.176096 -0.992167 0.203778
-0.127094 -0.999912 0.206172
-0.086608 -0.988445 0.192666
-0.059766 -0.962017 0.166375
-0.017101 -0.937940 0.160960
0.009486 -0.904131 0.167564
0.045625 -0.877288 0.191915
0.064866 -0.843719 0.216689
0.086824 -0.828103 0.268929
0.083985 -0.801964 0.311293
0.082855 -0.769589 0.356521
0.091856 -0.782765 0.408542
0.094479 -0.760473 0.462205
0.098583 -0.757808 0.512238
0.118537 -0.745486 0.564916
0.126300 -0.749070 0.616123
0.162467 -0.756211 0.657313
0.194005 -0.769878 0.687064
0.245200 -0.772003 0.691493
0.274975 -0.788008 0.718505
0.326440 -0.783092 0.716517
0.370989 -0.783255 0.716141
0.411851 -0.792056 0.695421
0.459198 -0.779270 0.677909
0.493441 -0.769174 0.646421
0.531720 -0.742997 0.622336
0.556759 -0.718719 0.589330
0.586521 -0.681302 0.571724
0.594998 -0.642602 0.549955
0.614251 -0.602847 0.535964
0.614292 -0.555748 0.543022
0.621490 -0.517363 0.560550
0.603218 -0.476602 0.585339
0.590732 -0.440668 0.607672
0.572568 -0.413360 0.650505
0.570187 -0.380620 0.687392
0.576995 -0.346296 0.726079
0.588553 -0.314072 0.760118
0.614413 -0.282400 0.785799
0.645143 -0.263290 0.814251
0.693096 -0.248001 0.822921
0.734214 -0.236107 0.829948
0.783835 -0.237993 0.832327
0.827765 -0.251132 0.825425
0.876889 -0.242959 0.806426
0.910001 -0.247121 0.772935
0.947150 -0.226728 0.741228
0.968489 -0.212470 0.697283
0.985038 -0.175179 0.665467
1.000000 -0.140276 0.645247
0.988119 -0.096246 0.626436
0.993004 -0.057735 0.616248
0.982912 -0.012535 0.598626
0.970507 0.028327 0.582538
0.970790 0.062940 0.560925
0.947728 0.097830 0.531347
0.940342 0.131538 0.503521
0.921532 0.142753 0.452252
0.910135 0.163989 0.413769
0.883926 0.156621 0.366475
0.861120 0.163825 0.324642
0.844799 0.154836 0.278882
0.812992 0.141081 0.238583
0.789029 0.147040 0.194091
0.766048 0.145645 0.151961
0.773677 0.177165 0.119941
0.785275 0.185061 0.074322
0.792164 0.180597 0.024085
0.799645 0.193296 -0.026527
0.794196 0.167308 -0.066653
0.758164 0.161839 -0.106545
0.736017 0.151516 -0.147407
0.722387 0.114476 -0.167501
0.712054 0.072948 -0.162243
0.669658 0.046658 -0.159692
0.647942 0.037329 -0.197502
0.638766 -0.010134 -0.201196
0.605089 -0.029810 -0.172415
0.567859 -0.015641 -0.181852
0.567106 -0.029270 -0.226908
0.562491 -0.067806 -0.210852
0.526688 -0.062500 -0.187220
0.505685 -0.045325 -0.223340
0.510057 -0.075475 -0.253999
0.490723 -0.101426 -0.227081
0.454947 -0.083082 -0.222041
0.447573 -0.078103 -0.270243
0.444950 -0.117821 -0.276174
0.415336 -0.127112 -0.243654
0.386664 -0.103500 -0.261933
0.386744 -0.119694 -0.306833
0.375308 -0.155603 -0.290134
0.340097 -0.143847 -0.269101
0.321664 -0.128495 -0.307271
0.324731 -0.162543 -0.332686
0.300930 -0.183213 -0.300573
0.267495 -0.161499 -0.305988
0.263943 -0.163649 -0.355535
0.260498 -0.207189 -0.349401
0.256529 -0.228576 -0.307412
0.295427 -0.234347 -0.278678
0.284959 -0.229230 -0.229084
0.292911 -0.246718 -0.187001
0.292453 -0.249786 -0.138878
0.305800 -0.256475 -0.093587
0.307832 -0.265565 -0.045760
0.306056 -0.250805 0.001784
0.337473 -0.270393 0.036511
0.361570 -0.272468 0.077358
0.386287 -0.295464 0.102351
0.410061 -0.304466 0.143103
0.458297 -0.309457 0.145701
0.495324 -0.318786 0.162619
0.542120 -0.310941 0.140630
0.580399 -0.304466 0.118454
0.614642 -0.306314 0.090206
0.628957 -0.323992 0.038561
0.643273 -0.340261 -0.007888
0.634999 -0.365331 -0.052850
0.623347 -0.385021 -0.097750
0.602869 -0.413913 -0.133291
0.571384 -0.440467 -0.156750
0.548942 -0.473295 -0.182384
0.515116 -0.508688 -0.185937
0.489216 -0.542509 -0.188034
0.456158 -0.573275 -0.163964
0.406469 -0.582227 -0.153135
0.362876 -0.590047 -0.139191
0.323278 -0.590714 -0.110942
0.281770 -0.570710 -0.089643
0.244756 -0.555748 -0.076998
0.215223 -0.520544 -0.062428
0.188824 -0.487980 -0.052646
0.163987 -0.457340 -0.040252
0.147370 -0.426712 -0.006276
0.129435 -0.396223 0.017043
0.132610 -0.354041 0.035478
0.124120 -0.316888 0.051504
0.118442 -0.278591 0.065652
0.101853 -0.289404 0.111897
0.142459 -0.297086 0.141037
0.162345 -0.266030 0.165232
0.144329 -0.284123 0.212777
0.169221 -0.317944 0.218129
0.202898 -0.337948 0.231823
0.238204 -0.357976 0.234906
0.253313 -0.399970 0.230258
0.275164 -0.432358 0.213043
0.289964 -0.469159 0.205046
0.291296 -0.514031 0.193449
0.286277 -0.551725 0.171476
0.272944 -0.587897 0.147172
0.289480 -0.632116 0.155670
0.271733 -0.674940 0.165592
0.248523 -0.707466 0.178331
0.217860 -0.733429 0.196955
0.189968 -0.759040 0.236111
0.162830 -0.780351 0.266378
0.144625 -0.803976 0.305111
0.123945 -0.837080 0.341701
0.099162 -0.832101 0.384347
0.065054 -0.838073 0.429716
0.030838 -0.850521 0.462847
0.001453 -0.846271 0.511518
-0.044212 -0.846283 0.539782
-0.078495 -0.832252 0.570096
-0.127578 -0.818950 0.577937
-0.163906 -0.795728 0.584400
-0.198014 -0.766471 0.585887
-0.231005 -0.737176 0.558484
-0.246048 -0.701909 0.535322
-0.251578 -0.666579 0.505446
-0.227023 -0.631865 0.476838
-0.218721 -0.599351 0.445006
-0.217779 -0.561155 0.424990
-0.217524 -0.521537 0.407665
