0.150503 0.478129 0.189270
0.101410 0.457426 0.169143
0.114806 0.424673 0.112332
0.139889 0.369806 0.143189
0.094979 0.345458 0.174196
0.064625 0.328854 0.122524
0.097175 0.282094 0.094441
0.095895 0.238364 0.148285
0.043190 0.224494 0.150435
0.039784 0.196319 0.090571
0.075411 0.144390 0.095044
0.048151 0.111045 0.145554
0.007113 0.087495 0.109451
0.031297 0.045883 0.067584
0.051746 0.000057 0.114719
0.005955 -0.024496 0.139125
-0.009585 -0.056041 0.082206
0.031245 -0.100637 0.072487
0.021893 -0.136031 0.130438
-0.027338 -0.157850 0.115815
-0.018591 -0.197253 0.061950
0.011988 -0.245152 0.092721
-0.029050 -0.262507 0.138587
-0.069741 -0.282140 0.092377
-0.048963 -0.337760 0.061004
-0.047736 -0.376206 0.121148
-0.107045 -0.366480 0.138544
-0.137192 -0.404152 0.090829
-0.126734 -0.475100 0.109365
-0.161047 -0.466741 0.175099
-0.220667 -0.459794 0.149726
-0.236899 -0.530492 0.171702
-0.259613 -0.538554 0.236426
-0.315845 -0.521859 0.274981
-0.372181 -0.533703 0.286743
-0.420548 -0.585633 0.300054
-0.466512 -0.592784 0.354779
-0.521949 -0.578413 0.348113
-0.580515 -0.608363 0.323492
-0.625079 -0.640341 0.282142
-0.643644 -0.680222 0.221396
-0.666842 -0.709103 0.154220
-0.666791 -0.726390 0.073820
-0.643523 -0.743699 0.008644
-0.610680 -0.753220 -0.054252
-0.568501 -0.789480 -0.107128
-0.518440 -0.793784 -0.137921
-0.474913 -0.819248 -0.176110
-0.412787 -0.818178 -0.193162
-0.363434 -0.869720 -0.199355
-0.303244 -0.875141 -0.222385
-0.242586 -0.891995 -0.222836
-0.191073 -0.914999 -0.221224
-0.125818 -0.896573 -0.220901
-0.071003 -0.874959 -0.228040
-0.014892 -0.837697 -0.201828
0.025333 -0.792418 -0.165767
0.036483 -0.737937 -0.113300
0.047874 -0.735933 -0.038361
0.084988 -0.692863 0.011762
0.086993 -0.641093 0.061133
0.059456 -0.579142 0.106741
0.016794 -0.578208 0.162843
0.036552 -0.556707 0.235996
0.044019 -0.512453 0.290614
0.043829 -0.448497 0.325750
0.029309 -0.462983 0.403462
0.047027 -0.486283 0.465111
0.089292 -0.495439 0.517923
0.078938 -0.487991 0.591635
0.066077 -0.536300 0.640254
0.073371 -0.598866 0.681454
0.075411 -0.635535 0.737168
0.099940 -0.699491 0.766584
0.113061 -0.743677 0.819740
0.157019 -0.796973 0.828169
0.198178 -0.833643 0.859456
0.241290 -0.869561 0.873906
0.283244 -0.915455 0.835781
0.332060 -0.949892 0.828191
0.371680 -0.975652 0.774153
0.419183 -1.000000 0.742759
0.454567 -0.985195 0.679045
0.508777 -0.980002 0.662681
0.534101 -0.915865 0.627244
0.568622 -0.861635 0.620041
0.575761 -0.802667 0.587098
0.600239 -0.744679 0.572906
0.602002 -0.678059 0.557531
0.602762 -0.616221 0.516719
0.631371 -0.555158 0.487711
0.641362 -0.489107 0.459241
0.687499 -0.450798 0.419890
0.731441 -0.395178 0.408365
0.768019 -0.342975 0.407612
0.762660 -0.306943 0.468487
0.745616 -0.320700 0.530975
0.737595 -0.314551 0.598473
0.720568 -0.331200 0.657585
0.668727 -0.318286 0.643114
0.663506 -0.364954 0.594173
0.676955 -0.421257 0.631631
0.638165 -0.415859 0.675605
0.598406 -0.419503 0.631437
0.610645 -0.481568 0.602064
0.606980 -0.517691 0.663821
0.591889 -0.496988 0.724718
0.631786 -0.448771 0.764111
0.673463 -0.411600 0.786647
0.722642 -0.389165 0.795312
0.741052 -0.440958 0.832319
0.746947 -0.485714 0.779766
0.785893 -0.448793 0.751618
0.819342 -0.453007 0.802666
0.821364 -0.522953 0.805268
0.841744 -0.528783 0.742436
0.888711 -0.488037 0.759660
0.920345 -0.521609 0.804000
0.941936 -0.561012 0.745705
0.972982 -0.499402 0.712203
1.000000 -0.439637 0.688335
0.972843 -0.384519 0.721385
0.954848 -0.325848 0.752285
0.914554 -0.306670 0.794065
0.928418 -0.237658 0.799656
0.906084 -0.225017 0.731405
0.846775 -0.238569 0.736114
0.795504 -0.218777 0.714052
0.747656 -0.229390 0.681970
0.772444 -0.202309 0.621482
0.805513 -0.249980 0.597119
0.826567 -0.297172 0.552801
0.837285 -0.364522 0.523492
0.855297 -0.421166 0.490850
0.854848 -0.488378 0.473132
0.875228 -0.513250 0.530051
0.836645 -0.492797 0.573960
0.796247 -0.523704 0.544888
0.814709 -0.588616 0.553747
0.819722 -0.588776 0.620492
0.769937 -0.575907 0.638361
0.749229 -0.631960 0.605698
0.778978 -0.680837 0.638383
0.761796 -0.665236 0.699667
0.708606 -0.677990 0.681884
0.691596 -0.720878 0.630405
0.684008 -0.691178 0.565208
0.676747 -0.658198 0.499000
0.686722 -0.623145 0.439458
0.671233 -0.561604 0.391721
0.670023 -0.515847 0.340996
0.657508 -0.446607 0.312805
0.640965 -0.391557 0.276078
0.623039 -0.331200 0.262531
0.594690 -0.282937 0.232405
0.593099 -0.237317 0.185980
0.567948 -0.190853 0.150177
0.535484 -0.180945 0.095538
0.537023 -0.140062 0.044748
0.520843 -0.114667 -0.013676
0.523142 -0.090683 -0.075562
0.516227 -0.056770 -0.129728
0.480393 -0.060892 -0.193678
0.470108 -0.011422 -0.238168
0.464006 0.043947 -0.280873
0.491871 0.104668 -0.312224
0.512511 0.152703 -0.348027
0.553030 0.180513 -0.380174
0.581811 0.229641 -0.407032
0.601051 0.258179 -0.459434
0.626064 0.257565 -0.518116
0.658787 0.276059 -0.565466
0.666929 0.313161 -0.621439
0.667154 0.253260 -0.662423
0.609193 0.239344 -0.654317
0.582105 0.295487 -0.681583
0.532355 0.314710 -0.715450
0.484594 0.336643 -0.732394
0.426270 0.357301 -0.719062
0.376641 0.377686 -0.701860
0.334376 0.405838 -0.668165
0.297902 0.425334 -0.615074
0.241584 0.458177 -0.604258
0.201774 0.497853 -0.572691
0.149051 0.522793 -0.557445
0.125783 0.586885 -0.519858
0.070744 0.613033 -0.488679
0.016655 0.615310 -0.493065
-0.030311 0.614399 -0.520804
-0.031037 0.639476 -0.585808
0.016690 0.640068 -0.621159
0.031245 0.578982 -0.660359
0.057935 0.518375 -0.657478
0.028807 0.482069 -0.701365
0.035428 0.527121 -0.752672
0.088134 0.517304 -0.757424
0.085489 0.447518 -0.769122
0.055826 0.449591 -0.823331
0.092317 0.484803 -0.859800
0.130260 0.434399 -0.856123
0.098575 0.376160 -0.874293
0.048030 0.373450 -0.896183
0.005990 0.374953 -0.842985
-0.038834 0.360695 -0.789098
-0.041219 0.362153 -0.721578
-0.079664 0.409482 -0.710031
-0.119076 0.361675 -0.733169
-0.105904 0.307649 -0.682034
-0.114962 0.332954 -0.621847
-0.143467 0.343522 -0.566971
-0.150330 0.417043 -0.572476
-0.101237 0.442712 -0.589291
-0.057019 0.401260 -0.550220
-0.012749 0.382697 -0.516740
0.005886 0.318309 -0.474250
0.062032 0.308082 -0.507171
0.106526 0.291911 -0.541060
0.135481 0.301454 -0.603268
0.170088 0.278018 -0.659478
0.197175 0.306556 -0.724933
0.216052 0.314596 -0.793614
0.240892 0.365751 -0.838168
0.252526 0.396363 -0.903107
0.273823 0.445331 -0.947597
0.300737 0.471570 -1.000000
0.350124 0.454214 -0.973960
0.349778 0.395155 -0.926825
0.330470 0.400804 -0.865154
0.315897 0.382720 -0.794646
0.272111 0.377754 -0.741447
0.247634 0.373222 -0.678142
0.198316 0.379531 -0.643415
0.160459 0.405086 -0.592130
0.112680 0.405405 -0.555532
0.078194 0.443418 -0.503344
0.044659 0.473073 -0.460811
0.019369 0.527781 -0.427932
0.002118 0.507510 -0.368111
0.015774 0.497398 -0.304677
0.021305 0.426222 -0.304741
0.072230 0.432759 -0.341082
0.117866 0.440708 -0.308569
0.138126 0.378529 -0.327148
0.142032 0.396340 -0.391657
0.174565 0.451253 -0.383744
0.213891 0.413490 -0.356607
0.221428 0.370329 -0.408021
0.235032 0.418592 -0.451822
0.277850 0.447199 -0.423051
0.309242 0.385840 -0.422256
0.311541 0.373518 -0.494054
0.329018 0.443600 -0.523793
0.349467 0.502659 -0.559617
0.291506 0.534979 -0.566133
0.247375 0.588275 -0.570046
0.194652 0.611712 -0.583077
0.158731 0.668174 -0.574540
0.103605 0.687602 -0.575573
0.073164 0.753835 -0.593528
0.034028 0.802325 -0.607892
0.013596 0.867898 -0.626105
-0.027200 0.863320 -0.578776
-0.001668 0.846534 -0.520181
0.050294 0.827539 -0.491947
0.059421 0.809090 -0.425933
0.048808 0.746182 -0.382540
0.061046 0.691064 -0.344995
0.084504 0.652344 -0.394818
0.124608 0.698375 -0.402064
0.144764 0.689515 -0.341189
0.153804 0.621460 -0.348866
0.187668 0.628748 -0.401269
0.224004 0.665463 -0.369401
0.234427 0.617633 -0.323213
0.251350 0.565840 -0.362585
0.292163 0.602601 -0.389808
0.317315 0.620458 -0.332588
0.324039 0.552357 -0.311171
0.350712 0.533293 -0.370713
0.372181 0.575179 -0.418342
0.342449 0.596975 -0.476873
0.325007 0.630365 -0.530739
0.290331 0.680678 -0.568842
0.242102 0.697304 -0.608107
0.200425 0.735136 -0.640039
0.143069 0.735090 -0.656833
0.101099 0.771350 -0.685604
0.044884 0.759051 -0.698678
0.010467 0.796586 -0.739641
0.017381 0.838243 -0.794560
-0.038229 0.835875 -0.809999
-0.055947 0.890788 -0.769401
-0.067684 0.955541 -0.743318
-0.036344 0.937980 -0.682808
0.018280 0.939802 -0.694743
0.067546 0.949551 -0.650704
0.120113 0.946385 -0.642297
0.122464 0.999476 -0.596603
0.102672 0.959754 -0.548006
0.139215 0.909442 -0.545210
0.181531 0.948822 -0.531341
0.161116 0.976017 -0.473691
0.155844 0.914749 -0.441780
0.208740 0.895776 -0.443286
0.226493 0.944016 -0.401011
0.205058 0.909715 -0.345812
0.242863 0.846967 -0.359123
0.285767 0.851476 -0.402301
0.273166 0.862227 -0.471885
0.302760 0.883431 -0.528825
0.305768 0.903065 -0.594710
0.326736 0.933881 -0.648575
0.309190 1.000000 -0.635975
0.345768 0.998907 -0.577551
0.385526 0.945337 -0.571723
0.372769 0.869789 -0.571014
0.361239 0.797816 -0.584561
0.309121 0.801255 -0.610257
0.275465 0.787817 -0.659327
0.228999 0.815832 -0.700419
0.181272 0.787840 -0.733792
0.137209 0.790004 -0.773422
0.085368 0.744519 -0.783443
0.050778 0.686326 -0.812515
0.022688 0.626562 -0.815418
-0.007649 0.645215 -0.869412
0.029931 0.660703 -0.914568
0.087425 0.667490 -0.900656
0.118817 0.718737 -0.875175
0.169172 0.696348 -0.857091
0.189725 0.631937 -0.863950
0.237400 0.657742 -0.882636
0.249000 0.691724 -0.826836
0.247530 0.633463 -0.788603
0.286632 0.599458 -0.821245
0.325543 0.647197 -0.814515
0.324385 0.647128 -0.748651
0.337349 0.578527 -0.742307
0.384195 0.583583 -0.774669
0.408655 0.633007 -0.739168
0.406356 0.594789 -0.683152
0.433565 0.537803 -0.705193
0.478543 0.573653 -0.718009
0.487031 0.599708 -0.656295
0.491646 0.531266 -0.629631
0.508466 0.471729 -0.658187
0.488794 0.407546 -0.655134
0.500687 0.334229 -0.624126
0.519339 0.254649 -0.628470
0.518699 0.180080 -0.628018
0.514257 0.113300 -0.661972
0.548069 0.066882 -0.619826
0.517887 0.059685 -0.564434
0.473219 0.055881 -0.529212
0.428189 0.079910 -0.501602
0.395535 0.145870 -0.493237
0.340288 0.173019 -0.462101
0.279129 0.184430 -0.456489
0.227582 0.192220 -0.441544
0.176380 0.214859 -0.452919
0.144401 0.141748 -0.454768
0.103570 0.083099 -0.433545
0.072144 0.015021 -0.460080
0.031400 -0.033788 -0.491087
0.021495 -0.092346 -0.536157
0.003673 -0.151997 -0.564972
0.051850 -0.158966 -0.603247
0.095913 -0.137147 -0.560370
0.091850 -0.108472 -0.495775
0.134219 -0.062919 -0.486528
0.146751 0.016592 -0.498484
0.180805 0.078065 -0.526438
0.205991 0.143251 -0.531663
0.261601 0.171152 -0.556026
0.316554 0.194793 -0.556628
0.369070 0.205020 -0.572713
0.422121 0.226088 -0.557381
0.450298 0.151427 -0.572261
0.450298 0.100568 -0.624040
0.424144 0.036089 -0.648511
0.380997 -0.006503 -0.657284
0.364126 -0.084238 -0.657069
0.351472 -0.150699 -0.652123
0.368050 -0.169489 -0.583163
0.370332 -0.128150 -0.530330
0.374169 -0.098405 -0.462101
0.343210 -0.057795 -0.410967
0.333685 0.001469 -0.361961
0.291956 0.033743 -0.313558
0.294117 0.022491 -0.250618
0.266044 -0.047568 -0.246576
0.276709 -0.069547 -0.319127
0.275759 -0.111387 -0.386948
0.296295 -0.137807 -0.455177
0.289121 -0.159604 -0.525363
0.281567 -0.149469 -0.589528
0.243727 -0.160652 -0.642705
0.230676 -0.081983 -0.656532
0.225214 -0.018916 -0.699301
0.197798 0.054059 -0.713536
0.167564 0.113323 -0.735663
0.122309 0.146098 -0.748393
0.108635 0.095011 -0.797656
0.127875 0.026227 -0.787120
0.179008 0.008780 -0.801161
0.227011 -0.022537 -0.800624
0.284091 -0.028026 -0.774497
0.340392 -0.041419 -0.762606
0.350228 0.037023 -0.743770
0.372631 0.098518 -0.701043
0.390072 0.169990 -0.684012
0.385716 0.235563 -0.665154
0.331645 0.256813 -0.664402
0.293252 0.204655 -0.662273
0.247617 0.164524 -0.657005
0.223917 0.097858 -0.620471
0.204418 0.029894 -0.611784
0.206545 -0.027047 -0.562413
0.210434 -0.106240 -0.544823
0.218316 -0.142089 -0.477196
0.198230 -0.136987 -0.415719
0.178817 -0.149264 -0.348629
0.170710 -0.070914 -0.337534
0.171367 0.000490 -0.331835
0.186717 0.068727 -0.330072
0.189587 0.139128 -0.326546
0.197193 0.204974 -0.344350
0.254773 0.214631 -0.344522
0.292544 0.164615 -0.355252
0.334342 0.124051 -0.372842
0.370332 0.083304 -0.415332
0.404005 0.016091 -0.419310
0.440341 -0.035816 -0.435222
0.457385 -0.114758 -0.433953
0.472545 -0.182927 -0.447371
0.423763 -0.217911 -0.404817
0.392890 -0.248682 -0.358413
0.426080 -0.238956 -0.307902
0.426062 -0.169626 -0.308935
0.375206 -0.159376 -0.296205
0.377834 -0.189373 -0.235588
0.412285 -0.145756 -0.207290
0.380582 -0.088998 -0.214472
0.337246 -0.112412 -0.182518
0.362328 -0.127740 -0.124976
0.376728 -0.061052 -0.113837
0.329623 -0.027252 -0.115106
0.308654 -0.067064 -0.066401
0.343521 -0.051486 -0.018901
0.336744 0.017754 -0.017159
0.285180 0.016638 -0.001398
0.291662 -0.022127 0.054188
0.319994 0.028755 0.085260
0.288326 0.083623 0.085625
0.248239 0.049572 0.113106
0.275205 0.028436 0.166821
0.279095 0.096377 0.190969
0.226648 0.107879 0.195742
0.214980 0.053239 0.232534
0.246631 0.071096 0.283582
0.222085 0.128150 0.303516
0.174098 0.097653 0.312031
0.193321 0.051691 0.357639
0.211679 0.099133 0.402516
0.165300 0.129767 0.414536
0.137503 0.072508 0.431868
0.173251 0.056997 0.481755
0.168342 0.115783 0.517686
0.117399 0.109542 0.530803
0.121410 0.046976 0.559897
0.156553 0.067178 0.607870
0.125144 0.116967 0.634899
0.084659 0.074922 0.648339
0.114720 0.032695 0.687668
0.128998 0.081004 0.732394
0.081254 0.101935 0.750844
0.065109 0.035292 0.768520
0.105679 0.027138 0.816729
0.100113 0.085103 0.856833
0.053648 0.068135 0.882464
0.085420 0.002699 0.905795
0.129846 -0.000604 0.942458
0.107252 -0.030759 1.000000
0.094046 -0.100386 0.968584
0.084659 -0.163727 0.948156
0.057537 -0.199189 0.902441
0.012887 -0.206181 0.939877
0.001132 -0.136669 0.939490
0.000786 -0.127717 0.873218
-0.042948 -0.167303 0.859757
-0.078194 -0.126784 0.893108
-0.071954 -0.065926 0.861886
-0.081289 -0.091139 0.799333
-0.134461 -0.103119 0.812945
-0.148515 -0.035132 0.820320
-0.135654 -0.010124 0.761101
-0.167443 -0.055426 0.725578
-0.213718 -0.022036 0.743834
-0.198835 0.041828 0.710612
-0.183381 0.016797 0.646554
-0.195153 0.002335 0.583271
-0.186925 -0.028003 0.523213
-0.165922 -0.045951 0.466036
-0.181410 -0.065493 0.404580
-0.179457 -0.094396 0.345275
-0.196484 -0.052055 0.282335
-0.208654 -0.031306 0.221697
-0.248930 0.012652 0.245156
-0.225387 0.076835 0.253779
-0.229224 0.098951 0.189765
-0.283831 0.114257 0.187141
-0.274065 0.179146 0.220514
-0.242327 0.197754 0.163595
-0.227755 0.219597 0.100398
-0.207979 0.176413 0.051865
-0.177452 0.164752 -0.009483
-0.164193 0.114917 -0.054747
-0.124435 0.102254 -0.111708
-0.110537 0.092346 -0.184776
-0.073786 0.090706 -0.242297
-0.069430 0.097084 -0.318826
-0.033579 0.105579 -0.374949
0.002394 0.104190 -0.428728
0.045160 0.145870 -0.387550
0.074391 0.179374 -0.341813
0.055860 0.244878 -0.351210
0.006698 0.229686 -0.326804
0.023881 0.214950 -0.266573
0.047269 0.274715 -0.252640
0.003483 0.313890 -0.255994
-0.023086 0.280159 -0.207010
0.013215 0.290476 -0.159445
0.009758 0.360627 -0.160219
-0.040787 0.360262 -0.140200
-0.033285 0.327829 -0.082099
0.001080 0.378893 -0.057843
-0.041357 0.426199 -0.045651
-0.065766 0.407159 0.011375
-0.093009 0.442689 0.070466
-0.138679 0.403082 0.094334
-0.136656 0.357894 0.148242
-0.189207 0.382925 0.170648
-0.220667 0.349626 0.119385
-0.175758 0.298288 0.092356
-0.144936 0.243238 0.058295
-0.107633 0.221419 0.011182
-0.094426 0.151063 -0.017245
-0.060770 0.104600 -0.046554
-0.052351 0.035679 -0.068874
-0.039214 0.052875 -0.145189
-0.002705 0.049185 -0.206451
0.001340 0.044038 -0.286528
0.000406 0.011491 -0.351833
-0.052749 -0.007391 -0.380239
-0.098506 -0.041145 -0.365122
-0.132905 -0.080115 -0.330760
-0.137313 -0.139311 -0.282077
-0.142897 -0.178941 -0.227395
-0.114928 -0.136623 -0.186453
-0.147979 -0.082621 -0.185227
-0.188377 -0.120201 -0.158714
-0.162534 -0.138696 -0.101688
-0.155585 -0.072144 -0.081518
-0.205559 -0.049755 -0.080400
-0.222534 -0.097767 -0.036426
-0.190693 -0.076129 0.016321
-0.206562 0.002016 0.010149
-0.240737 0.034950 -0.029610
-0.220961 0.056565 -0.097559
-0.197988 0.085809 -0.160413
-0.185836 0.094783 -0.229739
-0.148221 0.125372 -0.276594
-0.139146 0.144276 -0.345339
-0.101341 0.163066 -0.399785
-0.107443 0.124278 -0.456983
-0.138886 0.060118 -0.441092
-0.166890 -0.007755 -0.426965
-0.213753 -0.060186 -0.421159
-0.239769 -0.121454 -0.431588
-0.278922 -0.164023 -0.412386
-0.253304 -0.189988 -0.359058
-0.251817 -0.127490 -0.326244
-0.304039 -0.115145 -0.324374
-0.316779 -0.175092 -0.292700
-0.286856 -0.161176 -0.239071
-0.310210 -0.100409 -0.221912
-0.359891 -0.124825 -0.215310
-0.347773 -0.170992 -0.165767
-0.323728 -0.112959 -0.124847
-0.324419 -0.040804 -0.136716
-0.291852 -0.006525 -0.183249
-0.267271 0.046999 -0.218041
-0.256830 0.079250 -0.283668
-0.225145 0.135644 -0.318804
-0.212958 0.174021 -0.381959
-0.170676 0.220781 -0.413805
-0.144159 0.278860 -0.454532
-0.140442 0.332384 -0.396301
-0.126751 0.362198 -0.338329
-0.173027 0.395042 -0.323471
-0.202430 0.335664 -0.316504
-0.176052 0.315074 -0.261993
-0.187115 0.373700 -0.223782
-0.239112 0.369646 -0.224062
-0.239077 0.302320 -0.196796
-0.215430 0.324891 -0.139899
-0.253287 0.370922 -0.122782
-0.292319 0.320609 -0.120503
-0.270365 0.280477 -0.071885
-0.269985 0.333386 -0.029029
-0.320997 0.352336 -0.029459
-0.338456 0.286171 -0.011569
-0.308395 0.292321 0.052596
-0.326390 0.342520 0.092184
-0.357229 0.379076 0.131083
-0.396157 0.421075 0.148092
-0.419546 0.477719 0.172756
-0.452459 0.511815 0.222965
-0.497904 0.556639 0.234899
-0.532822 0.599800 0.272250
-0.587464 0.622576 0.272207
-0.635987 0.649725 0.289324
-0.693187 0.643484 0.305817
-0.694552 0.662480 0.384948
-0.720413 0.691018 0.449500
-0.731942 0.677216 0.524503
-0.755711 0.674300 0.592409
-0.769920 0.662161 0.656575
-0.814346 0.657856 0.705344
-0.815349 0.576090 0.722073
-0.822903 0.506531 0.759295
-0.833240 0.426199 0.758757
-0.859584 0.356231 0.769960
-0.875055 0.295214 0.736136
-0.899653 0.228297 0.725062
-0.880206 0.166642 0.686507
-0.873741 0.101001 0.711816
-0.845686 0.124939 0.768735
-0.824700 0.194543 0.755231
-0.798010 0.259546 0.750995
-0.795781 0.323137 0.712870
-0.780897 0.385476 0.688550
-0.801450 0.459088 0.668939
-0.805927 0.520971 0.631093
-0.823871 0.588366 0.619181
-0.824303 0.632802 0.556284
-0.809800 0.688285 0.505172
-0.799445 0.724499 0.448726
-0.769108 0.779663 0.417654
-0.745166 0.737254 0.356929
-0.766480 0.686645 0.319041
-0.761675 0.606154 0.335405
-0.772928 0.532154 0.345941
-0.753982 0.457813 0.333620
-0.744026 0.389621 0.343576
-0.697076 0.389302 0.301516
-0.661207 0.430413 0.340372
-0.631734 0.467903 0.388431
-0.614742 0.490292 0.458316
-0.605926 0.546071 0.513128
-0.591803 0.576477 0.574970
-0.591647 0.646286 0.613741
-0.563574 0.686258 0.668358
-0.536729 0.744064 0.652769
-0.510039 0.704889 0.599484
-0.512857 0.630365 0.607311
-0.513220 0.559554 0.597441
-0.537109 0.495302 0.618966
-0.557334 0.468313 0.548156
-0.566202 0.408707 0.495560
-0.617715 0.380078 0.454080
-0.673636 0.353748 0.468315
-0.724769 0.328398 0.479776
-0.773585 0.295692 0.494097
-0.809800 0.365159 0.491151
-0.856179 0.410894 0.463972
-0.901313 0.454715 0.492463
-0.958876 0.482115 0.490012
-1.000000 0.454442 0.523514
-0.981815 0.383608 0.498828
-0.948418 0.387503 0.442942
-0.912877 0.377550 0.394302
-0.873275 0.421690 0.356542
-0.835591 0.448475 0.312289
-0.853707 0.527257 0.322912
-0.843611 0.598615 0.350220
-0.850457 0.673207 0.353446
-0.859377 0.734293 0.379852
-0.890440 0.723292 0.438942
-0.887000 0.656922 0.467025
-0.888072 0.594903 0.505537
-0.856248 0.532040 0.540781
-0.831286 0.464463 0.551833
-0.781952 0.428090 0.575938
-0.741847 0.369327 0.568735
-0.696212 0.323388 0.578153
-0.660135 0.270160 0.588066
-0.647344 0.299541 0.656145
-0.651596 0.297924 0.723406
-0.615623 0.354523 0.734738
-0.648450 0.415381 0.725578
-0.660084 0.484894 0.743253
-0.693999 0.542540 0.747360
-0.707016 0.621073 0.743318
-0.717941 0.688854 0.737942
-0.685581 0.707075 0.679088
-0.676454 0.667035 0.627094
-0.660118 0.638496 0.560047
-0.668848 0.615174 0.489861
-0.647171 0.585929 0.427954
-0.649124 0.572013 0.360972
-0.617300 0.528897 0.307064
-0.581846 0.514275 0.250984
-0.550039 0.477059 0.205569
-0.511387 0.482616 0.153016
-0.478682 0.466696 0.098742
-0.426668 0.475533 0.068788
-0.387410 0.472526 0.024234
-0.335120 0.469451 0.009698
-0.282742 0.478106 -0.011504
-0.231402 0.486237 -0.013955
-0.181687 0.520265 -0.006494
-0.155464 0.500404 -0.062746
-0.112749 0.522998 -0.109150
-0.071159 0.514685 -0.153897
-0.051107 0.569553 -0.195506
-0.075999 0.569462 -0.260854
