0.235775 -0.306621 -0.591317
0.254704 -0.264097 -0.622780
0.297074 -0.236897 -0.605308
0.314941 -0.318730 -0.597319
0.315891 -0.346952 -0.635276
0.346340 -0.284599 -0.649604
0.384666 -0.305130 -0.625871
0.389080 -0.396672 -0.634224
0.385488 -0.397959 -0.677065
0.409202 -0.306592 -0.687860
0.440617 -0.253217 -0.666543
0.473853 -0.314664 -0.653930
0.486097 -0.349848 -0.689146
0.497825 -0.272871 -0.707748
0.533719 -0.246988 -0.682287
0.562379 -0.320631 -0.688678
0.568147 -0.309224 -0.728272
0.589283 -0.229147 -0.725908
0.629398 -0.258218 -0.705241
0.644413 -0.317179 -0.733572
0.648875 -0.258365 -0.763190
0.681853 -0.204989 -0.745030
0.719616 -0.259856 -0.744146
0.724240 -0.264419 -0.784325
0.729846 -0.174719 -0.791339
0.771604 -0.159160 -0.770166
0.800248 -0.208879 -0.793288
0.793562 -0.160798 -0.827023
0.810188 -0.083265 -0.811409
0.856103 -0.111400 -0.804226
0.868089 -0.132575 -0.841455
0.860211 -0.050860 -0.856719
0.892770 -0.004270 -0.834999
0.932304 -0.051123 -0.848587
0.927294 -0.042554 -0.888233
0.925329 0.046707 -0.888934
0.970148 0.059429 -0.872943
0.996617 0.015793 -0.901288
0.976543 0.056388 -0.936465
0.983712 0.146438 -0.934140
1.000000 0.233622 -0.939193
0.968988 0.262108 -0.905744
0.965105 0.270122 -0.865396
0.925103 0.324052 -0.863461
0.891755 0.268718 -0.879594
0.897442 0.201743 -0.853328
0.883893 0.250497 -0.821074
0.837914 0.270648 -0.832310
0.823672 0.183903 -0.833960
0.832743 0.164161 -0.795821
0.800844 0.224029 -0.781272
0.760053 0.188494 -0.796964
0.764693 0.108593 -0.779012
0.764274 0.138775 -0.741276
0.718649 0.174251 -0.742588
0.694935 0.098795 -0.753824
0.707743 0.048462 -0.722557
0.686654 0.098649 -0.694628
0.640546 0.095285 -0.709073
0.634602 0.005294 -0.709151
0.641416 -0.009066 -0.670064
0.607842 0.046912 -0.655489
0.568566 0.007516 -0.672960
0.572706 -0.076831 -0.658762
0.572851 -0.053960 -0.620078
0.530320 -0.008189 -0.619051
0.501837 -0.076743 -0.630028
0.513436 -0.137810 -0.602723
0.499694 -0.085897 -0.572274
0.452249 -0.074930 -0.582848
0.439586 -0.161880 -0.583147
0.452990 -0.180042 -0.545124
0.422735 -0.122894 -0.527276
0.380719 -0.154159 -0.542968
0.384006 -0.234616 -0.526159
0.384602 -0.207534 -0.487734
0.340556 -0.166296 -0.488085
0.313620 -0.239237 -0.498256
0.327088 -0.288196 -0.466404
0.310575 -0.230726 -0.438657
0.262727 -0.236254 -0.450959
0.256509 -0.324871 -0.445698
0.264854 -0.325924 -0.406325
0.227446 -0.271642 -0.396348
0.192293 -0.328644 -0.409871
0.203199 -0.397198 -0.385671
0.196949 -0.354732 -0.351364
0.149246 -0.336102 -0.356300
0.133973 -0.422262 -0.359171
0.150631 -0.448116 -0.323370
0.123163 -0.389916 -0.302339
0.079247 -0.421005 -0.314199
0.086722 -0.503948 -0.300546
0.092457 -0.482101 -0.262225
0.046736 -0.449403 -0.258185
0.021958 -0.524245 -0.267967
0.041162 -0.574082 -0.238518
0.026276 -0.524655 -0.207719
-0.021685 -0.531879 -0.216370
-0.023650 -0.621578 -0.213590
-0.008828 -0.631054 -0.176166
-0.045125 -0.580691 -0.160733
-0.082968 -0.631054 -0.174828
-0.070177 -0.705779 -0.154992
-0.070467 -0.672760 -0.118048
-0.117783 -0.641115 -0.118762
-0.139193 -0.721192 -0.124842
-0.123808 -0.762430 -0.091392
-0.141561 -0.700895 -0.065217
-0.189216 -0.700164 -0.078129
-0.203473 -0.776907 -0.059086
-0.198093 -0.729206 -0.020531
-0.233890 -0.657025 -0.025116
-0.266932 -0.580399 -0.008047
-0.291387 -0.511552 0.008515
-0.289035 -0.439898 0.035703
-0.320305 -0.387898 0.060385
-0.321208 -0.307645 0.081961
-0.341378 -0.239588 0.100225
-0.347226 -0.166062 0.120399
-0.342441 -0.136435 0.162500
-0.349449 -0.099789 0.198859
-0.348064 -0.103474 0.239181
-0.398070 -0.052819 0.236024
-0.451701 -0.052878 0.240467
-0.494974 -0.013541 0.248871
-0.543031 0.003071 0.249183
-0.581470 0.057704 0.242298
-0.588107 0.052468 0.288063
-0.590314 0.078293 0.326617
-0.609550 0.088734 0.361925
-0.625145 0.139740 0.391659
-0.625435 0.183289 0.427291
-0.643350 0.180101 0.466573
-0.650744 0.207651 0.504193
-0.659863 0.205311 0.543864
-0.692470 0.172058 0.579418
-0.719423 0.155095 0.612725
-0.743701 0.078147 0.633470
-0.762614 0.015881 0.656151
-0.782156 -0.062675 0.663205
-0.811380 -0.135821 0.646655
-0.841072 -0.210195 0.652787
-0.863513 -0.205457 0.612348
-0.835610 -0.235932 0.580808
-0.859760 -0.328088 0.588758
-0.909283 -0.340723 0.586134
-0.902678 -0.369034 0.544852
-0.874388 -0.450632 0.554373
-0.909621 -0.514360 0.565766
-0.919013 -0.503539 0.608685
-0.928309 -0.429486 0.630612
-0.934415 -0.368215 0.664790
-0.960369 -0.305539 0.685145
-0.965250 -0.244355 0.714906
-1.000000 -0.216337 0.743757
-0.971759 -0.175129 0.773595
-0.965298 -0.108154 0.802017
-0.916581 -0.133657 0.816865
-0.880832 -0.092478 0.792353
-0.884392 -0.004475 0.804927
-0.854846 -0.020122 0.842832
-0.806580 -0.054428 0.825867
-0.770073 0.030270 0.818554
-0.736467 0.085897 0.839182
-0.707710 0.144361 0.856498
-0.694967 0.248596 0.849198
-0.693163 0.335780 0.864357
-0.704923 0.412991 0.884609
-0.691648 0.495525 0.898950
-0.699849 0.561272 0.930724
-0.692534 0.632195 0.954223
-0.662344 0.701655 0.979255
-0.644059 0.784686 1.000000
-0.595180 0.850901 0.999727
-0.560688 0.924456 0.990699
-0.514725 0.977626 0.977189
-0.466233 0.983856 0.948910
-0.428583 1.000000 0.921682
-0.402259 0.964729 0.880764
-0.383136 0.945660 0.840520
-0.380735 0.868975 0.810084
-0.408799 0.793110 0.781376
-0.441777 0.756697 0.752031
-0.470421 0.692267 0.732312
-0.480909 0.623596 0.707735
-0.480668 0.581452 0.672454
-0.489834 0.532084 0.641732
-0.480474 0.476778 0.612205
-0.464219 0.468326 0.575002
-0.447786 0.422438 0.544644
-0.412714 0.388366 0.522522
-0.386277 0.393542 0.488604
-0.358455 0.364237 0.458441
-0.328812 0.372163 0.427863
-0.314329 0.417525 0.394010
-0.296929 0.423491 0.356222
-0.286860 0.462886 0.321486
-0.286393 0.487541 0.283425
-0.237998 0.447883 0.262602
-0.214316 0.403896 0.234141
-0.198383 0.325690 0.217176
-0.164341 0.288313 0.194495
-0.141078 0.221485 0.174035
-0.103960 0.168607 0.203614
-0.109711 0.062471 0.214461
-0.084418 -0.017782 0.190104
-0.039938 -0.066916 0.207966
-0.011986 -0.136406 0.219852
0.028531 -0.177205 0.237453
0.084628 -0.199023 0.227944
0.131766 -0.194227 0.250859
0.188910 -0.213178 0.252340
0.238707 -0.179428 0.261160
0.282414 -0.104908 0.258523
0.322593 -0.051152 0.266967
0.348885 0.047614 0.272734
0.372181 0.133014 0.263888
0.375741 0.243215 0.261394
0.387985 0.333353 0.253314
0.379898 0.437763 0.240376
0.375097 0.529773 0.218462
0.366123 0.618888 0.204224
0.363626 0.707475 0.175295
0.372503 0.784482 0.144015
0.374774 0.849556 0.104876
0.386036 0.889740 0.062203
0.391755 0.918314 0.016764
0.391642 0.927001 -0.027377
0.394429 0.923140 -0.071348
0.394622 0.921502 -0.115099
0.408574 0.900152 -0.159071
0.410410 0.860406 -0.200483
0.413423 0.816799 -0.240649
0.419158 0.798052 -0.284322
0.418933 0.765238 -0.326228
0.420657 0.725696 -0.365419
0.428808 0.705253 -0.408027
0.421172 0.683201 -0.450258
0.425506 0.652287 -0.489150
0.440811 0.596280 -0.526029
0.445322 0.581130 -0.567714
0.457372 0.548988 -0.607971
0.464573 0.533458 -0.650656
0.469036 0.496052 -0.691341
0.482714 0.465167 -0.731364
0.491349 0.449813 -0.773530
0.484679 0.412933 -0.814085
0.494764 0.374152 -0.850393
0.515901 0.306095 -0.880192
0.518044 0.267899 -0.916331
0.550071 0.192940 -0.935361
0.540050 0.098620 -0.959886
0.527951 0.010704 -0.976501
0.514596 -0.085868 -0.984334
0.505204 -0.181183 -1.000000
0.506396 -0.292408 -0.995038
0.493572 -0.391992 -0.979528
0.454698 -0.471455 -0.964966
0.417032 -0.523660 -0.944168
0.374662 -0.582007 -0.934400
0.338897 -0.604498 -0.896728
0.294561 -0.615700 -0.870904
0.261889 -0.644215 -0.836116
0.236693 -0.704609 -0.810006
0.202297 -0.759008 -0.791599
0.163262 -0.808756 -0.776154
0.156882 -0.878012 -0.743912
0.125999 -0.897403 -0.704994
0.090492 -0.942940 -0.689068
0.064103 -0.958938 -0.651020
0.020025 -0.980756 -0.630652
-0.020798 -0.984499 -0.608854
-0.053680 -1.000000 -0.576872
-0.105345 -0.985377 -0.570676
-0.151711 -0.968677 -0.563791
-0.186058 -0.910915 -0.541513
-0.227413 -0.863623 -0.533329
-0.255268 -0.800158 -0.515962
-0.287328 -0.758189 -0.492333
-0.328828 -0.710956 -0.485032
-0.357085 -0.645385 -0.471574
-0.372406 -0.582534 -0.445282
-0.415276 -0.561506 -0.430084
-0.404804 -0.490729 -0.395283
-0.410201 -0.422350 -0.371992
-0.385939 -0.374474 -0.342517
-0.339702 -0.317384 -0.338932
-0.337028 -0.244531 -0.319265
-0.313265 -0.195718 -0.295896
-0.313716 -0.130323 -0.271098
-0.294287 -0.062558 -0.253587
-0.275905 -0.023748 -0.222216
-0.275841 0.037289 -0.194716
-0.264274 0.113243 -0.177400
-0.214944 0.077445 -0.154901
-0.174136 0.028749 -0.178855
-0.133023 0.080604 -0.174958
-0.098772 0.131376 -0.163059
-0.083017 0.193086 -0.138183
-0.042966 0.242601 -0.146600
-0.021942 0.320221 -0.141313
0.003109 0.387605 -0.160785
0.050103 0.354674 -0.149575
0.059930 0.289073 -0.177088
0.082904 0.251989 -0.209161
0.091780 0.192121 -0.239207
0.141304 0.174427 -0.215526
0.160636 0.093999 -0.188818
0.173782 0.023163 -0.164033
0.146185 0.054048 -0.123205
0.131831 0.053170 -0.081013
0.135842 0.099468 -0.039393
0.145911 0.117747 0.003436
0.159782 0.153194 0.039717
0.184173 0.150562 0.078194
0.199446 0.252574 0.076375
0.217489 0.334961 0.073089
0.235630 0.412026 0.045615
0.269816 0.484499 0.033794
0.297622 0.537436 0.011866
0.344551 0.574286 -0.001721
0.323946 0.591717 -0.044056
0.297364 0.603475 -0.078337
0.295061 0.506259 -0.083715
0.263017 0.477860 -0.051486
0.225448 0.437412 -0.026662
0.185849 0.436476 -0.000370
0.160153 0.378919 0.035184
0.133458 0.309341 0.056397
0.108422 0.235932 0.065425
0.082292 0.210342 0.029260
0.098386 0.224497 -0.009204
0.101012 0.222596 -0.051201
0.133909 0.194958 -0.086469
0.159363 0.195426 -0.123595
0.198415 0.166179 -0.146003
0.236838 0.183756 -0.175763
0.284541 0.160037 -0.148380
0.335932 0.122836 -0.138897
0.385472 0.113652 -0.118204
0.428551 0.087213 -0.098056
0.417145 0.139711 -0.062749
0.363336 0.149626 -0.055474
0.332710 0.196128 -0.083377
0.286216 0.244238 -0.099082
0.241961 0.266788 -0.123738
0.189312 0.317823 -0.118308
0.135971 0.326772 -0.105434
0.095953 0.381493 -0.083338
0.073576 0.453205 -0.066373
0.118959 0.507282 -0.066152
0.154063 0.463968 -0.100446
0.209176 0.456159 -0.110682
0.255268 0.392870 -0.096250
0.284621 0.356341 -0.064399
0.297429 0.268981 -0.038197
0.301215 0.189343 -0.018699
0.291838 0.099322 -0.014062
0.283042 0.104615 0.027831
0.232166 0.138483 0.023051
0.212560 0.053112 0.000526
0.173653 -0.008131 -0.020089
0.136390 -0.049164 -0.038003
0.089831 -0.068437 -0.051188
0.052391 -0.130264 -0.054110
