-1.000000 0.131261 0.862118
-0.969643 0.161432 0.824000
-0.933839 0.179098 0.773956
-0.920011 0.216818 0.730010
-0.883435 0.228404 0.682611
-0.866058 0.259241 0.638808
-0.840887 0.254675 0.581407
-0.830716 0.285465 0.524599
-0.814651 0.300402 0.470490
-0.775976 0.337295 0.440467
-0.745233 0.342549 0.382400
-0.735017 0.362671 0.326150
-0.705972 0.385591 0.275116
-0.704938 0.428358 0.220521
-0.664905 0.438064 0.172636
-0.663624 0.439899 0.105485
-0.656679 0.444717 0.046824
-0.633375 0.456831 -0.002626
-0.632418 0.478674 -0.060136
-0.623251 0.444052 -0.118832
-0.640228 0.424756 -0.170243
-0.663608 0.396971 -0.217355
-0.658608 0.357669 -0.265457
-0.669519 0.307285 -0.304510
-0.678393 0.248503 -0.332626
-0.675260 0.190914 -0.362487
-0.680322 0.121739 -0.368927
-0.665429 0.056235 -0.376967
-0.685076 0.050040 -0.428577
-0.653454 0.090719 -0.455955
-0.616708 0.047493 -0.444946
-0.634471 -0.011610 -0.467792
-0.640567 0.015877 -0.518699
-0.595472 0.035379 -0.527280
-0.577925 -0.030630 -0.522549
-0.604192 -0.064495 -0.563994
-0.594978 -0.018217 -0.608822
-0.546673 -0.027624 -0.618769
-0.507875 -0.054377 -0.644277
-0.480944 -0.054399 -0.596859
-0.502535 -0.111001 -0.574410
-0.489108 -0.156155 -0.613517
-0.441559 -0.142985 -0.609235
-0.435865 -0.157095 -0.555540
-0.452640 -0.222645 -0.558490
-0.419182 -0.244717 -0.593945
-0.381680 -0.230882 -0.560271
-0.395369 -0.275026 -0.520264
-0.391588 -0.334955 -0.549333
-0.344826 -0.333463 -0.558760
-0.335828 -0.332821 -0.499361
-0.368839 -0.340714 -0.456657
-0.398964 -0.275622 -0.442176
-0.444492 -0.273167 -0.426364
-0.430093 -0.259034 -0.368027
-0.410740 -0.194218 -0.359806
-0.409443 -0.137479 -0.328201
-0.385445 -0.100906 -0.367218
-0.418395 -0.101893 -0.408034
-0.453813 -0.075462 -0.376482
-0.431682 -0.014087 -0.366876
-0.425478 0.007273 -0.419007
-0.472533 0.008053 -0.429080
-0.486346 0.052977 -0.390423
-0.458119 0.107032 -0.405479
-0.475219 0.115361 -0.457304
-0.524002 0.127383 -0.439855
-0.516949 0.175657 -0.396449
-0.499186 0.231662 -0.422946
-0.504587 0.291247 -0.450523
-0.498970 0.318504 -0.502168
-0.461159 0.367213 -0.492058
-0.421960 0.314030 -0.494918
-0.416774 0.289549 -0.551834
-0.367157 0.295859 -0.567682
-0.332464 0.274934 -0.604990
-0.286659 0.277733 -0.624598
-0.283989 0.269565 -0.687395
-0.240900 0.291866 -0.720584
-0.205034 0.293312 -0.757011
-0.164708 0.321579 -0.779479
-0.129073 0.386761 -0.786260
-0.098146 0.446048 -0.791801
-0.080799 0.513938 -0.764009
-0.070567 0.576758 -0.725387
-0.066539 0.637513 -0.696192
-0.085414 0.683240 -0.644097
-0.081602 0.742778 -0.602184
-0.105276 0.795687 -0.561872
-0.137762 0.843799 -0.522063
-0.161945 0.906023 -0.490511
-0.207781 0.944706 -0.458294
-0.239619 0.948950 -0.406217
-0.265886 1.000000 -0.373496
-0.292014 0.989079 -0.314547
-0.292446 0.986647 -0.245849
-0.313836 0.991855 -0.186505
-0.323312 0.954296 -0.125038
-0.344841 0.903063 -0.086687
-0.336955 0.822324 -0.066342
-0.333976 0.745784 -0.058733
-0.338977 0.666032 -0.075174
-0.333946 0.591809 -0.088593
-0.314238 0.529815 -0.114803
-0.282569 0.492761 -0.156248
-0.247645 0.441505 -0.191218
-0.208877 0.414684 -0.224029
-0.154970 0.384559 -0.221079
-0.127607 0.314879 -0.246299
-0.102884 0.268556 -0.294868
-0.054023 0.271332 -0.309385
-0.009499 0.220580 -0.315842
0.035010 0.181507 -0.331367
0.088963 0.169095 -0.327427
0.136929 0.169462 -0.327859
0.189570 0.180475 -0.299149
0.240376 0.195228 -0.286953
0.267260 0.259883 -0.275098
0.283156 0.338419 -0.260114
0.305549 0.406906 -0.261121
0.303126 0.483515 -0.235344
0.312787 0.557371 -0.231980
0.332186 0.633819 -0.208631
0.380399 0.680050 -0.195859
0.424429 0.710382 -0.172366
0.482812 0.714695 -0.170028
0.531549 0.724492 -0.206814
0.588172 0.743352 -0.200410
0.645475 0.727475 -0.213272
0.701712 0.715613 -0.210322
0.753135 0.701365 -0.193862
0.810314 0.678284 -0.195032
0.850563 0.644258 -0.169362
0.894207 0.591144 -0.153550
0.935922 0.542572 -0.149125
0.957313 0.489136 -0.111727
0.984783 0.411472 -0.101221
0.987083 0.338304 -0.083737
0.995308 0.252426 -0.087208
0.999676 0.169829 -0.101383
1.000000 0.088563 -0.090572
0.993595 0.001881 -0.085158
0.978039 -0.080142 -0.081236
0.950707 -0.143926 -0.072889
0.936494 -0.220741 -0.086075
0.895997 -0.283102 -0.085643
0.863665 -0.348744 -0.086687
0.847878 -0.417300 -0.077602
0.819820 -0.483331 -0.056934
0.797396 -0.561202 -0.047220
0.782627 -0.611518 -0.004749
0.752425 -0.680349 0.017485
0.712376 -0.719927 0.045493
0.670954 -0.782678 0.052688
0.627789 -0.823701 0.062906
0.575363 -0.848618 0.041176
0.535361 -0.892050 0.025418
0.483167 -0.885878 -0.004731
0.450912 -0.887484 -0.062276
0.411897 -0.892509 -0.102894
0.381572 -0.841413 -0.144934
0.373346 -0.820833 -0.208073
0.348113 -0.757623 -0.245148
0.351863 -0.720064 -0.295623
0.342758 -0.667959 -0.344390
0.343051 -0.590800 -0.379360
0.339486 -0.521831 -0.413124
0.328837 -0.453619 -0.450019
0.318713 -0.379878 -0.474070
0.294669 -0.316072 -0.501736
0.253617 -0.274980 -0.520498
0.220267 -0.204428 -0.522207
0.188768 -0.146977 -0.539116
0.135864 -0.154021 -0.567844
0.087713 -0.168039 -0.584807
0.039038 -0.158426 -0.583260
0.027725 -0.155352 -0.648918
-0.001320 -0.226110 -0.665665
-0.056492 -0.238614 -0.680650
-0.056600 -0.210852 -0.742045
-0.046337 -0.244098 -0.792880
-0.068298 -0.315636 -0.821014
-0.103871 -0.319169 -0.870357
-0.088377 -0.367558 -0.921192
-0.115647 -0.438981 -0.941034
-0.147176 -0.467661 -0.986311
-0.180372 -0.532133 -0.994963
-0.228184 -0.575152 -1.000000
-0.270454 -0.609384 -0.961936
-0.324778 -0.591075 -0.966343
-0.381340 -0.580154 -0.969635
-0.421851 -0.528898 -0.946358
-0.471546 -0.494964 -0.943156
-0.510930 -0.443318 -0.936105
-0.558093 -0.439165 -0.971758
-0.608837 -0.405667 -0.952870
-0.656679 -0.366433 -0.963897
-0.706836 -0.378226 -0.958626
-0.757826 -0.366686 -0.927884
-0.806733 -0.365332 -0.920023
-0.851134 -0.374074 -0.876635
-0.895180 -0.375381 -0.835945
-0.931092 -0.398646 -0.795111
-0.938284 -0.415097 -0.731791
-0.971804 -0.417529 -0.682485
-0.995725 -0.432282 -0.628627
-0.979906 -0.465229 -0.570020
-0.987407 -0.477710 -0.508554
-0.977669 -0.490398 -0.444155
-0.968609 -0.522726 -0.391736
-0.934071 -0.545968 -0.343869
-0.938793 -0.563565 -0.289112
-0.903884 -0.630286 -0.275152
-0.878203 -0.686039 -0.258135
-0.831087 -0.729379 -0.253350
-0.795560 -0.778594 -0.237412
-0.756453 -0.817896 -0.225090
-0.729538 -0.868946 -0.197838
-0.699984 -0.906183 -0.164199
-0.661726 -0.940920 -0.143189
-0.634888 -0.989607 -0.111187
-0.597910 -0.996191 -0.064885
-0.576381 -1.000000 -0.013186
-0.578774 -0.949822 0.038190
-0.572353 -0.907124 0.081812
-0.573372 -0.841276 0.090698
-0.570255 -0.784192 0.117375
-0.589762 -0.724492 0.125290
-0.584067 -0.666674 0.151895
-0.605241 -0.614477 0.178410
-0.565115 -0.577378 0.150636
-0.546102 -0.513984 0.115990
-0.506177 -0.475278 0.084456
-0.484756 -0.410026 0.053678
-0.458674 -0.369577 0.008994
-0.448319 -0.317609 -0.030131
-0.415277 -0.367053 -0.065046
-0.393455 -0.416749 -0.094835
-0.369148 -0.476517 -0.104891
-0.332742 -0.515957 -0.121369
-0.316028 -0.565722 -0.157004
-0.281643 -0.596467 -0.115055
-0.297848 -0.662338 -0.090500
-0.304098 -0.729104 -0.071145
-0.321121 -0.781829 -0.044054
-0.321877 -0.749662 0.012682
-0.323467 -0.675209 0.020723
-0.339825 -0.610164 0.019859
-0.355984 -0.551176 0.009840
-0.341631 -0.484226 -0.022684
-0.326229 -0.406929 -0.024105
-0.320148 -0.331031 -0.037542
-0.301428 -0.259149 -0.014409
-0.294777 -0.189377 0.010919
-0.287863 -0.136767 0.046069
-0.332726 -0.106940 0.053570
-0.370552 -0.146082 0.036535
-0.416589 -0.172101 0.034412
-0.450047 -0.233796 0.048047
-0.481994 -0.284456 0.058966
-0.511887 -0.326236 0.097660
-0.542552 -0.387656 0.110665
-0.583712 -0.421705 0.143674
-0.613992 -0.492899 0.149251
-0.652481 -0.544109 0.136173
-0.678223 -0.588781 0.104315
-0.713827 -0.591465 0.147902
-0.723257 -0.545555 0.189041
-0.717037 -0.593438 0.233527
-0.727223 -0.663738 0.222644
-0.693548 -0.696937 0.264521
-0.676773 -0.660296 0.308071
-0.658299 -0.655730 0.362235
-0.670954 -0.590639 0.387473
-0.686866 -0.533509 0.418539
-0.689289 -0.486154 0.363098
-0.683255 -0.434943 0.323434
-0.635382 -0.421751 0.345380
-0.582678 -0.406654 0.330485
-0.530530 -0.405254 0.324603
-0.487951 -0.379098 0.293573
-0.438812 -0.384857 0.270278
-0.403347 -0.348790 0.237215
-0.351184 -0.372904 0.218003
-0.299885 -0.383389 0.219262
-0.265238 -0.445084 0.209620
-0.241672 -0.505243 0.197208
-0.221409 -0.563726 0.172780
-0.204432 -0.611610 0.213254
-0.182873 -0.626523 0.266032
-0.169369 -0.577607 0.302729
-0.165865 -0.548101 0.350740
-0.173566 -0.485672 0.375295
-0.129259 -0.460915 0.368765
-0.135277 -0.451210 0.312299
-0.171468 -0.408099 0.312515
-0.146991 -0.359826 0.342789
-0.113656 -0.348216 0.303718
-0.143596 -0.323483 0.264575
-0.162054 -0.270231 0.294580
-0.120786 -0.236572 0.305013
-0.109875 -0.226638 0.250130
-0.148349 -0.188023 0.238762
-0.146405 -0.136859 0.278732
-0.102637 -0.108248 0.267148
-0.123101 -0.083813 0.212283
-0.153998 -0.027716 0.221781
-0.169384 0.039303 0.232736
-0.199509 0.002157 0.279362
-0.223199 -0.029827 0.320556
-0.264497 -0.037995 0.286305
-0.259158 -0.095928 0.255221
-0.281427 -0.154526 0.231278
-0.298666 -0.210669 0.200932
-0.350011 -0.181553 0.211167
-0.394489 -0.147184 0.188430
-0.437130 -0.102237 0.177043
-0.475574 -0.060548 0.160530
-0.510097 -0.008076 0.153478
-0.553710 -0.040128 0.134950
-0.598451 -0.065481 0.134464
-0.590179 -0.136171 0.135400
-0.580903 -0.142893 0.187800
-0.623128 -0.116714 0.210268
-0.651818 -0.172835 0.187908
-0.622510 -0.238041 0.210574
-0.598142 -0.205116 0.263028
-0.577940 -0.202065 0.320502
-0.535747 -0.192750 0.344210
-0.492905 -0.166778 0.332824
-0.441297 -0.192360 0.346585
-0.391094 -0.196949 0.359231
-0.367111 -0.252472 0.382364
-0.327649 -0.232442 0.336961
-0.302740 -0.228175 0.289525
-0.329809 -0.295193 0.272904
-0.381680 -0.271493 0.293681
-0.435633 -0.282024 0.295533
-0.487164 -0.272754 0.314619
-0.541503 -0.298543 0.312497
-0.592864 -0.305105 0.300552
-0.634270 -0.354434 0.276268
-0.666880 -0.396123 0.244950
-0.681464 -0.454308 0.216294
-0.712376 -0.413170 0.182062
-0.668393 -0.376827 0.155889
-0.629810 -0.334817 0.137252
-0.584607 -0.310176 0.144322
-0.551581 -0.244144 0.136101
-0.498985 -0.223494 0.126441
-0.455804 -0.184765 0.121962
-0.402406 -0.196444 0.112626
-0.349764 -0.188436 0.123941
-0.297632 -0.198509 0.115163
-0.246549 -0.183228 0.133511
-0.221702 -0.240427 0.108003
-0.189910 -0.285075 0.084078
-0.160973 -0.339612 0.077369
-0.119721 -0.293840 0.091418
-0.114551 -0.270437 0.145041
-0.088300 -0.325250 0.170351
-0.044609 -0.283469 0.144772
-0.001057 -0.260709 0.118616
-0.001505 -0.294643 0.068428
-0.002245 -0.302031 0.012340
-0.028358 -0.360560 -0.008634
-0.064224 -0.396971 0.015434
-0.103146 -0.427051 0.033045
-0.142685 -0.430630 0.062456
-0.176298 -0.449788 0.098037
-0.218291 -0.473466 0.116979
-0.272183 -0.459975 0.123401
-0.320164 -0.445566 0.149772
-0.367651 -0.451440 0.157939
-0.400569 -0.455983 0.206778
-0.444029 -0.487002 0.236945
-0.472826 -0.484892 0.287942
-0.516316 -0.511736 0.319638
-0.551889 -0.498635 0.366246
-0.583465 -0.494620 0.409527
-0.613945 -0.456763 0.446925
-0.619779 -0.481289 0.500747
-0.618807 -0.489503 0.557482
-0.562291 -0.500172 0.557734
-0.544528 -0.517586 0.495854
-0.513616 -0.525364 0.452969
-0.513878 -0.571573 0.407026
-0.503476 -0.607503 0.361623
-0.523400 -0.627372 0.304636
-0.485667 -0.590983 0.263352
-0.450217 -0.593163 0.213722
-0.418981 -0.552415 0.168391
-0.386726 -0.543237 0.114929
-0.347280 -0.501847 0.084672
-0.313312 -0.474062 0.054397
-0.277214 -0.413353 0.044486
-0.259358 -0.349111 0.012826
-0.234403 -0.280968 0.013419
-0.227443 -0.211013 -0.017305
-0.226517 -0.149960 -0.050008
-0.263432 -0.122588 -0.081092
-0.260655 -0.187473 -0.122574
-0.249327 -0.256533 -0.108633
-0.289051 -0.288150 -0.125344
-0.285563 -0.269588 -0.180281
-0.244033 -0.299553 -0.188232
-0.256071 -0.365699 -0.171053
-0.288542 -0.378754 -0.209548
-0.261966 -0.371206 -0.254717
-0.229866 -0.422737 -0.240111
-0.266288 -0.476678 -0.241874
-0.280933 -0.468579 -0.293141
-0.239465 -0.481679 -0.318055
-0.239203 -0.550212 -0.296343
-0.278943 -0.574624 -0.320627
-0.265284 -0.568521 -0.372848
-0.225653 -0.609476 -0.369394
-0.253663 -0.670276 -0.359465
-0.282986 -0.677183 -0.403698
-0.250438 -0.686979 -0.446277
-0.230051 -0.757852 -0.434333
-0.278649 -0.796352 -0.451674
-0.294422 -0.844396 -0.503427
-0.294422 -0.925708 -0.495260
-0.349641 -0.947161 -0.495746
-0.385414 -0.985936 -0.523142
-0.441004 -0.978548 -0.508320
-0.489741 -0.974188 -0.493695
-0.522366 -0.918022 -0.458114
-0.551257 -0.860640 -0.442680
-0.542182 -0.790180 -0.430447
-0.525993 -0.726305 -0.428199
-0.527567 -0.667569 -0.396935
-0.539790 -0.604153 -0.378928
-0.538663 -0.539566 -0.353421
-0.551689 -0.527682 -0.297872
-0.539296 -0.463875 -0.271015
-0.516440 -0.412504 -0.241856
-0.538370 -0.417139 -0.190552
-0.506146 -0.465137 -0.162167
-0.464369 -0.419020 -0.142991
-0.469539 -0.375863 -0.095699
-0.465218 -0.440909 -0.055351
-0.454785 -0.478490 -0.002320
-0.454137 -0.533119 0.035347
-0.446189 -0.575519 0.081128
-0.435849 -0.628358 0.119408
-0.439090 -0.673374 0.158839
-0.425802 -0.705174 0.214261
-0.414598 -0.749111 0.261157
-0.397946 -0.695744 0.296451
-0.407715 -0.673213 0.355633
-0.361046 -0.668900 0.383102
-0.337912 -0.612596 0.362990
-0.321306 -0.542801 0.363962
-0.303620 -0.478077 0.349031
-0.277739 -0.415716 0.342555
-0.275161 -0.350120 0.368045
-0.264096 -0.273603 0.369232
-0.240545 -0.224871 0.409922
-0.214911 -0.168223 0.429008
-0.187888 -0.127773 0.461765
-0.186715 -0.059493 0.481985
-0.143534 -0.033635 0.506251
-0.106078 0.014477 0.519868
-0.063838 0.023747 0.492202
-0.062048 0.099094 0.507528
-0.050751 0.104738 0.566369
-0.000687 0.085649 0.567034
0.016120 0.162281 0.545484
0.023574 0.212734 0.598604
0.045103 0.233108 0.648324
0.078160 0.242698 0.687683
0.065119 0.278238 0.744203
0.077713 0.306573 0.795920
0.080799 0.345188 0.844363
0.104844 0.418332 0.860265
0.122607 0.483813 0.892087
0.157655 0.541494 0.878200
0.197241 0.593255 0.865302
0.250484 0.593782 0.837582
0.289854 0.596673 0.800381
0.322571 0.567053 0.754151
0.340227 0.525043 0.704071
0.360243 0.478651 0.663884
0.352295 0.417919 0.615729
0.346755 0.359688 0.570956
0.366401 0.279844 0.562285
0.353715 0.212252 0.522962
0.349703 0.150556 0.492220
0.361262 0.068212 0.495998
0.367234 -0.006883 0.475005
0.377760 -0.087117 0.482164
0.384072 -0.163428 0.484503
0.378809 -0.233291 0.520750
0.377960 -0.301228 0.548380
0.347712 -0.340897 0.595078
0.324562 -0.384697 0.635912
0.269590 -0.395274 0.657804
0.220436 -0.409338 0.666151
0.171529 -0.408466 0.673544
0.133117 -0.380223 0.694285
0.085383 -0.382815 0.696426
0.041816 -0.362946 0.685776
0.000826 -0.331926 0.687108
-0.043714 -0.335597 0.698908
-0.088438 -0.320798 0.692432
-0.128549 -0.327383 0.719793
-0.173983 -0.336675 0.703045
-0.193923 -0.279041 0.730388
-0.191253 -0.231800 0.686460
-0.228415 -0.255248 0.651886
-0.269374 -0.226775 0.686640
-0.275949 -0.155214 0.683780
-0.300703 -0.081289 0.688817
-0.315534 -0.010508 0.675955
-0.345026 0.051922 0.692972
-0.380800 0.108386 0.696570
-0.408595 0.149868 0.741343
-0.457594 0.185913 0.759637
-0.494155 0.232213 0.764728
-0.520236 0.289893 0.753953
-0.488506 0.329494 0.789840
-0.445958 0.322909 0.751938
-0.404906 0.335046 0.721052
-0.377466 0.276058 0.738357
-0.348962 0.211862 0.742854
-0.335443 0.142274 0.759547
-0.311429 0.076035 0.769729
-0.320951 -0.002914 0.761634
-0.307910 -0.074636 0.774802
-0.311028 -0.145922 0.766509
-0.306521 -0.216015 0.782177
-0.349039 -0.226202 0.742872
-0.380152 -0.228267 0.695796
-0.428873 -0.224251 0.726790
-0.463891 -0.209705 0.762264
-0.434800 -0.213812 0.807487
-0.404057 -0.163841 0.793852
-0.438442 -0.112722 0.793474
-0.454091 -0.116737 0.845353
-0.411156 -0.107216 0.868126
-0.400693 -0.042974 0.846612
-0.439152 -0.010921 0.868954
-0.428488 -0.026454 0.921498
-0.384735 0.003855 0.923063
-0.400384 0.072892 0.904571
-0.447810 0.082414 0.935331
-0.473336 0.037261 0.972550
-0.501084 -0.021085 0.953985
-0.519804 -0.084112 0.943264
-0.535268 -0.133578 0.908672
-0.582354 -0.117334 0.915580
-0.581706 -0.052908 0.885305
-0.576891 -0.085695 0.832095
-0.616013 -0.101228 0.794913
-0.588465 -0.063806 0.745570
-0.569869 -0.066009 0.685902
-0.552183 -0.026615 0.634491
-0.547599 -0.004405 0.576730
-0.529774 0.043318 0.533791
-0.522829 0.065619 0.478801
-0.522644 0.108937 0.434477
-0.573526 0.114145 0.436060
-0.596676 0.101182 0.489162
-0.600904 0.036412 0.507654
-0.617680 -0.013055 0.554370
-0.605426 -0.077228 0.591786
-0.601414 -0.135987 0.627530
-0.572276 -0.180383 0.661870
-0.610565 -0.184100 0.711932
-0.643854 -0.218286 0.746308
-0.678054 -0.222485 0.783742
-0.723689 -0.236458 0.789804
-0.764617 -0.200688 0.756687
-0.805452 -0.197958 0.722437
-0.783106 -0.130205 0.693548
-0.774633 -0.083584 0.652408
-0.776068 -0.034874 0.612060
-0.778182 -0.024343 0.555917
-0.727208 -0.012068 0.547553
-0.706759 -0.082597 0.551096
-0.672760 -0.129563 0.539764
-0.652636 -0.195228 0.548578
-0.620520 -0.247700 0.555270
-0.610426 -0.317449 0.541598
-0.566875 -0.307032 0.580867
-0.531379 -0.307514 0.617438
-0.489864 -0.275576 0.635714
-0.448134 -0.299851 0.657750
-0.423904 -0.232580 0.631433
-0.401634 -0.171894 0.617150
-0.386587 -0.193461 0.567646
-0.432053 -0.190777 0.543577
-0.440603 -0.118045 0.537137
-0.407545 -0.069083 0.514490
-0.361509 -0.038431 0.530859
-0.333405 -0.024848 0.484161
-0.313096 0.036389 0.460488
-0.308064 0.101755 0.490475
-0.291073 0.167374 0.503319
-0.254790 0.209613 0.538433
-0.232628 0.268189 0.561530
-0.221779 0.324699 0.592848
-0.251117 0.370013 0.555036
-0.299160 0.350625 0.566315
-0.306861 0.385477 0.618032
-0.315565 0.453367 0.595834
-0.359178 0.422967 0.563904
-0.403841 0.400711 0.557554
-0.430309 0.344270 0.536616
-0.467518 0.314191 0.510874
-0.501331 0.258690 0.511558
-0.485358 0.221796 0.460074
-0.441405 0.178731 0.472577
-0.456823 0.120798 0.515299
-0.458968 0.070414 0.554280
-0.487287 0.051509 0.607095
-0.505791 0.052082 0.662697
-0.546179 0.040358 0.702524
-0.568866 0.046736 0.759655
-0.595626 0.026041 0.808764
-0.608636 0.048755 0.864007
-0.624918 0.066743 0.913979
-0.650984 0.107652 0.950046
-0.659241 0.141264 1.000000
