1.000000 0.946966 -1.000000
0.981475 0.983945 -0.967650
0.945317 1.000000 -0.976812
0.929060 0.926649 -0.973975
0.930403 0.909431 -0.934513
0.907535 0.959486 -0.917725
0.876352 0.932897 -0.931950
0.875731 0.864679 -0.913700
0.875088 0.889501 -0.876513
0.845191 0.929434 -0.877900
0.824320 0.871581 -0.887675
0.830660 0.828670 -0.855962
0.819774 0.879306 -0.829212
0.785849 0.881825 -0.839512
0.778651 0.809224 -0.832963
0.787666 0.809999 -0.795275
0.764538 0.862863 -0.783400
0.735690 0.826999 -0.795300
0.741252 0.764279 -0.775413
0.742200 0.798254 -0.740150
0.709742 0.828888 -0.742963
0.693576 0.762729 -0.748100
0.705613 0.731199 -0.715300
0.692233 0.784790 -0.691500
0.658658 0.776653 -0.703925
0.657361 0.703520 -0.694588
0.667176 0.710300 -0.657000
0.640788 0.758781 -0.647900
0.614817 0.711584 -0.659737
0.625106 0.655475 -0.634688
0.624147 0.696812 -0.600625
0.589185 0.713666 -0.605050
0.577125 0.640993 -0.609863
0.590223 0.616729 -0.573487
0.568506 0.667970 -0.549400
0.540403 0.621887 -0.547350
0.526876 0.601739 -0.516337
0.496754 0.598009 -0.502975
0.474021 0.606994 -0.478638
0.448648 0.579678 -0.461737
0.415626 0.571129 -0.463550
0.384319 0.574060 -0.449900
0.355066 0.543135 -0.439525
0.339937 0.552894 -0.474013
0.360707 0.509402 -0.494975
0.354175 0.447820 -0.473875
0.319664 0.444042 -0.480675
0.322958 0.442589 -0.519425
0.341020 0.377762 -0.519350
0.315128 0.334512 -0.501388
0.281396 0.369601 -0.517075
0.281836 0.385705 -0.555538
0.283517 0.366623 -0.593075
0.318208 0.338362 -0.589850
0.315083 0.270968 -0.569163
0.285446 0.225902 -0.565250
0.259227 0.237719 -0.540513
0.227751 0.200475 -0.522875
0.200697 0.195050 -0.497762
0.187486 0.128431 -0.513412
0.217338 0.084018 -0.500975
0.238559 0.040381 -0.480675
0.264981 -0.001998 -0.473137
0.267779 -0.059197 -0.497325
0.253000 -0.082372 -0.529163
0.259227 -0.159113 -0.526388
0.267361 -0.172602 -0.484088
0.258922 -0.160978 -0.447350
0.248442 -0.122329 -0.417500
0.243952 -0.075446 -0.387037
0.253045 -0.049970 -0.351262
0.236664 -0.020281 -0.315363
0.239766 0.016552 -0.279813
0.223340 0.033818 -0.241513
0.210828 0.096756 -0.213337
0.197155 0.131337 -0.176100
0.180886 0.193500 -0.154087
0.162587 0.224134 -0.122850
0.144164 0.286927 -0.109712
0.108333 0.243241 -0.106587
0.077308 0.214326 -0.083137
0.035476 0.217959 -0.087650
0.002758 0.201225 -0.090875
-0.016612 0.147005 -0.077237
-0.048664 0.105353 -0.089300
-0.076000 0.058809 -0.085875
-0.096826 0.082348 -0.114875
-0.069050 0.068278 -0.142912
-0.036728 0.042124 -0.142025
-0.007722 0.103246 -0.132787
0.024826 0.153301 -0.141250
0.055140 0.204616 -0.139275
0.088455 0.231496 -0.160800
0.124951 0.254307 -0.165012
0.154216 0.249634 -0.195200
0.182297 0.215101 -0.215125
0.194582 0.188076 -0.250412
0.221772 0.138772 -0.267362
0.243500 0.123370 -0.303050
0.266966 0.070917 -0.325787
0.288684 0.068544 -0.364262
0.300394 0.061812 -0.404487
0.317407 0.104070 -0.437325
0.339598 0.111480 -0.466738
0.328813 0.182046 -0.476975
0.345499 0.212268 -0.442112
0.380281 0.212389 -0.447538
0.416134 0.251619 -0.436238
0.450295 0.298502 -0.442663
0.447802 0.377157 -0.441475
0.440458 0.385463 -0.401550
0.449630 0.386383 -0.363162
0.420365 0.353473 -0.345987
0.399437 0.297534 -0.332400
0.369506 0.358074 -0.336387
0.333924 0.388442 -0.344200
0.307434 0.441160 -0.342125
0.271332 0.459734 -0.354600
0.238796 0.477679 -0.363675
0.206000 0.460606 -0.372587
0.208098 0.469905 -0.411137
0.223599 0.399726 -0.418037
0.197651 0.347250 -0.417775
0.194109 0.349962 -0.458337
0.227796 0.318239 -0.466825
0.219188 0.244233 -0.447262
0.213310 0.182216 -0.427813
0.186674 0.139232 -0.402487
0.164189 0.099444 -0.381988
0.130321 0.070360 -0.370075
0.116603 0.083389 -0.334700
0.088613 0.052319 -0.306200
0.059867 0.026456 -0.280562
0.034302 -0.023163 -0.274225
0.021509 0.029847 -0.242725
0.004530 0.093221 -0.254375
-0.014108 0.165191 -0.252612
0.019613 0.218685 -0.251275
0.044399 0.281139 -0.267325
0.073303 0.340396 -0.263375
0.094051 0.402463 -0.267250
0.118848 0.466442 -0.264313
0.121871 0.550110 -0.271962
0.139065 0.579363 -0.237437
0.153663 0.624647 -0.268425
0.161098 0.546889 -0.286063
0.169763 0.478429 -0.290650
0.178788 0.410914 -0.273887
0.212791 0.395513 -0.295738
0.243241 0.347274 -0.308787
0.277120 0.342188 -0.331625
0.307344 0.288235 -0.340987
0.341358 0.270557 -0.358325
0.371334 0.225514 -0.368300
0.394010 0.190667 -0.390900
0.372823 0.125670 -0.394987
0.336169 0.137488 -0.389462
0.320013 0.162019 -0.358425
0.287037 0.180206 -0.337862
0.265522 0.231254 -0.315363
0.229951 0.236024 -0.297775
0.205672 0.288864 -0.275700
0.170485 0.297606 -0.253562
0.137327 0.320902 -0.239837
0.105389 0.288356 -0.218450
0.068982 0.265156 -0.214287
0.046205 0.203671 -0.198687
0.019444 0.145867 -0.201087
0.013160 0.069586 -0.185875
0.002713 -0.000618 -0.176850
-0.012066 -0.046168 -0.142825
-0.023483 -0.107581 -0.125087
-0.036875 -0.128480 -0.088387
-0.042098 -0.161850 -0.051250
-0.068610 -0.164925 -0.020225
-0.067820 -0.214641 0.007413
-0.048416 -0.164852 0.032625
-0.063240 -0.103488 0.045675
-0.026394 -0.076826 0.055687
-0.003007 -0.139086 0.047813
0.015315 -0.122426 0.012075
0.032418 -0.131797 -0.026300
0.043621 -0.103028 -0.062650
0.050085 -0.103973 -0.104650
0.065214 -0.057526 -0.134450
0.073055 -0.042027 -0.175575
0.095901 -0.035174 -0.211000
0.098270 -0.032486 -0.254000
0.119694 -0.041616 -0.289525
0.114651 -0.035247 -0.334212
0.107363 -0.041616 -0.374525
0.089380 -0.030428 -0.409763
0.115001 -0.051787 -0.441112
0.137282 -0.108671 -0.424425
0.153720 -0.175193 -0.417412
0.181202 -0.219484 -0.410500
0.199027 -0.195099 -0.443375
0.201588 -0.114846 -0.429050
0.194346 -0.121699 -0.383912
0.206913 -0.111407 -0.342125
0.205266 -0.111528 -0.300700
0.225055 -0.087675 -0.263625
0.244617 -0.072298 -0.232050
0.269369 -0.058543 -0.206787
0.289880 -0.080047 -0.177950
0.284746 -0.008052 -0.159400
0.253451 0.019240 -0.152937
0.221715 0.023090 -0.169437
0.210569 0.059512 -0.131137
0.203788 0.131821 -0.113387
0.198633 0.187882 -0.080937
0.197290 0.242272 -0.055537
0.198881 0.275908 -0.021887
0.164844 0.272518 -0.007012
0.139290 0.226313 -0.013512
0.100301 0.226580 -0.003737
0.065767 0.202315 0.011800
0.034223 0.197544 0.031700
0.029180 0.113005 0.023338
0.067177 0.086876 0.016075
0.096657 0.040647 0.002425
0.126835 0.019216 -0.015075
0.153099 -0.026723 -0.024175
0.183718 -0.049801 -0.039900
0.169356 -0.100534 -0.064125
0.169063 -0.125840 -0.106712
0.160703 -0.157612 -0.140912
0.171150 -0.194275 -0.177325
0.155401 -0.213140 -0.217437
0.138523 -0.245420 -0.249762
0.109822 -0.235322 -0.281600
0.101700 -0.260749 -0.315587
0.078143 -0.258812 -0.347400
0.047931 -0.284190 -0.371837
0.035013 -0.275061 -0.412550
0.032193 -0.268038 -0.450962
0.064842 -0.231036 -0.454400
0.086255 -0.259199 -0.416887
0.113839 -0.232561 -0.391950
0.124004 -0.185436 -0.357387
0.136459 -0.145479 -0.327850
0.139189 -0.149209 -0.282512
0.138320 -0.111117 -0.243462
0.136865 -0.110051 -0.198725
0.122007 -0.085229 -0.160438
0.115576 -0.085665 -0.117900
0.095653 -0.061667 -0.083825
0.090700 -0.057332 -0.043600
0.061604 -0.039146 -0.016437
0.050751 -0.017714 0.021213
0.028763 0.006768 0.049013
0.014920 0.046217 0.080225
-0.004112 0.047040 0.115200
-0.012348 0.113587 0.130400
-0.043147 0.121530 0.112863
-0.059314 0.059003 0.125625
-0.058513 0.075131 0.162563
-0.077105 0.140806 0.161088
-0.105626 0.121360 0.135900
-0.111616 0.041204 0.147413
-0.102501 0.016552 0.183413
-0.115204 0.067454 0.207375
-0.148993 0.067697 0.197100
-0.155017 -0.005824 0.201787
-0.147244 -0.006187 0.239112
-0.171895 0.042148 0.250050
-0.198892 0.000424 0.239100
-0.192055 -0.054789 0.263000
-0.194188 -0.014905 0.295225
-0.226758 0.007422 0.290625
-0.241188 -0.059463 0.295138
-0.233132 -0.066316 0.333838
-0.255730 -0.020160 0.349088
-0.282941 -0.066680 0.349950
-0.273453 -0.105159 0.383012
-0.280482 -0.040574 0.406875
-0.316121 -0.035610 0.402462
-0.348793 -0.051351 0.408138
-0.380111 -0.075833 0.395062
-0.395827 -0.005364 0.397775
-0.378521 0.026481 0.365887
-0.389114 0.028515 0.329375
-0.372022 0.088329 0.316925
-0.339091 0.063483 0.322525
-0.339226 0.002361 0.299900
-0.349481 0.035755 0.267663
-0.324887 0.086755 0.264088
-0.298194 0.039194 0.262875
-0.308404 -0.003136 0.232838
-0.311315 0.051108 0.206613
-0.280290 0.082202 0.208925
-0.261754 0.021879 0.199300
-0.275642 0.011830 0.164550
-0.268117 0.078618 0.149963
-0.234103 0.077311 0.154713
-0.228800 0.015946 0.133338
-0.242192 0.044231 0.100375
-0.219921 0.100728 0.097750
-0.190814 0.060020 0.097188
-0.197866 0.020548 0.065700
-0.199028 0.081791 0.042813
-0.166874 0.108162 0.049613
-0.147876 0.049680 0.036175
-0.161775 0.059730 -0.002900
-0.152140 0.126397 -0.018875
-0.116986 0.101018 -0.028012
-0.126948 0.036385 -0.053687
-0.138851 -0.017254 -0.075687
-0.157612 -0.076923 -0.088862
-0.156834 -0.151025 -0.075250
-0.164562 -0.228711 -0.067037
-0.144965 -0.233845 -0.031025
-0.128426 -0.231641 0.004563
-0.111413 -0.194590 0.037825
-0.103539 -0.168872 0.072763
-0.131653 -0.123055 0.073925
-0.156789 -0.174030 0.073612
-0.148034 -0.204277 0.107325
-0.152524 -0.144608 0.128588
-0.185647 -0.129037 0.119288
-0.199535 -0.195292 0.129175
-0.190092 -0.194154 0.166375
-0.205007 -0.130780 0.175775
-0.236957 -0.153713 0.166363
-0.238852 -0.209556 0.191537
-0.236788 -0.168243 0.223625
-0.263853 -0.123176 0.216850
-0.287003 -0.179116 0.213138
-0.282332 -0.209435 0.248113
-0.296119 -0.151098 0.267300
-0.328328 -0.161704 0.252275
-0.332908 -0.232392 0.264587
-0.331024 -0.218128 0.301487
-0.359375 -0.175895 0.302013
-0.381397 -0.226677 0.289475
-0.376659 -0.271671 0.320250
-0.385583 -0.224352 0.347988
-0.417420 -0.208732 0.333363
-0.430123 -0.277676 0.334063
-0.426671 -0.289421 0.371738
-0.445805 -0.227306 0.381738
-0.476131 -0.247018 0.362450
-0.483351 -0.310174 0.378762
-0.489138 -0.272397 0.412175
-0.515775 -0.228614 0.402300
-0.536894 -0.286685 0.391675
-0.538180 -0.325964 0.423650
-0.551493 -0.267917 0.443650
-0.580589 -0.257456 0.423537
-0.593698 -0.326230 0.429038
-0.592615 -0.324438 0.468488
-0.612933 -0.264914 0.472850
-0.639987 -0.295814 0.455325
-0.642695 -0.351923 0.481250
-0.645684 -0.314315 0.514000
-0.673584 -0.275012 0.503463
-0.693587 -0.336570 0.498112
-0.690631 -0.365194 0.534075
-0.702285 -0.303927 0.552738
-0.732994 -0.300827 0.535275
-0.743396 -0.370352 0.545750
-0.741106 -0.359430 0.584250
-0.763568 -0.302595 0.585800
-0.790621 -0.338919 0.571375
-0.791118 -0.390839 0.600050
-0.796262 -0.344537 0.629913
-0.826531 -0.317052 0.618125
-0.843702 -0.383066 0.615500
-0.841130 -0.394399 0.655125
-0.855729 -0.331921 0.670062
-0.888739 -0.346451 0.655875
-0.894324 -0.406967 0.682075
-0.893635 -0.369359 0.718937
-0.926533 -0.328337 0.718488
-0.950676 -0.390355 0.726737
-0.939925 -0.408807 0.767813
-0.966888 -0.368560 0.794475
-0.997574 -0.429755 0.793375
-0.990839 -0.506423 0.818075
-1.000000 -0.563477 0.839075
-0.986011 -0.649009 0.837575
-0.972969 -0.723450 0.840800
-0.941436 -0.783748 0.842725
-0.925845 -0.853588 0.857475
-0.896975 -0.914565 0.841500
-0.863592 -0.952124 0.836512
-0.825279 -0.982346 0.851912
-0.788929 -0.988037 0.862850
-0.754238 -1.000000 0.888313
-0.721870 -0.990943 0.918338
-0.687574 -0.982153 0.937950
-0.655883 -0.950042 0.966187
-0.624080 -0.917059 0.984000
-0.591035 -0.899454 0.999625
-0.550207 -0.870225 1.000000
-0.514601 -0.855187 0.997937
-0.480858 -0.857632 0.970487
-0.456805 -0.853419 0.938363
-0.434580 -0.864243 0.906900
-0.430011 -0.902965 0.863513
-0.436216 -0.947136 0.822587
-0.451232 -0.986875 0.788587
-0.457425 -0.990192 0.740637
-0.468876 -0.989950 0.700112
-0.481241 -0.951253 0.658725
-0.477405 -0.912216 0.621462
-0.473299 -0.863662 0.590763
-0.486995 -0.802589 0.572100
-0.487909 -0.743283 0.548712
-0.498378 -0.671458 0.546325
-0.504324 -0.605565 0.529850
-0.495851 -0.534539 0.528600
-0.501526 -0.461647 0.531875
-0.497363 -0.392195 0.519200
-0.465176 -0.384494 0.537675
-0.448456 -0.436414 0.517263
-0.454503 -0.406095 0.483488
-0.437457 -0.343593 0.490938
-0.406691 -0.372798 0.495837
-0.402494 -0.405320 0.461812
-0.403893 -0.341341 0.440000
-0.378656 -0.304387 0.457588
-0.354660 -0.357445 0.452612
-0.355788 -0.352626 0.414250
-0.346740 -0.281575 0.410388
-0.316719 -0.288089 0.430475
-0.302323 -0.339936 0.407825
-0.298003 -0.295257 0.378550
-0.277425 -0.246195 0.394850
-0.252244 -0.294724 0.406588
-0.243805 -0.317415 0.371088
-0.237047 -0.253194 0.353325
-0.208143 -0.234135 0.373112
-0.190250 -0.297776 0.355475
-0.197843 -0.307850 0.317925
-0.186663 -0.243894 0.301950
-0.153257 -0.245251 0.312138
-0.145134 -0.313904 0.299600
-0.152987 -0.303999 0.262700
-0.131145 -0.245977 0.257488
-0.101925 -0.282302 0.265738
-0.104193 -0.331436 0.237937
-0.103843 -0.282786 0.209588
-0.072886 -0.253557 0.215863
-0.054373 -0.313759 0.210325
-0.064481 -0.328095 0.174487
-0.056640 -0.265544 0.157250
-0.022276 -0.262614 0.165425
-0.012607 -0.329887 0.152387
-0.022298 -0.326690 0.115950
-0.005816 -0.262904 0.105638
0.025976 -0.289712 0.114663
0.026168 -0.345772 0.089200
0.020008 -0.308261 0.057313
0.048077 -0.265568 0.059975
0.070483 -0.322355 0.056763
0.060149 -0.346790 0.022250
0.065891 -0.284069 0.002325
0.101124 -0.287556 0.008650
0.108277 -0.355822 -0.007100
0.095201 -0.345990 -0.043012
0.121127 -0.292884 -0.052875
0.150741 -0.342721 -0.052400
0.136831 -0.386674 -0.083962
