0.136456 0.085901 0.348101
0.106144 0.105806 0.294553
0.101060 0.215582 0.285267
0.151848 0.238192 0.271527
0.153128 0.172141 0.222135
0.114927 0.221207 0.188213
0.140085 0.318521 0.185668
0.186350 0.286154 0.161528
0.164751 0.245028 0.110307
0.142995 0.337998 0.089727
0.189926 0.391978 0.086665
0.215978 0.325642 0.049124
0.181722 0.337998 0.003072
0.188875 0.448130 -0.003569
0.242451 0.445210 -0.013432
0.240575 0.380975 -0.062446
0.208632 0.448165 -0.094459
0.242205 0.535295 -0.094579
0.284543 0.485909 -0.119374
0.259316 0.453400 -0.170476
0.248288 0.556232 -0.190181
0.298376 0.596646 -0.192011
0.322148 0.522121 -0.228080
0.289277 0.537289 -0.275782
0.297113 0.645605 -0.282543
0.349620 0.633000 -0.293976
0.348708 0.563994 -0.340067
0.317187 0.626128 -0.378722
0.349199 0.724973 -0.375859
0.402705 0.680393 -0.392681
0.454353 0.656109 -0.423421
0.473637 0.553668 -0.386715
0.480439 0.452937 -0.414513
0.530088 0.489754 -0.454361
0.583016 0.478111 -0.481881
0.619989 0.512471 -0.534196
0.669778 0.483630 -0.571339
0.707085 0.520661 -0.623435
0.759627 0.487048 -0.660957
0.816902 0.473375 -0.673941
0.866709 0.435489 -0.688934
0.917147 0.445495 -0.705119
0.962395 0.394399 -0.722080
1.000000 0.471986 -0.699353
0.980768 0.481030 -0.632363
0.937010 0.454361 -0.600151
0.893497 0.526322 -0.606534
0.843883 0.575211 -0.598421
0.794970 0.620787 -0.623356
0.747232 0.670566 -0.619797
0.699547 0.689580 -0.650756
0.661048 0.655148 -0.594981
0.617728 0.685058 -0.546623
0.565432 0.641546 -0.513337
0.507297 0.636205 -0.495998
0.456860 0.575211 -0.480409
0.398270 0.558333 -0.482994
0.347306 0.558903 -0.507770
0.355914 0.669391 -0.541931
0.418711 0.689758 -0.540976
0.471288 0.739109 -0.561735
0.527511 0.781232 -0.544555
0.577318 0.838345 -0.549487
0.634418 0.852837 -0.524552
0.662871 0.812138 -0.585397
0.671760 0.871139 -0.645010
0.637731 0.929071 -0.681895
0.593149 0.924620 -0.637931
0.591764 0.986398 -0.588817
0.534489 1.000000 -0.575793
0.500022 0.917713 -0.596154
0.443816 0.875946 -0.606454
0.406054 0.785611 -0.619200
0.378091 0.702113 -0.627412
0.363137 0.601488 -0.637374
0.376127 0.537966 -0.678176
0.387575 0.444498 -0.691180
0.422147 0.450409 -0.735144
0.420762 0.449269 -0.792192
0.410366 0.381331 -0.832795
0.423480 0.310794 -0.870614
0.450390 0.299899 -0.923466
0.423778 0.204365 -0.947009
0.428336 0.167584 -1.000000
0.405861 0.043494 -0.991191
0.375952 -0.045808 -0.990794
0.324603 -0.101497 -0.960729
0.274147 -0.152557 -0.958542
0.281791 -0.208674 -0.894336
0.267748 -0.111823 -0.846833
0.222745 -0.069237 -0.822177
0.235771 -0.111788 -0.758488
0.285104 -0.044277 -0.738982
0.286349 0.068703 -0.754452
0.241942 0.089676 -0.712178
0.270939 0.074436 -0.658551
0.292871 0.187096 -0.636121
0.271062 0.279674 -0.612062
0.265364 0.236340 -0.545907
0.287050 0.296516 -0.500691
0.247009 0.378946 -0.490968
0.206161 0.329666 -0.464204
0.227514 0.298937 -0.409841
0.230494 0.398779 -0.384946
0.177427 0.424665 -0.393973
0.158054 0.344763 -0.360488
0.184334 0.373355 -0.310241
0.161473 0.473268 -0.304356
0.110912 0.434207 -0.298589
0.118749 0.364739 -0.251544
0.136333 0.439833 -0.211139
0.093136 0.503285 -0.210940
0.058949 0.425519 -0.191434
0.085229 0.399170 -0.140570
0.082161 0.498264 -0.114761
0.029076 0.504816 -0.111043
0.022063 0.414588 -0.077896
0.053427 0.445744 -0.030791
0.023150 0.533622 -0.015003
-0.021643 0.477897 -0.004424
0.001183 0.412416 0.038207
0.011211 0.495238 0.078751
-0.041015 0.527925 0.087937
-0.060667 0.408855 0.086168
-0.056004 0.313429 0.118161
-0.103041 0.266392 0.097462
-0.074920 0.234952 0.042184
-0.045590 0.148712 0.024805
-0.049938 0.165590 -0.036020
-0.010387 0.240008 -0.042641
0.030373 0.170646 -0.033753
0.019434 0.108120 -0.082251
0.022694 0.184034 -0.124802
0.073185 0.212911 -0.114145
0.095888 0.115135 -0.125936
0.084142 0.113888 -0.184574
0.110527 0.206181 -0.199447
0.159562 0.170040 -0.183122
0.161561 0.086151 -0.222195
0.152900 0.141270 -0.273834
0.197447 0.203297 -0.265403
0.233667 0.121971 -0.266874
0.220361 0.077783 -0.321158
0.229670 0.166551 -0.354265
0.281984 0.172818 -0.340087
0.301321 0.076679 -0.358977
0.288243 0.093130 -0.416482
0.319641 0.181719 -0.423322
0.367029 0.132333 -0.409622
0.366625 0.057024 -0.453069
0.363119 0.126102 -0.499995
0.409332 0.177945 -0.488144
0.442344 0.092489 -0.493612
0.428564 0.061048 -0.548910
0.441748 0.151062 -0.580168
0.494605 0.144119 -0.565911
0.505912 0.044099 -0.586829
0.491712 0.062223 -0.644771
0.527283 0.143834 -0.654872
0.572479 0.088999 -0.640754
0.564888 0.007424 -0.683565
0.561399 0.078923 -0.734985
0.611644 0.121936 -0.740234
0.660890 0.135359 -0.761351
0.715045 0.130588 -0.755983
0.756717 0.196817 -0.760258
0.807733 0.220068 -0.739837
0.793427 0.335897 -0.723413
0.748968 0.318236 -0.677639
0.720041 0.343232 -0.622680
0.679526 0.307234 -0.572791
0.648285 0.349499 -0.517891
0.611346 0.322936 -0.464621
0.571918 0.360145 -0.412366
0.540765 0.386459 -0.364823
0.510138 0.460628 -0.325651
0.470622 0.498193 -0.287931
0.426863 0.462551 -0.317121
0.437400 0.357795 -0.304097
0.435962 0.368121 -0.243053
0.384245 0.405758 -0.241721
0.363557 0.313999 -0.263096
0.382263 0.245527 -0.219649
0.358964 0.299827 -0.172584
0.307983 0.289644 -0.191812
0.305020 0.182752 -0.182824
0.311314 0.181079 -0.122516
0.268450 0.247236 -0.110665
0.229933 0.184176 -0.136614
0.239435 0.094198 -0.104004
0.234035 0.141056 -0.049780
0.182458 0.172390 -0.058469
0.161683 0.073439 -0.071016
0.174849 0.024088 -0.018661
0.151287 0.094233 0.020292
0.099797 0.083729 -0.001760
0.096081 -0.024551 0.006651
0.107091 -0.027827 0.066105
0.064980 0.032740 0.083463
0.028041 -0.036657 0.063440
0.041733 -0.124606 0.094658
0.035633 -0.078816 0.149797
-0.016927 -0.052716 0.144627
-0.035037 -0.152985 0.130907
-0.017277 -0.199558 0.183281
-0.046607 -0.136641 0.219371
-0.095643 -0.162634 0.196306
-0.093574 -0.272588 0.207122
-0.091575 -0.263615 0.269061
-0.143521 -0.208389 0.268107
-0.176918 -0.286083 0.247427
-0.207984 -0.369047 0.258105
-0.218380 -0.472592 0.255123
-0.254775 -0.554167 0.248024
-0.238173 -0.625416 0.291471
-0.268607 -0.565347 0.337721
-0.316486 -0.569834 0.298450
-0.360823 -0.612526 0.319229
-0.409455 -0.620360 0.327182
-0.453161 -0.640976 0.348995
-0.502038 -0.662412 0.344024
-0.544797 -0.604159 0.369734
-0.598268 -0.571187 0.362477
-0.588626 -0.493066 0.419385
-0.571252 -0.371290 0.396717
-0.580807 -0.268565 0.393357
-0.540029 -0.221991 0.436426
-0.476372 -0.216579 0.423103
-0.434542 -0.151881 0.418510
-0.388838 -0.164735 0.448714
-0.342537 -0.121971 0.463170
-0.293274 -0.159287 0.473470
-0.246150 -0.129484 0.491425
-0.195431 -0.153590 0.504946
-0.158388 -0.193719 0.537616
-0.107371 -0.194858 0.545887
-0.071712 -0.258986 0.570385
-0.060475 -0.342271 0.608045
-0.021520 -0.374103 0.642962
-0.022396 -0.473055 0.674557
-0.033441 -0.569264 0.701401
-0.054356 -0.617903 0.755147
-0.075026 -0.704962 0.790641
-0.124622 -0.649629 0.825656
-0.180670 -0.690256 0.796805
-0.206073 -0.777493 0.829613
-0.250462 -0.726682 0.867850
-0.308211 -0.668358 0.855980
-0.367642 -0.717780 0.842677
-0.400005 -0.742919 0.898253
-0.456702 -0.696701 0.904596
-0.501793 -0.719988 0.937405
-0.557157 -0.693746 0.946910
-0.611820 -0.687871 0.952795
-0.656279 -0.668679 0.991390
-0.717850 -0.719845 0.992822
-0.770900 -0.756022 1.000000
-0.817498 -0.840659 0.972799
-0.864289 -0.912265 0.950469
-0.908469 -0.948157 0.906326
-0.938132 -0.955242 0.842777
-0.972002 -0.996404 0.798117
-0.974492 -0.987324 0.722398
-1.000000 -1.000000 0.667220
-0.994513 -0.949830 0.598103
-0.999842 -0.885346 0.545211
-0.974597 -0.809041 0.494189
-0.974790 -0.765778 0.441933
-0.943005 -0.667681 0.414593
-0.940832 -0.602058 0.369953
-0.905225 -0.496911 0.356512
-0.892462 -0.408357 0.328515
-0.851456 -0.302533 0.331994
-0.809644 -0.217433 0.304216
-0.753193 -0.185138 0.292763
