1.000000 0.719009 -0.642512
0.978991 0.680067 -0.526812
0.912964 0.703788 -0.430507
0.874121 0.682654 -0.328198
0.795867 0.666863 -0.262073
0.767011 0.598824 -0.158855
0.717023 0.634305 -0.054413
0.629471 0.631113 -0.011159
0.554416 0.568383 0.030989
0.484256 0.535254 0.056941
0.406421 0.507165 0.029211
0.338721 0.463923 0.031660
0.270283 0.450046 -0.028421
0.216950 0.481193 0.057494
0.224846 0.589147 0.048686
0.198918 0.605107 -0.071636
0.122116 0.584847 -0.067291
0.096089 0.655741 0.012147
0.118253 0.740680 -0.050266
0.079656 0.724620 -0.155221
0.009077 0.721159 -0.112402
0.009225 0.813557 -0.060734
0.025387 0.868156 -0.158697
-0.035916 0.839294 -0.223993
-0.088930 0.875481 -0.150994
-0.061525 0.980412 -0.151192
-0.048044 1.000000 -0.279374
-0.117983 0.973658 -0.329146
-0.189496 0.986459 -0.364184
-0.202583 0.883209 -0.367818
-0.193875 0.864830 -0.247378
-0.250406 0.927291 -0.212301
-0.304354 0.875212 -0.273686
-0.291365 0.782780 -0.221742
-0.301230 0.814364 -0.107543
-0.372153 0.846182 -0.124568
-0.397589 0.752373 -0.158421
-0.378819 0.700361 -0.058561
-0.419828 0.758253 0.016610
-0.486691 0.741789 -0.039245
-0.486248 0.637295 -0.026091
-0.479237 0.637598 0.093836
-0.541550 0.690382 0.110742
-0.589373 0.622579 0.058245
-0.571907 0.542881 0.132745
-0.586814 0.590559 0.240584
-0.658376 0.626913 0.207284
-0.705707 0.579941 0.124449
-0.712891 0.590391 0.002153
-0.760689 0.528534 -0.043866
-0.819582 0.506594 -0.099287
-0.888241 0.466040 -0.110150
-0.886371 0.356539 -0.131560
-0.924920 0.298748 -0.042997
-0.958672 0.248249 0.049792
-0.917417 0.190659 0.130098
-0.916827 0.141840 0.226956
-0.891980 0.063116 0.293121
-0.965437 0.021487 0.308092
-0.964354 -0.038421 0.192550
-0.931464 -0.129945 0.203413
-0.934145 -0.230340 0.206534
-0.901820 -0.315178 0.241374
-0.856384 -0.391079 0.215224
-0.837368 -0.478001 0.158302
-0.797319 -0.560588 0.138275
-0.753235 -0.618715 0.073097
-0.726617 -0.673314 -0.023365
-0.695449 -0.747703 -0.087121
-0.657884 -0.790878 -0.179515
-0.655941 -0.765040 -0.322826
-0.676974 -0.742596 -0.442555
-0.689520 -0.680370 -0.561296
-0.721009 -0.623318 -0.650965
-0.758745 -0.543856 -0.694140
-0.827011 -0.580311 -0.657206
-0.810037 -0.582932 -0.534593
-0.795597 -0.481260 -0.521242
-0.861697 -0.430458 -0.543402
-0.892103 -0.438522 -0.428018
-0.837835 -0.365913 -0.374415
-0.869176 -0.258597 -0.360866
-0.932472 -0.233767 -0.287314
-1.000000 -0.282923 -0.351188
-0.998352 -0.390374 -0.340641
-0.946888 -0.369374 -0.231103
-0.903223 -0.337388 -0.138472
-0.837958 -0.354591 -0.206257
-0.757909 -0.346325 -0.248840
-0.706740 -0.370718 -0.351899
-0.624920 -0.384024 -0.403330
-0.559705 -0.381840 -0.480555
-0.472103 -0.401999 -0.477711
-0.438745 -0.479614 -0.533369
-0.493014 -0.551449 -0.490984
-0.532866 -0.509282 -0.385989
-0.589520 -0.499975 -0.288776
-0.636482 -0.426527 -0.210326
-0.667872 -0.368501 -0.117181
-0.705314 -0.265250 -0.113468
-0.754440 -0.239849 -0.027197
-0.708389 -0.166367 0.022891
-0.722657 -0.106762 -0.089372
-0.784649 -0.052936 -0.117181
-0.749397 0.036438 -0.145978
-0.716335 -0.017690 -0.252474
-0.769471 -0.103805 -0.290395
-0.839951 -0.065670 -0.307736
-0.883838 -0.002167 -0.372282
-0.843518 0.086065 -0.315637
-0.766691 0.077900 -0.345855
-0.703395 0.084788 -0.415101
-0.710947 -0.032810 -0.427781
-0.769939 -0.076758 -0.486599
-0.731587 -0.121546 -0.577334
-0.712472 -0.209341 -0.502716
-0.771169 -0.270626 -0.481898
-0.751882 -0.360202 -0.540361
-0.665756 -0.352339 -0.581126
-0.601697 -0.308022 -0.628330
-0.539951 -0.238471 -0.600956
-0.475916 -0.241260 -0.661986
-0.489373 -0.158639 -0.730442
-0.503911 -0.086905 -0.648160
-0.433973 -0.098900 -0.594083
-0.388216 -0.083679 -0.692204
-0.430332 0.011911 -0.732219
-0.488930 0.064763 -0.687188
-0.567429 0.026023 -0.712350
-0.651169 0.042184 -0.723727
-0.678499 -0.010029 -0.819834
-0.717097 -0.085426 -0.870988
-0.670234 -0.095607 -0.970255
-0.614490 -0.146107 -0.900614
-0.659434 -0.237194 -0.881496
-0.685387 -0.338597 -0.877545
-0.722116 -0.433683 -0.875175
-0.648389 -0.487509 -0.883115
-0.574440 -0.500580 -0.884656
-0.495474 -0.467383 -0.868895
-0.417294 -0.464292 -0.886986
-0.369446 -0.383049 -0.901483
-0.320467 -0.375153 -1.000000
-0.322288 -0.263100 -0.997432
-0.273579 -0.235548 -0.907409
-0.213333 -0.197379 -0.844364
-0.174071 -0.182696 -0.742766
-0.222952 -0.113683 -0.692678
-0.282165 -0.181151 -0.688807
-0.247749 -0.250970 -0.616322
-0.238549 -0.187266 -0.522783
-0.310578 -0.164855 -0.506824
-0.332300 -0.263200 -0.484545
-0.289840 -0.279395 -0.386107
-0.323247 -0.206115 -0.319389
-0.391956 -0.247341 -0.321562
-0.375621 -0.336581 -0.270131
-0.350775 -0.297337 -0.164859
-0.414047 -0.248249 -0.132113
-0.459582 -0.332986 -0.135786
-0.422558 -0.389937 -0.054887
-0.436212 -0.320386 0.036993
-0.516900 -0.297270 0.024116
-0.549914 -0.399681 -0.024471
-0.575449 -0.490802 -0.069384
-0.567355 -0.583671 -0.127491
-0.612694 -0.651609 -0.211748
-0.563764 -0.658967 -0.333728
-0.576359 -0.656682 -0.470641
-0.575597 -0.654969 -0.596374
-0.582977 -0.700966 -0.707649
-0.575105 -0.741520 -0.818767
-0.585879 -0.806569 -0.906026
-0.578672 -0.901655 -0.840374
-0.577589 -0.910727 -0.715155
-0.583862 -0.949601 -0.599139
-0.590381 -0.954607 -0.478264
-0.576605 -0.962167 -0.357943
-0.566617 -1.000000 -0.241650
-0.581722 -0.984544 -0.117023
-0.575867 -0.983604 0.008236
-0.595006 -0.958270 0.126859
-0.524428 -0.935422 0.186941
-0.516138 -0.821520 0.167467
-0.550480 -0.766048 0.255002
-0.560664 -0.701403 0.342182
-0.598819 -0.674624 0.433707
-0.632841 -0.602218 0.494618
-0.621722 -0.524166 0.577097
-0.693653 -0.480185 0.572041
-0.723100 -0.534952 0.672809
-0.684133 -0.465905 0.760739
-0.753825 -0.388324 0.773143
-0.818253 -0.436606 0.858703
-0.800959 -0.421319 1.000000
