-0.037628 0.197094 -0.531177
-0.099100 0.122974 -0.532846
-0.073421 0.026154 -0.512676
-0.063307 0.057538 -0.465492
-0.130451 0.072650 -0.455764
-0.151931 -0.027248 -0.463352
-0.110884 -0.068923 -0.430161
-0.135442 -0.014974 -0.391263
-0.200695 -0.048342 -0.397667
-0.189196 -0.152410 -0.393160
-0.157163 -0.145675 -0.350240
-0.208324 -0.091453 -0.327475
-0.258868 -0.167658 -0.336020
-0.228638 -0.252137 -0.313255
-0.227055 -0.195624 -0.267952
-0.299432 -0.171419 -0.265827
-0.328584 -0.262017 -0.247919
-0.365850 -0.301949 -0.211525
-0.386648 -0.383556 -0.196227
-0.438336 -0.427624 -0.173750
-0.467533 -0.463145 -0.133745
-0.478877 -0.544068 -0.107352
-0.527663 -0.596444 -0.079609
-0.482835 -0.624752 -0.033927
-0.469951 -0.525368 0.003331
-0.474063 -0.471692 0.045295
-0.394629 -0.435624 0.047435
-0.357781 -0.333744 0.021650
-0.360617 -0.208068 0.018569
-0.338896 -0.113915 0.024199
-0.323506 -0.046633 -0.017537
-0.314250 0.042051 -0.034823
-0.304027 0.088137 -0.075147
-0.279029 0.164239 -0.089277
-0.289252 0.233162 -0.120875
-0.219360 0.293265 -0.112042
-0.150854 0.274564 -0.142335
-0.098506 0.287385 -0.168605
-0.035210 0.295385 -0.133031
0.016148 0.208068 -0.123242
0.054447 0.185880 -0.166405
0.088635 0.291932 -0.171747
0.140147 0.278291 -0.131362
0.183436 0.192308 -0.150333
0.205070 0.243043 -0.199900
0.232552 0.359761 -0.191128
0.307786 0.354701 -0.186499
0.357957 0.408103 -0.211404
0.438336 0.444957 -0.198124
0.488837 0.497333 -0.165282
0.538304 0.502120 -0.126687
0.608372 0.523487 -0.122301
0.640669 0.586530 -0.098611
0.615935 0.693367 -0.090248
0.552727 0.769744 -0.076073
0.506008 0.838667 -0.064812
0.432840 0.886222 -0.050546
0.379591 0.931077 -0.028889
0.302642 0.920923 -0.020769
0.234289 0.891556 -0.002223
0.175543 0.827966 0.019570
0.150106 0.723282 0.043929
0.125218 0.682154 0.086211
0.078499 0.599897 0.098778
0.042597 0.568376 0.137433
0.032813 0.453504 0.163400
0.029889 0.395282 0.202525
-0.005661 0.291932 0.219356
0.008234 0.202974 0.247813
-0.029538 0.155179 0.282901
-0.002759 0.045538 0.296894
0.020611 -0.028376 0.324880
0.067506 -0.125983 0.324637
0.146347 -0.155658 0.327961
0.211600 -0.177744 0.351196
0.283404 -0.190393 0.325836
0.352461 -0.151556 0.315395
0.402610 -0.065983 0.293586
0.454825 0.006940 0.290019
0.482307 0.118462 0.271762
0.516319 0.211009 0.274372
0.520430 0.331179 0.268923
0.554112 0.415590 0.283857
0.545845 0.531521 0.296196
0.534171 0.635692 0.322512
0.509437 0.733436 0.342910
0.470633 0.819419 0.379668
0.420132 0.871795 0.414999
0.371346 0.881949 0.454595
0.332872 0.864308 0.505346
0.286504 0.868581 0.542817
0.234970 0.894769 0.569847
0.170377 0.949778 0.581230
0.090349 0.987179 0.587862
0.019402 1.000000 0.592612
-0.054359 0.975419 0.579332
-0.122206 0.978632 0.588818
-0.191439 0.918256 0.581700
-0.249722 0.891556 0.594023
-0.316910 0.883009 0.557508
-0.378316 0.801812 0.549450
-0.421165 0.714188 0.552773
-0.460849 0.621778 0.567464
-0.523354 0.581197 0.575538
-0.550506 0.465812 0.595450
-0.541910 0.337880 0.608259
-0.488485 0.286598 0.638142
-0.478702 0.269504 0.686996
-0.496730 0.302359 0.737732
-0.523530 0.313026 0.776629
-0.500687 0.337880 0.823586
-0.482835 0.364308 0.872910
-0.536414 0.413983 0.913690
-0.581924 0.439624 0.950676
-0.658543 0.452991 0.969647
-0.729996 0.427350 0.987677
-0.800416 0.375521 0.992412
-0.868087 0.302359 1.000000
-0.914454 0.208855 0.980088
-0.952599 0.126872 0.986736
-0.974585 0.007726 0.968706
-0.990370 -0.096957 0.955426
-0.999318 -0.211761 0.925073
-1.000000 -0.297402 0.885704
-0.987644 -0.351385 0.837336
-0.945718 -0.423624 0.805556
-0.924414 -0.497607 0.776144
-0.887676 -0.522462 0.736320
-0.886291 -0.602051 0.704055
-0.862591 -0.659214 0.669436
-0.871517 -0.675487 0.625803
-0.871517 -0.741983 0.588347
-0.843001 -0.768718 0.550406
-0.859842 -0.790085 0.506757
-0.847816 -0.836547 0.465507
-0.843001 -0.817299 0.423058
-0.851598 -0.855248 0.378712
-0.820686 -0.882496 0.340057
-0.816223 -0.861128 0.298321
-0.803845 -0.898530 0.256114
-0.760226 -0.914017 0.224107
-0.748200 -0.892103 0.182720
-0.719333 -0.920957 0.142411
-0.669184 -0.910256 0.115487
-0.646517 -0.906530 0.071262
-0.601161 -0.953538 0.040560
-0.541910 -0.964205 0.020997
-0.514780 -0.951932 -0.016884
-0.468566 -1.000000 -0.046418
-0.409491 -0.999487 -0.067104
-0.380800 -0.967419 -0.103088
-0.332784 -0.992000 -0.135642
-0.277578 -0.975966 -0.156570
-0.250734 -0.951932 -0.194330
-0.202454 -0.965812 -0.225746
-0.150898 -0.927897 -0.246022
-0.117480 -0.915077 -0.284206
-0.062010 -0.925231 -0.310174
-0.010146 -0.882496 -0.330328
0.023008 -0.858974 -0.367784
0.077972 -0.868068 -0.394829
0.130715 -0.825846 -0.412616
0.139817 -0.772991 -0.453396
0.175873 -0.739863 -0.491808
0.167980 -0.681915 -0.530934
0.195462 -0.665607 -0.571258
0.205422 -0.612718 -0.612994
0.228792 -0.610598 -0.657568
0.240115 -0.546222 -0.698834
0.246644 -0.496000 -0.741526
0.264167 -0.513094 -0.788938
0.278260 -0.457538 -0.829262
0.284789 -0.475692 -0.880484
0.283404 -0.402803 -0.921734
0.278941 -0.301436 -0.955411
0.297827 -0.211624 -0.986720
0.305742 -0.088137 -0.997617
0.335620 0.024547 -0.998573
0.368598 0.121128 -1.000000
0.417714 0.197367 -0.977705
0.471666 0.278838 -0.982441
0.483340 0.388068 -0.953999
0.517682 0.460991 -0.920793
0.547912 0.517607 -0.878586
0.580209 0.538974 -0.829262
0.634491 0.516034 -0.790364
0.690136 0.512273 -0.761438
0.744418 0.454598 -0.737246
0.806242 0.467932 -0.721599
0.873583 0.434291 -0.704054
0.938155 0.368855 -0.705466
1.000000 0.354974 -0.692201
