-0.280456 -0.634268 -0.497064
-0.231916 -0.634050 -0.506494
-0.190600 -0.643408 -0.504182
-0.148692 -0.654914 -0.501070
-0.109270 -0.670025 -0.510514
-0.073494 -0.707453 -0.514837
-0.035349 -0.732008 -0.513983
0.002665 -0.752611 -0.527791
0.037744 -0.789214 -0.532829
0.075218 -0.813638 -0.543264
0.105968 -0.853064 -0.556948
0.136389 -0.900892 -0.557994
0.174139 -0.928877 -0.559288
0.220692 -0.937322 -0.564326
0.255271 -0.970496 -0.552584
0.287785 -1.000000 -0.531301
0.326903 -0.978550 -0.558778
0.348719 -0.915482 -0.534591
0.380799 -0.914591 -0.503603
0.413062 -0.897831 -0.478535
0.436812 -0.896898 -0.443596
0.458062 -0.873016 -0.410420
0.490760 -0.859708 -0.386191
0.520063 -0.870737 -0.355726
0.549589 -0.854693 -0.327244
0.584681 -0.828119 -0.309513
0.618103 -0.819630 -0.282724
0.647156 -0.791668 -0.256059
0.680222 -0.754999 -0.240462
0.712327 -0.740974 -0.210699
0.739419 -0.724148 -0.176683
0.760025 -0.662925 -0.154987
0.799262 -0.662144 -0.133594
0.823867 -0.630360 -0.094196
0.843617 -0.572458 -0.064185
0.871539 -0.542802 -0.026810
0.884526 -0.469812 -0.008005
0.900605 -0.434402 0.034739
0.904355 -0.362845 0.048519
0.920513 -0.310523 0.082136
0.909999 -0.250776 0.117185
0.903763 -0.183105 0.135439
0.899605 -0.123857 0.172057
0.887328 -0.048653 0.183717
0.872249 0.008228 0.218257
0.853065 0.075291 0.220790
0.834157 0.134778 0.250470
0.802736 0.197260 0.257477
0.780472 0.256269 0.270816
0.748551 0.318708 0.260533
0.729038 0.377673 0.253939
0.694287 0.420160 0.226957
0.669077 0.463646 0.204848
0.650261 0.470376 0.156969
0.631221 0.474718 0.115272
0.627379 0.438744 0.069568
0.628379 0.403921 0.032605
0.635274 0.329737 0.015177
0.640353 0.267840 -0.006050
0.643511 0.204381 -0.024249
0.656827 0.151408 -0.047886
0.662090 0.100823 -0.078447
0.662116 0.037472 -0.094319
0.674590 -0.020929 -0.116332
0.680116 -0.078678 -0.138495
0.697301 -0.135082 -0.157327
0.707985 -0.183127 -0.185879
0.703156 -0.223986 -0.222263
0.707103 -0.283472 -0.244468
0.695537 -0.337769 -0.266907
0.664945 -0.384468 -0.280122
0.643682 -0.431645 -0.303552
0.618037 -0.454528 -0.335669
0.603195 -0.490871 -0.369451
0.594589 -0.516880 -0.408892
0.566997 -0.477063 -0.444519
0.571247 -0.411758 -0.461988
0.564681 -0.395280 -0.503135
0.557076 -0.343740 -0.530296
0.530550 -0.348104 -0.565785
0.518352 -0.300536 -0.593662
0.489760 -0.333189 -0.628298
0.457812 -0.352728 -0.651040
0.421694 -0.390721 -0.653229
0.404983 -0.425631 -0.687190
0.382206 -0.472156 -0.707853
0.370180 -0.515252 -0.740383
0.342035 -0.503832 -0.780208
0.331219 -0.510323 -0.822182
0.350483 -0.503658 -0.869317
0.360956 -0.502920 -0.916824
0.395009 -0.466295 -0.946559
0.428865 -0.439417 -0.971876
0.462286 -0.413604 -0.993613
0.502813 -0.371073 -1.000000
0.540089 -0.337010 -0.995925
0.579958 -0.309503 -0.995650
0.613392 -0.262087 -0.973569
0.660235 -0.240855 -0.964786
0.699366 -0.203296 -0.965667
0.728538 -0.144765 -0.947496
0.763459 -0.101062 -0.936964
0.786985 -0.036278 -0.923377
0.831802 -0.004277 -0.927328
0.872907 0.015588 -0.924878
0.905052 0.076855 -0.912075
0.921065 0.140444 -0.891536
0.954842 0.188164 -0.866963
0.981131 0.234841 -0.839031
0.988263 0.298322 -0.805208
0.983987 0.327609 -0.763124
0.994618 0.350492 -0.713951
1.000000 0.373266 -0.669115
0.987421 0.399622 -0.621621
0.987697 0.421984 -0.578134
0.975710 0.424437 -0.527047
0.962842 0.451206 -0.485005
0.935052 0.488895 -0.455187
0.919342 0.505460 -0.409511
0.892855 0.543214 -0.377408
0.863999 0.577300 -0.351652
0.818473 0.606066 -0.342070
0.797314 0.636417 -0.297991
0.748656 0.636656 -0.296284
0.714577 0.648271 -0.259321
0.680827 0.660841 -0.231170
0.632958 0.657519 -0.225443
0.599537 0.657346 -0.191963
0.553787 0.653611 -0.181322
0.518852 0.657802 -0.149164
0.476049 0.676038 -0.152151
0.428957 0.649704 -0.144153
0.387325 0.647489 -0.136348
0.346719 0.648423 -0.165904
0.302640 0.634941 -0.176463
0.269100 0.627103 -0.212571
0.233284 0.622023 -0.239085
0.218087 0.615162 -0.286730
0.186284 0.608497 -0.321049
0.196850 0.597056 -0.370622
0.177626 0.627147 -0.405574
0.179810 0.613100 -0.456385
0.181284 0.623434 -0.499418
0.206929 0.638566 -0.543608
0.225587 0.664575 -0.583805
0.242377 0.710775 -0.616610
0.264587 0.772562 -0.636406
0.280916 0.820868 -0.662507
0.316324 0.865982 -0.682234
0.335890 0.913484 -0.708073
0.376022 0.945507 -0.726190
0.401430 0.989405 -0.755181
0.440062 0.986301 -0.786252
0.474523 1.000000 -0.818836
0.504997 0.960943 -0.850320
0.534260 0.933176 -0.880316
0.559431 0.871214 -0.898034
0.584747 0.822996 -0.920032
0.581629 0.741690 -0.918765
0.585326 0.674779 -0.937350
0.581260 0.610386 -0.908000
0.555734 0.556045 -0.896161
0.529668 0.503137 -0.894826
0.510352 0.470506 -0.864127
0.488233 0.426326 -0.843932
0.472089 0.386053 -0.817088
0.472825 0.339115 -0.790974
0.460865 0.288248 -0.769250
0.457707 0.258179 -0.734738
0.453128 0.197564 -0.718425
0.432746 0.170101 -0.684299
0.474957 0.129632 -0.675819
0.514510 0.147565 -0.679673
0.533984 0.129307 -0.641500
0.516523 0.076507 -0.616734
0.511142 0.016174 -0.596223
0.474418 0.009618 -0.628091
0.472339 0.003430 -0.670423
0.457023 -0.061874 -0.670533
0.417654 -0.046504 -0.657895
0.396443 -0.012961 -0.688195
0.393378 -0.059660 -0.718315
0.383128 -0.113654 -0.693908
0.346469 -0.085408 -0.682812
0.329009 -0.071601 -0.719651
0.330298 -0.132477 -0.738345
0.304745 -0.161503 -0.709353
0.271719 -0.125399 -0.717957
0.268929 -0.136146 -0.760330
0.264008 -0.206813 -0.755099
0.223390 -0.204012 -0.733527
0.185310 -0.208767 -0.720532
0.156705 -0.195089 -0.692366
0.145915 -0.259243 -0.685263
0.182731 -0.273898 -0.668055
0.180481 -0.229999 -0.635897
0.147060 -0.252079 -0.617326
0.161692 -0.313997 -0.610058
0.192732 -0.294588 -0.584604
0.171587 -0.260698 -0.555199
0.146718 -0.311370 -0.544104
0.175968 -0.353097 -0.532746
0.194337 -0.314387 -0.503011
0.164087 -0.305291 -0.476525
0.157429 -0.371203 -0.471514
0.193771 -0.391264 -0.457583
0.193850 -0.351425 -0.423291
0.159258 -0.376522 -0.406276
0.166231 -0.444649 -0.406469
0.209284 -0.441263 -0.388463
0.207324 -0.379757 -0.358961
0.182481 -0.323484 -0.356607
0.187403 -0.269773 -0.386260
0.187837 -0.200343 -0.406813
0.184468 -0.146545 -0.432487
0.193350 -0.076399 -0.437567
0.194245 -0.020647 -0.460116
0.215376 0.031350 -0.481123
0.230179 0.073142 -0.509454
0.246627 0.094353 -0.547834
0.290311 0.115955 -0.536298
0.328325 0.125464 -0.519311
0.312417 0.091704 -0.480297
0.305561 0.026530 -0.474488
0.333904 0.018606 -0.444808
0.319456 0.065478 -0.417440
0.283272 0.033499 -0.413476
0.296535 -0.024446 -0.398003
0.315838 0.005558 -0.364647
0.284232 0.036321 -0.347549
0.264245 -0.020581 -0.339262
0.294587 -0.051736 -0.314923
0.297482 0.008272 -0.284913
0.257140 0.044962 -0.286248
0.223982 0.039665 -0.315598
0.241521 0.087102 -0.350716
0.251482 0.122425 -0.387568
0.263916 0.184820 -0.372218
0.302640 0.160657 -0.363394
0.328206 0.168624 -0.396543
0.352127 0.215627 -0.378083
0.367075 0.172923 -0.348678
0.383154 0.129719 -0.375660
0.406509 0.171707 -0.396709
0.428338 0.192202 -0.364179
0.442957 0.132932 -0.351941
0.461852 0.120102 -0.388421
0.486733 0.174486 -0.389261
0.503378 0.160461 -0.350082
0.518339 0.098869 -0.360132
0.541655 0.116541 -0.392647
0.564734 0.160049 -0.370883
0.579168 0.116823 -0.341231
0.591024 0.068865 -0.377064
0.616458 0.077007 -0.409318
0.639300 0.021754 -0.403468
0.604590 -0.015262 -0.419753
0.585537 0.015110 -0.453701
0.615247 0.019192 -0.483064
0.613011 -0.045679 -0.496858
0.572037 -0.025293 -0.515635
0.587879 0.032370 -0.544076
0.594787 0.070450 -0.583227
0.591537 0.134040 -0.562922
0.588642 0.174030 -0.530874
0.573681 0.184104 -0.492109
0.557879 0.244502 -0.501167
0.532786 0.222488 -0.532237
0.511773 0.180087 -0.509454
0.497773 0.225136 -0.481687
0.480352 0.266994 -0.509330
0.454470 0.217581 -0.522917
0.438496 0.194894 -0.483890
0.419378 0.253707 -0.472822
0.386022 0.247606 -0.496335
0.347719 0.222314 -0.498235
0.358285 0.189054 -0.539396
0.384825 0.135516 -0.531673
0.393693 0.070667 -0.526221
0.402391 0.007382 -0.507761
0.434746 -0.048501 -0.494862
0.465602 -0.077463 -0.473084
0.475826 -0.023208 -0.450824
0.440088 -0.022709 -0.429403
0.441457 -0.083194 -0.412471
0.474812 -0.073120 -0.389302
0.461773 -0.020364 -0.367717
0.429062 -0.053147 -0.350674
0.449641 -0.099585 -0.329557
0.471549 -0.053321 -0.306237
0.443562 -0.012397 -0.287873
0.419654 -0.067563 -0.272826
0.427352 -0.132585 -0.269550
0.408312 -0.165606 -0.309871
0.395180 -0.191485 -0.345429
0.383746 -0.201711 -0.389523
0.352062 -0.224941 -0.417165
0.339509 -0.251384 -0.458698
0.306890 -0.260980 -0.489727
0.292798 -0.304748 -0.528906
0.286903 -0.338942 -0.565083
0.291627 -0.405614 -0.586820
0.291995 -0.455592 -0.616170
0.309956 -0.503658 -0.586655
0.282903 -0.490154 -0.545824
0.256732 -0.498904 -0.510693
0.277995 -0.456243 -0.482706
0.285614 -0.405506 -0.448786
0.325390 -0.378172 -0.447602
0.358812 -0.345672 -0.456055
0.391799 -0.324374 -0.479155
0.403562 -0.279933 -0.439893
0.433062 -0.256920 -0.405423
0.448115 -0.210655 -0.376128
0.477668 -0.195002 -0.341657
0.498536 -0.179523 -0.305136
0.521786 -0.195371 -0.271160
0.485233 -0.232366 -0.254985
0.458444 -0.272617 -0.233950
0.415575 -0.269208 -0.226489
0.373996 -0.277371 -0.217913
0.356101 -0.233972 -0.245954
0.337601 -0.214324 -0.281169
0.337785 -0.188077 -0.320182
0.332996 -0.163870 -0.360311
0.303732 -0.162676 -0.396502
0.300666 -0.172076 -0.444711
0.289087 -0.162893 -0.490663
0.293377 -0.172011 -0.537854
0.277298 -0.140336 -0.578395
0.295680 -0.136515 -0.616225
0.330377 -0.105208 -0.601991
0.312561 -0.044528 -0.574183
0.291509 -0.066282 -0.532678
0.275864 -0.060376 -0.486685
0.259666 -0.095048 -0.447231
0.244232 -0.128634 -0.411700
0.242166 -0.180022 -0.377766
0.215666 -0.202102 -0.345705
0.202061 -0.224116 -0.304957
0.170468 -0.233647 -0.278099
0.195363 -0.265735 -0.245762
0.227495 -0.205315 -0.245872
0.247179 -0.149584 -0.236070
0.278087 -0.095156 -0.249795
0.278074 -0.037537 -0.229518
0.320219 -0.033542 -0.214912
0.351548 -0.066672 -0.230220
0.386628 -0.024793 -0.222524
0.383088 0.030568 -0.194304
0.391917 0.025054 -0.150871
0.364588 0.014285 -0.118768
0.353996 -0.003083 -0.080181
0.317772 -0.042422 -0.086610
0.308351 -0.061983 -0.128721
0.280929 -0.108443 -0.140078
0.249956 -0.135473 -0.158043
0.220100 -0.141443 -0.127854
0.220337 -0.099933 -0.092805
0.189639 -0.061440 -0.104506
0.163863 -0.112785 -0.113165
0.164679 -0.140357 -0.074634
0.150389 -0.086537 -0.055127
0.115784 -0.078809 -0.077993
0.103034 -0.143245 -0.070559
0.102323 -0.140010 -0.028255
0.076204 -0.088600 -0.028462
0.045731 -0.117084 -0.050749
0.041099 -0.167408 -0.024607
0.034941 -0.133736 0.010827
0.002401 -0.099412 -0.003283
-0.019086 -0.156119 -0.011350
-0.018230 -0.178372 0.029522
-0.033967 -0.125052 0.048849
-0.068639 -0.123402 0.025419
-0.081468 -0.185884 0.035193
-0.083060 -0.175702 0.077139
-0.109784 -0.125052 0.076244
-0.139771 -0.158247 0.057274
-0.143310 -0.207746 0.085234
-0.150415 -0.167908 0.118782
-0.184705 -0.140162 0.103020
-0.205547 -0.198758 0.099124
-0.201797 -0.218753 0.139624
-0.219890 -0.163349 0.155909
-0.255298 -0.171425 0.137435
-0.262745 -0.233451 0.152316
-0.263811 -0.213499 0.193120
-0.294732 -0.169514 0.190394
-0.321535 -0.213044 0.174755
-0.319311 -0.254250 0.209047
-0.330140 -0.212826 0.239980
-0.366469 -0.195827 0.223171
-0.380483 -0.259200 0.221685
-0.376614 -0.274288 0.263465
-0.400075 -0.226916 0.279104
-0.433996 -0.245739 0.258468
-0.435141 -0.306376 0.278470
-0.435444 -0.287553 0.318971
-0.469233 -0.248735 0.315680
-0.493234 -0.300667 0.305314
-0.486470 -0.340917 0.338092
-0.498786 -0.296672 0.367469
-0.536931 -0.289117 0.353496
-0.548642 -0.353596 0.353964
-0.540431 -0.365081 0.394822
-0.565681 -0.318339 0.410612
-0.599326 -0.342372 0.392276
-0.596866 -0.402575 0.411631
-0.599011 -0.381711 0.451498
-0.636313 -0.355225 0.447272
-0.655287 -0.412301 0.438062
-0.643116 -0.447732 0.473965
-0.661603 -0.406309 0.499886
-0.699143 -0.414602 0.484496
-0.700880 -0.480363 0.491338
-0.696274 -0.477888 0.533256
-0.728275 -0.438918 0.541130
-0.754630 -0.484401 0.521967
-0.746432 -0.537678 0.549073
-0.757156 -0.506871 0.585416
-0.794972 -0.502551 0.565483
-0.828420 -0.539610 0.563665
-0.869460 -0.539133 0.553891
-0.901499 -0.493433 0.551372
-0.938171 -0.468249 0.536215
-0.963723 -0.417533 0.518664
-0.977881 -0.347496 0.502777
-1.000000 -0.291440 0.483105
-0.976842 -0.228089 0.462552
-0.988789 -0.167452 0.435984
-0.974460 -0.099260 0.432143
-0.950131 -0.031979 0.415486
-0.925763 0.026725 0.419010
-0.899368 0.089078 0.415018
-0.864262 0.124422 0.443693
-0.831328 0.176766 0.448800
-0.798762 0.194069 0.477434
-0.757314 0.218819 0.502144
-0.709985 0.225440 0.492714
-0.665642 0.262478 0.487414
-0.622195 0.304770 0.485101
-0.577379 0.288813 0.465898
-0.536010 0.316841 0.451594
-0.506128 0.328933 0.409910
-0.475457 0.328825 0.377174
-0.448523 0.312455 0.334210
-0.445338 0.281431 0.285381
-0.437088 0.251189 0.244302
-0.455773 0.203925 0.204601
-0.475154 0.162176 0.172925
-0.504655 0.126875 0.143189
-0.525642 0.100779 0.103914
-0.568221 0.088035 0.080539
-0.592787 0.111873 0.046069
-0.598892 0.134365 -0.004027
-0.600366 0.136775 -0.050777
-0.597734 0.134322 -0.093548
-0.574155 0.110766 -0.136265
-0.555892 0.080350 -0.171878
-0.533273 0.055101 -0.205372
-0.511049 0.000890 -0.233937
-0.502076 -0.060594 -0.256320
-0.494168 -0.113350 -0.285037
-0.469260 -0.178720 -0.295582
-0.470233 -0.242722 -0.311165
-0.454878 -0.316124 -0.307861
-0.469286 -0.386422 -0.312624
-0.440181 -0.449078 -0.304034
-0.437996 -0.518660 -0.295444
-0.408154 -0.560865 -0.276970
-0.393957 -0.618224 -0.242733
-0.378009 -0.646339 -0.202660
-0.354890 -0.675474 -0.162641
-0.331548 -0.698422 -0.127716
-0.302732 -0.725386 -0.095627
-0.290824 -0.750852 -0.052635
-0.264008 -0.795727 -0.024566
-0.228008 -0.847789 -0.009561
-0.191810 -0.871388 0.015342
-0.160113 -0.885912 0.040975
-0.113244 -0.874970 0.060262
-0.077994 -0.845661 0.083293
-0.040467 -0.821736 0.110564
-0.006243 -0.767526 0.117185
0.026099 -0.723888 0.143479
0.037112 -0.662513 0.169221
0.044612 -0.608801 0.201558
0.052244 -0.555090 0.231280
0.054744 -0.496081 0.258757
0.060533 -0.451879 0.298817
0.074862 -0.391763 0.318103
0.090862 -0.340353 0.343612
0.116757 -0.311630 0.377312
0.137929 -0.269273 0.407226
0.177060 -0.219535 0.414563
0.215166 -0.182562 0.413696
0.245666 -0.116758 0.412815
0.278390 -0.076464 0.402669
0.297061 -0.010703 0.378523
0.322917 0.044463 0.362018
0.336851 0.082087 0.318929
0.355377 0.130002 0.290254
0.352588 0.164456 0.243766
0.356877 0.212826 0.204353
0.346798 0.206791 0.153624
0.328167 0.251623 0.122251
0.326996 0.267537 0.073849
0.314732 0.293719 0.031669
0.294666 0.266125 -0.009588
0.280272 0.279021 -0.048767
0.249285 0.273159 -0.082880
0.237140 0.281388 -0.127042
0.191021 0.285621 -0.141978
0.149863 0.299386 -0.148985
0.112336 0.310328 -0.128584
0.089665 0.348863 -0.165064
0.047178 0.310762 -0.170419
0.025665 0.286815 -0.137738
0.016217 0.348755 -0.120448
-0.009309 0.372354 -0.151270
-0.039033 0.325677 -0.150527
-0.049257 0.340592 -0.109008
-0.059099 0.409783 -0.118878
-0.094376 0.394499 -0.148613
-0.124731 0.371203 -0.122389
-0.159481 0.375003 -0.098353
-0.186837 0.357613 -0.068879
-0.217771 0.335338 -0.095214
-0.211047 0.267015 -0.102868
-0.228824 0.241680 -0.060152
-0.254785 0.268731 -0.029549
-0.234219 0.306832 0.002774
-0.251785 0.346692 0.036832
-0.214600 0.343762 0.068673
-0.189731 0.391568 0.099096
-0.201600 0.386487 0.143699
-0.174481 0.347908 0.165477
-0.154415 0.396670 0.186071
-0.184784 0.405853 0.214994
-0.186231 0.343392 0.229297
-0.147389 0.338486 0.241687
-0.149034 0.389874 0.268448
-0.177889 0.364517 0.294260
-0.158218 0.308243 0.305948
-0.125705 0.340310 0.322109
-0.146613 0.375697 0.351652
-0.162731 0.324591 0.372755
-0.128481 0.292764 0.383135
-0.114270 0.344304 0.406661
-0.144731 0.348929 0.434745
-0.141823 0.287988 0.451429
-0.104007 0.294305 0.465209
-0.110731 0.346866 0.491200
-0.140547 0.317231 0.515484
-0.117955 0.266039 0.528823
-0.090060 0.306485 0.547889
-0.117481 0.331300 0.575890
-0.132534 0.276177 0.594626
-0.095323 0.256964 0.610181
-0.091691 0.316255 0.636723
-0.126126 0.305790 0.663636
-0.118468 0.242005 0.683101
-0.085297 0.265474 0.715576
-0.104165 0.271944 0.756200
-0.113047 0.262109 0.798614
-0.128836 0.269338 0.837696
-0.133928 0.289898 0.879876
-0.135718 0.288878 0.922028
-0.163429 0.274354 0.962790
-0.153573 0.235166 1.000000
