-1.000000 0.083483 0.745461
-0.911866 0.045900 0.746227
-0.829059 0.072048 0.770243
-0.747375 0.041782 0.765060
-0.676766 0.040982 0.821742
-0.594521 0.034465 0.810720
-0.527530 0.008716 0.869007
-0.447275 0.040062 0.866635
-0.379443 0.014634 0.918244
-0.299749 0.045100 0.938500
-0.269380 -0.060813 0.892439
-0.284466 -0.035464 0.785974
-0.236796 0.067370 0.784514
-0.162402 0.012115 0.812909
-0.157130 -0.066131 0.726956
-0.156654 0.020911 0.647207
-0.083942 0.074367 0.682537
-0.032178 -0.023110 0.673522
-0.045161 -0.041062 0.564757
-0.018325 0.067170 0.529682
0.061144 0.062173 0.574429
0.084924 -0.039503 0.511908
0.066332 0.009876 0.405369
0.115797 0.109232 0.409931
0.184078 0.169046 0.388616
0.242853 0.244293 0.413070
0.293832 0.313462 0.366425
0.361861 0.368718 0.368250
0.406222 0.457599 0.395076
0.457566 0.529287 0.352702
0.513453 0.601655 0.380660
0.544214 0.707049 0.344417
0.626460 0.709968 0.349526
0.670541 0.790732 0.299706
0.746674 0.808364 0.283975
0.797933 0.862820 0.223717
0.863494 0.875295 0.164480
0.923503 0.939307 0.128675
0.953255 0.996921 0.040422
0.974146 0.949062 -0.058671
1.000000 0.979529 -0.158640
0.971258 0.961097 -0.259448
0.992877 0.978410 -0.358396
0.973248 1.000000 -0.463365
0.979670 0.925033 -0.551399
0.937832 0.898005 -0.645054
0.910295 0.832674 -0.730423
0.934972 0.769621 -0.815136
0.917474 0.727160 -0.916711
0.921961 0.596777 -0.938245
0.895041 0.498741 -0.990255
0.874122 0.381792 -1.000000
0.905472 0.266683 -0.993065
0.893751 0.142377 -0.989014
0.971314 0.121027 -0.927551
0.948123 0.126304 -0.817946
0.928158 0.079405 -0.722394
0.879590 0.075607 -0.638776
0.884553 0.075287 -0.529682
0.879450 0.009476 -0.435261
0.825891 0.085442 -0.379930
0.749786 0.032786 -0.411902
0.759208 -0.075247 -0.356826
0.767452 -0.036464 -0.251492
0.688796 0.020151 -0.247076
0.641771 -0.082644 -0.262843
0.671130 -0.140938 -0.171414
0.640845 -0.060373 -0.097177
0.557338 -0.081084 -0.121777
0.554001 -0.200992 -0.100206
0.577584 -0.189437 0.007537
0.512808 -0.117548 0.042356
0.449294 -0.196154 0.019581
0.476298 -0.286914 0.083818
0.473045 -0.224061 0.179590
0.387659 -0.201511 0.175831
0.361300 -0.318540 0.170393
0.397025 -0.356123 0.265617
0.355832 -0.275559 0.331460
0.276278 -0.321499 0.302006
0.287102 -0.439806 0.334526
0.303142 -0.415537 0.441028
0.227626 -0.359042 0.457708
0.180292 -0.459878 0.434349
0.212400 -0.541002 0.509426
0.187780 -0.487945 0.604029
0.103908 -0.485786 0.581656
0.091457 -0.605893 0.569611
0.118040 -0.637759 0.671113
0.057976 -0.570869 0.725824
-0.012689 -0.620967 0.682282
0.002173 -0.735117 0.715094
-0.000575 -0.711847 0.824771
-0.081502 -0.671625 0.829626
-0.122303 -0.770781 0.785937
-0.094570 -0.848787 0.867438
-0.132454 -0.784815 0.955363
-0.216382 -0.795050 0.907550
-0.231749 -0.915517 0.928901
-0.271287 -1.000000 1.000000
