-1.000000 -1.000000 0.524298
-0.967674 -0.927431 0.489768
-0.923398 -0.833640 0.477749
-0.899385 -0.739278 0.463365
-0.857379 -0.670383 0.423690
-0.821459 -0.572696 0.432451
-0.786620 -0.482768 0.418524
-0.767679 -0.388312 0.434696
-0.752045 -0.288819 0.422160
-0.725497 -0.199683 0.441868
-0.717140 -0.102186 0.446895
-0.675156 -0.014381 0.454067
-0.656568 0.082262 0.460444
-0.613393 0.159772 0.450848
-0.595599 0.255369 0.469206
-0.548213 0.318689 0.437895
-0.532998 0.410231 0.395101
-0.526714 0.513906 0.384809
-0.509404 0.579728 0.333969
-0.505281 0.674248 0.305857
-0.507244 0.752487 0.267672
-0.483231 0.823028 0.217169
-0.473044 0.874723 0.160985
-0.462878 0.938011 0.112210
-0.404048 0.983085 0.066396
-0.339133 0.999113 0.022033
-0.276774 1.000000 -0.014702
-0.207603 0.976433 -0.045774
-0.145973 0.922110 -0.063436
-0.084915 0.889104 -0.081555
-0.032171 0.798321 -0.084972
0.022954 0.736364 -0.113581
0.090935 0.691764 -0.096634
0.134242 0.589610 -0.089303
0.177306 0.511055 -0.089880
0.219686 0.423757 -0.082370
0.291592 0.389072 -0.095423
0.319199 0.280076 -0.108297
0.354965 0.202281 -0.138515
0.384953 0.096959 -0.138972
0.411369 0.035540 -0.198434
0.477917 0.013842 -0.230063
0.541377 -0.059994 -0.241785
0.600538 -0.131929 -0.227858
0.645873 -0.215806 -0.203997
0.675840 -0.299620 -0.179282
0.695486 -0.378112 -0.134402
0.705144 -0.448685 -0.081039
0.681705 -0.502692 -0.025390
0.668497 -0.584226 0.006715
0.667879 -0.608362 0.071085
0.623625 -0.628223 0.131720
0.595224 -0.692620 0.170839
0.609116 -0.713304 0.233818
0.599480 -0.716598 0.306989
0.590042 -0.757776 0.360373
0.644594 -0.749097 0.415604
0.669489 -0.765790 0.475047
0.724791 -0.767152 0.515874
0.790787 -0.728318 0.552609
0.845362 -0.710326 0.591946
0.898613 -0.629617 0.615846
0.947961 -0.607222 0.659654
0.977266 -0.515141 0.696468
0.995259 -0.471175 0.763679
1.000000 -0.410453 0.817579
0.968093 -0.328413 0.855267
0.942537 -0.279886 0.901538
0.872020 -0.265347 0.935054
0.821812 -0.255622 0.981106
0.756786 -0.260659 0.996841
0.692179 -0.269021 0.980590
0.631320 -0.264048 1.000000
0.569579 -0.258853 0.989451
0.515512 -0.223440 0.967914
0.464598 -0.176750 0.984861
0.404357 -0.160912 0.970855
0.354921 -0.109281 0.983709
0.289079 -0.103421 0.983351
0.291570 -0.025372 0.944272
0.311239 -0.075356 0.893253
0.257635 -0.136870 0.892856
0.209323 -0.069750 0.886061
0.233622 -0.033354 0.832837
0.230381 -0.117928 0.801367
0.162775 -0.131359 0.807764
0.143459 -0.048084 0.781023
0.176225 -0.064397 0.728235
0.142775 -0.148749 0.716216
0.080880 -0.108584 0.712858
0.095014 -0.044504 0.669031
0.118167 -0.108647 0.627270
0.059447 -0.157270 0.623137
0.020022 -0.083782 0.604800
0.055302 -0.057428 0.555489
0.052700 -0.143237 0.526980
-0.015347 -0.145518 0.520662
-0.020992 -0.063573 0.486967
0.020286 -0.087900 0.441491
-0.014333 -0.167532 0.425498
-0.073383 -0.123440 0.412127
-0.048378 -0.065062 0.368459
-0.023594 -0.133925 0.331287
-0.082909 -0.179126 0.322565
-0.116756 -0.101711 0.301089
-0.077088 -0.087583 0.251341
-0.086635 -0.177890 0.227202
-0.154308 -0.169623 0.222573
-0.155763 -0.088565 0.187746
-0.120946 -0.123788 0.139369
-0.164759 -0.198353 0.128184
-0.223810 -0.141083 0.124051
-0.214240 -0.081565 0.076131
-0.225993 -0.143586 0.029066
-0.291504 -0.166297 0.040529
-0.314855 -0.074786 0.046390
-0.300942 -0.050301 -0.011285
-0.340698 -0.116598 -0.037490
-0.398778 -0.084732 -0.012357
-0.394368 0.005226 -0.035324
-0.392031 -0.020431 -0.094787
-0.452272 -0.069433 -0.095601
-0.492536 0.009693 -0.074721
-0.464995 0.087900 -0.114714
-0.417631 0.094488 -0.161700
-0.353509 0.134780 -0.154707
-0.318251 0.058030 -0.193229
-0.341734 0.000380 -0.240692
-0.379837 -0.076813 -0.219692
-0.430553 -0.134495 -0.222951
-0.472470 -0.201077 -0.206123
-0.477630 -0.296421 -0.200858
-0.556085 -0.299208 -0.225335
-0.576195 -0.229110 -0.280824
-0.549315 -0.238201 -0.340764
-0.585897 -0.316820 -0.366849
-0.654252 -0.287330 -0.358903
-0.654760 -0.198480 -0.390114
-0.656369 -0.227304 -0.450213
-0.721726 -0.269338 -0.452855
-0.757933 -0.179094 -0.426094
-0.765628 -0.097624 -0.459709
-0.801813 -0.011055 -0.466722
-0.814646 0.077130 -0.487682
-0.827060 0.176338 -0.480172
-0.861877 0.243554 -0.513649
-0.851161 0.325467 -0.476477
-0.776786 0.334273 -0.498311
-0.731340 0.396389 -0.528589
-0.662301 0.409091 -0.554476
-0.601089 0.450839 -0.572595
-0.541333 0.445423 -0.610681
-0.472338 0.476528 -0.621687
-0.411964 0.489769 -0.658978
-0.335141 0.489547 -0.657766
-0.265749 0.521571 -0.685978
-0.189279 0.512607 -0.676819
-0.113779 0.540196 -0.680077
-0.047033 0.555337 -0.676402
0.011047 0.590687 -0.701613
0.029746 0.501425 -0.727083
-0.029371 0.501394 -0.769381
-0.064122 0.502756 -0.829042
-0.130956 0.484352 -0.826658
-0.200018 0.467627 -0.834605
-0.255320 0.472220 -0.787321
-0.333907 0.443617 -0.786049
-0.399815 0.431232 -0.795287
-0.464157 0.418435 -0.817459
-0.489449 0.453595 -0.755871
-0.508236 0.510136 -0.707216
-0.576834 0.449667 -0.699428
-0.629755 0.393950 -0.658541
-0.682918 0.328286 -0.634442
-0.699147 0.268356 -0.575357
-0.708937 0.192366 -0.528450
-0.707283 0.120336 -0.489689
-0.690437 0.039500 -0.530834
-0.653745 0.069180 -0.584078
-0.614077 0.069528 -0.637184
-0.555335 0.118055 -0.672746
-0.520143 0.171555 -0.724818
-0.453176 0.216535 -0.746772
-0.401292 0.277510 -0.780506
-0.332694 0.293665 -0.806810
-0.272298 0.341780 -0.836313
-0.205155 0.327431 -0.868618
-0.140041 0.374723 -0.893313
-0.079800 0.390751 -0.928478
-0.035655 0.459550 -0.955259
0.025115 0.402629 -0.962967
0.080329 0.338359 -0.978563
0.065621 0.275230 -0.921763
0.052965 0.228952 -0.871220
0.009901 0.221698 -0.813605
-0.009041 0.217580 -0.748957
-0.067055 0.209313 -0.703322
-0.106613 0.237472 -0.646183
-0.162819 0.243301 -0.600071
-0.214108 0.297814 -0.561906
-0.270380 0.321698 -0.514384
-0.335031 0.378587 -0.491775
-0.389561 0.418847 -0.449835
-0.450111 0.489072 -0.443299
-0.439263 0.453849 -0.384015
-0.423232 0.386696 -0.342234
-0.487376 0.352455 -0.333890
-0.485811 0.303801 -0.389915
-0.438535 0.232816 -0.384690
-0.481621 0.162908 -0.361465
-0.520518 0.159423 -0.419081
-0.470398 0.136174 -0.462530
-0.460850 0.061419 -0.510629
-0.412846 0.006842 -0.549748
-0.401998 -0.059202 -0.595939
-0.359441 0.011720 -0.638535
-0.282904 0.045201 -0.654468
-0.221781 0.096167 -0.658938
-0.193292 0.090371 -0.602158
-0.129082 0.051061 -0.607105
-0.109281 0.054672 -0.670759
-0.078058 0.060500 -0.725196
-0.076007 0.116756 -0.780526
-0.063505 0.119734 -0.845790
-0.045864 0.184859 -0.898140
-0.030738 0.219829 -0.954186
-0.040661 0.281882 -0.998093
-0.109766 0.298353 -1.000000
-0.152632 0.259804 -0.956729
-0.223744 0.224960 -0.937577
-0.270336 0.202629 -0.881750
-0.317612 0.154355 -0.841539
-0.343697 0.147735 -0.777566
-0.380653 0.107475 -0.730123
-0.434456 0.108172 -0.679799
-0.466252 0.055179 -0.627727
-0.527640 0.081248 -0.582509
-0.560848 0.109693 -0.518993
-0.605896 0.115521 -0.466404
-0.639942 0.097213 -0.415981
-0.693127 0.104403 -0.378273
-0.663624 0.158695 -0.334943
-0.679963 0.244979 -0.357313
-0.744592 0.242604 -0.331823
-0.723424 0.235255 -0.268645
-0.687769 0.320019 -0.256069
-0.680602 0.412227 -0.235447
-0.628806 0.436712 -0.272440
-0.664704 0.431992 -0.327413
-0.710503 0.501140 -0.338578
-0.659148 0.560342 -0.370962
-0.642919 0.495090 -0.420332
-0.638420 0.511847 -0.487960
-0.560936 0.505036 -0.490265
-0.502503 0.460215 -0.524039
-0.431258 0.447767 -0.537648
-0.380256 0.415489 -0.580403
-0.306410 0.410865 -0.583323
-0.242530 0.413082 -0.620912
-0.166832 0.388470 -0.630031
-0.100770 0.388090 -0.659753
-0.031003 0.340830 -0.670302
0.030848 0.301235 -0.678329
0.074728 0.223852 -0.686713
0.139049 0.192841 -0.670382
0.190999 0.141432 -0.656336
0.187647 0.164967 -0.586979
0.122842 0.177510 -0.560198
0.092920 0.158917 -0.506914
0.039492 0.164111 -0.473179
-0.001455 0.156161 -0.426431
-0.042336 0.097593 -0.400028
-0.078962 0.061609 -0.356916
-0.076558 -0.008109 -0.314241
-0.100924 -0.089420 -0.290639
-0.087782 -0.132626 -0.230381
