1.000000 1.000000 0.083713
0.901848 0.963581 0.072610
0.838858 0.871648 0.103031
0.752666 0.831026 0.122627
0.682220 0.758999 0.181525
0.609568 0.683654 0.155268
0.525164 0.644175 0.203619
0.457194 0.562785 0.205007
0.365007 0.541147 0.219996
0.297753 0.464327 0.249251
0.205953 0.446818 0.224270
0.127843 0.400557 0.265627
0.038488 0.381425 0.232486
-0.039532 0.388319 0.310814
-0.127157 0.371436 0.292273
-0.208816 0.397165 0.354113
-0.300526 0.362221 0.397802
-0.357670 0.359898 0.253692
-0.407954 0.346259 0.114633
-0.423373 0.295759 -0.062840
-0.435542 0.274306 -0.233929
-0.444489 0.178244 -0.352115
-0.472584 0.197855 -0.505884
-0.412279 0.139208 -0.610414
-0.358565 0.060177 -0.490119
-0.274012 -0.007759 -0.423948
-0.209293 -0.090477 -0.388753
-0.112930 -0.138065 -0.405796
-0.055280 -0.240540 -0.435495
0.019371 -0.274969 -0.535861
0.049494 -0.362257 -0.389641
0.085283 -0.418840 -0.261241
0.066673 -0.416591 -0.058843
0.065927 -0.372874 0.122072
0.049255 -0.243084 0.083935
-0.038906 -0.227639 0.003053
-0.119522 -0.147096 0.075719
-0.207713 -0.118602 0.170312
-0.264946 -0.059882 0.289997
-0.352600 -0.043220 0.364605
-0.426565 0.024200 0.449428
-0.502587 0.013436 0.568724
-0.575120 0.025932 0.686244
-0.583173 -0.055090 0.809704
-0.644552 -0.088634 0.961308
-0.679864 -0.206701 0.902354
-0.705543 -0.305343 0.844066
-0.742257 -0.383785 0.725880
-0.820606 -0.433437 0.625458
-0.781983 -0.375528 0.458033
-0.755022 -0.363068 0.260464
-0.697938 -0.308034 0.115466
-0.637811 -0.313490 -0.042967
-0.591285 -0.247102 -0.188409
-0.529906 -0.262252 -0.359665
-0.442938 -0.267044 -0.454424
-0.375565 -0.336970 -0.574109
-0.279500 -0.374053 -0.650106
-0.232348 -0.490646 -0.711891
-0.171655 -0.592421 -0.724825
-0.181258 -0.669315 -0.592817
-0.238342 -0.756419 -0.629510
-0.158920 -0.824539 -0.681581
-0.096855 -0.814070 -0.531142
-0.159486 -0.770242 -0.371766
-0.183704 -0.702932 -0.234928
-0.240460 -0.600936 -0.145720
-0.277204 -0.496913 -0.094815
-0.349289 -0.411652 -0.071555
-0.369570 -0.424001 0.127068
-0.348275 -0.393442 0.311258
-0.378309 -0.419503 0.491007
-0.350900 -0.397939 0.674753
-0.328114 -0.424332 0.857278
-0.297633 -0.474833 1.000000
-0.344995 -0.584459 0.945653
-0.338821 -0.567282 0.744865
-0.313500 -0.573106 0.577329
-0.406254 -0.611221 0.530365
-0.482694 -0.542289 0.521872
-0.455286 -0.519177 0.332630
-0.444907 -0.577234 0.158099
-0.405747 -0.575649 -0.013490
-0.374551 -0.669057 -0.140002
-0.318421 -0.749120 -0.237760
-0.305447 -0.861511 -0.307872
-0.273923 -0.938994 -0.411291
-0.347202 -1.000000 -0.474076
-0.428861 -0.929189 -0.409681
-0.443386 -0.806513 -0.336516
-0.483589 -0.777282 -0.185800
-0.480100 -0.734744 -0.010325
-0.528952 -0.725602 0.162818
-0.521973 -0.674659 0.341068
-0.547473 -0.686308 0.531531
-0.493461 -0.723464 0.653714
-0.458179 -0.815397 0.556789
-0.521615 -0.840832 0.411735
-0.544103 -0.889747 0.243755
-0.564831 -0.877398 0.047685
-0.585022 -0.896972 -0.134673
-0.577119 -0.869178 -0.325858
-0.559850 -0.906998 -0.481570
-0.506971 -0.908141 -0.649883
-0.486422 -0.946108 -0.809315
-0.459998 -0.822032 -0.859332
-0.408998 -0.725455 -0.899689
-0.396054 -0.607092 -0.925947
-0.355910 -0.509704 -1.000000
-0.407209 -0.418545 -0.882369
-0.466142 -0.371030 -0.780837
-0.522808 -0.370957 -0.616409
-0.599666 -0.387102 -0.504996
-0.632383 -0.390715 -0.318641
-0.687171 -0.449656 -0.175641
-0.706110 -0.468972 0.016099
-0.762508 -0.527029 0.161041
-0.803188 -0.532595 0.348174
-0.854725 -0.588219 0.500000
-0.882551 -0.628398 0.651660
-0.964121 -0.677092 0.621961
-0.924544 -0.751295 0.489397
-0.848492 -0.745028 0.384035
-0.840648 -0.690436 0.236649
-0.804918 -0.679857 0.059620
-0.767399 -0.610631 -0.085101
-0.739841 -0.599536 -0.272621
-0.703485 -0.526586 -0.418674
-0.688394 -0.509409 -0.610081
-0.735039 -0.431557 -0.693572
-0.818936 -0.460309 -0.615854
-0.815685 -0.578377 -0.549462
-0.827972 -0.674033 -0.453314
-0.826153 -0.763164 -0.334296
-0.845092 -0.822843 -0.199512
-0.856723 -0.840389 -0.036527
-0.818100 -0.852885 0.146941
-0.768025 -0.874523 0.314589
-0.732266 -0.802938 0.474020
-0.753173 -0.773633 0.636283
-0.819741 -0.772158 0.745531
-0.795076 -0.685239 0.866326
-0.729224 -0.606060 0.835128
-0.655020 -0.512026 0.842234
-0.601605 -0.419319 0.805041
-0.542522 -0.331552 0.836405
-0.506703 -0.216765 0.842789
-0.414963 -0.242420 0.844787
-0.359907 -0.223142 0.676363
-0.318839 -0.259082 0.515654
-0.309861 -0.224174 0.335184
-0.274400 -0.276738 0.166981
-0.214393 -0.273163 0.012546
-0.148183 -0.362884 -0.031587
-0.172997 -0.443021 0.124903
-0.164736 -0.512911 0.275064
-0.175830 -0.544980 0.455812
-0.136164 -0.578746 0.619352
-0.165600 -0.454706 0.686799
-0.166644 -0.343605 0.711946
-0.109113 -0.313158 0.567725
-0.058441 -0.434654 0.528200
-0.025217 -0.517887 0.431775
0.004220 -0.537166 0.262018
0.006576 -0.582985 0.082713
0.022860 -0.592274 -0.084823
-0.044901 -0.672042 -0.112080
-0.112841 -0.575834 -0.077051
-0.111558 -0.489393 -0.190352
-0.121937 -0.408814 -0.313700
-0.128529 -0.381389 -0.501832
-0.185076 -0.268076 -0.528422
-0.281677 -0.231657 -0.477462
-0.346993 -0.152036 -0.369435
-0.452065 -0.109534 -0.350228
-0.526029 -0.096743 -0.255968
-0.535782 -0.099176 -0.084823
-0.617948 -0.143041 0.024814
-0.681564 -0.140793 0.189186
-0.747506 -0.198444 0.316476
-0.814939 -0.243747 0.438215
-0.862092 -0.306154 0.280337
-0.913897 -0.336270 0.139003
-0.942439 -0.335422 -0.025203
-0.987474 -0.348434 -0.177362
-0.995258 -0.342205 -0.345620
-1.000000 -0.226570 -0.354447
-0.914583 -0.209982 -0.290219
-0.869279 -0.267265 -0.409237
-0.898895 -0.203089 -0.537360
-0.862360 -0.106475 -0.481847
-0.774885 -0.141567 -0.490008
-0.768830 -0.173047 -0.653159
-0.795822 -0.064858 -0.713223
-0.787709 0.031609 -0.610026
-0.841960 0.074958 -0.482625
-0.867579 0.098808 -0.319141
-0.819115 0.096522 -0.135561
-0.794927 0.062573 0.054735
-0.734681 0.033747 0.185134
-0.704201 0.008681 0.365605
-0.606168 -0.027259 0.329299
-0.588512 0.001382 0.141446
-0.558001 0.090772 0.012157
-0.524985 0.137107 -0.130510
-0.550247 0.248797 -0.075941
-0.501693 0.220561 0.101976
-0.415142 0.180530 0.145553
-0.349677 0.123763 0.260242
-0.240758 0.107470 0.244365
-0.151911 0.042372 0.205729
-0.059038 0.018597 0.140613
0.011289 -0.074037 0.084656
0.065181 -0.073189 -0.066282
0.023278 -0.094900 -0.228156
-0.049583 -0.006174 -0.266015
-0.122564 0.047201 -0.378983
-0.175681 0.121809 -0.489897
-0.248244 0.106954 -0.638115
-0.309265 0.066849 -0.738592
-0.360384 -0.017122 -0.800044
-0.392326 -0.111525 -0.906795
-0.490031 -0.078534 -0.891862
-0.566322 -0.014579 -0.883369
