-0.106197 0.158693 0.519640
-0.112625 0.132049 0.489795
-0.125182 0.097723 0.472260
-0.117154 0.065043 0.450109
-0.127354 0.034954 0.424750
-0.127411 -0.004488 0.418987
-0.120397 -0.041676 0.405981
-0.131868 -0.075963 0.385542
-0.121611 -0.098773 0.424662
-0.158453 -0.082776 0.452896
-0.200894 -0.097309 0.446756
-0.203766 -0.106052 0.495152
-0.203009 -0.062181 0.508985
-0.203423 -0.024552 0.523675
-0.184738 0.013309 0.522282
-0.195052 0.021366 0.569444
-0.181995 -0.016237 0.592336
-0.165738 -0.052194 0.573450
-0.197294 -0.080962 0.572318
-0.228736 -0.105612 0.559138
-0.267750 -0.123591 0.553157
-0.317648 -0.135106 0.566105
-0.361390 -0.141220 0.580955
-0.362104 -0.107982 0.615677
-0.329719 -0.074473 0.608884
-0.311063 -0.081196 0.564160
-0.331333 -0.073774 0.526593
-0.331191 -0.062492 0.483045
-0.330691 -0.027065 0.451749
-0.337333 -0.005796 0.411990
-0.333362 0.025563 0.377108
-0.326848 0.044526 0.337916
-0.280935 0.043049 0.341588
-0.260893 0.008970 0.367078
-0.269907 0.004462 0.414472
-0.266264 -0.014048 0.459646
-0.291020 -0.015421 0.505502
-0.314434 -0.017648 0.544361
-0.344419 -0.005136 0.573436
-0.315562 0.012208 0.601335
-0.304620 0.041106 0.568791
-0.343447 0.056870 0.559094
-0.353476 0.067349 0.602656
-0.314405 0.096104 0.598955
-0.327791 0.127761 0.571694
-0.335948 0.167682 0.561359
-0.345904 0.150494 0.513093
-0.355990 0.140533 0.469110
-0.308134 0.123254 0.458964
-0.266764 0.112399 0.452722
-0.222194 0.112606 0.465133
-0.205737 0.113772 0.418435
-0.239279 0.140067 0.392161
-0.281878 0.154328 0.400435
-0.319948 0.136854 0.393990
-0.362061 0.127580 0.402700
-0.399917 0.111208 0.422311
-0.443330 0.101791 0.410335
-0.447887 0.071779 0.441994
-0.448887 0.050588 0.480955
-0.435202 0.020666 0.508027
-0.475401 0.000395 0.503077
-0.467930 -0.005486 0.454623
-0.430345 -0.028231 0.452939
-0.408131 -0.063528 0.449412
-0.380261 -0.094874 0.451546
-0.347776 -0.121492 0.439149
-0.344033 -0.159885 0.427856
-0.302863 -0.158952 0.412455
-0.286649 -0.154483 0.455668
-0.303106 -0.186918 0.475526
-0.281278 -0.214041 0.450428
-0.238908 -0.200052 0.469371
-0.248479 -0.211982 0.513616
-0.287520 -0.235012 0.526941
-0.330633 -0.228639 0.526158
-0.374118 -0.226100 0.520380
-0.408131 -0.214015 0.498984
-0.448859 -0.202850 0.499390
-0.488772 -0.200803 0.485020
-0.510243 -0.171024 0.465089
-0.523042 -0.135300 0.450327
-0.546156 -0.112581 0.422195
-0.547684 -0.082633 0.389955
-0.571198 -0.052038 0.374336
-0.577712 -0.027311 0.339875
-0.599583 0.001820 0.316621
-0.604183 -0.022830 0.274220
-0.609854 -0.070134 0.284149
-0.601826 -0.108371 0.269299
-0.569212 -0.101843 0.239933
-0.542227 -0.084913 0.269517
-0.538999 -0.117762 0.295761
-0.521757 -0.141258 0.262955
-0.486443 -0.118953 0.255436
-0.470887 -0.121130 0.297532
-0.464558 -0.161620 0.300726
-0.435830 -0.164781 0.266062
-0.407288 -0.137606 0.280824
-0.398603 -0.156439 0.319640
-0.386132 -0.191529 0.302177
-0.350961 -0.177125 0.280970
-0.330476 -0.166348 0.320061
-0.329333 -0.202785 0.338932
-0.307377 -0.222357 0.307258
-0.272321 -0.197487 0.308289
-0.257536 -0.202539 0.349760
-0.238179 -0.238354 0.348411
-0.197709 -0.224365 0.335012
-0.187266 -0.213212 0.380157
-0.174166 -0.242810 0.407127
-0.130468 -0.236152 0.405008
-0.132896 -0.202008 0.430832
-0.143967 -0.217072 0.470054
-0.106968 -0.241903 0.475352
-0.069469 -0.219183 0.473000
-0.069427 -0.209935 0.520032
-0.065398 -0.253457 0.540441
-0.039056 -0.282057 0.508434
-0.007014 -0.309427 0.493889
-0.010200 -0.339361 0.461286
-0.018799 -0.340734 0.407839
-0.022099 -0.339879 0.362084
-0.069855 -0.340138 0.357991
-0.081741 -0.298378 0.367281
-0.085412 -0.277018 0.330222
-0.107254 -0.258042 0.298955
-0.122939 -0.252511 0.257207
-0.113654 -0.211904 0.260676
-0.093255 -0.176076 0.259660
-0.091012 -0.137269 0.268500
-0.121268 -0.127140 0.237030
-0.154524 -0.147165 0.257410
-0.154538 -0.131712 0.297736
-0.162795 -0.093669 0.286050
-0.202194 -0.101493 0.266004
-0.220879 -0.118099 0.302569
-0.219722 -0.084952 0.326622
-0.245879 -0.064240 0.299477
-0.281349 -0.087607 0.306227
-0.285120 -0.086157 0.351139
-0.294663 -0.043917 0.349252
-0.338419 -0.040899 0.334374
-0.381518 -0.025602 0.336043
-0.422431 -0.032752 0.317143
-0.443387 0.000797 0.331674
-0.415588 0.025964 0.305066
-0.398289 0.042168 0.268384
-0.356004 0.039500 0.282799
-0.360618 -0.002260 0.280578
-0.368390 -0.006133 0.236217
-0.330619 0.010939 0.222950
-0.307206 -0.019008 0.242096
-0.322205 -0.051313 0.222108
-0.309591 -0.040951 0.180244
-0.266664 -0.036417 0.189461
-0.261750 -0.074745 0.204573
-0.274721 -0.094809 0.168196
-0.243679 -0.080665 0.142357
-0.207880 -0.091687 0.167281
-0.218022 -0.131751 0.161925
-0.215580 -0.134018 0.117463
-0.174038 -0.120767 0.112237
-0.157210 -0.150144 0.137364
-0.171038 -0.181672 0.114690
-0.147967 -0.173615 0.078516
-0.109025 -0.175661 0.098926
-0.111754 -0.214067 0.110727
-0.118225 -0.230297 0.070518
-0.080598 -0.217499 0.053259
-0.053527 -0.236009 0.082566
-0.065284 -0.273780 0.069575
-0.051527 -0.266902 0.023879
-0.006228 -0.260128 0.030643
0.040285 -0.261060 0.026709
0.080012 -0.249532 0.042241
0.103983 -0.265166 0.007534
0.080083 -0.236773 -0.023951
0.077583 -0.197202 -0.019350
0.112340 -0.189197 -0.046872
0.096811 -0.207642 -0.083887
0.060327 -0.183938 -0.086805
0.080169 -0.149561 -0.091842
0.104883 -0.158680 -0.128175
0.068269 -0.165843 -0.152954
0.048099 -0.129730 -0.150472
0.082426 -0.110210 -0.169357
0.085155 -0.130313 -0.208448
0.043942 -0.123655 -0.223763
0.055884 -0.080911 -0.229961
0.100211 -0.069486 -0.231035
0.123496 -0.073566 -0.186892
0.158453 -0.063269 -0.148701
0.192580 -0.075419 -0.116374
0.237236 -0.076222 -0.096269
0.238636 -0.058437 -0.051619
0.249936 -0.025407 -0.029816
0.284406 -0.011081 -0.053752
0.263464 -0.011586 -0.094774
0.230322 0.013400 -0.083016
0.252893 0.044992 -0.070068
0.273606 0.050756 -0.108956
0.237522 0.054435 -0.134258
0.221965 0.087180 -0.111845
0.256678 0.110754 -0.118958
0.252821 0.108112 -0.165089
0.212680 0.125987 -0.165699
0.224136 0.160338 -0.145856
0.256164 0.172501 -0.174118
0.223451 0.175610 -0.210292
0.184338 0.197992 -0.182465
0.187709 0.231411 -0.155639
0.179695 0.255749 -0.190536
0.160567 0.236864 -0.230759
0.168995 0.210790 -0.261446
0.163367 0.187565 -0.303934
0.169567 0.145468 -0.316055
0.174352 0.107555 -0.329003
0.187552 0.070717 -0.322863
0.228322 0.076960 -0.339324
0.241764 0.102969 -0.307171
0.234108 0.082180 -0.270126
0.259635 0.050912 -0.280070
0.297491 0.072064 -0.282857
0.300334 0.087776 -0.242386
0.300191 0.051818 -0.220714
0.333633 0.032661 -0.238554
0.366718 0.058308 -0.229932
0.358704 0.054279 -0.181754
0.356518 0.011716 -0.175468
0.393003 -0.007597 -0.189578
0.419259 0.000525 -0.153375
0.388417 -0.020822 -0.124154
0.367589 -0.048412 -0.161533
0.368689 -0.077323 -0.194048
0.321705 -0.077090 -0.196095
0.312762 -0.050173 -0.227783
0.276135 -0.039021 -0.263522
0.241422 -0.032557 -0.288924
0.216265 -0.057971 -0.263609
0.218865 -0.043114 -0.221629
0.206137 -0.005745 -0.235738
0.167638 -0.016418 -0.252649
0.152067 -0.027130 -0.210248
0.154210 0.010175 -0.193134
0.128239 0.026741 -0.223893
0.093683 0.002688 -0.213645
0.087140 0.017389 -0.172159
0.079826 0.055406 -0.185687
0.044942 0.044837 -0.211729
0.019442 0.032389 -0.178328
0.024128 0.066740 -0.153651
0.027299 0.103138 -0.173073
0.063712 0.126919 -0.179373
0.048384 0.142463 -0.223719
0.049470 0.161983 -0.264363
0.037470 0.158486 -0.313209
0.050327 0.165921 -0.358281
0.042570 0.166957 -0.401611
0.056770 0.160947 -0.450602
0.066912 0.156077 -0.494194
0.104240 0.132088 -0.498737
0.113797 0.125909 -0.446306
0.116311 0.124083 -0.402323
0.105826 0.132256 -0.360909
0.105640 0.151530 -0.318217
0.119939 0.158175 -0.270039
0.106068 0.174599 -0.225867
0.096769 0.185441 -0.183466
0.073469 0.200130 -0.150240
0.075512 0.218795 -0.111003
0.071669 0.185972 -0.084091
0.115325 0.170610 -0.100711
0.150453 0.194612 -0.084352
0.160495 0.158693 -0.052519
0.164881 0.125482 -0.029961
0.124754 0.124653 -0.010698
0.101526 0.121920 -0.049499
0.121768 0.091286 -0.069270
0.116497 0.065315 -0.034751
0.072755 0.065782 -0.033082
0.065741 0.052919 -0.076296
0.088012 0.019267 -0.071738
0.064084 0.003944 -0.037175
0.025742 0.005809 -0.057730
0.035499 -0.020628 -0.089868
0.041170 -0.051728 -0.061954
0.000529 -0.051715 -0.045101
-0.019871 -0.058398 -0.083321
-0.000971 -0.093812 -0.092336
-0.020514 -0.111246 -0.055973
-0.062470 -0.104874 -0.067325
-0.059913 -0.123850 -0.107026
-0.049584 -0.161154 -0.082973
-0.052556 -0.167540 -0.037175
-0.023842 -0.146647 -0.004427
-0.007971 -0.144030 0.043548
0.022971 -0.115909 0.065568
0.046813 -0.094446 0.098534
0.078669 -0.068359 0.112251
0.110054 -0.097698 0.113819
0.108240 -0.105495 0.070025
0.118068 -0.067867 0.057091
0.157467 -0.066144 0.074394
0.172566 -0.097594 0.050327
0.162610 -0.084097 0.007156
0.178195 -0.041417 0.010321
0.215151 -0.046223 0.045623
0.226251 -0.074512 0.078647
0.196823 -0.062103 0.119350
0.172081 -0.035523 0.154362
0.161153 0.003892 0.142256
0.122639 -0.003258 0.115808
0.085669 -0.007649 0.138090
0.070541 0.030368 0.128335
0.069727 0.026521 0.084265
0.041884 -0.005499 0.082712
0.009028 0.011729 0.103411
0.003771 0.042039 0.073683
-0.008771 0.016340 0.041254
-0.042627 -0.003089 0.059878
-0.066670 0.031508 0.067586
-0.069098 0.042324 0.022616
-0.090755 0.005032 0.010655
-0.131082 0.012687 0.029990
-0.180352 0.005576 0.022717
-0.218422 -0.012079 0.017390
-0.201266 -0.040264 -0.012614
-0.176524 -0.066442 0.011047
-0.209337 -0.092646 0.015822
-0.215951 -0.102568 -0.026767
-0.174681 -0.114860 -0.032312
-0.175909 -0.144587 -0.001931
-0.204594 -0.167216 -0.025156
-0.176066 -0.172345 -0.059631
-0.144067 -0.189819 -0.036304
-0.168738 -0.220453 -0.023893
-0.178109 -0.234805 -0.063551
-0.134768 -0.241501 -0.073015
-0.127382 -0.267329 -0.038859
-0.157638 -0.294660 -0.051633
-0.139839 -0.302950 -0.091523
-0.100711 -0.317755 -0.073262
-0.125211 -0.348583 -0.044840
-0.171767 -0.355992 -0.040993
-0.189209 -0.355021 0.000087
-0.191037 -0.377857 0.038583
-0.226165 -0.348272 0.056380
-0.249250 -0.319206 0.038641
-0.244364 -0.279363 0.032124
-0.281692 -0.273482 0.010335
-0.306291 -0.265399 0.046828
-0.291520 -0.225491 0.049122
-0.307706 -0.200894 0.017738
-0.340647 -0.183096 0.039469
-0.314634 -0.169004 0.072609
-0.288349 -0.146725 0.045086
-0.320791 -0.123992 0.027508
-0.333648 -0.108889 0.066526
-0.294877 -0.092711 0.078400
-0.290235 -0.068243 0.042024
-0.329062 -0.045847 0.050225
-0.313720 -0.021767 0.080825
-0.298306 0.012739 0.097736
-0.266792 0.038360 0.117376
-0.283978 0.074045 0.129322
-0.307120 0.104498 0.150269
-0.344433 0.103449 0.118813
-0.371132 0.073307 0.128495
-0.405203 0.055121 0.147046
-0.426159 0.027648 0.169284
-0.447359 -0.006664 0.175308
-0.474086 -0.037220 0.181042
-0.482615 -0.075056 0.191682
-0.467930 -0.090120 0.152939
-0.426088 -0.077245 0.158238
-0.418517 -0.097620 0.196255
-0.424259 -0.133603 0.180287
-0.397232 -0.133033 0.145696
-0.360690 -0.125002 0.170300
-0.363604 -0.157709 0.199695
-0.364575 -0.185842 0.168036
-0.325891 -0.176063 0.149252
-0.299449 -0.180558 0.185368
-0.308363 -0.217810 0.192350
-0.296120 -0.233704 0.153535
-0.253950 -0.219676 0.155378
-0.241865 -0.237369 0.194644
-0.250550 -0.274337 0.182683
-0.221979 -0.274894 0.147511
-0.186123 -0.270581 0.174089
-0.190295 -0.302821 0.200247
-0.191623 -0.329076 0.167601
-0.151624 -0.320553 0.151401
-0.127682 -0.327237 0.188561
-0.141110 -0.366212 0.194571
-0.142510 -0.383479 0.148672
-0.106440 -0.359179 0.121788
-0.066284 -0.354024 0.141980
-0.021199 -0.365370 0.144027
-0.017957 -0.367508 0.193874
-0.032356 -0.407118 0.207040
0.004500 -0.429241 0.178487
0.032228 -0.457984 0.162215
0.041299 -0.459163 0.119567
0.071912 -0.470484 0.092423
0.093283 -0.461002 0.057715
0.121739 -0.467232 0.028016
0.151253 -0.446054 0.009203
0.165238 -0.437169 -0.032516
0.199937 -0.466520 -0.027435
0.185952 -0.503695 -0.036841
0.201766 -0.505793 -0.079692
0.250721 -0.506221 -0.064189
0.265021 -0.540650 -0.041733
0.303763 -0.561089 -0.062273
0.334305 -0.550572 -0.020656
0.362161 -0.537515 0.013006
0.385960 -0.514005 0.041559
0.421117 -0.496415 0.059631
0.405917 -0.485276 0.098955
0.397160 -0.522088 0.113224
0.438087 -0.538486 0.106605
0.463001 -0.506674 0.131558
0.430702 -0.494019 0.169531
0.386517 -0.500599 0.176818
0.374775 -0.463515 0.144578
0.349047 -0.430329 0.123095
0.332648 -0.393815 0.111293
0.291406 -0.411496 0.095674
0.264764 -0.440588 0.107679
0.231550 -0.440808 0.077791
0.256264 -0.423089 0.043156
0.275978 -0.453165 0.021890
0.286763 -0.476817 -0.015140
0.297563 -0.509731 0.018000
0.306491 -0.537152 0.051096
0.310805 -0.556634 0.095631
0.298049 -0.598808 0.076136
0.280235 -0.631709 0.059530
0.238436 -0.619170 0.063565
0.241679 -0.589651 0.034272
0.253493 -0.611580 -0.000552
0.216708 -0.635504 0.001176
0.186138 -0.608717 -0.005008
0.202337 -0.598834 -0.046944
0.200151 -0.635595 -0.065452
0.155296 -0.638146 -0.058122
0.142367 -0.605505 -0.082145
0.157395 -0.613730 -0.123951
0.131068 -0.647395 -0.131369
0.088326 -0.627719 -0.138917
0.093883 -0.610026 -0.185862
0.080598 -0.647473 -0.214472
0.048956 -0.651514 -0.252025
0.048141 -0.682808 -0.290550
0.037856 -0.704634 -0.327275
0.034685 -0.732522 -0.362912
0.032842 -0.743324 -0.414937
0.054441 -0.763894 -0.450849
0.084512 -0.801613 -0.467978
0.100240 -0.840653 -0.476963
0.125754 -0.878139 -0.469342
0.142553 -0.913306 -0.435070
0.144267 -0.940857 -0.399855
0.136168 -0.973434 -0.363914
0.133096 -0.980635 -0.316171
0.132196 -0.997694 -0.269357
0.107811 -1.000000 -0.221106
0.094026 -0.987410 -0.177065
0.065484 -0.983265 -0.130469
0.036099 -0.974548 -0.089752
0.039699 -0.980169 -0.034809
0.014671 -0.974871 0.014022
0.020142 -0.967125 0.059370
0.009028 -0.966154 0.113209
-0.003329 -0.949147 0.157947
-0.008943 -0.947605 0.209319
0.001700 -0.936569 0.261547
-0.020442 -0.932813 0.311235
-0.026442 -0.908954 0.351706
-0.051299 -0.888656 0.394803
-0.098340 -0.884952 0.421121
-0.134825 -0.882154 0.453607
-0.176681 -0.855847 0.473131
-0.224951 -0.839099 0.486602
-0.267792 -0.814475 0.499492
-0.313491 -0.791017 0.483524
-0.366832 -0.793750 0.472521
-0.414260 -0.779774 0.471389
-0.457758 -0.760785 0.444549
-0.502229 -0.763738 0.411192
-0.544627 -0.753208 0.388416
-0.579283 -0.749386 0.343853
-0.609483 -0.740786 0.304427
-0.630196 -0.726706 0.254638
-0.660681 -0.718222 0.213587
-0.667038 -0.701577 0.161170
-0.659081 -0.678197 0.120017
-0.635010 -0.665192 0.072507
-0.618840 -0.675373 0.020584
-0.592855 -0.672057 -0.020627
-0.553113 -0.690127 -0.053259
-0.520128 -0.702380 -0.083147
-0.465372 -0.710256 -0.090637
-0.417945 -0.712548 -0.100261
-0.374932 -0.711240 -0.119190
-0.328648 -0.690114 -0.133474
-0.279592 -0.694492 -0.152039
-0.261150 -0.673767 -0.198723
-0.238707 -0.673184 -0.247177
-0.230308 -0.672821 -0.297286
-0.241236 -0.665607 -0.347133
-0.251564 -0.670153 -0.397039
-0.283335 -0.678236 -0.440398
-0.314048 -0.685347 -0.475875
-0.343462 -0.677290 -0.521208
-0.376632 -0.665568 -0.556685
-0.408317 -0.648340 -0.590245
-0.437245 -0.617214 -0.613659
-0.469387 -0.597202 -0.638859
-0.504214 -0.560299 -0.630599
-0.520814 -0.514588 -0.643069
-0.541870 -0.488669 -0.670954
-0.564370 -0.443891 -0.678270
-0.584326 -0.402584 -0.670867
-0.593512 -0.357650 -0.674583
-0.586826 -0.315346 -0.654725
-0.564870 -0.281228 -0.647017
-0.546756 -0.244558 -0.660981
-0.537513 -0.205078 -0.641356
-0.541827 -0.164638 -0.628277
-0.539185 -0.130197 -0.594368
-0.539127 -0.086558 -0.604631
-0.567884 -0.059655 -0.582726
-0.595097 -0.029449 -0.579924
-0.620268 0.002506 -0.594934
-0.644567 0.029423 -0.612063
-0.694766 0.046935 -0.616345
-0.732293 0.074460 -0.603876
-0.773278 0.093177 -0.598650
-0.799263 0.133616 -0.582755
-0.822905 0.168369 -0.578850
-0.846747 0.204443 -0.566091
-0.866961 0.238302 -0.579010
-0.869461 0.269726 -0.605821
-0.896146 0.259506 -0.643156
-0.927102 0.226916 -0.656786
-0.955116 0.191904 -0.642865
-0.975858 0.156621 -0.619858
-0.990629 0.115728 -0.593061
-0.989872 0.072945 -0.574670
-0.998200 0.036223 -0.547162
-1.000000 -0.010162 -0.530280
-0.999786 -0.057090 -0.515837
-0.997172 -0.103306 -0.501510
-0.989257 -0.149199 -0.494368
-0.986915 -0.193135 -0.476150
-0.978044 -0.242032 -0.480999
-0.954401 -0.285658 -0.494542
-0.947902 -0.333273 -0.488257
-0.917760 -0.371963 -0.502976
-0.888475 -0.410654 -0.517869
-0.858747 -0.444241 -0.537596
-0.821219 -0.469706 -0.555189
-0.793577 -0.506415 -0.573508
-0.754521 -0.526272 -0.607940
-0.719479 -0.539043 -0.645377
-0.687380 -0.557657 -0.683350
-0.651039 -0.563732 -0.725911
-0.613183 -0.556815 -0.761301
-0.586840 -0.562721 -0.807418
-0.548327 -0.549691 -0.844607
-0.512400 -0.540663 -0.878008
-0.478529 -0.521207 -0.912919
-0.442402 -0.495716 -0.931833
-0.398617 -0.479019 -0.959428
-0.357647 -0.455147 -0.977616
-0.325591 -0.415874 -0.989432
-0.294449 -0.387041 -0.972391
-0.251964 -0.358933 -0.959835
-0.207551 -0.368881 -0.934722
-0.157681 -0.364787 -0.935215
-0.124254 -0.393569 -0.909972
-0.094854 -0.429695 -0.895544
-0.075184 -0.470613 -0.892931
-0.035956 -0.496856 -0.916258
-0.001786 -0.516764 -0.936667
0.045370 -0.540740 -0.938961
0.083283 -0.552696 -0.957918
0.134882 -0.539549 -0.957817
0.177595 -0.529186 -0.958601
0.218479 -0.511208 -0.927696
0.249293 -0.500936 -0.893410
0.283978 -0.497996 -0.866860
0.322819 -0.481921 -0.837320
0.335762 -0.486286 -0.791392
0.351190 -0.515327 -0.756859
0.388775 -0.520106 -0.728582
0.430759 -0.532748 -0.717085
0.480429 -0.525119 -0.717434
0.529413 -0.516065 -0.714545
0.569269 -0.487478 -0.724822
0.602611 -0.456443 -0.736595
0.632496 -0.423089 -0.761199
0.649110 -0.402662 -0.801742
0.659453 -0.361148 -0.831558
0.662467 -0.324750 -0.862230
0.654938 -0.289116 -0.897953
0.638496 -0.263716 -0.935651
0.622839 -0.226333 -0.969241
0.612097 -0.179146 -0.984599
0.583412 -0.144963 -1.000000
0.563841 -0.103306 -0.982624
0.562470 -0.054862 -0.970721
0.572984 -0.008180 -0.958397
0.569184 0.029811 -0.925664
0.588297 0.041767 -0.876020
0.608425 0.043062 -0.831645
0.629953 0.016690 -0.789911
0.655481 -0.000136 -0.750733
0.663224 -0.034435 -0.717506
0.684823 -0.059499 -0.672841
0.704437 -0.081481 -0.632791
0.733036 -0.094524 -0.593003
0.768549 -0.101856 -0.560705
0.801720 -0.081623 -0.524604
0.845719 -0.074577 -0.505429
0.885932 -0.039358 -0.501277
0.916388 -0.003128 -0.499710
0.954858 0.022402 -0.509087
0.966715 0.067945 -0.528030
0.992386 0.100521 -0.545043
0.989500 0.145533 -0.569429
1.000000 0.185532 -0.583553
0.989300 0.229934 -0.605908
0.975786 0.277679 -0.599811
0.955787 0.321149 -0.595544
0.931830 0.360008 -0.601960
0.898231 0.398284 -0.585441
0.862190 0.428607 -0.571767
0.834119 0.468476 -0.562447
0.791763 0.493397 -0.543649
0.760207 0.516181 -0.507389
0.729351 0.531064 -0.472260
0.708565 0.537126 -0.421875
0.708623 0.537839 -0.366497
0.703123 0.526958 -0.316417
0.726965 0.507723 -0.272057
0.763092 0.491571 -0.236522
0.791220 0.450795 -0.229496
0.823591 0.421288 -0.224750
0.843919 0.374735 -0.223356
0.862104 0.332353 -0.215387
0.879503 0.295424 -0.195108
0.879603 0.253573 -0.165307
0.883932 0.213199 -0.146509
0.867475 0.187345 -0.109755
0.858918 0.168719 -0.062026
0.832605 0.168084 -0.013471
0.807748 0.173848 0.028103
0.769821 0.192422 0.054725
0.745222 0.211593 0.092089
0.716651 0.251073 0.107418
0.686352 0.289777 0.116563
0.670224 0.327042 0.133198
0.642982 0.369554 0.121527
0.626839 0.409915 0.126462
0.627525 0.453347 0.112397
0.603497 0.497361 0.113645
0.584626 0.536116 0.111192
0.546156 0.572345 0.110756
0.515571 0.606451 0.106155
0.464458 0.625090 0.099913
0.424888 0.645128 0.104195
0.391574 0.668443 0.079068
0.348819 0.669052 0.047133
0.317019 0.686681 0.019306
0.294920 0.698144 -0.029453
0.276878 0.709388 -0.073102
0.271821 0.726680 -0.118043
0.299091 0.738778 -0.156801
0.305406 0.750526 -0.210219
0.326434 0.766834 -0.247104
0.349033 0.766704 -0.298316
0.375646 0.760707 -0.341312
0.405988 0.740850 -0.372231
0.420231 0.707095 -0.409377
0.420002 0.683611 -0.457918
0.427602 0.666824 -0.509377
0.412160 0.634403 -0.547525
0.395517 0.618574 -0.588707
0.353247 0.601788 -0.621542
0.314048 0.597889 -0.649427
0.261035 0.588394 -0.659370
0.222236 0.595803 -0.696371
0.167438 0.601140 -0.698737
0.113854 0.608393 -0.705922
0.066198 0.614987 -0.682044
0.034185 0.652472 -0.667978
0.000186 0.689647 -0.665612
-0.034442 0.708908 -0.629511
-0.043485 0.749736 -0.598810
-0.048799 0.779515 -0.559835
-0.059341 0.824371 -0.546683
-0.057270 0.855095 -0.501640
-0.061227 0.881481 -0.461170
-0.036956 0.904731 -0.419234
-0.028271 0.933577 -0.377733
-0.040327 0.944626 -0.330846
-0.040185 0.962825 -0.279155
-0.054184 0.968757 -0.233125
-0.089183 0.975713 -0.197765
-0.128296 0.985415 -0.169284
-0.173581 0.998355 -0.159181
-0.222808 1.000000 -0.133967
-0.267164 0.986917 -0.119074
-0.295063 0.982630 -0.073741
-0.320662 0.986853 -0.032675
-0.327519 0.973149 0.021527
-0.318934 0.952320 0.066192
-0.314191 0.941543 0.116940
-0.299620 0.904498 0.150370
-0.299820 0.885340 0.191755
-0.304148 0.839655 0.212498
-0.317677 0.803750 0.233416
-0.348990 0.764930 0.238743
-0.377932 0.729801 0.230179
-0.411145 0.703779 0.210524
-0.450601 0.693689 0.180244
-0.480929 0.691668 0.135491
-0.513285 0.684997 0.095761
-0.524542 0.694220 0.048744
-0.537299 0.688274 -0.004761
-0.553227 0.688391 -0.050007
-0.552056 0.690049 -0.102584
-0.550156 0.677290 -0.153331
-0.524914 0.678909 -0.196995
-0.479172 0.665671 -0.223763
-0.437716 0.651164 -0.237074
-0.406417 0.613678 -0.222151
-0.370204 0.592811 -0.209871
-0.330119 0.579949 -0.199869
-0.295063 0.556595 -0.203847
-0.269849 0.525611 -0.193003
-0.241550 0.502387 -0.173842
-0.210380 0.475043 -0.173654
-0.191723 0.440743 -0.166526
-0.158467 0.417571 -0.156017
-0.124868 0.391406 -0.161475
-0.097154 0.363518 -0.148991
-0.072069 0.389994 -0.124387
-0.103840 0.397882 -0.094571
-0.109954 0.360254 -0.080883
-0.067627 0.354295 -0.068646
-0.065898 0.383090 -0.038119
-0.100026 0.371795 -0.012426
-0.083112 0.336615 -0.002308
-0.046813 0.352249 0.018914
-0.067798 0.372274 0.051052
-0.089097 0.340837 0.069662
-0.054027 0.319892 0.079489
-0.037713 0.346368 0.108579
-0.071998 0.347974 0.137059
-0.067941 0.306823 0.147031
-0.022499 0.306629 0.162084
-0.010843 0.332172 0.197561
-0.021271 0.294932 0.229046
0.007728 0.260218 0.226651
0.045070 0.277510 0.257425
0.033085 0.260374 0.304239
0.053027 0.239079 0.336725
0.073098 0.229196 0.373828
0.101768 0.210816 0.399608
0.117982 0.189651 0.431964
0.136467 0.188809 0.471171
0.162995 0.198174 0.503905
0.181209 0.198472 0.543882
0.184352 0.212836 0.584163
0.205066 0.219365 0.622529
0.212051 0.216243 0.666497
0.203223 0.228561 0.709218
0.201580 0.226942 0.755204
0.190323 0.227331 0.799855
0.183066 0.249001 0.842894
0.167609 0.232097 0.885586
0.155610 0.221023 0.928350
0.129782 0.189430 0.961257
0.123182 0.143810 0.980287
0.121368 0.105379 0.997837
0.147553 0.062077 0.997082
0.161810 0.019941 1.000000
0.195494 -0.013309 0.976049
0.218008 -0.051145 0.960212
0.244807 -0.080302 0.923356
0.262535 -0.105029 0.883408
0.280235 -0.117244 0.843490
0.284949 -0.121674 0.790695
0.300091 -0.125818 0.743069
0.281878 -0.120858 0.691087
0.279092 -0.098099 0.653114
0.272835 -0.073709 0.619625
0.252121 -0.062492 0.575657
0.230479 -0.043399 0.544056
0.190795 -0.029721 0.518217
0.172295 -0.009281 0.484381
0.143510 0.021314 0.471346
0.138553 0.011379 0.419117
0.105197 -0.002027 0.389099
0.060413 0.012765 0.373712
0.035199 0.006237 0.331441
-0.001657 -0.008724 0.307214
0.026185 -0.029021 0.269647
0.039985 -0.067608 0.286428
0.045827 -0.110236 0.264233
0.070427 -0.142424 0.262346
0.088026 -0.180260 0.242793
0.114997 -0.208225 0.256423
0.128511 -0.246812 0.250690
0.141624 -0.281383 0.270867
0.180623 -0.303222 0.269821
0.177395 -0.341641 0.296719
0.191580 -0.380797 0.302787
0.178566 -0.417869 0.324532
0.172781 -0.457129 0.340354
0.158967 -0.489770 0.361852
0.134996 -0.507827 0.402642
0.105926 -0.526544 0.429279
0.070841 -0.541362 0.452344
0.040127 -0.562048 0.486660
0.008085 -0.572734 0.516708
-0.026071 -0.554211 0.551343
-0.065455 -0.548123 0.582392
-0.083783 -0.512840 0.615938
-0.104354 -0.487685 0.653999
-0.088855 -0.456080 0.686341
-0.093712 -0.422260 0.720816
-0.071898 -0.395512 0.755422
-0.035085 -0.371264 0.777384
0.001214 -0.363505 0.805458
0.050284 -0.343026 0.811163
0.093154 -0.330864 0.827421
0.147667 -0.332703 0.823908
0.193452 -0.337936 0.829104
0.242836 -0.351187 0.812730
0.292692 -0.359477 0.808434
0.330276 -0.381393 0.777936
0.377675 -0.382235 0.764451
0.407403 -0.404242 0.734867
0.450773 -0.404074 0.701205
0.480058 -0.404074 0.663972
0.519528 -0.396691 0.633532
0.535642 -0.402830 0.586907
0.557827 -0.372585 0.552359
0.595440 -0.345203 0.533328
0.621496 -0.348467 0.485165
0.610283 -0.309595 0.454972
0.615911 -0.274324 0.421585
0.604926 -0.253768 0.379445
0.558870 -0.239481 0.357802
0.526999 -0.212461 0.337988
0.491086 -0.204547 0.310219
0.444802 -0.227473 0.302526
0.403088 -0.211593 0.276644
0.372961 -0.187254 0.258180
0.345390 -0.173395 0.223748
0.364275 -0.143409 0.198403
0.368189 -0.124135 0.161620
0.395432 -0.104355 0.133343
0.405817 -0.066403 0.120903
0.431273 -0.057764 0.085034
0.441359 -0.038049 0.044201
0.409717 -0.067608 0.017695
0.379203 -0.087905 -0.005981
0.352061 -0.120624 -0.006895
0.329191 -0.145740 -0.031703
0.302148 -0.175791 -0.036624
0.294777 -0.213329 -0.053593
0.271235 -0.196788 -0.091610
0.277192 -0.163175 -0.117376
0.260907 -0.165195 -0.158325
0.229308 -0.179508 -0.187705
0.245493 -0.201464 -0.224416
0.219694 -0.220919 -0.263275
0.216351 -0.243250 -0.300305
0.196009 -0.266565 -0.333532
0.194452 -0.311123 -0.346567
0.170195 -0.334646 -0.375642
0.175995 -0.378984 -0.387197
0.165038 -0.416522 -0.412774
0.192023 -0.449888 -0.422340
0.204051 -0.497141 -0.420105
0.217765 -0.539704 -0.422935
0.260793 -0.567359 -0.412658
0.287777 -0.606010 -0.402308
0.335962 -0.613199 -0.381231
0.374646 -0.630971 -0.372391
0.415817 -0.646786 -0.348831
0.461958 -0.643872 -0.320874
0.507485 -0.641644 -0.298606
0.554256 -0.633237 -0.282523
0.602854 -0.613678 -0.292611
0.640382 -0.582669 -0.288228
0.689666 -0.564742 -0.288997
0.717279 -0.525598 -0.301437
0.733122 -0.478346 -0.309929
0.756264 -0.443852 -0.322993
0.775464 -0.397416 -0.323022
0.785406 -0.354244 -0.301263
0.817848 -0.321356 -0.279286
0.820262 -0.283832 -0.245914
0.846590 -0.261008 -0.214197
0.851190 -0.242602 -0.163797
0.857075 -0.246644 -0.108289
0.859775 -0.253081 -0.058020
0.859090 -0.257110 -0.003266
0.871975 -0.249636 0.046059
0.876146 -0.225854 0.092379
0.881546 -0.223095 0.143925
0.879661 -0.189728 0.176223
0.874332 -0.168278 0.226593
0.857133 -0.133150 0.247162
0.828033 -0.105936 0.279997
0.801377 -0.102840 0.327464
0.779721 -0.093397 0.370054
0.738893 -0.078877 0.399419
0.702251 -0.076261 0.435680
0.672581 -0.061235 0.465859
0.629339 -0.037441 0.482421
0.596711 -0.028542 0.517405
0.584740 0.010770 0.527754
0.548041 0.044733 0.539672
0.532199 0.080107 0.557120
0.514942 0.124160 0.545043
0.498429 0.166335 0.549586
0.486272 0.203886 0.518203
0.488100 0.247382 0.520859
0.479543 0.280826 0.488924
0.470772 0.322069 0.494266
0.452487 0.358609 0.466918
0.439030 0.399203 0.468631
0.421074 0.432609 0.434403
0.402231 0.464706 0.414864
0.360647 0.487555 0.398374
0.334333 0.523072 0.394005
0.296292 0.536025 0.365597
0.260364 0.563291 0.356394
0.212694 0.560701 0.340049
0.172009 0.574133 0.327725
0.147810 0.554276 0.295761
0.100783 0.534743 0.295892
0.051756 0.537100 0.296661
0.019128 0.506506 0.270489
-0.013114 0.479227 0.260488
-0.034913 0.440355 0.271883
-0.073398 0.422648 0.276499
-0.107440 0.399566 0.269038
-0.142796 0.385784 0.248469
-0.184595 0.373906 0.247612
-0.213808 0.350720 0.227871
-0.225036 0.376419 0.195195
-0.185723 0.373958 0.173929
-0.186709 0.333610 0.168065
-0.224922 0.337042 0.142865
-0.211823 0.361471 0.111134
-0.179995 0.336822 0.096081
-0.209237 0.308131 0.082871
-0.231136 0.330877 0.053418
-0.196537 0.341304 0.028785
-0.186095 0.303727 0.017898
-0.223936 0.295152 -0.002889
-0.221922 0.324348 -0.033648
-0.183152 0.313597 -0.052228
-0.195337 0.278236 -0.066730
-0.227922 0.293572 -0.093134
-0.202251 0.316460 -0.119742
-0.175909 0.288093 -0.134432
-0.207466 0.267278 -0.154594
-0.221808 0.294919 -0.183234
-0.183052 0.304245 -0.203208
-0.175838 0.266436 -0.217622
-0.211823 0.263793 -0.243809
-0.202551 0.294181 -0.271041
-0.164410 0.280023 -0.285847
-0.182266 0.246514 -0.303469
-0.208666 0.264726 -0.333808
-0.177138 0.283598 -0.356017
-0.153753 0.251060 -0.368733
-0.187866 0.235128 -0.392437
-0.196152 0.265011 -0.420525
-0.156124 0.267485 -0.439396
-0.157967 0.229675 -0.455988
-0.194437 0.234701 -0.482363
-0.175838 0.261760 -0.509145
-0.139767 0.242486 -0.523719
-0.163524 0.211399 -0.541733
-0.185952 0.234584 -0.573929
-0.148082 0.248612 -0.597082
-0.127139 0.213575 -0.610495
-0.160210 0.194365 -0.639207
-0.155453 0.219274 -0.682174
-0.109940 0.201088 -0.698011
-0.094269 0.166607 -0.721106
-0.087440 0.139328 -0.760125
-0.051699 0.112658 -0.776107
-0.030642 0.068035 -0.772579
-0.013314 0.027583 -0.765452
0.000329 -0.013400 -0.753041
0.016285 -0.051805 -0.737175
0.016571 -0.092970 -0.720206
0.014771 -0.129562 -0.690666
0.012328 -0.162411 -0.658673
-0.002729 -0.195959 -0.630164
-0.022014 -0.217875 -0.590390
-0.021299 -0.206243 -0.537248
-0.059427 -0.205272 -0.499739
-0.083683 -0.200518 -0.460734
-0.076812 -0.167695 -0.424154
-0.080983 -0.122231 -0.432748
-0.086212 -0.082867 -0.430396
-0.076641 -0.045717 -0.439585
-0.070698 -0.007144 -0.432167
-0.113597 -0.000162 -0.444607
-0.134410 -0.022350 -0.413747
