-0.257404 -0.535961 -0.534985
-0.220021 -0.548747 -0.495065
-0.196284 -0.473694 -0.501226
-0.235845 -0.433153 -0.470292
-0.228205 -0.482374 -0.416280
-0.183811 -0.456022 -0.392929
-0.156212 -0.408776 -0.363180
-0.118590 -0.362986 -0.352206
-0.079352 -0.340012 -0.324772
-0.053387 -0.284580 -0.302551
-0.013689 -0.239959 -0.305085
0.034074 -0.226159 -0.292143
0.071389 -0.177276 -0.277869
0.079386 -0.155420 -0.332063
0.039808 -0.102951 -0.337386
0.056075 -0.055133 -0.296299
0.102375 -0.040502 -0.318921
0.086533 -0.008303 -0.367409
0.058763 0.050559 -0.343420
0.097525 0.082680 -0.313543
0.131795 0.095051 -0.355414
0.102834 0.142894 -0.388919
0.087809 0.199418 -0.348797
0.130399 0.219403 -0.317827
0.172836 0.215011 -0.361138
0.162372 0.224262 -0.417027
0.136916 0.293780 -0.420983
0.175338 0.342273 -0.405580
0.212244 0.318208 -0.442420
0.186517 0.341104 -0.488757
0.182807 0.418470 -0.476161
0.234552 0.430086 -0.469690
0.248386 0.412258 -0.521660
0.219782 0.466807 -0.547818
0.242481 0.528346 -0.521259
0.291044 0.516262 -0.539251
0.281209 0.519718 -0.594283
0.261811 0.594407 -0.594593
0.303840 0.629205 -0.572409
0.337514 0.605192 -0.612622
0.312705 0.641341 -0.655933
0.316108 0.715251 -0.634405
0.368448 0.715225 -0.629939
0.378947 0.708702 -0.684680
0.360263 0.781026 -0.697622
0.390755 0.823906 -0.663243
0.436664 0.798048 -0.685263
0.429330 0.821541 -0.737306
0.424276 0.899297 -0.723051
0.468908 0.911018 -0.692810
0.503297 0.895763 -0.736777
0.491777 0.921127 -0.790734
0.458256 0.878585 -0.828304
0.429602 0.847763 -0.867751
0.391028 0.797139 -0.880237
0.410477 0.790746 -0.935926
0.452743 0.738536 -0.929181
0.412348 0.677621 -0.905028
0.372498 0.628244 -0.916585
0.385021 0.569693 -0.879490
0.373025 0.611481 -0.833098
0.324173 0.633441 -0.843197
0.304963 0.560857 -0.850761
0.316465 0.531153 -0.800651
0.288985 0.583856 -0.769115
0.241579 0.572682 -0.793323
0.238840 0.494588 -0.783826
0.242975 0.500981 -0.727863
0.201167 0.544849 -0.717546
0.167476 0.491495 -0.739184
0.180425 0.425200 -0.709453
0.174317 0.456802 -0.656863
0.124189 0.479307 -0.663790
0.107122 0.405008 -0.671045
0.123746 0.376369 -0.621809
0.094190 0.427903 -0.591112
0.047788 0.404488 -0.611601
0.054527 0.328110 -0.592716
0.063664 0.342351 -0.537373
0.018879 0.382087 -0.519892
-0.010950 0.310750 -0.517723
-0.024953 0.258618 -0.477893
-0.055633 0.205005 -0.507642
-0.011970 0.175639 -0.540910
0.030262 0.146585 -0.513075
0.026281 0.069141 -0.504507
0.033955 0.052067 -0.563131
0.079455 0.109864 -0.573667
0.127132 0.099936 -0.551519
0.150767 0.057004 -0.593755
0.143569 0.108408 -0.635754
0.165009 0.172027 -0.610689
0.213606 0.141205 -0.605895
0.220242 0.132421 -0.660472
0.215528 0.210437 -0.673761
0.254562 0.237100 -0.641879
0.292507 0.193129 -0.665576
0.286790 0.220234 -0.717418
0.294685 0.297756 -0.704968
0.343758 0.287205 -0.685901
0.363071 0.256695 -0.733441
0.351415 0.316181 -0.767566
0.380257 0.370028 -0.739694
0.427237 0.334295 -0.746275
0.425535 0.335672 -0.803330
0.421367 0.412830 -0.810239
0.467019 0.430762 -0.783698
0.499366 0.396172 -0.820958
0.481432 0.444172 -0.869975
0.488374 0.523409 -0.850069
0.533602 0.572448 -0.858162
0.575868 0.512728 -0.880073
0.605408 0.456490 -0.854717
0.619054 0.383750 -0.830345
0.631799 0.345859 -0.773490
0.633279 0.305890 -0.723744
0.606173 0.369690 -0.694651
0.555399 0.372601 -0.707156
0.522950 0.354228 -0.663152
0.533806 0.325615 -0.612439
0.495623 0.366650 -0.586135
0.455789 0.332242 -0.614098
0.465794 0.257527 -0.597893
0.460911 0.274731 -0.543535
0.410068 0.293000 -0.548384
0.393699 0.222235 -0.566649
0.409592 0.180811 -0.523392
0.385123 0.218675 -0.481357
0.335489 0.215608 -0.502611
0.330163 0.136085 -0.500880
0.331405 0.139802 -0.441873
0.304792 0.211554 -0.421986
0.259956 0.222859 -0.465534
0.239146 0.151236 -0.485403
0.209471 0.082524 -0.493789
0.243281 0.011370 -0.480154
0.274352 -0.049988 -0.466883
0.320141 -0.086267 -0.470492
0.315529 -0.103419 -0.525725
0.307821 -0.030159 -0.547071
0.352385 0.000429 -0.525306
0.385293 -0.049884 -0.551610
0.369911 -0.030055 -0.602723
0.379491 0.048065 -0.599223
0.431202 0.043023 -0.586299
0.445903 -0.001676 -0.630960
0.426795 0.045596 -0.671245
0.455738 0.110176 -0.657628
0.502480 0.074026 -0.665248
0.495487 0.047207 -0.718330
0.486196 0.115243 -0.744834
0.532751 0.149053 -0.735173
0.564298 0.091282 -0.754860
0.543488 0.087618 -0.807377
0.547963 0.161761 -0.825260
0.600371 0.165712 -0.815854
0.616570 0.100690 -0.843634
0.595470 0.124599 -0.894802
0.617063 0.200068 -0.899286
0.670680 0.181096 -0.883045
0.692102 0.116647 -0.908948
0.706327 0.153549 -0.957637
0.745480 0.204252 -0.937475
0.796850 0.216154 -0.927176
0.794026 0.273951 -0.885961
0.770408 0.223587 -0.842559
0.794962 0.159215 -0.819189
0.818205 0.189828 -0.772524
0.770919 0.224600 -0.752308
0.733807 0.164620 -0.748845
0.746773 0.119089 -0.704567
0.741209 0.173690 -0.663352
0.690741 0.192895 -0.676386
0.670186 0.120571 -0.668329
0.686062 0.116179 -0.615064
0.659177 0.180135 -0.596635
0.612333 0.150924 -0.610708
0.614205 0.086397 -0.578425
0.617114 0.128731 -0.530173
0.572363 0.168076 -0.534676
0.541531 0.102665 -0.539488
0.554888 0.068491 -0.491984
0.538911 0.127899 -0.459427
0.488663 0.128341 -0.476380
0.478505 0.052742 -0.460485
0.490603 0.058824 -0.406291
0.457865 0.119609 -0.395353
0.413965 0.081797 -0.413017
0.417453 0.020180 -0.378784
0.417113 0.062020 -0.331589
0.372293 0.099936 -0.338152
0.341308 0.035590 -0.345863
0.351960 -0.006796 -0.300108
0.337258 0.050481 -0.263286
0.288338 0.062202 -0.281479
0.271050 -0.012175 -0.273604
0.281685 -0.015710 -0.218480
0.252878 0.043932 -0.202147
0.206612 0.017035 -0.224459
0.204672 -0.050352 -0.194856
0.203873 -0.015424 -0.145292
0.161470 0.030601 -0.152802
0.128698 -0.029405 -0.165180
0.132781 -0.072155 -0.118368
0.120122 -0.011422 -0.085247
0.072767 0.000897 -0.108361
0.054050 -0.071168 -0.095619
0.061503 -0.069115 -0.041078
0.032423 -0.000871 -0.033058
-0.013196 -0.030445 -0.051688
-0.015748 -0.090763 -0.015722
-0.013315 -0.046375 0.029959
-0.055003 0.000065 0.021082
-0.090259 -0.057576 0.020644
-0.079642 -0.083330 0.072541
-0.088660 -0.014956 0.100085
-0.139281 -0.006458 0.084572
-0.154902 -0.075378 0.108415
-0.138192 -0.059733 0.160786
-0.166166 0.008355 0.168169
-0.213827 -0.022103 0.160221
-0.209641 -0.075664 0.201127
-0.202767 -0.023116 0.243435
-0.247433 0.018906 0.235743
-0.280783 -0.042451 0.242724
-0.267137 -0.059213 0.294895
-0.280341 0.010200 0.317809
-0.331864 0.010902 0.299999
-0.348352 -0.054510 0.329694
-0.340542 -0.019088 0.384489
-0.347110 0.071298 0.371146
-0.350803 0.145987 0.355414
-0.323952 0.209189 0.335181
-0.314525 0.244273 0.385474
-0.286416 0.184501 0.408423
-0.251057 0.174418 0.369779
-0.229822 0.249081 0.376669
-0.216481 0.246534 0.431045
-0.188337 0.178732 0.428840
-0.154374 0.202121 0.390049
-0.133037 0.262854 0.417574
-0.115970 0.220130 0.462235
-0.086261 0.167063 0.435384
-0.055633 0.220234 0.410520
-0.036711 0.250744 0.457568
-0.015663 0.179927 0.476107
0.016378 0.165270 0.432905
0.042411 0.235567 0.440397
0.056654 0.225302 0.495648
0.081564 0.149469 0.494846
0.129021 0.181564 0.480281
0.123491 0.207682 0.540746
0.105625 0.216492 0.590255
0.065280 0.242246 0.615447
0.025158 0.279512 0.632254
-0.007070 0.299991 0.668584
-0.052417 0.326057 0.680013
-0.082517 0.384270 0.703000
-0.119560 0.321977 0.715687
-0.149014 0.274705 0.751032
-0.179983 0.247184 0.699244
-0.207718 0.217635 0.655878
-0.239044 0.221482 0.611892
-0.289819 0.246872 0.587630
-0.334740 0.226809 0.550115
-0.381431 0.286035 0.554144
-0.439233 0.306618 0.537410
-0.488000 0.340480 0.523665
-0.547282 0.326473 0.513621
-0.599384 0.344690 0.490216
-0.629434 0.290167 0.464659
-0.639269 0.202692 0.480062
-0.641855 0.112021 0.478805
-0.649427 0.034135 0.505418
-0.642876 -0.055081 0.500734
-0.661219 -0.135514 0.518488
-0.653919 -0.228005 0.507806
-0.673640 -0.312153 0.517103
-0.680651 -0.396562 0.521059
-0.712453 -0.456620 0.533491
-0.676805 -0.525566 0.536735
-0.624040 -0.525020 0.537428
-0.612588 -0.572292 0.579646
-0.628549 -0.638509 0.550735
-0.598193 -0.634663 0.505692
-0.551791 -0.635780 0.532415
-0.553986 -0.711223 0.554381
-0.546823 -0.745527 0.501627
-0.500761 -0.720241 0.474393
-0.456793 -0.700516 0.451024
-0.423919 -0.645058 0.433652
-0.443980 -0.640978 0.381390
-0.493087 -0.619928 0.393968
-0.482589 -0.551969 0.420837
-0.458376 -0.513169 0.379750
-0.497460 -0.520238 0.342363
-0.534640 -0.483959 0.370872
-0.509405 -0.414363 0.376888
-0.501561 -0.396354 0.323277
-0.552353 -0.396744 0.307363
-0.573537 -0.347419 0.345243
-0.539761 -0.285906 0.336930
-0.548694 -0.279045 0.282044
-0.598074 -0.252849 0.291158
-0.585125 -0.189231 0.322931
-0.557662 -0.152796 0.282773
-0.598210 -0.141413 0.249105
-0.627102 -0.099235 0.284067
-0.592374 -0.042061 0.292434
-0.591676 -0.017139 0.238605
-0.643131 0.001130 0.233081
-0.639047 0.051209 0.285963
-0.598465 0.079718 0.314546
-0.568347 0.023376 0.349399
-0.531219 -0.003833 0.390997
-0.500540 -0.046791 0.422168
-0.476616 -0.073481 0.472042
-0.495912 -0.160904 0.492203
-0.494449 -0.235541 0.525707
-0.522201 -0.289908 0.566612
-0.533925 -0.355969 0.537465
-0.586656 -0.327642 0.521314
-0.575800 -0.244845 0.513840
-0.587626 -0.168388 0.485057
-0.567395 -0.081927 0.473227
-0.583594 0.004457 0.452701
-0.584921 0.084084 0.420017
-0.602940 0.163711 0.404996
-0.560112 0.222131 0.402444
-0.509729 0.180317 0.378784
-0.485669 0.257605 0.378146
-0.536120 0.291493 0.360956
-0.582981 0.323848 0.356381
-0.641191 0.307397 0.350638
-0.695250 0.309996 0.349581
-0.700763 0.220962 0.348943
-0.690077 0.174963 0.393294
-0.739678 0.144739 0.398106
-0.742928 0.109032 0.348305
-0.700695 0.062072 0.353519
-0.718987 0.019530 0.396848
-0.763449 -0.007212 0.374226
-0.741703 -0.045310 0.331261
-0.713746 -0.094141 0.361667
-0.752423 -0.130888 0.388864
-0.776210 -0.160046 0.342964
-0.733790 -0.201523 0.322894
-0.729673 -0.250172 0.367354
-0.776278 -0.283281 0.362615
-0.767907 -0.312075 0.309861
-0.727444 -0.359139 0.319741
-0.753665 -0.404618 0.357146
-0.792596 -0.428631 0.324207
-0.760947 -0.466911 0.287731
-0.739201 -0.516366 0.325465
-0.784072 -0.551605 0.339811
-0.798824 -0.578035 0.288916
-0.753256 -0.623566 0.278763
-0.747148 -0.664938 0.334032
-0.772178 -0.662080 0.386148
-0.754788 -0.608571 0.426689
-0.756336 -0.559844 0.473427
-0.753495 -0.471485 0.456347
-0.745497 -0.379566 0.470383
-0.750398 -0.293468 0.483471
-0.734318 -0.222729 0.515955
-0.743149 -0.131590 0.521551
-0.719736 -0.048558 0.532926
-0.727018 0.043439 0.538176
-0.698398 0.126496 0.540655
-0.688971 0.215998 0.548493
-0.634215 0.265401 0.555347
-0.578183 0.252537 0.577914
-0.516824 0.243805 0.572026
-0.468959 0.202666 0.570914
-0.421247 0.183045 0.533071
-0.372855 0.120727 0.537993
-0.326845 0.100378 0.577094
-0.299790 0.044088 0.620515
-0.243962 0.026027 0.624288
-0.204094 -0.025949 0.599333
-0.243587 -0.093439 0.580831
-0.285412 -0.094505 0.547235
-0.312569 -0.048532 0.513694
-0.366032 -0.010694 0.516793
-0.412331 0.021063 0.507241
-0.450344 0.066906 0.547545
-0.491539 0.088865 0.592916
-0.514544 0.151626 0.634715
-0.567037 0.151574 0.673323
-0.618033 0.145129 0.677352
-0.627426 0.117296 0.624798
-0.604914 0.046011 0.634624
-0.637142 0.024260 0.676057
-0.680872 0.027534 0.645853
-0.668859 -0.028522 0.608028
-0.667770 -0.088138 0.645944
-0.718425 -0.079250 0.662222
-0.739048 -0.094349 0.611145
-0.723105 -0.170337 0.611528
-0.742281 -0.197885 0.660290
-0.794366 -0.172365 0.645761
-0.810667 -0.212464 0.597164
-0.826543 -0.261269 0.549477
-0.825862 -0.310074 0.506093
-0.832617 -0.256773 0.457714
-0.818239 -0.172183 0.480536
-0.816401 -0.088346 0.500005
-0.798909 -0.032264 0.543115
-0.809646 0.054432 0.564407
-0.816248 0.135644 0.578570
-0.823429 0.214387 0.572956
-0.781638 0.227771 0.540181
-0.801223 0.186294 0.497124
-0.846604 0.223223 0.489122
-0.827410 0.293728 0.473609
-0.802517 0.260801 0.425613
-0.846961 0.238244 0.396684
-0.893057 0.273327 0.386658
-0.916504 0.201523 0.366242
-0.895728 0.134188 0.342508
-0.925761 0.088502 0.390341
-0.946775 0.037773 0.428439
-0.962140 0.020335 0.491072
-0.959690 -0.008589 0.549423
-0.956406 -0.027872 0.603161
-0.932108 -0.061007 0.651996
-0.967466 -0.062072 0.695307
-0.953888 -0.127873 0.745509
-0.896000 -0.158903 0.735319
-0.848187 -0.154927 0.750941
-0.803316 -0.200120 0.751451
-0.776193 -0.132317 0.776880
-0.760097 -0.078055 0.815161
-0.752457 -0.012773 0.781784
-0.802380 -0.000507 0.767566
-0.818664 0.011266 0.821559
-0.788343 0.077951 0.831330
-0.806924 0.125482 0.789951
-0.855895 0.131148 0.763446
-0.861340 0.123819 0.704968
-0.875224 0.103419 0.652196
-0.881826 0.035045 0.608611
-0.879529 -0.009706 0.550097
-0.895099 -0.046765 0.496942
-0.897260 -0.065476 0.441910
-0.916045 -0.078782 0.387789
-0.916657 -0.108668 0.335381
-0.933026 -0.104926 0.281825
-0.919550 -0.189594 0.273859
-0.955555 -0.239465 0.295150
-0.989620 -0.244611 0.250727
-0.957308 -0.274211 0.209494
-0.946809 -0.349290 0.238313
-0.994453 -0.383750 0.242196
-1.000000 -0.388116 0.182934
-0.952748 -0.430164 0.177247
-0.943185 -0.503710 0.190955
-0.914667 -0.566574 0.190353
-0.872621 -0.596383 0.173510
-0.845906 -0.657142 0.184247
-0.796663 -0.668161 0.183773
-0.754737 -0.699476 0.161333
-0.757510 -0.760158 0.206540
-0.793634 -0.812783 0.189770
-0.757783 -0.851895 0.156576
-0.731085 -0.884874 0.206376
-0.752014 -0.953144 0.230019
-0.704966 -1.000000 0.230074
-0.681859 -0.955821 0.281260
-0.662954 -0.941060 0.332337
-0.648644 -0.865773 0.353610
-0.639456 -0.800413 0.384052
-0.643931 -0.721566 0.391070
-0.595811 -0.703219 0.370927
-0.599946 -0.729726 0.317535
-0.638129 -0.678114 0.306543
-0.611193 -0.612495 0.318009
-0.571563 -0.621019 0.282664
-0.600558 -0.625723 0.234759
-0.623206 -0.554308 0.240081
-0.579510 -0.510051 0.243618
-0.562001 -0.523409 0.192049
-0.598516 -0.473902 0.167586
-0.572516 -0.404306 0.181184
-0.521146 -0.385491 0.182096
-0.482929 -0.359607 0.213303
-0.436749 -0.340220 0.231240
-0.387965 -0.336764 0.258419
-0.344371 -0.308411 0.274661
-0.321910 -0.282761 0.225681
-0.339760 -0.282657 0.173036
-0.318575 -0.210879 0.159073
-0.266694 -0.238504 0.157031
-0.269842 -0.285983 0.104387
-0.252708 -0.235567 0.063062
-0.223917 -0.293338 0.028920
-0.232323 -0.345366 -0.012259
-0.286688 -0.395340 -0.016433
-0.331575 -0.434894 -0.019095
-0.369571 -0.477124 -0.005988
-0.387812 -0.546434 0.002197
-0.413897 -0.605452 -0.006644
-0.433380 -0.667953 0.008358
-0.446754 -0.735963 -0.007592
-0.483354 -0.784950 -0.018821
-0.517454 -0.836536 -0.009470
-0.548950 -0.872140 -0.045453
-0.593412 -0.859120 -0.080635
-0.637295 -0.904781 -0.058013
-0.667293 -0.833990 -0.026094
-0.671717 -0.755766 -0.062661
-0.707450 -0.754701 -0.107413
-0.753273 -0.719721 -0.071520
-0.738385 -0.634585 -0.053893
-0.740018 -0.558804 -0.081072
-0.735985 -0.481776 -0.106246
-0.733093 -0.427539 -0.054349
-0.675121 -0.424889 -0.039493
-0.649257 -0.384374 -0.088856
-0.651588 -0.298795 -0.085848
-0.610274 -0.286607 -0.040878
-0.566459 -0.300875 -0.072414
-0.536715 -0.240453 -0.090642
-0.485005 -0.253966 -0.103876
-0.439114 -0.270703 -0.118951
-0.393069 -0.259502 -0.139149
-0.351126 -0.276680 -0.165982
-0.305949 -0.324861 -0.155938
-0.256893 -0.307553 -0.188567
-0.262560 -0.256123 -0.232371
-0.262611 -0.185930 -0.201837
-0.213674 -0.197755 -0.172927
-0.184067 -0.198119 -0.219155
-0.202580 -0.128523 -0.240391
-0.189307 -0.087020 -0.191976
-0.138363 -0.101859 -0.192267
-0.129940 -0.066958 -0.243107
-0.152400 0.004457 -0.232042
-0.120530 0.019088 -0.188676
-0.075932 0.013813 -0.217715
-0.089068 0.074936 -0.250782
-0.094888 0.128419 -0.209439
-0.044913 0.121064 -0.190590
-0.023201 0.141335 -0.238860
-0.049864 0.211502 -0.242907
-0.028816 0.240687 -0.195713
0.020700 0.232422 -0.210824
0.010864 0.275198 -0.263122
-0.004416 0.349706 -0.252222
0.014659 0.422004 -0.258857
-0.023966 0.455502 -0.226319
0.000196 0.438714 -0.175880
0.052825 0.469640 -0.185158
0.043909 0.548487 -0.186051
0.025209 0.534531 -0.125878
0.054782 0.515820 -0.083260
0.072223 0.524630 -0.029831
0.125414 0.495030 -0.035719
0.147211 0.556647 -0.077299
0.174436 0.599293 -0.118550
0.186279 0.619096 -0.171924
0.240405 0.628893 -0.161625
0.256927 0.566600 -0.123727
0.230145 0.512286 -0.091426
0.217366 0.521901 -0.038490
0.195416 0.524708 0.009488
0.174402 0.561117 0.053474
0.205847 0.512598 0.088327
0.250734 0.494926 0.117329
0.244829 0.415299 0.123837
0.245799 0.396926 0.069388
0.293937 0.424915 0.060693
0.318116 0.374940 0.096913
0.304435 0.305033 0.073270
0.325177 0.317948 0.023670
0.376139 0.330890 0.040276
0.379542 0.255656 0.068112
0.382384 0.196507 0.030396
0.402871 0.131849 0.002634
0.439199 0.095129 -0.042573
0.456912 0.029353 -0.070864
0.466764 0.065762 -0.122397
0.513966 0.100326 -0.125259
0.539642 0.045414 -0.155701
0.515446 0.064853 -0.205593
0.537532 0.136319 -0.211772
0.587031 0.111657 -0.215400
0.580701 0.065009 -0.260589
0.565098 0.124079 -0.295825
0.606820 0.171923 -0.289663
0.640562 0.119089 -0.311975
0.621709 0.124261 -0.364602
0.635185 0.201393 -0.370016
0.685960 0.191414 -0.361594
0.693804 0.139802 -0.403976
0.678115 0.188685 -0.444680
0.714767 0.243857 -0.437681
0.754601 0.195650 -0.448709
0.742673 0.173014 -0.500260
0.740733 0.244455 -0.524030
0.789976 0.266674 -0.512218
0.813509 0.201497 -0.537866
0.794451 0.220702 -0.592497
0.803214 0.309191 -0.596598
0.849684 0.327980 -0.571206
0.894963 0.334633 -0.550097
0.935307 0.317429 -0.507752
0.951114 0.346977 -0.459190
0.961868 0.342507 -0.404978
0.919584 0.382684 -0.386257
0.884753 0.324757 -0.395554
0.905529 0.269013 -0.361485
0.900969 0.311036 -0.313798
0.849242 0.321899 -0.313087
0.838079 0.243181 -0.313233
0.861340 0.221767 -0.265237
0.833264 0.267792 -0.230730
0.784633 0.243441 -0.246552
0.791439 0.165894 -0.234230
0.799369 0.175717 -0.179234
0.753154 0.210203 -0.168752
0.723037 0.149261 -0.185450
0.742026 0.093205 -0.151472
0.725963 0.128991 -0.104770
0.674644 0.124937 -0.116308
0.672704 0.045492 -0.120519
0.688172 0.029613 -0.068731
0.647793 0.063397 -0.043703
0.608777 0.019452 -0.069041
0.634232 -0.059265 -0.061185
0.644152 -0.086527 -0.009743
0.606667 -0.144869 -0.013225
0.623189 -0.186580 -0.058414
0.671973 -0.199652 -0.041060
0.657322 -0.242038 0.005387
0.635253 -0.301446 -0.022503
0.682914 -0.323172 -0.045016
0.708590 -0.324264 0.007610
0.704081 -0.385751 0.048206
0.760301 -0.358386 0.074966
0.774220 -0.288998 0.108087
0.783459 -0.240115 0.153440
0.767635 -0.185021 0.191666
0.776959 -0.117972 0.160294
0.729111 -0.123429 0.125404
0.683935 -0.095492 0.150031
0.682063 -0.023740 0.119972
0.663465 -0.042113 0.067674
0.612503 -0.044764 0.078885
0.609355 0.030783 0.096403
0.611533 0.064801 0.044797
0.564009 0.041230 0.028227
0.538230 0.072857 0.071630
0.552693 0.149053 0.060219
0.528310 0.153809 0.010636
0.479067 0.138450 0.029959
0.478046 0.197547 0.075968
0.501391 0.267844 0.051487
0.499230 0.335023 0.019751
0.549613 0.358464 0.019022
0.567752 0.295235 -0.010290
0.537549 0.301238 -0.055224
0.554225 0.372757 -0.070336
0.605731 0.357788 -0.075986
0.601375 0.300823 -0.115926
0.573163 0.340818 -0.154917
0.608283 0.399758 -0.160914
0.649801 0.357086 -0.176190
0.629093 0.324575 -0.224168
0.619309 0.393729 -0.249761
0.667855 0.423719 -0.248448
0.687916 0.364155 -0.279856
0.660215 0.380553 -0.325756
0.677043 0.455268 -0.331444
0.726950 0.441417 -0.338042
0.723088 0.393027 -0.383013
0.702312 0.442430 -0.421512
0.748390 0.497966 -0.417392
0.796936 0.470965 -0.424975
0.800968 0.489131 -0.480627
0.806192 0.570680 -0.476034
0.853921 0.572863 -0.447561
0.881877 0.527826 -0.490671
0.894605 0.575124 -0.534183
0.923957 0.618498 -0.567870
0.937638 0.691914 -0.587411
0.956865 0.661508 -0.641860
0.919993 0.674606 -0.681490
0.906822 0.707039 -0.728757
0.873591 0.775387 -0.739311
0.862701 0.845970 -0.763592
0.859825 0.890617 -0.714484
0.916674 0.906730 -0.716653
0.918955 0.940618 -0.776826
0.914803 1.000000 -0.817184
0.952901 0.955509 -0.860095
0.932397 0.895087 -0.907544
0.942896 0.881469 -0.964108
0.986796 0.816500 -0.953243
0.962327 0.737782 -0.940830
0.945329 0.694383 -0.986128
0.990965 0.641835 -1.000000
1.000000 0.588378 -0.946608
0.962140 0.529802 -0.939080
0.964148 0.454593 -0.929801
0.935681 0.388480 -0.907416
0.951931 0.395288 -0.852129
0.920044 0.395574 -0.799174
0.931597 0.406775 -0.743486
0.893227 0.474629 -0.735866
0.843269 0.435959 -0.724364
0.843235 0.403994 -0.672357
0.829742 0.466261 -0.640748
0.780464 0.486246 -0.662459
0.753529 0.422056 -0.644194
0.744783 0.447238 -0.590547
0.700542 0.492977 -0.594338
0.665643 0.434218 -0.596270
0.682573 0.395106 -0.549404
0.669880 0.453241 -0.513858
0.618697 0.449005 -0.526473
0.613728 0.373303 -0.508335
0.628634 0.389467 -0.455672
0.587507 0.437441 -0.445246
0.552557 0.376837 -0.450313
0.572091 0.338947 -0.405161
0.559278 0.394847 -0.369724
0.508895 0.381801 -0.371547
0.508487 0.305344 -0.355870
0.521725 0.313920 -0.301640
0.474762 0.341390 -0.284195
0.446584 0.271248 -0.294731
0.464433 0.219221 -0.254847
0.437582 0.257839 -0.211134
0.389683 0.253213 -0.189825
0.401220 0.283800 -0.133516
0.409098 0.363531 -0.140972
0.393733 0.438402 -0.146823
0.384238 0.504100 -0.175734
0.423630 0.550540 -0.158781
0.461506 0.505841 -0.182260
0.444099 0.511324 -0.234886
0.445920 0.589288 -0.239534
0.496865 0.595629 -0.230438
0.514731 0.546668 -0.270979
0.490178 0.583077 -0.314345
0.511634 0.656700 -0.306890
0.561235 0.635234 -0.310080
0.557441 0.600385 -0.361667
0.541650 0.665432 -0.388773
0.581756 0.712600 -0.376450
0.619718 0.664757 -0.395882
0.603008 0.654465 -0.448745
0.600524 0.732169 -0.462180
0.649972 0.752232 -0.451006
0.673164 0.700880 -0.486351
0.646058 0.718370 -0.537665
0.641583 0.804883 -0.535314
0.695624 0.822997 -0.509392
0.739389 0.774893 -0.507460
0.723887 0.728583 -0.560415
0.714563 0.762445 -0.609249
0.759637 0.739913 -0.634314
0.744459 0.664107 -0.644358
0.706548 0.683780 -0.680524
0.736496 0.721696 -0.717400
0.768417 0.662288 -0.729504
0.732412 0.613742 -0.750905
0.716469 0.660884 -0.792156
0.760777 0.670240 -0.819973
0.765491 0.588898 -0.830327
0.718136 0.577099 -0.858126
0.723904 0.652100 -0.892469
0.754992 0.668889 -0.939827
0.722305 0.733235 -0.965384
0.695522 0.798542 -0.962157
0.666953 0.844385 -0.925481
0.617012 0.804129 -0.938004
0.618050 0.739784 -0.900708
0.588426 0.719617 -0.856376
0.564434 0.672527 -0.819700
0.527391 0.652594 -0.779560
0.513404 0.643083 -0.726387
0.533397 0.562312 -0.727955
0.588120 0.587495 -0.737033
0.599299 0.617277 -0.683586
0.612980 0.608857 -0.630285
0.585754 0.670994 -0.608794
0.536664 0.644304 -0.625054
0.537209 0.570005 -0.608210
0.545461 0.589911 -0.554162
0.503994 0.632869 -0.543972
0.469436 0.577359 -0.557206
0.485022 0.522733 -0.520512
0.476344 0.565041 -0.473883
0.424463 0.571954 -0.481539
0.411617 0.495835 -0.483435
0.431014 0.477410 -0.432868
0.405219 0.527463 -0.400822
0.356299 0.502176 -0.411978
0.362101 0.425070 -0.400822
0.378759 0.435128 -0.346537
0.338449 0.476500 -0.327051
0.303125 0.419405 -0.336238
0.326283 0.362440 -0.305504
0.327781 0.401396 -0.256961
0.275985 0.411583 -0.252149
0.261539 0.334971 -0.253589
0.289053 0.310074 -0.208819
0.267664 0.355761 -0.169518
0.219085 0.329019 -0.173492
0.227984 0.252147 -0.157542
0.248607 0.264855 -0.107467
0.205098 0.302096 -0.087361
0.170726 0.242948 -0.094963
0.192166 0.189932 -0.060784
0.188525 0.233098 -0.013918
0.136882 0.242636 -0.010691
0.123270 0.164698 -0.007100
0.148504 0.146792 0.039256
0.120054 0.198196 0.072085
0.071236 0.175197 0.063974
0.078587 0.100352 0.083260
0.091978 0.117010 0.135467
0.047193 0.152822 0.149011
0.014557 0.091646 0.140480
0.037749 0.044166 0.179544
0.029633 0.088528 0.225152
-0.023303 0.087956 0.219118
-0.027404 0.005263 0.224824
-0.004790 -0.004743 0.275062
-0.040284 0.042997 0.301020
-0.082960 -0.001754 0.286437
-0.068871 -0.069686 0.311629
-0.066761 -0.041568 0.363526
-0.116412 -0.019920 0.364693
-0.139894 -0.089619 0.353500
-0.121313 -0.127509 0.397960
-0.143995 -0.081017 0.435912
-0.193510 -0.096220 0.417811
-0.193374 -0.177016 0.424191
-0.180374 -0.176289 0.479388
-0.227541 -0.134526 0.490562
-0.261981 -0.201731 0.468688
-0.227746 -0.272496 0.479607
-0.190515 -0.323822 0.492987
-0.144982 -0.361062 0.482232
-0.171679 -0.427955 0.458862
-0.198053 -0.380631 0.414895
-0.167663 -0.335828 0.381846
-0.147517 -0.391988 0.347813
-0.192830 -0.407659 0.319230
-0.190396 -0.324757 0.293929
-0.141051 -0.316909 0.268390
-0.141902 -0.370314 0.224295
-0.149082 -0.395990 0.170338
-0.164669 -0.482530 0.182479
-0.220888 -0.475149 0.183536
-0.268770 -0.487441 0.181585
-0.314985 -0.456724 0.201892
-0.344133 -0.524448 0.216475
-0.334553 -0.519666 0.277632
-0.341019 -0.513065 0.332829
-0.332647 -0.511844 0.387424
-0.325228 -0.584714 0.428512
-0.326896 -0.617874 0.490307
-0.320055 -0.669123 0.537209
-0.324497 -0.682610 0.599242
-0.328121 -0.717642 0.651595
-0.298514 -0.645656 0.679503
-0.318456 -0.568134 0.707703
-0.323629 -0.490144 0.730707
-0.359821 -0.425824 0.749519
-0.370745 -0.337673 0.757358
-0.394890 -0.275510 0.794818
-0.389700 -0.187957 0.807906
-0.415071 -0.123014 0.838840
-0.444474 -0.050118 0.853933
-0.488102 -0.021557 0.878068
-0.472618 0.054016 0.888203
-0.479237 0.080887 0.835850
-0.530879 0.096090 0.839059
-0.522984 0.157032 0.878050
-0.486996 0.200561 0.848173
-0.515003 0.222859 0.804242
-0.521146 0.307631 0.777245
-0.542484 0.374784 0.747350
-0.521435 0.446199 0.762535
-0.488885 0.508336 0.761003
-0.449919 0.472212 0.789859
-0.442704 0.412752 0.747751
-0.461694 0.419977 0.697586
-0.492441 0.353786 0.697531
-0.446073 0.301576 0.709598
-0.394635 0.317351 0.707247
-0.383098 0.295157 0.760256
-0.396949 0.219844 0.752800
-0.362016 0.204927 0.711148
-0.319834 0.217739 0.741699
-0.329125 0.156096 0.776151
-0.330180 0.099417 0.737160
-0.281328 0.110409 0.719624
-0.259786 0.087956 0.768167
-0.278061 0.014644 0.769972
-0.258357 -0.009161 0.719879
-0.208212 0.006510 0.729139
-0.203022 -0.042737 0.773946
-0.216005 -0.107551 0.742957
-0.177839 -0.102587 0.704421
-0.137529 -0.114931 0.738309
-0.143450 -0.192973 0.744288
-0.126639 -0.215426 0.692755
-0.074452 -0.201029 0.704276
-0.063715 -0.267194 0.735866
-0.053029 -0.344508 0.741954
-0.097491 -0.364155 0.769790
-0.129293 -0.340532 0.719114
-0.125346 -0.384348 0.671026
-0.177413 -0.417378 0.682164
-0.206765 -0.346925 0.671045
-0.254392 -0.312491 0.644394
-0.288525 -0.263738 0.619020
-0.339181 -0.244169 0.597492
-0.367036 -0.175327 0.634642
-0.409983 -0.119583 0.647967
-0.456061 -0.088606 0.684279
-0.439505 -0.026858 0.711968
-0.418236 -0.070804 0.759782
-0.398038 -0.142349 0.731053
-0.362526 -0.209345 0.726770
-0.340474 -0.271014 0.688854
-0.312075 -0.354124 0.695872
-0.270982 -0.423303 0.684406
-0.248096 -0.508388 0.685865
-0.234501 -0.555400 0.634952
-0.218370 -0.523876 0.582690
-0.168599 -0.565483 0.579427
-0.176205 -0.639782 0.560396
-0.165588 -0.702569 0.529280
-0.181599 -0.768890 0.505801
-0.136593 -0.831079 0.528460
-0.135113 -0.863928 0.588104
-0.150325 -0.912759 0.631014
-0.180646 -0.928404 0.677224
-0.141970 -0.905950 0.715596
-0.144267 -0.826011 0.702890
-0.195399 -0.808418 0.714939
-0.192183 -0.804987 0.772086
-0.154902 -0.747424 0.775586
-0.180561 -0.695032 0.743066
-0.224462 -0.688094 0.772542
-0.200180 -0.655765 0.817458
-0.175457 -0.590327 0.798609
-0.218387 -0.544615 0.783643
-0.234994 -0.534194 0.836124
-0.194174 -0.491522 0.853186
-0.199993 -0.432555 0.816838
-0.248164 -0.409400 0.834155
-0.234263 -0.389779 0.885906
-0.198019 -0.335802 0.872162
-0.232085 -0.290064 0.844801
-0.263751 -0.272496 0.887802
-0.225398 -0.237022 0.917497
-0.212312 -0.181408 0.878980
-0.257625 -0.143466 0.881769
-0.252742 -0.120961 0.934723
-0.208178 -0.079068 0.928051
-0.229090 -0.026703 0.891758
-0.266422 0.001026 0.925590
-0.234246 0.030939 0.965365
-0.214320 0.086994 0.931733
-0.259122 0.123793 0.919447
-0.272208 0.143752 0.971089
-0.231438 0.194376 0.978654
-0.241358 0.243649 0.931260
-0.298769 0.252381 0.940848
-0.329959 0.229356 0.983685
-0.346328 0.142297 0.985198
-0.375901 0.058772 0.984414
-0.373468 -0.005652 0.952150
-0.389122 -0.089333 0.933757
-0.396285 -0.167219 0.919065
-0.416347 -0.233644 0.884685
-0.409575 -0.323016 0.874605
-0.404028 -0.390143 0.832442
-0.398361 -0.479645 0.822325
-0.382826 -0.545888 0.778284
-0.377449 -0.626347 0.749537
-0.376088 -0.655583 0.685281
-0.393971 -0.638535 0.632618
-0.382026 -0.599423 0.573612
-0.380580 -0.540483 0.528241
-0.353491 -0.500071 0.483690
-0.357047 -0.424239 0.442019
-0.375543 -0.380241 0.391999
-0.414952 -0.314102 0.373187
-0.417861 -0.266155 0.322366
-0.405100 -0.211970 0.281661
-0.406018 -0.138190 0.311447
-0.391487 -0.177692 0.368958
-0.361999 -0.225042 0.399273
-0.361727 -0.287647 0.447160
-0.352845 -0.323094 0.498109
-0.378538 -0.396900 0.530191
-0.415496 -0.445341 0.567578
-0.447656 -0.521849 0.578096
-0.481738 -0.555789 0.628353
-0.485022 -0.570784 0.682055
-0.445988 -0.524942 0.700375
-0.470201 -0.454541 0.690513
-0.512264 -0.465897 0.721502
-0.487064 -0.477306 0.770172
-0.462629 -0.407165 0.773016
-0.506326 -0.363453 0.774584
-0.522167 -0.398641 0.823965
-0.482385 -0.373900 0.855993
-0.495895 -0.296742 0.849321
-0.547588 -0.288608 0.860915
-0.539285 -0.329591 0.913341
-0.503178 -0.288712 0.946061
-0.466203 -0.236788 0.978982
-0.430283 -0.187152 0.997685
-0.383269 -0.231279 1.000000
