0.897723 0.664913 -0.918140
0.802881 0.778531 -0.886080
0.697791 0.886129 -0.896911
0.606687 1.000000 -0.858410
0.533350 0.844306 -0.826314
0.607569 0.777200 -0.741360
0.605511 0.940878 -0.679686
0.477655 0.948546 -0.665905
0.465810 0.771687 -0.616250
0.537718 0.800963 -0.527302
0.466776 0.952348 -0.490456
0.357905 0.853812 -0.475955
0.403688 0.723528 -0.403631
0.437962 0.855776 -0.328320
0.320691 0.931817 -0.311228
0.267641 0.764400 -0.275606
0.345220 0.743299 -0.187593
0.311198 0.912236 -0.137974
0.187332 0.871491 -0.130885
0.200857 0.715734 -0.066153
0.247858 0.818579 0.018045
0.148858 0.940878 0.032510
0.065272 0.798492 0.053955
0.124034 0.730879 0.143371
0.110761 0.893416 0.202814
-0.017977 0.909765 0.197488
-0.042045 0.735885 0.245525
0.018103 0.768456 0.340014
-0.053091 0.923832 0.368080
-0.169271 0.834991 0.365633
-0.144825 0.693872 0.441556
-0.140079 0.830302 0.526690
-0.272597 0.904505 0.510246
-0.338710 0.721310 0.455229
-0.403520 0.574742 0.406905
-0.458123 0.475318 0.323750
-0.565230 0.422787 0.249555
-0.547001 0.190862 0.259270
-0.602907 0.052785 0.327960
-0.597404 0.127495 0.435115
-0.617019 0.333756 0.392872
-0.733535 0.385654 0.357393
-0.835518 0.502059 0.344476
-0.949177 0.548698 0.298599
-0.919607 0.695330 0.212349
-0.924689 0.588556 0.114154
-1.000000 0.561942 0.021283
-0.893019 0.449655 -0.029523
-0.876848 0.233192 -0.063023
-0.818086 0.040112 -0.083857
-0.772303 -0.134402 -0.080330
-0.661878 -0.224257 -0.061692
-0.643607 -0.297573 -0.162730
-0.638693 -0.129143 -0.216847
-0.540701 -0.051454 -0.162478
-0.452537 -0.190292 -0.189320
-0.456737 -0.167543 -0.297807
-0.441112 0.026995 -0.311048
-0.327495 0.056904 -0.255708
-0.251344 -0.084342 -0.316050
-0.246808 -0.052278 -0.425040
-0.139785 0.055510 -0.434323
-0.059014 -0.093974 -0.399061
-0.094128 -0.197516 -0.500783
-0.100428 -0.079336 -0.592609
0.019279 -0.002535 -0.595452
0.086189 -0.168811 -0.605671
0.025832 -0.229073 -0.697389
0.061072 -0.077688 -0.759567
0.188340 -0.107091 -0.751507
0.187710 -0.288575 -0.795801
0.126008 -0.237881 -0.895867
0.213458 -0.109942 -0.940126
0.316994 -0.055066 -1.000000
0.367692 0.077118 -0.917205
0.457409 -0.047399 -0.849235
0.585475 -0.072429 -0.830668
0.580099 -0.148089 -0.724232
0.530200 -0.330524 -0.745894
0.649152 -0.412648 -0.766943
0.674311 -0.432989 -0.654247
0.664273 -0.516000 -0.554540
0.634409 -0.362588 -0.494054
0.522597 -0.317154 -0.542594
0.462534 -0.487929 -0.528993
0.468120 -0.492871 -0.417448
0.405830 -0.328370 -0.398089
0.298387 -0.382865 -0.448752
0.277344 -0.540460 -0.385424
0.255292 -0.448958 -0.291690
0.151882 -0.352069 -0.329471
0.082115 -0.508840 -0.364230
0.070481 -0.599835 -0.266934
0.001344 -0.460300 -0.220877
-0.093876 -0.430898 -0.298347
-0.135879 -0.612952 -0.294640
-0.174479 -0.596540 -0.189716
-0.242440 -0.425385 -0.186730
-0.325731 -0.479944 -0.277909
-0.345178 -0.697484 -0.275318
-0.346354 -0.741398 -0.152691
-0.396841 -0.619162 -0.079683
-0.522471 -0.605285 -0.111131
-0.549017 -0.803941 -0.102028
-0.519489 -0.802231 0.015131
-0.611223 -0.705152 0.071371
-0.685106 -0.668209 0.173524
-0.729797 -0.482859 0.161002
-0.762979 -0.262721 0.170826
-0.781964 -0.079906 0.142795
-0.772976 0.071225 0.080474
-0.713794 0.233509 0.033374
-0.689138 0.405551 -0.007322
-0.652848 0.513212 -0.091665
-0.543221 0.580572 -0.048414
-0.480805 0.408973 -0.048666
-0.489583 0.380584 -0.157440
-0.425823 0.542044 -0.189105
-0.314894 0.501109 -0.138586
-0.294523 0.330714 -0.193422
-0.287592 0.405551 -0.294065
-0.188424 0.522527 -0.276218
-0.105847 0.386287 -0.244949
-0.111265 0.270008 -0.334725
-0.070901 0.406818 -0.404674
0.042801 0.451682 -0.357609
0.089634 0.269248 -0.343288
0.079133 0.205500 -0.446162
0.158518 0.343768 -0.484771
0.265205 0.325011 -0.424860
0.291709 0.136050 -0.447061
0.284862 0.132691 -0.559038
0.364289 0.280844 -0.586888
0.469128 0.209492 -0.541155
0.470934 0.036119 -0.596927
0.462744 0.110069 -0.708796
0.560274 0.284329 -0.699548
0.650622 0.286357 -0.604052
0.712702 0.121792 -0.574690
0.842658 0.040935 -0.540723
0.919985 -0.140802 -0.536009
0.982737 -0.311007 -0.538528
0.989919 -0.505925 -0.544897
1.000000 -0.512705 -0.423925
0.895959 -0.470756 -0.363079
0.873362 -0.657500 -0.328752
0.993322 -0.631836 -0.259774
0.974420 -0.500729 -0.180397
0.932376 -0.451112 -0.080870
0.828167 -0.355871 -0.117104
0.768565 -0.510234 -0.158916
0.766171 -0.629428 -0.070399
0.706611 -0.505735 -0.002609
0.604545 -0.464356 -0.066585
0.560988 -0.648184 -0.072270
0.547211 -0.678537 0.036576
0.461526 -0.531589 0.049314
0.372564 -0.588936 -0.021068
0.346816 -0.763640 0.022327
0.320102 -0.706863 0.124840
0.222992 -0.587035 0.098789
0.147093 -0.718712 0.050501
0.134325 -0.836956 0.137866
0.081023 -0.703314 0.203390
-0.021925 -0.663076 0.142184
-0.072791 -0.842596 0.134016
-0.080141 -0.878905 0.242178
-0.155242 -0.725556 0.268409
-0.251722 -0.775046 0.199935
-0.276882 -0.943413 0.251930
-0.313130 -0.868576 0.346131
-0.407888 -0.750903 0.311372
-0.483619 -0.890628 0.268481
-0.496010 -1.000000 0.367828
-0.579595 -0.886953 0.423637
-0.682838 -0.940181 0.344692
-0.802545 -0.988087 0.308530
-0.916835 -0.955643 0.272943
-0.952663 -0.789811 0.342569
-0.859165 -0.679995 0.392440
-0.830939 -0.502376 0.459547
-0.724378 -0.535327 0.522444
-0.611391 -0.549522 0.588363
-0.472194 -0.622521 0.616430
-0.354671 -0.703758 0.625461
-0.243238 -0.778848 0.591710
-0.167717 -0.969837 0.565659
-0.038432 -0.985299 0.516291
0.074639 -0.898169 0.500279
0.065734 -0.702997 0.521005
-0.019615 -0.698118 0.602900
0.068086 -0.701793 0.685803
0.117440 -0.503834 0.654211
0.002646 -0.412585 0.584153
-0.092952 -0.335910 0.520141
-0.019405 -0.339395 0.411547
0.020455 -0.477853 0.341345
-0.004326 -0.375198 0.249375
0.081275 -0.230087 0.270532
0.184980 -0.338952 0.269669
0.174563 -0.394398 0.165968
0.177629 -0.213358 0.118903
0.293893 -0.166022 0.155641
0.357485 -0.312718 0.111311
0.328839 -0.279260 0.006963
0.381636 -0.094354 0.000774
0.499664 -0.147899 0.031359
0.517347 -0.266079 -0.055467
0.501050 -0.129143 -0.133224
0.599126 -0.015462 -0.101524
0.691406 -0.152905 -0.115953
0.668179 -0.197769 -0.224655
0.671791 -0.005893 -0.262940
0.718792 0.162030 -0.231564
0.610509 0.316393 -0.224259
0.516087 0.444965 -0.211629
0.418389 0.313985 -0.224691
0.447203 0.207591 -0.135671
0.446405 0.354160 -0.061512
0.323547 0.408593 -0.077092
0.274278 0.235410 -0.043161
0.321825 0.230911 0.057266
0.271295 0.402193 0.090549
0.148521 0.361004 0.076264
0.143607 0.207972 0.140960
0.175193 0.299094 0.232571
0.078587 0.428363 0.234874
-0.023143 0.306508 0.228145
0.006384 0.168430 0.308494
0.021589 0.278183 0.399205
-0.099294 0.339649 0.404242
-0.155158 0.159749 0.406185
-0.100176 0.092390 0.497688
-0.151924 0.217540 0.567961
-0.273816 0.164882 0.552129
-0.258149 -0.019264 0.583578
-0.216356 0.012610 0.686667
-0.319262 0.112604 0.721174
-0.406418 -0.024903 0.699153
-0.361181 -0.159749 0.769462
-0.370758 -0.055827 0.862764
-0.505124 -0.031050 0.849846
-0.550697 -0.226792 0.829732
-0.461064 -0.334199 0.910296
-0.410954 -0.418034 1.000000
-0.335854 -0.549522 0.932138
-0.227823 -0.465813 0.894896
-0.099168 -0.441544 0.891298
-0.003066 -0.316393 0.927712
0.091398 -0.386287 0.854272
0.066154 -0.297510 0.761546
0.073967 -0.184779 0.661803
0.057628 -0.124834 0.555727
0.186912 -0.192256 0.489952
0.289945 -0.247006 0.566522
0.347950 -0.348330 0.642768
0.376806 -0.224320 0.732616
0.334929 -0.027818 0.689617
0.204343 -0.009062 0.625857
