-1.000000 0.266823 0.866324
-0.974700 0.257921 0.809191
-0.913935 0.299892 0.806227
-0.869224 0.254961 0.841118
-0.857885 0.194067 0.808662
-0.817843 0.220377 0.763405
-0.759010 0.242982 0.791821
-0.738587 0.175773 0.812646
-0.726811 0.143217 0.760422
-0.676740 0.187542 0.738785
-0.627705 0.180667 0.781587
-0.618092 0.109938 0.776943
-0.594908 0.109146 0.721188
-0.538076 0.151839 0.727796
-0.505692 0.111150 0.768295
-0.499529 0.052516 0.734763
-0.461625 0.083255 0.692130
-0.407760 0.105277 0.726003
-0.390349 0.038674 0.746262
-0.376780 0.012013 0.692810
-0.325927 0.059857 0.677403
-0.280572 0.048065 0.722831
-0.272959 -0.026812 0.710747
-0.243842 -0.027068 0.653482
-0.170910 -0.005162 0.658825
-0.143127 -0.074819 0.662960
-0.111755 -0.128255 0.640982
-0.103153 -0.199823 0.642720
-0.060282 -0.253423 0.649177
-0.024449 -0.318791 0.634431
0.002323 -0.382808 0.654860
0.049886 -0.447291 0.664338
0.102992 -0.500029 0.677876
0.157685 -0.444775 0.698172
0.227489 -0.424220 0.728891
0.277053 -0.385116 0.760517
0.350698 -0.389637 0.793124
0.405161 -0.389054 0.838645
0.476230 -0.432586 0.845820
0.544930 -0.446872 0.863832
0.554199 -0.519185 0.843667
0.532349 -0.537269 0.786968
0.507808 -0.600378 0.766124
0.501437 -0.633470 0.817838
0.450033 -0.590986 0.838267
0.404586 -0.601962 0.794861
0.397870 -0.673367 0.803470
0.371950 -0.670780 0.856940
0.314819 -0.631908 0.843705
0.285816 -0.677142 0.806472
0.276892 -0.732560 0.843592
0.241450 -0.699840 0.887829
0.188114 -0.663952 0.850389
0.177327 -0.676676 0.789177
0.228317 -0.660992 0.741353
0.271464 -0.629624 0.697417
0.328664 -0.605388 0.666434
0.357299 -0.558057 0.623801
0.409531 -0.502243 0.650555
0.429380 -0.433449 0.636092
0.427816 -0.362021 0.619798
0.489225 -0.352023 0.594460
0.530555 -0.311148 0.637055
0.510430 -0.329278 0.692168
0.525380 -0.352862 0.744449
0.468755 -0.389986 0.767106
0.415695 -0.404062 0.721037
0.347616 -0.448037 0.711445
0.294740 -0.498584 0.689733
0.223395 -0.530441 0.700268
0.164792 -0.587770 0.702930
0.099312 -0.620746 0.713900
0.052922 -0.674835 0.704969
-0.008211 -0.638061 0.731780
-0.016008 -0.577143 0.694132
-0.031326 -0.536174 0.649045
-0.014789 -0.489099 0.607299
-0.081281 -0.447291 0.631580
-0.104326 -0.379662 0.669002
-0.131742 -0.325969 0.707556
-0.083719 -0.353468 0.756004
-0.040916 -0.374465 0.798184
0.002323 -0.415108 0.835945
0.021436 -0.406649 0.890699
0.040111 -0.476049 0.899838
0.096460 -0.474697 0.863115
0.130569 -0.421330 0.887433
0.135169 -0.448387 0.940828
0.173624 -0.505925 0.928045
0.228938 -0.463278 0.910109
0.235815 -0.419186 0.959746
0.250650 -0.474627 1.000000
0.321512 -0.482155 0.985009
0.390740 -0.465469 0.992920
0.402033 -0.459736 0.931010
0.357414 -0.395230 0.922476
0.344005 -0.324338 0.908258
0.292532 -0.340931 0.855373
0.216978 -0.337412 0.824749
0.169921 -0.345312 0.768201
0.121668 -0.343797 0.725833
0.099496 -0.335477 0.670323
0.075071 -0.288869 0.617249
0.058212 -0.246711 0.573692
0.073208 -0.195279 0.529548
0.067136 -0.141888 0.492523
0.091906 -0.135340 0.429273
0.111617 -0.096165 0.382977
0.134180 -0.064984 0.339589
0.147979 -0.017933 0.300600
0.117735 -0.007422 0.249245
0.099381 0.011920 0.200193
0.049035 0.020566 0.164130
-0.002783 -0.030144 0.137036
-0.073461 0.000944 0.143531
-0.075485 0.063283 0.100899
-0.075830 0.040258 0.041877
-0.130362 -0.006164 0.033041
-0.178270 0.052260 0.057794
-0.188988 0.114110 0.030096
-0.242232 0.071533 -0.008629
-0.296534 0.038604 -0.044464
-0.263093 0.012153 -0.093573
-0.239449 -0.048088 -0.121120
-0.170772 -0.011011 -0.135035
-0.125371 0.002715 -0.093177
-0.084432 -0.058319 -0.105317
-0.060305 -0.026462 -0.160392
-0.015525 0.030051 -0.138925
0.056188 0.031845 -0.136734
0.057844 0.106745 -0.143418
0.027530 0.115345 -0.083623
0.052577 0.038650 -0.058021
0.060512 -0.028490 -0.035288
0.048391 -0.095769 -0.072464
0.087122 -0.152702 -0.078997
0.099013 -0.223826 -0.085492
0.176315 -0.210543 -0.063175
0.244003 -0.199427 -0.044445
0.272476 -0.182974 -0.099181
0.253525 -0.114063 -0.101994
0.249684 -0.044476 -0.092214
0.225304 0.019820 -0.075334
0.170335 0.062397 -0.112340
0.147197 0.145640 -0.113492
0.124681 0.218560 -0.104845
0.093723 0.245290 -0.056453
0.022172 0.254495 -0.040537
0.014743 0.250440 0.016898
0.039789 0.315692 0.030719
-0.013869 0.349670 0.002020
-0.068792 0.323243 0.031701
-0.047793 0.350555 0.083812
-0.066975 0.420445 0.062741
-0.113319 0.426807 0.014142
-0.088756 0.405577 -0.041613
-0.131880 0.395183 -0.101767
-0.148670 0.459456 -0.136244
-0.184043 0.519465 -0.123801
-0.180271 0.563743 -0.173911
-0.166563 0.520490 -0.226569
-0.155615 0.507114 -0.290310
-0.159341 0.452046 -0.338154
-0.140298 0.416926 -0.395722
-0.144507 0.369968 -0.445888
-0.116677 0.346873 -0.500585
-0.169369 0.290523 -0.533589
-0.237724 0.253866 -0.535458
-0.268175 0.270645 -0.474152
-0.330895 0.260694 -0.430273
-0.371582 0.236084 -0.386659
-0.413050 0.273814 -0.349596
-0.448216 0.209960 -0.330054
-0.410382 0.181366 -0.289612
-0.404655 0.173326 -0.232573
-0.336714 0.207816 -0.233385
-0.360105 0.276517 -0.261461
-0.415672 0.317556 -0.247074
-0.380598 0.362254 -0.209161
-0.326709 0.381130 -0.253134
-0.354930 0.419000 -0.295031
-0.349065 0.474115 -0.345858
-0.369443 0.521516 -0.387981
-0.307298 0.562601 -0.387584
-0.269670 0.497372 -0.408296
-0.316912 0.482434 -0.463220
-0.313600 0.447385 -0.527698
-0.319695 0.440067 -0.591421
-0.283079 0.431981 -0.645231
-0.328319 0.387493 -0.673344
-0.392879 0.432330 -0.660845
-0.404701 0.493224 -0.627785
-0.414499 0.481386 -0.559852
-0.422365 0.454329 -0.500661
-0.405552 0.378474 -0.508213
-0.358656 0.322543 -0.496904
-0.378137 0.258060 -0.513632
-0.367304 0.195628 -0.540292
-0.374779 0.140047 -0.575429
-0.396260 0.074492 -0.591421
-0.365211 -0.000921 -0.607790
-0.334046 -0.066312 -0.606790
-0.271694 -0.036669 -0.577978
-0.256584 0.021918 -0.549883
-0.217461 0.082532 -0.560966
-0.247177 0.130283 -0.518616
-0.203156 0.123781 -0.465014
-0.155454 0.176169 -0.452855
-0.195520 0.223290 -0.422740
-0.213620 0.177381 -0.380202
-0.146738 0.168129 -0.361075
-0.132731 0.236154 -0.348860
-0.186251 0.246968 -0.311249
-0.168127 0.198331 -0.271128
-0.108259 0.229652 -0.252417
-0.144070 0.288869 -0.233177
-0.225810 0.268221 -0.220810
-0.249868 0.225061 -0.182501
-0.281469 0.211778 -0.130447
-0.295752 0.197586 -0.074031
-0.352584 0.153401 -0.058625
-0.391821 0.108610 -0.101937
-0.372456 0.044686 -0.127219
-0.316521 0.060090 -0.174420
-0.249914 0.044476 -0.178857
-0.210124 0.114995 -0.156786
-0.158605 0.177963 -0.159203
-0.123416 0.239813 -0.167850
-0.083282 0.294182 -0.153425
-0.152326 0.335873 -0.160788
-0.220290 0.328160 -0.137792
-0.226638 0.410354 -0.147553
-0.228271 0.425455 -0.205460
-0.233101 0.435966 -0.266823
-0.257320 0.406159 -0.326184
-0.244739 0.398003 -0.390529
-0.250926 0.395323 -0.457367
-0.225787 0.379522 -0.515671
-0.239035 0.364538 -0.573956
-0.180478 0.336922 -0.617854
-0.179190 0.258713 -0.630145
-0.240139 0.249717 -0.668152
-0.199039 0.294765 -0.717903
-0.163757 0.352466 -0.733970
-0.101152 0.394041 -0.730251
-0.072288 0.471295 -0.720206
-0.057982 0.536291 -0.700759
-0.125417 0.546312 -0.680896
-0.123531 0.494436 -0.639548
-0.067849 0.517344 -0.610622
-0.090940 0.583365 -0.599086
-0.149658 0.562811 -0.570444
-0.113526 0.523869 -0.528472
-0.068654 0.574020 -0.508780
-0.127096 0.625942 -0.505910
-0.177764 0.612962 -0.464863
-0.178408 0.657776 -0.419304
-0.129304 0.696088 -0.386451
-0.177833 0.710444 -0.341930
-0.187562 0.631699 -0.328091
-0.123347 0.597371 -0.336172
-0.059201 0.562904 -0.318386
-0.060627 0.493690 -0.355147
-0.030268 0.443539 -0.398044
-0.035143 0.372182 -0.426233
0.010166 0.322054 -0.464315
0.014605 0.254891 -0.504229
0.051335 0.291176 -0.558832
0.088111 0.288216 -0.621781
0.119299 0.242749 -0.657371
0.150854 0.180084 -0.666245
0.185239 0.115857 -0.649724
0.240323 0.098729 -0.695246
0.300352 0.138719 -0.708897
0.273051 0.205323 -0.746035
0.247338 0.265751 -0.723095
0.238966 0.346547 -0.728155
0.192691 0.393458 -0.684692
0.148393 0.462439 -0.669115
0.114630 0.522145 -0.675685
0.086249 0.580196 -0.700684
0.060443 0.645798 -0.693301
0.012420 0.625103 -0.651915
0.054325 0.594505 -0.612340
0.092297 0.652346 -0.601314
0.036247 0.690845 -0.582452
0.018975 0.648920 -0.537610
0.077877 0.660316 -0.508496
0.075692 0.730882 -0.505381
0.013984 0.732327 -0.477135
0.029140 0.692779 -0.430519
0.084662 0.734168 -0.410335
0.043676 0.801028 -0.409939
-0.031831 0.777887 -0.392946
-0.039628 0.729647 -0.351465
-0.058465 0.756447 -0.300827
-0.035051 0.823866 -0.309871
0.037765 0.802006 -0.319349
0.061087 0.731837 -0.310475
0.035396 0.673833 -0.346424
0.035281 0.605877 -0.362548
0.042802 0.529183 -0.366192
0.078360 0.469617 -0.394664
0.072817 0.391734 -0.406748
0.115067 0.329185 -0.433445
0.144553 0.272859 -0.460369
0.201132 0.235106 -0.488294
0.178661 0.165612 -0.511744
0.187654 0.092833 -0.545975
0.255710 0.080808 -0.573692
0.300605 0.032242 -0.551318
0.294993 -0.014414 -0.597916
0.321282 0.036599 -0.638509
0.356770 0.096864 -0.619798
0.334322 0.159809 -0.592421
0.323282 0.242703 -0.579261
0.303181 0.309353 -0.559890
0.337634 0.346314 -0.602202
0.273189 0.330886 -0.637282
0.231054 0.378054 -0.598784
0.201684 0.444984 -0.588154
0.176660 0.426061 -0.533041
0.242462 0.410261 -0.510366
0.274086 0.473043 -0.535137
0.250466 0.524569 -0.488294
0.240714 0.573414 -0.446568
0.168242 0.549807 -0.435541
0.184112 0.478496 -0.411128
0.180018 0.405833 -0.388471
0.210676 0.339462 -0.389302
0.193105 0.260531 -0.379597
0.210354 0.189686 -0.357016
0.226983 0.114459 -0.332377
0.209710 0.051887 -0.290443
0.201615 -0.007865 -0.253663
0.212769 -0.050186 -0.205970
0.288829 -0.038580 -0.215071
0.317165 0.014064 -0.249943
0.309782 0.010289 -0.312911
0.299616 0.012410 -0.370289
0.266289 -0.003041 -0.419851
0.262610 -0.011594 -0.478457
0.230824 0.057643 -0.485764
0.278571 0.108633 -0.472340
0.324869 0.165332 -0.481723
0.382069 0.213456 -0.490352
0.394972 0.292621 -0.466600
0.400515 0.366775 -0.453119
0.328135 0.376050 -0.433294
0.320362 0.347712 -0.380938
0.300191 0.356475 -0.321426
0.257228 0.283579 -0.307907
0.211297 0.228091 -0.274866
0.160905 0.163981 -0.273337
0.115734 0.107328 -0.288177
0.106488 0.029165 -0.315233
0.143081 -0.026625 -0.342856
0.181260 -0.095792 -0.366154
0.155155 -0.163422 -0.366287
0.101520 -0.209797 -0.358149
0.108466 -0.204484 -0.296031
0.085053 -0.137787 -0.281116
0.053865 -0.078571 -0.269919
0.004163 -0.018003 -0.280776
-0.059178 0.024411 -0.282248
-0.122473 0.056874 -0.260705
-0.198924 0.075634 -0.288913
-0.242324 0.086820 -0.335247
-0.298972 0.069715 -0.384544
-0.357322 0.048042 -0.412072
-0.418800 0.039140 -0.381448
-0.390809 0.038114 -0.328733
-0.317533 0.011454 -0.318726
-0.245314 -0.023223 -0.309437
-0.163849 -0.031775 -0.301072
-0.092090 -0.064238 -0.308323
-0.069919 -0.032708 -0.368514
-0.024633 0.024411 -0.368873
0.036247 0.053798 -0.411865
0.091170 0.106722 -0.416755
0.085099 0.177404 -0.415188
0.015755 0.174724 -0.398554
0.037443 0.170669 -0.340118
0.079464 0.230445 -0.332849
0.033257 0.285559 -0.341270
-0.012696 0.273791 -0.296805
0.035143 0.277799 -0.255551
0.052071 0.346151 -0.267219
-0.011155 0.374885 -0.259346
-0.013294 0.356894 -0.203062
0.042296 0.395416 -0.186278
0.016951 0.458711 -0.203704
-0.037328 0.458175 -0.166207
0.001495 0.463954 -0.118760
0.031164 0.528111 -0.134053
-0.030199 0.565724 -0.139189
-0.047172 0.561203 -0.084000
0.011845 0.592780 -0.063345
0.018216 0.639692 -0.121252
-0.002875 0.691008 -0.160147
0.068539 0.716573 -0.173552
0.093470 0.679589 -0.217468
0.127073 0.662367 -0.269353
0.166862 0.623962 -0.305170
0.226684 0.633912 -0.271241
0.204834 0.601286 -0.224813
0.200028 0.537549 -0.249547
0.267784 0.529812 -0.262480
0.292555 0.536500 -0.208500
0.257734 0.481549 -0.186485
0.285586 0.431468 -0.220225
0.353343 0.441209 -0.206801
0.345569 0.436035 -0.145665
0.300697 0.366915 -0.144041
0.332367 0.310285 -0.170267
0.363371 0.238625 -0.166283
0.416247 0.184698 -0.168058
0.404034 0.128465 -0.132902
0.362060 0.089570 -0.168643
0.420364 0.094837 -0.214315
0.487960 0.070088 -0.205838
0.484533 0.012992 -0.244600
0.499436 0.053681 -0.294389
0.530785 0.092600 -0.337682
0.549530 0.170250 -0.333849
0.578555 0.207886 -0.291179
0.595828 0.287517 -0.274149
0.627567 0.356498 -0.265350
0.634559 0.429976 -0.271033
0.650176 0.498095 -0.251699
0.598933 0.488540 -0.204969
0.576255 0.417159 -0.189601
0.533223 0.372485 -0.225398
0.493020 0.317440 -0.249188
0.490007 0.276471 -0.309682
0.446054 0.242680 -0.362378
0.407599 0.218187 -0.408391
0.355459 0.189243 -0.370837
0.348375 0.248552 -0.322766
0.385657 0.303783 -0.306302
0.376044 0.302968 -0.244789
0.312358 0.251325 -0.234348
0.255687 0.253097 -0.196473
0.203018 0.276331 -0.164206
0.175579 0.319770 -0.112340
0.126153 0.351394 -0.080451
0.169001 0.373743 -0.038385
0.213942 0.414432 -0.067404
0.164907 0.457196 -0.091232
0.134157 0.481153 -0.041632
0.192737 0.505902 -0.014803
0.209641 0.554002 -0.057681
0.145380 0.590660 -0.059323
0.136250 0.638760 -0.018919
0.125555 0.709488 -0.007987
0.181996 0.716922 0.029529
0.238115 0.690938 -0.012631
0.231238 0.714406 -0.066215
0.260954 0.740716 -0.123877
0.268175 0.758684 -0.178046
0.307781 0.774554 -0.224908
0.329147 0.815290 -0.268749
0.333195 0.828247 -0.324503
0.349134 0.815290 -0.379560
0.405023 0.794945 -0.424628
0.449918 0.801727 -0.481214
0.508153 0.770033 -0.518598
0.548334 0.770150 -0.571313
0.598243 0.727433 -0.604996
0.644541 0.746216 -0.660354
0.668162 0.751203 -0.720131
0.675935 0.789236 -0.770844
0.732699 0.739504 -0.789045
0.709124 0.675650 -0.807133
0.721475 0.613964 -0.838834
0.714828 0.546172 -0.852126
0.726236 0.470736 -0.838588
0.740357 0.401382 -0.845291
0.716668 0.324641 -0.846537
0.735711 0.251232 -0.847500
0.749695 0.186959 -0.829091
0.777801 0.198122 -0.776074
0.772166 0.267242 -0.753984
0.784080 0.342026 -0.728533
0.765105 0.404878 -0.691904
0.790106 0.470736 -0.662223
0.771361 0.530208 -0.620044
0.783229 0.595810 -0.592516
0.752087 0.646543 -0.548014
0.755859 0.712192 -0.524545
0.725017 0.752112 -0.469772
0.680282 0.802170 -0.436580
0.611675 0.814847 -0.439638
0.615608 0.887580 -0.437335
0.656478 0.933583 -0.410751
0.616573 1.000000 -0.414621
0.539295 0.979539 -0.418492
0.472964 0.952180 -0.409618
0.500678 0.879167 -0.422192
0.532050 0.844653 -0.378597
0.562892 0.777584 -0.350219
0.567377 0.726221 -0.297598
0.504013 0.675907 -0.312797
0.462798 0.619510 -0.334850
0.412337 0.577726 -0.372347
0.437292 0.581967 -0.436391
0.456795 0.552394 -0.495997
0.472274 0.562881 -0.558625
0.479542 0.538155 -0.618099
0.482118 0.561576 -0.675157
0.478622 0.527458 -0.738502
0.511718 0.501241 -0.791594
0.512040 0.429557 -0.822427
0.538559 0.383065 -0.864474
0.518250 0.301756 -0.878918
0.499896 0.234173 -0.893550
0.490007 0.223360 -0.825599
0.470779 0.241910 -0.771694
0.485223 0.177987 -0.744241
0.558867 0.190804 -0.740125
0.559465 0.238694 -0.692905
0.597714 0.279827 -0.644985
0.591803 0.330770 -0.593932
0.635870 0.380152 -0.555056
0.646243 0.421913 -0.499604
0.691345 0.470130 -0.462578
0.713034 0.516156 -0.419455
0.755054 0.544121 -0.378616
0.745923 0.480756 -0.344026
0.724994 0.414922 -0.375387
0.663815 0.398655 -0.403010
0.633041 0.343284 -0.437901
0.580556 0.333287 -0.489974
0.525863 0.311218 -0.523318
0.481175 0.327810 -0.570897
0.503990 0.259598 -0.604071
0.490789 0.190548 -0.629371
0.468249 0.137787 -0.662752
0.423607 0.113480 -0.713371
0.415396 0.061698 -0.753229
0.355114 0.096655 -0.777226
0.388831 0.156127 -0.801960
0.392833 0.176076 -0.862246
0.398859 0.247690 -0.873650
0.414706 0.312849 -0.903784
0.398284 0.369921 -0.867495
0.416224 0.380688 -0.811514
0.416270 0.456124 -0.788800
0.377424 0.527318 -0.776433
0.377470 0.548129 -0.723567
0.390832 0.507137 -0.675119
0.387152 0.485021 -0.619043
0.422112 0.467100 -0.563779
0.411877 0.451137 -0.500151
0.435015 0.465259 -0.437448
0.448308 0.447455 -0.375500
0.516019 0.436338 -0.357450
0.523448 0.511821 -0.340798
0.497712 0.534636 -0.291972
0.546977 0.589494 -0.272978
0.598450 0.616970 -0.306850
0.646082 0.650995 -0.341439
0.667357 0.673903 -0.396307
0.737344 0.686673 -0.393078
0.774581 0.654350 -0.448380
0.770165 0.585812 -0.478212
0.741277 0.540602 -0.521184
0.720762 0.472227 -0.552772
0.710021 0.436059 -0.606657
0.684606 0.366752 -0.636017
0.684813 0.323732 -0.691489
0.668415 0.246175 -0.712805
0.673934 0.175167 -0.733121
0.653074 0.100104 -0.722793
0.652177 0.056595 -0.774583
0.698521 0.055872 -0.823182
0.681639 0.094138 -0.874179
0.706088 0.122010 -0.924666
0.645139 0.163025 -0.934710
0.652959 0.220564 -0.900272
0.627728 0.301453 -0.902632
0.642494 0.382063 -0.879749
0.622162 0.446406 -0.835870
0.622024 0.514594 -0.813911
0.593137 0.583785 -0.816347
0.569585 0.593130 -0.749792
0.563191 0.632724 -0.688222
0.540836 0.634215 -0.621951
0.532487 0.658126 -0.562684
0.483107 0.659873 -0.515086
0.464822 0.692709 -0.460350
0.429081 0.684716 -0.401933
0.423952 0.740064 -0.347878
0.469698 0.790424 -0.309380
0.508728 0.838827 -0.275602
0.491847 0.783969 -0.225115
0.471101 0.739434 -0.183219
0.425263 0.710397 -0.145986
0.413510 0.685951 -0.092327
0.425815 0.615386 -0.101843
0.500609 0.629019 -0.117552
0.539801 0.643933 -0.069972
0.534833 0.566726 -0.063647
0.532441 0.497745 -0.071275
0.506865 0.432913 -0.070444
0.476345 0.372671 -0.041670
0.470158 0.299519 -0.032116
0.425999 0.240582 -0.015898
0.392143 0.180737 -0.010705
0.332758 0.144219 -0.008893
0.344787 0.119796 0.046220
0.337634 0.186516 0.070652
0.269808 0.197702 0.057605
0.249201 0.139674 0.091175
0.284942 0.168269 0.142663
0.248948 0.231097 0.159410
0.238460 0.208003 0.217374
0.308172 0.248389 0.227928
0.351802 0.301103 0.231705
0.418133 0.319747 0.229949
0.487316 0.304949 0.236500
0.555487 0.317789 0.235556
0.622300 0.310052 0.227607
0.689574 0.298097 0.246828
0.757009 0.285023 0.236349
0.817981 0.246152 0.230402
0.864532 0.263234 0.285760
0.885324 0.187681 0.314176
0.940431 0.145244 0.331433
0.944939 0.072255 0.371516
0.967111 -0.009170 0.359055
0.983624 -0.079130 0.356110
0.972009 -0.159553 0.347557
0.986384 -0.230165 0.323427
1.000000 -0.298517 0.310664
0.967708 -0.373230 0.282135
0.949792 -0.423008 0.225304
0.955450 -0.478752 0.188807
0.909658 -0.533890 0.147912
0.883300 -0.580406 0.103976
0.838796 -0.634635 0.080715
0.770901 -0.675021 0.051752
0.733917 -0.722865 0.016917
0.663286 -0.766794 0.010309
0.623749 -0.823470 -0.015652
0.558591 -0.873294 -0.011196
0.480416 -0.903427 -0.002417
0.421514 -0.952576 -0.008798
0.336599 -0.954463 0.000623
0.272338 -0.993545 -0.003266
0.192139 -0.967421 -0.006438
0.118356 -1.000000 -0.016521
0.040111 -0.981916 -0.037025
-0.017825 -0.949010 -0.072917
-0.083305 -0.949546 -0.099690
-0.130730 -0.905082 -0.141153
-0.182387 -0.890586 -0.182407
-0.199246 -0.833467 -0.228570
-0.216472 -0.810186 -0.283041
-0.218243 -0.775696 -0.333283
-0.238299 -0.720581 -0.364625
-0.250098 -0.693548 -0.415849
-0.239449 -0.641883 -0.455007
-0.269647 -0.591032 -0.486670
-0.301065 -0.562252 -0.532305
-0.257481 -0.504853 -0.535062
-0.202926 -0.534053 -0.564157
-0.241151 -0.553000 -0.611340
-0.260057 -0.485697 -0.626577
-0.194485 -0.460342 -0.633997
-0.178454 -0.507347 -0.676875
-0.230939 -0.493830 -0.714957
-0.215207 -0.425013 -0.725342
-0.147842 -0.431934 -0.746696
-0.169484 -0.477051 -0.797447
-0.214287 -0.433775 -0.831074
-0.207042 -0.422472 -0.890095
-0.260471 -0.430466 -0.931652
-0.343108 -0.440114 -0.953025
-0.412498 -0.453234 -0.970603
-0.466133 -0.500658 -0.982800
-0.454311 -0.579334 -1.000000
-0.460659 -0.647545 -0.977834
-0.446284 -0.712005 -0.953138
-0.402930 -0.771408 -0.937108
-0.380621 -0.827991 -0.902103
-0.342418 -0.867678 -0.865418
-0.270567 -0.876044 -0.837701
-0.218059 -0.873854 -0.796654
-0.167529 -0.843395 -0.766219
-0.114492 -0.841950 -0.731497
-0.077417 -0.822724 -0.685579
-0.034660 -0.778656 -0.657900
0.016629 -0.786882 -0.616362
0.056993 -0.749502 -0.579280
0.096782 -0.744771 -0.531908
0.128384 -0.706738 -0.489465
0.193151 -0.699957 -0.513745
0.178960 -0.645099 -0.550468
0.176131 -0.593759 -0.508308
0.245245 -0.598373 -0.494525
0.270314 -0.584927 -0.547731
0.244555 -0.518556 -0.549619
0.279928 -0.492968 -0.503021
0.345385 -0.508325 -0.525168
0.338899 -0.466401 -0.572691
0.330550 -0.404272 -0.543048
0.397042 -0.411892 -0.512254
0.442305 -0.405577 -0.558832
0.481773 -0.377262 -0.598520
0.495596 -0.375864 -0.654124
0.530854 -0.399821 -0.703837
0.493066 -0.353025 -0.745091
0.531705 -0.302432 -0.773997
0.547023 -0.351837 -0.828940
0.482785 -0.367148 -0.863266
0.440971 -0.363279 -0.911865
0.387152 -0.412778 -0.890680
0.333241 -0.370737 -0.868949
0.266059 -0.345755 -0.864247
0.286667 -0.274863 -0.855543
0.288047 -0.242680 -0.908712
0.215989 -0.248133 -0.927498
0.174061 -0.222731 -0.879352
0.193036 -0.152259 -0.872158
0.170818 -0.117302 -0.922891
0.096046 -0.137018 -0.921154
0.067435 -0.123944 -0.866117
0.081695 -0.049510 -0.857488
0.041698 -0.012713 -0.901499
-0.037811 -0.024388 -0.879824
-0.041284 -0.029398 -0.809455
-0.057407 -0.040818 -0.754097
-0.028566 -0.099544 -0.714297
-0.021666 -0.143170 -0.665150
0.020171 -0.203062 -0.649687
0.094574 -0.237995 -0.653954
0.147358 -0.285769 -0.650763
0.193358 -0.319071 -0.684031
0.211067 -0.367917 -0.643513
0.152625 -0.406649 -0.649989
0.163849 -0.421890 -0.706046
0.225856 -0.455331 -0.699135
0.205317 -0.505809 -0.663885
0.158881 -0.533238 -0.703044
0.206076 -0.547593 -0.745846
0.248879 -0.591522 -0.716562
0.198786 -0.640694 -0.706178
0.182157 -0.654024 -0.762858
0.251892 -0.674509 -0.778095
0.258424 -0.733748 -0.741107
0.200419 -0.773412 -0.768749
0.246119 -0.785018 -0.822672
