-0.128843 -0.115979 -0.300209
-0.090345 -0.088926 -0.261283
-0.072474 -0.077746 -0.206064
-0.100591 0.001950 -0.195235
-0.147560 -0.039513 -0.191430
-0.137432 -0.094532 -0.143568
-0.127271 -0.026596 -0.104388
-0.173513 0.015750 -0.107159
-0.201934 -0.056664 -0.090457
-0.178670 -0.072079 -0.037716
-0.192010 0.009596 -0.012936
-0.242935 -0.001158 -0.017307
-0.245606 -0.081950 0.013131
-0.226957 -0.048713 0.064077
-0.262818 0.016299 0.075335
-0.302128 -0.044235 0.075199
-0.284020 -0.098279 0.119432
-0.283783 -0.031561 0.161363
-0.334269 -0.017548 0.161441
-0.346459 -0.105377 0.177948
-0.319543 -0.103305 0.229791
-0.348657 -0.035857 0.255254
-0.392989 -0.083686 0.252385
-0.375320 -0.154151 0.284424
-0.363958 -0.107327 0.333808
-0.413599 -0.081432 0.342627
-0.435460 -0.168500 0.344832
-0.405771 -0.195491 0.391466
-0.420480 -0.130145 0.429767
-0.470408 -0.152993 0.430899
-0.463594 -0.240883 0.449494
-0.439298 -0.219985 0.500888
-0.477627 -0.166702 0.523502
-0.515246 -0.232506 0.520536
-0.490798 -0.294623 0.555287
-0.481989 -0.235187 0.606895
-0.530480 -0.175171 0.605998
-0.575082 -0.219467 0.598779
-0.614425 -0.263671 0.623012
-0.604010 -0.351775 0.607852
-0.556839 -0.353054 0.640456
-0.568572 -0.315979 0.694621
-0.600528 -0.382757 0.713137
-0.567051 -0.454958 0.707713
-0.529821 -0.422178 0.744337
-0.561843 -0.425194 0.793487
-0.576587 -0.519056 0.789331
-0.530869 -0.561219 0.796082
-0.493368 -0.605362 0.824316
-0.442443 -0.628484 0.827945
-0.451471 -0.708667 0.790326
-0.452435 -0.677014 0.732181
-0.434750 -0.660137 0.676631
-0.450322 -0.572886 0.666114
-0.408256 -0.526154 0.685294
-0.374340 -0.562986 0.645743
-0.399058 -0.536908 0.596125
-0.399650 -0.443199 0.607208
-0.347389 -0.432749 0.609705
-0.337414 -0.466596 0.556009
-0.366156 -0.406398 0.524556
-0.340356 -0.328682 0.541999
-0.291375 -0.352993 0.523717
-0.304799 -0.369992 0.466898
-0.323854 -0.283808 0.455386
-0.280740 -0.233267 0.466879
-0.249968 -0.276161 0.427738
-0.278356 -0.251912 0.379973
-0.274078 -0.160061 0.385983
-0.222274 -0.157471 0.383446
-0.216796 -0.196893 0.328423
-0.245944 -0.135963 0.296970
-0.221479 -0.055537 0.312930
-0.173124 -0.079482 0.299194
-0.181950 -0.104189 0.242395
-0.200159 -0.020107 0.224366
-0.158820 0.032079 0.239098
-0.123044 -0.014318 0.208640
-0.145835 -0.007768 0.154280
-0.148997 0.084905 0.151587
-0.098511 0.100899 0.158904
-0.081671 0.047129 0.112017
-0.107134 0.094471 0.066691
-0.083988 0.178675 0.080155
-0.030746 0.147692 0.088525
-0.007532 0.065682 0.081189
0.001665 0.001980 0.129988
0.018573 -0.080701 0.152075
0.000972 -0.072902 0.209537
-0.050257 -0.068058 0.196035
-0.053926 -0.150830 0.169285
-0.040958 -0.200792 0.217752
-0.080471 -0.171546 0.251937
-0.118141 -0.205148 0.216406
-0.104497 -0.295110 0.219196
-0.110803 -0.303640 0.278629
-0.160714 -0.281828 0.281907
-0.177030 -0.351013 0.244464
-0.159412 -0.423184 0.276521
-0.189237 -0.404295 0.324755
-0.234904 -0.406855 0.296404
-0.230508 -0.495902 0.279624
-0.227634 -0.532247 0.334198
-0.273284 -0.500289 0.353964
-0.302043 -0.545743 0.312579
-0.287199 -0.631927 0.326257
-0.306473 -0.628515 0.381983
-0.355995 -0.615963 0.365573
-0.359968 -0.694196 0.333867
-0.347034 -0.754334 0.376461
-0.384839 -0.731363 0.414411
-0.424622 -0.753420 0.377378
-0.411435 -0.845514 0.371134
-0.411807 -0.867936 0.432596
-0.456949 -0.798294 0.448947
-0.507875 -0.779771 0.436011
-0.524545 -0.785133 0.500224
-0.502126 -0.736695 0.544106
-0.538038 -0.665712 0.542702
-0.581473 -0.716222 0.549765
-0.569942 -0.760914 0.600105
-0.559933 -0.685636 0.634739
-0.608947 -0.647251 0.627266
-0.636811 -0.721645 0.647265
-0.614307 -0.729474 0.701138
-0.630116 -0.645392 0.719791
-0.680686 -0.661721 0.715849
-0.683949 -0.736725 0.750639
-0.666213 -0.695019 0.800589
-0.703950 -0.629276 0.803867
-0.745171 -0.686184 0.804765
-0.732811 -0.734684 0.854617
-0.729565 -0.658918 0.891826
-0.778918 -0.630830 0.883592
-0.802842 -0.713481 0.901309
-0.783804 -0.710647 0.958362
-0.770194 -0.627540 0.985795
-0.720046 -0.600152 1.000000
-0.730428 -0.495354 0.973386
-0.727689 -0.408682 0.949933
-0.689883 -0.422635 0.910382
-0.717409 -0.479787 0.873485
-0.753405 -0.415659 0.859730
-0.719235 -0.354760 0.835008
-0.701769 -0.413618 0.792687
-0.746726 -0.428728 0.765331
-0.756989 -0.340624 0.751010
-0.714044 -0.329048 0.717157
-0.727874 -0.391653 0.675909
-0.774810 -0.359756 0.659421
-0.757987 -0.274669 0.641197
-0.723056 -0.300168 0.598798
-0.760083 -0.359238 0.567989
-0.810856 -0.369596 0.572984
-0.824281 -0.448469 0.617705
-0.845973 -0.540137 0.648904
-0.825718 -0.626474 0.661568
-0.840799 -0.729444 0.647656
-0.850082 -0.816481 0.623890
-0.866533 -0.904037 0.645490
-0.883457 -0.993298 0.651792
-0.885300 -0.979680 0.718913
-0.925168 -0.937639 0.748181
-0.929344 -0.924113 0.810560
-0.929834 -0.818736 0.806345
-0.970767 -0.763808 0.789994
-0.966540 -0.703001 0.837701
-0.916105 -0.671500 0.830033
-0.923612 -0.644783 0.771907
-0.961485 -0.579924 0.781916
-0.930544 -0.519482 0.813272
-0.900161 -0.490998 0.764278
-0.947215 -0.480609 0.722444
-0.983701 -0.401980 0.708689
-1.000000 -0.375446 0.653451
-0.957816 -0.356253 0.618817
-0.927991 -0.429855 0.637178
-0.953826 -0.497548 0.605881
-0.935938 -0.460868 0.550058
-0.885553 -0.487220 0.547189
-0.845077 -0.543305 0.546584
-0.805835 -0.593511 0.564769
-0.755721 -0.595308 0.581998
-0.739727 -0.651881 0.540028
-0.752509 -0.595126 0.494488
-0.724290 -0.519330 0.511600
-0.678623 -0.562650 0.509239
-0.681108 -0.590617 0.451386
-0.686468 -0.505956 0.425436
-0.642002 -0.471439 0.446625
-0.608745 -0.535506 0.425416
-0.618889 -0.523107 0.367759
-0.604010 -0.434455 0.365183
-0.555266 -0.446641 0.384812
-0.541182 -0.507814 0.341847
-0.547759 -0.452186 0.294531
-0.512372 -0.390495 0.311896
-0.471879 -0.448987 0.319643
-0.471152 -0.478781 0.260853
-0.463442 -0.395826 0.234591
-0.418028 -0.377913 0.262278
-0.392228 -0.453496 0.242259
-0.397283 -0.438812 0.182065
-0.377028 -0.354090 0.181596
-0.331682 -0.379467 0.206025
-0.315671 -0.434212 0.161694
-0.316381 -0.371028 0.117676
-0.284172 -0.306992 0.144173
-0.242445 -0.361371 0.153831
-0.234752 -0.384524 0.097149
-0.229020 -0.298522 0.076525
-0.188679 -0.274638 0.112134
-0.155422 -0.339497 0.091393
-0.154543 -0.310891 0.034243
-0.140222 -0.222757 0.044838
-0.096770 -0.240640 0.075667
-0.072203 -0.286245 0.031726
-0.074638 -0.220107 -0.010634
-0.051830 -0.149794 0.021209
-0.007549 -0.192018 0.032273
0.004827 -0.199330 -0.026165
0.002257 -0.108911 -0.043121
0.039149 -0.081158 -0.004585
0.078036 -0.138492 -0.022165
0.076937 -0.105011 -0.081598
0.058255 -0.016299 -0.096759
0.006061 0.014044 -0.102222
0.001716 0.108941 -0.093130
-0.014025 0.196497 -0.105871
0.027889 0.249657 -0.090769
0.055161 0.249414 -0.143587
0.029309 0.324509 -0.170592
0.058001 0.397715 -0.136602
0.105291 0.390647 -0.164172
0.133560 0.451851 -0.187372
0.173073 0.472658 -0.216015
0.205366 0.530998 -0.231332
0.240703 0.552140 -0.265224
0.274602 0.605819 -0.281907
0.297867 0.657091 -0.316462
0.334015 0.673755 -0.352969
0.365142 0.735598 -0.370412
0.392228 0.687951 -0.419563
0.372429 0.651120 -0.483171
0.363299 0.633328 -0.539424
0.355285 0.576360 -0.585296
0.371888 0.505225 -0.621842
0.364533 0.456938 -0.673216
0.364871 0.380076 -0.713059
0.394561 0.343884 -0.758697
0.394967 0.277380 -0.799789
0.420446 0.261082 -0.852335
0.466248 0.271775 -0.891475
0.487231 0.230465 -0.942128
0.539542 0.267296 -0.976996
0.586562 0.304311 -1.000000
0.645045 0.339802 -0.984683
0.698286 0.362376 -0.980742
0.743548 0.416268 -0.957757
0.764953 0.485880 -0.906734
0.790905 0.501082 -0.850442
0.824179 0.513755 -0.806345
0.833259 0.592262 -0.756980
0.834882 0.605910 -0.691928
0.854816 0.608835 -0.638036
0.854410 0.666657 -0.581042
0.868849 0.678873 -0.521629
0.846971 0.730510 -0.468537
0.861224 0.729779 -0.405943
0.838754 0.805636 -0.362861
0.818803 0.848347 -0.309867
0.786138 0.914943 -0.271253
0.739135 0.977304 -0.255546
0.695480 1.000000 -0.218181
0.642137 0.979711 -0.183879
0.626835 0.963351 -0.123295
0.584668 0.968591 -0.086223
0.573239 0.961371 -0.026497
0.526490 0.921980 0.008312
0.531697 0.888378 0.074438
0.515212 0.874486 0.132524
0.509430 0.830099 0.185167
0.528552 0.757106 0.234259
0.537006 0.720031 0.293360
0.568251 0.631287 0.322589
0.593021 0.558111 0.349476
0.632567 0.470130 0.338023
0.669611 0.402590 0.353300
0.684236 0.298675 0.332579
0.684997 0.213069 0.283136
0.687804 0.131759 0.242395
0.661175 0.077502 0.187665
0.659163 0.030983 0.132329
0.674954 -0.025407 0.092213
0.641832 -0.117959 0.074555
0.623860 -0.199969 0.060292
0.603858 -0.289992 0.063687
0.599124 -0.374379 0.027785
0.630285 -0.462178 0.001502
0.668479 -0.532399 0.003512
0.702784 -0.600396 0.017931
0.718406 -0.690815 -0.020663
0.776923 -0.713359 -0.040487
0.823587 -0.752414 -0.043824
0.861054 -0.801493 -0.090028
0.907854 -0.836283 -0.102378
0.927991 -0.898888 -0.159665
0.945118 -0.935628 -0.217869
0.959895 -0.973739 -0.274824
0.954215 -1.000000 -0.341866
0.942701 -0.996710 -0.407075
0.933993 -0.955826 -0.473766
0.940537 -0.958751 -0.531599
0.940029 -0.917441 -0.594818
0.962026 -0.929688 -0.648924
0.951526 -0.900168 -0.715264
0.975974 -0.904554 -0.770658
0.967622 -0.866230 -0.833428
0.981047 -0.860168 -0.889992
1.000000 -0.788667 -0.937465
