0.247483 0.613517 -0.327094
0.236748 0.558237 -0.359448
0.249771 0.494648 -0.373628
0.257357 0.449470 -0.415894
0.255174 0.382544 -0.423517
0.275801 0.328082 -0.451352
0.250898 0.265083 -0.473038
0.283633 0.232619 -0.508438
0.285815 0.167168 -0.479381
0.250106 0.175659 -0.421034
0.229514 0.146282 -0.370214
0.194491 0.150732 -0.314525
0.181239 0.130436 -0.253559
0.139511 0.124942 -0.207026
0.131697 0.086348 -0.153102
0.095037 0.050320 -0.106645
0.088085 0.030001 -0.040656
0.060595 0.080922 -0.013520
0.107550 0.125691 -0.002483
0.143189 0.109913 -0.049540
0.180465 0.144897 -0.095395
0.208131 0.136270 -0.156709
0.250070 0.149211 -0.203573
0.266121 0.124283 -0.266245
0.295407 0.106508 -0.316697
0.295195 0.081830 -0.380300
0.319588 0.047323 -0.433836
0.272175 0.010114 -0.451294
0.227578 -0.003553 -0.486131
0.228054 -0.077744 -0.472708
0.199771 -0.099583 -0.424429
0.171894 -0.149392 -0.389281
0.150915 -0.180494 -0.341409
0.196779 -0.207374 -0.318404
0.220415 -0.145056 -0.310199
0.182981 -0.120311 -0.273054
0.189018 -0.168598 -0.230554
0.241851 -0.159290 -0.221108
0.235727 -0.092591 -0.205687
0.204083 -0.101377 -0.157718
0.238772 -0.140016 -0.127168
0.278705 -0.089958 -0.126974
0.250634 -0.034700 -0.103600
0.229532 -0.081739 -0.055049
0.258589 -0.112524 -0.014334
0.218479 -0.123534 0.033033
0.166825 -0.129936 -0.003298
0.187944 -0.191051 -0.037223
0.189352 -0.257478 -0.067366
0.185903 -0.309715 -0.108624
0.129549 -0.323859 -0.088121
0.096867 -0.271984 -0.108643
0.058078 -0.232414 -0.135043
0.053731 -0.177316 -0.180975
0.027297 -0.116247 -0.199965
0.020081 -0.062443 -0.245180
0.011528 0.016130 -0.256896
-0.006917 0.082693 -0.283121
-0.017511 0.149960 -0.309540
-0.044104 0.195705 -0.350351
-0.079215 0.251802 -0.363948
-0.115523 0.238907 -0.318579
-0.098398 0.185829 -0.272161
-0.094051 0.112592 -0.274140
-0.082506 0.038060 -0.269581
-0.054558 -0.008525 -0.304186
-0.031573 -0.074770 -0.320712
0.008553 -0.128915 -0.328394
0.020609 -0.195455 -0.360166
0.061140 -0.168871 -0.410909
0.080042 -0.136134 -0.462990
0.034090 -0.098948 -0.476064
0.034917 -0.058447 -0.428211
0.084759 -0.032634 -0.438530
0.074780 -0.002826 -0.490922
0.036624 0.040172 -0.469993
0.066016 0.075224 -0.430791
0.102200 0.100650 -0.470264
0.064819 0.138722 -0.500815
0.050317 0.181357 -0.455697
0.109257 0.179881 -0.423168
0.156230 0.197498 -0.392928
0.119447 0.188644 -0.338538
0.104206 0.143989 -0.292509
0.065998 0.117768 -0.248904
0.066033 0.064690 -0.202176
0.041640 0.004189 -0.169027
0.041165 -0.050002 -0.123308
0.024833 -0.123216 -0.106005
0.017001 -0.186465 -0.064689
-0.023196 -0.232028 -0.067812
-0.064414 -0.182719 -0.073050
-0.063516 -0.120606 -0.044206
-0.075572 -0.057221 -0.030395
-0.067863 -0.007253 0.004966
-0.075818 0.023304 0.053730
-0.094791 0.080105 0.073845
-0.082911 0.133909 0.105113
-0.091887 0.156089 0.160608
-0.133720 0.196045 0.140998
-0.167547 0.146963 0.123308
-0.170099 0.114136 0.175253
-0.194175 0.168303 0.203495
-0.238666 0.168984 0.169589
-0.254505 0.102921 0.174361
-0.256829 0.100264 0.234143
-0.296146 0.148575 0.237751
-0.333316 0.119720 0.202332
-0.336501 0.059877 0.235151
-0.354312 0.093681 0.284401
-0.398557 0.123126 0.260193
-0.420275 0.062488 0.242096
-0.423495 0.033384 0.295244
-0.454189 0.083033 0.319995
-0.495776 0.073226 0.280832
-0.505139 0.006618 0.293905
-0.514713 0.015154 0.351030
-0.556213 0.059400 0.346084
-0.586959 0.011521 0.316096
-0.587980 -0.034269 0.361000
-0.607550 0.009228 0.402898
-0.655033 0.022191 0.367246
-0.669289 -0.052726 0.366354
-0.680553 -0.061966 0.422935
-0.713393 -0.063714 0.467646
-0.724393 -0.062942 0.523975
-0.722281 -0.099788 0.571343
-0.740637 -0.104896 0.624433
-0.739212 -0.105554 0.683264
-0.724516 -0.147372 0.725472
-0.726716 -0.157906 0.783625
-0.702200 -0.168848 0.834853
-0.670627 -0.230031 0.855899
-0.650405 -0.259612 0.901947
-0.622052 -0.320068 0.926039
-0.629092 -0.369899 0.971292
-0.638772 -0.432603 1.000000
-0.679989 -0.499665 0.996509
-0.719254 -0.551404 0.997343
-0.764027 -0.607251 0.970769
-0.796339 -0.641577 0.925651
-0.834125 -0.680761 0.890891
-0.874041 -0.677424 0.831051
-0.897430 -0.698900 0.775110
-0.926980 -0.695654 0.722078
-0.939493 -0.668661 0.653199
-0.964924 -0.652951 0.591225
-0.964537 -0.598533 0.536952
-0.981468 -0.575059 0.478469
-0.981644 -0.522413 0.424080
-1.000000 -0.498212 0.368022
-0.993347 -0.434124 0.319665
-0.989405 -0.399208 0.267409
-0.973302 -0.341362 0.227897
-0.940954 -0.289147 0.180490
-0.903485 -0.269442 0.133394
-0.877719 -0.256138 0.078966
-0.843171 -0.222266 0.038639
-0.832541 -0.204536 -0.018505
-0.792696 -0.187918 -0.059685
-0.774146 -0.182310 -0.115491
-0.738543 -0.200654 -0.162393
-0.743207 -0.161424 -0.215851
-0.684090 -0.142945 -0.222699
-0.650651 -0.201675 -0.238798
-0.657251 -0.199814 -0.305408
-0.629831 -0.140039 -0.331963
-0.572598 -0.172004 -0.327695
-0.566526 -0.210393 -0.383443
-0.541007 -0.216841 -0.436959
-0.568743 -0.281315 -0.448869
-0.624710 -0.254095 -0.453234
-0.615998 -0.189484 -0.489836
-0.599278 -0.184490 -0.546282
-0.642855 -0.145919 -0.564554
-0.635111 -0.090934 -0.527040
-0.584776 -0.076927 -0.544032
-0.595530 -0.062647 -0.600147
-0.632594 -0.011635 -0.589828
-0.598592 0.029456 -0.556678
-0.559768 0.037084 -0.597878
-0.589792 0.066325 -0.640125
-0.607497 0.119357 -0.603949
-0.557920 0.148280 -0.589013
-0.545882 0.161038 -0.651492
-0.582154 0.161878 -0.698161
-0.596867 0.102762 -0.729817
-0.621190 0.089140 -0.784149
-0.638701 0.050047 -0.833126
-0.626329 0.115134 -0.877236
-0.578476 0.102557 -0.923711
-0.555702 0.104078 -0.981553
-0.499507 0.115634 -1.000000
-0.439458 0.128665 -0.987702
-0.387240 0.159290 -0.986558
-0.345899 0.208373 -0.975288
-0.297589 0.241586 -0.965570
-0.251954 0.279635 -0.946134
-0.239247 0.356210 -0.923595
-0.235709 0.427699 -0.886721
-0.226346 0.488768 -0.850603
-0.250194 0.543571 -0.816794
-0.281151 0.571563 -0.755247
-0.302481 0.601689 -0.700237
-0.313358 0.592994 -0.630717
-0.309680 0.635379 -0.567599
-0.309680 0.662576 -0.506517
-0.290549 0.648864 -0.437502
-0.265910 0.690977 -0.380164
-0.264238 0.730888 -0.330838
-0.244386 0.765350 -0.277224
-0.205033 0.753635 -0.219265
-0.174182 0.802672 -0.169997
-0.125009 0.814386 -0.136633
-0.074991 0.850551 -0.098634
-0.008483 0.855160 -0.099178
0.044157 0.890848 -0.092330
0.095618 0.931757 -0.101660
0.152358 0.953914 -0.105617
0.205438 0.979999 -0.126528
0.267652 0.967763 -0.150502
0.311827 0.979999 -0.193176
0.357990 1.000000 -0.231291
0.408184 0.971509 -0.272394
0.445389 0.942518 -0.329305
0.481239 0.944084 -0.385538
0.498346 0.916388 -0.448190
0.499085 0.893731 -0.514412
0.503485 0.878180 -0.577977
0.527262 0.825193 -0.626605
0.515734 0.807462 -0.697250
0.521401 0.751070 -0.739380
0.506565 0.688071 -0.787330
0.505509 0.635288 -0.828685
0.499578 0.553106 -0.844454
0.490109 0.483342 -0.874326
0.513252 0.406949 -0.876731
0.540831 0.355824 -0.844008
0.546357 0.279771 -0.813613
0.558448 0.218520 -0.783994
0.592608 0.207374 -0.729720
0.622844 0.227079 -0.675835
0.621102 0.237704 -0.603212
0.646375 0.182606 -0.567017
0.700229 0.224809 -0.543682
0.693506 0.273437 -0.486538
0.728705 0.245309 -0.429375
0.792080 0.255003 -0.427532
0.827860 0.308126 -0.401637
0.851725 0.331487 -0.337956
0.889634 0.309874 -0.292121
0.946040 0.299068 -0.266924
0.975519 0.312985 -0.210246
0.981538 0.308648 -0.139427
1.000000 0.294618 -0.081992
0.973953 0.309534 -0.015847
0.945600 0.320204 0.039260
0.918004 0.342112 0.089460
0.900000 0.408629 0.120980
0.867476 0.453239 0.155972
0.836237 0.501822 0.187939
0.817529 0.543208 0.238701
0.799050 0.584208 0.288144
0.751848 0.628591 0.319219
0.711052 0.660647 0.366877
0.653098 0.646117 0.399503
0.614731 0.647933 0.454397
0.564520 0.618103 0.473697
0.519289 0.575786 0.511444
0.504875 0.502934 0.547542
0.477649 0.445157 0.571013
0.479444 0.359229 0.582205
0.482242 0.282927 0.602436
0.495424 0.203287 0.578500
0.512636 0.135317 0.587287
0.537434 0.069548 0.548163
0.594562 0.041284 0.516216
0.602394 -0.030818 0.477170
0.637575 -0.067732 0.421539
0.665558 -0.091797 0.368216
0.704945 -0.093408 0.312119
0.741218 -0.149052 0.277767
0.765558 -0.207805 0.235598
0.811123 -0.241768 0.205998
0.845301 -0.288920 0.161889
0.877103 -0.312621 0.112659
0.911756 -0.345471 0.074698
0.934002 -0.402409 0.029658
0.972140 -0.443000 -0.002968
0.973654 -0.515965 -0.039105
0.987100 -0.571949 -0.075571
0.971278 -0.634857 -0.119622
0.947624 -0.685301 -0.163634
0.936413 -0.743101 -0.198510
0.907955 -0.789346 -0.247081
0.889511 -0.836135 -0.299434
0.846727 -0.843105 -0.354405
0.838525 -0.881494 -0.407417
0.809363 -0.877998 -0.472844
0.797219 -0.876636 -0.543954
0.771067 -0.863628 -0.604357
0.763464 -0.823694 -0.669356
0.749630 -0.788052 -0.724755
0.747519 -0.726256 -0.772122
0.756917 -0.675426 -0.824068
0.773566 -0.594538 -0.839547
0.793647 -0.525954 -0.862455
0.807181 -0.447563 -0.865966
0.815769 -0.369627 -0.843194
0.834425 -0.299999 -0.826182
0.845178 -0.247398 -0.770551
0.864044 -0.209939 -0.717326
0.863745 -0.187373 -0.659697
0.842978 -0.187396 -0.594503
0.829197 -0.198020 -0.536001
0.801989 -0.212595 -0.485355
0.762425 -0.204377 -0.447686
0.740813 -0.216704 -0.394363
0.700317 -0.241700 -0.365733
0.671155 -0.250644 -0.317725
0.640989 -0.293551 -0.289560
0.604083 -0.303722 -0.248128
0.587522 -0.344019 -0.203709
0.546040 -0.389991 -0.191799
0.517635 -0.441888 -0.170171
0.490848 -0.500959 -0.172673
0.444667 -0.534854 -0.161287
0.428441 -0.600849 -0.149164
0.384354 -0.640010 -0.158397
0.361915 -0.701352 -0.144741
0.324322 -0.750094 -0.152481
0.287927 -0.789913 -0.117566
0.256301 -0.849620 -0.116907
0.203309 -0.857680 -0.077899
0.154981 -0.891892 -0.063467
0.107761 -0.916229 -0.035361
0.083527 -0.927171 0.024731
0.041148 -0.944152 0.064205
0.013745 -0.964516 0.113047
0.015452 -0.971531 0.185029
0.000141 -0.981861 0.252182
0.023425 -1.000000 0.311227
0.034970 -0.975413 0.379020
0.048346 -0.967536 0.441634
0.085920 -0.945583 0.498390
0.091183 -0.938545 0.566435
0.129479 -0.904446 0.619739
0.176751 -0.868895 0.655196
0.198944 -0.814000 0.705648
0.221489 -0.776474 0.757128
0.249314 -0.703259 0.788823
0.273742 -0.638013 0.816775
0.280289 -0.553992 0.836385
0.275343 -0.473421 0.861679
0.265417 -0.392828 0.853222
0.231133 -0.321861 0.873938
0.181943 -0.272007 0.876654
0.137399 -0.213117 0.880805
0.085269 -0.166578 0.860476
0.029937 -0.152230 0.821585
-0.026100 -0.147599 0.791345
-0.059152 -0.154500 0.732843
-0.086431 -0.219020 0.697793
-0.114801 -0.272325 0.669744
-0.120908 -0.336436 0.640590
-0.139581 -0.390831 0.608352
-0.144597 -0.456077 0.579567
-0.153925 -0.488723 0.525022
-0.140303 -0.488337 0.455096
-0.133509 -0.534331 0.410599
-0.145512 -0.521709 0.352330
-0.151302 -0.546386 0.299744
-0.174393 -0.554809 0.248186
-0.198539 -0.586320 0.204485
-0.206054 -0.608954 0.151162
-0.223970 -0.601326 0.097024
-0.260700 -0.616831 0.057648
-0.279039 -0.610180 0.003744
-0.301355 -0.570587 -0.036428
-0.341341 -0.563481 -0.078035
-0.300915 -0.525977 -0.115394
-0.270627 -0.579032 -0.137933
-0.256529 -0.605775 -0.190577
-0.234512 -0.662781 -0.210537
-0.193312 -0.693338 -0.243356
-0.165611 -0.746779 -0.263530
-0.128775 -0.791117 -0.283606
-0.102675 -0.809029 -0.334620
-0.087804 -0.883810 -0.335629
-0.091130 -0.905195 -0.404954
-0.087821 -0.910167 -0.466773
-0.072844 -0.883923 -0.528494
-0.053326 -0.876886 -0.584281
-0.042397 -0.849620 -0.636944
-0.034759 -0.817429 -0.689432
-0.008342 -0.803785 -0.741378
0.000370 -0.776655 -0.796602
-0.031837 -0.753068 -0.852621
0.006019 -0.722034 -0.904256
0.040866 -0.767234 -0.940140
