1.000000 -0.973917 -0.576893
0.989276 -1.000000 -0.501553
0.948863 -0.967038 -0.430230
0.934077 -0.994948 -0.360971
0.908094 -0.966703 -0.286070
0.879667 -0.996104 -0.213145
0.879667 -0.974860 -0.141449
0.838189 -0.911158 -0.076624
0.792572 -0.936511 -0.001328
0.712810 -0.877648 0.049557
0.639711 -0.868943 0.115238
0.546347 -0.813794 0.160877
0.494697 -0.790327 0.223462
0.385167 -0.725225 0.249893
0.253874 -0.708486 0.286180
0.158538 -0.677350 0.326616
0.047155 -0.615717 0.348590
-0.062887 -0.598825 0.381892
-0.150692 -0.574477 0.428233
-0.215117 -0.512600 0.485418
-0.322911 -0.498874 0.528049
-0.399006 -0.470234 0.583610
-0.500966 -0.491448 0.617592
-0.571975 -0.456659 0.684656
-0.648937 -0.461773 0.742105
-0.721247 -0.412619 0.806008
-0.741632 -0.367939 0.872655
-0.791428 -0.290541 0.928963
-0.820013 -0.208455 0.979804
-0.804164 -0.097060 1.000000
-0.839372 0.011961 0.997344
-0.919016 0.090760 0.975479
-0.955447 0.178019 0.946063
-0.955210 0.242391 0.883214
-0.995308 0.297054 0.831407
-1.000000 0.336803 0.769348
-0.938138 0.372991 0.718243
-0.941017 0.398953 0.652782
-0.923865 0.386170 0.587145
-0.873122 0.384283 0.527962
-0.858968 0.397492 0.462325
-0.862004 0.374757 0.399234
-0.800142 0.373113 0.341829
-0.807712 0.388057 0.278102
-0.770374 0.372291 0.216174
-0.752080 0.418006 0.161623
-0.730119 0.411614 0.095525
-0.654497 0.456568 0.054935
-0.618815 0.459125 -0.005697
-0.551473 0.502374 -0.048964
-0.543508 0.564920 -0.094427
-0.503135 0.588599 -0.153347
-0.415211 0.617787 -0.190007
-0.355991 0.631361 -0.246227
-0.308993 0.575542 -0.295971
-0.195087 0.584216 -0.329799
-0.101881 0.552441 -0.365515
0.006900 0.536523 -0.392670
0.097899 0.544802 -0.450514
0.189055 0.471603 -0.486362
0.297717 0.418371 -0.492377
0.391870 0.342647 -0.494858
0.526042 0.321068 -0.475628
0.650633 0.295502 -0.467747
0.778260 0.283145 -0.478108
0.765327 0.246469 -0.548970
0.679849 0.283632 -0.591601
0.546781 0.272066 -0.573293
0.411781 0.263635 -0.587233
0.286007 0.251857 -0.590262
0.188188 0.191563 -0.627800
0.099160 0.149501 -0.672561
0.073572 0.053658 -0.702021
-0.030241 0.006057 -0.695633
-0.020069 0.015827 -0.621851
0.106651 0.039049 -0.603565
0.219059 0.062820 -0.574632
0.339905 0.108230 -0.598648
0.465797 0.132274 -0.621829
0.531207 0.205685 -0.662682
0.587391 0.282292 -0.681627
0.607578 0.374665 -0.688454
0.545677 0.435293 -0.746364
0.477191 0.491569 -0.787151
0.393723 0.412832 -0.801025
0.336593 0.403610 -0.740152
0.240390 0.386018 -0.691901
0.195482 0.374452 -0.629820
0.129519 0.368426 -0.573644
0.041675 0.399166 -0.523944
0.015968 0.406623 -0.456639
-0.055475 0.397736 -0.392890
-0.062256 0.430302 -0.320952
-0.089934 0.407384 -0.248159
-0.117218 0.395362 -0.184058
-0.131570 0.333790 -0.122724
-0.152979 0.252039 -0.071026
-0.114300 0.198533 -0.006070
-0.100146 0.158236 0.054738
0.019714 0.125000 0.032654
0.105902 0.196129 0.036210
0.225762 0.232347 0.037374
0.315893 0.294528 0.024663
0.383354 0.235299 -0.015904
0.318771 0.239987 -0.076624
0.236210 0.318207 -0.091047
0.136104 0.325998 -0.136444
0.031305 0.305058 -0.167660
-0.015061 0.275049 -0.239246
-0.056224 0.281410 -0.309274
-0.063123 0.250457 -0.383253
-0.083113 0.282627 -0.456990
-0.124512 0.275323 -0.531496
-0.199740 0.323685 -0.569166
-0.242282 0.377922 -0.516371
-0.288885 0.297571 -0.479689
-0.315499 0.205411 -0.504626
-0.203407 0.173971 -0.464037
-0.126562 0.118304 -0.414139
-0.053424 0.078098 -0.368369
-0.003430 -0.018292 -0.340468
0.017742 -0.098186 -0.290592
0.018610 -0.208820 -0.298934
-0.012735 -0.312515 -0.302556
-0.045736 -0.390096 -0.333750
-0.049008 -0.480947 -0.343629
0.086425 -0.494187 -0.352146
0.166621 -0.433589 -0.321962
0.261720 -0.396062 -0.285368
0.224027 -0.295593 -0.307144
0.190790 -0.212503 -0.331709
0.133699 -0.135835 -0.377677
0.093719 -0.072194 -0.425796
-0.030004 -0.023527 -0.445487
-0.151875 -0.001004 -0.475298
-0.272523 0.041332 -0.467374
-0.388400 0.074416 -0.470688
-0.380870 0.168462 -0.427860
-0.388124 0.252709 -0.396929
-0.347593 0.312911 -0.350895
-0.460277 0.333151 -0.326023
-0.483933 0.244582 -0.305169
-0.387296 0.232195 -0.264886
-0.405039 0.298576 -0.218743
-0.514174 0.253104 -0.194551
-0.476087 0.173119 -0.158967
-0.418129 0.114895 -0.118136
-0.314592 0.072163 -0.103208
-0.331704 -0.007305 -0.138420
-0.331388 0.037467 -0.200544
-0.216457 0.078524 -0.193366
-0.120806 0.021153 -0.187615
-0.087608 0.016861 -0.254349
-0.070812 0.120039 -0.257840
0.027520 0.134222 -0.215252
0.134369 0.194911 -0.202454
0.241218 0.235360 -0.183839
0.314789 0.317628 -0.176595
0.437567 0.346786 -0.182280
0.545401 0.410336 -0.178065
0.663447 0.439585 -0.213672
0.642195 0.521305 -0.242934
0.592359 0.487643 -0.304839
0.548042 0.395818 -0.281899
0.475456 0.302258 -0.281021
0.402791 0.229699 -0.249322
0.320940 0.140796 -0.249432
0.243425 0.083455 -0.207306
0.156724 0.026601 -0.179295
0.059102 -0.001491 -0.139012
0.073099 -0.095964 -0.156684
0.214091 -0.087290 -0.157584
0.317076 -0.076059 -0.125556
0.409849 -0.066015 -0.176046
0.358002 -0.023466 -0.235844
0.389189 0.026875 -0.298956
0.412057 0.065285 -0.356647
0.469109 0.042671 -0.428760
0.561251 0.017988 -0.478942
0.658834 -0.000944 -0.520344
0.746599 -0.003044 -0.567607
0.660371 0.005052 -0.619019
0.576075 0.027240 -0.671112
0.456295 -0.004626 -0.664482
0.407326 -0.026114 -0.599372
0.351772 -0.024318 -0.539377
0.308639 -0.013574 -0.475496
0.330048 -0.044862 -0.401934
0.392225 -0.098612 -0.343300
0.479241 -0.106556 -0.279331
0.578559 -0.135287 -0.234768
0.678350 -0.108108 -0.288353
0.800812 -0.051467 -0.295246
0.901234 -0.005935 -0.323521
0.825967 0.078068 -0.345495
0.766826 0.161401 -0.344748
0.721484 0.174154 -0.406676
0.614754 0.116265 -0.392429
0.574932 0.179937 -0.331687
0.592556 0.275688 -0.358600
0.517013 0.361121 -0.377238
0.453692 0.432737 -0.412405
0.370303 0.511657 -0.419825
0.316997 0.568481 -0.469613
0.237354 0.633309 -0.490182
0.160904 0.686602 -0.526052
0.129953 0.761657 -0.558695
0.058944 0.834429 -0.580932
0.069116 0.830442 -0.659148
-0.073414 0.811906 -0.672012
-0.178212 0.890218 -0.676600
-0.230769 0.948990 -0.729966
-0.310295 0.945307 -0.797535
-0.410638 0.896031 -0.843700
-0.516106 0.948411 -0.847015
-0.594409 0.961620 -0.903432
-0.703545 1.000000 -0.921762
-0.748650 0.986578 -1.000000
