0.983286 1.000000 0.411934
1.000000 0.979624 0.348331
0.976798 0.950504 0.273453
0.975955 0.946728 0.204336
0.967745 0.911185 0.128941
0.963328 0.874166 0.059847
0.940713 0.808265 0.024313
0.879392 0.775933 0.008172
0.843673 0.782031 -0.059376
0.852488 0.713960 -0.104483
0.834069 0.648797 -0.064891
0.770091 0.636429 -0.074038
0.753908 0.616921 -0.143245
0.785614 0.555122 -0.153221
0.760213 0.517148 -0.096165
0.703271 0.518146 -0.117127
0.709484 0.483926 -0.179653
0.732063 0.423342 -0.150351
0.682654 0.410105 -0.106030
0.639696 0.405093 -0.160059
0.659892 0.342382 -0.193933
0.651205 0.294036 -0.132685
0.586163 0.298614 -0.135802
0.557390 0.247144 -0.158557
0.525667 0.199557 -0.140106
0.509044 0.142662 -0.119615
0.486906 0.085831 -0.124973
0.469917 0.022426 -0.104640
0.516760 -0.000228 -0.149410
0.551141 -0.045341 -0.159072
0.575570 -0.090236 -0.191086
0.594612 -0.146459 -0.200143
0.638358 -0.177945 -0.215725
0.648474 -0.229567 -0.252379
0.641052 -0.284119 -0.284393
0.662714 -0.333659 -0.317461
0.651443 -0.369029 -0.374360
0.662439 -0.427660 -0.413525
0.649775 -0.430611 -0.495959
0.649831 -0.450987 -0.569829
0.660020 -0.384457 -0.613164
0.675158 -0.322549 -0.641143
0.639659 -0.278000 -0.603278
0.620636 -0.223861 -0.568080
0.584880 -0.179355 -0.545527
0.583598 -0.146242 -0.605183
0.557372 -0.192180 -0.643811
0.510016 -0.194002 -0.605990
0.497517 -0.129143 -0.612312
0.495831 -0.127885 -0.681272
0.451278 -0.166531 -0.687124
0.416073 -0.126626 -0.651030
0.422010 -0.072812 -0.690240
0.398955 -0.099654 -0.746354
0.349858 -0.111502 -0.718151
0.336516 -0.049919 -0.699006
0.340072 -0.021819 -0.761128
0.302886 -0.063655 -0.797783
0.256850 -0.074852 -0.745143
0.255933 -0.005631 -0.710619
0.278200 0.051937 -0.735391
0.247283 0.058035 -0.791573
0.197782 0.073832 -0.747520
0.203702 0.132658 -0.716291
0.195877 0.196758 -0.701696
0.212517 0.261010 -0.690733
0.167672 0.279302 -0.646904
0.158691 0.220692 -0.602471
0.168588 0.150474 -0.610093
0.134720 0.108442 -0.647263
0.105177 0.052849 -0.685667
0.075891 0.012445 -0.729899
0.046788 -0.040220 -0.758617
0.081481 -0.022470 -0.824259
0.120462 -0.019540 -0.880373
0.069733 -0.007671 -0.931466
0.033300 0.046013 -0.952562
0.027289 0.094294 -0.900999
0.019316 0.088609 -0.833541
0.004710 0.122677 -0.769827
0.008998 0.075264 -0.716582
0.013763 0.064089 -0.639977
0.025548 0.028415 -0.578303
0.044186 0.013052 -0.516562
0.063887 -0.047901 -0.527928
0.101714 -0.032603 -0.574985
0.130615 0.012640 -0.537411
0.148538 -0.029110 -0.488247
0.179236 -0.067951 -0.529296
0.213177 -0.021254 -0.553530
0.234546 -0.006239 -0.492103
0.254614 -0.067691 -0.478584
0.292202 -0.070121 -0.531313
0.322661 -0.017262 -0.510531
0.333016 -0.037746 -0.445450
0.361495 -0.093426 -0.458183
0.403427 -0.060639 -0.490040
0.419903 -0.022318 -0.438589
0.436140 -0.072920 -0.398191
0.478145 -0.091951 -0.439374
0.508879 -0.034339 -0.437177
0.525722 -0.035706 -0.370683
0.571264 -0.079799 -0.385793
0.602584 -0.023055 -0.420027
0.633923 0.031692 -0.440607
0.616476 0.023468 -0.514746
0.569009 0.044820 -0.557588
0.560762 0.102627 -0.590813
0.504591 0.111675 -0.563552
0.465243 0.064393 -0.546110
0.445285 0.092189 -0.490982
0.423660 0.146242 -0.519745
0.387318 0.116080 -0.561310
0.358013 0.078063 -0.516495
0.341208 0.127646 -0.475805
0.315624 0.164904 -0.524767
0.277211 0.118250 -0.538667
0.253313 0.116080 -0.476432
0.241364 0.180310 -0.470872
0.207771 0.185626 -0.524319
0.168313 0.144485 -0.500129
0.156107 0.173605 -0.440069
0.142216 0.232627 -0.472307
0.099551 0.208714 -0.509343
0.068579 0.193351 -0.454619
0.065940 0.253480 -0.427896
0.039971 0.281863 -0.480849
-0.007221 0.244258 -0.477531
-0.020819 0.259100 -0.410140
-0.025016 0.325782 -0.409983
-0.071859 0.325565 -0.452041
-0.102025 0.291909 -0.391600
-0.121305 0.322115 -0.335104
-0.175479 0.305992 -0.348018
-0.167708 0.240222 -0.338109
-0.150884 0.244714 -0.273968
-0.198314 0.271382 -0.249756
-0.233061 0.220258 -0.269283
-0.209053 0.165837 -0.240654
-0.217759 0.179529 -0.174183
-0.277302 0.173106 -0.184406
-0.277724 0.130619 -0.253276
-0.267846 0.071705 -0.288137
-0.270521 0.075004 -0.369629
-0.265775 0.093036 -0.435496
-0.269202 0.161692 -0.425923
-0.217960 0.162799 -0.380054
-0.168350 0.140861 -0.411732
-0.123394 0.127451 -0.451234
-0.089435 0.110981 -0.502954
-0.057106 0.066367 -0.551289
-0.057638 0.118467 -0.610631
-0.020856 0.159652 -0.662306
0.022029 0.190357 -0.692303
0.077412 0.194046 -0.706830
0.076496 0.268561 -0.711067
0.035169 0.290152 -0.656903
-0.006543 0.261791 -0.616236
-0.060680 0.248381 -0.636973
-0.109081 0.222190 -0.657778
-0.139412 0.170263 -0.699723
-0.183891 0.146698 -0.648160
-0.229066 0.124825 -0.609106
-0.265591 0.082316 -0.578326
-0.287144 0.057579 -0.639775
-0.234069 0.031128 -0.662934
-0.209145 0.014072 -0.587741
-0.181527 -0.008148 -0.529161
-0.158600 0.030151 -0.475872
-0.159571 -0.014267 -0.424824
-0.099313 -0.022860 -0.393102
-0.068762 -0.040588 -0.337369
-0.023385 -0.059771 -0.370279
-0.004527 0.002680 -0.387228
0.000971 0.026093 -0.322998
0.034216 -0.023077 -0.299234
0.076386 -0.013616 -0.344296
0.089141 0.047489 -0.323043
0.102996 0.031475 -0.258679
0.143792 -0.011229 -0.274529
0.176927 0.029891 -0.311565
0.185430 0.074656 -0.263858
0.214790 0.033840 -0.222719
0.255329 0.011989 -0.264687
0.276294 0.070924 -0.284505
0.288537 0.092580 -0.220791
0.321671 0.040654 -0.202027
0.360744 0.058490 -0.252290
0.356950 0.131639 -0.270314
0.313131 0.168332 -0.297374
0.278347 0.223427 -0.324299
0.216806 0.241632 -0.324523
0.213690 0.295012 -0.272242
0.209841 0.371654 -0.255383
0.152314 0.385108 -0.216464
0.098946 0.392355 -0.190257
0.069770 0.370982 -0.244802
0.089893 0.308184 -0.239130
0.070760 0.295794 -0.176043
0.016769 0.304126 -0.189046
0.013269 0.255346 -0.235049
0.027032 0.205069 -0.193530
-0.014460 0.213879 -0.148625
-0.055017 0.199015 -0.197812
-0.039622 0.136695 -0.208730
-0.051297 0.115212 -0.146294
-0.107578 0.123653 -0.150464
-0.111940 0.074266 -0.198328
-0.085384 0.021862 -0.162996
-0.119729 0.009884 -0.109437
-0.165711 -0.020343 -0.151517
-0.161074 -0.080993 -0.181110
-0.201631 -0.113541 -0.146047
-0.241400 -0.065478 -0.189472
-0.224576 -0.073832 -0.265113
-0.234198 -0.085181 -0.331226
-0.205553 -0.103777 -0.401643
-0.171905 -0.133592 -0.454933
-0.115660 -0.148369 -0.451054
-0.081298 -0.167052 -0.503043
-0.128544 -0.167942 -0.552611
-0.176542 -0.129859 -0.555391
-0.226885 -0.170654 -0.525372
-0.240264 -0.204570 -0.467980
-0.261413 -0.259773 -0.499187
-0.269550 -0.306990 -0.546043
-0.305196 -0.267650 -0.585948
-0.305177 -0.205568 -0.603883
-0.344818 -0.152058 -0.572295
-0.323907 -0.111024 -0.516024
-0.305965 -0.139949 -0.453229
-0.281554 -0.149497 -0.386533
-0.238340 -0.176491 -0.331338
-0.199139 -0.208107 -0.291119
-0.138514 -0.218891 -0.289729
-0.088005 -0.240309 -0.272063
-0.059159 -0.193785 -0.306207
-0.078420 -0.141034 -0.269193
-0.063722 -0.162213 -0.206107
-0.007202 -0.170394 -0.218549
0.002951 -0.107466 -0.234489
-0.015303 -0.082034 -0.175303
0.021112 -0.111740 -0.135039
0.068432 -0.087828 -0.163982
0.057235 -0.022318 -0.155911
0.051736 -0.022383 -0.086861
0.104114 -0.044950 -0.074419
0.134720 0.003027 -0.108294
0.110620 0.063069 -0.081077
0.120040 0.065695 -0.013149
0.163511 0.111089 -0.011086
0.181270 0.144268 -0.069778
0.213305 0.187297 -0.115602
0.218675 0.223861 -0.175393
0.277614 0.234515 -0.159296
0.308769 0.198320 -0.116589
0.351617 0.237922 -0.091614
0.315385 0.297161 -0.093542
0.274773 0.295750 -0.040836
0.222395 0.307815 0.004495
0.168203 0.305298 0.027048
0.143828 0.319468 -0.042024
0.161331 0.257277 -0.071348
0.121397 0.214942 -0.039782
0.082360 0.161714 -0.032989
0.026519 0.131357 -0.015301
-0.009457 0.075720 0.016422
-0.044442 0.027569 0.037921
-0.048181 -0.031084 0.072334
-0.101823 -0.042021 0.052606
-0.089068 -0.046512 -0.015256
-0.053679 -0.096963 -0.010795
-0.090956 -0.140817 0.017318
-0.125447 -0.141881 -0.037585
-0.087822 -0.168527 -0.079957
-0.079337 -0.224381 -0.043504
-0.131440 -0.248402 -0.042741
-0.138385 -0.248685 -0.111029
-0.098946 -0.292343 -0.125175
-0.115715 -0.344031 -0.087063
-0.169138 -0.347807 -0.119705
-0.151599 -0.358917 -0.187141
-0.120132 -0.414814 -0.182836
-0.115679 -0.427009 -0.258096
-0.145533 -0.370960 -0.286971
-0.165839 -0.312806 -0.319658
-0.233428 -0.322744 -0.324904
-0.281059 -0.347069 -0.351268
-0.253074 -0.367857 -0.414713
-0.200202 -0.393310 -0.383932
-0.168020 -0.443783 -0.361738
-0.118556 -0.413816 -0.408862
-0.061175 -0.375343 -0.425788
-0.014826 -0.337131 -0.440943
-0.022927 -0.291172 -0.390636
0.008962 -0.324697 -0.343668
0.062604 -0.307186 -0.357411
0.060717 -0.244019 -0.330665
0.044149 -0.268387 -0.264911
0.085806 -0.317536 -0.249487
0.130138 -0.277566 -0.291634
0.139815 -0.231477 -0.339454
0.136003 -0.182306 -0.281658
0.107432 -0.200990 -0.221912
0.095922 -0.244258 -0.173488
0.046293 -0.254782 -0.136990
0.069587 -0.310462 -0.093923
0.076313 -0.352884 -0.033124
0.058609 -0.416463 -0.061820
0.071254 -0.478046 -0.087444
0.017905 -0.497684 -0.098609
0.003445 -0.449381 -0.142976
0.043306 -0.463442 -0.186939
0.030679 -0.526978 -0.202228
-0.021845 -0.514414 -0.224849
-0.007184 -0.472404 -0.275695
0.028003 -0.512266 -0.310421
-0.007037 -0.560959 -0.323693
-0.044827 -0.526739 -0.359451
-0.009860 -0.507752 -0.409288
0.009860 -0.566340 -0.430093
-0.038340 -0.601536 -0.441168
-0.064254 -0.550760 -0.486341
-0.015761 -0.517430 -0.526471
0.018822 -0.558528 -0.559965
0.052671 -0.566362 -0.626548
0.092184 -0.555057 -0.679995
0.088537 -0.479369 -0.677685
0.053789 -0.469583 -0.607044
-0.000421 -0.439356 -0.586822
-0.048639 -0.414207 -0.566175
-0.084468 -0.379162 -0.528399
-0.137212 -0.428116 -0.540909
-0.187464 -0.454589 -0.561803
-0.204527 -0.419913 -0.619105
-0.175186 -0.380659 -0.663450
-0.174397 -0.337955 -0.721738
-0.126326 -0.312220 -0.741220
-0.116723 -0.338867 -0.804800
-0.150444 -0.378620 -0.838518
-0.184770 -0.395697 -0.892009
-0.233795 -0.369875 -0.852866
-0.230093 -0.302564 -0.851543
-0.242848 -0.236468 -0.860645
-0.221589 -0.173214 -0.873738
-0.273912 -0.136478 -0.866384
-0.279227 -0.150430 -0.788120
-0.283203 -0.150300 -0.717860
-0.325740 -0.207282 -0.710305
-0.359846 -0.261747 -0.701920
-0.398424 -0.311699 -0.694701
-0.418382 -0.368920 -0.682461
-0.375662 -0.417440 -0.696450
-0.322075 -0.402012 -0.710484
-0.292330 -0.442567 -0.667709
-0.296949 -0.498877 -0.705843
-0.258957 -0.483210 -0.753685
-0.212407 -0.489568 -0.705709
-0.202419 -0.552778 -0.691742
-0.145038 -0.561783 -0.714654
-0.126766 -0.492454 -0.739225
-0.092330 -0.453352 -0.704162
-0.042298 -0.424405 -0.691271
0.018858 -0.413707 -0.678762
0.066838 -0.383046 -0.638296
0.120975 -0.368313 -0.620383
0.116797 -0.336567 -0.560480
0.119820 -0.394504 -0.521225
0.174947 -0.400297 -0.526583
0.186328 -0.345268 -0.489839
0.164153 -0.366056 -0.431460
0.197929 -0.421085 -0.425811
0.245560 -0.386410 -0.421148
0.232952 -0.351496 -0.366177
0.223257 -0.402207 -0.324680
0.275341 -0.427660 -0.328760
0.300504 -0.375604 -0.297822
0.271419 -0.372783 -0.238502
0.284376 -0.442329 -0.224019
0.323174 -0.482342 -0.254262
0.310785 -0.513936 -0.323021
0.333914 -0.544446 -0.378664
0.287419 -0.576452 -0.400612
0.260607 -0.521314 -0.420856
0.297278 -0.500309 -0.465806
0.294786 -0.554623 -0.506003
0.241364 -0.556315 -0.523086
0.239879 -0.492997 -0.551199
0.280125 -0.504302 -0.598458
0.253019 -0.553863 -0.632355
0.207276 -0.513329 -0.647241
0.234143 -0.461337 -0.680510
0.261285 -0.480172 -0.737028
0.214441 -0.491716 -0.778794
0.191900 -0.423212 -0.771553
0.229781 -0.384804 -0.809373
0.257180 -0.330946 -0.848539
0.284266 -0.278955 -0.897748
0.314029 -0.235209 -0.937631
0.359333 -0.213901 -0.971618
0.391148 -0.219998 -0.909114
0.371337 -0.265501 -0.857103
0.326015 -0.256518 -0.811369
0.279886 -0.268236 -0.773234
0.216109 -0.285725 -0.770589
0.159186 -0.287005 -0.750165
0.104078 -0.299721 -0.750322
0.051260 -0.301956 -0.727433
0.033208 -0.368356 -0.770006
-0.002951 -0.428940 -0.787694
-0.042573 -0.461945 -0.841275
-0.083094 -0.484534 -0.888960
-0.109301 -0.489178 -0.949154
-0.154495 -0.509032 -0.983186
-0.136626 -0.571982 -1.000000
-0.133602 -0.590491 -0.923799
-0.179529 -0.594896 -0.884902
-0.191808 -0.659755 -0.892995
-0.142546 -0.682887 -0.867662
-0.147622 -0.655654 -0.804665
-0.196371 -0.685838 -0.786999
-0.178906 -0.750502 -0.794218
-0.118061 -0.729063 -0.768975
-0.080198 -0.699530 -0.728598
-0.030422 -0.694453 -0.769849
-0.030001 -0.696015 -0.842553
-0.009328 -0.628422 -0.857349
0.013983 -0.568640 -0.874119
0.033135 -0.501958 -0.864344
0.042207 -0.428116 -0.875240
0.055897 -0.361911 -0.874769
0.052525 -0.295989 -0.882032
0.066508 -0.231260 -0.895842
0.088500 -0.229416 -0.827914
0.145460 -0.249010 -0.843831
0.180060 -0.213119 -0.900192
0.199945 -0.166119 -0.939335
0.167103 -0.110590 -0.918037
0.133694 -0.146112 -0.858874
0.134848 -0.143161 -0.787694
0.133767 -0.152926 -0.714475
0.150719 -0.121397 -0.656567
0.140603 -0.170437 -0.612424
0.177568 -0.213141 -0.640425
0.223880 -0.175146 -0.632803
0.224063 -0.168310 -0.565143
0.228077 -0.234406 -0.552723
0.276716 -0.245148 -0.583325
0.307028 -0.207673 -0.541850
0.295116 -0.237813 -0.483135
0.310236 -0.300003 -0.498672
0.365106 -0.284727 -0.516741
0.382498 -0.258254 -0.458004
0.371135 -0.316256 -0.422717
0.399359 -0.363300 -0.458901
0.450674 -0.325457 -0.453857
0.461138 -0.278044 -0.403168
0.450784 -0.210472 -0.411552
0.408064 -0.227137 -0.353017
0.367323 -0.227962 -0.294033
0.328086 -0.210884 -0.249711
0.352662 -0.151255 -0.230185
0.341171 -0.114127 -0.287711
0.278530 -0.125368 -0.286164
0.283259 -0.123046 -0.205905
0.294383 -0.081513 -0.153445
0.251003 -0.111458 -0.113742
0.238248 -0.178813 -0.112867
0.195125 -0.218089 -0.129950
0.223568 -0.277002 -0.129009
0.226922 -0.278087 -0.058726
0.210538 -0.282232 0.004495
0.209951 -0.250746 0.065138
0.256666 -0.282362 0.091233
0.292715 -0.249943 0.035029
0.289911 -0.182285 0.039648
0.308439 -0.115798 0.028438
0.290278 -0.053782 0.019247
0.280894 0.007237 -0.020211
0.263502 0.050787 0.027205
0.272446 0.108377 0.063344
0.232933 0.084030 0.118046
0.253624 0.011685 0.124503
0.306717 0.003114 0.148311
0.294603 -0.068515 0.187454
0.298580 -0.142033 0.176671
0.280106 -0.198820 0.209380
0.239073 -0.239766 0.221127
0.190690 -0.263570 0.238973
0.164391 -0.292322 0.288855
0.117841 -0.325218 0.313807
0.112875 -0.274724 0.371916
0.076807 -0.226530 0.382004
0.060808 -0.168007 0.421484
0.023733 -0.121765 0.448790
0.004728 -0.063438 0.475782
-0.031027 -0.032278 0.533712
-0.073930 0.016654 0.557476
-0.111555 0.047554 0.607201
-0.163566 0.089824 0.610048
-0.200898 0.136781 0.641076
-0.237570 0.188816 0.647734
-0.224723 0.187276 0.728823
-0.221222 0.180180 0.796662
-0.260497 0.133526 0.802939
-0.231265 0.087524 0.767899
-0.186017 0.085441 0.806885
-0.210171 0.065912 0.864568
-0.231375 0.009602 0.838831
-0.182846 -0.020083 0.818744
-0.158178 -0.022144 0.881158
-0.188747 -0.073875 0.906334
-0.158032 -0.115256 0.855690
-0.109906 -0.092840 0.822219
-0.113828 -0.039438 0.774086
-0.086887 0.006130 0.730952
-0.093613 0.079799 0.706852
-0.110071 0.144788 0.671879
-0.118501 0.209930 0.643407
-0.106497 0.267042 0.612424
-0.072629 0.289609 0.664481
-0.030972 0.238725 0.662844
-0.008779 0.255368 0.595498
0.025346 0.306318 0.598547
0.026446 0.317081 0.522884
-0.013635 0.275375 0.496228
-0.058517 0.258297 0.450404
-0.113296 0.240460 0.427828
-0.148832 0.217242 0.368396
-0.176157 0.201141 0.312820
-0.180170 0.189228 0.245788
-0.191625 0.253827 0.226777
-0.139320 0.278478 0.236013
-0.119179 0.240873 0.185302
-0.149345 0.268539 0.135824
-0.128984 0.329384 0.141182
-0.077760 0.311309 0.121633
-0.092312 0.284076 0.058748
-0.107083 0.337239 0.022834
-0.050948 0.354881 0.010324
-0.035664 0.309963 -0.038639
-0.036800 0.344422 -0.101792
-0.039952 0.406416 -0.120221
-0.057015 0.450249 -0.185639
-0.069843 0.503000 -0.226261
-0.049207 0.482646 -0.287308
-0.087235 0.424318 -0.283474
-0.128287 0.409302 -0.235857
-0.114854 0.380508 -0.168600
-0.130102 0.355141 -0.101434
-0.111922 0.291606 -0.080943
-0.145240 0.252894 -0.042002
-0.192339 0.225987 -0.015009
-0.228736 0.197192 0.030658
-0.200440 0.142922 0.074845
-0.179712 0.099958 0.120221
-0.146614 0.064892 0.170102
-0.125667 0.007128 0.203372
-0.086246 -0.025681 0.240094
-0.040997 0.001747 0.208012
-0.053093 0.064414 0.226755
-0.059104 0.057514 0.296567
-0.003427 0.032516 0.310556
0.021644 0.100327 0.314277
0.049794 0.162235 0.309031
0.053441 0.236706 0.301992
0.067772 0.300546 0.269978
0.040337 0.369549 0.277847
0.067552 0.423472 0.298293
0.088023 0.388124 0.358779
0.054962 0.330165 0.373777
0.027893 0.272489 0.399738
-0.008595 0.215528 0.372566
-0.061303 0.170632 0.379740
-0.106533 0.117946 0.365616
-0.155942 0.082577 0.352636
-0.198809 0.051330 0.319837
-0.253771 0.041565 0.305153
-0.270815 0.011251 0.363778
-0.277742 0.078237 0.395344
-0.323999 0.103082 0.358734
-0.378338 0.134959 0.351762
-0.385027 0.154618 0.281815
-0.403629 0.093838 0.250272
-0.421845 0.035706 0.304256
-0.434381 -0.009862 0.357456
-0.396500 -0.058208 0.365930
-0.371868 -0.030260 0.423838
-0.414222 -0.053239 0.469393
-0.391423 -0.114843 0.472509
-0.355741 -0.154531 0.506204
-0.349730 -0.200642 0.455897
-0.329607 -0.159088 0.408369
-0.285055 -0.136868 0.442759
-0.259672 -0.195500 0.447086
-0.255292 -0.203810 0.379045
-0.226409 -0.148347 0.363666
-0.181838 -0.166379 0.400702
-0.169376 -0.222059 0.367746
-0.165124 -0.194914 0.304413
-0.123687 -0.152795 0.318178
-0.086759 -0.200621 0.337503
-0.087547 -0.234059 0.277511
-0.071236 -0.183608 0.238166
-0.022432 -0.175406 0.269350
-0.000641 -0.235166 0.259957
-0.002731 -0.235188 0.188463
0.013360 -0.163341 0.169183
0.065005 -0.148217 0.196063
0.119197 -0.115473 0.166560
0.146119 -0.070100 0.213886
0.173811 -0.033254 0.265987
0.136150 -0.056516 0.324904
0.084431 -0.051308 0.356447
0.031357 -0.040719 0.374584
-0.017429 -0.000076 0.398819
-0.069037 -0.005132 0.439890
-0.122844 0.019041 0.463654
-0.163970 0.025507 0.519409
-0.218877 0.045276 0.539048
-0.255274 0.061810 0.597247
-0.313406 0.066562 0.626728
-0.362962 0.061941 0.660042
-0.388124 0.017240 0.616886
-0.357024 -0.036943 0.632713
-0.374764 -0.038462 0.706359
-0.433391 -0.056451 0.703848
-0.451168 -0.122113 0.728576
-0.436965 -0.183760 0.701674
-0.385119 -0.159457 0.667956
-0.338202 -0.164817 0.709812
-0.313259 -0.222710 0.694365
-0.291084 -0.207130 0.633050
-0.255952 -0.161323 0.658854
-0.227673 -0.199037 0.701539
-0.208045 -0.239961 0.652061
-0.179896 -0.192982 0.617760
-0.146816 -0.172021 0.669996
-0.124182 -0.232866 0.679950
-0.100669 -0.237922 0.616818
-0.067626 -0.185561 0.622715
-0.038963 -0.208411 0.678605
-0.018547 -0.264547 0.645716
-0.012151 -0.262876 0.570412
-0.071035 -0.289414 0.543330
-0.110345 -0.290933 0.477755
-0.113956 -0.335981 0.427246
-0.054430 -0.339214 0.418995
-0.026500 -0.280431 0.449933
0.011143 -0.235036 0.473966
0.017759 -0.183283 0.532300
0.024430 -0.114431 0.564785
0.015486 -0.071553 0.623701
0.021332 0.008105 0.631436
0.035774 0.069579 0.612200
0.052726 0.112977 0.565793
0.106442 0.118814 0.587607
0.121397 0.055105 0.568304
0.107120 0.050006 0.499412
0.141886 0.089672 0.464035
0.188033 0.050831 0.455762
0.155081 0.004915 0.408010
0.128654 0.044429 0.353421
0.112471 0.083727 0.301274
0.122203 0.143834 0.256751
0.096894 0.200924 0.217630
0.098836 0.258102 0.171739
0.072647 0.319793 0.147885
0.093980 0.365861 0.102286
0.047540 0.388580 0.069196
0.036159 0.440571 0.113674
0.077357 0.484838 0.082826
0.054431 0.490436 0.009988
0.010959 0.529321 0.013933
-0.014185 0.589688 -0.000504
-0.053001 0.596068 0.048503
-0.069953 0.635062 0.102443
-0.090516 0.568336 0.135421
-0.095592 0.517799 0.178935
-0.123284 0.476245 0.219177
-0.151196 0.449077 0.274506
-0.147677 0.403964 0.334432
-0.166370 0.352602 0.384740
-0.170164 0.318795 0.445248
-0.183341 0.289327 0.504590
-0.212444 0.296271 0.570143
-0.240465 0.293776 0.630516
-0.284890 0.291367 0.673448
-0.320297 0.319099 0.719250
-0.360451 0.327431 0.765186
-0.406671 0.355727 0.786842
-0.424356 0.408955 0.826972
-0.471364 0.357940 0.855152
-0.455622 0.303041 0.895103
-0.475690 0.261813 0.940635
-0.459782 0.203463 0.962987
-0.475909 0.149237 0.984217
-0.476331 0.087416 1.000000
-0.483662 0.034317 0.963816
-0.489343 -0.024466 0.957292
-0.498085 -0.081340 0.925166
-0.544983 -0.093882 0.896537
-0.576872 -0.113021 0.851431
-0.614551 -0.110026 0.810651
-0.641968 -0.153034 0.777337
-0.636800 -0.172867 0.717008
-0.644607 -0.160390 0.650693
-0.693173 -0.147544 0.624374
-0.712251 -0.118988 0.573528
-0.746522 -0.077282 0.547186
-0.792413 -0.073636 0.514522
-0.830056 -0.036769 0.484907
-0.878219 0.004633 0.480871
-0.868634 0.006065 0.402181
-0.889801 0.006694 0.329881
-0.900431 0.021016 0.265225
-0.956309 0.007888 0.262804
-0.969962 0.059185 0.310870
-0.936443 0.116384 0.286321
-0.948172 0.138799 0.223235
-1.000000 0.173084 0.245609
-0.984550 0.223622 0.289236
-0.966975 0.285313 0.307552
-0.927114 0.324003 0.336674
-0.947457 0.322050 0.402024
-0.938349 0.256691 0.413503
-0.882837 0.258210 0.402899
-0.871383 0.302933 0.452691
-0.891634 0.268149 0.504523
-0.859672 0.214747 0.496116
-0.809823 0.245082 0.501026
-0.817667 0.267715 0.567520
-0.831889 0.202725 0.595902
-0.785339 0.162452 0.581442
-0.742527 0.110742 0.595229
-0.733364 0.080276 0.532277
-0.702703 0.072052 0.474280
-0.743993 0.044711 0.436101
-0.778668 0.097875 0.439127
-0.743114 0.140383 0.410745
-0.738019 0.109853 0.350663
-0.791955 0.113411 0.332011
-0.797801 0.179876 0.334365
-0.755558 0.191355 0.289146
-0.780079 0.160520 0.235588
-0.823018 0.203507 0.233032
-0.791845 0.258840 0.224311
-0.765656 0.242544 0.166426
-0.813562 0.236620 0.127865
-0.839897 0.299070 0.144523
-0.792101 0.347894 0.155956
-0.732704 0.333984 0.166067
-0.686227 0.360848 0.199336
-0.712471 0.423385 0.219962
-0.743718 0.413729 0.275045
-0.758160 0.425816 0.344901
-0.745093 0.410865 0.418704
-0.715440 0.408825 0.477419
-0.667314 0.388124 0.431617
-0.673765 0.411668 0.364585
-0.677211 0.365774 0.314950
-0.673380 0.305688 0.291096
-0.617099 0.304300 0.294683
-0.612022 0.312025 0.363307
-0.643563 0.258145 0.380144
-0.611161 0.213033 0.349901
-0.563640 0.226638 0.383820
-0.586475 0.210754 0.445965
-0.600220 0.148564 0.432469
-0.548887 0.127841 0.416462
-0.524036 0.140600 0.478091
-0.560634 0.106316 0.519050
-0.554825 0.047532 0.489076
-0.498910 0.041673 0.501384
-0.500046 0.043084 0.571398
-0.542417 -0.009993 0.569896
-0.556236 -0.054563 0.520261
-0.598021 -0.043019 0.467823
-0.605626 -0.067279 0.402921
-0.652103 -0.034100 0.387071
-0.628773 0.027591 0.390793
-0.587941 0.017414 0.344610
-0.620838 0.005045 0.289796
-0.644369 0.064610 0.290289
-0.598699 0.102583 0.284550
-0.580537 0.074439 0.224288
-0.625273 0.089260 0.185683
-0.628315 0.157287 0.194427
-0.569633 0.164860 0.174227
-0.535068 0.122525 0.141361
-0.492825 0.082685 0.158220
-0.433611 0.061984 0.136317
-0.384844 0.027092 0.124525
-0.332484 0.016025 0.099820
-0.337524 -0.055518 0.095538
-0.362375 -0.073094 0.036173
-0.319326 -0.073680 -0.008687
-0.293430 -0.124760 0.020816
-0.335288 -0.170849 0.017318
-0.337689 -0.170459 -0.050431
-0.286264 -0.192375 -0.059824
-0.293943 -0.251202 -0.030949
-0.327004 -0.275917 -0.079598
-0.295226 -0.269863 -0.136026
-0.251297 -0.306426 -0.110491
-0.286081 -0.363148 -0.105200
-0.331806 -0.364081 -0.149141
-0.380115 -0.319099 -0.134882
-0.434143 -0.287678 -0.115692
-0.479776 -0.236641 -0.099842
-0.533144 -0.209235 -0.067380
-0.579896 -0.158242 -0.059645
-0.637020 -0.180071 -0.021488
-0.683607 -0.218978 -0.007746
-0.719857 -0.268409 -0.011691
-0.748025 -0.258623 -0.075271
-0.710584 -0.208584 -0.116006
-0.666160 -0.173280 -0.137618
-0.604362 -0.174278 -0.158938
-0.545478 -0.167725 -0.164879
-0.492440 -0.180766 -0.194561
-0.434857 -0.190899 -0.182859
-0.384862 -0.191225 -0.227337
-0.357500 -0.126344 -0.201152
-0.342711 -0.069405 -0.173420
-0.361056 -0.007302 -0.134187
-0.375717 0.043800 -0.093228
-0.405626 0.069622 -0.043436
-0.446935 0.093318 -0.085472
-0.465610 0.034209 -0.106276
-0.478512 0.010470 -0.043817
-0.515734 0.055431 -0.026331
-0.551361 0.042021 -0.076975
-0.562265 -0.020603 -0.060654
-0.582516 -0.013313 0.002455
-0.623916 0.033905 -0.012342
-0.649867 -0.004568 -0.065698
-0.653789 -0.071618 -0.038392
-0.664015 -0.066931 0.033639
-0.711152 -0.022470 0.038549
-0.762137 -0.052480 0.022228
-0.770017 -0.081904 0.095403
-0.715275 -0.060812 0.134905
-0.673600 -0.025008 0.166157
-0.642976 -0.078736 0.185975
-0.618327 -0.097788 0.126789
-0.576707 -0.053825 0.128381
-0.552882 -0.084486 0.187118
-0.546614 -0.148716 0.169183
-0.512783 -0.137628 0.115311
-0.470082 -0.116623 0.154902
-0.462018 -0.172173 0.189674
-0.453532 -0.212946 0.135488
-0.407972 -0.184216 0.111186
-0.377385 -0.194805 0.167659
-0.382681 -0.261096 0.173331
-0.365729 -0.278977 0.111410
-0.315239 -0.248923 0.114459
-0.299716 -0.291454 0.167009
-0.308678 -0.352472 0.142684
-0.276697 -0.351691 0.085539
-0.226555 -0.344530 0.120019
-0.233538 -0.403834 0.164924
-0.279392 -0.442741 0.120759
-0.290204 -0.472230 0.060138
-0.322130 -0.523701 0.084664
-0.370897 -0.490111 0.085942
-0.367433 -0.488809 0.009180
-0.384129 -0.545292 -0.019538
-0.426152 -0.528019 -0.068052
-0.423110 -0.455544 -0.079979
-0.433061 -0.400948 -0.127260
-0.481298 -0.367770 -0.089484
-0.498580 -0.318817 -0.041867
-0.548685 -0.299743 -0.005930
-0.570787 -0.263266 0.045252
-0.622652 -0.289089 0.044042
-0.604417 -0.352754 0.060273
-0.585119 -0.336371 0.121947
-0.633941 -0.320748 0.147639
-0.657198 -0.380334 0.138425
-0.620526 -0.412188 0.180415
-0.633391 -0.377318 0.238278
-0.687547 -0.395133 0.241080
-0.677394 -0.459905 0.246774
-0.648089 -0.457627 0.304861
-0.691634 -0.433042 0.341965
-0.725428 -0.485445 0.332706
-0.692349 -0.531491 0.360684
-0.689929 -0.500526 0.423995
-0.746596 -0.497662 0.439038
-0.793421 -0.526522 0.421596
-0.831687 -0.486899 0.462219
-0.809237 -0.423320 0.456143
-0.789737 -0.370309 0.428725
-0.749345 -0.340342 0.396980
-0.707871 -0.299049 0.387609
-0.680729 -0.246449 0.359855
-0.637790 -0.219390 0.327706
-0.643251 -0.157374 0.359877
-0.617887 -0.183413 0.423300
-0.562888 -0.195630 0.411373
-0.507963 -0.189923 0.399738
-0.461743 -0.206132 0.366311
-0.456410 -0.265718 0.399895
-0.505800 -0.291302 0.375458
-0.491194 -0.286919 0.309121
-0.446403 -0.326563 0.314188
-0.473930 -0.380768 0.336920
-0.508953 -0.387451 0.284079
-0.467937 -0.396522 0.238278
-0.448108 -0.452810 0.264956
-0.495409 -0.490545 0.261481
-0.496894 -0.488049 0.189293
-0.443178 -0.512439 0.173465
-0.447979 -0.578578 0.191445
-0.461926 -0.643242 0.169452
-0.475378 -0.668305 0.248232
-0.518189 -0.684428 0.290783
-0.541024 -0.728130 0.330643
-0.605278 -0.721295 0.311901
-0.630038 -0.714394 0.249151
-0.660881 -0.718929 0.191243
-0.672134 -0.704803 0.124211
-0.693320 -0.645000 0.131923
-0.648218 -0.614404 0.157570
-0.615046 -0.627402 0.104191
-0.645817 -0.596155 0.055542
-0.643196 -0.535766 0.084328
-0.587153 -0.527759 0.085337
-0.573499 -0.545010 0.020726
-0.607862 -0.499029 -0.007544
-0.583488 -0.443284 0.019224
-0.529900 -0.460448 -0.007320
-0.517291 -0.503369 -0.058210
-0.499239 -0.567729 -0.053883
-0.458132 -0.622368 -0.081929
-0.417374 -0.665462 -0.103003
-0.374691 -0.687639 -0.140667
-0.391258 -0.674533 -0.208281
-0.433978 -0.641919 -0.236955
-0.410813 -0.620784 -0.295535
-0.395143 -0.679285 -0.319277
-0.449226 -0.700225 -0.325106
-0.466508 -0.655112 -0.370302
-0.433740 -0.676833 -0.420341
-0.455219 -0.738589 -0.426057
-0.505617 -0.716694 -0.443723
-0.492037 -0.682301 -0.500510
-0.475854 -0.735291 -0.537860
-0.534573 -0.765431 -0.527211
-0.569339 -0.706539 -0.553598
-0.602254 -0.676811 -0.596104
-0.612865 -0.614491 -0.567385
-0.612682 -0.625796 -0.492170
-0.643105 -0.591294 -0.431998
-0.689398 -0.583200 -0.378686
-0.709997 -0.531166 -0.320958
-0.748428 -0.483905 -0.320241
-0.734152 -0.463637 -0.388102
-0.678365 -0.481735 -0.405410
-0.627728 -0.489264 -0.451368
-0.584074 -0.531079 -0.479167
-0.553028 -0.545531 -0.535349
-0.512160 -0.566796 -0.577339
-0.522551 -0.504975 -0.617715
-0.467937 -0.482017 -0.588750
-0.440575 -0.514501 -0.539541
-0.402529 -0.545596 -0.582585
-0.382608 -0.484100 -0.608479
-0.370384 -0.445866 -0.549540
-0.347787 -0.499940 -0.502102
-0.330523 -0.543295 -0.439867
-0.326949 -0.573089 -0.378821
-0.293466 -0.517039 -0.349811
-0.329277 -0.462314 -0.345126
-0.363860 -0.416615 -0.320061
-0.403299 -0.419154 -0.369876
-0.424301 -0.477590 -0.349834
-0.439274 -0.461598 -0.286590
-0.474608 -0.411798 -0.308157
-0.510767 -0.450683 -0.342951
-0.526546 -0.484903 -0.287711
-0.546522 -0.432846 -0.251841
-0.585082 -0.413100 -0.299369
-0.615101 -0.469974 -0.295042
-0.624210 -0.464158 -0.223369
-0.651755 -0.404377 -0.209425
-0.707340 -0.431783 -0.211891
-0.711812 -0.455175 -0.145912
-0.741409 -0.448209 -0.084126
-0.718373 -0.508880 -0.052471
-0.680271 -0.546268 -0.020233
-0.702337 -0.607070 -0.036419
-0.695574 -0.600039 -0.105469
-0.640722 -0.596350 -0.107868
-0.633318 -0.660103 -0.085561
-0.657381 -0.689614 -0.139456
-0.620599 -0.665484 -0.185818
-0.575314 -0.693585 -0.157705
-0.594282 -0.755840 -0.164520
-0.599285 -0.755189 -0.232987
-0.545918 -0.745381 -0.249442
-0.528452 -0.801756 -0.219312
-0.558105 -0.842355 -0.259912
-0.537506 -0.824583 -0.320218
-0.484706 -0.841378 -0.307619
-0.493210 -0.906455 -0.295423
-0.516430 -0.920884 -0.356200
-0.472959 -0.901203 -0.396039
-0.432420 -0.938352 -0.368598
-0.460258 -1.000000 -0.382587
-0.476661 -0.975458 -0.455628
-0.460735 -0.960789 -0.520956
-0.515000 -0.971856 -0.549876
-0.538294 -0.910230 -0.522548
-0.584954 -0.856872 -0.540281
-0.620233 -0.812540 -0.568663
-0.656556 -0.776910 -0.616482
-0.665683 -0.715783 -0.565098
-0.682196 -0.687335 -0.507639
-0.690681 -0.678287 -0.434240
-0.723724 -0.680500 -0.372858
-0.726803 -0.676269 -0.303270
