0.953005 0.868937 -0.861090
0.903038 0.828424 -0.849396
0.850706 0.800818 -0.863146
0.796685 0.808933 -0.853440
0.747067 0.771615 -0.858917
0.694404 0.785098 -0.872829
0.642402 0.765129 -0.855659
0.588602 0.770816 -0.869571
0.536397 0.799923 -0.851661
0.513212 0.706754 -0.852493
0.536911 0.677455 -0.781663
0.511579 0.724008 -0.721393
0.467684 0.632309 -0.707204
0.483716 0.539939 -0.679982
0.479038 0.453639 -0.642059
0.505214 0.370918 -0.605454
0.523264 0.312640 -0.553204
0.549494 0.382101 -0.514958
0.501160 0.431178 -0.493558
0.477608 0.336922 -0.460050
0.516330 0.298070 -0.415379
0.539277 0.244968 -0.357213
0.584805 0.227075 -0.304269
0.624407 0.170330 -0.260292
0.659443 0.123394 -0.217448
0.671861 0.055499 -0.169935
0.643722 0.100582 -0.117222
0.592490 0.099144 -0.147288
0.588290 0.000767 -0.158680
0.589812 -0.023771 -0.088428
0.537314 0.022461 -0.075672
0.502719 -0.042335 -0.111907
0.460035 -0.106045 -0.131666
0.424156 -0.146335 -0.178185
0.392422 -0.063455 -0.185603
0.434667 -0.007732 -0.212803
0.445911 -0.065819 -0.268935
0.394147 -0.059588 -0.296066
0.394789 0.037862 -0.303738
0.437528 0.045945 -0.346837
0.416085 -0.005112 -0.399341
0.370906 0.049013 -0.411728
0.399393 0.131766 -0.427419
0.431273 0.098025 -0.481911
0.387727 0.067768 -0.522815
0.363202 0.157007 -0.526535
0.404254 0.205668 -0.557525
0.404731 0.149786 -0.615830
0.351921 0.161097 -0.636374
0.356617 0.259026 -0.644901
0.397283 0.257652 -0.694425
0.370337 0.201642 -0.741221
0.325012 0.262477 -0.748986
0.362505 0.338552 -0.774268
0.417901 0.321394 -0.794442
0.460915 0.313311 -0.740644
0.471059 0.205860 -0.764284
0.504315 0.133299 -0.804865
0.524914 0.078599 -0.735282
0.549182 0.033836 -0.683286
0.583337 0.027478 -0.628494
0.603826 -0.022589 -0.575088
0.557785 -0.007157 -0.533098
0.520916 -0.061378 -0.572384
0.548082 -0.145249 -0.570790
0.545367 -0.150265 -0.497833
0.489274 -0.145952 -0.490508
0.483459 -0.232986 -0.530603
0.520255 -0.306665 -0.502340
0.535975 -0.336795 -0.437171
0.590454 -0.337498 -0.401583
0.629892 -0.362387 -0.350049
0.649244 -0.258994 -0.332810
0.654288 -0.158093 -0.336160
0.682647 -0.085341 -0.390583
0.696716 -0.004857 -0.428552
0.735346 0.038788 -0.476411
0.764768 0.105310 -0.435253
0.813854 0.054668 -0.434352
0.834949 0.095246 -0.493258
0.835041 0.190651 -0.467861
0.864316 0.179980 -0.406344
0.909238 0.132820 -0.435415
0.920831 0.207042 -0.487550
0.928315 0.281456 -0.441447
0.969202 0.236597 -0.403016
1.000000 0.220078 -0.470819
0.999817 0.272094 -0.532798
0.973201 0.215765 -0.595840
0.943118 0.280625 -0.641227
0.933726 0.273756 -0.716240
0.899994 0.277813 -0.772858
0.863619 0.215669 -0.820694
0.832069 0.181769 -0.871859
0.780360 0.132213 -0.901947
0.756918 0.075212 -0.955607
0.730559 -0.007189 -0.985002
0.689085 -0.098121 -0.967809
0.658177 -0.175443 -1.000000
0.635248 -0.274522 -0.982136
0.583942 -0.344271 -0.953296
0.536562 -0.404754 -0.962170
0.505177 -0.482651 -0.923624
0.463887 -0.549492 -0.915720
0.416617 -0.586747 -0.866312
0.376721 -0.660649 -0.854087
0.336641 -0.703080 -0.791946
0.270459 -0.709470 -0.774245
0.213192 -0.734200 -0.766965
0.172581 -0.770848 -0.702236
0.125017 -0.755160 -0.651950
0.071327 -0.744872 -0.631891
0.042547 -0.792319 -0.561130
0.004998 -0.769282 -0.490785
-0.028881 -0.765544 -0.432804
-0.039263 -0.741485 -0.350072
-0.064907 -0.726788 -0.286637
-0.051095 -0.701035 -0.207395
-0.051370 -0.671257 -0.137951
-0.038053 -0.623171 -0.076457
-0.014427 -0.658285 -0.014940
0.017802 -0.657135 0.041701
0.079618 -0.681194 0.059726
0.133638 -0.670043 0.086002
0.188869 -0.656240 0.086602
0.243935 -0.678414 0.088451
0.299056 -0.659499 0.097371
0.347959 -0.615694 0.073291
0.405373 -0.599112 0.076619
0.430961 -0.505496 0.068438
0.479112 -0.451275 0.083390
0.485862 -0.348201 0.099775
0.505673 -0.272541 0.140447
0.506149 -0.196466 0.186342
0.495547 -0.097610 0.195447
0.493108 -0.014314 0.232145
0.465813 0.067001 0.248738
0.448442 0.162439 0.241181
0.437124 0.248738 0.273973
0.396953 0.324717 0.271061
0.380224 0.414691 0.290866
0.331303 0.472938 0.300295
0.305036 0.557032 0.323265
0.266406 0.619656 0.351205
0.215228 0.671736 0.322826
0.172361 0.725158 0.343648
0.122999 0.776248 0.320469
0.087322 0.850438 0.329828
0.031027 0.890664 0.323751
-0.010153 0.964790 0.298145
-0.063385 1.000000 0.277809
-0.121257 0.980222 0.235334
-0.174635 0.960125 0.208042
-0.227133 0.958751 0.184563
-0.258536 0.919260 0.112716
-0.290362 0.838776 0.074216
-0.338842 0.800435 0.054711
-0.361845 0.722538 0.001236
-0.403410 0.663557 -0.025432
-0.399961 0.580708 -0.087088
-0.396843 0.488050 -0.124224
-0.367494 0.406064 -0.148882
-0.331468 0.335037 -0.167924
-0.289701 0.342642 -0.218187
-0.239368 0.346092 -0.243145
-0.201893 0.435267 -0.238639
-0.153155 0.481820 -0.241273
-0.139545 0.571410 -0.214767
-0.103226 0.643811 -0.200578
-0.096842 0.691386 -0.138367
-0.061642 0.750431 -0.104697
-0.030844 0.763276 -0.049350
0.006796 0.820244 -0.019100
0.055515 0.813023 0.014016
0.088184 0.866349 0.057947
0.148845 0.848233 0.047501
0.195583 0.888843 0.027142
0.230527 0.918174 -0.032388
0.283079 0.955588 -0.015795
0.307861 0.871653 -0.061205
0.284308 0.887373 -0.136218
0.309090 0.972011 -0.167277
0.366632 0.941019 -0.186458
0.361019 0.850917 -0.234918
0.314996 0.889546 -0.289156
0.330606 0.931178 -0.352013
0.308430 0.860566 -0.395551
0.272514 0.854719 -0.448888
0.215430 0.837242 -0.465735
0.192520 0.816410 -0.535155
0.152238 0.742571 -0.521105
0.090514 0.738322 -0.526535
0.034109 0.721707 -0.520596
-0.020774 0.735095 -0.538206
-0.047078 0.693367 -0.476642
-0.006484 0.737076 -0.418222
0.047719 0.780082 -0.419262
0.096604 0.731005 -0.418499
0.159484 0.728162 -0.415818
0.216586 0.701003 -0.449581
0.269139 0.680363 -0.477890
0.242633 0.599463 -0.526466
0.213853 0.538756 -0.570512
0.207066 0.459039 -0.529678
0.171700 0.504281 -0.483205
0.131144 0.516295 -0.531227
0.123165 0.422998 -0.548281
0.111627 0.395489 -0.482350
0.066833 0.456163 -0.475186
0.032843 0.420410 -0.526073
0.016646 0.339670 -0.490346
-0.025268 0.386990 -0.455035
-0.057166 0.403508 -0.519071
-0.054763 0.315547 -0.554012
-0.033981 0.226660 -0.529008
0.015949 0.184772 -0.542735
0.044730 0.081155 -0.548674
0.090917 0.028149 -0.571714
0.088294 -0.047831 -0.516483
0.085011 -0.153652 -0.505021
0.073877 -0.248802 -0.484638
0.074684 -0.346955 -0.495523
0.034219 -0.371781 -0.441100
-0.010538 -0.286760 -0.452701
-0.009694 -0.194645 -0.484569
0.011877 -0.111860 -0.456352
0.022516 -0.006901 -0.455636
0.065641 0.079973 -0.459380
0.101483 0.160809 -0.461274
0.150019 0.097962 -0.428736
0.190520 0.035434 -0.406459
0.179643 0.041440 -0.336692
0.129346 -0.006007 -0.342400
0.151266 -0.088887 -0.366734
0.184999 -0.110966 -0.313629
0.144516 -0.114768 -0.264660
0.116488 -0.187328 -0.299301
0.154843 -0.258834 -0.294633
0.148826 -0.270688 -0.224611
0.099979 -0.321426 -0.230458
0.125457 -0.402805 -0.261771
0.166417 -0.421784 -0.212964
0.174122 -0.381238 -0.146710
0.210661 -0.310467 -0.130811
0.249035 -0.258259 -0.075302
0.293645 -0.199789 -0.061344
0.272202 -0.165186 0.007337
0.286143 -0.174516 0.081680
0.287500 -0.185475 0.156208
0.311603 -0.199853 0.220637
0.263012 -0.215669 0.264544
0.231425 -0.288996 0.212271
0.233021 -0.307176 0.139661
0.211413 -0.244776 0.090993
0.197858 -0.218289 0.016766
0.198683 -0.161448 -0.056537
0.197160 -0.105087 -0.119579
0.216256 -0.014538 -0.075071
0.235406 0.059525 -0.035484
0.186283 0.094127 -0.011774
0.175919 0.013419 0.029661
0.220089 0.027158 0.072598
0.207359 0.115790 0.096262
0.158292 0.086875 0.122491
0.177643 0.016007 0.166769
0.206094 0.067544 0.214836
0.159154 0.094287 0.252505
0.160988 0.013771 0.293847
0.212477 0.040226 0.327055
0.204204 0.137708 0.343070
0.154458 0.192217 0.337478
0.140058 0.256055 0.287284
0.105353 0.351588 0.271801
0.095246 0.428430 0.226322
0.035375 0.437664 0.247675
-0.001770 0.510128 0.280374
-0.042162 0.562304 0.315870
-0.065787 0.645760 0.342030
-0.105849 0.602882 0.389520
-0.067493 0.521982 0.423444
-0.016958 0.478401 0.402115
-0.013088 0.404467 0.355526
0.020113 0.329542 0.316910
0.042767 0.284012 0.246242
0.064026 0.241900 0.185002
0.017362 0.289763 0.138575
-0.022810 0.337721 0.102779
-0.065677 0.275545 0.109781
-0.070373 0.293917 0.181536
-0.084020 0.389098 0.174718
-0.129511 0.380376 0.134693
-0.155283 0.323216 0.183130
-0.154623 0.388619 0.237622
-0.189787 0.456547 0.212641
-0.237864 0.408397 0.230273
-0.238689 0.444246 0.297406
-0.244926 0.542559 0.277555
-0.287592 0.534603 0.226969
-0.318720 0.453096 0.208458
-0.310777 0.398684 0.149968
-0.344474 0.332673 0.097002
-0.345207 0.287526 0.030886
-0.384517 0.208064 0.051661
-0.437528 0.159787 0.032110
-0.489512 0.115183 0.027812
-0.536874 0.090709 -0.008608
-0.569965 0.064828 0.053764
-0.552759 0.151607 0.105737
-0.508057 0.217394 0.109504
-0.456660 0.197712 0.135617
-0.399851 0.226979 0.157733
-0.334679 0.219918 0.145670
-0.275614 0.214934 0.141048
-0.280713 0.111445 0.103102
-0.286179 0.026040 0.069548
-0.287500 -0.032207 0.127460
-0.339741 0.003067 0.146941
-0.367494 -0.026423 0.089722
-0.356617 -0.122660 0.092264
-0.382389 -0.132021 0.156231
-0.433749 -0.096747 0.138437
-0.451744 -0.164803 0.093258
-0.467849 -0.229791 0.144630
-0.519393 -0.189693 0.153042
-0.536195 -0.217298 0.083298
-0.517834 -0.313247 0.076989
-0.493823 -0.372292 0.128777
-0.439509 -0.395520 0.137258
-0.398843 -0.479967 0.160599
-0.344932 -0.517477 0.158195
-0.345996 -0.565787 0.227546
-0.338237 -0.660042 0.259715
-0.339173 -0.744488 0.299925
-0.328222 -0.839095 0.316980
-0.369310 -0.858074 0.368652
-0.420396 -0.805451 0.336484
-0.425752 -0.737523 0.281437
-0.421019 -0.638699 0.288856
-0.422358 -0.532526 0.267456
-0.392111 -0.434437 0.249408
-0.369237 -0.343121 0.234271
-0.317821 -0.366765 0.283818
-0.273303 -0.394306 0.323820
-0.295498 -0.370343 0.387371
-0.335981 -0.439804 0.385360
-0.299808 -0.514410 0.385568
-0.273266 -0.495942 0.446069
-0.319215 -0.496517 0.487319
-0.332239 -0.590357 0.470056
-0.287794 -0.640392 0.492611
-0.302248 -0.631446 0.562355
-0.338237 -0.708959 0.559952
-0.294544 -0.777014 0.550916
-0.255858 -0.746597 0.603258
-0.258830 -0.672311 0.653752
-0.236561 -0.582338 0.651488
-0.210037 -0.498658 0.697776
-0.176414 -0.414883 0.697337
-0.205488 -0.363442 0.755965
-0.196005 -0.317624 0.823329
-0.197124 -0.283948 0.893420
-0.171847 -0.243594 0.951378
-0.217980 -0.262924 1.000000
-0.229811 -0.374657 0.977099
-0.220621 -0.431306 0.916968
-0.251346 -0.423765 0.855613
-0.268423 -0.454374 0.783812
-0.274422 -0.431817 0.703553
-0.284217 -0.417535 0.630389
-0.285794 -0.302607 0.644347
-0.285207 -0.204933 0.656803
-0.339888 -0.196594 0.674666
-0.335357 -0.249633 0.735213
-0.299313 -0.187616 0.764978
-0.329506 -0.105374 0.762967
-0.371420 -0.144642 0.801791
-0.341575 -0.168541 0.860003
-0.326938 -0.080452 0.884638
-0.377840 -0.060547 0.914611
-0.367366 -0.109272 0.975019
-0.326773 -0.042207 0.997782
-0.355938 0.043933 0.990109
-0.412215 0.058151 0.976197
-0.435730 0.084574 0.914958
-0.488870 0.143140 0.892449
-0.513340 0.196626 0.838558
-0.571267 0.165346 0.849003
-0.626260 0.204997 0.861390
-0.680189 0.224711 0.883044
-0.725973 0.285226 0.890808
-0.757340 0.227586 0.940147
-0.708639 0.196530 0.990525
-0.649794 0.197616 0.983777
-0.619088 0.125152 0.953134
-0.568516 0.070995 0.930187
-0.527079 0.032398 0.872275
-0.488889 -0.006614 0.823190
-0.538195 -0.009138 0.766919
-0.579320 -0.008499 0.718574
-0.602341 -0.095437 0.733988
-0.621582 -0.063359 0.799064
-0.655260 0.006198 0.774152
-0.688590 -0.047862 0.732093
-0.707135 -0.104000 0.785499
-0.727697 -0.030865 0.826749
-0.769299 0.002908 0.785522
-0.805600 -0.073295 0.802669
-0.825796 -0.029011 0.860627
-0.850229 0.049428 0.823676
-0.877945 0.003099 0.768005
-0.883540 -0.095853 0.758091
-0.854888 -0.151767 0.712635
-0.860904 -0.242188 0.662996
-0.836068 -0.292447 0.606147
-0.855878 -0.391846 0.625513
-0.885264 -0.475653 0.598221
-0.919199 -0.556106 0.587174
-0.945686 -0.622404 0.543729
-0.978447 -0.668925 0.596788
-1.000000 -0.569270 0.634179
-0.979511 -0.472778 0.639009
-0.936001 -0.444054 0.681692
-0.898655 -0.372164 0.715200
-0.838636 -0.330213 0.728904
-0.786395 -0.288645 0.743787
-0.756606 -0.386990 0.726223
-0.734062 -0.473225 0.706580
-0.739730 -0.518532 0.769900
-0.796410 -0.524410 0.765001
-0.796392 -0.580644 0.706927
-0.767336 -0.657071 0.730845
-0.803289 -0.678062 0.783188
-0.849312 -0.689501 0.742515
-0.833702 -0.767206 0.703022
-0.840067 -0.836188 0.753562
-0.895976 -0.844080 0.744572
-0.889391 -0.886255 0.676561
-0.851091 -0.962777 0.692599
-0.837352 -1.000000 0.759039
-0.795456 -0.956067 0.799318
-0.779773 -0.972778 0.865527
-0.743380 -0.956579 0.923508
