0.156201 -0.353084 -0.313362
0.129843 -0.250702 -0.340037
0.110818 -0.175215 -0.386132
0.148759 -0.107245 -0.434317
0.158400 0.002344 -0.466720
0.189743 0.043808 -0.524040
0.157997 0.157699 -0.517936
0.243777 0.188351 -0.478071
0.326258 0.164170 -0.518982
0.290223 0.235396 -0.565306
0.297775 0.338474 -0.532674
0.409619 0.333902 -0.523560
0.438762 0.324291 -0.585438
0.388504 0.423727 -0.606343
0.444664 0.500378 -0.569467
0.546794 0.470655 -0.589786
0.529015 0.491659 -0.652249
0.508450 0.608921 -0.646563
0.611606 0.636628 -0.624613
0.669636 0.593536 -0.673656
0.619744 0.661274 -0.719019
0.658785 0.762996 -0.695669
0.768137 0.741140 -0.697529
0.771619 0.712348 -0.760181
0.729169 0.819883 -0.780897
0.812273 0.887001 -0.759867
0.890832 0.830928 -0.793168
0.847172 0.844491 -0.852684
0.840537 0.969154 -0.851074
0.944499 1.000000 -0.831361
1.000000 0.932883 -0.878355
0.968254 0.896379 -0.935697
0.947029 0.793610 -0.963793
0.888852 0.724981 -1.000000
0.781920 0.760826 -0.984865
0.728436 0.839220 -0.947069
0.625096 0.793106 -0.953132
0.641959 0.715332 -0.904110
0.647421 0.803995 -0.860356
0.542065 0.842592 -0.868112
0.495289 0.738893 -0.854377
0.533414 0.724206 -0.793461
0.472195 0.812249 -0.770173
0.370395 0.771832 -0.785831
0.381062 0.664374 -0.758926
0.402947 0.701885 -0.698491
0.305803 0.757571 -0.690777
0.238828 0.664180 -0.701501
0.277320 0.598070 -0.653754
0.254078 0.672395 -0.606802
0.140914 0.674876 -0.615791
0.119689 0.556180 -0.612259
0.186847 0.535254 -0.552764
0.145460 0.590630 -0.502801
0.062649 0.506074 -0.491095
0.019905 0.413536 -0.457710
-0.043147 0.320649 -0.435613
-0.090106 0.230900 -0.401748
-0.100957 0.126349 -0.368864
-0.142051 0.025363 -0.340664
-0.060010 0.047296 -0.284179
-0.061952 0.161225 -0.251212
0.004106 0.266435 -0.264696
0.040691 0.376179 -0.291893
0.102203 0.471973 -0.304415
0.121815 0.579780 -0.328644
0.161919 0.682122 -0.352893
0.160490 0.794889 -0.367192
0.069394 0.813412 -0.408981
-0.009604 0.735056 -0.428464
-0.100554 0.801748 -0.441634
-0.068514 0.837593 -0.500753
-0.049892 0.729554 -0.526925
-0.153525 0.686230 -0.518271
-0.204296 0.763733 -0.558136
-0.146596 0.734708 -0.611401
-0.167088 0.616322 -0.611611
-0.281279 0.631086 -0.614433
-0.286154 0.676309 -0.674910
-0.256241 0.570363 -0.702149
-0.309066 0.466858 -0.680345
-0.272884 0.362927 -0.708713
-0.161919 0.384046 -0.718706
-0.128670 0.374862 -0.653525
-0.166025 0.257988 -0.642403
-0.094248 0.197923 -0.685258
-0.000367 0.133208 -0.702128
-0.007148 0.149522 -0.765323
0.014737 0.264188 -0.766201
0.113384 0.254539 -0.736454
0.167088 0.188739 -0.779225
0.155064 0.261514 -0.829375
0.203013 0.357734 -0.804248
0.305290 0.309566 -0.794945
0.325049 0.278487 -0.855757
0.316067 0.386604 -0.882515
0.396825 0.439228 -0.847165
0.485978 0.370173 -0.867192
0.509769 0.392223 -0.929049
0.559075 0.500727 -0.923593
0.635947 0.467323 -0.876348
0.706038 0.389549 -0.911176
0.777888 0.468137 -0.942721
0.836211 0.502315 -0.880446
0.905092 0.498712 -0.829647
0.843433 0.565558 -0.788047
0.750761 0.473291 -0.792039
0.770226 0.361028 -0.772431
0.727703 0.370522 -0.713249
0.623850 0.400283 -0.729743
0.606620 0.304102 -0.767100
0.619268 0.220205 -0.722782
0.537556 0.260429 -0.684756
0.452729 0.253260 -0.728677
0.462114 0.134448 -0.737813
0.439935 0.108020 -0.677042
0.339455 0.160218 -0.674241
0.293999 0.089380 -0.718517
0.305216 -0.013079 -0.685801
0.241028 0.023154 -0.635944
0.147953 0.039817 -0.670478
0.138898 -0.072446 -0.688415
0.127461 -0.115189 -0.628941
0.034569 -0.052256 -0.614997
-0.030023 -0.097092 -0.663183
-0.026284 -0.211447 -0.644765
-0.076652 -0.178663 -0.584727
-0.140328 -0.079189 -0.575048
-0.109608 0.037647 -0.573961
-0.136039 0.170216 -0.554185
-0.166722 0.281277 -0.538507
-0.193995 0.355796 -0.481750
-0.209245 0.441359 -0.439941
-0.212068 0.512778 -0.390585
-0.270061 0.562225 -0.346747
-0.285861 0.617717 -0.296200
-0.306243 0.628219 -0.240447
-0.339565 0.689756 -0.198783
-0.329448 0.725252 -0.147023
-0.359984 0.718665 -0.093298
-0.418967 0.747806 -0.052492
-0.443418 0.721842 0.000293
-0.519117 0.675961 0.037210
-0.603651 0.738389 0.059662
-0.667547 0.613842 0.060896
-0.635324 0.486272 0.091103
-0.570365 0.407956 0.134459
-0.477583 0.438996 0.165273
-0.425602 0.433028 0.217012
-0.356355 0.470694 0.255184
-0.295795 0.452365 0.302366
-0.272994 0.494526 0.357200
-0.201070 0.564473 0.391630
-0.213791 0.470307 0.439773
-0.209722 0.379783 0.477339
-0.249386 0.325841 0.526925
-0.249386 0.303521 0.587277
-0.219436 0.247757 0.638745
-0.246673 0.197497 0.692846
-0.238425 0.177036 0.754934
-0.219216 0.093410 0.799837
-0.328458 0.057371 0.805314
-0.331794 -0.007188 0.748662
-0.251549 -0.092635 0.771720
-0.327651 -0.143322 0.813969
-0.375930 -0.231675 0.835751
-0.413248 -0.292554 0.881428
-0.415888 -0.378853 0.920039
-0.488434 -0.465114 0.942219
-0.538729 -0.396369 0.990718
-0.625463 -0.340799 0.954198
-0.681770 -0.440584 0.930262
-0.726970 -0.480963 0.987603
-0.800469 -0.381101 1.000000
-0.869753 -0.351534 0.942407
-0.911434 -0.479801 0.916235
-1.000000 -0.555444 0.911134
-0.984164 -0.603224 0.837674
-0.963488 -0.653834 0.775859
-0.914476 -0.650307 0.712413
-0.881264 -0.609773 0.655030
-0.826093 -0.642789 0.599068
-0.767660 -0.610316 0.545990
-0.749148 -0.549282 0.493310
-0.771876 -0.522931 0.431098
-0.739177 -0.480421 0.373547
-0.783460 -0.438182 0.313488
-0.685546 -0.496774 0.275943
-0.630192 -0.566604 0.234928
-0.535210 -0.626940 0.216176
-0.481983 -0.669915 0.161427
-0.399465 -0.745791 0.143699
-0.344038 -0.777606 0.090957
-0.288464 -0.894674 0.087549
-0.285861 -1.000000 0.057488
