-0.982596 0.024523 0.026669
-1.000000 -0.036023 0.044277
-0.963958 -0.084833 0.101543
-0.984000 -0.134869 0.167233
-0.945235 -0.197375 0.190746
-0.963064 -0.254656 0.232924
-0.946681 -0.320270 0.258685
-0.940554 -0.382281 0.294307
-0.936703 -0.444213 0.322724
-0.898022 -0.508560 0.342580
-0.879767 -0.571839 0.372296
-0.849299 -0.623083 0.321152
-0.813449 -0.683985 0.356801
-0.789960 -0.741484 0.370563
-0.771024 -0.788888 0.308096
-0.711343 -0.825386 0.279923
-0.676088 -0.878570 0.283526
-0.642387 -0.925341 0.253105
-0.607174 -0.948103 0.166475
-0.530728 -0.957287 0.139819
-0.478154 -1.000000 0.122374
-0.418304 -0.987313 0.055356
-0.365879 -0.966669 0.004700
-0.305263 -0.918789 -0.004564
-0.236689 -0.889714 -0.008736
-0.212519 -0.819726 -0.026290
-0.176711 -0.774024 0.028999
-0.152158 -0.724185 0.068440
-0.124520 -0.669497 0.080061
-0.082052 -0.627556 0.103872
-0.050116 -0.588801 0.149328
-0.018649 -0.538032 0.163658
0.014372 -0.506324 0.219434
0.028947 -0.477466 0.286939
0.052351 -0.433604 0.333586
0.097371 -0.413950 0.383132
0.124222 -0.378738 0.445599
0.155201 -0.318766 0.423630
0.143179 -0.261722 0.463802
0.107180 -0.253726 0.535480
0.155711 -0.205570 0.580339
0.202349 -0.165509 0.545286
0.256816 -0.116106 0.543769
0.300497 -0.063674 0.512888
0.365475 -0.023870 0.521421
0.409304 0.027393 0.538649
0.468984 0.045643 0.593558
0.514707 0.098094 0.610191
0.586387 0.121964 0.582533
0.562643 0.133187 0.500941
0.499559 0.139719 0.453075
0.452665 0.124379 0.386762
0.407028 0.091542 0.348268
0.460282 0.043208 0.330742
0.496878 0.042337 0.418456
0.505282 -0.006809 0.494657
0.475750 -0.044653 0.547074
0.434027 -0.091067 0.572646
0.363964 -0.105398 0.599355
0.312475 -0.141480 0.644756
0.250263 -0.164480 0.667999
0.224710 -0.205688 0.741084
0.179498 -0.187657 0.796671
0.212583 -0.128199 0.803335
0.281029 -0.133860 0.780445
0.345879 -0.121212 0.761428
0.406474 -0.142391 0.703052
0.461048 -0.170991 0.655971
0.525260 -0.192902 0.616340
0.582983 -0.215585 0.586136
0.641068 -0.231934 0.540004
0.637898 -0.291768 0.530089
0.621344 -0.296677 0.448958
0.604940 -0.249985 0.399331
0.575281 -0.232369 0.316358
0.542984 -0.216258 0.248744
0.490027 -0.249569 0.269304
0.474623 -0.212834 0.332503
0.467793 -0.162579 0.287427
0.416368 -0.178988 0.242351
0.375411 -0.187103 0.307527
0.381496 -0.131386 0.341686
0.360028 -0.102072 0.274830
0.299901 -0.129426 0.275020
0.283476 -0.110049 0.352928
0.293688 -0.048532 0.325568
0.288561 -0.036280 0.236039
0.336879 -0.060210 0.177717
0.372900 -0.093304 0.122699
0.443623 -0.089049 0.169319
0.512984 -0.088376 0.175035
0.581515 -0.071255 0.189961
0.585813 -0.090592 0.288131
0.624621 -0.093739 0.373786
0.644961 -0.096847 0.468516
0.686918 -0.097065 0.543146
0.689897 -0.070324 0.618832
0.649451 -0.023098 0.616909
0.643323 0.026918 0.570587
0.589685 0.045880 0.625604
0.595792 0.007838 0.698148
0.556664 -0.020921 0.753789
0.508048 -0.049383 0.803768
0.452985 -0.086000 0.853043
0.439410 -0.149318 0.875310
0.445261 -0.185262 0.797971
0.453048 -0.233913 0.743712
0.423368 -0.269917 0.679945
0.487005 -0.281040 0.626932
0.537686 -0.330879 0.592664
0.551111 -0.344635 0.514486
0.525452 -0.321339 0.439070
0.501452 -0.358569 0.366797
0.486091 -0.351939 0.273151
0.467942 -0.347960 0.188010
0.409730 -0.314728 0.159486
0.347369 -0.347465 0.173951
0.315071 -0.317934 0.234549
0.270455 -0.280981 0.281955
0.311114 -0.288680 0.365389
0.343028 -0.303109 0.434709
0.312114 -0.358332 0.446249
0.354922 -0.387784 0.385055
0.415176 -0.390218 0.424957
0.467304 -0.396592 0.475992
0.479601 -0.407973 0.574352
0.465772 -0.414663 0.659384
0.409985 -0.376917 0.682708
0.383858 -0.341132 0.742899
0.437495 -0.329672 0.796373
0.499665 -0.348851 0.760697
0.566175 -0.323476 0.797483
0.633046 -0.294856 0.804256
0.625515 -0.232805 0.798540
0.621281 -0.164816 0.791849
0.622025 -0.105655 0.764543
0.675238 -0.114324 0.713129
0.629068 -0.150288 0.656973
0.588409 -0.117293 0.606696
0.554601 -0.105497 0.532256
0.546005 -0.079785 0.442456
0.524516 -0.043643 0.365795
0.514643 -0.030105 0.276076
0.473240 -0.003959 0.216156
0.439006 0.026305 0.160596
0.398815 0.071571 0.127656
0.340433 0.024583 0.119503
0.276497 0.001366 0.121616
0.214689 -0.020604 0.112676
0.151030 -0.018269 0.101326
0.126307 -0.002217 0.184110
0.163328 0.031985 0.237421
0.177966 0.070898 0.299508
0.215796 0.103992 0.354716
0.246774 0.089187 0.428966
0.287199 0.143836 0.427070
0.274731 0.168141 0.497041
0.259008 0.177662 0.573512
0.219498 0.150248 0.623437
0.174988 0.150149 0.680974
0.150945 0.102983 0.731820
0.083414 0.089999 0.689778
0.024904 0.083130 0.671276
-0.026585 0.110623 0.636115
-0.086371 0.128338 0.661985
-0.072627 0.167409 0.587653
-0.072584 0.184926 0.502296
-0.120116 0.243038 0.506115
-0.149818 0.305782 0.481275
-0.210306 0.351622 0.478241
-0.265178 0.387903 0.448335
-0.332837 0.409516 0.454240
-0.387113 0.442492 0.446438
-0.447985 0.465887 0.476128
-0.466878 0.493379 0.391502
-0.508580 0.474714 0.316412
-0.495750 0.512123 0.234658
-0.443602 0.495774 0.173708
-0.382304 0.515547 0.159757
-0.319263 0.527285 0.192318
-0.255880 0.531223 0.207975
-0.185328 0.520377 0.212092
-0.192647 0.503098 0.297179
-0.206328 0.496229 0.379854
-0.212179 0.531243 0.458872
-0.279795 0.503157 0.492652
-0.298624 0.447658 0.555796
-0.288050 0.387625 0.574786
-0.259433 0.333234 0.597757
-0.226412 0.277913 0.560374
-0.204625 0.212477 0.563652
-0.172753 0.155216 0.556121
-0.185817 0.089504 0.573079
-0.211391 0.034143 0.559941
-0.274965 0.060151 0.548889
-0.264987 0.126754 0.524752
-0.299858 0.178216 0.548862
-0.295454 0.227639 0.620810
-0.292859 0.265443 0.695114
-0.284603 0.307068 0.764895
-0.287731 0.340736 0.836735
-0.286348 0.391386 0.891780
-0.254008 0.371593 0.960098
-0.197072 0.406567 0.948341
-0.183030 0.446806 0.888367
-0.128499 0.484255 0.852907
-0.076840 0.504641 0.811163
-0.046776 0.451003 0.799244
-0.092946 0.429250 0.749049
-0.086520 0.474081 0.691810
-0.023776 0.461849 0.672414
-0.030904 0.405419 0.644838
-0.075712 0.418324 0.587030
-0.040329 0.457455 0.543254
0.008181 0.418245 0.526974
-0.027095 0.377907 0.482819
-0.048436 0.424717 0.426230
-0.005521 0.476377 0.416614
0.000904 0.520060 0.487776
0.027330 0.559329 0.546911
-0.045202 0.573660 0.583373
-0.098690 0.601211 0.639934
-0.167583 0.616749 0.677561
-0.228944 0.622548 0.706411
-0.295731 0.604457 0.723206
-0.360283 0.590662 0.737102
-0.394411 0.550858 0.783424
-0.455878 0.569424 0.765952
-0.459070 0.546563 0.688613
-0.447282 0.486788 0.708063
-0.499027 0.477921 0.758530
-0.544856 0.486768 0.697309
-0.522686 0.438394 0.651203
-0.527409 0.391960 0.706004
-0.593089 0.387922 0.711828
-0.594238 0.360945 0.625306
-0.549047 0.304871 0.641912
-0.504644 0.256715 0.641831
-0.447325 0.229044 0.684550
-0.380028 0.205431 0.687421
-0.328858 0.184530 0.742628
-0.258263 0.174198 0.769365
-0.248795 0.224650 0.831399
-0.237944 0.253390 0.909713
-0.164137 0.271678 0.896412
-0.112563 0.323575 0.893243
-0.038585 0.339964 0.903536
0.008117 0.389446 0.885224
0.054819 0.434119 0.868646
0.077265 0.446648 0.779659
0.124456 0.401481 0.744877
0.092308 0.365655 0.690049
0.071499 0.336223 0.617451
0.022074 0.292520 0.668351
-0.017096 0.258041 0.718492
0.029542 0.217584 0.745419
0.053542 0.262534 0.804662
-0.000606 0.259268 0.858515
-0.055116 0.244206 0.900205
-0.107520 0.194387 0.897712
-0.178838 0.173644 0.895464
-0.230263 0.126240 0.887987
-0.277944 0.084179 0.882461
-0.319646 0.034004 0.889504
-0.372815 -0.000020 0.877369
-0.403943 0.023514 0.953028
-0.427602 0.081151 0.940865
-0.484942 0.116442 0.944712
-0.440623 0.174257 0.936260
-0.413602 0.223185 0.889152
-0.412325 0.276943 0.933605
-0.436580 0.306276 1.000000
-0.434708 0.367971 0.971665
-0.415645 0.367595 0.881838
-0.380156 0.366526 0.792851
-0.336071 0.386616 0.737075
-0.285135 0.412565 0.700776
-0.250710 0.471666 0.669624
-0.218753 0.510738 0.602281
-0.170434 0.559112 0.569314
-0.124711 0.577361 0.503433
-0.070797 0.600796 0.451667
-0.035329 0.613760 0.382671
0.012330 0.629753 0.328060
0.023585 0.651446 0.251371
-0.001032 0.603824 0.207379
-0.066627 0.607842 0.246902
-0.093903 0.663638 0.238694
-0.121286 0.659700 0.159621
-0.172668 0.620787 0.181563
-0.199179 0.667221 0.225366
-0.239136 0.719356 0.225691
-0.203881 0.766720 0.253782
-0.181987 0.820755 0.250965
-0.132222 0.862696 0.262451
-0.094797 0.864675 0.324241
-0.033266 0.865329 0.337893
0.023223 0.844487 0.327437
0.076478 0.828633 0.354851
0.133435 0.817588 0.354418
0.183562 0.811274 0.395620
0.234455 0.849672 0.423277
0.279689 0.799418 0.378635
0.311731 0.750589 0.352630
0.329220 0.693209 0.348620
0.361454 0.642302 0.393913
0.323688 0.597015 0.335157
0.321433 0.539437 0.274993
0.313369 0.499218 0.199794
0.341475 0.446569 0.144099
0.315795 0.394791 0.111159
0.240583 0.398314 0.097154
0.177307 0.397423 0.074264
0.155201 0.433783 0.145833
0.157903 0.477723 0.206648
0.177285 0.429171 0.268275
0.243923 0.412109 0.226910
0.319752 0.407418 0.252076
0.369007 0.442927 0.280194
0.401198 0.484235 0.331446
0.412006 0.552956 0.334209
0.449708 0.610712 0.363438
0.474069 0.669299 0.391963
0.542622 0.699582 0.392234
0.558366 0.748709 0.348675
0.530750 0.726303 0.273449
0.526665 0.658651 0.279706
0.521388 0.597154 0.270198
0.508941 0.534113 0.319690
0.500197 0.483265 0.373515
0.490282 0.427231 0.425228
0.497920 0.376403 0.475532
0.480793 0.322328 0.518955
0.494793 0.331789 0.597242
0.431134 0.332720 0.626823
0.375496 0.324308 0.584294
0.299220 0.337351 0.596646
0.237498 0.360489 0.612954
0.259540 0.416404 0.638309
0.290093 0.433308 0.567851
0.237327 0.426024 0.520797
0.198370 0.466758 0.561648
0.233540 0.515270 0.541087
0.224647 0.510718 0.459495
0.159966 0.512578 0.455405
0.154179 0.568296 0.494088
0.191477 0.602181 0.443513
0.148477 0.587297 0.375791
0.083691 0.562773 0.391556
0.074052 0.503315 0.430564
0.081712 0.456940 0.489645
0.117307 0.406092 0.498341
0.142116 0.351167 0.484905
0.156392 0.294321 0.453780
0.232540 0.307444 0.444949
0.301050 0.292045 0.446574
0.364517 0.292144 0.401092
0.424027 0.255785 0.369939
0.462389 0.256141 0.298750
0.430070 0.286464 0.238694
0.364581 0.284841 0.215099
0.385985 0.342181 0.163116
0.455091 0.347644 0.158782
0.507069 0.388635 0.156425
0.553686 0.435841 0.160813
0.599962 0.492370 0.166014
0.638727 0.513192 0.241051
0.603153 0.516755 0.319039
0.590494 0.510560 0.406564
0.558303 0.538012 0.478187
0.537579 0.475605 0.520716
0.534856 0.434931 0.602741
0.490622 0.423431 0.661118
0.425559 0.430537 0.668513
0.376794 0.449439 0.737590
0.307539 0.451438 0.759911
0.241817 0.456168 0.783858
0.193817 0.490727 0.736967
0.201413 0.558854 0.747152
0.227221 0.586584 0.679647
0.235263 0.625972 0.609839
0.306582 0.596085 0.595834
0.367241 0.574570 0.593016
0.392624 0.621657 0.640991
0.368837 0.590899 0.717029
0.411772 0.543475 0.723639
0.462623 0.508442 0.728569
0.536665 0.507650 0.693110
0.592047 0.509332 0.636738
0.647791 0.515547 0.592285
0.695450 0.496111 0.534911
0.739301 0.458801 0.485853
0.759194 0.417117 0.428316
0.748684 0.365339 0.486584
0.678748 0.354373 0.498639
0.659131 0.356491 0.400198
0.617472 0.347426 0.322100
0.568430 0.334659 0.267056
0.547622 0.284088 0.306145
0.516261 0.328761 0.365903
0.459644 0.354512 0.346833
0.396709 0.375849 0.362653
0.320220 0.367160 0.367203
0.245817 0.365438 0.341279
0.172945 0.365061 0.363844
0.108031 0.389288 0.368016
0.047861 0.409734 0.366418
-0.015500 0.422817 0.316466
-0.073435 0.431388 0.279327
-0.126031 0.422699 0.232409
-0.148264 0.432179 0.145968
-0.154222 0.395206 0.076188
-0.109456 0.383469 0.016809
-0.119541 0.322447 0.013558
-0.181392 0.327019 -0.023743
-0.154456 0.351483 -0.104333
-0.112775 0.293213 -0.121047
-0.083946 0.243216 -0.184353
-0.076201 0.185717 -0.229294
-0.070308 0.147002 -0.311644
-0.030968 0.094630 -0.334805
0.014117 0.067078 -0.283472
0.052329 0.028898 -0.231028
0.042478 0.080359 -0.163658
0.042627 0.133642 -0.118744
0.090712 0.164143 -0.175441
0.047819 0.160640 -0.255245
0.008117 0.205491 -0.317902
-0.042627 0.245096 -0.321261
-0.079520 0.295747 -0.300781
-0.134882 0.315539 -0.245005
-0.187860 0.361855 -0.222224
-0.234114 0.401817 -0.179775
-0.288433 0.443343 -0.193591
-0.330028 0.498466 -0.176633
-0.397347 0.522970 -0.188065
-0.464112 0.512400 -0.187008
-0.449942 0.444906 -0.179938
-0.408283 0.398927 -0.175197
-0.356454 0.364468 -0.187604
-0.298837 0.348396 -0.247227
-0.254157 0.326208 -0.306958
-0.185817 0.340637 -0.353117
-0.131052 0.367991 -0.396459
-0.071393 0.390713 -0.437824
-0.023032 0.408685 -0.486042
0.041287 0.405400 -0.520093
0.062393 0.463433 -0.524671
0.110605 0.468856 -0.465563
0.130158 0.422897 -0.416126
0.174966 0.417117 -0.337568
0.196455 0.422065 -0.256870
0.148477 0.457910 -0.224201
0.099946 0.417849 -0.238423
0.127031 0.372385 -0.195406
0.127265 0.399877 -0.121426
0.062861 0.405558 -0.116821
0.048138 0.345922 -0.123945
0.082840 0.323259 -0.059013
0.052202 0.358767 -0.004456
-0.009415 0.341884 -0.017730
0.005394 0.281456 0.003481
0.061691 0.262554 0.045983
0.123243 0.252538 -0.004646
0.165668 0.302694 -0.014723
0.190966 0.303486 -0.096342
0.223455 0.296340 -0.171242
0.245668 0.276330 -0.252915
0.185158 0.296281 -0.310127
0.155903 0.321042 -0.384838
0.103371 0.311126 -0.450475
0.071223 0.313620 -0.530712
0.057180 0.243711 -0.526161
0.002245 0.192091 -0.520391
-0.004925 0.139105 -0.563462
0.007521 0.102963 -0.491379
-0.056882 0.126616 -0.455567
-0.115307 0.107219 -0.493329
-0.170179 0.101241 -0.424957
-0.215540 0.153910 -0.431377
-0.268072 0.193813 -0.444055
-0.229285 0.246917 -0.458358
-0.229923 0.303545 -0.516084
-0.221455 0.357223 -0.473365
-0.197817 0.414999 -0.459766
-0.185115 0.458662 -0.386301
-0.111903 0.474497 -0.412090
-0.058840 0.525642 -0.437905
-0.003074 0.549314 -0.406889
0.038500 0.533599 -0.347401
0.077180 0.567741 -0.277187
0.128286 0.563803 -0.211930
0.173690 0.558379 -0.146402
0.163541 0.514261 -0.080386
0.112478 0.536627 -0.017459
0.053010 0.508224 -0.021062
0.000032 0.470281 -0.006650
-0.028244 0.482572 -0.099701
-0.054904 0.499990 -0.174168
-0.085308 0.551907 -0.139115
-0.022032 0.584150 -0.137246
-0.008628 0.592819 -0.218919
-0.017202 0.602537 -0.299129
-0.079478 0.606219 -0.360323
-0.139669 0.613740 -0.401525
-0.193753 0.589217 -0.370156
-0.235497 0.583398 -0.442483
-0.186562 0.579340 -0.506007
-0.161200 0.537795 -0.560672
-0.092946 0.520555 -0.592475
-0.066818 0.478257 -0.663258
-0.030436 0.451695 -0.725102
-0.054670 0.393128 -0.695954
-0.102797 0.341053 -0.704460
-0.113477 0.294994 -0.632756
-0.087244 0.256972 -0.576248
-0.022606 0.265780 -0.597080
-0.022351 0.328860 -0.562108
-0.013010 0.318449 -0.469220
0.010883 0.307484 -0.393561
0.068223 0.281298 -0.340467
0.106222 0.238921 -0.277837
0.157413 0.230687 -0.212147
0.176328 0.215427 -0.126762
0.215072 0.223779 -0.040484
0.253582 0.228807 0.029649
0.308837 0.252697 -0.031274
0.370368 0.293609 -0.054516
0.415432 0.339390 -0.069849
0.474772 0.385488 -0.062155
0.515856 0.434614 -0.093985
0.584260 0.460345 -0.078978
0.638557 0.501277 -0.077434
0.699280 0.524019 -0.056629
0.730556 0.579439 -0.035717
0.793066 0.563506 -0.037938
0.800300 0.549017 -0.118121
0.789492 0.603982 -0.148840
0.841214 0.630248 -0.108721
0.893576 0.592839 -0.130745
0.877938 0.594205 -0.221628
0.887171 0.652614 -0.254134
0.905256 0.674307 -0.347645
0.942128 0.684164 -0.426691
0.947298 0.678542 -0.522856
0.973639 0.670348 -0.604150
0.951660 0.639768 -0.682816
0.944107 0.619480 -0.761672
0.906916 0.594502 -0.820861
0.935362 0.538349 -0.823435
0.901171 0.524078 -0.743739
0.828981 0.532411 -0.772670
0.791236 0.488906 -0.806206
0.756471 0.475605 -0.737780
0.736003 0.532668 -0.722014
0.701876 0.534786 -0.798594
0.660621 0.488095 -0.787027
0.638706 0.513350 -0.709417
0.645089 0.574431 -0.687042
0.698173 0.600024 -0.638417
0.693174 0.658987 -0.682003
0.675940 0.710508 -0.717056
0.658621 0.736100 -0.790169
0.720939 0.747363 -0.817610
0.734854 0.691685 -0.849819
0.704578 0.700394 -0.924449
0.755662 0.748095 -0.941759
0.816832 0.722265 -0.950752
0.875406 0.694852 -0.981038
0.891661 0.638501 -1.000000
0.938916 0.636898 -0.930029
0.945852 0.699127 -0.898092
0.949511 0.706747 -0.804906
0.907703 0.716307 -0.724262
0.883150 0.706094 -0.636575
0.854427 0.710706 -0.554604
0.847512 0.677058 -0.474150
0.816385 0.649882 -0.406239
0.832044 0.605764 -0.341659
0.803449 0.547830 -0.291896
0.770683 0.506957 -0.241430
0.721748 0.456861 -0.217510
0.679237 0.427983 -0.149111
0.624727 0.384003 -0.135864
0.579898 0.360648 -0.076133
0.541473 0.320131 -0.025829
0.494133 0.329494 0.043112
0.444070 0.285553 0.036231
0.405453 0.227065 0.007030
0.434155 0.225778 -0.083610
0.453942 0.229994 -0.160949
0.466453 0.253785 -0.235416
0.435602 0.258615 -0.325134
0.406474 0.264216 -0.397678
0.357709 0.263623 -0.453969
0.390496 0.225343 -0.506495
0.409602 0.174297 -0.546667
0.448495 0.144627 -0.601197
0.416368 0.167924 -0.671683
0.444538 0.230687 -0.651312
0.510112 0.230153 -0.663773
0.572877 0.253983 -0.696875
0.631940 0.260950 -0.733960
0.702642 0.286246 -0.734258
0.764109 0.295925 -0.764056
0.788577 0.328049 -0.699367
0.771854 0.277596 -0.636521
0.746960 0.219425 -0.636277
0.669897 0.229994 -0.618236
0.609281 0.250341 -0.581639
0.547984 0.282723 -0.569395
0.490218 0.304495 -0.518062
0.502388 0.374285 -0.538189
0.509282 0.433545 -0.560374
0.499878 0.454842 -0.466593
0.526494 0.467530 -0.381019
0.558515 0.530828 -0.396243
0.569856 0.596125 -0.378093
0.601791 0.658373 -0.394672
0.614898 0.723532 -0.362219
0.614323 0.788413 -0.368666
0.597600 0.843240 -0.318308
0.578834 0.891277 -0.273395
0.541218 0.921006 -0.217131
0.485388 0.907171 -0.271932
0.487282 0.856362 -0.327085
0.526431 0.852305 -0.398518
0.557345 0.827267 -0.462854
0.624834 0.815055 -0.504355
0.622004 0.743543 -0.491054
0.628685 0.674782 -0.515082
0.619068 0.605764 -0.491081
0.629791 0.534489 -0.490458
0.614132 0.477307 -0.502594
0.613153 0.436534 -0.558614
0.616642 0.376997 -0.551110
0.598792 0.332383 -0.485446
0.622366 0.290640 -0.411900
0.616728 0.254755 -0.339762
0.663280 0.241118 -0.260365
0.711939 0.224175 -0.203749
0.766705 0.247927 -0.171622
0.736620 0.245373 -0.078517
0.724854 0.234111 0.018109
0.719046 0.209944 0.092495
0.718875 0.163351 0.142826
0.685067 0.115155 0.103899
0.681535 0.124537 0.014967
0.666493 0.107694 -0.070743
0.659791 0.103814 -0.153526
0.619068 0.108188 -0.237935
0.649876 0.154207 -0.295201
0.674301 0.161649 -0.389552
0.701088 0.172436 -0.469491
0.724663 0.115710 -0.491379
0.694790 0.068721 -0.531877
0.633195 0.082378 -0.506874
0.603132 0.104843 -0.438393
0.571685 0.143341 -0.380342
0.540643 0.199335 -0.344449
0.560324 0.233300 -0.258360
0.552962 0.234190 -0.163197
0.555983 0.217109 -0.083204
0.561409 0.224512 -0.003210
0.625791 0.250995 -0.000257
0.641514 0.281753 -0.080495
0.678344 0.308830 -0.158809
0.700876 0.352196 -0.222007
0.757641 0.378244 -0.277052
0.783619 0.431566 -0.314326
0.838789 0.459157 -0.344313
0.870576 0.504582 -0.388035
0.886171 0.463630 -0.460823
0.823683 0.458088 -0.504896
0.769747 0.474477 -0.546153
0.734365 0.517685 -0.499262
0.767726 0.544782 -0.431242
0.739216 0.610851 -0.462746
0.749598 0.671655 -0.505059
0.752322 0.721592 -0.555498
0.788279 0.780912 -0.553087
0.795811 0.816084 -0.619645
0.742641 0.855927 -0.590633
0.765832 0.879580 -0.515082
0.783109 0.922827 -0.454619
0.789960 0.950874 -0.383592
0.759407 0.928884 -0.294091
0.701386 0.903173 -0.255001
0.671429 0.838668 -0.231732
0.644259 0.776379 -0.243678
0.638451 0.714684 -0.234549
0.599175 0.659799 -0.264618
0.564834 0.599331 -0.247146
0.519686 0.546880 -0.277648
0.478133 0.494686 -0.270984
0.422198 0.493201 -0.311888
0.385198 0.538388 -0.348837
0.332411 0.494032 -0.362138
0.320624 0.439938 -0.327410
0.330986 0.381648 -0.354038
0.338518 0.368050 -0.264049
0.335518 0.358193 -0.177256
0.333114 0.387606 -0.087186
0.329901 0.415890 -0.008790
0.364517 0.468796 -0.057252
0.377113 0.531124 -0.096558
0.414964 0.571027 -0.045387
0.476282 0.537142 -0.070905
0.494048 0.548621 -0.152199
0.530814 0.604438 -0.125543
0.584813 0.652455 -0.136081
0.634557 0.701898 -0.105823
0.683620 0.753815 -0.128550
0.732854 0.792411 -0.145968
0.763449 0.831819 -0.216454
0.823470 0.856857 -0.252238
0.851023 0.893712 -0.326326
0.903831 0.919759 -0.381208
0.936618 0.879105 -0.442348
0.976745 0.836075 -0.380802
0.923022 0.821111 -0.312646
0.890874 0.787760 -0.239615
0.839257 0.778556 -0.172299
0.810981 0.735645 -0.114058
0.759641 0.745364 -0.038344
0.708748 0.716980 -0.002641
0.683195 0.660432 -0.007382
0.609259 0.636166 -0.011391
0.545175 0.629218 -0.002885
0.487154 0.661521 -0.001368
0.477623 0.638699 0.088080
0.523069 0.658334 0.147052
0.481091 0.712923 0.162601
0.441389 0.760169 0.164660
0.415793 0.808721 0.128496
0.465027 0.845179 0.153743
0.515601 0.815589 0.118609
0.493729 0.819567 0.039618
0.490474 0.881777 0.038886
0.558132 0.884013 0.050643
0.577090 0.854779 -0.018001
0.551175 0.892227 -0.076242
0.590728 0.941828 -0.039590
0.656791 0.932011 -0.048611
0.717471 0.951626 -0.082364
0.769981 0.928983 -0.031057
0.827449 0.953684 -0.011255
0.870576 1.000000 0.022904
0.925001 0.948519 0.037315
0.980405 0.908576 0.049559
0.971192 0.869129 0.115575
0.998660 0.827781 0.158267
1.000000 0.785484 0.225068
