-0.822327 -1.000000 -0.836231
-0.744994 -0.950893 -0.867024
-0.640688 -0.955249 -0.901791
-0.553541 -0.940426 -0.929140
-0.444094 -0.944343 -0.919631
-0.360120 -0.975713 -0.961023
-0.253228 -0.957976 -0.961435
-0.162703 -0.994892 -0.985192
-0.066682 -0.940426 -1.000000
0.040885 -0.946913 -0.979422
0.131381 -0.931119 -0.974359
0.220409 -0.893043 -0.925696
0.317692 -0.897305 -0.897935
0.414535 -0.868630 -0.883186
0.508411 -0.811031 -0.889604
0.596586 -0.778063 -0.867936
0.660462 -0.696365 -0.869673
0.738148 -0.622877 -0.830137
0.795942 -0.549170 -0.790070
0.825471 -0.453557 -0.746648
0.859966 -0.354466 -0.728749
0.870367 -0.251018 -0.719446
0.929219 -0.182827 -0.694040
0.939973 -0.077374 -0.671666
0.991009 -0.000909 -0.642433
0.970118 0.093826 -0.583968
1.000000 0.161924 -0.516022
0.975760 0.234973 -0.445633
0.937446 0.318019 -0.387845
0.879710 0.379536 -0.339506
0.887820 0.428862 -0.260697
0.835608 0.466594 -0.189425
0.846362 0.535475 -0.111706
0.823561 0.609495 -0.050414
0.805727 0.693262 -0.005402
0.787451 0.737104 0.077763
0.743525 0.794798 0.143707
0.696132 0.858226 0.200347
0.674213 0.894641 0.286162
0.635341 0.903761 0.373684
0.599642 0.998872 0.398914
0.513024 1.000000 0.468773
0.451233 0.975212 0.547375
0.409423 0.916985 0.623210
0.343284 0.871764 0.678643
0.261632 0.808931 0.691096
0.231104 0.735819 0.750975
0.176189 0.669978 0.789158
0.106965 0.607772 0.802435
0.075497 0.599405 0.894726
-0.026370 0.557223 0.906825
-0.103057 0.509871 0.922134
-0.168961 0.425196 0.905059
-0.231456 0.374115 0.939061
-0.303677 0.324130 0.916923
-0.382685 0.314228 0.949512
-0.461781 0.283955 0.938296
-0.548458 0.281761 0.951602
-0.608691 0.233563 1.000000
-0.692841 0.219242 0.984280
-0.751106 0.156847 0.964644
-0.774876 0.101567 0.901909
-0.822798 0.093513 0.833257
-0.868428 0.037794 0.781091
-0.886057 0.022062 0.697926
-0.924577 0.050987 0.625241
-1.000000 0.049859 0.574547
-0.953106 -0.010498 0.507691
-0.937358 -0.099843 0.543018
-0.930453 -0.198151 0.489144
-0.862698 -0.259887 0.477104
-0.775992 -0.229740 0.526149
-0.693664 -0.251175 0.563360
-0.608897 -0.233845 0.589325
-0.570612 -0.274491 0.516905
-0.602785 -0.210185 0.456703
-0.563208 -0.133688 0.493236
-0.478617 -0.167659 0.484493
-0.481174 -0.180696 0.393379
-0.492015 -0.088248 0.373155
-0.413301 -0.059198 0.408069
-0.363969 -0.112755 0.348867
-0.394262 -0.077311 0.271649
-0.366584 0.011344 0.283866
-0.277997 -0.012629 0.283954
-0.276616 -0.052460 0.199847
-0.298300 0.027327 0.153922
-0.229311 0.079599 0.186894
-0.166610 0.020997 0.151302
-0.189146 0.029395 0.064957
-0.176365 0.123159 0.061248
-0.086045 0.120244 0.084564
-0.060718 0.068286 0.012674
-0.089923 0.129238 -0.051062
-0.038123 0.202288 -0.025833
0.040092 0.158540 -0.044497
0.025048 0.144500 -0.131666
0.012502 0.233563 -0.160163
0.097357 0.266907 -0.131431
0.146454 0.211188 -0.185245
0.116308 0.246694 -0.266409
0.147894 0.342683 -0.245919
0.235717 0.343466 -0.265673
0.310141 0.349765 -0.320223
0.327976 0.246474 -0.312422
0.237245 0.223002 -0.355785
0.164201 0.252805 -0.407245
0.070149 0.216641 -0.393674
-0.017144 0.247603 -0.403271
-0.059836 0.159668 -0.393880
-0.031924 0.146662 -0.309919
-0.070766 0.223190 -0.274681
-0.156239 0.199467 -0.298792
-0.163878 0.116076 -0.256988
-0.147453 0.147697 -0.172086
-0.214620 0.212974 -0.172027
-0.279173 0.146192 -0.177238
-0.260603 0.096647 -0.103346
-0.271416 0.168066 -0.044262
-0.362559 0.175588 -0.062514
-0.389796 0.088092 -0.042760
-0.362882 0.092197 0.044939
-0.421558 0.161109 0.065134
-0.495953 0.109746 0.045145
-0.480321 0.042024 0.107879
-0.485052 0.099467 0.179446
-0.568879 0.133626 0.163549
-0.612070 0.048856 0.166316
-0.591297 0.038264 0.255928
-0.630992 0.117518 0.287016
-0.713291 0.089658 0.261433
-0.716964 0.010530 0.311333
-0.707033 0.045879 0.392908
-0.785218 0.098088 0.386667
-0.845715 0.028988 0.368709
-0.825266 -0.023504 0.449284
-0.778754 0.021467 0.520939
-0.688845 0.049546 0.524353
-0.589064 0.080508 0.526885
-0.510174 0.121999 0.511518
-0.408248 0.100877 0.509840
-0.325273 0.131213 0.490705
-0.226373 0.124475 0.455731
-0.155504 0.115136 0.404654
-0.098709 0.112629 0.332087
-0.027604 0.078439 0.290107
0.036625 0.063836 0.230405
0.092568 0.013820 0.180358
0.172898 -0.031056 0.162518
0.187413 0.047164 0.086595
0.226021 0.116076 0.020033
0.240917 0.037731 -0.049148
0.221878 -0.015136 -0.136406
0.276616 -0.022281 -0.214684
0.183417 -0.041993 -0.270030
0.113194 -0.087496 -0.305356
0.126915 -0.170762 -0.262493
0.122214 -0.143372 -0.176708
0.039093 -0.107364 -0.179563
-0.002013 -0.191319 -0.203821
0.023373 -0.240614 -0.128752
-0.015793 -0.180570 -0.069432
-0.098944 -0.189439 -0.102433
-0.107347 -0.284143 -0.090540
-0.098385 -0.277499 0.000604
-0.166463 -0.219994 0.018414
-0.233660 -0.275337 -0.013439
-0.217588 -0.348135 0.043732
-0.234071 -0.296239 0.120038
-0.317604 -0.270730 0.099843
-0.349337 -0.360451 0.088803
-0.333999 -0.389972 0.172351
-0.390295 -0.325635 0.211210
-0.465660 -0.356816 0.167582
-0.464778 -0.446694 0.201348
-0.471066 -0.418019 0.288929
-0.549075 -0.369853 0.278096
-0.596263 -0.447791 0.249363
-0.584363 -0.500658 0.322667
-0.624058 -0.437856 0.377688
-0.705035 -0.437825 0.338917
-0.719873 -0.532999 0.348926
-0.712968 -0.537731 0.440276
-0.783484 -0.466625 0.449608
-0.844599 -0.438358 0.385784
-0.827381 -0.371012 0.308448
-0.861258 -0.344688 0.226784
-0.823650 -0.257067 0.224487
-0.738471 -0.288593 0.218482
-0.746581 -0.338295 0.143000
-0.776198 -0.268380 0.087566
-0.704770 -0.210812 0.096751
-0.642304 -0.272203 0.063250
-0.681852 -0.287433 -0.017266
-0.689257 -0.195143 -0.048530
-0.600670 -0.148292 -0.018738
-0.531211 -0.233720 -0.020710
-0.530124 -0.313350 -0.071787
-0.530359 -0.264964 -0.152244
-0.453760 -0.214666 -0.137348
-0.395084 -0.285898 -0.126102
-0.403693 -0.324976 -0.207972
-0.372901 -0.245096 -0.251071
-0.292424 -0.232748 -0.211593
-0.259869 -0.319492 -0.232819
-0.266920 -0.306988 -0.323550
-0.214709 -0.229019 -0.332705
-0.140549 -0.264463 -0.295112
-0.133409 -0.338264 -0.353342
-0.119070 -0.280570 -0.426763
-0.045880 -0.234942 -0.397030
0.005098 -0.311188 -0.385902
0.002718 -0.344343 -0.469567
0.038534 -0.267189 -0.511135
0.117072 -0.262520 -0.467507
0.144691 -0.349640 -0.492147
0.138727 -0.336102 -0.583614
0.199988 -0.258822 -0.582790
0.261161 -0.246819 -0.505130
0.257165 -0.222689 -0.417078
0.331854 -0.154591 -0.423937
0.385623 -0.168819 -0.497476
0.323539 -0.109621 -0.546374
0.296949 -0.017330 -0.558414
0.225756 -0.041084 -0.613348
0.163437 -0.073018 -0.555647
0.139079 0.011501 -0.517818
0.117983 0.058101 -0.594477
0.052344 -0.003385 -0.620236
0.002600 0.001473 -0.543989
-0.015499 0.093732 -0.546521
-0.056428 0.092761 -0.630893
-0.113018 0.004544 -0.633337
-0.147982 0.005829 -0.544460
-0.152713 0.097117 -0.507926
-0.185797 0.145942 -0.582760
-0.273708 0.099843 -0.580494
-0.309083 0.122156 -0.500331
-0.312345 0.220276 -0.517612
-0.391353 0.206894 -0.578168
-0.459049 0.163240 -0.514432
-0.455934 0.246882 -0.449343
