-0.287417 0.274481 -0.978880
-0.269139 0.244083 -0.951647
-0.257682 0.234090 -0.904265
-0.256523 0.206926 -0.872900
-0.229345 0.187243 -0.833756
-0.207085 0.153985 -0.801080
-0.178317 0.120756 -0.775250
-0.155344 0.088914 -0.744122
-0.134689 0.041850 -0.728734
-0.108803 0.007134 -0.712966
-0.062767 -0.024940 -0.706119
-0.027461 -0.056580 -0.703049
0.026688 -0.069924 -0.712035
0.071891 -0.094112 -0.721624
0.120631 -0.094762 -0.746627
0.165968 -0.090257 -0.762841
0.205911 -0.083671 -0.784695
0.240371 -0.055641 -0.815116
0.275172 -0.032334 -0.836026
0.315814 0.002975 -0.843464
0.360660 0.028406 -0.860268
0.407914 0.051800 -0.843857
0.449001 0.075426 -0.855401
0.499658 0.079960 -0.834963
0.556125 0.073274 -0.831290
0.601432 0.069014 -0.812991
0.651956 0.047020 -0.801342
0.684989 0.008607 -0.782059
0.728751 -0.025821 -0.781376
0.767965 -0.046139 -0.759548
0.794579 -0.089376 -0.739229
0.823734 -0.118128 -0.716548
0.832902 -0.162592 -0.686704
0.840377 -0.194709 -0.654264
0.830376 -0.218305 -0.609636
0.801964 -0.249180 -0.583558
0.775856 -0.262062 -0.549871
0.720578 -0.255433 -0.540426
0.679966 -0.248993 -0.520749
0.634941 -0.226031 -0.514177
0.590154 -0.209843 -0.504772
0.557656 -0.183026 -0.487128
0.524266 -0.172946 -0.459213
0.495557 -0.188051 -0.430222
0.467873 -0.185394 -0.396168
0.482807 -0.196832 -0.353509
0.460845 -0.191734 -0.315690
0.490311 -0.233642 -0.296328
0.544386 -0.225396 -0.284902
0.581446 -0.205872 -0.256843
0.590511 -0.208731 -0.211192
0.607302 -0.221511 -0.173767
0.589307 -0.238032 -0.138794
0.614494 -0.222551 -0.107088
0.595147 -0.181091 -0.105672
0.551251 -0.192629 -0.102746
0.556526 -0.215417 -0.068246
0.571639 -0.180889 -0.046483
0.535455 -0.154101 -0.051678
0.504339 -0.182593 -0.036960
0.524593 -0.190376 -0.000348
0.524028 -0.145580 0.009084
0.477963 -0.140483 0.006434
0.465704 -0.172585 0.033457
0.494546 -0.149884 0.063445
0.473178 -0.109940 0.072234
0.441750 -0.109247 0.103704
0.407246 -0.115586 0.129087
0.412461 -0.077346 0.150273
0.391465 -0.048984 0.123722
0.350407 -0.068768 0.126280
0.346172 -0.063873 0.166513
0.348490 -0.019394 0.166499
0.312426 -0.011885 0.142913
0.282706 -0.031164 0.168270
0.291548 -0.006210 0.200606
0.281012 0.033518 0.181782
0.238023 0.023077 0.172796
0.224843 0.015683 0.211337
0.235274 0.056190 0.225609
0.208036 0.078906 0.199924
0.168940 0.059425 0.211127
0.171273 0.071859 0.250218
0.171362 0.115861 0.242072
0.130899 0.118344 0.223681
0.105118 0.103196 0.254022
0.117214 0.136165 0.279576
0.101150 0.170318 0.257617
0.057834 0.156079 0.254350
0.049825 0.155949 0.294491
0.058295 0.199445 0.301103
0.025336 0.214609 0.276231
-0.009540 0.195243 0.295908
-0.003358 0.215952 0.331379
-0.011219 0.257065 0.316332
-0.053465 0.248935 0.303857
-0.070658 0.239491 0.340784
-0.060509 0.278799 0.358126
-0.083482 0.304605 0.331654
-0.124376 0.285240 0.335524
-0.130023 0.293529 0.375219
-0.131122 0.338065 0.369631
-0.165374 0.340982 0.342713
-0.197976 0.317833 0.365131
-0.196505 0.347770 0.396457
-0.207323 0.383439 0.374445
-0.247712 0.367352 0.361406
-0.266925 0.362774 0.398018
-0.264637 0.406198 0.407778
-0.291473 0.419874 0.377423
-0.328712 0.396234 0.387301
-0.334894 0.413419 0.423808
-0.340080 0.456323 0.411451
-0.377883 0.449926 0.386618
-0.405849 0.435124 0.417511
-0.403085 0.469132 0.444127
-0.419505 0.502318 0.416265
-0.471246 0.485133 0.417826
-0.484249 0.500513 0.460026
-0.504458 0.551273 0.460341
-0.558428 0.562494 0.459856
-0.597673 0.566696 0.483927
-0.622830 0.585729 0.520500
-0.667320 0.593412 0.548231
-0.685851 0.594221 0.588084
-0.690204 0.593744 0.632790
-0.690933 0.583347 0.679253
-0.681586 0.559201 0.717532
-0.650915 0.549266 0.758748
-0.619992 0.528644 0.787240
-0.576498 0.519445 0.816362
-0.529868 0.503054 0.838059
-0.479300 0.477638 0.839686
-0.435137 0.461941 0.825479
-0.381152 0.468136 0.810997
-0.345266 0.474577 0.781232
-0.311846 0.507098 0.753212
-0.305561 0.536038 0.719565
-0.303703 0.569411 0.690338
-0.302232 0.611536 0.669454
-0.311638 0.640187 0.627451
-0.310330 0.663249 0.589002
-0.322486 0.689142 0.546972
-0.328251 0.720797 0.515961
-0.312039 0.767225 0.509953
-0.277490 0.804194 0.492178
-0.248232 0.835228 0.477158
-0.214129 0.865669 0.463883
-0.167588 0.876327 0.439051
-0.135372 0.912603 0.426116
-0.093349 0.905108 0.394030
-0.054654 0.923361 0.371021
-0.027580 0.917253 0.328270
-0.042989 0.918625 0.282633
-0.022527 0.925730 0.241180
-0.043925 0.918148 0.198087
-0.066155 0.926452 0.159389
-0.113112 0.917960 0.131435
-0.149504 0.902075 0.104766
-0.199581 0.880731 0.094954
-0.243150 0.877107 0.079304
-0.284772 0.841538 0.072208
-0.333764 0.820194 0.085181
-0.369234 0.787370 0.079527
-0.399162 0.742444 0.091937
-0.416771 0.696175 0.095059
-0.426355 0.650844 0.085903
-0.405433 0.599766 0.086401
-0.394080 0.556833 0.083791
-0.341164 0.535258 0.080761
-0.293108 0.523387 0.089090
-0.250788 0.520456 0.108085
-0.206238 0.528240 0.123840
-0.159058 0.528644 0.137141
-0.121181 0.500570 0.164729
-0.091625 0.463775 0.175629
-0.038591 0.449565 0.176928
0.011427 0.445897 0.175761
0.028323 0.406906 0.197550
0.039928 0.374384 0.167785
0.078088 0.385937 0.147006
0.109323 0.373056 0.174869
0.099620 0.329299 0.173176
0.108491 0.323595 0.133914
0.152832 0.336087 0.135948
0.165567 0.304302 0.161908
0.153887 0.268763 0.138519
0.180991 0.280200 0.106983
0.220251 0.278799 0.127749
0.217279 0.236357 0.139922
0.217205 0.217872 0.102759
0.256999 0.232804 0.090586
0.281830 0.211634 0.120639
0.268634 0.168455 0.107062
0.280403 0.173350 0.063537
0.327493 0.179546 0.066672
0.370884 0.171228 0.058696
0.415641 0.176990 0.068823
0.447382 0.174000 0.037130
0.492719 0.181683 0.030611
0.514444 0.184672 -0.005424
0.552128 0.192875 -0.026636
0.577865 0.197828 -0.060323
0.582472 0.178116 -0.098798
0.603498 0.175026 -0.134557
0.619472 0.172715 -0.173832
0.661986 0.150837 -0.193089
0.690294 0.146548 -0.234149
0.741976 0.165249 -0.233624
0.785946 0.152238 -0.216872
0.824923 0.142403 -0.182556
0.843185 0.119832 -0.146967
0.860958 0.110474 -0.101762
0.846009 0.116019 -0.053160
0.829960 0.109189 -0.012652
0.815160 0.106575 0.030335
0.783717 0.112944 0.072575
0.749822 0.118561 0.106813
0.723149 0.124453 0.147570
0.713460 0.154115 0.188616
0.671630 0.153696 0.222657
0.653100 0.164036 0.264805
0.616218 0.192976 0.292996
0.590347 0.213944 0.331444
0.564744 0.253643 0.350544
0.531280 0.279189 0.383641
0.517059 0.317313 0.405443
0.489316 0.364131 0.407095
0.468765 0.410993 0.418403
0.464337 0.460612 0.408670
0.466967 0.505249 0.386553
0.475051 0.554955 0.373448
0.509644 0.582798 0.350177
0.551251 0.596647 0.318628
0.588623 0.610481 0.293717
0.632623 0.598885 0.277831
0.672388 0.594769 0.252514
0.715838 0.565266 0.234896
0.748663 0.533886 0.219903
0.778278 0.498303 0.201813
0.818102 0.463139 0.205184
0.861493 0.428798 0.208044
0.897186 0.403310 0.237599
0.935241 0.373388 0.245194
0.959166 0.336043 0.273384
0.976328 0.307493 0.306533
1.000000 0.279651 0.335800
0.999941 0.242653 0.372202
0.997533 0.216645 0.411385
0.976314 0.200471 0.448784
0.962509 0.158317 0.479520
0.940903 0.117261 0.498318
0.904645 0.082617 0.500771
0.905358 0.029301 0.506674
0.925672 -0.008000 0.537304
0.912669 -0.059873 0.538432
0.936965 -0.105073 0.550002
0.920129 -0.146230 0.571358
0.925880 -0.199806 0.582955
0.936400 -0.239577 0.603458
0.927529 -0.295637 0.606777
0.937455 -0.340607 0.615972
0.913903 -0.390660 0.613100
0.921660 -0.438474 0.619042
0.910901 -0.489480 0.600769
0.896041 -0.535446 0.586391
0.865118 -0.573483 0.576251
0.848149 -0.620503 0.553754
0.815918 -0.640562 0.527295
0.787967 -0.664202 0.490303
0.789111 -0.688275 0.445400
0.772513 -0.684073 0.404026
0.781889 -0.677228 0.355424
0.786406 -0.658830 0.316464
0.814135 -0.644620 0.280455
0.822441 -0.612633 0.240786
0.841789 -0.595044 0.204791
0.853424 -0.585917 0.155782
0.861671 -0.569729 0.114592
0.884733 -0.572833 0.078649
0.866381 -0.594784 0.038245
0.878269 -0.602885 -0.008743
0.870275 -0.632446 -0.044857
0.850021 -0.672332 -0.067853
0.826364 -0.715323 -0.083738
0.801296 -0.758661 -0.092422
0.778635 -0.802042 -0.091780
0.729925 -0.826751 -0.081508
0.697025 -0.864861 -0.100411
0.667083 -0.900010 -0.126477
0.628938 -0.927925 -0.145380
0.581357 -0.938914 -0.168074
0.547313 -0.957673 -0.203321
0.538323 -0.978310 -0.248001
0.519169 -0.984823 -0.286896
0.518099 -0.999567 -0.335537
0.503685 -1.000000 -0.377685
0.502541 -0.990989 -0.427625
0.491634 -0.978050 -0.469550
0.489836 -0.958626 -0.516827
0.506434 -0.922928 -0.551603
0.521383 -0.873453 -0.565600
0.534014 -0.834867 -0.587939
0.562753 -0.787370 -0.588294
0.599709 -0.759773 -0.561612
0.622221 -0.712970 -0.555971
0.656161 -0.683091 -0.526456
0.658509 -0.651407 -0.493569
0.681110 -0.638930 -0.451146
0.678658 -0.614106 -0.406925
0.684528 -0.606019 -0.360671
0.672982 -0.584112 -0.318261
0.665225 -0.575375 -0.273581
0.648285 -0.572602 -0.230410
0.642312 -0.553771 -0.188170
0.622994 -0.544645 -0.144711
0.612934 -0.502823 -0.115418
0.570673 -0.495834 -0.084237
0.540953 -0.483241 -0.052059
0.505602 -0.455529 -0.029994
0.466878 -0.439052 -0.011314
0.426385 -0.418733 -0.000846
0.400336 -0.385908 0.017440
0.356767 -0.374081 0.032696
0.316081 -0.359813 0.044909
0.278635 -0.372680 0.064481
0.237354 -0.379395 0.079331
0.212123 -0.375800 0.113385
0.178302 -0.396263 0.133285
0.143500 -0.391670 0.160675
0.117570 -0.415007 0.192617
0.087093 -0.428235 0.224218
0.091432 -0.440987 0.269751
0.104850 -0.447182 0.314116
0.107896 -0.449189 0.354729
0.129220 -0.428192 0.396431
0.128329 -0.402703 0.437555
0.122266 -0.383338 0.476804
0.126679 -0.359250 0.517627
0.101700 -0.329776 0.545083
0.080777 -0.298872 0.570939
0.076186 -0.249729 0.588372
0.049483 -0.217049 0.606042
0.028650 -0.167545 0.596768
0.013537 -0.120698 0.592741
-0.012408 -0.081390 0.584358
-0.038502 -0.046370 0.599575
-0.060033 -0.008405 0.608771
-0.034683 0.036796 0.620196
-0.019570 0.076581 0.639650
0.029823 0.098329 0.631006
0.065725 0.128367 0.639296
0.106708 0.151429 0.650210
0.147275 0.161769 0.670359
0.171333 0.187589 0.698773
0.199492 0.205439 0.727540
0.193503 0.214031 0.771564
0.203801 0.234104 0.809960
0.185152 0.250798 0.844946
0.161510 0.261918 0.881047
0.127883 0.290930 0.905367
0.090778 0.318945 0.923968
0.063986 0.355293 0.944262
0.061564 0.401880 0.968504
0.059959 0.444467 0.988181
0.069380 0.498736 0.982684
0.085830 0.539374 1.000000
0.115549 0.582971 0.983196
0.137408 0.627724 0.973331
0.173012 0.648115 0.948171
0.201097 0.679943 0.916019
0.192745 0.720450 0.882424
0.184543 0.749289 0.845785
0.166607 0.772885 0.803795
0.141167 0.807010 0.786715
0.134763 0.837827 0.747978
0.115564 0.870204 0.722975
0.102814 0.893656 0.678952
0.094716 0.903880 0.637578
0.079871 0.927925 0.601307
0.076275 0.923304 0.551786
0.064239 0.941543 0.511790
0.060553 0.933586 0.462624
0.053495 0.942813 0.418141
0.081758 0.936098 0.376491
0.059840 0.951131 0.335852
0.086825 0.948994 0.292418
0.095994 0.952503 0.247975
0.117080 0.963406 0.205079
0.159445 0.966049 0.171563
0.196966 0.971017 0.143136
0.244814 0.976663 0.127303
0.295961 0.980736 0.122790
0.343438 0.975277 0.127683
0.388032 0.941933 0.133075
0.435093 0.931333 0.145052
0.473550 0.892515 0.152752
0.508960 0.857871 0.150377
0.537387 0.818433 0.157409
0.558978 0.777622 0.135646
0.592041 0.758444 0.100175
0.621790 0.722428 0.084998
0.631717 0.685243 0.049710
0.648612 0.665473 0.009058
0.665805 0.630266 -0.024104
0.679149 0.603333 -0.062920
0.663115 0.573166 -0.100910
0.673042 0.561093 -0.144934
0.672789 0.555490 -0.192539
0.682849 0.555143 -0.236484
0.699878 0.569916 -0.276795
0.707100 0.565887 -0.323993
0.707070 0.580256 -0.364410
0.711350 0.605369 -0.404813
0.685747 0.632331 -0.442225
0.682953 0.655176 -0.482970
0.641583 0.674643 -0.511147
0.615282 0.720233 -0.528751
0.571030 0.750459 -0.531585
0.542350 0.788381 -0.546657
0.502006 0.825971 -0.536084
0.469181 0.861597 -0.537120
0.423413 0.892689 -0.522363
0.377838 0.915679 -0.511501
0.339337 0.950857 -0.506241
0.286495 0.962280 -0.493162
0.245899 0.988418 -0.474246
0.191542 0.992895 -0.459174
0.139860 1.000000 -0.449217
0.092636 0.997458 -0.421132
0.045575 0.979248 -0.402544
0.001798 0.970901 -0.377042
-0.051117 0.953457 -0.368922
-0.100912 0.938669 -0.361288
-0.143708 0.903808 -0.354112
-0.190353 0.878551 -0.346714
-0.229731 0.844037 -0.339341
-0.253760 0.796092 -0.345533
-0.292127 0.758907 -0.328808
-0.340555 0.730775 -0.331379
-0.360690 0.680116 -0.316464
-0.380349 0.635580 -0.305589
-0.389637 0.582422 -0.290057
-0.393693 0.536514 -0.261932
-0.390558 0.491054 -0.240603
-0.367169 0.460482 -0.204686
-0.357243 0.425636 -0.169189
-0.319321 0.408826 -0.137955
-0.295634 0.384031 -0.101330
-0.247905 0.383670 -0.075907
-0.207531 0.391670 -0.053252
-0.152535 0.396739 -0.047336
-0.106960 0.419571 -0.033405
-0.059053 0.433015 -0.029010
-0.023077 0.461479 -0.018844
0.017252 0.483804 -0.030296
0.054580 0.507777 -0.020011
0.090719 0.535518 -0.038836
0.125892 0.563996 -0.045224
0.154452 0.595289 -0.060192
0.195495 0.613384 -0.069833
0.223208 0.648692 -0.081954
0.250372 0.678398 -0.101749
0.274459 0.714486 -0.115366
0.295322 0.751686 -0.128300
0.311950 0.780496 -0.167719
0.299409 0.793969 -0.214419
0.293925 0.802013 -0.258010
0.288427 0.800468 -0.303057
0.285753 0.784641 -0.349691
0.282573 0.769477 -0.393112
0.260669 0.741014 -0.429763
0.242674 0.732335 -0.472659
0.239955 0.719035 -0.512406
0.245512 0.695077 -0.553846
0.243046 0.694471 -0.597738
0.249955 0.695756 -0.639126
0.268827 0.726255 -0.674098
0.282409 0.735729 -0.713911
0.303153 0.736783 -0.758761
0.309275 0.739960 -0.802260
0.294995 0.725403 -0.848225
0.267995 0.717100 -0.888379
0.238231 0.688304 -0.915639
0.189670 0.679553 -0.941061
0.137735 0.667654 -0.946138
0.092636 0.647566 -0.938779
0.036466 0.648158 -0.929976
-0.015989 0.653992 -0.917659
-0.061876 0.651176 -0.893561
-0.109145 0.662556 -0.876127
-0.161570 0.649631 -0.880824
-0.206684 0.661155 -0.880981
-0.259213 0.645616 -0.871746
-0.310910 0.645891 -0.870946
-0.360690 0.620316 -0.867719
-0.402372 0.599434 -0.863718
-0.436846 0.559577 -0.847150
-0.466462 0.524167 -0.832720
-0.485883 0.488267 -0.799650
-0.520521 0.460814 -0.772535
-0.522943 0.412942 -0.751533
-0.553733 0.381778 -0.720299
-0.565041 0.347553 -0.689853
-0.584879 0.332693 -0.645658
-0.610913 0.314945 -0.608574
-0.610289 0.304057 -0.561520
-0.632162 0.308707 -0.522638
-0.647795 0.303320 -0.482681
-0.636888 0.316606 -0.435627
-0.648716 0.336679 -0.399133
-0.656755 0.338282 -0.353115
-0.687396 0.368521 -0.327483
-0.713118 0.381100 -0.288667
-0.749287 0.404783 -0.269200
-0.792172 0.413563 -0.248552
-0.846960 0.405693 -0.247713
-0.893604 0.395916 -0.243659
-0.936534 0.362658 -0.229243
-0.972079 0.332029 -0.221201
-0.985215 0.279651 -0.208857
-1.000000 0.244964 -0.186019
-0.975021 0.199648 -0.166617
-0.955584 0.184008 -0.128733
-0.913383 0.187084 -0.107062
-0.871523 0.202146 -0.089090
-0.827687 0.221309 -0.075723
-0.799364 0.256387 -0.065399
-0.755245 0.282424 -0.047389
-0.721529 0.315941 -0.032198
-0.701097 0.337285 0.003352
-0.691527 0.349286 0.046654
-0.693474 0.370153 0.083030
-0.696208 0.358990 0.132458
-0.699180 0.341849 0.174370
-0.718393 0.316649 0.206575
-0.707382 0.289587 0.248723
-0.699759 0.256719 0.277031
-0.682537 0.241671 0.318090
-0.653382 0.213627 0.350282
-0.634807 0.211691 0.395552
-0.616352 0.188037 0.432439
-0.601046 0.195647 0.475663
-0.610333 0.178925 0.515043
-0.612295 0.145393 0.554449
-0.607317 0.123442 0.591848
-0.616842 0.084437 0.621928
-0.625119 0.037215 0.631307
-0.618313 -0.005921 0.661780
-0.610898 -0.057692 0.650617
-0.598609 -0.108423 0.663499
-0.587316 -0.155299 0.641854
-0.587033 -0.185871 0.600546
-0.557507 -0.226349 0.580331
-0.530418 -0.224775 0.545017
-0.482971 -0.226927 0.521458
-0.434885 -0.221020 0.510990
-0.413368 -0.195951 0.479467
-0.384614 -0.166087 0.464762
-0.364970 -0.142707 0.436703
-0.337004 -0.137060 0.406859
-0.304401 -0.113391 0.390632
-0.289185 -0.086820 0.362324
-0.253596 -0.078502 0.340168
-0.232688 -0.049721 0.318326
-0.204069 -0.042991 0.289100
-0.162372 -0.033229 0.273122
-0.147943 0.009459 0.256449
-0.117986 0.034413 0.229754
-0.103260 0.076148 0.212976
-0.086172 0.097983 0.176745
-0.058161 0.127731 0.149538
-0.050330 0.130258 0.103218
-0.060271 0.162982 0.076865
-0.107703 0.163834 0.091294
-0.118610 0.124583 0.115025
-0.142936 0.090733 0.137666
-0.134154 0.050688 0.161449
-0.147750 0.007394 0.177951
-0.134703 -0.025171 0.204594
-0.147616 -0.074718 0.215429
-0.166592 -0.116713 0.220414
-0.182433 -0.123428 0.182005
-0.186772 -0.143183 0.146416
-0.197679 -0.148627 0.109633
-0.217933 -0.174982 0.081456
-0.209403 -0.219533 0.069768
-0.247578 -0.223114 0.042850
-0.273761 -0.224833 0.011419
-0.312128 -0.204991 -0.002158
-0.356752 -0.195749 0.011026
-0.387854 -0.183185 -0.018660
-0.418673 -0.219750 0.003758
-0.432284 -0.193308 0.042273
-0.464396 -0.155675 0.035779
-0.487384 -0.116727 0.028827
-0.479672 -0.070212 0.008953
-0.505840 -0.042774 -0.015761
-0.534356 -0.026860 -0.040489
-0.567760 0.005025 -0.053265
-0.616129 -0.016290 -0.067603
-0.651435 -0.042861 -0.051245
-0.697709 -0.057057 -0.026557
-0.715615 -0.077000 0.011393
-0.715615 -0.107485 0.045762
-0.715466 -0.120597 0.093669
-0.709299 -0.136165 0.136158
-0.685479 -0.165726 0.173347
-0.653887 -0.190997 0.203597
-0.633752 -0.207013 0.241468
-0.598877 -0.245469 0.252225
-0.550597 -0.268994 0.265068
-0.526005 -0.298612 0.287762
-0.475348 -0.322743 0.296144
-0.439714 -0.353373 0.305248
-0.385327 -0.370875 0.298217
-0.337895 -0.394616 0.295750
-0.301400 -0.421347 0.270892
-0.267356 -0.453363 0.257761
-0.232733 -0.473219 0.223261
-0.236121 -0.494823 0.186465
-0.225749 -0.510997 0.140736
-0.238513 -0.535965 0.106826
-0.264221 -0.542204 0.063681
-0.291384 -0.549237 0.026859
-0.331149 -0.547605 0.003994
-0.379027 -0.554132 0.004900
-0.425553 -0.545713 -0.003824
-0.461959 -0.511170 -0.018319
-0.495869 -0.488498 -0.040331
-0.501189 -0.452814 -0.075067
-0.516940 -0.431903 -0.114579
-0.483134 -0.412740 -0.146311
-0.462464 -0.404841 -0.187436
-0.420649 -0.394371 -0.212648
-0.367020 -0.402140 -0.199124
-0.321535 -0.401952 -0.197773
-0.284073 -0.378211 -0.195713
-0.250386 -0.349012 -0.215023
-0.201617 -0.338831 -0.226527
-0.156116 -0.320202 -0.235382
-0.111834 -0.314035 -0.244131
-0.075398 -0.286265 -0.244249
-0.053896 -0.309818 -0.276493
-0.089589 -0.328938 -0.304303
-0.137363 -0.324491 -0.303162
-0.164022 -0.355698 -0.287591
-0.205094 -0.378356 -0.278120
-0.221440 -0.405057 -0.239343
-0.229286 -0.421433 -0.201682
-0.216580 -0.426834 -0.162931
-0.198229 -0.469378 -0.169320
-0.159252 -0.452597 -0.190623
-0.137230 -0.431224 -0.158143
-0.102175 -0.446171 -0.135646
-0.098609 -0.411787 -0.105868
-0.119264 -0.375973 -0.134833
-0.144199 -0.340477 -0.150181
-0.107584 -0.335740 -0.183592
-0.099159 -0.384825 -0.198219
-0.095979 -0.424986 -0.218683
-0.044802 -0.427412 -0.199543
0.001263 -0.427167 -0.195451
0.008767 -0.403353 -0.228823
-0.010922 -0.366572 -0.212753
0.014919 -0.362182 -0.179644
0.055887 -0.359178 -0.197694
0.045991 -0.324649 -0.222775
0.037536 -0.296244 -0.192224
0.076230 -0.295435 -0.170999
0.102413 -0.280200 -0.203072
0.073957 -0.240559 -0.209277
0.080777 -0.215562 -0.172009
0.123291 -0.197250 -0.170697
0.102339 -0.164224 -0.201997
0.053658 -0.154101 -0.182202
0.035931 -0.115081 -0.167732
-0.014132 -0.108120 -0.188288
-0.042499 -0.141681 -0.206470
-0.089738 -0.141104 -0.205105
-0.131999 -0.155790 -0.215587
-0.176474 -0.145523 -0.219325
-0.216625 -0.158101 -0.237048
-0.251857 -0.181481 -0.264149
-0.298903 -0.180557 -0.239488
-0.324507 -0.133594 -0.247844
-0.350704 -0.138013 -0.289979
-0.404615 -0.143342 -0.289073
-0.448318 -0.117334 -0.295724
-0.469552 -0.093029 -0.334488
-0.486923 -0.111716 -0.370483
-0.529526 -0.119269 -0.397021
-0.526079 -0.143212 -0.441071
-0.550627 -0.165538 -0.472738
-0.542722 -0.205684 -0.505441
-0.551340 -0.251188 -0.521169
-0.554981 -0.288619 -0.552783
-0.521398 -0.322166 -0.578035
-0.521710 -0.364247 -0.603615
-0.500030 -0.385591 -0.641146
-0.481945 -0.400277 -0.681352
-0.473416 -0.401519 -0.724182
-0.447114 -0.380912 -0.763838
-0.435955 -0.389446 -0.812295
-0.418168 -0.365936 -0.846507
-0.389592 -0.371698 -0.887842
-0.365386 -0.376594 -0.928717
-0.318013 -0.379944 -0.953615
-0.279393 -0.389158 -0.977647
-0.240817 -0.423296 -0.998583
-0.195955 -0.443860 -0.998819
-0.151614 -0.479140 -1.000000
-0.107376 -0.495964 -0.988955
-0.074834 -0.526333 -0.960882
-0.055055 -0.571014 -0.939474
-0.031726 -0.608315 -0.912320
-0.008024 -0.630193 -0.871707
-0.019763 -0.634425 -0.828955
-0.023137 -0.667018 -0.796685
-0.047893 -0.678484 -0.752596
-0.067344 -0.687885 -0.710290
-0.100571 -0.678975 -0.670727
-0.133663 -0.696463 -0.643192
-0.176177 -0.688492 -0.611630
-0.226893 -0.689950 -0.599942
-0.261665 -0.700897 -0.568958
-0.309959 -0.696175 -0.542105
-0.350050 -0.700940 -0.519005
-0.370884 -0.700247 -0.473039
-0.408226 -0.711915 -0.447984
-0.417588 -0.713143 -0.399041
-0.417068 -0.715641 -0.355844
-0.403352 -0.736739 -0.321475
-0.380572 -0.734718 -0.276060
-0.352874 -0.744480 -0.242426
-0.307002 -0.757361 -0.223077
-0.261308 -0.767744 -0.206981
-0.210859 -0.770416 -0.193326
-0.161317 -0.769636 -0.182857
-0.116738 -0.763946 -0.168310
-0.067775 -0.776857 -0.167732
-0.014102 -0.762878 -0.156005
0.034103 -0.766445 -0.150207
0.088995 -0.751599 -0.144396
0.135134 -0.726891 -0.145904
0.183904 -0.721475 -0.135646
0.210607 -0.678686 -0.150915
0.244725 -0.634179 -0.152739
0.277372 -0.593961 -0.153211
0.293034 -0.560053 -0.187121
0.324076 -0.519936 -0.201878
0.338207 -0.502159 -0.243935
0.345949 -0.491083 -0.287132
0.367332 -0.470663 -0.322314
0.363930 -0.470461 -0.368621
0.361611 -0.479674 -0.411385
0.345548 -0.513871 -0.445413
0.330971 -0.524701 -0.492690
0.299305 -0.542594 -0.521864
0.278115 -0.553136 -0.567423
0.244576 -0.546060 -0.598749
0.223475 -0.530175 -0.643048
0.200339 -0.499126 -0.670661
0.190576 -0.456496 -0.701659
0.155849 -0.416191 -0.708808
0.152758 -0.363785 -0.722608
0.157424 -0.326195 -0.696805
0.172046 -0.279290 -0.686337
0.175612 -0.253166 -0.643323
0.175478 -0.236776 -0.602959
0.174141 -0.236054 -0.556168
0.180843 -0.217136 -0.518611
0.174646 -0.210868 -0.478746
0.147275 -0.210984 -0.439392
0.164824 -0.177278 -0.410585
0.120319 -0.143948 -0.410493
0.071921 -0.158288 -0.402399
0.053941 -0.124626 -0.367440
0.039453 -0.079758 -0.387970
0.006880 -0.087917 -0.420712
-0.043792 -0.076133 -0.403554
-0.053391 -0.024824 -0.410742
-0.052648 0.008101 -0.440179
-0.040582 0.018470 -0.479625
-0.041994 0.063367 -0.490893
-0.001278 0.086040 -0.503762
0.038115 0.088408 -0.485239
0.083051 0.085072 -0.484098
0.125074 0.069129 -0.471321
0.133886 0.114373 -0.452313
0.133812 0.145941 -0.423755
0.148998 0.179271 -0.448312
0.101016 0.178520 -0.468238
0.066898 0.195676 -0.444954
0.027312 0.216573 -0.432125
-0.010744 0.219085 -0.410624
-0.028189 0.180513 -0.427651
0.003685 0.152989 -0.412159
-0.005662 0.164585 -0.373671
-0.048502 0.152079 -0.373448
-0.040716 0.109102 -0.382683
-0.014013 0.100726 -0.351108
-0.043093 0.110951 -0.321291
-0.077612 0.084596 -0.334789
-0.055026 0.045403 -0.326722
-0.056393 0.045229 -0.284233
-0.076334 0.033373 -0.248644
-0.087256 0.078473 -0.235697
-0.084269 0.115269 -0.267993
-0.119353 0.138995 -0.281255
-0.111225 0.175892 -0.257433
-0.067374 0.183474 -0.276310
-0.075175 0.197684 -0.313407
-0.085963 0.239779 -0.303333
-0.042395 0.250235 -0.293245
-0.023582 0.243866 -0.329752
-0.049929 0.276532 -0.346425
-0.039557 0.311190 -0.320950
0.009035 0.305862 -0.331011
0.027699 0.287276 -0.364252
0.047492 0.245960 -0.368594
0.082769 0.222190 -0.388311
0.122132 0.198565 -0.389780
0.147007 0.228198 -0.367702
0.120884 0.227245 -0.334698
0.124094 0.184282 -0.326945
0.171035 0.187792 -0.320819
0.165701 0.218349 -0.286935
0.147007 0.195518 -0.255505
0.132088 0.188355 -0.211100
0.111849 0.190608 -0.175879
0.110096 0.235072 -0.174396
0.079975 0.240039 -0.205329
0.045827 0.217627 -0.189338
0.043316 0.241946 -0.153172
0.047105 0.288330 -0.167195
0.024504 0.290915 -0.206194
-0.011412 0.257051 -0.196946
-0.022260 0.232761 -0.164296
-0.010610 0.189091 -0.158117
-0.004354 0.151443 -0.139004
0.023033 0.116510 -0.135895
0.001323 0.088307 -0.161108
0.007029 0.113362 -0.194637
0.051623 0.120092 -0.192998
0.063748 0.077202 -0.197327
0.045025 0.071223 -0.233821
0.069677 0.102791 -0.252514
0.111938 0.089838 -0.243029
0.109828 0.049576 -0.260135
0.102517 0.068552 -0.298217
0.142163 0.091166 -0.299305
0.168762 0.055540 -0.298400
0.153278 0.037576 -0.333465
0.171600 0.076855 -0.354873
0.219716 0.068624 -0.344038
0.223297 0.022802 -0.357431
0.212791 0.034211 -0.402399
