-1.000000 1.000000 0.932157
-0.949310 0.947979 0.969279
-0.914439 0.865013 0.949616
-0.863260 0.810798 0.981806
-0.829197 0.733446 0.957732
-0.783454 0.674479 1.000000
-0.771944 0.585924 0.987197
-0.719761 0.515832 0.942173
-0.661553 0.463028 0.952311
-0.638950 0.387870 0.933627
-0.593281 0.327701 0.962296
-0.559120 0.264974 0.923704
-0.521507 0.197049 0.934270
-0.469176 0.154952 0.891819
-0.426567 0.094000 0.880762
-0.372841 0.055899 0.839719
-0.339219 0.012757 0.782689
-0.294553 -0.041196 0.763025
-0.239039 -0.069034 0.724739
-0.210216 -0.126382 0.683849
-0.149780 -0.162055 0.687494
-0.101368 -0.192610 0.634506
-0.083467 -0.254554 0.595730
-0.032116 -0.291141 0.553554
-0.022982 -0.342326 0.491409
-0.035299 -0.415656 0.450243
0.053518 -0.417353 0.467089
0.138589 -0.447098 0.468376
0.206249 -0.483554 0.456247
0.181370 -0.558765 0.435113
0.166603 -0.535183 0.338969
0.242834 -0.529020 0.305645
0.312845 -0.530509 0.266226
0.391476 -0.530195 0.245337
0.460287 -0.480864 0.215474
0.529759 -0.440439 0.198965
0.494619 -0.358569 0.199853
0.460556 -0.285369 0.210726
0.403891 -0.219769 0.241202
0.340712 -0.158869 0.235903
0.277534 -0.116798 0.222886
0.212763 -0.081961 0.195994
0.154776 -0.034250 0.205336
0.085377 -0.003016 0.251034
0.016835 0.046471 0.212074
-0.033806 0.091807 0.172685
-0.060571 0.135993 0.101688
-0.046294 0.208540 0.154063
0.029398 0.217340 0.144384
0.090887 0.244421 0.101167
0.128794 0.173467 0.102852
0.089932 0.139492 0.033416
0.112999 0.191017 -0.033140
0.187394 0.177881 -0.025085
0.186683 0.100738 -0.049894
0.157812 0.111471 -0.135471
0.211979 0.162081 -0.166896
0.268620 0.103898 -0.149070
0.257919 0.024796 -0.136543
0.228068 -0.008474 -0.045331
0.191899 -0.045244 0.024381
0.110624 -0.058641 0.068731
0.047078 -0.053157 0.125302
-0.033928 -0.040883 0.129009
-0.096813 -0.010877 0.178933
-0.165820 0.009937 0.142179
-0.196332 -0.013305 0.058869
-0.241732 -0.070183 0.028240
-0.232353 -0.118156 -0.044289
-0.270775 -0.186316 0.008300
-0.334811 -0.188692 0.055561
-0.367306 -0.250480 0.009342
-0.308315 -0.305347 0.035376
-0.314976 -0.328380 0.126528
-0.357046 -0.397010 0.095347
-0.308217 -0.451746 0.062605
-0.313653 -0.543618 0.042605
-0.342598 -0.611569 0.011884
-0.415498 -0.589267 0.017703
-0.413197 -0.527114 -0.040767
-0.383762 -0.566521 -0.113970
-0.435162 -0.623112 -0.127324
-0.492488 -0.569185 -0.144476
-0.451838 -0.502905 -0.204019
-0.407613 -0.522047 -0.281938
-0.426518 -0.588927 -0.342645
-0.395247 -0.630868 -0.428160
-0.320485 -0.626872 -0.440871
-0.241659 -0.627421 -0.437839
-0.167216 -0.643324 -0.387822
-0.096642 -0.642593 -0.352415
-0.045633 -0.706261 -0.310300
0.012379 -0.739375 -0.248951
0.072154 -0.800039 -0.224356
0.126223 -0.834641 -0.146835
0.180855 -0.863472 -0.082392
0.178651 -0.773742 -0.046127
0.179141 -0.690305 -0.040216
0.197654 -0.669648 -0.138963
0.187173 -0.610133 -0.216576
0.217048 -0.600705 -0.303133
0.214942 -0.572292 -0.391038
0.192536 -0.582764 -0.498239
0.189940 -0.598668 -0.596986
0.166799 -0.641601 -0.670495
0.210241 -0.605066 -0.735520
0.277215 -0.636900 -0.696530
0.275697 -0.716629 -0.708536
0.302119 -0.722974 -0.796472
0.377909 -0.707645 -0.763913
0.377395 -0.781498 -0.696223
0.386896 -0.860495 -0.678428
0.392823 -0.841849 -0.572759
0.329081 -0.813776 -0.532696
0.289116 -0.806698 -0.441024
0.242124 -0.786668 -0.375111
0.206641 -0.776092 -0.286012
0.130827 -0.774421 -0.344176
0.052000 -0.776458 -0.377194
-0.013089 -0.764340 -0.433306
-0.099237 -0.752145 -0.429293
-0.177182 -0.758177 -0.440412
-0.248540 -0.739401 -0.374835
-0.294136 -0.725194 -0.300622
-0.310960 -0.712946 -0.210787
-0.322273 -0.790116 -0.187755
-0.251650 -0.814298 -0.206071
-0.221383 -0.768101 -0.139667
-0.258017 -0.799491 -0.065607
-0.236296 -0.875145 -0.077093
-0.163665 -0.860599 -0.071059
-0.161485 -0.826363 0.012895
-0.189622 -0.890031 0.060951
-0.135994 -0.941764 0.040185
-0.080406 -0.899223 0.079543
-0.107881 -0.898544 0.167631
-0.112338 -0.980336 0.179852
-0.038581 -1.000000 0.157371
0.024353 -0.952445 0.136604
0.096421 -0.914135 0.104015
0.120640 -0.871045 0.017765
0.059689 -0.844225 -0.027198
0.024672 -0.776275 -0.089651
-0.016884 -0.700490 -0.117247
-0.040638 -0.635621 -0.193605
-0.078129 -0.569759 -0.229195
-0.084153 -0.521551 -0.323226
-0.141258 -0.456343 -0.356121
-0.187688 -0.406725 -0.399583
-0.245773 -0.357133 -0.412172
-0.323473 -0.362564 -0.465925
-0.393068 -0.392361 -0.497259
-0.397451 -0.461096 -0.439064
-0.432591 -0.434197 -0.359674
-0.490505 -0.412626 -0.302490
-0.528486 -0.355357 -0.256026
-0.480955 -0.348906 -0.182425
-0.421939 -0.323732 -0.234341
-0.454214 -0.257818 -0.263561
-0.464107 -0.225488 -0.177708
-0.392015 -0.223712 -0.153542
-0.368408 -0.178769 -0.226745
-0.412242 -0.114918 -0.206193
-0.377616 -0.105673 -0.115716
-0.313139 -0.068408 -0.127875
-0.263306 -0.005732 -0.142792
-0.258751 0.041771 -0.218475
-0.233480 0.106326 -0.175074
-0.165795 0.076059 -0.155012
-0.139324 0.047150 -0.237649
-0.149388 0.116642 -0.286073
-0.099482 0.155735 -0.234341
-0.040148 0.112045 -0.257986
-0.044164 0.126147 -0.350455
-0.045780 0.207834 -0.353579
0.018427 0.226611 -0.309351
0.063387 0.176183 -0.376214
0.045609 0.138317 -0.456002
0.018280 0.066632 -0.476462
-0.020362 0.006072 -0.518270
-0.062114 -0.059816 -0.506019
-0.090373 -0.130430 -0.488928
-0.080847 -0.217941 -0.495084
-0.103376 -0.250428 -0.392018
-0.132761 -0.312581 -0.329443
-0.111579 -0.372358 -0.257986
-0.118289 -0.444722 -0.211737
-0.095148 -0.486740 -0.120279
-0.084055 -0.569315 -0.076633
-0.046441 -0.605066 0.010444
-0.004518 -0.636743 0.081840
0.051167 -0.646301 0.140402
0.119121 -0.631912 0.094092
0.126860 -0.590494 0.016356
0.175395 -0.563283 -0.065239
0.215555 -0.503689 -0.116451
0.280227 -0.475615 -0.150755
0.317277 -0.419077 -0.197005
0.287892 -0.343057 -0.255506
0.255739 -0.289652 -0.334681
0.217930 -0.221179 -0.384514
0.184651 -0.161899 -0.444393
0.132345 -0.134870 -0.360134
0.079573 -0.116668 -0.296395
0.046466 -0.136724 -0.197403
-0.011497 -0.173076 -0.140341
-0.025284 -0.220030 -0.057674
-0.090715 -0.259385 -0.013814
-0.125611 -0.295502 0.064474
-0.182153 -0.353137 0.101136
-0.135602 -0.424509 0.145395
-0.071860 -0.419077 0.198995
0.013236 -0.421819 0.183283
0.086969 -0.381289 0.151674
0.158718 -0.368075 0.116022
0.215530 -0.307802 0.080247
0.283019 -0.297042 0.019786
0.331750 -0.232643 -0.021134
0.379011 -0.190076 -0.098533
0.414396 -0.147170 -0.163037
0.456295 -0.142730 -0.242121
0.525767 -0.153359 -0.197127
0.516731 -0.238441 -0.193666
0.540068 -0.277744 -0.268982
0.601190 -0.313077 -0.223162
0.557063 -0.357655 -0.160709
0.506569 -0.397375 -0.229655
0.510438 -0.428321 -0.314313
0.476400 -0.442867 -0.393550
0.461413 -0.464464 -0.479831
0.448802 -0.452060 -0.570890
0.397696 -0.441379 -0.638427
0.391868 -0.525103 -0.659132
0.358074 -0.558060 -0.582499
0.300895 -0.572240 -0.523630
0.335692 -0.515545 -0.457503
0.328885 -0.438585 -0.463445
0.337039 -0.406072 -0.371956
0.378644 -0.458145 -0.315415
0.425710 -0.500921 -0.262060
0.479020 -0.555239 -0.227511
0.461536 -0.557120 -0.133358
0.450785 -0.586681 -0.042972
0.431440 -0.571822 0.048485
0.451691 -0.644578 0.084015
0.523441 -0.646928 0.014947
0.587844 -0.615277 -0.020276
0.648550 -0.602638 -0.080002
0.720471 -0.570203 -0.072774
0.744273 -0.594803 -0.157248
0.687094 -0.552236 -0.206193
0.674507 -0.484834 -0.130387
0.710480 -0.424509 -0.085761
0.653349 -0.370086 -0.081656
0.614560 -0.397898 -0.008637
0.649970 -0.354808 0.057888
0.608928 -0.281661 0.026770
0.536052 -0.281609 0.052682
0.461291 -0.235098 0.072131
0.386848 -0.220996 0.106466
0.302952 -0.213188 0.119299
0.237814 -0.225932 0.189133
0.158620 -0.269622 0.205029
0.076733 -0.274610 0.220772
-0.000453 -0.293621 0.191522
-0.086675 -0.280747 0.199118
-0.150956 -0.243011 0.188490
-0.128231 -0.170255 0.135594
-0.062848 -0.168218 0.087966
-0.000722 -0.128968 0.029802
0.059395 -0.132754 -0.033508
0.119929 -0.107240 -0.083800
0.159820 -0.121682 -0.173819
0.208502 -0.103401 -0.242366
0.256009 -0.118000 -0.310300
0.311964 -0.170229 -0.275353
0.296022 -0.215669 -0.202487
0.298030 -0.276360 -0.143373
0.256621 -0.353816 -0.105394
0.228999 -0.400692 -0.023186
0.164889 -0.455011 0.006555
0.118485 -0.485539 0.091672
0.083345 -0.529229 0.157677
0.078912 -0.562630 0.241263
0.070341 -0.616452 0.309504
-0.002730 -0.619638 0.334283
-0.054841 -0.575530 0.270973
-0.084642 -0.602899 0.186805
-0.111775 -0.551270 0.120494
-0.108396 -0.494287 0.039052
-0.125513 -0.412209 -0.006034
-0.113710 -0.361050 -0.097675
-0.094217 -0.287249 -0.156574
-0.069289 -0.242985 -0.236638
-0.038581 -0.170543 -0.291280
-0.010885 -0.144793 -0.383350
0.042082 -0.088647 -0.435603
0.085475 -0.037932 -0.478085
0.127594 0.026049 -0.490337
0.153723 0.088046 -0.536065
0.196405 0.122857 -0.598211
0.253266 0.164249 -0.624950
0.284488 0.234001 -0.640234
0.325995 0.285317 -0.689546
0.373061 0.281243 -0.603081
0.433130 0.260064 -0.548746
0.471331 0.243324 -0.461637
0.537154 0.247842 -0.392631
0.526502 0.165137 -0.383840
0.492733 0.095149 -0.376673
0.455585 0.031925 -0.341726
0.443096 -0.046053 -0.336794
0.396961 -0.051981 -0.411069
0.448875 -0.030646 -0.475941
0.493443 -0.093948 -0.461239
0.443439 -0.148293 -0.484517
0.429922 -0.124763 -0.571748
0.500153 -0.135862 -0.602071
0.507646 -0.213188 -0.585868
0.448239 -0.237762 -0.638304
0.470302 -0.205589 -0.721217
0.533408 -0.247790 -0.728384
0.503777 -0.320755 -0.724525
0.459479 -0.311144 -0.799657
0.511001 -0.293752 -0.863487
0.547904 -0.363687 -0.855371
0.491680 -0.413645 -0.878404
0.481493 -0.379826 -0.964562
0.553586 -0.386433 -1.000000
0.561348 -0.470418 -0.983277
0.513842 -0.532180 -0.954486
0.552704 -0.539153 -0.855279
0.564507 -0.537768 -0.761708
0.639048 -0.560854 -0.762933
0.666597 -0.483894 -0.791724
0.661675 -0.431925 -0.719991
0.722332 -0.453026 -0.668811
0.774907 -0.442658 -0.734019
0.759774 -0.365202 -0.751876
0.771136 -0.335275 -0.666667
0.842053 -0.359587 -0.661184
0.866394 -0.316446 -0.735245
0.845947 -0.242959 -0.699011
0.888702 -0.251133 -0.608656
0.958517 -0.279650 -0.607032
1.000000 -0.206476 -0.610524
0.952126 -0.131736 -0.613618
0.948159 -0.118992 -0.509817
0.971765 -0.107005 -0.418788
