-0.499883 0.812449 1.000000
-0.469742 0.711383 0.957661
-0.390516 0.655652 0.958905
-0.409957 0.614892 0.844490
-0.391511 0.716385 0.783209
-0.299407 0.727012 0.820050
-0.266218 0.626256 0.771892
-0.290418 0.646926 0.656995
-0.239249 0.746403 0.641544
-0.153522 0.699283 0.665623
-0.153957 0.620050 0.576090
-0.161547 0.698235 0.483345
-0.083037 0.758348 0.508187
-0.021416 0.669653 0.494462
-0.043097 0.640334 0.376997
-0.021261 0.747605 0.329521
0.068883 0.749583 0.365318
0.092710 0.647314 0.306766
0.067173 0.685864 0.195000
0.125029 0.783362 0.194077
0.204846 0.720923 0.237017
0.190289 0.616870 0.152861
0.175451 0.691991 0.043422
0.276296 0.729571 0.050325
0.309828 0.600698 0.021791
0.278256 0.593485 -0.113332
0.296950 0.617413 -0.234369
0.276296 0.677371 -0.330925
0.282859 0.670196 -0.452564
0.279220 0.805779 -0.484549
0.333157 0.926353 -0.475159
0.409957 0.994842 -0.430612
0.486259 1.000000 -0.313990
0.589779 0.983324 -0.261939
0.678741 0.959085 -0.217433
0.753083 0.878185 -0.141263
0.822107 0.780337 -0.093908
0.869729 0.659647 -0.096396
0.887709 0.557262 -0.204270
0.893556 0.547023 -0.339714
0.968894 0.442273 -0.357894
1.000000 0.342951 -0.265712
0.969859 0.215862 -0.275744
0.976671 0.120419 -0.312746
0.962082 -0.005934 -0.281403
0.983483 -0.115920 -0.300185
0.952377 -0.214660 -0.221808
0.876044 -0.297111 -0.150333
0.825497 -0.406166 -0.136849
0.708851 -0.415862 -0.156594
0.614072 -0.399496 -0.196725
0.537770 -0.336475 -0.299583
0.501345 -0.255885 -0.382976
0.427438 -0.199535 -0.435027
0.352847 -0.284972 -0.369813
0.265378 -0.251658 -0.333454
0.203384 -0.327981 -0.368569
0.120052 -0.320109 -0.263223
0.034978 -0.235874 -0.283891
-0.000980 -0.241962 -0.410547
-0.029566 -0.369789 -0.420580
-0.088138 -0.384952 -0.294566
-0.173274 -0.320109 -0.314632
-0.224070 -0.385573 -0.402400
-0.277882 -0.412216 -0.488964
-0.361837 -0.420710 -0.500843
-0.419444 -0.469188 -0.564813
-0.472168 -0.463137 -0.652621
-0.557709 -0.467985 -0.675817
-0.600977 -0.519488 -0.763585
-0.664152 -0.508590 -0.847018
-0.722973 -0.595230 -0.855767
-0.779834 -0.595850 -0.939803
-0.836198 -0.698856 -0.973674
-0.861984 -0.830366 -0.978690
-0.928084 -0.929727 -1.000000
-1.000000 -1.000000 -0.895898
