-0.516464 0.758769 -0.406235
-0.580622 0.719487 -0.420846
-0.560199 0.667865 -0.476670
-0.521297 0.637034 -0.395339
-0.570738 0.620641 -0.324997
-0.579942 0.569222 -0.267144
-0.623604 0.584760 -0.195242
-0.685357 0.561789 -0.234893
-0.662458 0.500799 -0.244197
-0.638854 0.492552 -0.152500
-0.704420 0.503874 -0.106386
-0.738684 0.449034 -0.130708
-0.678485 0.411809 -0.078506
-0.682127 0.441703 0.019061
-0.685114 0.465122 0.105325
-0.681812 0.516887 0.159056
-0.608184 0.506623 0.184595
-0.577805 0.515563 0.092868
-0.596892 0.577653 0.089308
-0.545386 0.605388 0.144788
-0.486620 0.603352 0.086530
-0.520835 0.633674 0.014034
-0.537470 0.687027 0.064800
-0.467339 0.700569 0.087404
-0.443395 0.706414 -0.003013
-0.491938 0.751784 -0.025992
-0.465639 0.791901 0.039011
-0.394828 0.795954 0.003668
-0.417679 0.816949 -0.089090
-0.477101 0.849816 -0.121341
-0.531617 0.827823 -0.183534
-0.590869 0.852525 -0.114691
-0.635187 0.875414 -0.051468
-0.652623 0.869936 0.038886
-0.727076 0.860589 0.020465
-0.719597 0.803142 -0.020372
-0.682079 0.777748 0.053622
-0.736911 0.791351 0.120373
-0.789582 0.758606 0.073136
-0.752380 0.704398 0.075009
-0.751457 0.703644 0.170234
-0.827125 0.706271 0.185345
-0.843832 0.652958 0.137951
-0.799441 0.617199 0.193806
-0.832079 0.635384 0.279851
-0.904007 0.615957 0.279227
-0.874187 0.550222 0.289124
-0.823555 0.560262 0.373203
-0.790238 0.566086 0.464650
-0.753424 0.623655 0.456220
-0.760806 0.674788 0.511606
-0.690068 0.698187 0.500898
-0.696479 0.708511 0.404986
-0.756702 0.744392 0.411074
-0.722972 0.789315 0.463651
-0.666051 0.803244 0.400584
-0.711049 0.816786 0.326746
-0.749320 0.862096 0.372641
-0.691136 0.899667 0.392622
-0.673337 0.907365 0.297179
-0.743565 0.931251 0.265084
-0.759932 0.959374 0.364586
-0.760199 1.000000 0.441359
-0.827781 0.964180 0.482165
-0.864497 0.918076 0.529902
-0.897110 0.862869 0.537177
-0.955051 0.826133 0.535272
-1.000000 0.785894 0.576703
-0.979140 0.737509 0.520286
-0.911583 0.729812 0.565619
-0.938854 0.720689 0.655099
-0.982661 0.670227 0.629404
-0.926153 0.636952 0.597246
-0.890505 0.634366 0.680107
-0.943638 0.605103 0.729281
-0.947232 0.554743 0.670679
-0.875206 0.537556 0.675612
-0.874235 0.532587 0.772366
-0.929019 0.489579 0.777767
-0.894123 0.446998 0.722912
-0.833681 0.442742 0.776487
-0.870083 0.423742 0.857819
-0.900947 0.372242 0.821196
-0.837154 0.345973 0.789319
-0.804832 0.347011 0.876145
-0.853643 0.309134 0.921104
-0.842035 0.260016 0.857819
-0.760515 0.261462 0.867341
-0.739874 0.250038 0.958132
-0.745678 0.188946 0.948891
-0.696479 0.184385 0.876395
-0.636207 0.210430 0.920511
-0.633754 0.171535 0.996004
-0.622292 0.119933 0.934748
-0.553011 0.146549 0.896252
-0.514764 0.151884 0.983921
-0.498203 0.092625 1.000000
-0.446309 0.046399 0.992444
-0.496382 0.005732 0.948672
-0.502210 0.035260 0.862564
-0.428460 0.037826 0.841459
-0.418577 -0.025709 0.845705
-0.472122 -0.040371 0.779547
-0.438271 -0.007260 0.707270
-0.373774 -0.045279 0.707863
-0.408815 -0.105271 0.700308
-0.468383 -0.089734 0.626969
-0.493419 -0.094601 0.531900
-0.572851 -0.099651 0.557283
-0.643031 -0.075112 0.560780
-0.671880 -0.126511 0.610453
-0.636255 -0.119078 0.695531
-0.667266 -0.062344 0.708737
-0.738587 -0.080142 0.706614
-0.733414 -0.122886 0.778236
-0.704492 -0.083421 0.845642
-0.762895 -0.041512 0.838930
-0.817436 -0.082484 0.858412
-0.790384 -0.105190 0.945332
-0.773701 -0.045605 0.991976
-0.829845 0.002189 0.944895
-0.880379 0.002413 0.873117
-0.877732 0.010803 0.778173
-0.907674 0.045035 0.697966
-0.922705 0.078778 0.619382
-0.925741 0.133516 0.668056
-0.850243 0.143311 0.670866
-0.844293 0.150785 0.574861
-0.889097 0.201104 0.569178
-0.850219 0.235173 0.632027
-0.786158 0.233666 0.582104
-0.814109 0.260566 0.502396
-0.837105 0.312881 0.545544
-0.769160 0.327849 0.579794
-0.733414 0.330598 0.495621
-0.778339 0.374034 0.459124
-0.766173 0.416717 0.529340
-0.691306 0.420973 0.516977
-0.697572 0.440115 0.426216
-0.740627 0.491106 0.447228
-0.684701 0.515502 0.511638
-0.606921 0.496767 0.506268
-0.581787 0.435879 0.537801
-0.527246 0.394622 0.507985
-0.512919 0.361592 0.589753
-0.580039 0.338336 0.600805
-0.586790 0.312881 0.514167
-0.530355 0.272011 0.518631
-0.557916 0.240895 0.594842
-0.625959 0.226090 0.560468
-0.596552 0.196155 0.481478
-0.560466 0.153656 0.533586
-0.621515 0.130543 0.576078
-0.656605 0.114191 0.496495
-0.603910 0.071732 0.468896
-0.612773 0.031615 0.543671
-0.693443 0.023673 0.534492
-0.702501 0.006180 0.431680
-0.716343 -0.021270 0.347914
-0.721321 -0.019213 0.247569
-0.805221 -0.009479 0.246226
-0.820665 0.056805 0.254156
-0.832273 0.116716 0.226369
-0.773968 0.138057 0.290279
-0.708426 0.128669 0.245477
-0.712288 0.178052 0.187686
-0.720083 0.222140 0.256030
-0.655221 0.208903 0.301363
-0.610296 0.221407 0.224715
-0.631593 0.280808 0.219501
-0.612773 0.298525 0.307389
-0.540311 0.283598 0.297398
-0.523458 0.319235 0.224059
-0.543201 0.373464 0.266083
-0.493638 0.369126 0.339983
-0.429626 0.364626 0.285721
-0.436668 0.419425 0.241980
-0.437203 0.454166 0.325216
-0.368091 0.428589 0.356999
-0.314133 0.400813 0.301488
-0.314109 0.335465 0.282880
-0.283366 0.298240 0.213007
-0.289291 0.241669 0.257122
-0.363550 0.240711 0.266270
-0.377610 0.250303 0.173075
-0.348276 0.195300 0.141978
-0.394828 0.158584 0.190684
-0.459179 0.182817 0.157652
-0.444099 0.169560 0.065705
-0.438708 0.107898 0.075009
-0.508572 0.101972 0.110913
-0.544220 0.127814 0.035577
-0.521637 0.083685 -0.023244
-0.550923 0.034812 0.021152
-0.621442 0.056235 0.018748
-0.628072 0.061061 -0.077070
-0.607334 0.000804 -0.099767
-0.662385 -0.026748 -0.041072
-0.727538 -0.000092 -0.078974
-0.784386 -0.030454 -0.128272
-0.847207 0.007260 -0.092430
-0.845848 0.059513 -0.158214
-0.848640 0.093704 -0.235049
-0.810661 0.127936 -0.297398
-0.826421 0.181778 -0.248412
-0.788441 0.167340 -0.167705
-0.724065 0.158910 -0.211976
-0.720301 0.217374 -0.245383
-0.722438 0.247309 -0.160493
-0.663599 0.218637 -0.121060
-0.617727 0.238471 -0.187312
-0.627076 0.299156 -0.175635
-0.602137 0.298545 -0.085780
-0.535503 0.277081 -0.103171
-0.513623 0.324794 -0.153593
-0.521467 0.370368 -0.088715
-0.480816 0.342877 -0.016969
-0.416440 0.337053 -0.065206
-0.394730 0.395335 -0.064331
-0.375474 0.396312 0.027865
-0.323944 0.349251 0.026679
-0.277222 0.365603 -0.052249
-0.246115 0.421034 -0.021683
-0.213987 0.395946 0.067016
-0.171734 0.343773 0.026741
-0.116124 0.311802 -0.018592
-0.170811 0.262562 -0.039885
-0.223919 0.286510 -0.099486
-0.192156 0.277122 -0.187343
-0.206144 0.214177 -0.185157
-0.280355 0.213852 -0.166737
-0.299927 0.238085 -0.249192
-0.272220 0.196094 -0.306514
-0.308621 0.147547 -0.267862
-0.381472 0.170008 -0.272514
-0.381496 0.185281 -0.372610
-0.345726 0.131642 -0.416413
-0.377489 0.077495 -0.374608
-0.457139 0.100221 -0.383256
-0.520835 0.109059 -0.434584
-0.559519 0.139197 -0.364242
-0.522365 0.195056 -0.379853
-0.538732 0.202081 -0.471862
-0.612336 0.207518 -0.456314
-0.607018 0.258896 -0.399210
-0.576736 0.295551 -0.465462
-0.627853 0.290318 -0.536209
-0.690554 0.309399 -0.479730
-0.664085 0.356949 -0.405454
-0.578582 0.376539 -0.425249
-0.530792 0.414395 -0.472923
-0.491331 0.436592 -0.395620
-0.443298 0.387922 -0.388782
-0.395945 0.407797 -0.453754
-0.360515 0.446183 -0.396182
-0.334726 0.402421 -0.335019
-0.301870 0.366011 -0.399210
-0.254541 0.408429 -0.434115
-0.221102 0.419547 -0.349006
-0.198786 0.360349 -0.331304
-0.157018 0.354586 -0.411730
-0.111389 0.403663 -0.396338
-0.083924 0.387759 -0.311853
-0.052841 0.336809 -0.281038
0.022487 0.298606 -0.307389
0.009398 0.251240 -0.376575
0.029893 0.237046 -0.467366
-0.003060 0.176565 -0.475921
-0.076396 0.190270 -0.467179
-0.086353 0.237229 -0.530308
-0.094852 0.205075 -0.614199
-0.161268 0.178989 -0.586288
-0.196965 0.230489 -0.558875
-0.193929 0.259202 -0.645670
-0.235406 0.217598 -0.693283
-0.295362 0.223463 -0.634618
-0.303011 0.285247 -0.645951
-0.315274 0.284535 -0.739802
-0.378728 0.251952 -0.731060
-0.414206 0.293210 -0.675268
-0.408499 0.341757 -0.736025
-0.444051 0.316017 -0.809113
-0.505561 0.308951 -0.757848
-0.512846 0.372486 -0.720289
-0.524696 0.415454 -0.790006
-0.601384 0.419059 -0.765935
-0.597159 0.443577 -0.668649
-0.515323 0.474672 -0.662311
-0.466464 0.532099 -0.649323
-0.390238 0.548716 -0.618040
-0.318140 0.558225 -0.609735
-0.305318 0.494425 -0.591783
-0.330160 0.471679 -0.676236
-0.288392 0.510533 -0.729187
-0.223288 0.487522 -0.702462
-0.235600 0.429689 -0.739459
-0.248664 0.448321 -0.829064
-0.183487 0.477401 -0.843675
-0.137348 0.426614 -0.826067
-0.176493 0.374197 -0.876801
-0.211510 0.404437 -0.960006
-0.169111 0.459603 -0.986263
-0.111656 0.493163 -0.958476
-0.123409 0.549754 -0.906305
-0.083341 0.596591 -0.862096
-0.136231 0.642980 -0.867653
-0.186061 0.610133 -0.817481
-0.144463 0.602049 -0.738491
-0.135988 0.663425 -0.715949
-0.208038 0.676031 -0.705365
-0.219718 0.631149 -0.639489
-0.175352 0.654689 -0.570896
-0.217848 0.706271 -0.556190
-0.278679 0.674727 -0.533898
-0.248300 0.644365 -0.459623
-0.234507 0.691263 -0.401583
-0.305512 0.709448 -0.390687
-0.329359 0.650372 -0.358810
-0.281423 0.644406 -0.280445
-0.304492 0.692729 -0.227275
-0.379529 0.666113 -0.217159
-0.362579 0.608260 -0.165145
-0.349199 0.573845 -0.087092
-0.299247 0.531773 -0.132487
-0.246649 0.573661 -0.183409
-0.199636 0.601621 -0.125057
-0.152695 0.551342 -0.115659
-0.141792 0.545905 -0.221655
-0.104371 0.589993 -0.269736
-0.037008 0.563439 -0.269424
-0.056897 0.509637 -0.308138
-0.085017 0.533646 -0.390156
-0.024818 0.562726 -0.423407
0.018407 0.513751 -0.425592
-0.023579 0.476933 -0.480729
-0.029480 0.515013 -0.556253
0.043856 0.514362 -0.573300
0.048567 0.452964 -0.586756
0.002283 0.450419 -0.664559
0.040092 0.485974 -0.719727
0.103473 0.452374 -0.715044
0.080039 0.396332 -0.744923
0.052793 0.417022 -0.828627
0.115493 0.444106 -0.862408
0.160393 0.391669 -0.855352
0.120593 0.358150 -0.923570
0.130840 0.401037 -1.000000
0.208718 0.423966 -0.978052
0.286595 0.430890 -0.984296
0.276688 0.501960 -0.989385
0.277028 0.562461 -0.929596
0.267800 0.620600 -0.891662
0.259373 0.664627 -0.826223
0.207237 0.696476 -0.875021
0.153740 0.652449 -0.869932
0.154590 0.652490 -0.771991
0.139509 0.712563 -0.755101
0.073434 0.710731 -0.800278
0.044172 0.660961 -0.748513
0.059859 0.692729 -0.655505
0.087397 0.747793 -0.628436
0.170471 0.754432 -0.630528
0.241695 0.754024 -0.641424
0.303691 0.722338 -0.656535
0.317071 0.714518 -0.559188
0.255391 0.680775 -0.538519
0.268868 0.636484 -0.602054
0.332613 0.617220 -0.562341
0.306314 0.602497 -0.475796
0.255464 0.561402 -0.506486
0.303958 0.522609 -0.549415
0.345265 0.509413 -0.472018
0.289898 0.484630 -0.421440
0.274138 0.440033 -0.487816
0.337494 0.408632 -0.489970
0.334968 0.393767 -0.395869
0.263356 0.364504 -0.395276
0.259325 0.328317 -0.486380
0.306629 0.309684 -0.552662
0.329602 0.341737 -0.634431
0.365080 0.351613 -0.719821
0.401360 0.415637 -0.726877
0.434677 0.470050 -0.774676
0.467678 0.529411 -0.776706
0.481836 0.585961 -0.825505
0.506799 0.644426 -0.809956
0.515711 0.659923 -0.907585
0.439169 0.646320 -0.934935
0.381544 0.623919 -0.886230
0.378825 0.552788 -0.871493
0.346892 0.492287 -0.868465
0.363283 0.426512 -0.868059
0.346989 0.365705 -0.870838
0.357601 0.305387 -0.847828
0.351918 0.254661 -0.899905
0.355634 0.199780 -0.863938
0.348543 0.147404 -0.896314
0.368723 0.094438 -0.875334
0.379990 0.044037 -0.916952
0.377853 -0.015242 -0.907242
0.447232 -0.014204 -0.868933
0.430840 0.015690 -0.785323
0.381399 -0.027216 -0.756880
0.428825 -0.074970 -0.758691
0.476979 -0.050696 -0.695406
0.429626 -0.044241 -0.621443
0.406969 -0.102970 -0.618945
0.475716 -0.128445 -0.608704
0.492181 -0.099264 -0.526561
0.433390 -0.119730 -0.475952
0.449854 -0.181290 -0.489596
0.518553 -0.182002 -0.453691
0.499029 -0.162025 -0.366584
0.451506 -0.208516 -0.347633
0.501068 -0.255903 -0.361027
0.547377 -0.236863 -0.290685
0.497207 -0.238838 -0.220156
0.483463 -0.300439 -0.232301
0.552453 -0.321230 -0.217565
0.558742 -0.297323 -0.128990
0.499344 -0.329417 -0.093211
0.528825 -0.386375 -0.112006
0.591161 -0.379797 -0.060335
0.554784 -0.370409 0.021465
0.520131 -0.427082 0.020185
0.581714 -0.463106 0.015033
0.613089 -0.439219 0.097488
0.555221 -0.459827 0.150908
0.557188 -0.521346 0.127710
0.630209 -0.532608 0.151938
0.612652 -0.515197 0.247381
0.551724 -0.558918 0.259308
0.589388 -0.616588 0.233550
0.625328 -0.623573 0.317816
0.632152 -0.656481 0.396400
0.662579 -0.664260 0.487004
0.678509 -0.733823 0.467116
0.749271 -0.744698 0.419535
0.803618 -0.741440 0.506361
0.795386 -0.804731 0.568741
0.797305 -0.867166 0.504488
0.877878 -0.899606 0.480635
0.912118 -0.948540 0.518506
0.924866 -0.999532 0.447759
1.000000 -1.000000 0.383943
