0.537450 0.157774 -0.212329
0.587815 0.199916 -0.225827
0.598418 0.275423 -0.223847
0.601069 0.336630 -0.174353
0.589808 0.385176 -0.167046
0.579863 0.407979 -0.102362
0.624247 0.351307 -0.075222
0.697154 0.375832 -0.092517
0.729621 0.351475 -0.031847
0.757465 0.278551 -0.019411
0.810480 0.279454 -0.042178
0.851557 0.256189 -0.022848
0.904572 0.234961 -0.032621
0.945670 0.176693 -0.022002
0.944334 0.115948 -0.014695
0.964225 0.065785 -0.041620
0.994698 0.036745 -0.032909
0.991390 -0.000819 0.022488
0.974828 -0.065785 0.028967
0.934409 -0.119412 0.008648
0.950971 -0.167307 -0.003519
0.913203 -0.219486 0.014821
0.905229 -0.266079 -0.000279
0.913860 -0.314961 0.025440
0.919162 -0.363507 0.029597
0.858852 -0.404514 0.052580
0.807172 -0.445522 0.021930
0.833001 -0.489491 -0.015055
0.831686 -0.532157 -0.037408
0.829036 -0.570856 -0.045975
0.754814 -0.573480 -0.060607
0.706442 -0.587255 -0.092805
0.636844 -0.554457 -0.099555
0.583828 -0.506562 -0.118398
0.544724 -0.494089 -0.148490
0.477140 -0.487517 -0.173795
0.452625 -0.519013 -0.204733
0.449296 -0.594478 -0.203888
0.431419 -0.663391 -0.178853
0.414857 -0.724409 -0.156212
0.393969 -0.769680 -0.111793
0.361842 -0.805123 -0.063001
0.342947 -0.826121 -0.011330
0.332004 -0.804451 0.052652
0.273030 -0.780829 0.092031
0.220672 -0.820199 0.102200
0.247180 -0.816924 0.166974
0.235580 -0.746709 0.192495
0.160701 -0.732934 0.186520
0.140152 -0.800525 0.197552
0.166999 -0.789375 0.259842
0.124926 -0.738184 0.276004
0.086988 -0.770331 0.301183
0.026338 -0.770331 0.323681
-0.040101 -0.737533 0.325354
-0.100560 -0.736210 0.306241
-0.155081 -0.751958 0.345602
-0.179913 -0.751958 0.411420
-0.207079 -0.730961 0.460625
-0.212910 -0.702740 0.506466
-0.210238 -0.655496 0.543019
-0.205149 -0.614173 0.580148
-0.185067 -0.553806 0.606011
-0.164136 -0.489491 0.611645
-0.157562 -0.413060 0.600954
-0.177178 -0.352693 0.607415
-0.155039 -0.287727 0.575073
-0.178896 -0.229648 0.538808
-0.226058 -0.180766 0.527829
-0.244444 -0.118110 0.499429
-0.262151 -0.073659 0.449089
-0.299114 -0.063160 0.393692
-0.353211 -0.036241 0.387645
-0.341780 0.018625 0.337305
-0.357028 0.032084 0.273197
-0.382793 0.007874 0.219060
-0.428259 0.073995 0.210979
-0.377068 0.128861 0.183172
-0.350814 0.115654 0.125723
-0.408050 0.153050 0.097233
-0.378234 0.223097 0.114925
-0.311752 0.222887 0.087100
-0.340869 0.228388 0.029039
-0.354377 0.306604 0.043168
-0.283018 0.321533 0.070434
-0.241560 0.296924 0.020526
-0.273454 0.361071 -0.007028
-0.243384 0.399937 0.047271
-0.176860 0.350572 0.052310
-0.141149 0.348850 0.006038
-0.112987 0.397312 0.045687
-0.100072 0.325291 0.084256
-0.071825 0.277312 0.044643
-0.009776 0.269249 0.075636
-0.000170 0.234226 0.115537
0.057978 0.191706 0.097377
0.128234 0.167874 0.111739
0.181249 0.156263 0.099177
0.217024 0.159958 0.044013
0.236576 0.157165 -0.009926
0.214374 0.173690 -0.073962
0.210069 0.205249 -0.129935
0.203113 0.268829 -0.168306
0.222326 0.316514 -0.206137
0.226970 0.394037 -0.211753
0.263424 0.457365 -0.211483
0.295890 0.517228 -0.203888
0.321741 0.580703 -0.190659
0.343265 0.644032 -0.181390
0.333001 0.718845 -0.181660
0.300853 0.792651 -0.172805
0.267728 0.841869 -0.163807
0.196815 0.838908 -0.174083
0.138837 0.801512 -0.141741
0.088303 0.799538 -0.100113
0.093435 0.758215 -0.042052
0.144478 0.723108 -0.001341
0.202116 0.711622 0.029867
0.246522 0.655853 0.053318
0.303843 0.610562 0.037894
0.372763 0.640420 0.060319
0.403915 0.609596 0.117192
0.397956 0.531507 0.130907
0.446666 0.516745 0.086452
0.511600 0.532808 0.120720
0.537450 0.477522 0.164814
0.554012 0.408315 0.134452
0.597082 0.376651 0.100832
0.593117 0.341459 0.039226
0.581835 0.354835 -0.022434
0.571910 0.367286 -0.076913
0.534121 0.378289 -0.136666
0.515587 0.389270 -0.189255
0.492387 0.366803 -0.253381
0.473174 0.359580 -0.309912
0.437378 0.313239 -0.360234
0.382369 0.297008 -0.403267
0.316439 0.296189 -0.435609
0.271037 0.289050 -0.472450
0.220354 0.281743 -0.501120
0.189202 0.277732 -0.540499
0.139176 0.280105 -0.569188
0.067923 0.246677 -0.580437
0.008292 0.262026 -0.592243
0.009946 0.261375 -0.659735
0.005959 0.235906 -0.716535
0.007125 0.226562 -0.771087
0.051022 0.228263 -0.822272
0.100242 0.224714 -0.869516
0.166342 0.229942 -0.905512
0.242217 0.244263 -0.929143
0.288935 0.220955 -0.949948
0.231614 0.216945 -0.992135
0.183561 0.278131 -1.000000
0.134532 0.325711 -0.982560
0.085482 0.366467 -0.964004
0.031322 0.394688 -0.943199
-0.024345 0.409785 -0.904396
-0.037450 0.447517 -0.848153
-0.030155 0.510824 -0.849845
-0.064785 0.561365 -0.823406
-0.093350 0.599412 -0.794718
-0.084083 0.632882 -0.738475
-0.065188 0.687664 -0.726668
-0.057660 0.731633 -0.678866
-0.009776 0.746394 -0.627105
0.047884 0.771003 -0.605741
0.101557 0.799538 -0.585494
0.147107 0.833344 -0.556248
0.185894 0.874016 -0.525309
0.219675 0.908136 -0.476949
0.276020 0.914709 -0.431667
0.334995 0.938982 -0.413669
0.377407 0.955381 -0.357138
0.437378 0.971801 -0.330430
0.467873 1.000000 -0.271937
0.508949 0.997375 -0.215982
0.562622 0.982299 -0.174209
0.616974 0.967202 -0.139060
0.650098 0.941606 -0.082961
0.690538 0.886488 -0.051321
0.730957 0.824819 -0.044158
0.766074 0.758215 -0.055820
0.795233 0.696525 -0.080297
0.801870 0.640756 -0.130061
0.779986 0.600063 -0.183082
0.768068 0.590236 -0.244382
0.766732 0.593176 -0.298376
0.820405 0.563003 -0.341120
0.844940 0.529533 -0.387519
0.860187 0.466541 -0.420131
0.870791 0.405354 -0.453048
0.894626 0.352945 -0.475258
0.939032 0.311349 -0.469066
0.969527 0.268304 -0.425764
0.992048 0.224399 -0.388634
0.994698 0.183517 -0.341966
1.000000 0.145008 -0.298646
0.974150 0.107381 -0.246074
0.962232 0.059066 -0.208657
0.911210 0.005921 -0.188985
0.910531 -0.060367 -0.200234
0.882708 -0.131234 -0.207541
0.840296 -0.174530 -0.244652
0.820405 -0.208336 -0.294992
0.787938 -0.236535 -0.345620
0.754156 -0.248021 -0.399613
0.740224 -0.250646 -0.453048
0.727649 -0.299863 -0.499447
0.693846 -0.334320 -0.552882
0.675948 -0.380892 -0.593935
0.669989 -0.428136 -0.629930
0.681907 -0.505239 -0.632738
0.643481 -0.572178 -0.640603
0.620939 -0.630572 -0.661426
0.576533 -0.695538 -0.642871
0.526847 -0.738184 -0.622605
0.457927 -0.767706 -0.598992
0.407880 -0.786730 -0.560189
0.374099 -0.772304 -0.501696
0.317436 -0.725060 -0.476391
0.261430 -0.691590 -0.476949
0.264420 -0.702740 -0.409728
0.311795 -0.638446 -0.394556
0.276020 -0.576756 -0.411132
0.217364 -0.594478 -0.375712
0.258440 -0.604976 -0.327910
0.298541 -0.541984 -0.334641
0.241878 -0.501312 -0.336909
0.211405 -0.530184 -0.287127
0.275341 -0.519685 -0.262380
0.274345 -0.446509 -0.280378
0.206103 -0.439307 -0.258727
0.234604 -0.465869 -0.211753
0.297226 -0.424861 -0.226655
0.254814 -0.361869 -0.250286
0.219357 -0.381228 -0.199100
0.299198 -0.383853 -0.193755
0.322737 -0.328399 -0.244652
0.302528 -0.317900 -0.312990
0.255471 -0.310026 -0.354061
0.296887 -0.279202 -0.392576
0.274345 -0.288378 -0.456414
0.213716 -0.258205 -0.493813
0.235580 -0.198152 -0.534884
0.270040 -0.171255 -0.577053
0.304182 -0.112693 -0.606299
0.359509 -0.072819 -0.620373
0.422131 -0.036073 -0.612490
0.471838 0.004430 -0.601800
0.535457 0.040273 -0.604049
0.576533 0.058163 -0.622047
0.564615 0.126572 -0.643987
0.545403 0.199181 -0.640603
0.527504 0.265827 -0.630488
0.485092 0.322667 -0.618106
0.429426 0.361554 -0.600684
0.361842 0.382068 -0.580994
0.291925 0.380913 -0.558497
0.225316 0.365984 -0.531501
0.162355 0.333249 -0.506754
0.115298 0.283969 -0.482007
0.106370 0.217155 -0.453606
0.141149 0.179318 -0.403825
0.140491 0.207727 -0.346466
0.066269 0.193176 -0.339987
0.075558 0.121071 -0.357426
0.131881 0.110362 -0.318335
0.095916 0.143265 -0.272225
0.035945 0.103475 -0.282628
0.077360 0.041911 -0.284320
0.112329 0.059801 -0.231730
0.048541 0.078992 -0.204733
0.018386 0.015916 -0.223001
0.079863 -0.021816 -0.199100
0.078039 0.018058 -0.144135
0.003817 0.007874 -0.141453
0.016732 -0.064630 -0.155654
0.074709 -0.065932 -0.111361
0.033463 -0.025260 -0.070308
-0.026020 -0.066751 -0.085768
0.018386 -0.127622 -0.081413
0.048880 -0.098247 -0.027780
-0.014908 -0.074478 -0.011258
-0.039592 -0.138604 -0.025170
0.016074 -0.167979 0.003645
0.007952 -0.123675 0.052058
-0.064615 -0.134677 0.050763
-0.050025 -0.205039 0.044877
-0.003139 -0.197837 0.093039
-0.051849 -0.161092 0.123977
-0.104292 -0.205375 0.108787
-0.060968 -0.259842 0.124463
-0.046887 -0.227695 0.178709
-0.117292 -0.217848 0.186862
-0.128149 -0.285438 0.171474
-0.072228 -0.303790 0.211393
-0.103465 -0.262131 0.254353
-0.170031 -0.292976 0.241071
-0.136674 -0.356619 0.242043
-0.105946 -0.337260 0.297656
-0.172873 -0.310362 0.316643
-0.202244 -0.374341 0.292040
-0.150140 -0.412724 0.326632
-0.183943 -0.375979 0.381183
-0.258737 -0.399265 0.364031
-0.248367 -0.473092 0.351793
-0.250403 -0.492115 0.409728
-0.329693 -0.487517 0.411132
-0.368797 -0.502614 0.352495
-0.394478 -0.539360 0.310182
-0.424463 -0.478992 0.281350
-0.358427 -0.452430 0.256603
-0.340296 -0.511811 0.226583
-0.400755 -0.510488 0.191577
-0.391891 -0.444556 0.169674
-0.322568 -0.459318 0.149102
-0.343032 -0.513764 0.114853
-0.391233 -0.470467 0.082547
-0.338133 -0.416987 0.072234
-0.285287 -0.464567 0.054452
-0.323882 -0.498016 0.008990
-0.340784 -0.430761 -0.016603
-0.267728 -0.417974 -0.015181
-0.252184 -0.482604 -0.047523
-0.310713 -0.479664 -0.097449
-0.315612 -0.399937 -0.101516
-0.296887 -0.337932 -0.105746
-0.307829 -0.293627 -0.052167
-0.310586 -0.248021 -0.014551
-0.325049 -0.212262 0.024882
-0.349563 -0.158131 0.030713
-0.330181 -0.120063 0.075779
-0.367143 -0.053795 0.052688
-0.437866 -0.022467 0.060283
-0.503478 -0.039685 0.065377
-0.521715 -0.061501 0.125399
-0.512766 -0.067570 0.188409
-0.502163 -0.039685 0.246614
-0.508122 0.016084 0.286407
-0.523369 0.089659 0.295694
-0.552358 0.154898 0.274043
-0.593435 0.201470 0.249566
-0.626580 0.252388 0.232342
-0.664687 0.310383 0.244580
-0.700802 0.367139 0.279100
-0.745865 0.399622 0.294560
-0.810798 0.366320 0.285147
-0.863156 0.337029 0.252949
-0.898613 0.327013 0.196634
-0.928429 0.304063 0.134830
-0.950314 0.259486 0.082547
-0.964883 0.188682 0.054272
-0.986089 0.115864 0.069282
-1.000000 0.054215 0.082655
-0.998685 -0.009344 0.075402
-0.968848 -0.072336 0.049917
-0.967533 -0.124178 0.027276
-0.933731 -0.143370 -0.028751
-0.904254 -0.173228 -0.071154
-0.877746 -0.180766 -0.119658
-0.849245 -0.160420 -0.170556
-0.802846 -0.135664 -0.212886
-0.757783 -0.114499 -0.249152
-0.697154 -0.089890 -0.267150
-0.683243 -0.117942 -0.327334
-0.625923 -0.143853 -0.366713
-0.591780 -0.181417 -0.404400
-0.523200 -0.183727 -0.426052
-0.451798 -0.204724 -0.423802
-0.397616 -0.251297 -0.393980
-0.410383 -0.319538 -0.384711
-0.429913 -0.326761 -0.464567
-0.372848 -0.331024 -0.512945
-0.352723 -0.364493 -0.555114
-0.292243 -0.372367 -0.591109
-0.228115 -0.404199 -0.601800
-0.181695 -0.450121 -0.615874
-0.130630 -0.502614 -0.601242
-0.112075 -0.572178 -0.584378
-0.116465 -0.631895 -0.546115
-0.134935 -0.683716 -0.509003
-0.133875 -0.740157 -0.473008
-0.089787 -0.759181 -0.416765
-0.079354 -0.768378 -0.349831
-0.091208 -0.768378 -0.283474
-0.130970 -0.779528 -0.230596
-0.137756 -0.861543 -0.218502
-0.161697 -0.921911 -0.192639
-0.121512 -0.946856 -0.135262
-0.176563 -0.927811 -0.084221
-0.220714 -0.969806 -0.073674
-0.231996 -1.000000 -0.029327
-0.219569 -0.982929 0.034655
-0.271758 -0.946184 0.067177
-0.323140 -0.944210 0.088432
-0.362584 -0.937659 0.122268
-0.397044 -0.886467 0.157543
-0.448151 -0.841197 0.149786
-0.500339 -0.845144 0.147699
-0.548223 -0.807727 0.167010
-0.598736 -0.754583 0.158713
-0.646132 -0.739486 0.130961
-0.700144 -0.704714 0.143883
-0.738570 -0.690940 0.093327
-0.766414 -0.715884 0.048225
-0.797226 -0.741459 0.023820
-0.802846 -0.791328 0.060625
-0.835334 -0.799202 0.109975
-0.859191 -0.763780 0.169854
-0.881712 -0.721134 0.212598
-0.896959 -0.673218 0.255901
-0.902261 -0.633197 0.300337
-0.886695 -0.580052 0.342236
-0.883048 -0.515737 0.370637
-0.902918 -0.478677 0.407766
-0.870451 -0.439307 0.456972
-0.808826 -0.390089 0.461183
-0.813449 -0.313974 0.449089
-0.867801 -0.291003 0.472432
-0.810798 -0.273617 0.520252
-0.776677 -0.212598 0.496333
-0.836988 -0.172892 0.492679
-0.845598 -0.175853 0.561017
-0.771376 -0.161092 0.582668
-0.767728 -0.087097 0.564400
-0.830350 -0.068409 0.591397
-0.796230 -0.086782 0.654101
-0.729303 -0.037879 0.665062
-0.737573 0.042247 0.665062
-0.774366 0.082520 0.694596
-0.717046 0.131822 0.724958
-0.721011 0.206530 0.698538
-0.765735 0.237459 0.727226
-0.728306 0.297995 0.753647
-0.711065 0.366152 0.740724
-0.714374 0.431265 0.722151
-0.724001 0.489344 0.712594
-0.687548 0.546919 0.707537
-0.655399 0.605984 0.691789
-0.615637 0.658793 0.683636
-0.551701 0.692598 0.672657
-0.491560 0.709333 0.668733
-0.424294 0.693585 0.671811
-0.365892 0.650919 0.672945
-0.314000 0.598425 0.659159
-0.261769 0.578100 0.647064
-0.268365 0.584651 0.725534
-0.239418 0.596451 0.774452
-0.200653 0.563654 0.814947
-0.126495 0.549207 0.820580
-0.066694 0.565291 0.830713
-0.001484 0.564640 0.798641
0.049538 0.635171 0.814947
0.109679 0.671265 0.787950
0.165345 0.696189 0.769395
0.230278 0.670278 0.758146
0.268068 0.614173 0.728900
0.278671 0.561365 0.684463
0.265078 0.510824 0.640603
0.231932 0.462446 0.603474
0.189520 0.416504 0.561863
0.122593 0.380745 0.542173
0.056493 0.369092 0.516580
-0.022033 0.375496 0.495487
-0.064531 0.378121 0.496063
-0.115553 0.384021 0.473278
-0.177178 0.388451 0.440936
-0.224171 0.369428 0.470758
-0.240606 0.431937 0.504774
-0.220608 0.488693 0.517714
-0.186000 0.534131 0.503928
-0.233374 0.598761 0.535712
-0.199614 0.658793 0.544423
-0.137756 0.684053 0.522772
-0.106943 0.683402 0.482277
-0.116295 0.792651 0.483123
-0.076788 0.846467 0.445993
-0.045233 0.877963 0.392576
-0.030813 0.883213 0.328450
-0.036114 0.874016 0.264486
-0.062707 0.842205 0.209647
-0.097167 0.810373 0.160423
-0.130143 0.753617 0.124211
-0.174336 0.721785 0.090610
-0.208605 0.709333 0.058988
-0.241411 0.748368 0.031343
-0.305369 0.778877 0.049107
-0.334740 0.796598 0.110623
-0.343774 0.841218 0.153404
-0.309483 0.843843 0.217368
-0.249237 0.836955 0.258709
-0.178514 0.790677 0.259699
-0.129718 0.795276 0.210547
-0.099330 0.851381 0.249152
-0.054670 0.795927 0.290349
-0.017559 0.751643 0.245138
0.006786 0.819234 0.219492
0.037111 0.836619 0.281062
0.075558 0.762478 0.298934
0.108194 0.762142 0.242889
0.130885 0.839244 0.250142
0.164687 0.833659 0.315384
0.212719 0.766740 0.332247
0.241221 0.743769 0.277840
0.252820 0.797585 0.297386
0.322398 0.786415 0.338997
0.367143 0.722436 0.326632
0.406226 0.685375 0.295694
0.427114 0.638131 0.298934
0.441365 0.589249 0.349273
0.411528 0.519517 0.326056
0.405569 0.487874 0.275447
0.412864 0.421585 0.314952
0.344601 0.413711 0.345746
0.303843 0.405018 0.301183
0.327042 0.366635 0.266736
0.325388 0.324242 0.315384
0.254814 0.330877 0.313980
0.250827 0.323087 0.255829
0.294575 0.263454 0.256459
0.243871 0.231958 0.295694
0.189520 0.249344 0.255343
0.227967 0.217659 0.206767
0.240881 0.155696 0.245570
0.161697 0.155843 0.255055
0.142485 0.115990 0.194097
0.126241 0.050205 0.232846
0.087963 0.064063 0.292598
0.035287 0.095076 0.322979
0.021546 0.138016 0.356436
0.060480 0.094257 0.393548
0.126580 0.116598 0.375424
0.111333 0.186625 0.383001
0.090784 0.179654 0.437570
0.151752 0.144105 0.451627
0.191853 0.197186 0.430821
0.154402 0.242247 0.465125
0.168314 0.199937 0.514907
0.240563 0.206299 0.500562
0.240224 0.279706 0.491276
0.203113 0.288882 0.544981
0.257125 0.239307 0.571977
0.311795 0.286089 0.563824
0.372105 0.330877 0.595321
0.441683 0.297491 0.597300
0.517559 0.267318 0.577053
0.571910 0.233722 0.566362
0.581835 0.158824 0.553152
0.611015 0.096630 0.533750
0.658728 0.058730 0.535712
0.681249 0.016735 0.521926
0.658050 -0.041491 0.498313
0.592438 -0.074961 0.476661
0.529498 -0.088567 0.458664
0.455276 -0.055601 0.460067
0.429765 0.006572 0.489872
0.473174 0.047748 0.530655
0.510285 0.117039 0.528963
0.532806 0.169953 0.563267
0.528162 0.237858 0.592801
0.526190 0.281260 0.641161
0.528819 0.315465 0.686155
0.503647 0.373858 0.718785
0.481784 0.401911 0.765453
0.444334 0.445060 0.801449
0.383705 0.472945 0.829021
0.310798 0.457848 0.842520
0.257125 0.432420 0.870632
0.191853 0.399937 0.873440
0.144796 0.363843 0.893129
0.074052 0.341039 0.897629
0.026020 0.306856 0.912261
-0.045233 0.323822 0.896513
-0.082916 0.276409 0.858826
-0.106519 0.224714 0.872324
-0.169565 0.220032 0.847577
-0.204555 0.221417 0.791334
-0.210069 0.177890 0.742956
-0.177475 0.119475 0.731725
-0.247689 0.122793 0.794718
-0.313619 0.096798 0.789642
-0.336394 0.044304 0.823388
-0.398274 -0.003612 0.812715
-0.378319 -0.065932 0.773336
-0.299835 -0.088084 0.769395
-0.285839 -0.114331 0.818331
-0.301361 -0.182740 0.791334
-0.258610 -0.205039 0.735091
-0.182734 -0.203402 0.733399
-0.164560 -0.224735 0.779528
-0.158877 -0.286404 0.735091
-0.104547 -0.282793 0.684463
-0.028671 -0.259842 0.682232
0.033803 -0.249344 0.715402
0.077042 -0.190950 0.687847
0.046378 -0.125480 0.700229
0.034290 -0.136798 0.760954
0.106519 -0.150593 0.768837
0.128234 -0.089407 0.747456
0.083998 -0.054950 0.784027
0.105543 -0.094656 0.832387
0.177602 -0.078572 0.822272
0.168653 -0.010331 0.818331
0.125244 -0.003276 0.875132
0.167996 -0.039370 0.917318
0.217703 -0.028367 0.947699
0.273030 -0.030677 0.984252
0.283972 -0.107926 1.000000
0.318093 -0.169281 0.995501
0.356858 -0.226709 0.988193
0.370451 -0.284451 0.947699
0.417826 -0.323822 0.924625
0.438375 -0.351370 0.866133
0.480448 -0.364829 0.825638
0.536793 -0.355633 0.780643
0.566609 -0.358929 0.725534
0.577212 -0.326110 0.670965
0.592438 -0.285753 0.629066
0.607685 -0.237858 0.589417
0.609679 -0.194226 0.545269
0.614980 -0.147968 0.495775
0.590466 -0.145995 0.432783
0.556006 -0.124829 0.383001
0.532149 -0.053312 0.364175
