0.569582 -1.000000 -0.874065
0.592344 -0.960162 -0.901528
0.621307 -0.940908 -0.936158
0.637821 -0.881379 -0.959740
0.682139 -0.838509 -0.977470
0.711043 -0.795638 -0.995042
0.736273 -0.725683 -1.000000
0.779914 -0.680050 -0.984769
0.809404 -0.626607 -0.966619
0.818256 -0.568408 -0.944536
0.830269 -0.525704 -0.904132
0.829877 -0.496646 -0.864214
0.847671 -0.488254 -0.819456
0.858886 -0.413002 -0.805646
0.826174 -0.352165 -0.797544
0.816434 -0.333264 -0.755772
0.861370 -0.307093 -0.740844
0.870808 -0.251179 -0.761507
0.836275 -0.212961 -0.749288
0.851028 -0.209658 -0.710331
0.893600 -0.183134 -0.718183
0.879735 -0.129338 -0.737753
0.855213 -0.105328 -0.706293
0.893208 -0.100654 -0.680277
0.922383 -0.057389 -0.701361
0.901428 0.002119 -0.699572
0.916135 0.021311 -0.659154
0.967875 0.028746 -0.662219
0.980836 0.087714 -0.676989
1.000000 0.146287 -0.670295
0.971548 0.178357 -0.695574
0.935735 0.185357 -0.669032
0.955200 0.227168 -0.642753
0.961221 0.274733 -0.669137
0.916421 0.281670 -0.680909
0.900796 0.299304 -0.644726
0.927922 0.349631 -0.638623
0.917882 0.383425 -0.671439
0.873217 0.388784 -0.662837
0.877477 0.421061 -0.627720
0.903370 0.468979 -0.641017
0.869996 0.488794 -0.668230
0.835282 0.503354 -0.641635
0.862529 0.547575 -0.619158
0.874978 0.593810 -0.645857
0.837389 0.636660 -0.635519
0.806092 0.633378 -0.604822
0.766200 0.660048 -0.584501
0.737056 0.662457 -0.551699
0.708333 0.713968 -0.564483
0.685391 0.676581 -0.596851
0.655901 0.646526 -0.621118
0.636617 0.630450 -0.654854
0.625131 0.683394 -0.675385
0.624363 0.746412 -0.666191
0.603438 0.757690 -0.707490
0.563937 0.705307 -0.703491
0.542621 0.662187 -0.679712
0.538060 0.619109 -0.650868
0.542124 0.565085 -0.627483
0.532129 0.501444 -0.619539
0.517993 0.460899 -0.584422
0.514004 0.399626 -0.566719
0.494283 0.357358 -0.535824
0.503602 0.306179 -0.501549
0.489647 0.255935 -0.469167
0.501885 0.216616 -0.433537
0.490219 0.187330 -0.397316
0.499236 0.162322 -0.358227
0.469761 0.208578 -0.328186
0.448505 0.219774 -0.289110
0.456980 0.230159 -0.247588
0.417313 0.283498 -0.240959
0.378881 0.315443 -0.218021
0.359130 0.375034 -0.198109
0.331266 0.408869 -0.173474
0.362728 0.448229 -0.156928
0.377993 0.472822 -0.196149
0.369021 0.460027 -0.234883
0.396554 0.398048 -0.251481
0.434550 0.361886 -0.276813
0.466765 0.314716 -0.293885
0.497776 0.303957 -0.330396
0.521320 0.261107 -0.360173
0.548040 0.273736 -0.402116
0.553234 0.286343 -0.444099
0.567098 0.336878 -0.470719
0.561995 0.356631 -0.514872
0.583688 0.385689 -0.553751
0.578780 0.413626 -0.596733
0.610047 0.446734 -0.629325
0.636918 0.489168 -0.657274
0.685015 0.501714 -0.673530
0.716176 0.518392 -0.701505
0.754443 0.511746 -0.677226
0.748406 0.440752 -0.676739
0.763084 0.414020 -0.713619
0.778574 0.350587 -0.736885
0.802329 0.308859 -0.767307
0.831834 0.262249 -0.748473
0.793628 0.226836 -0.725074
0.759501 0.179645 -0.714513
0.754804 0.203905 -0.670531
0.747653 0.223492 -0.631547
0.763671 0.258386 -0.600271
0.778168 0.255104 -0.559867
0.791264 0.297123 -0.526078
0.797316 0.330522 -0.491158
0.783105 0.376716 -0.464012
0.811105 0.426026 -0.480189
0.785770 0.447710 -0.511387
0.755948 0.485097 -0.491171
0.788419 0.535964 -0.489356
0.786643 0.539329 -0.536245
0.734421 0.549735 -0.541480
0.688763 0.551168 -0.545215
0.643240 0.556839 -0.520896
0.603754 0.569363 -0.500878
0.573587 0.593333 -0.469601
0.550494 0.552851 -0.445177
0.509668 0.550213 -0.414821
0.476625 0.553869 -0.381046
0.441716 0.578482 -0.358845
0.444380 0.532662 -0.326858
0.483339 0.540326 -0.303815
0.512709 0.531436 -0.268593
0.543931 0.472697 -0.285257
0.587617 0.452238 -0.308129
0.620449 0.401454 -0.330080
0.658415 0.364233 -0.340971
0.689832 0.317956 -0.339931
0.738290 0.293011 -0.324122
0.742731 0.221560 -0.334513
0.787802 0.249704 -0.343285
0.759260 0.300613 -0.367499
0.728565 0.323772 -0.392055
0.689501 0.313574 -0.415269
0.707068 0.317208 -0.458961
0.703335 0.323834 -0.505679
0.721445 0.316087 -0.548463
0.706647 0.314965 -0.592984
0.717064 0.312452 -0.635414
0.707881 0.321113 -0.678607
0.712774 0.343712 -0.716920
0.678481 0.391983 -0.712119
0.673589 0.411507 -0.669742
0.660251 0.377235 -0.637216
0.648359 0.376882 -0.594129
0.652047 0.347804 -0.554251
0.634299 0.355676 -0.512544
0.638905 0.331519 -0.468812
0.616851 0.320282 -0.426277
0.610212 0.319265 -0.382559
0.570004 0.336130 -0.354938
0.549004 0.371420 -0.321426
0.502051 0.398754 -0.306156
0.470077 0.442974 -0.288085
0.422100 0.459466 -0.294805
0.378956 0.483519 -0.293582
0.327834 0.476560 -0.277983
0.280505 0.484287 -0.274432
0.243969 0.458739 -0.249995
0.201472 0.428788 -0.237816
0.178575 0.412691 -0.199332
0.133429 0.399045 -0.201252
0.144102 0.331457 -0.205500
0.164831 0.300945 -0.174934
0.175565 0.245591 -0.203764
0.152954 0.265947 -0.241683
0.189956 0.287465 -0.269303
0.212326 0.326472 -0.301329
0.254642 0.350109 -0.321045
0.285668 0.396739 -0.343088
0.333584 0.399979 -0.356846
0.373432 0.437719 -0.374141
0.404623 0.459529 -0.406812
0.431705 0.513387 -0.422700
0.456950 0.538810 -0.460289
0.492507 0.595160 -0.471430
0.514320 0.655374 -0.477861
0.535877 0.714031 -0.467918
0.549184 0.741032 -0.508270
0.519062 0.716398 -0.538139
0.485281 0.715194 -0.567784
0.467774 0.701090 -0.604388
0.507004 0.723273 -0.624774
0.536208 0.671596 -0.605769
0.498709 0.619566 -0.592603
0.479124 0.550857 -0.590051
0.448143 0.497705 -0.576281
0.443913 0.422017 -0.573427
0.438855 0.357005 -0.578412
0.456709 0.298432 -0.589446
0.408567 0.271887 -0.595510
0.375991 0.286821 -0.569823
0.371429 0.232693 -0.547964
0.421574 0.223824 -0.546175
0.439563 0.268294 -0.518581
0.427369 0.216596 -0.486489
0.448113 0.169966 -0.456528
0.430109 0.138436 -0.420740
0.386438 0.133742 -0.408337
0.386754 0.067421 -0.402090
0.419586 0.074047 -0.367631
0.395260 0.100717 -0.335775
0.392700 0.098972 -0.292280
0.360937 0.114841 -0.258307
0.336821 0.111621 -0.222585
0.301640 0.162883 -0.234554
0.300707 0.151771 -0.281403
0.287730 0.162717 -0.325135
0.282567 0.166767 -0.366144
0.254160 0.183550 -0.399578
0.283515 0.240586 -0.420043
0.302920 0.284869 -0.454437
0.319569 0.348011 -0.474507
0.328737 0.392253 -0.507757
0.343700 0.461481 -0.515701
0.342601 0.521176 -0.539230
0.355894 0.594060 -0.532773
0.351875 0.662374 -0.525092
0.368223 0.721529 -0.502114
0.367741 0.785689 -0.481347
0.396404 0.844158 -0.471548
0.425412 0.894922 -0.474928
0.455023 0.861128 -0.503811
0.423124 0.804237 -0.522606
0.425262 0.737875 -0.537731
0.425503 0.666694 -0.526630
0.429492 0.602326 -0.518173
0.402666 0.542881 -0.501654
0.397728 0.487070 -0.476796
0.368103 0.431239 -0.458711
0.358062 0.386707 -0.425738
0.319946 0.346121 -0.408245
0.298524 0.312431 -0.374049
0.269967 0.266404 -0.354728
0.256705 0.252113 -0.313456
0.240988 0.203863 -0.282705
0.230797 0.172521 -0.247312
0.228358 0.126825 -0.216535
0.199049 0.102150 -0.185403
0.217730 0.058594 -0.160374
0.229337 0.100800 -0.131478
0.186012 0.122692 -0.122298
0.168926 0.068439 -0.109317
0.200238 0.058407 -0.078066
0.202752 0.121238 -0.060100
0.152502 0.142507 -0.065151
0.116388 0.103604 -0.070017
0.123464 0.062146 -0.039832
0.121416 0.103209 -0.009069
0.079702 0.129692 -0.016776
0.056444 0.075044 -0.012883
0.069285 0.058282 0.024681
0.053373 0.111330 0.042778
0.009491 0.102794 0.032230
0.005186 0.046111 0.051459
0.015874 0.066715 0.088680
-0.022122 0.101568 0.094730
-0.052620 0.048832 0.097361
-0.045651 0.029349 0.135135
-0.076496 0.067858 0.152983
-0.115274 0.031779 0.142684
-0.101094 -0.021975 0.169108
-0.102358 0.006834 0.206184
-0.120739 0.035954 0.238092
-0.126444 0.087008 0.262990
-0.097451 0.066632 0.292872
-0.056760 0.081400 0.270316
-0.033442 0.136297 0.270539
0.009025 0.113864 0.262516
-0.000700 0.090331 0.224742
-0.014730 0.144584 0.207026
0.023461 0.179001 0.214549
0.055375 0.143961 0.196859
0.038018 0.146163 0.159506
0.037070 0.210427 0.155048
0.082608 0.221311 0.161611
0.101771 0.181473 0.135279
0.082668 0.205733 0.101175
0.101967 0.263537 0.105292
0.145969 0.243307 0.105331
0.147550 0.214269 0.069701
0.135732 0.266694 0.048657
0.173683 0.299512 0.059771
0.205928 0.259674 0.043673
0.192229 0.268169 0.005754
0.197920 0.332454 0.004386
0.244541 0.330709 0.010673
0.259761 0.293031 -0.018867
0.241500 0.330315 -0.049828
0.271578 0.382573 -0.039543
0.314255 0.352705 -0.047211
0.307285 0.335403 -0.088457
0.294926 0.403967 -0.101912
0.282718 0.462976 -0.107646
0.262079 0.522193 -0.103687
0.215502 0.537065 -0.115432
0.172193 0.570797 -0.119339
0.145864 0.510063 -0.130768
0.122922 0.454087 -0.137568
0.119128 0.384983 -0.141974
0.105068 0.325060 -0.138305
0.122319 0.319493 -0.100386
0.095283 0.362322 -0.081894
0.055285 0.331332 -0.089798
0.065100 0.278783 -0.068689
0.075562 0.306117 -0.032914
0.034481 0.334801 -0.028482
0.009747 0.281628 -0.027837
0.029859 0.254606 0.004018
0.021294 0.301942 0.030047
-0.024846 0.295295 0.028837
-0.027375 0.235954 0.043725
-0.005848 0.248001 0.078961
-0.035279 0.294423 0.091022
-0.073726 0.257389 0.090785
-0.058627 0.218777 0.121167
-0.058446 0.267317 0.148853
-0.103954 0.283373 0.144947
-0.122380 0.230470 0.158822
-0.106679 0.238986 0.196202
-0.126911 0.295192 0.203422
-0.170778 0.270786 0.199371
-0.168399 0.227521 0.228202
-0.157184 0.268024 0.258294
-0.195120 0.306906 0.254362
-0.227455 0.261668 0.260543
-0.211302 0.239796 0.296897
-0.199711 0.296646 0.318519
-0.232754 0.341157 0.305078
-0.273399 0.296770 0.304499
-0.277238 0.260089 0.337222
-0.291735 0.302524 0.364763
-0.328421 0.323315 0.342312
-0.349105 0.264347 0.338853
-0.351649 0.250743 0.378429
-0.377662 0.300239 0.388464
-0.412707 0.286530 0.362028
-0.421182 0.227272 0.378758
-0.429959 0.246401 0.416873
-0.465079 0.285409 0.407785
-0.491167 0.237408 0.391331
-0.492326 0.198151 0.423542
-0.511204 0.240773 0.448965
-0.549741 0.250805 0.427514
-0.564509 0.189158 0.427329
-0.566195 0.181805 0.468181
-0.597116 0.228767 0.474481
-0.630731 0.203095 0.451846
-0.633922 0.147679 0.471995
-0.643105 0.171420 0.508349
-0.682320 0.201932 0.496498
-0.704223 0.145602 0.487384
-0.700716 0.115484 0.523776
-0.723613 0.159123 0.545096
-0.762421 0.155364 0.523868
-0.769075 0.089729 0.530747
-0.774555 0.096874 0.570810
-0.808742 0.139661 0.571835
-0.838307 0.100634 0.549305
-0.839888 0.055146 0.579411
-0.854957 0.087673 0.611437
-0.894488 0.106574 0.593366
-0.909241 0.041541 0.587921
-0.906456 0.020376 0.629614
-0.924596 0.079593 0.649264
-0.972256 0.098598 0.645976
-0.968929 0.123107 0.692680
-0.939062 0.171918 0.702058
-0.942720 0.247087 0.706990
-0.951647 0.306761 0.729691
-0.919507 0.347824 0.747855
-0.875912 0.394433 0.742909
-0.877974 0.463994 0.751011
-0.839752 0.505909 0.772699
-0.812866 0.568761 0.773910
-0.799950 0.573268 0.821798
-0.752350 0.569301 0.848984
-0.715077 0.579396 0.880181
-0.687980 0.543732 0.908906
-0.647049 0.499720 0.930200
-0.616279 0.455831 0.955624
-0.603544 0.388846 0.980074
-0.579954 0.326888 0.987426
-0.561077 0.265116 0.999145
-0.531090 0.198691 1.000000
-0.498258 0.140700 0.981902
-0.474819 0.082438 0.973853
-0.456799 0.030844 0.942853
-0.430726 -0.014913 0.922874
-0.422251 -0.044781 0.879524
-0.396419 -0.077454 0.847721
-0.398571 -0.077267 0.797821
-0.392926 -0.043411 0.759586
-0.367877 -0.017011 0.730033
-0.375599 0.018673 0.688840
-0.349797 0.044989 0.658944
-0.360741 0.103271 0.629180
-0.345401 0.161865 0.623354
-0.324236 0.177879 0.578504
-0.325064 0.208599 0.542334
-0.277945 0.236079 0.532418
-0.243292 0.241250 0.505113
-0.214795 0.222017 0.473797
-0.172599 0.257244 0.464682
-0.126836 0.245446 0.459540
-0.085739 0.215287 0.456475
-0.040036 0.220417 0.456922
0.002762 0.201558 0.444151
0.040984 0.206875 0.471180
0.088027 0.186561 0.474494
0.121326 0.191235 0.506586
0.174601 0.170859 0.504298
0.220184 0.200042 0.503298
0.259956 0.229411 0.508664
0.300451 0.275439 0.490685
0.325561 0.335279 0.488383
0.337799 0.400145 0.468904
0.342993 0.478492 0.476375
0.329294 0.546682 0.474047
0.297771 0.613065 0.472311
0.278939 0.672842 0.475296
0.233176 0.720179 0.477874
0.187954 0.756070 0.498234
0.142206 0.787247 0.513083
0.104676 0.844594 0.502772
0.061713 0.864306 0.485227
0.005577 0.875605 0.485832
-0.037281 0.905120 0.489541
-0.088072 0.910063 0.472166
-0.134107 0.938000 0.472008
-0.186494 0.948676 0.461881
-0.234380 0.981514 0.468562
-0.284720 0.990383 0.457435
-0.340178 0.997902 0.469220
-0.388967 1.000000 0.468076
-0.441896 0.981120 0.479703
-0.489948 0.990778 0.492816
-0.540002 0.964607 0.502404
-0.583642 0.972728 0.529537
-0.633937 0.941053 0.536113
-0.682079 0.924686 0.552422
-0.725735 0.874109 0.554777
-0.770671 0.851116 0.568074
-0.814191 0.808121 0.553764
-0.855514 0.775865 0.530313
-0.895632 0.763693 0.506402
-0.919854 0.726638 0.468523
-0.952987 0.693821 0.447768
-0.978338 0.680964 0.406812
-0.972753 0.634479 0.367262
-0.992262 0.584069 0.343535
-1.000000 0.550192 0.305327
-0.961748 0.526410 0.271683
-0.937346 0.457576 0.278365
-0.957036 0.396448 0.277313
-0.947462 0.382117 0.234462
-0.897950 0.375761 0.235856
-0.887608 0.328757 0.263266
-0.902105 0.274213 0.241341
-0.863763 0.277433 0.213773
-0.826791 0.276664 0.241104
-0.833023 0.216367 0.259360
-0.821929 0.177152 0.224400
-0.775940 0.195057 0.219376
-0.755406 0.178253 0.256532
-0.752320 0.107218 0.246299
-0.710937 0.110770 0.217403
-0.671767 0.135819 0.240183
-0.658656 0.080798 0.266593
-0.625703 0.051470 0.234765
-0.585073 0.082023 0.238289
-0.542772 0.067110 0.249640
-0.504595 0.082646 0.269776
-0.457778 0.084786 0.263411
-0.413414 0.094818 0.270776
-0.367636 0.114093 0.268474
-0.333358 0.068751 0.260451
-0.292292 0.069955 0.236330
-0.303191 0.097497 0.197057
-0.275145 0.148053 0.192387
-0.234576 0.114633 0.191967
-0.246212 0.068730 0.164951
-0.252474 0.113636 0.134411
-0.208924 0.130647 0.130453
-0.191010 0.074733 0.121956
-0.219025 0.062021 0.090127
-0.204558 0.112867 0.067742
-0.159141 0.101984 0.066887
-0.160541 0.046651 0.044962
-0.177040 0.085222 0.010371
-0.155167 0.141697 0.006438
-0.110608 0.125870 0.001467
-0.113829 0.088441 -0.031730
-0.135732 0.129089 -0.056628
-0.104571 0.177609 -0.055076
-0.067569 0.142050 -0.066860
-0.084143 0.124333 -0.102504
-0.089261 0.183508 -0.116761
-0.045349 0.201267 -0.114038
-0.028971 0.157877 -0.139843
-0.053193 0.172770 -0.172172
-0.038575 0.233171 -0.174697
0.006767 0.222889 -0.177117
0.007911 0.185710 -0.210025
-0.015453 0.225361 -0.235133
0.014881 0.278721 -0.231884
0.060629 0.246921 -0.238395
0.052771 0.208703 -0.273525
0.032855 0.263392 -0.295937
