-0.551911 -1.000000 0.014284
-0.509412 -0.977793 -0.071701
-0.465848 -0.929679 -0.141009
-0.398596 -0.848254 -0.166376
-0.325232 -0.802449 -0.189224
-0.291507 -0.714095 -0.194519
-0.266109 -0.629414 -0.149531
-0.191848 -0.587310 -0.143132
-0.185064 -0.507750 -0.071984
-0.166562 -0.460080 -0.003100
-0.239281 -0.387922 -0.020682
-0.325007 -0.424016 0.011056
-0.308159 -0.433728 0.109384
-0.304655 -0.337498 0.131609
-0.395316 -0.310643 0.117793
-0.431675 -0.372200 0.188460
-0.383261 -0.329859 0.269404
-0.428171 -0.235703 0.276058
-0.510730 -0.205857 0.295961
-0.574254 -0.186196 0.225407
-0.664046 -0.202866 0.239988
-0.690313 -0.094941 0.228267
-0.656589 -0.073889 0.130731
-0.663597 -0.075162 0.045908
-0.607978 0.000518 0.036820
-0.532204 -0.042681 0.066576
-0.535259 -0.112411 0.005762
-0.531307 -0.057812 -0.066095
-0.455980 -0.015382 -0.044379
-0.409108 -0.093106 -0.037216
-0.425984 -0.121915 -0.116575
-0.394447 -0.050320 -0.160969
-0.314495 -0.052837 -0.125126
-0.296553 -0.140391 -0.150210
-0.312757 -0.127334 -0.232344
-0.251868 -0.063615 -0.246726
-0.182653 -0.113240 -0.221727
-0.194483 -0.180896 -0.278578
-0.191427 -0.132426 -0.354114
-0.111756 -0.093668 -0.337099
-0.069986 -0.173257 -0.333107
-0.095216 -0.204939 -0.410512
-0.062781 -0.136927 -0.460965
0.018937 -0.148741 -0.431548
0.025749 -0.238249 -0.461389
0.008424 -0.218144 -0.543891
0.072593 -0.157979 -0.556292
0.135669 -0.217434 -0.535935
0.113466 -0.275734 -0.596976
0.118596 -0.217671 -0.658470
0.208051 -0.193598 -0.642559
0.231936 -0.285919 -0.652270
0.197875 -0.297230 -0.738990
0.256017 -0.227382 -0.779250
0.330922 -0.293529 -0.753571
0.375608 -0.356922 -0.803570
0.459933 -0.361541 -0.735904
0.467810 -0.424016 -0.650062
0.499348 -0.500792 -0.615577
0.535259 -0.470739 -0.519995
0.469577 -0.496647 -0.443269
0.427078 -0.551246 -0.403661
0.474370 -0.510060 -0.315751
0.418303 -0.431418 -0.281352
0.329829 -0.470265 -0.272604
0.364647 -0.551246 -0.223737
0.394895 -0.485987 -0.148823
0.301375 -0.464254 -0.124503
0.272444 -0.555865 -0.118670
0.336613 -0.561875 -0.031894
0.293694 -0.496173 0.037160
0.224927 -0.564659 0.058281
0.294142 -0.635898 0.077986
0.335324 -0.578072 0.159921
0.270033 -0.596577 0.234694
0.296778 -0.690941 0.235118
0.394447 -0.675692 0.279823
0.403417 -0.647001 0.373140
0.418752 -0.678920 0.444827
0.442412 -0.669682 0.511615
0.464755 -0.592402 0.581518
0.449869 -0.583608 0.678827
0.455560 -0.544761 0.749607
0.487518 -0.443439 0.773503
0.433217 -0.359705 0.807109
0.367731 -0.335633 0.874379
0.319541 -0.301405 0.931003
0.248812 -0.226909 0.922142
0.184839 -0.174412 0.938081
0.180578 -0.114602 0.985844
0.166113 -0.014730 0.997339
0.160534 0.078597 1.000000
0.183326 0.169911 0.978766
0.220330 0.252017 0.938081
0.262380 0.313337 0.885874
0.270482 0.393726 0.823927
0.267426 0.463337 0.792528
0.346033 0.427036 0.745643
0.294367 0.380994 0.673957
0.241131 0.460553 0.656262
0.311215 0.527884 0.650515
0.357638 0.470058 0.584604
0.282536 0.468193 0.527555
0.260838 0.542689 0.537719
0.365768 0.594741 0.514701
0.364647 0.538277 0.436418
0.295684 0.591040 0.398366
0.339024 0.679394 0.414731
0.421387 0.644692 0.371838
0.376926 0.620649 0.290865
0.334006 0.703466 0.280475
0.418752 0.756199 0.281352
0.467810 0.690971 0.221189
0.402997 0.698817 0.153070
0.405604 0.800139 0.157062
0.504619 0.805706 0.154825
0.508123 0.739085 0.080307
0.448103 0.794602 0.030874
0.502404 0.876471 0.046786
0.584767 0.826965 0.019351
0.542268 0.797356 -0.064792
0.512496 0.888048 -0.083507
0.608847 0.927369 -0.072238
0.659224 0.851511 -0.121020
0.611931 0.864924 -0.204428
0.621995 0.959761 -0.200776
0.727121 0.936163 -0.205985
0.732812 0.871852 -0.287553
0.683333 0.935245 -0.343044
0.753417 1.000000 -0.362523
0.770938 0.964854 -0.464504
0.717478 0.941700 -0.555386
0.618491 0.900543 -0.577073
0.544034 0.938946 -0.610255
0.455111 0.903327 -0.635028
0.371235 0.841325 -0.604054
0.319317 0.829748 -0.523110
0.259521 0.889440 -0.520448
0.197763 0.796912 -0.509407
0.223834 0.722889 -0.435965
0.226694 0.775623 -0.350802
0.138304 0.814500 -0.353463
0.089918 0.726117 -0.363174
0.136566 0.675219 -0.290299
0.124287 0.747879 -0.225945
0.032225 0.756644 -0.242848
0.015713 0.658579 -0.226172
0.059361 0.657187 -0.142311
0.014479 0.739530 -0.109639
-0.073238 0.714540 -0.136734
-0.069425 0.623403 -0.093218
-0.042120 0.662724 -0.011056
-0.106934 0.733519 -0.006639
-0.182092 0.680785 -0.038037
-0.163282 0.603062 0.024787
-0.163702 0.663197 0.100749
-0.243766 0.714095 0.085828
-0.297422 0.634062 0.066576
-0.266109 0.592876 0.149304
-0.297198 0.672465 0.200181
-0.385896 0.680785 0.160374
-0.404735 0.578545 0.172096
-0.377795 0.580855 0.263431
-0.438908 0.658105 0.281579
-0.520373 0.629887 0.229145
-0.524298 0.531585 0.265441
-0.523878 0.569751 0.358559
-0.606212 0.635898 0.342846
-0.675007 0.572061 0.286901
-0.682884 0.468429 0.326029
-0.700405 0.456408 0.429765
-0.759528 0.514679 0.456774
-0.838386 0.440893 0.451452
-0.914161 0.394407 0.510737
-0.937794 0.307090 0.567362
-0.911975 0.258057 0.656715
-0.923777 0.280590 0.735451
-0.992992 0.207396 0.767302
-1.000000 0.105216 0.799606
-0.955343 0.020475 0.839866
-0.885259 -0.043125 0.854900
-0.822604 -0.074600 0.908863
-0.775731 -0.069152 0.942498
-0.696032 -0.045228 0.891168
-0.627686 -0.009608 0.821265
-0.530438 0.018106 0.823927
-0.461671 0.039484 0.801362
-0.461223 -0.000222 0.704931
-0.495844 0.076169 0.647882
-0.398147 0.117237 0.646551
-0.344715 0.031460 0.607622
-0.389849 0.003124 0.518240
-0.404735 0.098524 0.466938
-0.317999 0.137460 0.469147
-0.281639 0.064089 0.420478
-0.337482 0.061276 0.347942
-0.333558 0.156676 0.327812
-0.243093 0.154248 0.335117
-0.235552 0.083986 0.272519
-0.284275 0.128074 0.206382
-0.237851 0.207041 0.207910
-0.160646 0.162213 0.201059
-0.185821 0.119132 0.124644
-0.207182 0.196678 0.076967
-0.129753 0.236887 0.091576
-0.081788 0.164700 0.053977
-0.124820 0.167069 -0.022183
-0.115681 0.258738 -0.036933
-0.028552 0.264631 -0.018530
-0.007135 0.188002 -0.068869
-0.048120 0.217552 -0.142254
-0.006770 0.300606 -0.150352
0.075845 0.264631 -0.147181
0.066482 0.209824 -0.216772
0.045512 0.274698 -0.271613
0.119914 0.323493 -0.255701
0.172140 0.255156 -0.284778
0.139089 0.252017 -0.365411
0.153105 0.340045 -0.383531
0.238299 0.337735 -0.367393
0.255148 0.274579 -0.429765
0.224058 0.321776 -0.495675
0.280350 0.394170 -0.483954
0.355228 0.345138 -0.490154
0.342977 0.316002 -0.569117
0.333109 0.399500 -0.607169
0.411098 0.435800 -0.580612
0.460802 0.370364 -0.621749
0.430582 0.385376 -0.702722
0.462568 0.480007 -0.707592
0.554995 0.456171 -0.711103
0.630321 0.451552 -0.761102
0.681566 0.422624 -0.683243
0.720561 0.369654 -0.623080
0.720113 0.441367 -0.564247
0.631190 0.451996 -0.559831
0.614538 0.365035 -0.532849
0.660541 0.368025 -0.462267
0.621126 0.439975 -0.422234
0.540081 0.404119 -0.425348
0.558920 0.328704 -0.379114
0.586953 0.374036 -0.305786
0.515552 0.427036 -0.290525
0.457746 0.357159 -0.290978
0.492788 0.306172 -0.228692
0.485780 0.373592 -0.166943
0.395540 0.383540 -0.174191
0.377570 0.293203 -0.155958
0.417210 0.292404 -0.078014
0.368824 0.360179 -0.040472
0.289096 0.321776 -0.054062
0.308580 0.239315 -0.015699
0.331147 0.277807 0.062612
0.255596 0.327313 0.077420
0.203902 0.252846 0.066463
0.243766 0.195938 0.123087
0.231067 0.256784 0.191999
0.140070 0.270079 0.186478
0.129221 0.177373 0.196869
0.176962 0.174767 0.279370
0.123642 0.237568 0.328690
0.036037 0.201415 0.313430
0.058324 0.112884 0.351255
0.042821 0.131686 0.438626
0.007583 0.086917 0.513823
0.005116 0.067494 0.596099
0.049661 -0.023702 0.616002
0.075564 -0.103972 0.613794
0.095384 -0.191052 0.562492
0.150246 -0.259301 0.530641
0.185064 -0.269250 0.433757
0.249905 -0.207011 0.374924
0.337735 -0.210742 0.389080
0.342977 -0.266229 0.299047
0.288003 -0.214887 0.236024
0.321952 -0.121323 0.241319
0.410874 -0.147586 0.221868
0.376701 -0.194546 0.142453
0.337510 -0.113447 0.103863
0.413509 -0.060151 0.108506
0.467362 -0.131508 0.068133
0.400137 -0.151524 -0.003044
0.376701 -0.055058 -0.032941
0.458167 -0.005670 -0.023230
0.519953 -0.073208 -0.048258
0.494526 -0.081528 -0.146247
0.487098 0.016152 -0.164338
0.582131 0.024975 -0.153664
0.618070 -0.042089 -0.218754
0.596597 0.009253 -0.291176
0.641703 0.084430 -0.258334
0.721430 0.026367 -0.245735
0.717478 -0.017158 -0.333107
0.717478 0.068826 -0.378435
0.799392 0.087361 -0.332880
0.846264 -0.008720 -0.355898
0.862467 -0.024975 -0.448790
0.922908 -0.035279 -0.510284
0.853272 -0.027877 -0.573534
0.827874 0.064089 -0.547656
0.914161 0.092277 -0.555386
0.924674 0.055857 -0.642984
0.851534 0.097162 -0.675712
0.875615 0.181637 -0.645192
0.957081 0.175004 -0.688566
0.921170 0.157712 -0.773927
0.868158 0.236058 -0.770388
0.941326 0.291930 -0.757563
0.989515 0.259656 -0.834997
0.918534 0.273424 -0.895132
0.914161 0.369654 -0.875681
1.000000 0.391180 -0.906655
0.965855 0.373592 -1.000000
0.886997 0.449243 -0.991138
0.950072 0.527647 -0.957079
