-0.639880 1.000000 -0.106386
-0.639971 0.899146 -0.057289
-0.654560 0.804852 -0.005005
-0.669667 0.706304 0.041436
-0.659255 0.578056 0.060504
-0.676360 0.485420 0.128278
-0.704394 0.404967 0.177543
-0.711041 0.287712 0.216015
-0.745981 0.228887 0.282950
-0.776257 0.170818 0.333473
-0.794062 0.072739 0.380166
-0.840268 0.039722 0.401583
-0.865696 -0.057600 0.444892
-0.912161 -0.085859 0.461528
-0.937482 -0.201204 0.485797
-0.965319 -0.288433 0.519795
-0.969923 -0.397974 0.572471
-0.998994 -0.483762 0.600403
-1.000000 -0.600800 0.610720
-0.974084 -0.715640 0.638735
-0.967255 -0.818621 0.672007
-0.922207 -0.904228 0.667981
-0.875666 -0.953826 0.687748
-0.831838 -1.000000 0.696807
-0.780403 -0.982878 0.667366
-0.732688 -0.987492 0.668344
-0.687946 -0.915582 0.637924
-0.650886 -0.844898 0.638064
-0.631846 -0.742962 0.667002
-0.600945 -0.670584 0.687636
-0.584100 -0.596114 0.739781
-0.556340 -0.502938 0.747134
-0.563490 -0.429153 0.814628
-0.591860 -0.336193 0.793183
-0.631952 -0.353459 0.849578
-0.604985 -0.329380 0.930269
-0.598369 -0.217677 0.931024
-0.604116 -0.115489 0.956188
-0.595549 -0.010201 0.947073
-0.557270 -0.014418 1.000000
-0.530424 -0.079011 0.946597
-0.530912 -0.008759 0.879998
-0.511247 0.077065 0.920008
-0.471382 0.023429 0.940642
-0.457053 0.000829 0.860398
-0.455360 0.104026 0.832439
-0.423149 0.135205 0.890734
-0.389397 0.065098 0.866214
-0.386867 0.099845 0.784097
-0.374748 0.206178 0.809037
-0.334319 0.169845 0.852933
-0.312916 0.139026 0.778756
-0.268448 0.172476 0.760611
-0.235703 0.171719 0.703545
-0.194024 0.201240 0.692194
-0.153733 0.195761 0.661802
-0.111445 0.168583 0.669686
-0.069004 0.193779 0.656629
-0.028896 0.160004 0.638903
0.012981 0.186245 0.626461
0.041915 0.202105 0.555276
0.075498 0.109757 0.587290
0.048089 -0.003604 0.572024
0.049705 -0.065818 0.501510
0.064263 -0.161843 0.466756
0.078898 -0.120463 0.389644
0.121781 -0.079732 0.415842
0.141202 -0.191472 0.433792
0.141111 -0.246765 0.356875
0.168810 -0.332769 0.305374
0.197607 -0.404066 0.256221
0.237715 -0.437984 0.218224
0.245215 -0.328551 0.185679
0.221358 -0.240097 0.223452
0.175746 -0.209566 0.216602
0.134738 -0.151137 0.224822
0.095606 -0.110550 0.194123
0.117512 -0.051761 0.130319
0.132360 -0.136791 0.085780
0.090880 -0.184155 0.070654
0.069690 -0.101900 0.029637
0.102176 -0.105865 -0.036068
0.100240 -0.210864 -0.062909
0.050802 -0.202501 -0.076469
0.025420 -0.108892 -0.088464
0.002523 -0.048373 -0.025219
-0.014993 0.054536 -0.026310
-0.041229 0.052193 0.045071
-0.006319 0.025808 0.098054
0.022920 0.107595 0.082257
-0.005541 0.190066 0.106805
-0.009505 0.154345 0.188587
0.035024 0.159536 0.208662
0.041152 0.266374 0.193088
0.009917 0.299643 0.252083
0.032616 0.253722 0.322094
0.079431 0.298562 0.300145
0.087450 0.405291 0.305150
0.132757 0.401651 0.347705
0.156538 0.300688 0.341498
0.201128 0.274087 0.325700
0.199649 0.168727 0.348991
0.169298 0.142090 0.280937
0.190411 0.189345 0.210535
0.236678 0.139062 0.233770
0.239590 0.032837 0.225633
0.266268 -0.071514 0.206537
0.283006 -0.171863 0.176005
0.318373 -0.228202 0.136554
0.322611 -0.135313 0.077364
0.305522 -0.034423 0.096656
0.258478 -0.008398 0.087653
0.216434 0.053599 0.077476
0.180731 0.096601 0.036319
0.207592 0.141874 -0.026925
0.219543 0.047904 -0.063776
0.176127 0.010489 -0.080999
0.162239 0.091627 -0.132752
0.195640 0.063007 -0.192669
0.187393 -0.045201 -0.207124
0.139403 -0.022744 -0.224822
0.120622 0.074217 -0.249651
0.104951 0.166889 -0.187385
0.096383 0.276394 -0.179724
0.067190 0.273402 -0.111195
0.101185 0.238691 -0.057261
0.129479 0.323541 -0.067494
0.098807 0.398947 -0.039087
0.092587 0.355225 0.039954
0.137345 0.362145 0.066404
0.140699 0.471759 0.056842
0.102649 0.494215 0.108287
0.128031 0.444833 0.180031
0.180518 0.437948 0.175446
0.215092 0.384926 0.137113
0.258280 0.360487 0.096013
0.288738 0.366038 0.023626
0.331255 0.318855 0.063244
0.328450 0.209927 0.062853
0.347018 0.092672 0.048650
0.363040 -0.009516 0.022368
0.398239 -0.078578 -0.003299
0.412539 0.008903 -0.064195
0.395648 0.119345 -0.052704
0.350128 0.154381 -0.069591
0.309196 0.209963 -0.088855
0.273997 0.236312 -0.140301
0.302976 0.275024 -0.203629
0.321133 0.179577 -0.225605
0.280582 0.132502 -0.249511
0.269164 0.204160 -0.311273
0.309928 0.184767 -0.358050
0.303845 0.074037 -0.370156
0.257822 0.082976 -0.406336
0.233202 0.177486 -0.433317
0.204832 0.248387 -0.385506
0.181158 0.344339 -0.389532
0.157468 0.333742 -0.315048
0.195076 0.332624 -0.263127
0.211052 0.429586 -0.288151
0.174526 0.489601 -0.263518
0.175426 0.466136 -0.180171
0.220016 0.491836 -0.160516
0.215717 0.604333 -0.191886
0.174603 0.640234 -0.146732
0.183566 0.603684 -0.060197
0.225763 0.656021 -0.042247
0.259484 0.728076 -0.024325
0.301559 0.771438 -0.042834
0.328968 0.704142 0.006235
0.317230 0.607757 -0.029861
0.331301 0.628195 -0.107952
0.376927 0.642252 -0.089107
0.382888 0.539992 -0.059610
0.369412 0.481094 -0.129061
0.400358 0.520636 -0.187189
0.438241 0.475219 -0.132332
0.432722 0.367805 -0.123693
0.445512 0.246260 -0.112565
0.458455 0.136899 -0.109517
0.491566 0.054933 -0.119555
0.502923 0.103774 -0.201113
0.493075 0.215730 -0.219846
0.446625 0.253505 -0.239361
0.408971 0.316044 -0.269166
0.376562 0.344303 -0.324834
0.407081 0.350719 -0.391210
0.418149 0.244602 -0.392887
0.375723 0.201564 -0.405581
0.365692 0.256209 -0.478359
0.404078 0.218938 -0.522116
0.396700 0.109902 -0.521473
0.351362 0.125473 -0.562406
0.334304 0.222723 -0.602108
0.310050 0.314133 -0.568697
0.300568 0.416177 -0.596265
0.271466 0.445806 -0.531175
0.305263 0.438273 -0.470139
0.335112 0.510507 -0.502600
0.306910 0.598638 -0.500084
0.297534 0.594673 -0.415758
0.339914 0.604693 -0.380976
0.349167 0.702880 -0.416038
0.312581 0.758786 -0.381675
0.330401 0.736330 -0.296678
0.382278 0.712144 -0.294386
0.413026 0.646722 -0.331516
0.454217 0.613740 -0.366354
0.478303 0.586418 -0.438182
0.520576 0.570955 -0.381731
0.522710 0.477850 -0.341190
0.546278 0.380276 -0.302494
0.564633 0.281008 -0.280462
0.598399 0.212522 -0.237628
0.619376 0.151281 -0.302690
0.626419 0.252532 -0.368143
0.599253 0.341528 -0.387966
0.556081 0.348088 -0.426494
0.516536 0.382871 -0.474361
0.486002 0.381610 -0.537074
0.519707 0.377104 -0.599340
0.533275 0.274231 -0.581306
0.491825 0.225967 -0.592043
0.486581 0.252172 -0.675893
0.523701 0.191544 -0.698988
0.510408 0.092924 -0.666080
0.468303 0.095592 -0.714841
0.457251 0.155391 -0.783705
0.432844 0.264535 -0.777414
0.417142 0.357099 -0.819158
0.385388 0.390765 -0.759520
0.418042 0.409256 -0.698736
0.441869 0.483185 -0.741319
0.407859 0.556825 -0.750909
0.399992 0.573298 -0.666779
0.442159 0.605847 -0.640888
0.442890 0.694662 -0.692445
0.405099 0.743863 -0.658167
0.426807 0.743863 -0.575435
0.477175 0.742998 -0.569619
0.514006 0.680532 -0.585444
0.560242 0.650110 -0.592798
0.595610 0.612839 -0.646228
0.630641 0.622139 -0.574708
0.626647 0.536388 -0.523794
0.648493 0.442706 -0.472823
0.670109 0.358649 -0.430828
0.709044 0.305951 -0.402617
0.725919 0.305446 -0.488900
0.710019 0.388747 -0.547308
0.665704 0.385322 -0.587485
0.627699 0.406301 -0.642510
0.597149 0.383520 -0.703489
0.629544 0.367732 -0.765336
0.651115 0.278124 -0.735894
0.611418 0.212054 -0.745177
0.615534 0.193130 -0.833893
0.645322 0.109145 -0.839764
0.615656 0.020257 -0.864564
0.569984 0.062502 -0.898535
0.533046 0.090005 -0.955125
0.527009 0.206286 -0.952832
0.524189 0.299463 -1.000000
0.498304 0.359911 -0.945339
0.531080 0.375554 -0.886065
0.562194 0.422737 -0.936728
0.535333 0.511264 -0.957306
0.528077 0.552031 -0.876754
0.575807 0.559276 -0.852010
0.603171 0.610532 -0.912487
0.586371 0.716685 -0.892132
0.600396 0.710413 -0.797070
0.646038 0.676351 -0.787088
0.692229 0.681145 -0.786333
0.731758 0.635764 -0.815411
0.742292 0.580831 -0.738495
0.697915 0.513715 -0.749175
0.706925 0.437840 -0.821814
0.744335 0.370400 -0.789185
0.774549 0.304870 -0.751831
0.814459 0.269978 -0.729072
0.851671 0.216127 -0.724683
0.878059 0.148866 -0.685735
0.906246 0.125906 -0.627495
0.929006 0.047544 -0.596293
0.938443 -0.017770 -0.534698
0.947254 -0.025700 -0.455936
0.954663 -0.095880 -0.399961
0.949678 -0.138774 -0.324191
0.984649 -0.161590 -0.273025
0.975731 -0.205637 -0.199938
0.991981 -0.252028 -0.136079
0.983765 -0.319360 -0.076917
0.996448 -0.364452 -0.008779
1.000000 -0.464153 0.026366
0.989680 -0.490826 0.108203
0.984984 -0.556465 0.172426
0.947010 -0.587608 0.227842
0.929327 -0.648416 0.291114
0.899981 -0.684245 0.349718
0.885148 -0.568864 0.396214
0.842082 -0.487402 0.366214
0.797660 -0.437660 0.388190
0.762659 -0.348953 0.356624
0.721681 -0.291461 0.342923
0.705095 -0.177630 0.332746
0.694196 -0.070252 0.285047
0.652837 -0.012652 0.291562
0.628583 0.089140 0.282139
0.594756 0.149083 0.338758
0.600777 0.259489 0.374630
0.643081 0.285874 0.415926
0.659377 0.183434 0.465470
0.687625 0.113939 0.511408
0.693494 0.016148 0.550271
0.708937 -0.043975 0.616032
0.720066 -0.128861 0.663619
