-0.368547 -0.230759 -1.000000
-0.310956 -0.175470 -0.967810
-0.243345 -0.121728 -0.952696
-0.182009 -0.082171 -0.907464
-0.099192 -0.046752 -0.885911
-0.022777 -0.018085 -0.858476
0.027387 0.035840 -0.831429
0.126274 0.058551 -0.833779
0.184314 0.110225 -0.811246
0.273629 0.136050 -0.821181
0.347579 0.180654 -0.805585
0.412821 0.216800 -0.837109
0.493397 0.264700 -0.817222
0.585178 0.286138 -0.812097
0.681056 0.275317 -0.796983
0.764194 0.302916 -0.778945
0.854918 0.293959 -0.758725
0.851012 0.309577 -0.694753
0.771877 0.302870 -0.657882
0.714574 0.288070 -0.612502
0.632237 0.284274 -0.583291
0.630284 0.353362 -0.569971
0.621353 0.375595 -0.623972
0.536038 0.344564 -0.635590
0.487475 0.374800 -0.594169
0.496150 0.443910 -0.605842
0.431325 0.449889 -0.651019
0.342873 0.436249 -0.614537
0.346587 0.487173 -0.570119
0.335702 0.541665 -0.533656
0.353982 0.604342 -0.506221
0.361537 0.635510 -0.448039
0.442049 0.686229 -0.458139
0.489876 0.708144 -0.509958
0.578551 0.657175 -0.511123
0.573077 0.586383 -0.501170
0.560944 0.560966 -0.444857
0.454726 0.537232 -0.457621
0.396559 0.475737 -0.477102
0.299848 0.440682 -0.499098
0.226667 0.378142 -0.494122
0.139944 0.339812 -0.494122
0.083249 0.281069 -0.478082
0.007859 0.324081 -0.441083
-0.062313 0.363296 -0.417643
-0.118752 0.411787 -0.383104
-0.176919 0.462870 -0.343107
-0.170612 0.536687 -0.335338
-0.086034 0.568059 -0.316042
-0.000176 0.584473 -0.292732
0.062697 0.604524 -0.253994
0.101465 0.647354 -0.213960
0.159664 0.672293 -0.174999
0.161713 0.625848 -0.131469
0.133605 0.558465 -0.130674
0.109372 0.487309 -0.127085
0.141289 0.417198 -0.149895
0.134054 0.351134 -0.182307
0.213029 0.300733 -0.206986
0.270364 0.267610 -0.252717
0.376038 0.239739 -0.272309
0.464938 0.241716 -0.315580
0.570708 0.239648 -0.334172
0.645970 0.244149 -0.384510
0.715790 0.225189 -0.426745
0.760064 0.199750 -0.471089
0.759552 0.127025 -0.463837
0.681120 0.105109 -0.422731
0.613029 0.064234 -0.393279
0.623241 0.108588 -0.341535
0.624714 0.153851 -0.299189
0.653333 0.199045 -0.256195
0.538952 0.209457 -0.244651
0.447075 0.188519 -0.205691
0.344986 0.171060 -0.183639
0.305706 0.106405 -0.191020
0.319888 0.084354 -0.135761
0.239536 0.119591 -0.112803
0.147851 0.125070 -0.093211
0.176663 0.201637 -0.080761
0.197727 0.266951 -0.089290
0.215334 0.334879 -0.080243
0.211557 0.404217 -0.071789
0.248019 0.470918 -0.099649
0.286403 0.537278 -0.113173
0.313870 0.593930 -0.140312
0.406002 0.614413 -0.114930
0.432253 0.547008 -0.080447
0.433277 0.481557 -0.110472
0.469516 0.512384 -0.163381
0.564146 0.521091 -0.193462
0.536455 0.519750 -0.249517
0.507035 0.560057 -0.292640
0.460264 0.510156 -0.321389
0.391308 0.499312 -0.280430
0.351132 0.562467 -0.279930
0.327091 0.564172 -0.334875
0.273950 0.506974 -0.334801
0.203745 0.527798 -0.296895
0.169972 0.582722 -0.326606
0.133669 0.536846 -0.370247
0.057383 0.496152 -0.340443
-0.020536 0.444001 -0.321315
-0.070092 0.388372 -0.305701
-0.021273 0.332742 -0.336410
0.068491 0.337971 -0.360793
0.146891 0.320534 -0.403916
0.258391 0.338176 -0.414887
0.345818 0.368116 -0.438992
0.453413 0.393123 -0.432647
0.534534 0.443001 -0.437401
0.628844 0.466780 -0.413869
0.708683 0.506314 -0.407653
0.767843 0.532481 -0.368434
0.707499 0.585200 -0.349527
0.638992 0.527275 -0.330805
0.719888 0.483899 -0.300724
0.830620 0.483581 -0.295526
0.900600 0.514339 -0.329233
1.000000 0.504109 -0.317393
0.983353 0.446320 -0.279838
0.908956 0.406104 -0.261153
0.926883 0.332310 -0.233403
0.989436 0.285638 -0.211315
0.966194 0.234737 -0.255825
0.878992 0.252992 -0.284185
0.914558 0.321512 -0.310788
0.961329 0.369389 -0.343385
0.971541 0.425791 -0.374391
0.896407 0.439136 -0.410724
0.800784 0.407127 -0.408652
0.713421 0.374982 -0.423064
0.610116 0.353316 -0.405563
0.522785 0.313078 -0.390634
0.413269 0.310804 -0.376648
0.329140 0.286525 -0.346844
0.228427 0.315442 -0.328493
0.147851 0.319170 -0.285795
0.060328 0.347269 -0.264095
-0.009876 0.340404 -0.222248
0.004402 0.413879 -0.189374
-0.030716 0.483831 -0.158183
-0.020248 0.552146 -0.124365
-0.039584 0.614913 -0.101148
0.031132 0.654402 -0.060115
0.063145 0.719716 -0.063889
-0.000624 0.746837 -0.026594
0.025242 0.704325 0.017843
0.121184 0.719102 0.022524
0.109532 0.787326 0.029017
0.055366 0.782370 0.076469
0.120576 0.743564 0.108659
0.192573 0.796920 0.109991
0.151501 0.842864 0.147620
0.110108 0.872373 0.193555
0.035934 0.901768 0.220435
0.043201 0.965036 0.194998
0.022745 0.938824 0.142273
-0.065898 0.911111 0.151578
-0.116575 0.970787 0.166082
-0.120832 1.000000 0.112192
-0.196543 0.959216 0.090714
-0.282849 0.929207 0.081390
-0.337975 0.873510 0.081020
-0.319280 0.850662 0.028592
-0.229132 0.827315 0.042059
-0.254838 0.780551 0.081335
-0.312397 0.742563 0.047276
-0.241937 0.724058 0.010924
-0.182681 0.692231 0.047572
-0.248435 0.645422 0.065850
-0.260504 0.615754 0.014291
-0.167987 0.594203 0.006854
-0.164178 0.553555 0.053178
-0.238992 0.512634 0.037268
-0.199392 0.489128 -0.012256
-0.124354 0.459892 0.013181
-0.176599 0.416289 0.043724
-0.217447 0.382347 -0.000916
-0.134694 0.356817 -0.020711
-0.107547 0.320830 0.025391
-0.187419 0.281114 0.029239
-0.173589 0.245649 -0.020174
-0.081905 0.220006 0.001637
-0.062985 0.217414 0.058913
-0.033597 0.280432 0.086496
-0.049252 0.300165 0.140997
0.026683 0.344109 0.146177
-0.001457 0.388895 0.104552
-0.089972 0.403558 0.124180
-0.059432 0.434067 0.171651
-0.016471 0.489014 0.148637
-0.097943 0.515044 0.123348
-0.154574 0.521591 0.169616
-0.094614 0.564899 0.198032
-0.100120 0.616255 0.160884
-0.195966 0.626712 0.165527
-0.197407 0.639557 0.221952
-0.139912 0.695595 0.223136
-0.197727 0.737153 0.192852
-0.279968 0.730901 0.227058
-0.235534 0.756022 0.277303
-0.205186 0.821131 0.261061
-0.289252 0.853322 0.248573
-0.346491 0.910929 0.247926
-0.451781 0.929730 0.245206
-0.543337 0.948872 0.248388
-0.635630 0.926661 0.247722
-0.640656 0.918772 0.190058
-0.561905 0.864030 0.189744
-0.577623 0.805877 0.218289
-0.612709 0.769025 0.174093
-0.523778 0.760978 0.148378
-0.481232 0.725308 0.190539
-0.546763 0.672407 0.192445
-0.536807 0.652583 0.138425
-0.437055 0.636920 0.146824
-0.443169 0.589543 0.189799
-0.491733 0.533799 0.172187
-0.421048 0.504996 0.139147
-0.351229 0.501677 0.180827
-0.399120 0.459960 0.217271
-0.410196 0.408900 0.180679
-0.313742 0.397215 0.171762
-0.289732 0.383075 0.225393
-0.345594 0.328878 0.233884
-0.305834 0.290162 0.191520
-0.211909 0.291958 0.207467
-0.228972 0.259108 0.258397
-0.256022 0.199454 0.233995
-0.168724 0.188519 0.205654
-0.115294 0.192043 0.259932
-0.150604 0.181517 0.312749
-0.211749 0.241648 0.339259
-0.292677 0.253515 0.371375
-0.269148 0.314965 0.394075
-0.269020 0.348360 0.342848
-0.359104 0.332379 0.325274
-0.405074 0.366138 0.367102
-0.374726 0.431293 0.358148
-0.416439 0.434430 0.304998
-0.509404 0.419881 0.320686
-0.521217 0.474919 0.355743
-0.506907 0.522592 0.315469
-0.586843 0.503723 0.285869
-0.652725 0.517249 0.330472
-0.641841 0.586564 0.328900
-0.682081 0.589838 0.274325
-0.738295 0.517681 0.275934
-0.803441 0.470963 0.298689
-0.816022 0.438863 0.241081
-0.741433 0.398829 0.223099
-0.718031 0.335198 0.205006
-0.618920 0.343359 0.211481
-0.619336 0.351770 0.267887
-0.665626 0.294231 0.282835
-0.603361 0.249332 0.259544
-0.520640 0.270270 0.288107
-0.555598 0.256539 0.339185
-0.569492 0.188633 0.329954
-0.474318 0.174470 0.320020
-0.438335 0.197408 0.369803
-0.490772 0.155351 0.403842
-0.456359 0.095539 0.383234
-0.361505 0.108429 0.398773
-0.391148 0.116726 0.456493
-0.477423 0.092106 0.478970
-0.564082 0.132549 0.472625
-0.658327 0.112361 0.465743
-0.701609 0.173788 0.477009
-0.660472 0.210321 0.434996
-0.690436 0.169878 0.393335
-0.785546 0.182268 0.401012
-0.790028 0.250855 0.394185
-0.755774 0.249014 0.340147
-0.816855 0.202069 0.314063
-0.901273 0.235851 0.324737
-0.874670 0.292140 0.295840
-0.861993 0.260563 0.245983
-0.955118 0.236715 0.241858
-1.000000 0.298551 0.239101
-0.952589 0.316510 0.188541
-0.949644 0.236579 0.168099
-0.995870 0.174584 0.157702
-0.935718 0.157420 0.108252
-0.845378 0.137346 0.127825
-0.776295 0.087013 0.132413
-0.717647 0.114749 0.172520
-0.783049 0.114976 0.214589
-0.805170 0.046638 0.213146
-0.711885 0.025109 0.224412
-0.700968 0.057278 0.274769
-0.774886 0.021768 0.299836
-0.732981 -0.041000 0.294305
-0.651381 -0.025496 0.322961
-0.694918 -0.010378 0.371227
-0.736471 -0.073100 0.380218
-0.648563 -0.105109 0.384418
-0.602689 -0.069190 0.425302
-0.672541 -0.078375 0.465317
-0.663289 -0.147326 0.468925
-0.568595 -0.150281 0.482726
-0.580664 -0.114203 0.531103
-0.645010 -0.155351 0.557983
-0.590268 -0.214049 0.556670
-0.514526 -0.187042 0.586621
-0.565330 -0.172015 0.631853
-0.593982 -0.236533 0.644266
-0.503962 -0.262745 0.650205
-0.477839 -0.220551 0.692921
-0.546699 -0.241171 0.727997
-0.520704 -0.308622 0.730013
-0.427259 -0.295868 0.750733
-0.448483 -0.259494 0.798944
-0.514942 -0.316601 0.818738
-0.457415 -0.370867 0.830967
-0.401297 -0.410105 0.861344
-0.331317 -0.447661 0.879492
-0.297575 -0.510861 0.877957
-0.247315 -0.559898 0.899453
-0.171220 -0.603569 0.901266
-0.206082 -0.674794 0.919433
-0.160560 -0.735470 0.920284
-0.192925 -0.797761 0.945962
-0.149836 -0.859369 0.955138
-0.192285 -0.929344 0.984923
-0.178551 -1.000000 1.000000
