0.454647 0.472586 1.000000
0.416916 0.470237 0.921276
0.371073 0.385859 0.875720
0.340536 0.397980 0.796359
0.283314 0.330326 0.761338
0.238287 0.323514 0.696536
0.174917 0.273620 0.660415
0.139763 0.207470 0.597204
0.082031 0.167066 0.546178
0.053637 0.083533 0.483401
0.091623 0.160254 0.418830
0.166167 0.126192 0.445689
0.158157 -0.017336 0.438106
0.140146 -0.011604 0.349686
0.204332 0.055109 0.320888
0.252880 -0.046747 0.352609
0.223465 -0.156918 0.306127
0.235379 -0.097252 0.226043
0.313060 -0.086305 0.236983
0.324719 -0.228048 0.246824
0.292575 -0.270237 0.169836
0.342143 -0.188255 0.120257
0.408880 -0.247216 0.148708
0.388676 -0.381207 0.125062
0.380793 -0.350763 0.038783
0.454545 -0.307165 0.027206
0.489572 -0.428095 0.056959
0.456892 -0.513507 -0.003791
0.486383 -0.441907 -0.073630
0.562458 -0.461687 -0.049897
0.561004 -0.607470 -0.044138
0.540033 -0.630961 -0.128361
0.601541 -0.563495 -0.164684
0.653762 -0.654592 -0.124338
0.624807 -0.782053 -0.156146
0.639935 -0.740709 -0.243293
0.719147 -0.740662 -0.228155
0.724122 -0.888184 -0.197158
0.689044 -0.939629 -0.268560
0.694529 -1.000000 -0.346676
0.673737 -0.974724 -0.424734
0.687692 -0.961334 -0.505051
0.693407 -0.866949 -0.564759
0.674911 -0.765046 -0.608202
0.705193 -0.671177 -0.652861
0.732413 -0.557153 -0.665769
0.733281 -0.451116 -0.710225
0.784431 -0.382711 -0.750745
0.821779 -0.277238 -0.767243
0.861908 -0.239089 -0.838760
0.907445 -0.153253 -0.760325
0.937370 -0.056848 -0.704003
0.926222 0.063331 -0.654395
0.935151 0.184261 -0.604990
0.942702 0.275499 -0.532257
0.909767 0.410054 -0.483286
0.926604 0.554287 -0.433244
0.905889 0.683721 -0.465138
0.868056 0.808363 -0.460450
0.845581 0.810853 -0.546496
0.797773 0.696500 -0.540419
0.753332 0.753347 -0.477931
0.729275 0.871365 -0.519290
0.694861 0.810571 -0.589476
0.643405 0.721635 -0.545020
0.611924 0.823773 -0.483604
0.587204 0.925018 -0.549507
0.582969 0.921541 -0.641834
0.634807 0.961569 -0.705305
0.650956 0.951515 -0.791149
0.725040 1.000000 -0.789094
0.752490 0.891332 -0.738213
0.730729 0.785718 -0.792133
0.773078 0.830209 -0.862493
0.844688 0.825746 -0.821018
0.841958 0.679258 -0.788516
0.800247 0.613108 -0.866429
0.835708 0.548038 -0.948916
0.831575 0.382664 -0.918063
0.833565 0.251914 -0.877514
0.873107 0.292882 -0.803855
0.819381 0.384966 -0.774449
0.755016 0.303030 -0.772308
0.800222 0.196711 -0.715117
0.817467 0.233075 -0.632022
0.824636 0.251539 -0.538827
0.796064 0.311816 -0.459987
0.816804 0.353629 -0.369338
0.792237 0.361334 -0.279210
0.798793 0.409772 -0.187867
0.779634 0.364059 -0.093167
0.768180 0.352643 -0.002402
0.763001 0.252666 0.077480
0.752797 0.176415 0.150849
0.800426 0.073714 0.210269
0.833973 -0.022128 0.264710
0.896527 -0.067700 0.319788
0.930737 -0.168851 0.370698
1.000000 -0.095983 0.380163
0.963494 0.037209 0.415907
0.888516 0.082781 0.435993
0.860352 0.159972 0.345431
0.851780 0.245243 0.270065
0.865760 0.253230 0.171341
0.881143 0.272117 0.083616
0.862393 0.212121 -0.003328
0.856091 0.186939 -0.090996
0.805248 0.183462 -0.169460
0.784762 0.139676 -0.256259
0.747541 0.172516 -0.344361
0.718994 0.142166 -0.430899
0.701085 0.219074 -0.523284
0.673176 0.300305 -0.597059
0.642869 0.403993 -0.646117
0.571948 0.344656 -0.652485
0.553146 0.353347 -0.565541
0.554957 0.497862 -0.560765
0.500185 0.526427 -0.621777
0.440438 0.442283 -0.587595
0.432453 0.504440 -0.507453
0.416712 0.647216 -0.545628
0.404288 0.678976 -0.637116
0.456561 0.679915 -0.708286
0.445208 0.669955 -0.796620
0.516563 0.725863 -0.822465
0.559983 0.626967 -0.781540
0.528604 0.515433 -0.823941
0.547483 0.555743 -0.906226
0.624016 0.551515 -0.893462
0.633813 0.415363 -0.869179
0.605521 0.357952 -0.944517
0.658686 0.416678 -1.000000
0.719071 0.343105 -0.953200
0.694478 0.211510 -0.907615
0.647895 0.161757 -0.844838
0.609628 0.059572 -0.797430
0.538936 0.013578 -0.767040
0.573555 -0.107494 -0.714943
0.616899 -0.068029 -0.645683
0.644782 -0.099178 -0.553211
0.670421 -0.005920 -0.492431
0.638200 -0.074043 -0.418888
0.568836 -0.136058 -0.461115
0.545799 -0.022222 -0.534572
0.504649 0.062250 -0.599317
0.456867 0.164858 -0.631067
0.389084 0.097486 -0.607160
0.396099 0.116796 -0.519059
0.397579 0.262250 -0.517988
0.328035 0.282264 -0.556134
0.284488 0.211886 -0.493531
0.308902 0.282922 -0.418743
0.280228 0.421142 -0.466412
0.238619 0.443411 -0.542416
0.268875 0.447874 -0.630778
0.235838 0.447686 -0.713004
0.299871 0.489500 -0.759341
0.341123 0.370684 -0.738445
0.292065 0.275217 -0.773205
0.294004 0.321870 -0.855489
0.370945 0.308856 -0.867934
0.379032 0.168334 -0.854042
0.326683 0.124783 -0.915979
0.362220 0.183275 -0.987178
0.429978 0.095560 -0.971086
0.418473 -0.035236 -0.917542
0.397987 -0.079915 -0.837718
0.365511 -0.169180 -0.776707
0.306147 -0.206061 -0.722352
0.359414 -0.320085 -0.682672
0.411457 -0.286117 -0.623571
0.462556 -0.307635 -0.544413
0.503731 -0.318111 -0.468033
0.527354 -0.389899 -0.396023
0.446229 -0.425934 -0.378310
0.388140 -0.418229 -0.444271
0.356225 -0.290298 -0.482273
0.310356 -0.186328 -0.531823
0.264258 -0.073714 -0.547249
0.201806 -0.120413 -0.500304
0.233695 -0.096876 -0.418917
0.237343 0.057881 -0.430726
0.158922 0.087667 -0.414952
0.142824 0.169744 -0.330063
0.092338 0.290815 -0.374461
0.048943 0.369838 -0.428729
0.106445 0.402208 -0.488843
0.109864 0.264083 -0.528118
0.059250 0.252243 -0.594831
0.111930 0.277660 -0.659460
0.152952 0.159032 -0.643918
0.096266 0.062814 -0.659981
0.085781 0.096782 -0.745362
0.157850 0.072116 -0.775665
0.159202 -0.067653 -0.754074
0.097491 -0.111299 -0.803218
0.126063 -0.065539 -0.881074
0.193183 -0.158187 -0.868832
0.183336 -0.281278 -0.811872
0.166142 -0.314588 -0.728894
0.149432 -0.406483 -0.657955
0.100807 -0.429974 -0.584701
0.143488 -0.562133 -0.553501
0.207623 -0.534226 -0.507655
0.261808 -0.557811 -0.437035
0.317372 -0.531783 -0.371451
0.362042 -0.631149 -0.334433
0.329515 -0.659572 -0.248502
0.254257 -0.615410 -0.257735
0.205021 -0.605215 -0.325345
0.179586 -0.478788 -0.361292
0.134482 -0.378389 -0.411045
0.089353 -0.265774 -0.425313
0.034198 -0.310829 -0.367486
0.074837 -0.290345 -0.293045
0.089429 -0.147287 -0.304651
0.014376 -0.103453 -0.310498
-0.010039 -0.158844 -0.233076
0.038356 -0.087996 -0.175827
0.002691 0.050411 -0.209372
-0.060729 0.075264 -0.262279
-0.068791 0.067324 -0.355156
-0.126268 0.066761 -0.413678
-0.082695 0.083016 -0.488785
-0.042999 -0.042001 -0.477786
-0.103435 -0.128870 -0.477005
-0.129176 -0.096171 -0.557466
-0.065168 -0.127320 -0.603687
-0.060347 -0.267277 -0.580475
-0.130579 -0.306883 -0.612110
-0.116777 -0.272774 -0.697462
-0.050627 -0.375570 -0.696304
-0.052005 -0.489124 -0.631704
-0.053943 -0.512427 -0.545194
-0.055551 -0.601832 -0.469856
-0.088562 -0.641720 -0.388614
-0.040652 -0.769932 -0.374721
0.027922 -0.727508 -0.342740
0.101777 -0.737844 -0.283957
0.160937 -0.741978 -0.225145
0.200378 -0.799436 -0.155336
0.127798 -0.785624 -0.104917
0.054862 -0.777872 -0.152123
0.025856 -0.652666 -0.194987
-0.020600 -0.545549 -0.237359
-0.058561 -0.422457 -0.246795
-0.099506 -0.439793 -0.169836
-0.038739 -0.429457 -0.115018
-0.013585 -0.296970 -0.141125
-0.078638 -0.225793 -0.119736
-0.076623 -0.262626 -0.030766
-0.003763 -0.212403 -0.011664
-0.011875 -0.068029 -0.039652
-0.061622 -0.012215 0.026598
-0.020014 0.102889 0.071517
-0.060117 0.233028 0.099476
-0.098588 0.343105 0.060114
-0.130707 0.296218 -0.022431
-0.129099 0.152690 -0.045295
-0.202393 0.113460 -0.062111
-0.211500 0.169274 -0.145206
-0.153922 0.095936 -0.187115
-0.178591 -0.038196 -0.160979
-0.249487 -0.029833 -0.198518
-0.222368 -0.019638 -0.282249
-0.180811 -0.142260 -0.283147
-0.238848 -0.231806 -0.259008
-0.283621 -0.210148 -0.329195
-0.235481 -0.267230 -0.389135
-0.231884 -0.398732 -0.352725
-0.309770 -0.428001 -0.354896
-0.317729 -0.410900 -0.443634
-0.260967 -0.522997 -0.456050
-0.255023 -0.627249 -0.382536
-0.234665 -0.633028 -0.297936
-0.232190 -0.688513 -0.212874
-0.252216 -0.679821 -0.125148
-0.203107 -0.810571 -0.107696
-0.126217 -0.787362 -0.108854
-0.057107 -0.817054 -0.067842
0.020294 -0.777543 -0.030506
0.053816 -0.764247 0.047755
0.013610 -0.845525 0.104715
-0.057923 -0.812403 0.070881
-0.084659 -0.692647 0.031924
-0.141498 -0.601081 -0.001592
-0.178974 -0.478459 -0.009001
-0.205684 -0.480996 0.076206
-0.138972 -0.455297 0.116697
-0.125273 -0.326709 0.077364
-0.190071 -0.258445 0.103181
-0.175785 -0.279305 0.192064
-0.103894 -0.215128 0.199126
-0.143028 -0.082781 0.166044
-0.221450 -0.049612 0.161645
-0.268697 -0.077989 0.086568
-0.345052 -0.081748 0.066510
-0.338291 -0.083768 -0.024080
-0.298187 -0.212497 -0.024196
-0.351021 -0.293399 0.016555
-0.409212 -0.272445 -0.041417
-0.373394 -0.328588 -0.109982
-0.363675 -0.462016 -0.078261
-0.439928 -0.490627 -0.064716
-0.460770 -0.482640 -0.150792
-0.403906 -0.595490 -0.168794
-0.387808 -0.693352 -0.094672
-0.361710 -0.687104 -0.013516
-0.345485 -0.729857 0.077769
-0.351072 -0.718816 0.172354
-0.315994 -0.863519 0.195421
-0.236195 -0.867700 0.178982
-0.156907 -0.889030 0.195045
-0.076215 -0.898473 0.201441
-0.009631 -0.937938 0.247345
-0.045984 -0.885788 0.330121
-0.128079 -0.859338 0.337704
-0.163769 -0.744092 0.289775
-0.218108 -0.644773 0.256375
-0.249410 -0.515292 0.245724
-0.256655 -0.493117 0.333767
-0.180530 -0.492366 0.352349
-0.163641 -0.381113 0.298631
-0.209485 -0.283909 0.340772
-0.174866 -0.295466 0.422622
-0.102058 -0.257458 0.394316
-0.130298 -0.121776 0.356980
-0.136880 -0.021940 0.414691
-0.137314 0.143105 0.405314
-0.133258 0.288842 0.390351
-0.184892 0.342542 0.325895
-0.237343 0.421377 0.284796
-0.298187 0.322622 0.264681
-0.315408 0.195208 0.304246
-0.368573 0.067183 0.294608
-0.384390 -0.062579 0.327718
-0.459265 -0.077238 0.304622
-0.444953 -0.112521 0.218981
-0.402401 -0.231853 0.236346
-0.453346 -0.303312 0.288443
-0.511588 -0.307635 0.231050
-0.473373 -0.379610 0.169865
-0.457352 -0.498755 0.214639
-0.531895 -0.531924 0.235536
-0.559473 -0.540803 0.149142
-0.500772 -0.657083 0.137478
-0.476460 -0.734273 0.218170
-0.447581 -0.705943 0.294926
-0.435438 -0.710923 0.383780
-0.411151 -0.676016 0.461087
-0.356276 -0.652384 0.521837
-0.326964 -0.645666 0.603369
-0.316760 -0.572328 0.678273
-0.242522 -0.525440 0.661631
-0.266503 -0.425511 0.595786
-0.298672 -0.311440 0.638100
-0.233823 -0.230209 0.646031
-0.234282 -0.168663 0.562704
-0.312958 -0.100305 0.586177
-0.323597 -0.009960 0.654337
-0.321352 0.112943 0.596133
-0.396380 0.058774 0.551272
-0.474240 0.047451 0.555903
-0.484904 -0.005920 0.473416
-0.440106 -0.128024 0.487714
-0.479546 -0.176603 0.556453
-0.546411 -0.197557 0.513589
-0.522405 -0.295795 0.456427
-0.499063 -0.392107 0.519956
-0.568172 -0.403148 0.564238
-0.606031 -0.452196 0.487801
-0.575417 -0.593658 0.497554
-0.620802 -0.633498 0.579173
-0.667921 -0.677613 0.648867
-0.603301 -0.605403 0.708315
-0.545238 -0.551562 0.754450
-0.473959 -0.562979 0.793204
-0.416917 -0.505802 0.839281
-0.374287 -0.373549 0.870684
-0.298902 -0.370966 0.888513
-0.269385 -0.332300 0.806344
-0.315280 -0.200282 0.794709
-0.307831 -0.121588 0.868426
-0.229715 -0.096500 0.859772
-0.239027 -0.021001 0.776504
-0.270967 0.108762 0.802437
-0.277625 0.249565 0.821047
-0.313188 0.359549 0.863477
-0.341607 0.421893 0.788487
-0.387349 0.311111 0.762293
-0.432300 0.306225 0.832798
-0.465413 0.437585 0.821626
-0.494802 0.418605 0.739313
-0.524905 0.266667 0.762091
-0.572713 0.221564 0.825794
-0.624858 0.152925 0.775925
-0.574448 0.049190 0.750601
-0.545876 -0.003242 0.826807
-0.615700 -0.032793 0.862811
-0.637333 -0.128776 0.801540
-0.578071 -0.221377 0.814246
-0.592714 -0.248720 0.901219
-0.664477 -0.302701 0.893954
-0.636848 -0.418793 0.835490
-0.600852 -0.522763 0.879396
-0.653150 -0.632605 0.873231
-0.723153 -0.595302 0.825591
-0.780808 -0.572704 0.768545
-0.817825 -0.523514 0.692860
-0.873796 -0.517736 0.633990
-0.910226 -0.563214 0.562010
-0.867776 -0.482828 0.505832
-0.800299 -0.557764 0.517583
-0.826958 -0.686728 0.493908
-0.845683 -0.641673 0.411855
-0.774303 -0.609396 0.386733
-0.744225 -0.742166 0.395560
-0.791752 -0.811229 0.339643
-0.770195 -0.735729 0.267952
-0.693560 -0.763120 0.270788
-0.698713 -0.906836 0.265376
-0.735066 -0.905943 0.183526
-0.676493 -0.825699 0.139099
-0.602026 -0.788161 0.147376
-0.581157 -0.726521 0.066858
-0.659859 -0.662391 0.061098
-0.680166 -0.543434 0.102718
-0.681672 -0.456378 0.031229
-0.733408 -0.537797 -0.018408
-0.790630 -0.541884 0.044456
-0.807033 -0.401503 0.052820
-0.832290 -0.389711 -0.035773
-0.891935 -0.504111 -0.028740
-0.939385 -0.456754 0.035918
-1.000000 -0.382006 0.076930
-0.971836 -0.254968 0.125554
-0.952422 -0.134508 0.162369
-0.891909 -0.058774 0.190385
-0.888287 -0.111581 0.273538
-0.872623 -0.251210 0.249573
-0.806651 -0.220813 0.204480
-0.767032 -0.162838 0.272091
-0.772797 -0.276345 0.325432
-0.732643 -0.364858 0.271396
-0.666850 -0.262297 0.269746
-0.650446 -0.177496 0.340077
-0.672130 -0.060465 0.378339
-0.671467 0.047733 0.439408
-0.699351 0.099601 0.530433
-0.660854 0.096594 0.616017
-0.686774 -0.063566 0.644699
-0.715933 -0.188631 0.697085
-0.777211 -0.313507 0.686319
