-0.660403 -0.888472 -0.436921
-0.692382 -0.810389 -0.378599
-0.688157 -0.744508 -0.304352
-0.714034 -0.735071 -0.221496
-0.734425 -0.653038 -0.148756
-0.675806 -0.614677 -0.077706
-0.725447 -0.520091 -0.035894
-0.754786 -0.610859 0.034633
-0.665684 -0.631268 0.075431
-0.650956 -0.507407 0.120133
-0.649841 -0.397020 0.170184
-0.663571 -0.267233 0.176794
-0.644707 -0.130423 0.161391
-0.593393 -0.091272 0.253470
-0.571154 -0.001734 0.177532
-0.552759 0.051989 0.092371
-0.492995 0.090307 0.026394
-0.542490 0.186517 -0.012221
-0.519518 0.281893 0.050098
-0.432029 0.286896 0.023043
-0.448664 0.318322 -0.067745
-0.493318 0.434327 -0.050620
-0.426514 0.492923 -0.005857
-0.368129 0.490157 -0.077183
-0.413194 0.563807 -0.138026
-0.416597 0.676959 -0.082625
-0.325999 0.702153 -0.083086
-0.317050 0.742050 -0.174673
-0.324913 0.835012 -0.243109
-0.379131 0.758509 -0.302415
-0.452361 0.738232 -0.226169
-0.496604 0.844756 -0.190014
-0.568543 0.827638 -0.262294
-0.621294 0.716242 -0.245538
-0.705555 0.676125 -0.232564
-0.690798 0.542476 -0.227461
-0.640218 0.543442 -0.148171
-0.704264 0.603002 -0.096460
-0.770746 0.512498 -0.107435
-0.722689 0.408827 -0.071434
-0.708577 0.463603 0.012590
-0.795978 0.487919 0.033281
-0.819713 0.358703 0.030329
-0.763353 0.311168 0.096460
-0.794335 0.395089 0.165081
-0.882028 0.353084 0.162006
-0.870938 0.217679 0.174980
-0.815283 0.243531 0.261587
-0.796212 0.347203 0.316281
-0.716616 0.423837 0.323229
-0.688099 0.516185 0.387330
-0.598821 0.499770 0.380936
-0.594508 0.518248 0.286858
-0.624140 0.645401 0.283815
-0.555458 0.697281 0.331745
-0.491147 0.653038 0.270503
-0.523244 0.712511 0.192320
-0.521219 0.840542 0.219006
-0.431061 0.838392 0.234286
-0.405419 0.799811 0.140947
-0.464977 0.898786 0.088866
-0.517787 1.000000 0.118227
-0.608854 0.985384 0.150846
-0.689976 0.987315 0.188785
-0.756253 0.950403 0.250058
-0.834236 0.894661 0.278588
-0.887779 0.891544 0.354619
-0.948012 0.801567 0.319816
-0.889627 0.699827 0.310777
-0.861550 0.695350 0.399597
-0.943259 0.672087 0.438243
-0.959571 0.557136 0.392434
-0.884845 0.491781 0.424070
-0.900600 0.503281 0.516148
-0.979404 0.438673 0.516179
-0.949508 0.322624 0.481838
-0.888454 0.302434 0.551750
-0.947190 0.300503 0.624122
-1.000000 0.198894 0.593685
-0.931582 0.106327 0.585907
-0.899896 0.114184 0.673620
-0.976793 0.072004 0.712542
-0.979786 -0.048303 0.673159
-0.898047 -0.088463 0.707131
-0.922135 -0.072882 0.800009
-0.990729 -0.162201 0.796289
-0.941440 -0.266618 0.766406
-0.886459 -0.263678 0.842897
-0.950036 -0.280049 0.910442
-0.981516 -0.397020 0.873672
-0.902859 -0.463120 0.880252
-0.892473 -0.448636 0.975774
-0.976177 -0.511445 1.000000
-0.992519 -0.622885 0.926337
-0.902478 -0.672394 0.884433
-0.816192 -0.704830 0.848923
-0.744957 -0.688547 0.792200
-0.792340 -0.670288 0.710390
-0.834294 -0.551956 0.731112
-0.760243 -0.483618 0.748082
-0.729290 -0.494810 0.660400
-0.797562 -0.437049 0.612992
-0.788526 -0.318410 0.658033
-0.702181 -0.297606 0.632300
-0.717731 -0.302873 0.538223
-0.774854 -0.199903 0.534011
-0.714885 -0.111857 0.567922
-0.650164 -0.128273 0.501360
-0.703854 -0.094564 0.427820
-0.721926 0.029385 0.458503
-0.635670 0.071126 0.460409
-0.628599 0.059495 0.366732
-0.694700 0.141265 0.337771
-0.656295 0.255075 0.377062
-0.567751 0.267716 0.414693
-0.526882 0.220093 0.498593
-0.448342 0.185683 0.537116
-0.471343 0.170847 0.631378
-0.540026 0.086269 0.621478
-0.496721 -0.012312 0.576530
-0.433672 -0.041499 0.639740
-0.493787 -0.076393 0.708299
-0.539585 -0.174008 0.662860
-0.469290 -0.256172 0.644966
-0.446581 -0.280883 0.733756
-0.524388 -0.338688 0.759058
-0.523508 -0.434196 0.690745
-0.446728 -0.495995 0.717031
-0.475011 -0.541379 0.803299
-0.550089 -0.616916 0.764899
-0.508662 -0.707200 0.699230
-0.490003 -0.840894 0.663290
-0.478326 -0.833520 0.567860
-0.429682 -0.813198 0.489862
-0.490678 -0.745210 0.439934
-0.497513 -0.638993 0.501022
-0.412460 -0.601246 0.495704
-0.415423 -0.570171 0.403840
-0.479323 -0.477297 0.404516
-0.432704 -0.391314 0.458534
-0.363934 -0.375732 0.398368
-0.414983 -0.319683 0.329808
-0.432851 -0.208023 0.377431
-0.347211 -0.168302 0.390005
-0.331368 -0.157417 0.295866
-0.393243 -0.062831 0.275760
-0.355602 0.029341 0.328670
-0.276504 0.032019 0.285383
-0.310097 0.068975 0.199852
-0.353753 0.184146 0.220974
-0.268759 0.238133 0.258758
-0.184204 0.192705 0.262939
-0.144098 0.111067 0.336357
-0.070369 0.039085 0.359292
-0.097772 -0.000812 0.445929
-0.170385 -0.070380 0.418075
-0.129194 -0.155178 0.359661
-0.070193 -0.214080 0.416783
-0.126935 -0.263502 0.482176
-0.179128 -0.335308 0.419550
-0.113585 -0.413874 0.383918
-0.095043 -0.477956 0.464344
-0.177720 -0.528167 0.477903
-0.183294 -0.597911 0.398029
-0.113761 -0.680075 0.415000
-0.148029 -0.740953 0.491092
-0.225337 -0.788180 0.450756
-0.183558 -0.867667 0.383549
-0.143863 -0.949086 0.450233
-0.221406 -1.000000 0.488602
-0.300356 -0.967476 0.414723
-0.331162 -0.955450 0.310624
-0.359680 -0.951807 0.223833
-0.348413 -0.914104 0.135413
-0.390339 -0.794588 0.145927
-0.331749 -0.738627 0.207907
-0.262216 -0.740777 0.147464
-0.297159 -0.653038 0.086529
-0.302850 -0.550376 0.144544
-0.215890 -0.537648 0.161576
-0.190482 -0.509689 0.074201
-0.234960 -0.392192 0.071188
-0.193211 -0.331227 0.142668
-0.110916 -0.344087 0.106359
-0.124382 -0.279084 0.025595
-0.143951 -0.159084 0.064855
-0.066174 -0.145478 0.109834
-0.013921 -0.150438 0.033496
-0.047045 -0.034564 0.000046
-0.023251 0.047074 0.071557
0.072306 0.009239 0.061565
0.106016 -0.064937 -0.017939
0.086564 -0.203195 -0.033281
0.084070 -0.281717 -0.111924
0.108070 -0.402375 -0.075923
0.036659 -0.418965 -0.020921
-0.026420 -0.398688 -0.085792
-0.010342 -0.505300 -0.141131
-0.026742 -0.602388 -0.079305
-0.112118 -0.565299 -0.056585
-0.147882 -0.566880 -0.146358
-0.128519 -0.695789 -0.170830
-0.181417 -0.751443 -0.101809
-0.266822 -0.680163 -0.123914
-0.302850 -0.712994 -0.208215
-0.347651 -0.832291 -0.175810
-0.385732 -0.755525 -0.086898
-0.444263 -0.652248 -0.078229
-0.489592 -0.577413 0.006164
-0.481377 -0.433230 0.002167
-0.553580 -0.350802 0.006871
-0.515938 -0.264555 0.071864
-0.458229 -0.203590 -0.000784
-0.485485 -0.261264 -0.103039
-0.481230 -0.313012 -0.189492
-0.441770 -0.378980 -0.259496
-0.409673 -0.270437 -0.303737
-0.353929 -0.232822 -0.232349
-0.305373 -0.344043 -0.230720
-0.273394 -0.333026 -0.319386
-0.229034 -0.218206 -0.309824
-0.173877 -0.260517 -0.241757
-0.137174 -0.361512 -0.287074
-0.099708 -0.284789 -0.354434
-0.050654 -0.198279 -0.304598
-0.002274 -0.290188 -0.256422
0.030498 -0.359405 -0.331222
0.081547 -0.260122 -0.371405
0.141105 -0.262185 -0.293007
0.159911 -0.396493 -0.270625
0.178366 -0.458248 -0.361628
0.204125 -0.522637 -0.442301
0.183969 -0.591985 -0.521037
0.161760 -0.710229 -0.480639
0.096628 -0.665723 -0.420442
0.042204 -0.613053 -0.484543
0.021432 -0.732262 -0.523927
-0.009784 -0.804683 -0.449280
-0.065704 -0.708605 -0.403102
-0.104256 -0.628240 -0.481838
-0.112588 -0.695394 -0.565769
-0.146327 -0.815963 -0.519715
-0.220789 -0.781201 -0.472369
-0.311329 -0.784757 -0.469018
-0.327231 -0.672965 -0.415584
-0.289648 -0.586280 -0.475382
-0.338702 -0.613931 -0.551996
-0.418680 -0.574912 -0.521406
-0.391952 -0.443984 -0.503328
-0.359269 -0.404481 -0.588182
-0.440831 -0.377356 -0.625690
-0.453359 -0.261615 -0.568290
-0.356628 -0.208682 -0.588674
-0.304082 -0.140650 -0.651177
-0.239214 -0.092589 -0.593716
-0.205387 -0.212412 -0.565739
-0.187519 -0.256348 -0.651607
-0.130367 -0.162376 -0.678539
-0.071161 -0.183532 -0.607981
-0.050331 -0.313977 -0.626489
-0.032082 -0.308974 -0.721243
0.034781 -0.217855 -0.724317
0.093048 -0.298264 -0.677156
0.090789 -0.412821 -0.730497
0.106016 -0.346413 -0.819286
0.140518 -0.219172 -0.829155
0.087063 -0.097724 -0.822975
0.106397 0.032677 -0.797488
0.032111 0.094345 -0.827894
-0.021344 0.029780 -0.765852
0.019202 0.064937 -0.686287
-0.000983 0.197577 -0.689761
-0.090525 0.180065 -0.687332
-0.094163 0.108565 -0.606813
-0.055201 0.199069 -0.549967
-0.123502 0.289661 -0.555439
-0.185143 0.209516 -0.514457
-0.140372 0.184366 -0.434584
-0.136352 0.311827 -0.405346
-0.226599 0.325521 -0.394740
-0.236339 0.226546 -0.331161
-0.176429 0.271359 -0.265829
-0.218501 0.389514 -0.247352
-0.295281 0.324950 -0.211843
-0.253884 0.254285 -0.135874
-0.223841 0.232383 -0.046992
-0.152870 0.145478 -0.072449
-0.111092 0.226414 -0.147126
-0.089175 0.354621 -0.120655
-0.004445 0.322317 -0.090004
0.021021 0.236684 -0.178332
0.030322 0.281366 -0.266075
0.120069 0.299098 -0.264477
0.134768 0.166414 -0.257037
0.092931 0.119758 -0.332175
0.136763 0.189369 -0.398613
0.220173 0.146488 -0.377093
0.209729 0.014155 -0.391296
0.180126 0.019817 -0.481100
0.258255 0.067746 -0.514642
0.309745 -0.034696 -0.489186
0.268113 -0.128053 -0.541051
0.281169 -0.073408 -0.625690
0.372031 -0.069107 -0.618957
0.388490 -0.198543 -0.603308
0.352785 -0.246472 -0.683520
0.412607 -0.183883 -0.739197
0.491939 -0.224922 -0.700644
0.484252 -0.358746 -0.719244
0.493523 -0.347686 -0.819747
0.578870 -0.257050 -0.818548
0.655503 -0.176509 -0.828601
0.605686 -0.081879 -0.899313
0.556602 0.053833 -0.926306
0.505112 0.166985 -0.943400
0.449016 0.270349 -0.931871
0.392099 0.226546 -1.000000
0.363934 0.114930 -0.956128
0.331954 0.177519 -0.880344
0.272250 0.256128 -0.923017
0.224956 0.154212 -0.962584
0.201485 0.082099 -0.886862
0.161026 0.198938 -0.844035
0.143716 0.326223 -0.878868
0.224428 0.425242 -0.865433
0.303848 0.492396 -0.857224
0.389723 0.515088 -0.835519
0.373322 0.585402 -0.755645
0.336971 0.483222 -0.705871
0.408587 0.402901 -0.706055
0.466854 0.485110 -0.664274
0.420059 0.498102 -0.582587
0.413282 0.365594 -0.558791
0.498394 0.329822 -0.560205
0.528671 0.413479 -0.495488
0.482023 0.356727 -0.423639
0.513973 0.224702 -0.433324
0.601490 0.255382 -0.424039
0.596063 0.313494 -0.338816
0.560005 0.195119 -0.299494
0.566137 0.067132 -0.338878
0.500682 0.017359 -0.405808
0.571125 0.024777 -0.483959
0.635876 -0.024908 -0.554609
0.661694 0.103474 -0.612531
0.683639 0.195602 -0.694557
0.697781 0.316918 -0.750050
0.701448 0.376830 -0.843205
0.687131 0.494371 -0.891934
0.734307 0.467246 -0.972177
0.684402 0.343121 -0.990100
0.615514 0.286062 -0.944046
0.639602 0.194724 -0.860544
0.636697 0.070950 -0.802131
0.679092 -0.011741 -0.730927
0.698221 -0.120284 -0.674235
0.724156 -0.182786 -0.593470
0.769162 -0.304584 -0.573456
0.809679 -0.373582 -0.511752
0.834705 -0.479009 -0.471170
0.829160 -0.536946 -0.389267
0.907935 -0.474927 -0.360521
0.881618 -0.345228 -0.366947
0.812760 -0.359010 -0.307396
0.858264 -0.403603 -0.233702
0.911719 -0.296070 -0.227891
0.848788 -0.200650 -0.214794
0.811645 -0.257796 -0.138764
0.884024 -0.258718 -0.083363
0.894351 -0.125815 -0.078659
0.813933 -0.090263 -0.043242
0.820828 -0.169179 0.034818
0.900072 -0.122040 0.067898
0.875075 0.005552 0.088159
0.811703 -0.026313 0.151277
0.865511 -0.095442 0.209414
0.926389 -0.001821 0.230043
0.867535 0.082933 0.269457
0.841512 -0.001997 0.338601
0.921812 -0.022407 0.378353
0.938594 0.106590 0.401503
0.866391 0.116949 0.459794
0.885109 0.013979 0.518885
0.966084 0.051024 0.550982
0.934164 0.163166 0.596206
0.875134 0.096759 0.655635
0.935895 0.005069 0.696032
1.000000 0.100533 0.729820
0.937127 0.147453 0.795736
