1.000000 0.090655 -1.000000
0.989154 0.073713 -0.934703
0.945007 0.115876 -0.892164
0.929841 0.111689 -0.832820
0.889977 0.147643 -0.791759
0.875760 0.182923 -0.734116
0.838758 0.202849 -0.688560
0.817668 0.272351 -0.641020
0.789288 0.278271 -0.589006
0.749916 0.324525 -0.553412
0.730212 0.408948 -0.509638
0.712075 0.414338 -0.451346
0.656809 0.415638 -0.467686
0.651049 0.271485 -0.485098
0.665193 0.213871 -0.430249
0.626004 0.278223 -0.395728
0.581984 0.223209 -0.426665
0.593613 0.079970 -0.417574
0.593394 0.084783 -0.355497
0.541099 0.130556 -0.348856
0.516929 0.015811 -0.375947
0.536269 -0.086997 -0.337477
0.512008 -0.035834 -0.286556
0.458473 -0.038481 -0.304515
0.456996 -0.184223 -0.319093
0.472490 -0.236926 -0.262907
0.429746 -0.176955 -0.232112
0.389280 -0.240969 -0.263879
0.404099 -0.379780 -0.249342
0.406943 -0.374967 -0.185807
0.351075 -0.315477 -0.179409
0.314747 -0.372753 -0.222980
0.315823 -0.519553 -0.213363
0.299235 -0.522201 -0.153574
0.255452 -0.428345 -0.154181
0.223663 -0.502563 -0.196599
0.223408 -0.632373 -0.168374
0.196139 -0.580006 -0.118141
0.149568 -0.537940 -0.146872
0.136061 -0.668809 -0.169468
0.134785 -0.742257 -0.115995
0.096416 -0.662696 -0.085787
0.054310 -0.683537 -0.127475
0.054911 -0.835583 -0.131039
0.060452 -0.877217 -0.064507
0.028207 -0.764060 -0.027981
-0.024143 -0.750199 -0.060053
-0.079555 -0.771136 -0.064811
-0.085278 -0.607152 -0.083559
-0.081560 -0.500397 -0.126665
-0.083127 -0.357399 -0.147358
-0.067251 -0.249296 -0.184106
-0.015193 -0.241066 -0.160093
0.001194 -0.376459 -0.176858
-0.002233 -0.347869 -0.238469
0.035808 -0.238082 -0.239320
0.078698 -0.314514 -0.214355
0.081031 -0.415445 -0.259000
0.092497 -0.322022 -0.306418
0.139488 -0.269367 -0.282223
0.167011 -0.398166 -0.280219
0.164186 -0.420932 -0.342802
0.192585 -0.299641 -0.359830
0.239066 -0.331071 -0.325977
0.251205 -0.456646 -0.355092
0.257403 -0.407889 -0.413039
0.301824 -0.319616 -0.399352
0.336329 -0.419103 -0.373071
0.343911 -0.497798 -0.426483
0.378453 -0.383582 -0.451569
0.427905 -0.372368 -0.421705
0.459548 -0.463673 -0.455922
0.459785 -0.377325 -0.507329
0.485450 -0.260703 -0.478194
0.531201 -0.332611 -0.459911
0.547643 -0.367458 -0.516825
0.551124 -0.229322 -0.538571
0.588673 -0.177725 -0.496153
0.630087 -0.282988 -0.506621
0.632748 -0.274372 -0.573173
0.604094 -0.188651 -0.616481
0.559290 -0.310038 -0.637680
0.518351 -0.399369 -0.663252
0.498373 -0.554978 -0.659465
0.438112 -0.554689 -0.681535
0.416677 -0.475032 -0.729601
0.361665 -0.444469 -0.737194
0.340394 -0.509013 -0.686900
0.366641 -0.424927 -0.645475
0.350091 -0.292807 -0.663312
0.294715 -0.322119 -0.654991
0.291744 -0.378673 -0.596902
0.312833 -0.271100 -0.562705
0.276688 -0.165163 -0.583499
0.229095 -0.233702 -0.567767
0.238902 -0.240199 -0.507390
0.241399 -0.095565 -0.499534
0.189304 -0.064279 -0.519599
0.160996 -0.148605 -0.480482
0.180573 -0.088778 -0.428123
0.161324 0.045460 -0.437093
0.106933 0.011864 -0.442883
0.100225 -0.060766 -0.390018
0.115737 0.043438 -0.350192
0.079099 0.149953 -0.366491
0.031361 0.070970 -0.359263
0.040292 0.041610 -0.298542
0.040620 0.181672 -0.279551
-0.010709 0.211706 -0.299251
-0.037977 0.106779 -0.266835
-0.022101 0.155873 -0.210650
-0.044230 0.293721 -0.216177
-0.097600 0.246360 -0.225714
-0.103615 0.172671 -0.172788
-0.096069 0.293769 -0.136971
-0.136188 0.378192 -0.159142
-0.178003 0.283902 -0.145940
-0.170493 0.276057 -0.083883
-0.178604 0.428441 -0.075420
-0.226470 0.459774 -0.110245
-0.254012 0.298727 -0.111419
-0.269160 0.173200 -0.082729
-0.309899 0.132385 -0.123790
-0.273935 0.118379 -0.172039
-0.238792 0.022935 -0.147074
-0.275029 -0.088778 -0.142620
-0.285200 -0.097827 -0.205204
-0.228165 -0.106394 -0.226908
-0.204524 -0.224172 -0.191982
-0.197051 -0.346473 -0.231808
-0.175979 -0.449041 -0.270642
-0.197525 -0.386855 -0.322697
-0.167941 -0.263014 -0.319943
-0.117049 -0.319472 -0.318384
-0.119747 -0.384353 -0.374833
-0.127421 -0.259019 -0.407491
-0.080466 -0.193416 -0.390140
-0.045250 -0.297379 -0.410711
-0.060051 -0.291555 -0.469953
-0.047620 -0.147883 -0.477566
0.006061 -0.159050 -0.465135
0.021336 -0.253772 -0.509334
0.003983 -0.178206 -0.557461
0.034587 -0.057974 -0.546183
0.085297 -0.122470 -0.547115
0.082708 -0.169446 -0.605851
0.074068 -0.034486 -0.632679
0.117924 0.045845 -0.611035
0.158718 -0.051332 -0.636708
0.163056 -0.049647 -0.699514
0.208407 0.033042 -0.710063
0.246594 -0.068178 -0.694918
0.241563 -0.146343 -0.748026
0.257020 -0.037615 -0.788378
0.307657 0.015763 -0.759911
0.340558 -0.112555 -0.755133
0.404519 -0.154333 -0.767423
0.458546 -0.189084 -0.798522
0.519773 -0.140616 -0.808038
0.572214 -0.098790 -0.818648
0.628592 -0.036941 -0.795303
0.668438 -0.175703 -0.803159
0.688525 -0.303348 -0.792083
0.648205 -0.356966 -0.750699
0.599938 -0.243039 -0.748411
0.543195 -0.202416 -0.720267
0.487309 -0.123866 -0.712634
0.439060 -0.057541 -0.687366
0.399069 0.055760 -0.722717
0.369412 0.160734 -0.755740
0.337769 0.185715 -0.814598
0.315148 0.296176 -0.855841
0.300238 0.381609 -0.905467
0.299655 0.522104 -0.859931
0.285236 0.632132 -0.821563
0.231592 0.587322 -0.816420
0.244005 0.462758 -0.785098
0.268813 0.529420 -0.737680
0.227035 0.611629 -0.718526
0.189833 0.506510 -0.709557
0.216646 0.424398 -0.667524
0.225541 0.530768 -0.624134
0.170930 0.564219 -0.617068
0.150370 0.433254 -0.603422
0.181630 0.415205 -0.551751
0.163913 0.538421 -0.521219
0.107844 0.510408 -0.522170
0.106149 0.360287 -0.504110
0.147435 0.359902 -0.455679
0.132543 0.517628 -0.427718
0.088359 0.607104 -0.434521
0.045888 0.516762 -0.420632
0.063824 0.471759 -0.364770
0.071644 0.602147 -0.337417
0.018528 0.647823 -0.340676
-0.005095 0.538036 -0.309253
0.025127 0.560128 -0.256874
0.012258 0.699757 -0.244523
-0.042553 0.677183 -0.240474
-0.042133 0.578466 -0.193359
-0.013479 0.667701 -0.150719
-0.049588 0.778885 -0.150921
-0.091093 0.692152 -0.127617
-0.066176 0.649748 -0.075643
-0.055148 0.780232 -0.049848
-0.108264 0.825235 -0.045353
-0.127986 0.708565 -0.010913
-0.092114 0.722860 0.038247
-0.110670 0.856232 0.054404
-0.165644 0.821096 0.065074
-0.159702 0.680601 0.105406
-0.120986 0.613506 0.141911
-0.087338 0.500734 0.121867
-0.044904 0.413087 0.142215
-0.046380 0.288138 0.099797
-0.028335 0.343104 0.042984
0.027879 0.362405 0.048755
0.048695 0.229707 0.029844
0.029046 0.228696 -0.029176
0.050062 0.357880 -0.045920
0.103925 0.321349 -0.038024
0.108665 0.219166 -0.081454
0.094137 0.302000 -0.130188
0.133545 0.402017 -0.122818
0.175469 0.308834 -0.131990
0.163129 0.269848 -0.189026
0.166319 0.409333 -0.212614
0.218140 0.446538 -0.197894
0.239868 0.330638 -0.227860
0.221421 0.359806 -0.283762
0.243386 0.494381 -0.287690
0.297923 0.460785 -0.280340
0.300129 0.363945 -0.332739
0.270818 0.450437 -0.380057
0.290340 0.585830 -0.388297
0.336730 0.561476 -0.420045
0.312542 0.500590 -0.469488
0.279768 0.618656 -0.485118
0.321400 0.712656 -0.495060
0.342289 0.635550 -0.543045
0.296829 0.641037 -0.578882
0.295499 0.790340 -0.583175
0.346354 0.805213 -0.609253
0.335399 0.717758 -0.659465
0.292546 0.803480 -0.679449
0.321254 0.926552 -0.689877
0.355140 0.861237 -0.732132
0.315367 0.823214 -0.772707
0.297522 0.963709 -0.783296
0.352752 1.000000 -0.804940
0.388132 0.885929 -0.827597
0.416549 0.784998 -0.787244
0.443526 0.662022 -0.769913
0.469336 0.570717 -0.731403
0.519499 0.640507 -0.715003
0.529615 0.787693 -0.726483
0.564886 0.838231 -0.680259
0.557176 0.852429 -0.618769
0.502529 0.813973 -0.616461
0.506029 0.676317 -0.639583
0.540005 0.625202 -0.595768
0.506740 0.653599 -0.546588
0.462556 0.571631 -0.565378
0.488567 0.441918 -0.569447
0.505136 0.442784 -0.509030
0.455538 0.454576 -0.482567
0.432170 0.330686 -0.503280
0.465108 0.237311 -0.469103
0.445604 0.290160 -0.412877
0.388715 0.289630 -0.419498
0.386491 0.142445 -0.422555
0.408401 0.119390 -0.365438
0.367079 0.193223 -0.336748
0.324244 0.104421 -0.352582
0.338771 -0.011094 -0.315752
0.320325 0.047674 -0.262077
0.266116 0.017592 -0.266795
0.274336 -0.128775 -0.250759
0.298652 -0.097827 -0.188925
0.258132 -0.021443 -0.154991
0.219234 -0.117416 -0.137133
0.246867 -0.174308 -0.088277
0.255234 -0.047770 -0.058068
0.200970 -0.017014 -0.049200
0.190872 -0.137246 -0.015388
0.227546 -0.108368 0.030249
0.206711 0.025004 0.046831
0.153140 -0.022742 0.057947
0.172298 -0.154381 0.093177
0.199402 -0.158232 0.147783
0.153432 -0.220610 0.177384
0.152083 -0.341901 0.138469
0.201553 -0.400140 0.151630
0.188247 -0.433591 0.211521
0.134038 -0.508483 0.199251
0.148984 -0.589296 0.136728
0.188721 -0.592954 0.095282
0.162746 -0.635742 0.041081
0.113841 -0.544774 0.052824
0.116831 -0.400910 0.036607
0.088486 -0.408226 -0.016441
0.041003 -0.451640 0.008544
0.034678 -0.336125 0.048127
0.035225 -0.228744 0.006418
-0.010563 -0.285154 -0.026362
-0.048495 -0.282025 0.019559
-0.050992 -0.136621 0.025592
-0.076420 -0.115395 -0.032415
-0.126546 -0.190768 -0.012938
-0.145011 -0.121171 0.040879
-0.165098 0.003201 0.015610
-0.213000 -0.083773 -0.003827
-0.232121 -0.140471 0.056206
-0.246885 -0.027555 0.094189
-0.295553 0.005992 0.064406
-0.327452 -0.105191 0.091091
-0.329439 -0.042139 0.153128
-0.354556 0.099993 0.142924
-0.410880 0.055279 0.120733
-0.434631 -0.023127 0.177080
-0.440938 0.108223 0.222960
-0.493251 0.199384 0.198542
-0.545182 0.104373 0.219093
-0.559436 0.163670 0.287710
-0.597149 0.314755 0.289046
-0.658941 0.365581 0.276635
-0.707518 0.376459 0.318951
-0.745049 0.509205 0.339745
-0.779226 0.627127 0.367848
-0.844900 0.642818 0.386839
-0.895519 0.647679 0.423750
-0.936258 0.661156 0.484754
-0.956363 0.644598 0.553999
-0.980715 0.638823 0.620065
-0.997740 0.530912 0.678680
-1.000000 0.472577 0.746487
-0.990886 0.328665 0.791152
-0.976122 0.213583 0.832719
-0.942309 0.099463 0.875683
-0.894808 0.010276 0.911682
-0.858881 -0.098645 0.936849
-0.799276 -0.180372 0.954100
-0.740729 -0.245301 0.961753
-0.685043 -0.285010 0.980441
-0.632201 -0.382716 0.996396
-0.579104 -0.500060 1.000000
-0.526881 -0.589007 0.983235
-0.463212 -0.644262 0.985726
-0.422546 -0.753231 0.965681
-0.367753 -0.846702 0.943936
-0.334925 -0.964720 0.914193
-0.287460 -1.000000 0.862158
