0.226439 -0.850142 0.343132
0.219851 -0.734512 0.244352
0.191802 -0.682286 0.116691
0.221348 -0.613009 -0.011881
0.210468 -0.514177 -0.134107
0.269194 -0.460309 -0.245701
0.296145 -0.347521 -0.357572
0.350214 -0.304768 -0.469364
0.358931 -0.131860 -0.559972
0.401354 -0.107925 -0.696162
0.465338 -0.151310 -0.788515
0.553178 -0.213767 -0.832233
0.637758 -0.169814 -0.758009
0.633599 -0.114556 -0.636457
0.627410 -0.277171 -0.543668
0.571079 -0.413956 -0.493008
0.645111 -0.549542 -0.487176
0.711424 -0.443574 -0.422910
0.651101 -0.430376 -0.324130
0.631969 -0.617809 -0.303898
0.729092 -0.676097 -0.296083
0.760302 -0.556047 -0.209521
0.694688 -0.630060 -0.128672
0.710825 -0.826334 -0.131806
0.826615 -0.825829 -0.152832
0.898418 -0.694537 -0.191272
0.890898 -0.680076 -0.331429
0.921642 -0.653868 -0.458415
0.902144 -0.658099 -0.588257
0.924637 -0.617114 -0.707349
0.839325 -0.701295 -0.756501
0.750021 -0.703252 -0.828503
0.634597 -0.750110 -0.820768
0.533215 -0.757499 -0.820093
0.442114 -0.774171 -0.763205
0.347286 -0.830376 -0.711237
0.370277 -0.926555 -0.581474
0.393269 -0.924787 -0.441634
0.411935 -1.000000 -0.315799
0.431633 -0.938428 -0.184409
0.476318 -0.961983 -0.053417
0.496847 -0.851784 0.070396
0.533148 -0.767477 0.171278
0.510789 -0.588443 0.255856
0.527492 -0.403536 0.320242
0.465005 -0.237007 0.373282
0.467467 -0.193180 0.489596
0.458950 -0.380991 0.532123
0.410870 -0.505399 0.431717
0.389509 -0.668898 0.373718
0.380226 -0.735080 0.234157
0.346853 -0.747269 0.104751
0.366185 -0.744111 -0.028900
0.326657 -0.720114 -0.148269
0.356103 -0.714367 -0.279381
0.342528 -0.634796 -0.397798
0.378163 -0.645469 -0.518278
0.368348 -0.561857 -0.648279
0.360063 -0.466246 -0.750828
0.377431 -0.320871 -0.846117
0.295114 -0.370824 -0.935495
0.207440 -0.398105 -1.000000
0.188940 -0.585286 -0.976634
0.156067 -0.521187 -0.850560
0.073483 -0.407073 -0.839096
0.007403 -0.550931 -0.803154
0.053087 -0.563057 -0.685292
0.037981 -0.402021 -0.618645
-0.046698 -0.461636 -0.562075
0.001647 -0.601326 -0.496340
0.067228 -0.491317 -0.437667
-0.003011 -0.373413 -0.388753
-0.056148 -0.497442 -0.325201
0.030461 -0.571898 -0.256412
0.075779 -0.408904 -0.202261
0.115041 -0.262835 -0.116850
0.206442 -0.198863 -0.202618
0.283801 -0.069403 -0.274819
0.358099 -0.043574 -0.370068
0.408009 0.095737 -0.449886
0.479745 0.097190 -0.554656
0.573741 0.196021 -0.606347
0.657788 0.304768 -0.659268
0.731022 0.437764 -0.681999
0.732353 0.360594 -0.810691
0.613802 0.409725 -0.828662
0.530453 0.510136 -0.863096
0.466369 0.360341 -0.873926
0.459449 0.312220 -0.755985
0.408940 0.485696 -0.729882
0.324926 0.438775 -0.798711
0.296046 0.259362 -0.755470
0.259379 0.311841 -0.643003
0.165782 0.389580 -0.670416
0.116272 0.224440 -0.696479
0.137467 0.139501 -0.589765
0.083399 0.263341 -0.522959
-0.007636 0.235807 -0.575960
-0.011596 0.048942 -0.544540
-0.015821 0.073887 -0.425211
-0.101033 0.177013 -0.419220
-0.164751 0.053994 -0.475791
-0.150377 -0.099905 -0.396132
-0.164518 -0.013893 -0.281166
-0.210967 0.133881 -0.223287
-0.145918 0.255068 -0.146643
-0.089454 0.393685 -0.096380
-0.006405 0.233723 -0.083804
0.088356 0.144048 -0.126966
0.179823 0.067319 -0.132917
0.278544 0.184654 -0.174412
0.370843 0.222608 -0.263672
0.457685 0.305084 -0.323416
0.547322 0.260815 -0.413072
0.652997 0.273003 -0.446276
0.729758 0.165014 -0.514867
0.836431 0.214777 -0.518794
0.913624 0.300537 -0.457225
0.987157 0.231955 -0.534662
0.955015 0.384717 -0.623723
0.978639 0.573413 -0.626698
1.000000 0.578844 -0.750431
0.887471 0.533817 -0.772092
0.815169 0.662141 -0.744917
0.705402 0.723524 -0.753129
0.682111 0.750174 -0.620311
0.670465 0.840796 -0.510027
0.635229 0.887717 -0.402003
0.557404 1.000000 -0.441952
0.500141 0.855321 -0.489715
0.489727 0.747711 -0.389943
0.449733 0.888033 -0.318893
0.367449 0.935144 -0.383795
0.324061 0.757689 -0.379074
0.315843 0.747711 -0.255975
0.256185 0.904200 -0.247129
0.180988 0.831891 -0.314093
0.172337 0.663909 -0.238957
0.207839 0.622482 -0.129465
0.316974 0.529902 -0.130100
0.411735 0.468519 -0.152157
0.528357 0.467509 -0.181037
0.618626 0.370950 -0.254865
0.717380 0.286833 -0.278270
0.777637 0.118914 -0.341982
0.831539 -0.078623 -0.347416
0.860420 -0.251721 -0.380184
0.962734 -0.228986 -0.372250
0.961769 -0.151879 -0.246097
0.877789 -0.118472 -0.174690
0.822356 0.043890 -0.168739
0.730057 -0.001705 -0.113795
0.694688 -0.186359 -0.091580
0.662347 -0.169687 0.023743
0.604186 -0.008841 0.005217
0.533913 -0.089106 -0.065913
0.500541 -0.227471 0.014817
0.474488 -0.095422 0.099117
0.406545 0.016230 0.037667
0.334709 -0.117588 0.018784
0.318006 -0.139375 0.138748
0.284566 0.041111 0.157711
0.204246 0.032081 0.082892
0.158362 -0.118724 0.144659
0.148114 -0.019577 0.249509
0.091484 0.132807 0.212100
0.009899 0.036186 0.161599
-0.020546 -0.051089 0.271764
-0.069823 0.104452 0.315601
-0.139430 0.209410 0.353446
-0.168777 0.352447 0.408509
-0.181986 0.396653 0.531171
-0.297143 0.461572 0.510979
-0.347053 0.326050 0.575087
-0.414430 0.364762 0.653833
-0.476451 0.270035 0.720996
-0.541200 0.303126 0.804820
-0.578000 0.274582 0.921849
-0.677719 0.400505 0.894754
-0.757108 0.272877 0.827869
-0.815169 0.208778 0.949737
-0.899283 0.323461 1.000000
-1.000000 0.222861 0.971239
