1.000000 -1.000000 -0.464361
0.955450 -0.952673 -0.426934
0.903553 -0.919304 -0.382696
0.865373 -0.835865 -0.361838
0.807895 -0.799753 -0.336186
0.755418 -0.754072 -0.310555
0.711573 -0.677269 -0.294786
0.660528 -0.621497 -0.282401
0.618405 -0.554236 -0.287048
0.590185 -0.482561 -0.258558
0.542024 -0.423197 -0.248570
0.510961 -0.354922 -0.224096
0.473964 -0.314779 -0.182233
0.426716 -0.256375 -0.165959
0.403974 -0.194324 -0.127229
0.363303 -0.135125 -0.105509
0.345562 -0.059117 -0.085807
0.327136 -0.013134 -0.031644
0.282087 0.047848 -0.007191
0.290284 0.077982 0.060008
0.280697 0.130409 0.113225
0.298335 0.077461 0.166526
0.363158 0.111900 0.177082
0.352223 0.193200 0.210702
0.325248 0.165753 0.277502
0.380734 0.118618 0.308452
0.411423 0.131259 0.366716
0.438751 0.118536 0.425820
0.451388 0.125802 0.487574
0.481372 0.152043 0.546804
0.499196 0.150151 0.612952
0.528578 0.188127 0.668124
0.566924 0.270140 0.690685
0.585267 0.322347 0.748213
0.613612 0.406882 0.753911
0.624817 0.500192 0.780719
0.644053 0.585659 0.766884
0.639944 0.687085 0.757843
0.648452 0.772361 0.735303
0.660196 0.849548 0.689319
0.672605 0.913957 0.636859
0.684909 0.970167 0.587553
0.713814 0.989087 0.515328
0.731203 0.998656 0.448234
0.759070 1.000000 0.385072
0.794325 0.971401 0.326346
0.833688 0.911461 0.286102
0.858920 0.830134 0.250883
0.870831 0.750946 0.224727
0.875499 0.669674 0.182717
0.912642 0.598684 0.179016
0.897515 0.499644 0.167683
0.910858 0.414587 0.160555
0.901935 0.316205 0.149264
0.906749 0.231204 0.156161
0.899839 0.131944 0.139529
0.877657 0.043104 0.136312
0.865311 -0.044064 0.140517
0.833190 -0.127365 0.167473
0.807543 -0.212970 0.172750
0.783078 -0.289251 0.200673
0.728962 -0.362298 0.218146
0.682502 -0.431094 0.240349
0.626788 -0.473704 0.273066
0.564165 -0.534988 0.275021
0.507475 -0.580285 0.285786
0.430928 -0.601947 0.277019
0.364611 -0.641541 0.271594
0.286237 -0.647080 0.279373
0.215293 -0.656128 0.248276
0.149017 -0.646202 0.226346
0.097183 -0.615026 0.173717
0.057052 -0.610337 0.121194
0.041697 -0.568111 0.052839
0.057218 -0.540910 -0.014235
0.079691 -0.513436 -0.074453
0.094984 -0.462819 -0.131602
0.053089 -0.419029 -0.188856
0.042009 -0.331259 -0.198171
0.026820 -0.287250 -0.251913
0.004534 -0.216397 -0.276787
-0.031634 -0.190814 -0.328595
-0.053214 -0.130875 -0.366148
-0.084941 -0.101344 -0.416379
-0.087804 -0.078859 -0.478848
-0.124158 -0.032602 -0.515728
-0.139472 -0.026488 -0.580740
-0.169207 -0.002358 -0.631981
-0.193754 -0.007294 -0.691064
-0.220045 0.012284 -0.747582
-0.267666 0.037044 -0.788730
-0.304249 0.049246 -0.842262
-0.351061 0.078448 -0.881329
-0.404907 0.085495 -0.916884
-0.446491 0.088539 -0.965875
-0.500047 0.120757 -0.990917
-0.562463 0.159693 -0.990706
-0.625813 0.179134 -1.000000
-0.687981 0.211982 -0.982674
-0.740250 0.221579 -0.928701
-0.796836 0.247765 -0.904058
-0.829932 0.288319 -0.837153
-0.853110 0.334302 -0.778133
-0.881600 0.374171 -0.719491
-0.901333 0.342364 -0.646867
-0.883613 0.353222 -0.570648
-0.880666 0.365122 -0.506539
-0.828936 0.378201 -0.447624
-0.789677 0.408994 -0.394533
-0.740499 0.440033 -0.355866
-0.671380 0.465835 -0.344218
-0.604959 0.503510 -0.352670
-0.541547 0.527200 -0.365118
-0.508679 0.468879 -0.405866
-0.474835 0.513052 -0.456161
-0.407522 0.508007 -0.427586
-0.377766 0.431917 -0.443356
-0.322550 0.388100 -0.460786
-0.286113 0.316836 -0.459777
-0.247663 0.343049 -0.408495
-0.291093 0.330080 -0.357170
-0.295202 0.241294 -0.347645
-0.244032 0.217741 -0.308642
-0.269119 0.236962 -0.243124
-0.305929 0.172004 -0.214445
-0.255963 0.123389 -0.177923
-0.240359 0.197614 -0.128974
-0.272024 0.220729 -0.068209
-0.220916 0.259419 -0.016842
-0.182300 0.338964 -0.040959
-0.214982 0.417933 -0.056371
-0.210396 0.470496 -0.002691
-0.147461 0.495037 -0.009651
-0.154702 0.537565 -0.070416
-0.190102 0.612778 -0.056623
-0.137604 0.664053 -0.024495
-0.098034 0.686400 -0.085135
-0.082139 0.750452 -0.129205
-0.008227 0.731341 -0.135639
0.005115 0.680477 -0.186354
0.024744 0.691911 -0.244470
0.031219 0.663422 -0.301997
0.062676 0.617549 -0.340601
0.083447 0.586537 -0.395143
0.071661 0.516808 -0.427145
0.092099 0.465478 -0.475421
0.094963 0.390705 -0.502124
0.107683 0.309131 -0.498381
0.142335 0.242912 -0.516442
0.100794 0.209405 -0.560849
0.117062 0.270633 -0.609840
0.177880 0.237894 -0.626745
0.223261 0.198327 -0.655257
0.276070 0.155827 -0.650925
0.335747 0.142391 -0.666758
0.374446 0.095339 -0.706918
0.430679 0.123115 -0.658095
0.480396 0.120620 -0.614298
0.531504 0.148314 -0.583852
0.569746 0.158130 -0.535892
0.592862 0.191171 -0.480572
0.627369 0.253304 -0.448886
0.674929 0.291171 -0.407422
0.714458 0.340554 -0.367641
0.756788 0.370058 -0.325231
0.775110 0.419495 -0.277376
0.789988 0.486455 -0.314108
0.731245 0.500960 -0.335303
0.703771 0.514313 -0.278175
0.738154 0.580395 -0.257906
0.722073 0.633425 -0.306623
0.659615 0.630052 -0.297687
0.662437 0.660707 -0.236880
0.691550 0.733644 -0.248928
0.643700 0.759857 -0.288015
0.594086 0.752701 -0.246804
0.610645 0.812284 -0.205383
0.607283 0.876446 -0.251135
0.559973 0.832410 -0.301262
0.504093 0.803976 -0.332843
0.526420 0.852893 -0.394533
0.551590 0.858486 -0.458852
0.574498 0.877132 -0.517977
0.610230 0.857444 -0.569239
0.668185 0.874829 -0.544029
0.665944 0.823115 -0.492557
0.659262 0.752235 -0.526156
0.713960 0.756786 -0.559146
0.752244 0.756183 -0.507044
0.732676 0.681875 -0.482380
0.747015 0.633946 -0.532632
0.809784 0.648506 -0.530004
0.823230 0.623554 -0.469428
0.793765 0.540005 -0.478028
0.771666 0.503208 -0.531056
0.707610 0.534220 -0.557822
0.648514 0.568440 -0.576135
0.593899 0.608610 -0.572519
0.561322 0.539375 -0.553280
0.589065 0.532109 -0.495395
0.572610 0.607705 -0.473339
0.510028 0.600082 -0.480866
0.503595 0.531834 -0.442851
0.528080 0.564409 -0.389466
0.486082 0.627502 -0.382590
0.434165 0.578640 -0.379563
0.452155 0.533891 -0.328133
0.462676 0.598903 -0.287931
0.401774 0.626405 -0.289024
0.376418 0.555882 -0.266001
0.407937 0.558075 -0.210219
0.389594 0.633534 -0.189697
0.327240 0.616973 -0.187006
0.331805 0.553331 -0.145311
0.359070 0.595119 -0.096468
0.313524 0.654949 -0.089529
0.266525 0.597093 -0.076283
0.293085 0.555827 -0.026661
0.298314 0.623362 0.012847
0.234964 0.640280 0.015559
0.218447 0.563230 0.037574
0.254262 0.565067 0.091064
0.225689 0.632794 0.116484
0.167443 0.597724 0.119197
0.184375 0.533891 0.157422
0.204959 0.581300 0.206245
0.150760 0.623910 0.215685
0.113597 0.555470 0.226156
0.146444 0.529942 0.278995
0.137957 0.600274 0.313814
0.074566 0.598821 0.314151
0.068984 0.523636 0.342935
0.099611 0.545709 0.397330
0.060912 0.608884 0.414340
0.008684 0.560927 0.419071
0.029911 0.514011 0.469407
0.036178 0.585056 0.509483
-0.028251 0.614341 0.501198
-0.053670 0.552509 0.533347
-0.068175 0.508884 0.582359
-0.056824 0.446559 0.614929
-0.075873 0.386674 0.655425
-0.053546 0.411297 0.722098
-0.117498 0.400494 0.746531
-0.165244 0.381629 0.777733
-0.211911 0.409049 0.807738
-0.233449 0.449657 0.854479
-0.274472 0.474198 0.892977
-0.309063 0.535207 0.911102
-0.318608 0.588209 0.955467
-0.356954 0.615136 1.000000
-0.363096 0.691884 0.969260
-0.394595 0.660132 0.914235
-0.449645 0.634001 0.943692
-0.465415 0.711736 0.976892
-0.458588 0.764683 0.916968
-0.478363 0.798931 0.861775
-0.419847 0.833096 0.847309
-0.386627 0.760324 0.843419
-0.423686 0.726378 0.797961
-0.412357 0.783219 0.751998
-0.348550 0.773841 0.748507
-0.349214 0.692322 0.729100
-0.384054 0.713408 0.671005
-0.338237 0.768522 0.644491
-0.310889 0.722375 0.589024
-0.296758 0.731231 0.525778
-0.248286 0.665259 0.533389
-0.290470 0.593392 0.543671
-0.325995 0.588292 0.481623
-0.309291 0.508418 0.446110
-0.361623 0.442939 0.469176
-0.432318 0.482259 0.451598
-0.461493 0.483356 0.388793
-0.525424 0.429613 0.399979
-0.572340 0.481875 0.446930
-0.614816 0.546147 0.406623
-0.683955 0.525610 0.391337
-0.735332 0.576693 0.435618
-0.749442 0.674088 0.422876
-0.813975 0.687634 0.384041
-0.875520 0.746065 0.394659
-0.936027 0.785303 0.406728
-1.000000 0.758404 0.428301
