-1.000000 0.233148 0.747731
-0.968201 0.128830 0.732265
-0.999266 0.114462 0.646563
-0.971161 0.211405 0.608562
-0.895676 0.184399 0.628015
-0.895321 0.091957 0.576328
-0.919354 0.135443 0.497667
-0.866837 0.216840 0.490599
-0.807643 0.150123 0.499901
-0.826869 0.086002 0.431419
-0.832410 0.169615 0.370006
-0.761377 0.209085 0.384568
-0.725506 0.112038 0.370006
-0.755103 0.095489 0.288942
-0.736965 0.196586 0.256680
-0.662594 0.193920 0.281194
-0.650021 0.097358 0.233919
-0.672586 0.137797 0.155286
-0.624497 0.224353 0.156163
-0.566037 0.166292 0.171629
-0.571956 0.101963 0.099839
-0.571956 0.184538 0.042837
-0.509258 0.222622 0.070461
-0.472250 0.130561 0.051460
-0.486504 0.128622 -0.033251
-0.458564 0.225115 -0.050527
-0.391604 0.206350 -0.021659
-0.378842 0.125091 -0.075211
-0.385140 0.175570 -0.147567
-0.334091 0.247862 -0.132468
-0.280438 0.178236 -0.122600
-0.286168 0.132465 -0.199169
-0.273689 0.219056 -0.245257
-0.209121 0.241457 -0.211044
-0.178766 0.151162 -0.236096
-0.188758 0.156667 -0.322306
-0.153999 0.249247 -0.330251
-0.090235 0.217048 -0.300308
-0.083345 0.138144 -0.361382
-0.087370 0.197452 -0.432069
-0.032557 0.264827 -0.414200
0.018303 0.188277 -0.408884
0.007861 0.156286 -0.492154
0.024056 0.250493 -0.529053
0.089714 0.265312 -0.494585
0.116352 0.172420 -0.522860
0.101009 0.193020 -0.607685
0.138727 0.286778 -0.609891
0.202917 0.244815 -0.580965
0.204030 0.163349 -0.643029
0.193493 0.235675 -0.712416
0.251196 0.313091 -0.681483
0.308188 0.231036 -0.637741
0.315196 0.126857 -0.678825
0.376616 0.169200 -0.726101
0.432116 0.210712 -0.649221
0.425463 0.135789 -0.558883
0.426197 0.063013 -0.491503
0.380689 0.125956 -0.438940
0.317801 0.109822 -0.489072
0.318156 0.000519 -0.479345
0.315196 0.003635 -0.389459
0.253421 0.062355 -0.385925
0.211252 -0.013676 -0.431193
0.220486 -0.092234 -0.372324
0.196264 -0.037877 -0.300082
0.129303 -0.014057 -0.338197
0.107852 -0.117924 -0.354229
0.112658 -0.148219 -0.268188
0.062509 -0.071668 -0.241496
0.009518 -0.104698 -0.296463
0.008690 -0.207735 -0.266350
-0.003694 -0.179344 -0.181412
-0.067055 -0.124710 -0.198094
-0.103400 -0.211543 -0.245427
-0.091467 -0.296714 -0.179320
-0.090141 -0.255064 -0.092629
-0.153005 -0.185819 -0.084599
-0.204267 -0.256171 -0.103515
-0.184591 -0.329467 -0.038991
-0.194298 -0.258872 0.028162
-0.264810 -0.236125 0.008058
-0.285718 -0.341620 0.016456
-0.257399 -0.353530 0.099613
-0.298006 -0.269951 0.135635
-0.363854 -0.312433 0.109792
-0.350358 -0.418447 0.147567
-0.343894 -0.383270 0.236803
-0.386987 -0.368694 0.306811
-0.344438 -0.274279 0.340402
-0.349245 -0.170412 0.360732
-0.318085 -0.094138 0.320072
-0.325756 0.010525 0.314785
-0.319837 0.080947 0.257556
-0.252593 0.104733 0.296661
-0.215727 0.016238 0.263296
-0.229341 0.038950 0.175163
-0.203249 0.142818 0.174513
-0.136123 0.115777 0.208075
-0.121774 0.044213 0.142477
-0.134631 0.118339 0.076653
-0.086944 0.191947 0.112421
-0.029052 0.119828 0.115758
-0.032367 0.094588 0.027059
-0.029408 0.201364 -0.000566
0.033575 0.217948 0.058982
0.072146 0.112592 0.052337
0.074182 0.096839 -0.036333
0.123739 0.184122 -0.025193
0.180163 0.136239 0.021970
0.211607 0.109338 -0.061413
0.213477 0.226846 -0.076116
0.253043 0.252051 0.007182
0.314107 0.183949 -0.011819
0.323341 0.239899 -0.097577
0.325567 0.343455 -0.058501
0.385874 0.312952 0.001527
0.430269 0.269743 -0.070207
0.424705 0.371118 -0.117228
0.455415 0.431292 -0.045607
0.526827 0.375827 -0.041649
0.539044 0.388291 -0.139028
0.521286 0.504726 -0.143297
0.578989 0.528269 -0.078972
0.638183 0.475920 -0.131592
0.615239 0.538794 -0.214013
0.605626 0.653776 -0.178019
0.672965 0.726240 -0.192354
0.661860 0.830108 -0.260101
0.597126 0.877194 -0.323720
0.543851 0.950213 -0.341957
0.456528 0.931828 -0.367801
0.388834 0.922619 -0.297000
0.361084 1.000000 -0.257019
0.275252 0.979434 -0.260045
0.237510 0.863137 -0.243871
0.268220 0.796593 -0.165691
0.261922 0.852301 -0.084118
0.184046 0.866357 -0.078915
0.164252 0.761417 -0.101253
0.205332 0.716234 -0.035344
0.179239 0.785756 0.028699
0.105981 0.768999 0.008511
0.112847 0.655922 0.020528
0.141876 0.666759 0.103599
0.085831 0.733546 0.135833
0.031254 0.660804 0.106908
0.062343 0.575044 0.153081
0.063456 0.634560 0.231939
-0.010631 0.663504 0.228857
-0.032936 0.555309 0.215370
0.004996 0.520687 0.289366
-0.025714 0.597514 0.346142
-0.100346 0.570716 0.324059
-0.089478 0.460617 0.340402
-0.063598 0.482810 0.425227
-0.125160 0.544749 0.447762
-0.175948 0.464287 0.419487
-0.141474 0.382197 0.465434
-0.142160 0.445764 0.542738
-0.219255 0.469273 0.537450
-0.235521 0.356092 0.523313
-0.198347 0.325589 0.601945
-0.252687 0.397189 0.649645
-0.318345 0.332756 0.608562
-0.307430 0.229443 0.657619
-0.320026 0.160440 0.716798
-0.291163 0.095870 0.770266
-0.275347 -0.014334 0.762321
-0.215040 -0.032614 0.825939
-0.193730 -0.061663 0.901038
-0.141403 0.001212 0.952300
-0.095539 0.095489 0.910764
-0.120898 0.214001 0.920463
-0.118270 0.268843 1.000000
-0.069517 0.361631 0.957588
-0.113960 0.433438 0.896627
-0.184851 0.469411 0.943450
-0.173817 0.573417 0.985863
-0.195127 0.650521 0.907230
-0.267391 0.637538 0.854214
-0.336861 0.665651 0.893969
-0.347019 0.760863 0.835638
-0.344628 0.717585 0.743744
-0.409173 0.651317 0.757005
-0.458398 0.739224 0.772924
-0.449330 0.784683 0.683688
-0.470592 0.689748 0.631097
-0.546077 0.679188 0.665112
-0.574182 0.783610 0.620946
-0.554577 0.748987 0.520655
-0.571222 0.669737 0.462776
-0.559028 0.755185 0.393870
-0.484089 0.790084 0.402239
-0.449496 0.687290 0.394294
-0.480040 0.664855 0.312551
-0.454136 0.754665 0.271468
-0.381991 0.741128 0.288715
-0.377918 0.641588 0.250064
-0.401975 0.676211 0.171177
-0.351660 0.753038 0.160800
-0.294123 0.684313 0.170300
-0.313089 0.618322 0.102723
-0.313918 0.693245 0.038991
-0.244234 0.724890 0.052224
-0.213975 0.627809 0.038878
-0.243998 0.624554 -0.048152
-0.231283 0.724094 -0.089179
-0.157101 0.738427 -0.082506
-0.136146 0.651594 -0.130348
-0.175711 0.678115 -0.201827
-0.141403 0.773327 -0.217972
-0.074040 0.733546 -0.223005
-0.088412 0.667555 -0.290271
-0.110267 0.743309 -0.344615
-0.048752 0.800921 -0.345492
-0.004712 0.719766 -0.372211
-0.039778 0.704878 -0.448214
-0.028129 0.799813 -0.484887
0.046432 0.788457 -0.480024
0.055311 0.697573 -0.529731
0.019226 0.732472 -0.601069
0.061775 0.818751 -0.613001
0.124118 0.759789 -0.622727
0.101174 0.700031 -0.691209
0.079912 0.787384 -0.742896
0.155372 0.829034 -0.741567
0.190344 0.757643 -0.798541
0.222333 0.750338 -0.876297
0.237510 0.683516 -0.943026
0.322607 0.693245 -0.935505
0.367003 0.578853 -0.927560
0.389947 0.472146 -0.955835
0.364777 0.347782 -0.940368
0.339987 0.280788 -1.000000
0.395487 0.180314 -0.996466
0.416939 0.112454 -0.912546
0.352204 0.053284 -0.870133
0.345551 -0.043832 -0.921820
0.410286 -0.110376 -0.878955
0.404366 -0.098743 -0.775129
0.324454 -0.128761 -0.757033
0.336293 -0.241284 -0.768513
0.391059 -0.250493 -0.692510
0.341478 -0.206384 -0.619617
0.282640 -0.284008 -0.627591
0.333333 -0.375169 -0.602624
0.352560 -0.331891 -0.512710
0.278212 -0.309178 -0.479571
0.252309 -0.417893 -0.492380
0.308922 -0.470380 -0.435180
0.281527 -0.414673 -0.354002
0.205687 -0.440640 -0.357537
0.223280 -0.559118 -0.358639
0.266373 -0.561818 -0.275341
0.199957 -0.540699 -0.227415
0.169626 -0.644566 -0.256963
0.233438 -0.712184 -0.217745
0.207369 -0.706263 -0.117115
0.140408 -0.777135 -0.092770
0.111735 -0.860956 -0.071423
0.056590 -0.932936 -0.041423
0.020813 -0.977288 0.036446
-0.060259 -1.000000 0.039217
-0.142468 -0.990271 0.015127
-0.203438 -0.943739 -0.046625
-0.257967 -0.944812 -0.129725
-0.293010 -0.934010 -0.217321
-0.271748 -0.817159 -0.252721
-0.193801 -0.822006 -0.284842
-0.205616 -0.879895 -0.368790
-0.220036 -0.777655 -0.425001
-0.156083 -0.704082 -0.405576
-0.099257 -0.784164 -0.427008
-0.120945 -0.808503 -0.516696
-0.111900 -0.698127 -0.547403
-0.034498 -0.693799 -0.519128
-0.014254 -0.790084 -0.571917
-0.042643 -0.757643 -0.660277
-0.007411 -0.647820 -0.662030
0.069731 -0.680816 -0.638166
0.095444 -0.759270 -0.704894
0.107283 -0.684624 -0.777787
0.153170 -0.606170 -0.730059
0.218284 -0.692172 -0.718155
0.254913 -0.728976 -0.802528
0.315196 -0.646193 -0.804309
0.355543 -0.661877 -0.718155
0.392527 -0.762525 -0.733622
0.446536 -0.721947 -0.800746
0.489463 -0.634283 -0.749060
0.530520 -0.698681 -0.684565
0.590448 -0.734931 -0.741991
0.639674 -0.641346 -0.764526
0.709215 -0.589932 -0.757910
0.680352 -0.482291 -0.774253
0.657432 -0.453069 -0.677948
0.720320 -0.467680 -0.646139
0.756571 -0.384898 -0.696497
0.705522 -0.301873 -0.677496
0.716626 -0.307828 -0.584952
0.790595 -0.284839 -0.590466
0.779514 -0.184191 -0.635960
0.732159 -0.135512 -0.570815
0.783942 -0.147422 -0.499222
0.848321 -0.098466 -0.544293
0.809845 0.010144 -0.555999
0.798740 0.035834 -0.456386
0.885306 0.034207 -0.421693
0.937846 0.116228 -0.481353
0.986693 0.196032 -0.521333
0.998532 0.219160 -0.620522
1.000000 0.320846 -0.560212
