0.854382 0.967625 0.039512
0.865636 0.947795 -0.001264
0.870742 0.923552 -0.044052
0.877078 0.888776 -0.085202
0.885662 0.872834 -0.129082
0.879373 0.843468 -0.174428
0.869337 0.824720 -0.215420
0.847472 0.829183 -0.257418
0.833898 0.826055 -0.298654
0.806330 0.850146 -0.332648
0.769545 0.848557 -0.357333
0.732209 0.866613 -0.366615
0.696946 0.878075 -0.372060
0.679414 0.928133 -0.394632
0.656776 0.956248 -0.419848
0.639924 0.966104 -0.466142
0.619125 0.989096 -0.501588
0.627252 1.000000 -0.546847
0.646049 0.973796 -0.589649
0.656683 0.966577 -0.635699
0.692964 0.932495 -0.636331
0.726307 0.906426 -0.649348
0.762003 0.895302 -0.653731
0.793846 0.886426 -0.674220
0.821929 0.857619 -0.689680
0.857005 0.862893 -0.703401
0.878132 0.841000 -0.734924
0.914624 0.839157 -0.744106
0.917295 0.802167 -0.786233
0.923267 0.785261 -0.831822
0.888098 0.755304 -0.843259
0.860331 0.734645 -0.864639
0.833770 0.703369 -0.875516
0.826942 0.661409 -0.899654
0.809621 0.630387 -0.925085
0.797558 0.581985 -0.932212
0.796258 0.543068 -0.959468
0.783282 0.495511 -0.969037
0.793073 0.453297 -0.996523
0.755269 0.433940 -0.992629
0.720978 0.425166 -1.000000
0.688596 0.409224 -0.992342
0.662492 0.373755 -0.993046
0.629559 0.358946 -0.986394
0.602904 0.353637 -0.956336
0.615775 0.306723 -0.940603
0.649644 0.319978 -0.928720
0.639912 0.358455 -0.901823
0.620530 0.328617 -0.873605
0.648180 0.298085 -0.861722
0.671872 0.334229 -0.847685
0.646236 0.355243 -0.819064
0.643098 0.314297 -0.792052
0.675597 0.313824 -0.775457
0.671615 0.363460 -0.758057
0.641669 0.353130 -0.732166
0.660067 0.316478 -0.708631
0.685996 0.349969 -0.692294
0.658100 0.380044 -0.665714
0.626432 0.370814 -0.645440
0.592622 0.390120 -0.657739
0.558413 0.401126 -0.664535
0.533409 0.409342 -0.695096
0.542275 0.460973 -0.699522
0.577081 0.451353 -0.713717
0.565862 0.422309 -0.747683
0.547182 0.459434 -0.767655
0.574235 0.493703 -0.771850
0.593207 0.460652 -0.798287
0.566705 0.454244 -0.829739
0.566412 0.508444 -0.840228
0.595421 0.515629 -0.866923
0.616091 0.513956 -0.902714
0.644456 0.492468 -0.922700
0.669050 0.526551 -0.907829
0.663745 0.513956 -0.863561
0.673418 0.464624 -0.867786
0.706585 0.472908 -0.884610
0.719842 0.500347 -0.851176
0.716293 0.463221 -0.820357
0.735722 0.426349 -0.840774
0.766769 0.452435 -0.845300
0.771688 0.461953 -0.802152
0.771629 0.412081 -0.787698
0.797699 0.394380 -0.813805
0.823475 0.425386 -0.796376
0.820302 0.401396 -0.756103
0.829027 0.350662 -0.769393
0.864184 0.358405 -0.792353
0.892127 0.366976 -0.764795
0.925914 0.351406 -0.749077
0.928819 0.378066 -0.707223
0.917377 0.347484 -0.672596
0.919883 0.325590 -0.632998
0.908113 0.290105 -0.603816
0.878448 0.320671 -0.592681
0.856794 0.299014 -0.627954
0.852590 0.246589 -0.603888
0.843830 0.205221 -0.577896
0.874244 0.178763 -0.575051
0.889012 0.208078 -0.543068
0.864207 0.196007 -0.511358
0.866936 0.144461 -0.510812
0.901449 0.142872 -0.498197
0.897514 0.170293 -0.460366
0.871609 0.138933 -0.441386
0.892326 0.096499 -0.441558
0.919543 0.116904 -0.417865
0.899751 0.127065 -0.382031
0.888227 0.078038 -0.374215
0.922635 0.055823 -0.368152
0.938527 0.088350 -0.332850
0.926547 0.088367 -0.290507
0.952382 0.049568 -0.271900
0.990608 0.071022 -0.279070
0.989144 0.130885 -0.264530
1.000000 0.181823 -0.260349
0.998314 0.232608 -0.275349
0.999555 0.285523 -0.283840
0.988441 0.330933 -0.302088
0.993934 0.317070 -0.345996
0.971366 0.276682 -0.347175
0.942310 0.302751 -0.332246
0.941127 0.337932 -0.366514
0.938574 0.302903 -0.398511
0.906731 0.283579 -0.383727
0.888836 0.327349 -0.388511
0.893603 0.336292 -0.431745
0.875930 0.295633 -0.448742
0.843080 0.312116 -0.430710
0.842319 0.360180 -0.448915
0.843338 0.341448 -0.490654
0.812385 0.315920 -0.488800
0.791386 0.354939 -0.477809
0.799151 0.380044 -0.515525
0.789489 0.344897 -0.546186
0.754168 0.340552 -0.533830
0.749940 0.397863 -0.545152
0.774042 0.407330 -0.587350
0.765984 0.371000 -0.619750
0.746848 0.340620 -0.646518
0.731963 0.293638 -0.650613
0.761967 0.266521 -0.658429
0.769229 0.261500 -0.614492
0.739002 0.234113 -0.604477
0.743042 0.195686 -0.632538
0.776454 0.182364 -0.617351
0.765926 0.171916 -0.575813
0.743475 0.132762 -0.589089
0.766488 0.100776 -0.609664
0.788365 0.096549 -0.570238
0.774873 0.104546 -0.529605
0.774018 0.146980 -0.503700
0.751989 0.123041 -0.474964
0.774581 0.085848 -0.462205
0.798800 0.118933 -0.445754
0.777789 0.139659 -0.414460
0.767249 0.095298 -0.394072
0.800662 0.078545 -0.382419
0.807255 0.118037 -0.355551
0.779851 0.111021 -0.327936
0.791890 0.060844 -0.316025
0.829565 0.070565 -0.305450
0.836779 0.104478 -0.271283
0.853339 0.127961 -0.236239
0.858656 0.167368 -0.207560
0.875052 0.201095 -0.234687
0.848069 0.203817 -0.264889
0.820114 0.218509 -0.238983
0.837330 0.266876 -0.228638
0.843619 0.291339 -0.270162
0.839403 0.303444 -0.313482
0.828991 0.260334 -0.332591
0.794818 0.263816 -0.318668
0.787147 0.307755 -0.339545
0.796668 0.290545 -0.381385
0.771992 0.251712 -0.384847
0.744295 0.284036 -0.380896
0.754261 0.311085 -0.417018
0.748734 0.273571 -0.446745
0.713752 0.269581 -0.438541
0.704594 0.318558 -0.447923
0.715544 0.316461 -0.490251
0.694499 0.276716 -0.502579
0.662492 0.304492 -0.493455
0.658709 0.341617 -0.525266
0.648930 0.302108 -0.556057
0.632464 0.258136 -0.572278
0.658615 0.221484 -0.568931
0.665560 0.226691 -0.525324
0.631703 0.215601 -0.513355
0.630449 0.168602 -0.531602
0.659915 0.148383 -0.510050
0.647618 0.155264 -0.468699
0.616993 0.125864 -0.477665
0.633951 0.080117 -0.490740
0.655851 0.063110 -0.458426
0.663370 0.039120 -0.421098
0.670912 0.073084 -0.386945
0.672153 0.124208 -0.388167
0.652818 0.130395 -0.350652
0.674906 0.101063 -0.324617
0.704254 0.132694 -0.330766
0.688854 0.175263 -0.314861
0.683361 0.153793 -0.273883
0.717113 0.148112 -0.259788
0.723039 0.200216 -0.253050
0.711995 0.202211 -0.210132
0.743874 0.187199 -0.187646
0.760375 0.232422 -0.180261
0.770634 0.284289 -0.168810
0.762014 0.313469 -0.205218
0.739575 0.352369 -0.220420
0.745490 0.345387 -0.264271
0.730312 0.298761 -0.265349
0.697907 0.312167 -0.250909
0.690365 0.344424 -0.283941
0.693843 0.311271 -0.318137
0.668148 0.278271 -0.303381
0.640111 0.311660 -0.300550
0.639982 0.322514 -0.343769
0.632288 0.274856 -0.357606
0.603185 0.263580 -0.333266
0.584061 0.305489 -0.346930
0.584541 0.296090 -0.391011
0.568906 0.248973 -0.389100
0.535752 0.266116 -0.380336
0.532063 0.289395 -0.423670
0.532402 0.240486 -0.448771
0.521780 0.194384 -0.462435
0.534803 0.161891 -0.427736
0.551831 0.183902 -0.391945
0.532496 0.166979 -0.357836
0.544032 0.117310 -0.360709
0.579728 0.129415 -0.354991
0.575254 0.147200 -0.313295
0.562828 0.102416 -0.295909
0.592950 0.076634 -0.306714
0.616572 0.106964 -0.284530
0.601113 0.098713 -0.243768
0.605703 0.046542 -0.244558
0.641481 0.050447 -0.248265
0.647279 0.078393 -0.212244
0.638109 0.042789 -0.183494
0.665091 0.009755 -0.193595
0.694065 0.042332 -0.190319
0.684310 0.058511 -0.145821
0.658510 0.038816 -0.118867
0.622006 0.054488 -0.115088
0.585244 0.058444 -0.108306
0.584764 0.100810 -0.147042
0.590186 0.138358 -0.180534
0.595831 0.180758 -0.143766
0.621982 0.183885 -0.112947
0.643285 0.219050 -0.132703
0.620389 0.258068 -0.138177
0.616560 0.265118 -0.093421
0.650874 0.272861 -0.082257
0.653486 0.317357 -0.107660
0.627182 0.343781 -0.087501
0.643484 0.341786 -0.045360
0.675784 0.360924 -0.044914
0.694323 0.397998 -0.009856
0.734446 0.381583 -0.012213
0.759848 0.405775 -0.036509
0.753430 0.412335 -0.080633
0.715263 0.412385 -0.079872
0.702579 0.459925 -0.070849
0.708857 0.479519 -0.116826
0.688912 0.448192 -0.147531
0.663639 0.462630 -0.175649
0.670526 0.428277 -0.207948
0.657140 0.387094 -0.185779
0.623809 0.406113 -0.177718
0.616513 0.411050 -0.221397
0.620682 0.361363 -0.233452
0.594999 0.343173 -0.206483
0.567290 0.372572 -0.221440
0.570206 0.356122 -0.263869
0.564562 0.305405 -0.255047
0.532473 0.309361 -0.236411
0.517201 0.330950 -0.272777
0.523162 0.289564 -0.299430
0.506719 0.251357 -0.276513
0.472757 0.276580 -0.273337
0.469044 0.300975 -0.320737
0.477874 0.254687 -0.350996
0.457192 0.216886 -0.366729
0.438185 0.204713 -0.330651
0.432563 0.256344 -0.317576
0.404538 0.274501 -0.341772
0.375834 0.233808 -0.331614
0.384114 0.211560 -0.287447
0.376607 0.206776 -0.243667
0.392979 0.162804 -0.233365
0.425911 0.183006 -0.244141
0.425923 0.221552 -0.214687
0.421438 0.191865 -0.178551
0.451219 0.162499 -0.183623
0.475556 0.200369 -0.183666
0.464980 0.221585 -0.145074
0.473623 0.180707 -0.119441
0.508863 0.187452 -0.121539
0.509577 0.235279 -0.103105
0.492642 0.221247 -0.065202
0.517002 0.182939 -0.052874
0.544231 0.220487 -0.050374
0.533620 0.276732 -0.045317
0.525434 0.322142 -0.066280
0.515632 0.356275 -0.034282
0.547697 0.367720 -0.017788
0.559959 0.383831 -0.057673
0.538750 0.424879 -0.062271
0.547943 0.449832 -0.024828
0.584049 0.452537 -0.041581
0.580782 0.478420 -0.080547
0.571178 0.526229 -0.065102
0.607929 0.540211 -0.055015
0.619862 0.559382 -0.098306
0.604591 0.591672 -0.128350
0.590619 0.566854 -0.170290
0.569902 0.566922 -0.207431
0.576882 0.514581 -0.216181
0.563671 0.495444 -0.179485
0.531149 0.517438 -0.181095
0.520644 0.491978 -0.217518
0.522565 0.443763 -0.196238
0.499119 0.454870 -0.163091
0.471234 0.469612 -0.188350
0.468248 0.423256 -0.208983
0.462790 0.392774 -0.174399
0.434074 0.419486 -0.159485
0.412877 0.417017 -0.194874
0.410206 0.365708 -0.199471
0.398343 0.356004 -0.159715
0.367448 0.383814 -0.162632
0.354765 0.352860 -0.199184
0.356662 0.305489 -0.178005
0.336484 0.317645 -0.143062
0.308119 0.330425 -0.171511
0.304348 0.280942 -0.189284
0.297672 0.258068 -0.151525
0.269190 0.287265 -0.139873
0.247325 0.274247 -0.173278
0.240427 0.224527 -0.159399
0.224008 0.247046 -0.118134
0.215740 0.298068 -0.110964
0.249785 0.332370 -0.103680
0.282530 0.359470 -0.092027
0.298492 0.312049 -0.063191
0.328180 0.276766 -0.045101
0.349226 0.244493 -0.019497
0.379359 0.213116 -0.024282
0.379944 0.204629 0.022874
0.346895 0.177174 0.027989
0.330183 0.133049 0.034426
0.298258 0.156785 0.042601
0.293046 0.178120 0.002759
0.295354 0.135737 -0.021020
0.267574 0.112154 -0.000833
0.240861 0.145746 -0.009382
0.243976 0.141147 -0.054857
0.237710 0.090463 -0.056323
0.206031 0.092560 -0.035489
0.187504 0.124968 -0.061466
0.192013 0.093439 -0.098938
0.182234 0.042721 -0.081826
0.150379 0.032780 -0.061912
0.134065 0.028469 -0.108177
0.155345 -0.017007 -0.126582
0.174551 -0.060489 -0.136640
0.203923 -0.043651 -0.108536
0.198278 -0.057615 -0.066179
0.214007 -0.104445 -0.068852
0.246693 -0.084986 -0.079168
0.251905 -0.061098 -0.041136
0.248977 -0.102771 -0.015158
0.276580 -0.128096 -0.033880
0.302462 -0.094470 -0.024699
0.298352 -0.094419 0.019109
0.305320 -0.145238 0.025115
0.339704 -0.141215 0.009914
0.351427 -0.104817 0.038190
0.347363 -0.136616 0.074599
0.374604 -0.171713 0.058262
0.406389 -0.144681 0.058334
0.438641 -0.128924 0.074915
0.461209 -0.092898 0.105045
0.497257 -0.112779 0.108091
0.533679 -0.117361 0.095088
0.536548 -0.171088 0.080245
0.532156 -0.180944 0.033535
0.507118 -0.165542 0.000129
0.484550 -0.125391 0.010560
0.495570 -0.092255 -0.020087
0.484362 -0.121350 -0.054843
0.448713 -0.113709 -0.046294
0.449908 -0.061690 -0.052343
0.463013 -0.065527 -0.093909
0.434788 -0.090311 -0.111553
0.411178 -0.052527 -0.104269
0.428722 -0.016213 -0.127545
0.428195 -0.041842 -0.166956
0.392382 -0.045883 -0.170218
0.385812 0.005494 -0.169773
0.404187 0.016027 -0.206239
0.383247 -0.011885 -0.233595
0.351978 0.013964 -0.225564
0.366980 0.064462 -0.238926
0.386995 0.056516 -0.280335
0.366523 0.035181 -0.312476
0.345373 0.031817 -0.350120
0.328637 0.004514 -0.382980
0.361604 -0.028740 -0.384646
0.389770 -0.028047 -0.353065
0.412478 0.016568 -0.343927
0.440152 0.045612 -0.326427
0.461127 0.086626 -0.315479
0.482793 0.051005 -0.291657
0.503616 0.010566 -0.263998
0.496870 -0.034099 -0.241268
0.499962 -0.086017 -0.228222
0.471714 -0.106693 -0.256196
0.472557 -0.137817 -0.289717
0.435105 -0.147994 -0.299387
0.408684 -0.114030 -0.288524
0.368292 -0.108908 -0.300335
0.334399 -0.091343 -0.296326
0.318671 -0.113337 -0.331398
0.322617 -0.163023 -0.318338
0.303118 -0.156751 -0.280708
0.271931 -0.140251 -0.298194
0.265267 -0.181586 -0.323309
0.261531 -0.215094 -0.289473
0.232604 -0.189836 -0.269487
0.209592 -0.194705 -0.302792
0.208865 -0.246268 -0.305191
0.195690 -0.253639 -0.264271
0.164245 -0.227232 -0.270564
0.150812 -0.256040 -0.302576
0.152405 -0.302396 -0.281714
0.127694 -0.284070 -0.251239
0.098674 -0.273453 -0.275421
0.094329 -0.321922 -0.291082
0.087337 -0.342243 -0.249874
0.059183 -0.313046 -0.236210
0.036896 -0.328786 -0.269113
0.036217 -0.380332 -0.262374
0.022948 -0.376697 -0.220377
-0.008883 -0.354466 -0.232144
-0.021730 -0.391878 -0.258409
-0.023218 -0.428767 -0.227503
-0.048303 -0.405606 -0.201023
-0.075579 -0.399030 -0.229314
-0.079502 -0.449916 -0.237604
-0.085686 -0.467837 -0.195305
-0.116955 -0.440635 -0.191282
-0.136208 -0.460669 -0.224314
-0.136794 -0.508884 -0.208911
-0.151199 -0.497473 -0.168077
-0.183885 -0.483508 -0.189514
-0.193969 -0.525790 -0.212920
-0.197833 -0.560548 -0.180448
-0.223833 -0.532806 -0.158407
-0.249070 -0.537827 -0.191928
-0.251518 -0.589542 -0.190908
-0.262082 -0.595899 -0.148364
-0.292707 -0.567869 -0.153824
-0.308013 -0.601697 -0.184974
-0.309571 -0.645416 -0.161367
-0.329902 -0.630945 -0.127358
-0.359356 -0.616794 -0.151942
-0.364884 -0.666312 -0.167201
-0.371817 -0.688881 -0.127487
-0.399549 -0.660395 -0.114413
-0.421028 -0.673852 -0.148781
-0.423721 -0.724468 -0.137876
-0.436826 -0.721628 -0.096352
-0.466585 -0.697063 -0.108306
-0.478788 -0.736251 -0.135605
-0.481224 -0.772599 -0.103866
-0.504951 -0.745211 -0.078564
-0.531840 -0.742388 -0.107775
-0.536911 -0.794002 -0.109743
-0.545355 -0.802100 -0.067487
-0.575231 -0.772126 -0.069441
-0.592704 -0.798178 -0.100792
-0.592856 -0.844990 -0.077573
-0.613655 -0.823536 -0.043765
-0.641891 -0.805024 -0.066811
-0.651389 -0.852276 -0.082386
-0.658439 -0.873443 -0.041682
-0.682401 -0.838853 -0.028219
-0.704149 -0.848625 -0.064627
-0.709606 -0.901405 -0.049986
-0.722079 -0.892698 -0.008980
-0.749038 -0.860560 -0.022385
-0.763713 -0.901050 -0.045690
-0.769510 -0.933577 -0.010977
-0.789969 -0.900289 0.012155
-0.813357 -0.895792 -0.021480
-0.821578 -0.946696 -0.022429
-0.836463 -0.949468 0.018549
-0.860389 -0.911684 0.010302
-0.874232 -0.936096 -0.026064
-0.884538 -0.980508 -0.003204
-0.907457 -0.953458 0.023492
-0.925340 -0.932275 -0.013635
-0.933538 -0.980524 -0.031796
-0.954291 -0.992223 0.002902
-0.975465 -0.945276 -0.014038
-0.972092 -0.950922 -0.068291
-0.975301 -1.000000 -0.088636
-1.000000 -0.977076 -0.120821
-0.966728 -0.947642 -0.151956
-0.941045 -0.929249 -0.186612
-0.904272 -0.897533 -0.209658
-0.871304 -0.870332 -0.243567
-0.835304 -0.835962 -0.266613
-0.800556 -0.799885 -0.288553
-0.762588 -0.763199 -0.306111
-0.729551 -0.721374 -0.330867
-0.690259 -0.698653 -0.353195
-0.660360 -0.646109 -0.370494
-0.621900 -0.616896 -0.395135
-0.589554 -0.567547 -0.404259
-0.551679 -0.536001 -0.429159
-0.511591 -0.511319 -0.454604
-0.476153 -0.477473 -0.469633
-0.432704 -0.455225 -0.478182
-0.389067 -0.437507 -0.490409
-0.344916 -0.422664 -0.501918
-0.300319 -0.410576 -0.512938
-0.256343 -0.405893 -0.530870
-0.209592 -0.408108 -0.535410
-0.163379 -0.402833 -0.525841
-0.117435 -0.408565 -0.524620
-0.076410 -0.400467 -0.510065
-0.036135 -0.413653 -0.485941
-0.000638 -0.442478 -0.461257
0.033313 -0.456239 -0.434460
0.060553 -0.470457 -0.397707
0.087161 -0.482122 -0.361658
0.113348 -0.501462 -0.329631
0.130236 -0.520397 -0.288898
0.149161 -0.532383 -0.248782
0.175172 -0.532180 -0.209644
0.187071 -0.533516 -0.165160
0.195772 -0.526432 -0.121266
0.216572 -0.508056 -0.081941
0.220179 -0.485909 -0.040733
0.202178 -0.459046 -0.002098
0.184412 -0.441599 0.034512
0.163800 -0.410898 0.060030
0.154326 -0.375142 0.089944
0.139757 -0.356478 0.126525
0.113934 -0.334027 0.149902
0.097245 -0.296259 0.171281
0.082945 -0.273402 0.205535
0.057309 -0.261957 0.233294
0.034051 -0.230393 0.252245
0.022901 -0.199422 0.286355
-0.012115 -0.217511 0.299372
-0.046289 -0.213589 0.312504
-0.070660 -0.192406 0.338080
-0.086271 -0.186455 0.376471
-0.108570 -0.193674 0.408828
-0.131782 -0.171662 0.436170
-0.139031 -0.157123 0.477148
-0.146315 -0.155720 0.518944
-0.164456 -0.130632 0.550281
-0.167981 -0.100015 0.586287
-0.176261 -0.082315 0.626173
-0.200305 -0.068638 0.658458
-0.206711 -0.022367 0.679291
-0.230344 0.001386 0.707683
-0.256519 0.047150 0.703645
-0.293257 0.065646 0.702999
-0.331705 0.053321 0.684349
-0.368116 0.041183 0.676274
-0.393260 -0.002164 0.656935
-0.419095 -0.042197 0.660009
-0.444427 -0.083397 0.666791
-0.460998 -0.132390 0.661245
-0.481774 -0.178053 0.673803
-0.475075 -0.231830 0.695585
-0.473073 -0.272438 0.727036
-0.463294 -0.304999 0.758991
-0.452461 -0.355767 0.775169
-0.441593 -0.378624 0.813503
-0.411495 -0.418810 0.813043
-0.382392 -0.442917 0.827756
-0.355023 -0.475191 0.824020
-0.335266 -0.516018 0.837914
-0.305027 -0.540126 0.847943
-0.282073 -0.578418 0.834523
-0.261789 -0.628290 0.828834
-0.226561 -0.637538 0.816951
-0.193582 -0.656675 0.816621
-0.154876 -0.669270 0.825903
-0.119602 -0.684063 0.825644
-0.085276 -0.699227 0.837253
-0.069431 -0.654376 0.806578
-0.059476 -0.619516 0.776534
-0.067416 -0.585079 0.736692
-0.076902 -0.551335 0.706346
-0.097011 -0.513584 0.687381
-0.123127 -0.477439 0.671102
-0.131255 -0.430779 0.649636
-0.166061 -0.407669 0.663760
-0.199473 -0.383899 0.669679
-0.228517 -0.375125 0.694579
-0.262656 -0.363629 0.708961
-0.288901 -0.348684 0.734307
-0.322044 -0.355920 0.749853
-0.337280 -0.317290 0.725125
-0.330991 -0.349800 0.684363
-0.354121 -0.392487 0.684981
-0.384851 -0.376325 0.667739
-0.383364 -0.390560 0.622437
-0.357693 -0.435005 0.616086
-0.340840 -0.480989 0.617897
-0.339107 -0.483542 0.662826
-0.374147 -0.503576 0.666374
-0.361394 -0.554006 0.645412
-0.330242 -0.570303 0.672926
-0.310730 -0.617420 0.690800
-0.281886 -0.641004 0.710326
-0.298996 -0.686193 0.722194
-0.290997 -0.707562 0.681130
-0.253954 -0.706429 0.682194
-0.248789 -0.735491 0.719709
-0.258873 -0.782979 0.695470
-0.229313 -0.779158 0.660555
-0.196791 -0.774543 0.680958
-0.162114 -0.776115 0.693487
-0.140085 -0.761898 0.727970
-0.109214 -0.788135 0.716734
-0.104482 -0.761712 0.678472
-0.105572 -0.713428 0.694780
-0.077148 -0.716708 0.721260
-0.053691 -0.732904 0.688688
-0.057848 -0.689794 0.661087
-0.058480 -0.647918 0.696763
-0.030432 -0.636879 0.721533
-0.002524 -0.610235 0.739752
0.022456 -0.651418 0.733186
0.055927 -0.654376 0.707711
0.085815 -0.648916 0.680814
0.106989 -0.623354 0.655541
0.120410 -0.596592 0.622006
0.143446 -0.584183 0.588457
0.165194 -0.544792 0.578270
0.191076 -0.516069 0.555137
0.218223 -0.480482 0.586646
0.252560 -0.511521 0.606402
0.285317 -0.529628 0.629334
0.277365 -0.534497 0.676791
0.253310 -0.576085 0.684564
0.271193 -0.622475 0.683602
0.274285 -0.629000 0.731447
0.235380 -0.637301 0.745801
0.214990 -0.680800 0.728617
0.206746 -0.718635 0.765543
0.166670 -0.707664 0.774781
0.128702 -0.712499 0.780845
0.106872 -0.669541 0.772813
0.077710 -0.632923 0.769580
0.054065 -0.591385 0.753315
0.029261 -0.547260 0.753373
-0.004128 -0.533753 0.724105
-0.035936 -0.495359 0.718358
-0.031310 -0.469629 0.680067
-0.028101 -0.466670 0.636317
-0.006962 -0.465402 0.599966
-0.011272 -0.411980 0.593054
0.002735 -0.396291 0.630828
0.033840 -0.422410 0.628960
0.046863 -0.402005 0.591661
0.046863 -0.352302 0.605124
0.070192 -0.360214 0.638084
0.097690 -0.376393 0.612466
0.099833 -0.331136 0.589491
0.109729 -0.304593 0.626115
0.137871 -0.331017 0.643486
0.159069 -0.325202 0.606029
0.160018 -0.270258 0.612020
0.168696 -0.262768 0.655383
0.189202 -0.289868 0.686748
0.169668 -0.296614 0.726821
0.152230 -0.306301 0.766247
0.130763 -0.294365 0.799968
0.155755 -0.260638 0.817627
0.157312 -0.226623 0.784681
0.122190 -0.215195 0.786879
0.122658 -0.198019 0.828288
0.148060 -0.161045 0.823216
0.131184 -0.133100 0.792598
0.100711 -0.123058 0.816032
0.117131 -0.101165 0.852052
0.138387 -0.065037 0.825860
0.132894 -0.051242 0.783072
0.166962 -0.060202 0.766491
0.202120 -0.052290 0.778689
0.212449 -0.080624 0.737180
0.192516 -0.096144 0.701131
0.174024 -0.141249 0.692611
0.144512 -0.113320 0.670297
0.131102 -0.100945 0.630742
0.101871 -0.091326 0.605971
0.098135 -0.143987 0.593816
0.094352 -0.162905 0.635555
0.064488 -0.136633 0.643472
0.046465 -0.158121 0.608328
0.048163 -0.207249 0.628242
0.033453 -0.200555 0.667495
0.000287 -0.187283 0.650527
-0.005838 -0.242836 0.639047
0.003964 -0.264577 0.686001
-0.020243 -0.267772 0.718372
-0.044485 -0.284306 0.747310
-0.078366 -0.302531 0.756591
-0.100793 -0.331034 0.779666
-0.090335 -0.376038 0.760255
-0.057099 -0.375142 0.779106
-0.065823 -0.371321 0.821995
-0.085850 -0.413400 0.826118
-0.058961 -0.447009 0.810687
-0.031053 -0.434380 0.839581
-0.046933 -0.446400 0.878949
-0.042131 -0.497929 0.875932
-0.001189 -0.490795 0.873446
0.018861 -0.474785 0.909424
0.037084 -0.525672 0.910559
0.054885 -0.518098 0.863806
0.080369 -0.486112 0.848518
0.102468 -0.524945 0.833044
0.074197 -0.537624 0.798948
0.070086 -0.499823 0.769853
0.074478 -0.472739 0.732697
0.080252 -0.425301 0.716088
0.044087 -0.410779 0.719191
0.036522 -0.420246 0.760974
0.063001 -0.389004 0.776103
0.051383 -0.344982 0.759666
0.019084 -0.344390 0.779092
0.031989 -0.346300 0.820098
0.053679 -0.304407 0.821923
0.027153 -0.270849 0.809753
0.005768 -0.279387 0.845932
0.031966 -0.253267 0.873662
0.018896 -0.202516 0.859811
0.000908 -0.159237 0.861593
-0.006529 -0.146168 0.820314
0.006869 -0.159794 0.781764
-0.011460 -0.125492 0.757698
-0.000264 -0.080878 0.777626
0.034788 -0.088198 0.770931
0.032189 -0.091985 0.726016
0.016718 -0.045528 0.719393
0.043373 -0.017126 0.737827
0.070590 -0.032781 0.712094
0.055014 -0.018123 0.674061
0.052297 0.031986 0.684967
0.086998 0.041656 0.690225
0.097280 0.028317 0.647667
0.069313 0.063296 0.626949
0.071351 0.115078 0.635684
0.096601 0.133895 0.607408
0.080100 0.117563 0.570712
0.048947 0.144934 0.576330
0.065203 0.191831 0.579017
0.081200 0.189464 0.537651
0.048807 0.185914 0.515711
0.030807 0.231036 0.533111
0.049240 0.275566 0.527508
0.047144 0.281500 0.483168
0.010862 0.283157 0.480409
0.008110 0.327450 0.504131
0.030198 0.358439 0.481300
0.012514 0.358084 0.443124
-0.017421 0.380298 0.457837
-0.003086 0.423408 0.476788
0.013685 0.440534 0.438641
-0.012994 0.440601 0.408785
-0.034039 0.473179 0.431673
-0.008824 0.512823 0.434245
-0.004163 0.518368 0.389460
-0.037248 0.529543 0.375336
-0.044005 0.571098 0.402276
-0.011202 0.599449 0.391270
-0.008344 0.612044 0.349215
-0.003426 0.648307 0.317188
0.000849 0.615949 0.282432
-0.032962 0.597065 0.283955
-0.050892 0.641206 0.279214
-0.034683 0.653345 0.239328
-0.045586 0.611604 0.217733
-0.081271 0.621105 0.221066
-0.080381 0.666599 0.198695
-0.068330 0.646870 0.160333
-0.095102 0.612635 0.155376
-0.122190 0.647191 0.154226
-0.111076 0.673395 0.118436
-0.110912 0.632686 0.091021
-0.144676 0.615577 0.096223
-0.160334 0.661493 0.082717
-0.145531 0.664266 0.041351
-0.157465 0.615746 0.026610
-0.193863 0.614698 0.041610
-0.223926 0.635796 0.024598
-0.254540 0.630556 0.051466
-0.258053 0.586685 0.077472
-0.219043 0.585180 0.087243
-0.220834 0.638670 0.112444
-0.219265 0.654190 0.155792
-0.198501 0.636473 0.189514
-0.183253 0.627428 0.233466
-0.172443 0.567666 0.220722
-0.156856 0.510439 0.228998
-0.138972 0.465909 0.233337
-0.106860 0.440889 0.231469
-0.113383 0.415547 0.192934
-0.100220 0.456121 0.166841
-0.064910 0.448733 0.164385
-0.066210 0.408615 0.133996
-0.079900 0.444540 0.099182
-0.052379 0.471945 0.082961
-0.041136 0.434481 0.053176
-0.067908 0.435884 0.021969
-0.058235 0.481852 0.003262
-0.045024 0.504708 -0.037817
-0.035187 0.531656 -0.074527
-0.032259 0.554023 -0.117200
0.006716 0.553414 -0.118321
0.011647 0.504877 -0.086984
0.010230 0.456983 -0.067041
0.032247 0.470203 -0.032012
0.008227 0.504319 -0.012845
-0.012771 0.517523 0.025201
-0.023382 0.539720 0.062860
0.009328 0.531251 0.082271
0.026263 0.564572 0.056251
0.005721 0.606583 0.063650
0.013931 0.608037 0.106022
0.049065 0.615780 0.102616
0.045668 0.661477 0.080490
0.030268 0.685077 0.115433
0.056525 0.677689 0.145088
0.082875 0.703251 0.124916
0.062790 0.751602 0.121496
0.038993 0.752278 0.164672
0.054358 0.706751 0.195721
0.084187 0.686649 0.214773
0.068822 0.664824 0.249960
0.056021 0.621359 0.229357
0.086271 0.592619 0.227058
0.081236 0.582374 0.274357
0.058094 0.543643 0.283840
0.080545 0.506416 0.298251
0.088883 0.532502 0.337807
0.053093 0.519924 0.355666
0.054311 0.459553 0.345881
0.073986 0.419672 0.364804
0.043841 0.387635 0.376801
0.027047 0.368075 0.340723
0.043642 0.321212 0.337103
0.030935 0.305354 0.378123
-0.004796 0.312015 0.372548
-0.007185 0.276276 0.338353
-0.003695 0.233673 0.372017
-0.034133 0.235955 0.402017
-0.058469 0.210343 0.428555
-0.083063 0.213116 0.462047
-0.089960 0.162026 0.468383
-0.055564 0.153049 0.482679
-0.053632 0.187554 0.515869
-0.081036 0.166607 0.539347
-0.063071 0.119474 0.543858
-0.034179 0.138121 0.566143
-0.052719 0.161198 0.598586
-0.070543 0.116431 0.609290
-0.039871 0.092323 0.624319
-0.031533 0.125678 0.656073
-0.062041 0.121841 0.679737
-0.058375 0.070075 0.688013
-0.025361 0.070345 0.707582
-0.032446 0.099964 0.741835
-0.059593 0.071410 0.758646
-0.038712 0.029518 0.766620
-0.016238 0.054657 0.795098
-0.041405 0.071005 0.824552
-0.052250 0.023110 0.835946
-0.019294 0.005511 0.848475
-0.012514 0.040878 0.879366
-0.041698 0.027641 0.904869
-0.029108 -0.020541 0.912168
0.005534 -0.011530 0.926680
-0.004187 0.015029 0.963247
-0.021449 -0.029281 0.985445
0.007302 -0.064462 0.991983
0.035878 -0.096245 1.000000
0.073284 -0.104681 0.989253
0.106766 -0.112576 0.977112
0.140624 -0.096313 0.967227
0.132543 -0.101757 0.920372
0.109495 -0.059526 0.909927
0.104295 -0.019966 0.874768
0.072850 0.001792 0.867757
0.074443 0.047083 0.890185
0.102011 0.069618 0.870357
0.094551 0.063482 0.827210
0.059874 0.085949 0.830601
0.069606 0.133185 0.846377
0.090464 0.145238 0.811448
0.066526 0.137529 0.779465
0.042682 0.173133 0.792713
0.062298 0.215939 0.792396
0.068950 0.212000 0.747597
0.036053 0.197664 0.727898
0.014856 0.237798 0.741045
0.035667 0.272371 0.719680
0.036405 0.252050 0.678573
-0.002044 0.253690 0.676921
-0.009504 0.303139 0.680311
0.007021 0.316174 0.643343
-0.015652 0.286538 0.617408
-0.046266 0.310865 0.628500
-0.036393 0.359571 0.617279
-0.028699 0.346723 0.575023
-0.061502 0.329141 0.564203
-0.078226 0.373451 0.573543
-0.060495 0.401532 0.544289
-0.067416 0.374043 0.507550
-0.102738 0.381194 0.508025
-0.102035 0.434431 0.510223
-0.085018 0.438336 0.470150
-0.107012 0.411050 0.444101
-0.135681 0.441430 0.450624
-0.118044 0.485064 0.436357
-0.112353 0.466163 0.394517
-0.145132 0.457794 0.381169
-0.155380 0.507684 0.388439
-0.131606 0.532434 0.360910
-0.146924 0.500904 0.323008
-0.179201 0.470051 0.324861
-0.180149 0.421667 0.346083
-0.210634 0.394296 0.364014
-0.198899 0.344440 0.372462
-0.193442 0.304830 0.402046
-0.166798 0.279116 0.373224
-0.134616 0.300418 0.370336
-0.096015 0.294619 0.373310
-0.060741 0.302937 0.365048
-0.059968 0.280671 0.325393
-0.082922 0.316427 0.307777
-0.069501 0.363747 0.319803
-0.035339 0.354449 0.306427
-0.040679 0.339791 0.264716
-0.046336 0.387838 0.250032
-0.012373 0.407584 0.260851
0.008508 0.372673 0.240564
-0.003390 0.383476 0.200578
0.007525 0.433906 0.202374
0.042975 0.425741 0.208925
0.047706 0.400027 0.171109
0.035280 0.435901 0.142445
0.058890 0.473348 0.156884
0.089293 0.447110 0.145907
0.081856 0.441582 0.102818
0.076071 0.491505 0.091323
0.110889 0.504928 0.103938
0.128210 0.473990 0.074814
0.112189 0.493550 0.038391
0.125411 0.541817 0.043980
0.160755 0.528123 0.042975
0.157664 0.506551 0.002040
0.146503 0.551673 -0.016595
0.175395 0.580210 -0.006624
0.203174 0.553871 -0.023664
0.191380 0.551571 -0.065633
0.190373 0.603794 -0.069283
0.225671 0.611317 -0.061711
0.235122 0.580785 -0.097214
0.217450 0.610218 -0.127358
0.235251 0.654511 -0.117056
0.268652 0.635746 -0.122875
0.262855 0.624233 -0.164859
0.253181 0.671366 -0.179313
0.284661 0.695035 -0.166913
0.306807 0.664317 -0.190276
0.289662 0.672973 -0.229271
0.295213 0.723758 -0.230923
0.331085 0.721932 -0.227719
0.333661 0.687275 -0.263093
0.319725 0.725093 -0.292361
0.342538 0.764011 -0.286039
0.371582 0.736742 -0.294990
0.360902 0.723065 -0.336327
0.357576 0.773005 -0.351456
0.392288 0.784484 -0.343381
0.406107 0.743994 -0.366931
0.388564 0.754746 -0.405839
0.404058 0.802269 -0.409489
0.438068 0.784433 -0.408742
0.433079 0.750283 -0.442463
0.425220 0.786648 -0.472148
0.456349 0.813190 -0.467162
0.476762 0.768203 -0.479619
0.460167 0.750926 -0.518499
0.466983 0.797958 -0.538743
0.507036 0.787138 -0.528858
0.502749 0.726023 -0.535381
0.500629 0.687900 -0.568658
0.512446 0.637352 -0.574003
0.515643 0.593042 -0.535769
0.495851 0.535190 -0.530697
0.505982 0.494514 -0.568025
0.536560 0.456780 -0.552364
0.562184 0.419841 -0.542608
0.589963 0.415851 -0.513901
0.616653 0.394042 -0.489605
0.631035 0.380315 -0.450912
0.633764 0.430830 -0.438253
