1.000000 -0.157564 -1.000000
0.928449 -0.167380 -0.933243
0.867314 -0.126353 -0.862732
0.820489 -0.139844 -0.778706
0.743161 -0.175434 -0.725595
0.653600 -0.158117 -0.685312
0.578252 -0.177448 -0.625214
0.492715 -0.236899 -0.569262
0.390499 -0.306217 -0.540568
0.352046 -0.390536 -0.471200
0.249732 -0.468059 -0.443909
0.151864 -0.508331 -0.411722
0.066035 -0.603373 -0.455955
-0.031476 -0.635238 -0.491504
-0.101535 -0.731034 -0.546967
-0.151150 -0.829147 -0.455106
-0.151605 -0.958470 -0.402452
-0.047863 -0.988170 -0.391646
0.009151 -0.861767 -0.443289
0.119447 -0.827284 -0.423997
0.206380 -0.722024 -0.464051
0.294026 -0.672338 -0.518077
0.311127 -0.526856 -0.586825
0.325113 -0.405336 -0.655998
0.323782 -0.238560 -0.681949
0.338255 -0.086987 -0.684006
0.349580 0.065291 -0.664681
0.317455 0.210521 -0.648848
0.284713 0.368840 -0.658838
0.256482 0.515328 -0.631808
0.209560 0.654870 -0.623223
0.205990 0.786006 -0.569132
0.167667 0.693582 -0.480112
0.248694 0.575636 -0.468197
0.307655 0.431563 -0.442245
0.381900 0.324490 -0.418447
0.409287 0.176592 -0.366576
0.447415 0.075711 -0.296293
0.428043 -0.039164 -0.231201
0.424214 -0.108029 -0.125826
0.317487 -0.130179 -0.085837
0.232437 -0.247470 -0.064456
0.142421 -0.308734 -0.032301
0.061362 -0.403524 -0.010952
-0.045170 -0.451649 -0.022932
-0.134276 -0.507576 -0.047872
-0.130415 -0.457538 -0.144531
-0.062368 -0.554241 -0.179297
-0.114709 -0.681349 -0.152953
-0.197878 -0.651095 -0.207404
-0.149560 -0.659753 -0.295216
-0.121426 -0.805688 -0.284476
-0.210403 -0.878480 -0.266163
-0.281111 -0.777599 -0.330341
-0.276114 -0.635288 -0.377675
-0.331019 -0.551019 -0.282322
-0.408541 -0.433728 -0.240733
-0.492066 -0.426781 -0.290156
-0.463510 -0.326202 -0.372550
-0.365415 -0.378908 -0.383224
-0.312133 -0.441832 -0.474432
-0.254210 -0.514875 -0.541352
-0.240614 -0.491065 -0.648914
-0.125580 -0.477674 -0.624365
-0.042866 -0.440121 -0.582287
0.006425 -0.391543 -0.480830
0.049323 -0.328517 -0.400101
0.074180 -0.303448 -0.296261
0.068761 -0.177800 -0.223171
0.063536 -0.051095 -0.134053
0.151832 -0.050491 -0.067916
0.234773 0.076063 -0.093737
0.345491 0.109237 -0.129482
0.430217 0.221394 -0.177077
0.475225 0.312912 -0.259601
0.503423 0.404380 -0.332528
0.527339 0.418475 -0.437511
0.442516 0.536169 -0.472865
0.388422 0.673144 -0.520590
0.338222 0.793808 -0.560906
0.324658 0.948955 -0.577228
0.264757 0.961842 -0.482103
0.331603 0.937528 -0.404116
0.361684 1.000000 -0.297175
0.365058 0.875862 -0.220624
0.435442 0.777951 -0.286729
0.527241 0.664083 -0.304585
0.600448 0.567178 -0.293323
0.589220 0.500478 -0.193203
0.501866 0.478077 -0.149787
0.430769 0.420237 -0.084107
0.324983 0.339089 -0.083911
0.218191 0.328215 -0.090571
0.119901 0.275560 -0.126675
0.025570 0.288598 -0.169994
-0.042996 0.218525 -0.230254
-0.100529 0.358772 -0.241549
-0.133498 0.448578 -0.334585
-0.180939 0.540398 -0.397881
-0.215303 0.601158 -0.489252
-0.277477 0.727662 -0.431178
-0.343090 0.843292 -0.391744
-0.425934 0.818122 -0.331157
-0.469741 0.811578 -0.240178
-0.397313 0.731840 -0.194020
-0.330434 0.844551 -0.204302
-0.378947 0.963353 -0.159972
-0.390239 0.878530 -0.068340
-0.323847 0.751825 -0.048036
-0.352143 0.607098 -0.110027
-0.299348 0.515127 -0.172246
-0.344777 0.378002 -0.150146
-0.425512 0.426479 -0.219090
-0.401564 0.408407 -0.312648
-0.414122 0.320564 -0.395270
-0.310316 0.354795 -0.426575
-0.236493 0.283715 -0.379895
-0.150534 0.210722 -0.353257
-0.104812 0.048830 -0.320091
-0.055262 -0.075661 -0.299819
-0.115715 -0.201208 -0.312256
-0.201869 -0.162547 -0.379960
-0.254081 -0.168085 -0.462386
-0.161826 -0.125447 -0.523136
-0.076354 -0.099522 -0.459350
0.017718 -0.106066 -0.428404
0.103060 -0.121420 -0.365499
0.202259 -0.146841 -0.309122
0.246974 -0.286735 -0.337523
0.349580 -0.209414 -0.375357
0.413116 -0.086131 -0.406924
0.334491 0.017468 -0.460884
0.269105 0.163151 -0.441722
0.188662 0.277171 -0.446031
0.144563 0.434533 -0.401897
0.124477 0.560383 -0.351690
0.160593 0.670425 -0.289732
0.086219 0.664183 -0.219253
0.119869 0.501284 -0.195195
0.218126 0.555902 -0.152496
0.280138 0.555953 -0.058678
0.355291 0.572364 0.005533
0.427556 0.528165 0.075326
0.495084 0.516637 0.147241
0.567966 0.440473 0.194901
0.496447 0.370149 0.263421
0.455236 0.268966 0.179526
0.438330 0.141354 0.118024
0.384755 0.046766 0.059755
0.323231 -0.004531 0.133171
0.284551 0.130833 0.148579
0.249213 0.142462 0.053063
0.189344 0.015807 0.058580
0.136159 0.066096 0.141691
0.073012 0.163856 0.099613
0.000389 0.065240 0.078623
-0.024727 0.025623 0.171887
-0.030275 0.166423 0.210080
-0.110686 0.210773 0.156087
-0.173119 0.123937 0.207534
-0.157867 0.198540 0.294890
-0.182918 0.339139 0.266130
-0.275562 0.304304 0.234923
-0.310543 0.244249 0.320776
-0.297044 0.369494 0.378426
-0.354317 0.461968 0.322278
-0.440114 0.380418 0.327240
-0.439368 0.387365 0.434965
-0.383554 0.475812 0.498229
-0.298536 0.472389 0.545563
-0.263621 0.526303 0.655149
-0.259564 0.539391 0.753570
-0.303209 0.401913 0.798260
-0.329039 0.269922 0.752689
-0.371191 0.129927 0.712929
-0.347827 -0.008205 0.646792
-0.362170 -0.115429 0.564398
-0.324107 -0.250541 0.506684
-0.332381 -0.361138 0.426347
-0.229451 -0.419632 0.419688
-0.124444 -0.473647 0.392658
-0.091767 -0.401007 0.308274
-0.065938 -0.265341 0.270048
-0.150534 -0.191039 0.301614
-0.132167 -0.209514 0.399710
-0.041763 -0.139189 0.404019
-0.072168 0.001359 0.372386
-0.140247 0.020086 0.444497
-0.076062 0.021696 0.518795
-0.020184 0.140649 0.491243
-0.095240 0.243192 0.488501
-0.128630 0.236748 0.581047
-0.042184 0.284219 0.620611
-0.032677 0.419532 0.568610
-0.124607 0.475258 0.610851
-0.152935 0.408910 0.708195
-0.179252 0.277926 0.748935
-0.188727 0.184244 0.829925
-0.230457 0.050541 0.761176
-0.223124 -0.108533 0.712798
-0.266736 -0.236345 0.660600
-0.259597 -0.396627 0.616335
-0.287601 -0.518147 0.540601
-0.277963 -0.702190 0.518370
-0.236331 -0.848377 0.507631
-0.136613 -0.809313 0.542396
-0.058020 -0.806242 0.601906
0.003375 -0.736119 0.536684
-0.046760 -0.600050 0.534235
-0.042217 -0.574377 0.634714
0.054743 -0.561339 0.636836
0.056917 -0.439315 0.574290
0.004673 -0.345180 0.633408
0.071292 -0.339542 0.707281
0.148392 -0.276466 0.658446
0.087257 -0.137025 0.629621
-0.006100 -0.114120 0.698794
-0.071389 -0.192348 0.752036
-0.129669 -0.216109 0.832732
-0.190901 -0.340649 0.772635
-0.239219 -0.502391 0.754876
-0.296103 -0.624918 0.689588
-0.333550 -0.763252 0.659752
-0.391050 -0.857337 0.594268
-0.479800 -0.970199 0.577685
-0.590031 -0.964561 0.610753
-0.634260 -0.828744 0.620024
-0.686764 -0.697005 0.610263
-0.699289 -0.545079 0.618131
-0.717948 -0.549912 0.719294
-0.626732 -0.600604 0.746683
-0.577928 -0.480443 0.711786
-0.622319 -0.373219 0.767248
-0.595645 -0.433828 0.856823
-0.496090 -0.427939 0.843635
-0.490184 -0.276416 0.831655
-0.530876 -0.238963 0.919565
-0.464322 -0.316386 0.977900
-0.381867 -0.233073 0.949304
-0.420125 -0.082809 0.965104
-0.514391 -0.038258 1.000000
-0.547620 -0.010571 0.883722
-0.547685 0.051699 0.788434
-0.520719 0.123937 0.702483
-0.515689 0.225271 0.624333
-0.462959 0.094387 0.563125
-0.454262 -0.000705 0.469698
-0.397313 -0.111050 0.402190
-0.400623 -0.212283 0.316631
-0.335886 -0.346287 0.276870
-0.404744 -0.464435 0.230516
-0.505662 -0.489655 0.205184
-0.571957 -0.547345 0.275695
-0.657072 -0.552278 0.324530
-0.619236 -0.558168 0.417696
-0.575883 -0.414800 0.411690
-0.659636 -0.335666 0.399024
-0.701399 -0.380569 0.483833
-0.631210 -0.325245 0.545236
-0.644125 -0.176542 0.519187
-0.737126 -0.164259 0.554834
-0.714573 -0.202265 0.652701
-0.634585 -0.101787 0.671863
-0.663757 0.046715 0.659490
-0.704579 0.182280 0.684496
-0.752961 0.311905 0.670132
-0.695623 0.383388 0.594170
-0.635591 0.282155 0.532179
-0.574553 0.167430 0.466075
-0.561346 0.081248 0.372484
-0.489795 0.012233 0.304030
-0.461823 -0.051548 0.207012
-0.382938 -0.160685 0.167415
-0.428108 -0.291014 0.135489
-0.465263 -0.409464 0.070136
-0.557225 -0.494538 0.033999
-0.649414 -0.486886 -0.011572
-0.736866 -0.421948 -0.037230
-0.778045 -0.486031 0.059722
-0.824123 -0.448477 0.165456
-0.854139 -0.462220 0.266000
-0.893565 -0.337226 0.344606
-0.920628 -0.218223 0.409274
-0.958400 -0.080242 0.388872
-1.000000 -0.056078 0.476815
-0.913457 -0.039315 0.529176
-0.887594 0.090209 0.478643
-0.967583 0.183891 0.479948
-0.982347 0.196929 0.581341
-0.876691 0.259854 0.587413
-0.812019 0.300982 0.518175
-0.758185 0.212384 0.450536
-0.696434 0.212333 0.372452
-0.663725 0.170853 0.269036
-0.561995 0.160987 0.213018
-0.493883 0.147043 0.134575
-0.407405 0.108382 0.068144
-0.332089 0.162799 -0.008798
-0.244346 0.195923 0.031224
-0.215173 0.375787 0.010332
-0.176850 0.543771 0.042519
-0.095694 0.602517 0.090408
-0.004056 0.504354 0.115837
0.089204 0.547496 0.095565
0.103774 0.651095 0.166827
0.083136 0.554996 0.244520
0.152351 0.449484 0.227317
0.228380 0.545029 0.235086
0.213356 0.588069 0.328676
0.217283 0.447017 0.373366
0.312912 0.416562 0.340395
0.359477 0.544626 0.376630
0.323361 0.522477 0.476586
0.280559 0.392550 0.514682
0.179122 0.357111 0.514812
0.215433 0.204581 0.458926
0.224746 0.032620 0.433692
0.239446 -0.076617 0.350972
0.303242 -0.192701 0.368567
0.238083 -0.306066 0.396706
0.206769 -0.344777 0.300863
0.289353 -0.429952 0.274357
0.315345 -0.589680 0.244030
0.352111 -0.557664 0.132551
0.423922 -0.581727 0.041017
0.442451 -0.565014 -0.074183
0.444722 -0.558973 -0.173258
0.402083 -0.584948 -0.261038
0.425090 -0.737981 -0.267207
0.348541 -0.760081 -0.184585
0.250901 -0.761389 -0.201038
0.232047 -0.906720 -0.174760
0.260441 -0.888548 -0.078297
0.195314 -0.775485 -0.055772
0.112470 -0.862069 -0.075163
0.137457 -0.978052 -0.010528
0.133238 -0.880040 0.069711
0.038777 -0.839517 0.063999
-0.004965 -0.980116 0.072192
0.021774 -1.000000 0.171463
0.034429 -0.883614 0.240505
0.133206 -0.828241 0.250951
0.106824 -0.657740 0.276805
0.099101 -0.499673 0.224052
0.186423 -0.465794 0.159450
0.233410 -0.455323 0.059037
0.318266 -0.424918 -0.008471
0.368303 -0.360131 -0.097361
0.457442 -0.331941 -0.159809
0.489243 -0.241681 -0.246740
0.595418 -0.230909 -0.224248
0.691209 -0.276667 -0.227480
0.725833 -0.156255 -0.163693
0.638154 -0.193758 -0.085772
0.607100 -0.278933 0.007329
0.573223 -0.174125 0.081071
0.505273 -0.068915 0.116523
