0.606075 0.441290 -0.240985
0.618359 0.382482 -0.218713
0.654511 0.353249 -0.187998
0.651669 0.304419 -0.166833
0.678309 0.268813 -0.140299
0.696207 0.219932 -0.126684
0.703609 0.192271 -0.085709
0.725601 0.146140 -0.065255
0.736168 0.110637 -0.030178
0.776719 0.079114 -0.013854
0.759483 0.031907 -0.034821
0.788287 0.045165 -0.081380
0.842534 0.037221 -0.064577
0.841837 -0.014804 -0.054730
0.832146 -0.030318 -0.105635
0.895422 -0.023928 -0.119414
0.922581 -0.075150 -0.099340
0.897210 -0.118017 -0.128188
0.938333 -0.130404 -0.172533
0.962685 -0.187316 -0.160423
0.929501 -0.223725 -0.197697
0.923404 -0.244125 -0.247230
0.897049 -0.231328 -0.299424
0.903164 -0.228577 -0.352791
0.885320 -0.198011 -0.391503
0.874664 -0.191092 -0.443399
0.861558 -0.168300 -0.488207
0.827944 -0.162098 -0.532371
0.809260 -0.138537 -0.575147
0.773411 -0.109458 -0.609530
0.745465 -0.121315 -0.650604
0.718038 -0.110756 -0.699345
0.668118 -0.143253 -0.727466
0.619253 -0.173255 -0.742418
0.571514 -0.211799 -0.736074
0.523489 -0.227808 -0.708316
0.477664 -0.237427 -0.677502
0.471495 -0.266148 -0.634776
0.427672 -0.286035 -0.605912
0.422827 -0.307477 -0.558195
0.398296 -0.343972 -0.520855
0.372496 -0.374845 -0.482887
0.351863 -0.420737 -0.462945
0.326491 -0.394630 -0.419690
0.296150 -0.349747 -0.451561
0.303033 -0.326083 -0.498517
0.340026 -0.284993 -0.504366
0.372871 -0.247576 -0.529232
0.427797 -0.223947 -0.545011
0.472944 -0.191519 -0.562293
0.514871 -0.231174 -0.533726
0.549129 -0.261398 -0.505721
0.547126 -0.231208 -0.463639
0.493165 -0.248362 -0.452470
0.507094 -0.299943 -0.441334
0.536506 -0.304880 -0.398838
0.489107 -0.293638 -0.367975
0.454402 -0.337650 -0.394245
0.485835 -0.386532 -0.394873
0.478629 -0.398799 -0.339408
0.471406 -0.435686 -0.302696
0.481723 -0.415987 -0.246933
0.483314 -0.410776 -0.193401
0.499173 -0.368968 -0.162042
0.533252 -0.329483 -0.177292
0.560357 -0.296116 -0.135623
0.609830 -0.273477 -0.124801
0.584495 -0.231550 -0.095358
0.586891 -0.216669 -0.044040
0.588232 -0.194594 0.003990
0.612047 -0.178312 0.049030
0.567259 -0.180465 0.079365
0.542281 -0.211440 0.113500
0.488302 -0.191861 0.099836
0.481651 -0.212551 0.047163
0.490108 -0.248977 0.010087
0.503232 -0.231806 -0.041049
0.504483 -0.243424 -0.096415
0.526565 -0.238008 -0.152855
0.540851 -0.231567 -0.204917
0.573785 -0.177919 -0.189287
0.598441 -0.132403 -0.177887
0.551417 -0.103854 -0.182711
0.524330 -0.126714 -0.143421
0.562485 -0.111798 -0.108857
0.561055 -0.060030 -0.112640
0.506361 -0.056732 -0.103817
0.517678 -0.076004 -0.054086
0.550881 -0.040843 -0.033416
0.513191 -0.004058 -0.030194
0.485012 -0.029720 0.010797
0.528603 -0.016974 0.045544
0.524956 0.034777 0.045180
0.512744 0.084735 0.056184
0.518680 0.102692 0.007361
0.496402 0.138708 -0.035168
0.507112 0.164404 -0.081628
0.446625 0.185283 -0.081248
0.416444 0.231345 -0.081165
0.381543 0.275835 -0.084751
0.361857 0.326203 -0.090980
0.310811 0.314312 -0.058943
0.340884 0.275066 -0.017720
0.361214 0.232114 0.010649
0.369546 0.194133 -0.025403
0.401836 0.146721 -0.031186
0.434288 0.105238 -0.064230
0.460285 0.065292 -0.093375
0.436183 0.089263 -0.145982
0.417785 0.110671 -0.190113
0.367150 0.086204 -0.187123
0.351934 0.113541 -0.143983
0.355564 0.160509 -0.165660
0.319393 0.155024 -0.203314
0.276571 0.142535 -0.172038
0.282347 0.194765 -0.148064
0.272852 0.227108 -0.185883
0.220197 0.205853 -0.189303
0.207753 0.238880 -0.141670
0.217104 0.291161 -0.166387
0.183168 0.292066 -0.205892
0.132086 0.309015 -0.224050
0.144494 0.297363 -0.279234
0.143726 0.242211 -0.286966
0.125023 0.197909 -0.302580
0.096184 0.154939 -0.297293
0.071009 0.110414 -0.307008
0.021768 0.094474 -0.327809
-0.028169 0.069973 -0.341407
-0.073012 0.059432 -0.368685
-0.100797 0.030062 -0.330238
-0.090534 0.073920 -0.285033
-0.051163 0.111354 -0.271617
0.000760 0.098438 -0.253459
0.053952 0.116599 -0.232906
0.117550 0.113951 -0.238903
0.173477 0.118615 -0.226545
0.182650 0.062866 -0.252534
0.191446 0.018051 -0.279118
0.172816 -0.012378 -0.238639
0.121251 0.004673 -0.238738
0.109039 -0.006655 -0.287099
0.118801 -0.058885 -0.286025
0.081236 -0.067974 -0.249411
0.037216 -0.048787 -0.276177
0.039344 -0.082804 -0.314922
0.028169 -0.124117 -0.282836
-0.026328 -0.105818 -0.277119
-0.041972 -0.110021 -0.325761
-0.035464 -0.160235 -0.329875
-0.070795 -0.174485 -0.292667
-0.115512 -0.149318 -0.322291
-0.108985 -0.176227 -0.371792
-0.082005 -0.227894 -0.366604
-0.033766 -0.231123 -0.341969
-0.007948 -0.269138 -0.312972
0.044851 -0.238880 -0.309932
0.093734 -0.217779 -0.295029
0.133284 -0.178722 -0.303984
0.171564 -0.207938 -0.265438
0.163912 -0.267993 -0.279631
0.123396 -0.296423 -0.306380
0.074531 -0.310416 -0.286520
0.022019 -0.334421 -0.279069
-0.041525 -0.338265 -0.268561
-0.099259 -0.339632 -0.258284
-0.099187 -0.279389 -0.238755
-0.100546 -0.233207 -0.216268
-0.086833 -0.251864 -0.170319
-0.036269 -0.268694 -0.181819
-0.019087 -0.220581 -0.198358
-0.027079 -0.195209 -0.154128
0.007608 -0.226339 -0.127560
0.051484 -0.215865 -0.157779
0.051824 -0.163242 -0.150278
0.057134 -0.171187 -0.099241
0.107126 -0.193210 -0.106345
0.130995 -0.150975 -0.128089
0.126543 -0.120478 -0.086172
0.156778 -0.162696 -0.054036
0.198884 -0.180567 -0.096052
0.254454 -0.186649 -0.104495
0.261338 -0.241869 -0.104412
0.276410 -0.287505 -0.076258
0.260212 -0.314329 -0.026146
0.257726 -0.326784 0.024180
0.257261 -0.291964 0.061669
0.248447 -0.285916 0.109898
0.239042 -0.268284 0.157895
0.275052 -0.260219 0.197746
0.228421 -0.235240 0.228825
0.191929 -0.228389 0.267288
0.157940 -0.224425 0.314559
0.139327 -0.225843 0.365398
0.077928 -0.222478 0.343654
0.084097 -0.255333 0.290254
0.093537 -0.273033 0.240324
0.126651 -0.234813 0.219936
0.165950 -0.227945 0.179737
0.219660 -0.200694 0.157036
0.269330 -0.174997 0.138712
0.277787 -0.140809 0.189254
0.282883 -0.104964 0.227338
0.245067 -0.071460 0.203942
0.199421 -0.103614 0.208849
0.200154 -0.105955 0.258829
0.195416 -0.054443 0.267222
0.146461 -0.051316 0.242274
0.120536 -0.088238 0.275847
0.120017 -0.069905 0.323315
0.076158 -0.038570 0.316178
0.039416 -0.077833 0.326422
0.058189 -0.083898 0.378434
0.059638 -0.032385 0.396393
0.034535 0.011387 0.376005
0.063857 0.051572 0.356195
0.059638 0.111115 0.345141
0.097078 0.148652 0.327314
0.056723 0.172657 0.293311
0.030422 0.219112 0.283216
0.000939 0.263910 0.272691
-0.016333 0.316550 0.265934
-0.076659 0.304658 0.255591
-0.080146 0.257468 0.297309
-0.078751 0.209612 0.323547
-0.044672 0.176227 0.297276
-0.012006 0.126406 0.299986
0.039988 0.095208 0.283712
0.084848 0.063430 0.269056
0.095451 0.096849 0.218416
0.104694 0.127226 0.177887
0.066593 0.102863 0.146941
0.024003 0.122528 0.175921
0.034713 0.172810 0.171509
0.033623 0.178158 0.121083
-0.018908 0.160321 0.116044
-0.041096 0.198028 0.145354
-0.025559 0.241306 0.121942
-0.048463 0.228116 0.077018
-0.105106 0.220598 0.097787
-0.111435 0.264251 0.136135
-0.069364 0.303445 0.112657
-0.075997 0.330543 0.069633
-0.079877 0.378006 0.093177
-0.029564 0.378245 0.115367
-0.002619 0.371667 0.069881
-0.019390 0.421847 0.053706
-0.000492 0.455386 0.087692
0.053398 0.440726 0.084156
0.049571 0.457829 0.028790
0.035482 0.513579 0.036522
0.080163 0.530664 0.062115
0.121680 0.559829 0.074193
0.162106 0.584979 0.098993
0.170456 0.631246 0.122322
0.218141 0.659505 0.134400
0.177554 0.707242 0.147684
0.157654 0.708472 0.202786
0.193145 0.733690 0.238887
0.164967 0.789918 0.227503
0.103586 0.783767 0.252633
0.078805 0.793608 0.309271
0.052933 0.835211 0.333642
0.011935 0.824448 0.372948
-0.021751 0.845326 0.408801
-0.041883 0.840286 0.464647
-0.062141 0.855338 0.514478
-0.037717 0.864530 0.568109
-0.031423 0.891115 0.619427
0.020660 0.916350 0.649943
0.062516 0.950589 0.667622
0.114725 0.971946 0.676495
0.180218 0.976798 0.658651
0.235126 0.998872 0.638841
0.299869 0.991286 0.629472
0.349717 1.000000 0.602211
0.407790 0.991594 0.581244
0.466453 0.984059 0.564243
0.522810 0.963010 0.566159
0.577057 0.935075 0.540847
0.632841 0.935332 0.530901
0.686695 0.898906 0.513767
0.732234 0.857405 0.496204
0.776826 0.814965 0.491627
0.794008 0.759096 0.506365
0.818718 0.701843 0.489893
0.838565 0.650313 0.489331
0.823528 0.590036 0.503623
0.848005 0.533688 0.500962
0.833272 0.478776 0.527233
0.809260 0.426323 0.557733
0.783638 0.377442 0.577113
0.775700 0.331517 0.607795
0.728694 0.301634 0.644260
0.702000 0.277339 0.683500
0.657783 0.274861 0.728903
0.622900 0.264986 0.768788
0.562896 0.252052 0.794926
0.516659 0.234044 0.836926
0.466614 0.249985 0.857711
0.406789 0.247081 0.887104
0.360034 0.238111 0.926691
0.295434 0.250737 0.933944
0.240955 0.237752 0.963717
0.175283 0.238606 0.974969
0.111506 0.218445 0.987278
0.051502 0.201514 0.987988
-0.002226 0.161671 1.000000
-0.043600 0.121264 0.986617
-0.076927 0.064865 0.988005
-0.105499 0.010448 0.993804
-0.134053 -0.042790 0.973597
-0.157797 -0.100214 0.967600
-0.181452 -0.142467 0.934671
-0.174943 -0.202846 0.918099
-0.177214 -0.255657 0.904353
-0.168793 -0.305906 0.867740
-0.162750 -0.368729 0.864105
-0.154310 -0.420087 0.831275
-0.138237 -0.475666 0.814092
-0.118247 -0.513664 0.775182
-0.079520 -0.564664 0.758561
-0.033265 -0.599911 0.742319
0.009521 -0.638832 0.732373
0.066897 -0.663059 0.709126
0.133695 -0.658941 0.706730
0.189641 -0.675514 0.695875
0.251200 -0.665058 0.680510
0.317534 -0.657797 0.685466
0.366667 -0.613648 0.680096
0.419036 -0.581971 0.689944
0.459963 -0.529366 0.684442
0.483207 -0.477340 0.676181
0.507809 -0.427058 0.670381
0.500299 -0.365687 0.649216
0.497653 -0.316276 0.623210
0.470512 -0.271752 0.587787
0.451917 -0.224682 0.561120
0.425330 -0.185334 0.534255
0.411938 -0.132967 0.522854
0.390590 -0.083795 0.518393
0.364432 -0.049420 0.487414
0.353847 -0.000709 0.473205
0.329191 0.040279 0.446026
0.344961 0.081677 0.419937
0.332141 0.127500 0.393171
0.332410 0.154546 0.346546
0.345730 0.207220 0.339061
0.351630 0.248516 0.301589
0.387586 0.292169 0.292419
0.423113 0.332422 0.276624
0.474821 0.358734 0.273071
0.517124 0.389026 0.251245
0.555530 0.418122 0.221307
0.600998 0.446689 0.211361
0.634468 0.488754 0.196474
0.675252 0.512861 0.160439
0.715696 0.553268 0.150030
0.745483 0.582552 0.105817
0.769799 0.638268 0.104825
0.818307 0.667621 0.072376
0.841211 0.706678 0.039563
0.877882 0.732631 0.006303
0.900536 0.756448 -0.048914
0.925120 0.775378 -0.095143
0.953531 0.782640 -0.146362
0.977311 0.780965 -0.202852
0.984874 0.760565 -0.261489
1.000000 0.762428 -0.316508
0.987592 0.738440 -0.371792
0.980994 0.730051 -0.428628
0.948507 0.716468 -0.480293
0.921383 0.717100 -0.533247
0.899659 0.718142 -0.581409
0.890809 0.697725 -0.640096
0.848595 0.704166 -0.686854
0.834631 0.699075 -0.747953
0.823188 0.683766 -0.800279
0.804093 0.660274 -0.856075
0.780938 0.614451 -0.896918
0.763899 0.582125 -0.941825
0.725976 0.529724 -0.959025
0.698567 0.488207 -0.991342
0.662021 0.430151 -1.000000
0.618430 0.381372 -0.999934
0.580329 0.340247 -0.980950
0.529783 0.299481 -0.969533
0.465559 0.289879 -0.949954
0.415425 0.279269 -0.918264
0.351845 0.287744 -0.896521
0.305554 0.294202 -0.861610
0.258924 0.327741 -0.830928
0.209755 0.356615 -0.802344
0.167917 0.372368 -0.762427
0.130834 0.415064 -0.729366
0.094396 0.430800 -0.689134
0.068273 0.464356 -0.640344
0.051931 0.477648 -0.588927
0.051717 0.507872 -0.533941
0.046049 0.537994 -0.488025
0.016369 0.540522 -0.433519
-0.002137 0.553507 -0.378731
-0.034356 0.537942 -0.334831
-0.044744 0.504882 -0.282720
-0.058690 0.474556 -0.238408
-0.043135 0.424700 -0.203595
-0.044708 0.388274 -0.165660
-0.011631 0.336352 -0.149468
-0.006607 0.296679 -0.111699
0.015439 0.245987 -0.111170
-0.007214 0.212397 -0.065023
-0.030154 0.163191 -0.060397
-0.062963 0.122357 -0.030475
-0.084544 0.070435 -0.033598
-0.114474 0.053298 0.008914
-0.165789 0.037135 -0.026939
-0.164001 -0.003033 -0.066841
-0.180611 -0.046122 -0.025419
-0.240937 -0.035375 -0.001710
-0.285297 -0.056305 -0.041958
-0.320663 -0.108843 -0.032144
-0.371888 -0.131686 -0.018530
-0.386603 -0.185436 -0.013788
-0.442888 -0.193620 -0.000240
-0.480060 -0.240622 -0.007988
-0.521827 -0.276365 -0.002767
-0.562252 -0.313304 -0.010401
-0.603841 -0.335497 -0.047130
-0.655692 -0.370215 -0.052615
-0.707900 -0.377237 -0.079976
-0.749077 -0.405684 -0.111352
-0.789360 -0.438300 -0.133210
-0.830555 -0.466935 -0.163132
-0.895940 -0.460887 -0.171691
-0.934417 -0.448517 -0.212715
-0.970928 -0.425794 -0.259903
-0.992294 -0.420258 -0.311469
-1.000000 -0.392990 -0.360325
-0.999428 -0.392460 -0.423853
-0.968532 -0.396339 -0.471718
-0.956552 -0.417678 -0.530157
-0.928857 -0.444793 -0.570736
-0.896638 -0.470045 -0.611513
-0.858912 -0.519268 -0.635040
-0.813247 -0.554686 -0.648308
-0.782333 -0.612076 -0.644706
-0.750221 -0.666117 -0.650406
-0.711172 -0.713597 -0.658403
-0.660430 -0.753953 -0.667787
-0.617411 -0.791831 -0.666168
-0.559678 -0.816930 -0.641732
-0.517106 -0.865589 -0.627324
-0.464987 -0.889287 -0.602971
-0.425974 -0.916452 -0.573792
-0.373819 -0.927712 -0.534519
-0.328279 -0.964497 -0.503556
-0.279003 -0.973039 -0.460698
-0.226884 -0.986759 -0.434262
-0.180343 -0.983820 -0.389140
-0.151682 -0.991389 -0.331626
-0.125274 -1.000000 -0.275120
-0.092036 -0.982932 -0.222133
-0.098812 -0.990466 -0.159167
-0.108699 -0.969964 -0.107304
-0.130030 -0.967111 -0.046700
-0.158137 -0.958688 0.008600
-0.171010 -0.916640 0.054730
-0.218355 -0.903553 0.098580
-0.236146 -0.881120 0.145553
-0.273657 -0.832512 0.171740
-0.305536 -0.794924 0.208106
-0.324525 -0.736543 0.232195
-0.357656 -0.681938 0.235054
-0.390912 -0.630306 0.247957
-0.407433 -0.579648 0.266644
-0.418840 -0.516569 0.255426
-0.444390 -0.462989 0.255409
-0.423560 -0.404591 0.271023
-0.457817 -0.353044 0.255525
-0.497403 -0.309271 0.257441
-0.485638 -0.245509 0.262695
-0.478576 -0.185095 0.252749
-0.497993 -0.135940 0.249230
-0.462466 -0.087691 0.266793
-0.450987 -0.037221 0.280903
-0.409900 -0.004912 0.300994
-0.400585 0.042500 0.321366
-0.370440 0.080207 0.344613
-0.343906 0.111029 0.377690
-0.343566 0.161910 0.399235
-0.300566 0.197362 0.401713
-0.307575 0.245406 0.431404
-0.275624 0.272282 0.468628
-0.217694 0.303770 0.464465
-0.210631 0.366713 0.458104
-0.184098 0.411698 0.472032
