-0.135064 0.188391 -0.372113
-0.038013 0.230158 -0.408642
0.063566 0.267823 -0.472040
0.181794 0.285867 -0.482601
0.269006 0.350662 -0.546449
0.400217 0.379905 -0.559676
0.500748 0.444984 -0.604377
0.632595 0.465773 -0.613448
0.700314 0.454606 -0.705550
0.683066 0.426908 -0.810602
0.693655 0.381073 -0.914615
0.579018 0.373028 -0.950521
0.466066 0.384732 -0.984730
0.351018 0.382776 -0.975901
0.334556 0.287981 -1.000000
0.384279 0.250505 -0.911430
0.316485 0.296561 -0.841903
0.215804 0.260315 -0.874762
0.240871 0.166246 -0.863855
0.259241 0.172965 -0.758145
0.153547 0.204132 -0.733112
0.090504 0.125773 -0.768637
0.106929 0.059085 -0.688550
0.016238 0.115678 -0.625879
-0.096715 0.117760 -0.653232
-0.144231 0.069621 -0.571137
-0.153996 0.139779 -0.498528
-0.205403 0.213943 -0.579897
-0.301519 0.228644 -0.645407
-0.324416 0.328076 -0.642983
-0.192757 0.362019 -0.666390
-0.095630 0.423060 -0.719573
0.028734 0.465237 -0.715003
0.123092 0.526877 -0.767494
0.231555 0.590568 -0.735120
0.313753 0.662145 -0.718015
0.383680 0.733312 -0.682733
0.432206 0.818738 -0.683771
0.547815 0.797035 -0.717357
0.530081 0.688202 -0.749351
0.531839 0.617855 -0.826460
0.556196 0.546151 -0.738790
0.438379 0.560252 -0.687407
0.331300 0.497697 -0.644715
0.207460 0.461893 -0.640109
0.120361 0.385899 -0.602957
-0.009653 0.359274 -0.587376
-0.101092 0.302808 -0.536546
-0.220929 0.300915 -0.501056
-0.301070 0.304227 -0.413213
-0.400853 0.340158 -0.366019
-0.412975 0.362839 -0.252934
-0.387272 0.471546 -0.259582
-0.430522 0.524669 -0.340466
-0.461239 0.529148 -0.443059
-0.405156 0.622208 -0.466362
-0.287339 0.625237 -0.411482
-0.216028 0.539306 -0.423912
-0.122269 0.562997 -0.490426
0.004303 0.546782 -0.522004
0.034271 0.624953 -0.459160
0.034009 0.696467 -0.386413
-0.004153 0.804196 -0.377930
-0.007595 0.904511 -0.335203
0.007820 1.000000 -0.323742
0.088035 0.993407 -0.244140
0.156802 0.918517 -0.313528
0.215242 0.908738 -0.406911
0.297478 0.843628 -0.356878
0.218086 0.760599 -0.348049
0.209368 0.649968 -0.358506
0.129976 0.561325 -0.353104
0.127095 0.458391 -0.324677
0.029819 0.392050 -0.275406
-0.007296 0.307003 -0.201828
-0.111643 0.324953 -0.118140
-0.139068 0.361546 -0.001523
-0.171131 0.437445 0.071258
-0.232154 0.451956 0.162252
-0.185872 0.550694 0.177348
-0.214457 0.625457 0.115785
-0.287900 0.668864 0.185416
-0.210154 0.684353 0.261210
-0.137870 0.737855 0.201759
-0.211913 0.805489 0.176760
-0.233201 0.835426 0.276999
-0.126983 0.852334 0.316263
-0.097725 0.913691 0.222326
-0.160506 0.945489 0.140646
-0.179026 0.912240 0.038468
-0.199117 0.915489 -0.071639
-0.256024 0.867602 -0.153457
-0.286553 0.819274 -0.256258
-0.325427 0.721577 -0.206226
-0.335079 0.618991 -0.171358
-0.229385 0.582334 -0.148852
-0.146289 0.548296 -0.084311
-0.052941 0.588896 -0.134829
-0.050097 0.679117 -0.098854
0.019044 0.666025 -0.015927
0.119500 0.672082 -0.066307
0.116844 0.768391 -0.080295
0.107677 0.794637 0.024030
0.200614 0.748707 0.061632
0.279707 0.789054 -0.001316
0.262309 0.880757 0.027492
0.280156 0.865899 0.135660
0.369126 0.775331 0.140300
0.386898 0.696278 0.073058
0.398234 0.597823 0.088847
0.384541 0.588486 0.194107
0.279744 0.624006 0.197188
0.229684 0.565489 0.130189
0.247231 0.474890 0.170216
0.202484 0.490852 0.269901
0.087362 0.515237 0.229320
0.041155 0.428296 0.191545
-0.059039 0.372334 0.171566
-0.019119 0.287035 0.090267
0.008343 0.268328 -0.021918
0.121483 0.281483 -0.096361
0.171880 0.337981 -0.191302
0.265976 0.410599 -0.240885
0.290781 0.507792 -0.293480
0.358575 0.599495 -0.285378
0.380762 0.699022 -0.325196
0.462287 0.782271 -0.331187
0.500187 0.864164 -0.384128
0.552342 0.912492 -0.302344
0.623204 0.830347 -0.272082
0.634541 0.743249 -0.314082
0.552267 0.659621 -0.285413
0.524656 0.559653 -0.245005
0.439951 0.484353 -0.202832
0.409458 0.399811 -0.136145
0.309339 0.333943 -0.089263
0.260738 0.260189 -0.002874
0.218872 0.201388 0.073716
0.236344 0.125773 0.139192
0.198219 0.054259 0.056577
0.157438 0.068549 -0.044181
0.059077 0.088296 -0.089713
0.136823 0.134132 -0.163118
0.215430 0.136120 -0.247498
0.348399 0.139464 -0.276826
0.444029 0.159811 -0.357952
0.568355 0.160379 -0.404418
0.664808 0.209369 -0.466258
0.796805 0.229022 -0.462103
0.908560 0.279874 -0.482116
1.000000 0.340473 -0.480420
0.944066 0.414227 -0.539351
0.814876 0.414543 -0.527613
0.729422 0.353218 -0.537066
0.596154 0.339495 -0.526401
0.499776 0.271609 -0.492054
0.370884 0.256151 -0.464942
0.277686 0.179621 -0.421350
0.207011 0.102524 -0.398393
0.282550 0.041325 -0.477373
0.362055 -0.000631 -0.538797
0.310536 0.014038 -0.635054
0.348511 0.109779 -0.641702
0.472875 0.074984 -0.655275
0.504826 0.010568 -0.734289
0.513245 0.085615 -0.816107
0.606143 0.135994 -0.790312
0.713858 0.192208 -0.812126
0.844508 0.210126 -0.811018
0.956338 0.216372 -0.829715
0.981405 0.155899 -0.740071
0.868004 0.090505 -0.754406
0.792240 0.017382 -0.775596
0.778958 0.006183 -0.656037
0.720069 0.030000 -0.570860
0.687107 0.036814 -0.468890
0.592600 0.009306 -0.397701
0.534458 0.044448 -0.293757
0.490385 0.078675 -0.205291
0.456787 0.136782 -0.125480
0.432019 0.142208 -0.020498
0.376946 0.158360 0.071500
0.407849 0.244732 0.117794
0.445675 0.317539 0.030401
0.532288 0.385205 -0.023995
0.586239 0.455142 -0.105987
0.673750 0.518013 -0.152419
0.700726 0.582681 -0.249610
0.746259 0.628454 -0.338215
0.749177 0.688328 -0.429625
0.799125 0.715489 -0.525674
0.800322 0.747161 -0.627367
0.774207 0.649968 -0.663689
0.713559 0.586719 -0.592743
0.773683 0.550915 -0.507877
0.817682 0.508423 -0.403275
0.831413 0.493028 -0.281084
0.844620 0.466088 -0.181123
0.840467 0.486120 -0.068869
0.738215 0.418738 -0.024757
0.683852 0.350031 0.055573
0.583321 0.334448 0.131228
0.521064 0.311041 0.220456
0.412189 0.332208 0.273744
0.380537 0.222397 0.305633
0.322172 0.147129 0.376337
0.241694 0.092492 0.426613
0.263581 0.136341 0.525363
0.229348 0.228959 0.510474
0.179400 0.311293 0.505661
0.156577 0.389369 0.446903
0.131136 0.483281 0.433849
0.016163 0.472461 0.422285
-0.019755 0.466782 0.523770
-0.047179 0.562208 0.533015
-0.150741 0.544606 0.459679
-0.236681 0.489653 0.498494
-0.345069 0.448833 0.529483
-0.327222 0.392997 0.615110
-0.319066 0.368076 0.713029
-0.263694 0.337161 0.794779
-0.212324 0.267287 0.847235
-0.173975 0.210315 0.926561
-0.101354 0.169779 0.998546
-0.060498 0.069180 0.983622
-0.088521 -0.040883 0.996399
-0.195301 -0.069022 1.000000
-0.279931 -0.103565 0.940376
-0.338970 -0.018391 0.934005
-0.257632 0.031956 0.885980
-0.250823 -0.023943 0.799626
-0.359773 -0.018707 0.767910
-0.361232 0.077350 0.755237
-0.277350 0.085615 0.683633
-0.324117 0.027981 0.610055
-0.417053 0.082555 0.594647
-0.367330 0.164006 0.565112
-0.302342 0.128801 0.484540
-0.386561 0.087792 0.425539
-0.446498 0.166940 0.409543
-0.360783 0.215710 0.361102
-0.338035 0.156940 0.280669
-0.446461 0.171325 0.240608
-0.463559 0.267539 0.235726
-0.378704 0.293344 0.167411
-0.429138 0.234574 0.087635
-0.506585 0.301830 0.044147
-0.451287 0.345773 -0.038053
-0.543288 0.362208 -0.134414
-0.604460 0.343028 -0.236661
-0.620024 0.234259 -0.220629
-0.633306 0.143281 -0.188324
-0.635177 0.063691 -0.114054
-0.571124 -0.029748 -0.076348
-0.533747 -0.137760 -0.049098
-0.492742 -0.218580 -0.007479
-0.528696 -0.325016 0.018836
-0.497643 -0.412744 0.074063
-0.508418 -0.427445 0.182508
-0.431832 -0.377413 0.251065
-0.401601 -0.302366 0.308438
-0.379602 -0.230568 0.235622
-0.479460 -0.227603 0.183027
-0.545271 -0.214069 0.271597
-0.501983 -0.129148 0.303279
-0.524768 -0.083722 0.211973
-0.638020 -0.096057 0.201586
-0.668999 -0.059464 0.298154
-0.619762 0.026625 0.286451
-0.672591 0.051703 0.197362
-0.777911 0.053785 0.235968
-0.758867 0.122271 0.306049
-0.722538 0.191609 0.236384
-0.819590 0.194574 0.176898
-0.888132 0.223754 0.256882
-0.830477 0.305300 0.279215
-0.840654 0.337003 0.171497
-0.922778 0.310631 0.100724
-0.928914 0.242650 0.025588
-1.000000 0.199432 -0.056923
-0.937032 0.107319 -0.063329
-0.879602 0.023281 -0.052837
-0.801444 -0.045047 -0.047436
-0.720218 -0.106972 -0.090682
-0.679587 -0.210063 -0.100931
-0.585117 -0.287224 -0.122399
-0.560648 -0.386530 -0.167307
-0.493976 -0.481230 -0.192964
-0.512496 -0.585394 -0.251272
-0.568542 -0.672050 -0.246875
-0.635251 -0.733722 -0.200132
-0.614150 -0.728360 -0.092725
-0.554998 -0.666877 -0.032270
-0.536740 -0.613943 0.054188
-0.563342 -0.526341 0.009141
-0.675060 -0.541577 -0.006856
-0.705253 -0.561672 0.093279
-0.664135 -0.476278 0.133756
-0.720667 -0.412019 0.074097
-0.826287 -0.434700 0.105121
-0.815175 -0.408864 0.206710
-0.792203 -0.315489 0.184724
-0.884354 -0.293155 0.127454
-0.960079 -0.312618 0.205568
-0.919336 -0.249590 0.279284
-0.922815 -0.165899 0.212804
-0.956001 -0.150757 0.105987
-0.909832 -0.163691 0.000969
-0.870735 -0.183123 -0.098196
-0.834107 -0.275047 -0.144697
-0.739150 -0.333786 -0.198366
-0.701212 -0.412776 -0.265538
-0.609548 -0.458297 -0.319518
-0.571573 -0.524290 -0.398082
-0.488477 -0.608360 -0.431010
-0.401676 -0.673533 -0.482566
-0.306794 -0.704511 -0.531007
-0.307655 -0.641987 -0.613102
-0.298526 -0.560379 -0.557287
-0.198331 -0.583722 -0.510509
-0.135364 -0.595205 -0.600499
-0.153472 -0.508076 -0.644680
-0.100905 -0.455584 -0.564489
0.013768 -0.461987 -0.567605
0.032924 -0.386656 -0.632769
-0.018258 -0.317823 -0.575396
0.043138 -0.332145 -0.486167
0.148646 -0.313975 -0.523943
0.120510 -0.226088 -0.558464
0.087923 -0.187729 -0.465704
0.183777 -0.208044 -0.402167
0.294336 -0.236120 -0.411308
0.292390 -0.348833 -0.381185
0.316971 -0.444480 -0.322496
0.252769 -0.467886 -0.238600
0.174873 -0.527666 -0.196427
0.107939 -0.464353 -0.146117
0.085753 -0.404101 -0.225754
0.036142 -0.467634 -0.291126
-0.044261 -0.508202 -0.229493
-0.097613 -0.420189 -0.206087
-0.123316 -0.383249 -0.306811
-0.216365 -0.427287 -0.341609
-0.289621 -0.379401 -0.279596
-0.258306 -0.287413 -0.306153
-0.284570 -0.295710 -0.410166
-0.395802 -0.322398 -0.404210
-0.432206 -0.246246 -0.347079
-0.398758 -0.178423 -0.417472
-0.465617 -0.211041 -0.496174
-0.564913 -0.197571 -0.443406
-0.563491 -0.105426 -0.422977
-0.555747 -0.073502 -0.523354
-0.654969 -0.120757 -0.563692
-0.740871 -0.108675 -0.470413
-0.704841 -0.006814 -0.421523
-0.669485 0.074448 -0.354766
-0.570039 0.051199 -0.305253
-0.458845 0.095426 -0.261902
-0.461987 0.069464 -0.152488
-0.403248 -0.003281 -0.081922
-0.390415 -0.065773 0.003670
-0.306981 -0.118549 0.086077
-0.221715 -0.172871 0.144663
-0.114749 -0.139716 0.138915
-0.051556 -0.155584 0.235553
-0.077784 -0.230284 0.300578
0.016163 -0.287413 0.297116
0.090654 -0.216845 0.331360
0.034795 -0.187003 0.422700
-0.015415 -0.281420 0.463384
0.008643 -0.373375 0.429590
-0.034795 -0.434069 0.343340
0.038761 -0.511893 0.341886
0.076773 -0.597066 0.377341
0.180635 -0.564416 0.414148
0.151115 -0.536467 0.512759
0.174012 -0.624763 0.555694
0.299424 -0.599748 0.542571
0.342450 -0.541420 0.612790
0.410019 -0.525899 0.699387
0.343572 -0.423880 0.712683
0.315774 -0.330694 0.704789
0.410992 -0.304669 0.648593
0.383381 -0.358864 0.562065
0.285132 -0.309085 0.543679
0.337773 -0.224038 0.527302
0.406241 -0.245489 0.446730
0.315699 -0.271073 0.383851
0.265676 -0.186593 0.374191
0.358276 -0.142839 0.327412
0.363102 -0.197571 0.243066
0.258530 -0.180505 0.206295
0.267547 -0.083943 0.198435
0.357790 -0.087760 0.128181
0.294410 -0.153344 0.053980
0.205889 -0.120883 0.000519
0.265639 -0.101735 -0.092067
0.269904 -0.207161 -0.112496
0.143782 -0.234543 -0.077352
0.045159 -0.187666 -0.048406
0.066447 -0.109558 -0.109934
0.077073 -0.154921 -0.201274
-0.026901 -0.190347 -0.208822
-0.090130 -0.109685 -0.191579
-0.049386 -0.064543 -0.277830
-0.055971 -0.125962 -0.362003
-0.170271 -0.148896 -0.356947
-0.211613 -0.055300 -0.358332
-0.151826 -0.019779 -0.443233
-0.198743 -0.074353 -0.519580
-0.308702 -0.017760 -0.492331
-0.319328 0.060883 -0.427201
-0.291791 0.058675 -0.313320
-0.287975 0.066309 -0.193033
-0.240721 0.049653 -0.091860
-0.255799 0.031483 0.028946
-0.200763 0.028139 0.141927
-0.214083 0.028991 0.250026
-0.111157 -0.007476 0.281119
-0.054999 0.081514 0.248745
-0.057094 0.143155 0.328901
0.004452 0.186151 0.402722
-0.067719 0.162902 0.485371
-0.063304 0.067445 0.474222
0.052005 0.054259 0.473322
0.080440 0.097666 0.564177
0.012459 0.043312 0.625117
0.052417 -0.042776 0.602299
0.164285 -0.021451 0.628752
0.141125 0.000221 0.737544
0.126609 -0.088013 0.782348
0.155717 -0.174006 0.811122
0.166829 -0.263912 0.774523
0.075614 -0.303470 0.830373
-0.005013 -0.268297 0.758976
0.033673 -0.316404 0.659465
0.017921 -0.412177 0.666909
-0.031839 -0.494511 0.686264
-0.133119 -0.552902 0.736955
-0.176818 -0.640126 0.716630
-0.157026 -0.635489 0.606039
-0.152948 -0.525899 0.573976
-0.153509 -0.435899 0.525951
-0.193655 -0.357760 0.576711
-0.232939 -0.342934 0.673003
-0.245959 -0.247224 0.663135
-0.324416 -0.250063 0.585783
-0.404145 -0.300473 0.639105
-0.415519 -0.241672 0.723209
-0.453719 -0.162839 0.672380
-0.559114 -0.220032 0.635020
-0.634503 -0.263975 0.699526
-0.708994 -0.181640 0.713306
-0.750786 -0.156183 0.609813
-0.786067 -0.202366 0.521935
-0.727514 -0.200315 0.427513
-0.726990 -0.314795 0.432637
-0.716702 -0.405521 0.462068
-0.662564 -0.474732 0.516152
-0.619987 -0.518896 0.428275
-0.550359 -0.439464 0.404661
-0.491844 -0.427539 0.493646
-0.459630 -0.534196 0.483536
-0.397186 -0.558801 0.399086
-0.302380 -0.582902 0.346145
-0.234960 -0.583817 0.261418
-0.221453 -0.556404 0.146048
-0.186696 -0.539401 0.046501
-0.215542 -0.519243 -0.052630
-0.185685 -0.605804 -0.096430
-0.268894 -0.653817 -0.031612
-0.374663 -0.605363 -0.042485
-0.393146 -0.630315 -0.148575
-0.396775 -0.741262 -0.111527
-0.382558 -0.832934 -0.081161
-0.327896 -0.917066 -0.064229
-0.344395 -0.954259 -0.164260
-0.324454 -0.858170 -0.219625
-0.227739 -0.798991 -0.222153
-0.141687 -0.745331 -0.255981
-0.061396 -0.812618 -0.243136
-0.102477 -0.875868 -0.316540
-0.102664 -0.819085 -0.399363
0.011149 -0.807792 -0.393892
0.045570 -0.898675 -0.404314
-0.003367 -0.914763 -0.499013
0.052754 -0.844290 -0.551297
0.166492 -0.863312 -0.526817
0.176781 -0.949338 -0.573180
0.175172 -0.898927 -0.674388
0.274244 -0.832334 -0.652886
0.350344 -0.902744 -0.585368
0.443355 -0.966751 -0.568713
0.547815 -1.000000 -0.536512
0.611082 -0.939653 -0.600118
0.578981 -0.859022 -0.551089
0.618976 -0.886025 -0.454590
0.729273 -0.896814 -0.480697
0.730657 -0.795804 -0.517122
0.716477 -0.722965 -0.448392
0.828831 -0.693691 -0.443613
0.833283 -0.668423 -0.549254
0.737392 -0.609369 -0.555175
0.746371 -0.578644 -0.435546
0.812556 -0.532934 -0.360375
0.709630 -0.485047 -0.322357
0.634279 -0.545773 -0.283266
0.610708 -0.637539 -0.292511
0.535132 -0.709117 -0.291333
0.466327 -0.789432 -0.241197
0.372980 -0.787319 -0.330910
0.296281 -0.771893 -0.408538
0.268707 -0.683218 -0.374918
0.372157 -0.643028 -0.388525
0.377394 -0.662240 -0.492850
0.285281 -0.613502 -0.524774
0.316185 -0.527350 -0.488764
0.413499 -0.522145 -0.545584
0.363215 -0.521356 -0.641806
0.298414 -0.443060 -0.628337
0.384391 -0.382650 -0.605104
0.449267 -0.393470 -0.695440
0.367368 -0.356845 -0.760258
0.367891 -0.264763 -0.710086
0.491657 -0.271167 -0.659292
0.603412 -0.274101 -0.679132
0.658710 -0.258202 -0.580866
0.580926 -0.262208 -0.485059
0.610858 -0.307161 -0.396247
0.616395 -0.223060 -0.334026
0.506547 -0.217539 -0.297393
0.545046 -0.292366 -0.225685
0.597613 -0.324290 -0.136699
0.493864 -0.396215 -0.104325
0.411366 -0.445268 -0.052076
0.332423 -0.480284 0.011842
0.338783 -0.521703 0.128908
0.348399 -0.557066 0.227277
0.385663 -0.577129 0.331464
0.410655 -0.666688 0.374883
0.422591 -0.722997 0.269554
0.436209 -0.788517 0.187701
0.411965 -0.752965 0.077317
0.380088 -0.750978 -0.037983
0.265714 -0.700789 -0.010491
0.170682 -0.644637 0.021121
0.088970 -0.700631 0.060420
0.019530 -0.737729 0.132821
0.026265 -0.832744 0.099408
0.135438 -0.844511 0.148367
0.104984 -0.842492 0.256466
0.071049 -0.882808 0.349434
-0.020952 -0.813281 0.364357
-0.108164 -0.842208 0.304214
-0.147374 -0.913880 0.378069
-0.190736 -0.854543 0.459852
-0.283560 -0.809180 0.410547
-0.351616 -0.898013 0.408400
-0.350980 -0.916372 0.532530
-0.418213 -0.829937 0.565251
