-0.805041 -0.902975 0.730908
-0.805309 -0.891591 0.757733
-0.803254 -0.888063 0.784666
-0.807804 -0.839676 0.808480
-0.817784 -0.835748 0.836946
-0.819713 -0.833546 0.862394
-0.836521 -0.803823 0.884971
-0.840074 -0.805199 0.911334
-0.860309 -0.762666 0.927056
-0.868113 -0.752683 0.952339
-0.883217 -0.697215 0.965718
-0.892966 -0.681128 0.989310
-0.898730 -0.595161 1.000000
-0.911264 -0.526558 0.996255
-0.930970 -0.495059 0.977761
-0.950236 -0.478146 0.963450
-0.969331 -0.487103 0.947076
-0.981277 -0.457830 0.924210
-0.990244 -0.419850 0.905535
-1.000000 -0.410593 0.882991
-0.982536 -0.373389 0.872713
-0.970113 -0.437589 0.865891
-0.986118 -0.471591 0.850252
-0.989849 -0.409442 0.836113
-0.967887 -0.405214 0.828656
-0.967097 -0.476344 0.817248
-0.984755 -0.467662 0.800982
-0.976794 -0.399885 0.791339
-0.957148 -0.433211 0.782430
-0.967782 -0.483250 0.766559
-0.979624 -0.430208 0.753708
-0.960678 -0.394881 0.745929
-0.951480 -0.454177 0.733086
-0.968743 -0.467287 0.716663
-0.968624 -0.395832 0.707242
-0.946311 -0.399284 0.699604
-0.949290 -0.458756 0.683230
-0.964893 -0.424554 0.668985
-0.951361 -0.367210 0.662336
-0.934664 -0.408517 0.651654
-0.948427 -0.443994 0.634166
-0.955963 -0.379244 0.623014
-0.934731 -0.351698 0.617925
-0.927872 -0.411994 0.603786
-0.944807 -0.405739 0.586332
-0.939810 -0.331882 0.579708
-0.917214 -0.341940 0.573959
-0.920983 -0.396432 0.556282
-0.933643 -0.353624 0.541285
-0.918577 -0.296205 0.537936
-0.901418 -0.337937 0.527914
-0.912947 -0.365909 0.508447
-0.919099 -0.298356 0.498235
-0.897114 -0.274338 0.494952
-0.889972 -0.334334 0.480079
-0.905418 -0.323125 0.462435
-0.898938 -0.250694 0.456941
-0.877512 -0.269209 0.449229
-0.883187 -0.318522 0.430999
-0.894671 -0.266807 0.417224
-0.876172 -0.221947 0.412777
-0.861992 -0.275363 0.402037
-0.876142 -0.292126 0.383502
-0.876149 -0.220421 0.373884
-0.853204 -0.216618 0.368424
-0.851722 -0.279492 0.353964
-0.866356 -0.252571 0.336658
-0.854053 -0.191974 0.329300
-0.835442 -0.232730 0.322173
-0.845957 -0.275439 0.305205
-0.852571 -0.216718 0.290613
-0.831152 -0.189247 0.285631
-0.822483 -0.252946 0.275476
-0.838361 -0.259701 0.257634
-0.833036 -0.193000 0.246531
-0.811200 -0.209788 0.241013
-0.815788 -0.273012 0.227625
-0.829014 -0.237034 0.210459
-0.812436 -0.188546 0.202541
-0.797445 -0.242388 0.195109
-0.814462 -0.281868 0.180558
-0.819921 -0.240361 0.161157
-0.815780 -0.222397 0.137631
-0.803164 -0.159223 0.143034
-0.785812 -0.196527 0.156141
-0.780249 -0.247016 0.138547
-0.775207 -0.195577 0.120523
-0.758487 -0.161700 0.134496
-0.745208 -0.222923 0.138390
-0.741775 -0.237934 0.113586
-0.732123 -0.171283 0.107680
-0.714957 -0.175536 0.124029
-0.706050 -0.240687 0.114658
-0.701902 -0.214341 0.091298
-0.688593 -0.155095 0.098416
-0.672678 -0.195702 0.110558
-0.666646 -0.237934 0.090167
-0.659980 -0.178689 0.075699
-0.644415 -0.150342 0.091842
-0.631322 -0.213691 0.092089
-0.626519 -0.218119 0.067393
-0.617403 -0.148440 0.064596
-0.600497 -0.161625 0.080780
-0.590726 -0.219745 0.068292
-0.586280 -0.179214 0.047010
-0.572868 -0.126148 0.058220
-0.557392 -0.175761 0.067360
-0.550808 -0.201681 0.044593
-0.544098 -0.133053 0.035165
-0.528339 -0.117966 0.052429
-0.515433 -0.179339 0.047059
-0.510868 -0.163427 0.022668
-0.501327 -0.093497 0.026561
-0.483536 -0.118792 0.040650
-0.474301 -0.160650 0.022255
-0.471232 -0.104306 0.005444
-0.457164 -0.062624 0.019550
-0.440452 -0.114864 0.021397
-0.436274 -0.119493 -0.003860
-0.430733 -0.044510 -0.006855
-0.413277 -0.042033 0.009313
-0.400698 -0.093347 -0.003464
-0.399439 -0.052891 -0.025250
-0.389080 0.007831 -0.015458
-0.370089 -0.028047 -0.007581
-0.363610 -0.052491 -0.030710
-0.361658 0.017689 -0.041170
-0.346309 0.047762 -0.025266
-0.329962 -0.002927 -0.030991
-0.328219 0.016162 -0.055481
-0.322909 0.089970 -0.051514
-0.303747 0.077860 -0.038217
-0.292412 0.038655 -0.056075
-0.292785 0.093798 -0.073736
-0.281688 0.146764 -0.060224
-0.262168 0.105657 -0.057700
-0.257506 0.098802 -0.082183
-0.257238 0.174235 -0.087701
-0.239893 0.193725 -0.072532
-0.224283 0.146964 -0.083205
-0.226078 0.176537 -0.106607
-0.219450 0.249493 -0.100132
-0.198277 0.230379 -0.091495
-0.190933 0.197178 -0.113412
-0.200660 0.255748 -0.129448
-0.190010 0.319773 -0.134142
-0.185385 0.362831 -0.154516
-0.166633 0.396357 -0.143661
-0.153421 0.332282 -0.143587
-0.154769 0.316170 -0.168176
-0.146495 0.382947 -0.176928
-0.126119 0.375366 -0.165479
-0.120041 0.310365 -0.177044
-0.120808 0.337061 -0.200173
-0.105474 0.394205 -0.197723
-0.087973 0.348320 -0.191619
-0.088546 0.305662 -0.212959
-0.085709 0.364507 -0.229102
-0.065832 0.389001 -0.219995
-0.054794 0.321874 -0.223641
-0.057908 0.317721 -0.248346
-0.047883 0.382897 -0.254912
-0.027090 0.366009 -0.245954
-0.023955 0.304261 -0.261016
-0.026718 0.338838 -0.283313
-0.009886 0.389977 -0.280929
0.006535 0.337762 -0.278149
0.003377 0.302334 -0.300355
0.006945 0.363407 -0.315054
0.028081 0.374015 -0.307119
0.035848 0.305687 -0.315277
0.030940 0.316896 -0.339833
0.044055 0.379469 -0.343306
0.063672 0.344042 -0.336501
0.063016 0.286797 -0.353452
0.063545 0.331907 -0.373942
0.084346 0.361805 -0.368531
0.096299 0.296405 -0.367508
0.092114 0.275188 -0.391429
0.103233 0.335035 -0.401493
0.123631 0.322750 -0.391174
0.126789 0.253421 -0.400982
0.125657 0.276865 -0.425555
0.142644 0.327679 -0.424821
0.158656 0.276014 -0.417331
0.156690 0.232105 -0.438481
0.163378 0.285846 -0.454722
0.183479 0.299807 -0.443851
0.191723 0.228927 -0.446144
0.190278 0.223848 -0.471385
0.204696 0.282544 -0.475518
0.222764 0.252771 -0.463136
0.224931 0.187495 -0.475955
0.229392 0.221372 -0.498301
0.247988 0.259951 -0.491372
0.259807 0.198879 -0.483395
0.260560 0.161475 -0.505601
0.271328 0.216793 -0.518271
0.289895 0.220171 -0.503464
0.295853 0.146564 -0.506492
0.299093 0.151442 -0.531494
0.315172 0.205284 -0.531057
0.329962 0.166604 -0.516506
0.332450 0.107909 -0.532962
0.340508 0.149941 -0.552207
0.358843 0.179389 -0.540642
0.368339 0.111661 -0.535404
0.371176 0.090920 -0.559490
0.384135 0.150492 -0.566716
0.400631 0.138958 -0.549484
0.406842 0.068403 -0.556760
0.412554 0.088343 -0.580417
0.428797 0.138808 -0.573637
0.441621 0.087868 -0.561486
0.445323 0.039155 -0.580846
0.454960 0.091746 -0.595777
0.472059 0.111186 -0.579675
0.481488 0.040782 -0.578570
0.485613 0.033551 -0.603332
0.498982 0.095849 -0.605617
0.514725 0.071380 -0.588674
0.520899 0.006780 -0.600132
0.527393 0.039280 -0.621884
0.543681 0.082439 -0.611540
0.556193 0.026370 -0.601699
0.559686 -0.010183 -0.623690
0.569836 0.048337 -0.635536
0.586869 0.054893 -0.618551
0.595180 -0.016188 -0.622041
0.599581 -0.007581 -0.646870
0.613776 0.052441 -0.644378
0.629237 0.016588 -0.630092
0.634368 -0.039756 -0.646366
0.641004 0.007481 -0.665438
0.657895 0.042983 -0.652751
0.670205 -0.020591 -0.647373
0.673467 -0.037804 -0.671649
0.683514 0.027121 -0.679238
0.701552 0.019640 -0.663854
0.708999 -0.046511 -0.673604
0.711107 -0.024019 -0.697699
0.725704 0.032976 -0.692659
0.742125 -0.011234 -0.682034
0.745164 -0.055468 -0.702879
0.750474 -0.000826 -0.719360
0.768951 0.023368 -0.706063
0.780375 -0.043409 -0.709305
0.780226 -0.046761 -0.734686
0.791777 0.017138 -0.738258
0.811029 -0.001851 -0.725736
0.815237 -0.061373 -0.742102
0.815855 -0.021292 -0.763714
0.832723 0.025995 -0.756125
0.848192 -0.030248 -0.753023
0.847268 -0.056644 -0.776689
0.851893 0.010583 -0.788146
0.872157 0.023168 -0.777473
0.881385 -0.042383 -0.786126
0.877207 -0.032100 -0.811194
0.887164 0.038280 -0.812975
0.907749 0.011109 -0.806030
0.909171 -0.040131 -0.825093
0.906855 0.010008 -0.844139
0.924379 0.055093 -0.838076
0.939832 -0.000926 -0.840015
0.935475 -0.019490 -0.864464
0.939773 0.049563 -0.874676
0.961802 0.051590 -0.867013
0.967619 -0.016388 -0.880318
0.959806 0.002727 -0.905287
0.973413 0.064350 -0.910443
0.989097 0.093873 -0.925200
1.000000 0.160399 -0.931263
0.986081 0.179389 -0.952000
0.967671 0.213365 -0.940304
0.976824 0.280793 -0.933762
0.978469 0.307263 -0.958740
0.955159 0.300608 -0.964613
0.944785 0.341314 -0.946416
0.953781 0.409517 -0.952446
0.944591 0.410468 -0.976516
0.921713 0.400310 -0.969372
0.918659 0.463134 -0.954516
0.922003 0.514424 -0.973266
0.904963 0.487953 -0.989384
0.885995 0.491031 -0.972490
0.884736 0.569041 -0.968952
0.878361 0.590583 -0.994482
0.856361 0.539968 -0.998037
0.839329 0.556982 -0.976285
0.824174 0.603343 -0.990192
0.806687 0.549126 -1.000000
0.794533 0.479597 -0.983750
0.771766 0.464135 -0.970742
0.754063 0.409843 -0.972449
0.738603 0.436813 -0.950351
0.720602 0.487378 -0.958278
0.698990 0.460732 -0.960736
0.695407 0.464185 -0.935470
0.701589 0.540319 -0.932805
0.686188 0.569917 -0.949666
0.667830 0.552153 -0.935998
0.675389 0.595061 -0.915805
0.679068 0.662288 -0.928186
0.657508 0.669344 -0.936418
0.648682 0.668268 -0.913000
0.661812 0.726088 -0.903217
0.654633 0.778278 -0.921257
0.632499 0.773174 -0.915029
0.636081 0.793790 -0.890563
0.646024 0.862143 -0.896296
0.627077 0.891216 -0.908513
0.613337 0.883735 -0.886983
0.627547 0.929145 -0.872985
0.631166 1.000000 -0.864959
0.650306 0.971328 -0.848874
0.665491 0.910556 -0.852660
0.654201 0.844279 -0.838126
0.648005 0.772048 -0.833408
0.642836 0.778879 -0.808702
0.623808 0.820836 -0.812530
0.612741 0.767595 -0.825885
0.612763 0.715204 -0.807127
0.601585 0.756586 -0.789969
0.582944 0.768020 -0.804776
0.578356 0.692612 -0.807968
0.576085 0.675574 -0.783618
0.559380 0.727364 -0.779362
0.545238 0.693988 -0.797179
0.545022 0.622557 -0.787272
0.536219 0.643349 -0.765083
0.517220 0.674122 -0.775526
0.510473 0.609472 -0.787569
0.509274 0.565613 -0.766823
0.493686 0.608647 -0.755160
0.477943 0.601716 -0.773736
0.476304 0.525232 -0.774371
0.469780 0.518527 -0.750573
0.450908 0.562311 -0.752330
0.440884 0.519753 -0.770288
0.440348 0.454277 -0.756496
0.427590 0.482574 -0.737631
0.409769 0.503540 -0.751728
0.405017 0.432635 -0.760662
0.400832 0.402362 -0.737788
0.383949 0.451175 -0.731675
0.370081 0.431484 -0.750499
0.367743 0.357477 -0.744007
0.359379 0.371288 -0.720754
0.341074 0.409968 -0.729176
0.331854 0.353999 -0.743141
0.329538 0.303460 -0.724037
0.315566 0.350822 -0.710567
0.298877 0.359454 -0.727287
0.293418 0.285096 -0.729003
0.287571 0.273462 -0.705032
0.270822 0.326103 -0.705188
0.258161 0.293452 -0.723517
0.254482 0.226300 -0.711886
0.244034 0.258300 -0.691685
0.226644 0.288899 -0.704487
0.218377 0.222347 -0.713281
0.214512 0.188821 -0.691190
0.200563 0.241512 -0.681209
0.184596 0.236008 -0.699555
0.179390 0.161500 -0.696016
0.173462 0.168981 -0.671286
0.156936 0.219945 -0.674808
0.143330 0.176061 -0.689549
0.140038 0.119092 -0.673200
0.132002 0.163026 -0.654302
0.113666 0.191473 -0.666700
0.102935 0.124997 -0.672119
0.101192 0.101554 -0.648090
0.090073 0.162276 -0.638769
0.071752 0.156646 -0.654500
0.064990 0.086567 -0.645781
0.062599 0.105232 -0.621076
0.047630 0.161650 -0.624169
0.031253 0.118917 -0.634686
0.028654 0.070530 -0.615153
0.022890 0.126423 -0.598169
0.004666 0.154320 -0.610633
-0.007116 0.087318 -0.611350
-0.008099 0.079011 -0.586159
-0.018377 0.143436 -0.580384
-0.037293 0.133378 -0.594077
-0.044323 0.069404 -0.582389
-0.045180 0.096700 -0.558426
-0.060842 0.152343 -0.563738
-0.077539 0.107108 -0.572053
-0.079297 0.067252 -0.550219
-0.084227 0.126123 -0.534727
-0.103128 0.150617 -0.546573
-0.114404 0.083465 -0.543611
-0.114411 0.084791 -0.517801
-0.124823 0.152893 -0.514427
-0.144231 0.134930 -0.526116
-0.149637 0.074383 -0.511557
-0.150136 0.112237 -0.489780
-0.167005 0.161000 -0.496404
-0.182823 0.105532 -0.499687
-0.181833 0.071330 -0.477283
-0.186666 0.132678 -0.463144
-0.207735 0.142285 -0.472457
-0.215890 0.073357 -0.465842
-0.211466 0.080963 -0.440518
-0.225385 0.143161 -0.436864
-0.244116 0.106783 -0.444015
-0.242820 0.051515 -0.426446
-0.244168 0.093372 -0.405700
-0.264335 0.126098 -0.411227
-0.276408 0.059771 -0.412703
-0.271865 0.034927 -0.389070
-0.280712 0.094798 -0.376656
-0.301878 0.087368 -0.386150
-0.305639 0.014586 -0.378405
-0.302786 0.024769 -0.353551
-0.320630 0.075183 -0.352256
-0.338229 0.031274 -0.362262
-0.336240 -0.030699 -0.344651
-0.325240 -0.036078 -0.322923
-0.305468 -0.062048 -0.314039
-0.288994 -0.080062 -0.296560
-0.269295 -0.054292 -0.284740
-0.261386 -0.107508 -0.268811
-0.246804 -0.142811 -0.284921
-0.233659 -0.080437 -0.288905
-0.227597 -0.061022 -0.265380
-0.216702 -0.129751 -0.261354
-0.201568 -0.129200 -0.282777
-0.194143 -0.045510 -0.286093
-0.198172 0.022993 -0.273257
-0.211377 0.092372 -0.277415
-0.216523 0.089244 -0.302945
-0.235365 0.099752 -0.318345
-0.223300 0.085666 -0.342160
-0.214289 0.065976 -0.365487
-0.195692 0.014511 -0.376433
-0.184357 -0.045936 -0.385705
-0.187083 -0.090570 -0.364489
-0.212040 -0.084966 -0.363598
-0.223315 -0.117441 -0.382810
-0.227783 -0.186094 -0.371880
-0.240891 -0.158873 -0.352347
-0.257067 -0.131202 -0.367384
-0.262786 -0.197753 -0.378099
-0.269511 -0.237684 -0.357799
-0.286931 -0.187245 -0.351943
-0.298050 -0.191549 -0.373579
-0.301707 -0.266407 -0.373150
-0.313563 -0.268783 -0.351885
-0.330089 -0.219045 -0.359086
-0.336970 -0.258275 -0.379296
-0.343427 -0.321049 -0.366122
-0.358918 -0.286222 -0.351514
-0.372122 -0.260577 -0.370898
-0.376710 -0.328880 -0.380830
-0.387657 -0.355801 -0.360629
-0.404317 -0.303160 -0.359919
-0.412815 -0.319398 -0.382900
-0.419108 -0.391003 -0.377588
-0.433705 -0.372864 -0.359012
-0.447572 -0.326703 -0.372136
-0.454721 -0.381721 -0.388476
-0.463979 -0.426456 -0.371170
-0.479238 -0.372689 -0.362592
-0.490067 -0.360755 -0.384690
-0.497105 -0.436914 -0.385977
-0.510205 -0.438565 -0.364877
-0.525234 -0.377993 -0.373563
-0.529926 -0.419926 -0.398160
-0.540017 -0.471165 -0.415169
-0.521547 -0.476619 -0.434298
-0.507114 -0.516525 -0.449385
-0.483282 -0.521129 -0.449658
-0.461759 -0.494733 -0.450516
-0.441577 -0.474343 -0.458451
-0.419383 -0.474568 -0.457065
-0.399648 -0.455128 -0.445286
-0.380068 -0.424229 -0.452710
-0.360988 -0.390953 -0.448511
-0.344552 -0.351397 -0.460422
-0.326201 -0.392955 -0.451324
-0.327825 -0.455728 -0.466147
-0.321628 -0.418875 -0.487289
-0.299666 -0.400861 -0.477811
-0.288257 -0.467637 -0.477283
-0.281941 -0.462934 -0.502244
-0.265817 -0.402012 -0.497146
-0.251139 -0.444720 -0.483684
-0.230904 -0.465836 -0.482851
-0.213507 -0.489404 -0.471641
-0.192192 -0.488879 -0.469315
-0.172725 -0.513948 -0.473200
-0.153853 -0.531812 -0.463903
-0.133685 -0.515625 -0.458830
-0.112497 -0.527934 -0.463318
-0.095413 -0.532238 -0.449154
-0.073532 -0.530611 -0.451382
-0.054430 -0.527234 -0.442077
-0.033904 -0.534664 -0.443966
-0.015241 -0.567315 -0.443545
0.000436 -0.586805 -0.428920
0.018935 -0.617954 -0.430537
0.032013 -0.636794 -0.413396
0.047384 -0.611349 -0.399546
0.069094 -0.631264 -0.394284
0.063664 -0.627511 -0.368019
0.052270 -0.688208 -0.359070
0.067909 -0.745328 -0.359804
0.084614 -0.702620 -0.345162
0.071797 -0.688133 -0.323072
0.068133 -0.759764 -0.313775
0.091786 -0.771123 -0.307341
0.093000 -0.710301 -0.287173
0.095294 -0.691486 -0.261759
0.107574 -0.616078 -0.270717
0.116549 -0.553954 -0.280393
0.130781 -0.519403 -0.296577
0.147493 -0.478946 -0.307696
0.156556 -0.442968 -0.327666
0.166312 -0.506643 -0.337796
0.146569 -0.546624 -0.342011
0.136053 -0.494934 -0.356479
0.151611 -0.494959 -0.375237
0.148915 -0.568240 -0.382100
0.126796 -0.567340 -0.388089
0.130028 -0.517101 -0.407490
0.145072 -0.558233 -0.421686
0.132702 -0.621006 -0.425942
0.115610 -0.581851 -0.437730
0.127846 -0.556356 -0.457139
0.133290 -0.626085 -0.466139
0.111968 -0.652080 -0.469851
0.106115 -0.596312 -0.486546
0.122641 -0.613626 -0.503860
0.114962 -0.686282 -0.508422
0.093968 -0.668768 -0.516696
0.101252 -0.624134 -0.536501
0.111894 -0.686007 -0.548338
0.093864 -0.732668 -0.552207
0.080965 -0.684981 -0.566064
0.097595 -0.684656 -0.585573
0.098973 -0.759939 -0.594193
0.077211 -0.770172 -0.606112
0.081173 -0.718132 -0.628970
0.092389 -0.776777 -0.646300
0.094400 -0.815382 -0.667722
0.103486 -0.859041 -0.684731
0.113912 -0.857990 -0.707333
0.114232 -0.914234 -0.724243
0.126424 -0.899847 -0.748297
0.138466 -0.925517 -0.768679
0.164264 -0.920438 -0.774726
0.171972 -1.000000 -0.785375
0.178325 -0.985639 -0.814543
0.197361 -0.945583 -0.828392
0.224291 -0.961195 -0.833144
0.244771 -0.976782 -0.842687
0.264365 -0.970902 -0.853535
0.278024 -0.912307 -0.870156
0.300813 -0.882759 -0.863961
