0.841957 -0.972376 -0.126065
0.832874 -0.979248 -0.051349
0.824713 -1.000000 0.017713
0.833612 -0.976135 0.087988
0.820120 -0.984555 0.157543
0.809294 -0.957526 0.224179
0.764740 -0.961591 0.285921
0.722399 -0.963479 0.340653
0.664558 -0.943135 0.382123
0.607086 -0.945653 0.427499
0.560317 -0.913367 0.463870
0.486093 -0.899878 0.467181
0.429503 -0.876660 0.478879
0.378859 -0.832739 0.477584
0.325159 -0.802938 0.487618
0.282491 -0.760548 0.488132
0.258727 -0.704432 0.485562
0.195985 -0.689004 0.460684
0.165927 -0.662060 0.519034
0.196313 -0.612220 0.535379
0.183909 -0.575104 0.490249
0.121762 -0.564456 0.508281
0.135007 -0.542462 0.566117
0.171135 -0.501518 0.549196
0.126416 -0.477024 0.513873
0.082866 -0.472890 0.559496
0.119486 -0.443224 0.599938
0.128077 -0.402655 0.560504
0.067222 -0.390680 0.550635
0.054202 -0.381069 0.611555
0.094389 -0.341300 0.619244
0.071076 -0.309525 0.574608
0.012948 -0.306854 0.598807
0.029556 -0.286204 0.654773
0.055842 -0.242335 0.631128
0.004316 -0.224729 0.601850
-0.035236 -0.223198 0.651709
0.000441 -0.188736 0.684688
-0.004214 -0.149987 0.641737
-0.066894 -0.143574 0.640442
-0.077145 -0.130272 0.699717
-0.039460 -0.087032 0.698216
-0.074993 -0.062317 0.652675
-0.129225 -0.060973 0.686682
-0.109480 -0.033195 0.735451
-0.092564 0.008922 0.701650
-0.150241 0.020693 0.678808
-0.172796 0.033178 0.736212
-0.131132 0.070516 0.750851
-0.141794 0.100691 0.699800
-0.214152 0.086471 0.700129
-0.269553 0.082695 0.734567
-0.308941 0.074496 0.686559
-0.302790 0.021969 0.679836
-0.336682 0.003138 0.730003
-0.395754 0.021458 0.702370
-0.386732 -0.006710 0.636371
-0.337933 -0.051549 0.642971
-0.304122 -0.097408 0.621568
-0.247142 -0.119947 0.611946
-0.211855 -0.163544 0.580036
-0.159058 -0.139594 0.532089
-0.112638 -0.134133 0.481429
-0.110669 -0.122771 0.414382
-0.055617 -0.078884 0.421845
0.007125 -0.051991 0.398448
0.042658 0.002475 0.390511
0.064864 0.051685 0.398078
-0.001938 0.069971 0.419584
-0.033677 0.015760 0.445222
-0.091252 -0.015233 0.466112
-0.139867 -0.058353 0.466255
-0.203838 -0.078527 0.488399
-0.254442 -0.103889 0.515374
-0.326840 -0.096660 0.530732
-0.385912 -0.083749 0.563135
-0.454538 -0.060633 0.559476
-0.509734 -0.031443 0.570003
-0.561117 -0.003462 0.553308
-0.616846 0.020012 0.554829
-0.622505 -0.008173 0.489016
-0.602555 -0.068712 0.488892
-0.550188 -0.098820 0.497260
-0.491301 -0.112360 0.490496
-0.423188 -0.095350 0.471190
-0.367171 -0.082746 0.441789
-0.303979 -0.053335 0.451020
-0.253622 -0.016814 0.445078
-0.197093 0.004771 0.474973
-0.153666 0.047263 0.471252
-0.095004 0.064290 0.492799
-0.048358 0.102154 0.495903
-0.000318 0.130527 0.515004
0.019222 0.174992 0.545577
0.049752 0.194672 0.491175
0.003639 0.221991 0.459985
-0.026706 0.263836 0.438602
-0.082599 0.286459 0.426533
-0.078991 0.281985 0.363721
-0.080631 0.228710 0.361748
-0.136319 0.224083 0.389196
-0.169146 0.254973 0.348815
-0.155593 0.226873 0.295708
-0.183806 0.183446 0.313678
-0.240909 0.206222 0.322827
-0.246876 0.222246 0.261742
-0.250402 0.174788 0.236638
-0.300637 0.156127 0.270912
-0.342587 0.198398 0.252100
-0.331536 0.204283 0.184004
-0.316630 0.150888 0.164184
-0.351958 0.115490 0.203022
-0.401208 0.078187 0.186019
-0.377177 0.067998 0.115600
-0.340865 0.037805 0.078633
-0.301088 0.020693 0.125839
-0.299878 0.052536 0.183881
-0.300657 0.066042 0.244266
-0.328604 0.081963 0.304405
-0.360118 0.102188 0.363372
-0.384436 0.109826 0.426965
-0.323867 0.127295 0.467715
-0.285935 0.154614 0.522200
-0.236480 0.156706 0.571442
-0.205848 0.188634 0.627880
-0.142532 0.198840 0.662277
-0.100192 0.227366 0.632403
-0.070892 0.186559 0.593174
-0.124181 0.155192 0.584251
-0.154998 0.124846 0.528985
-0.215792 0.099773 0.501907
-0.248721 0.071944 0.453816
-0.307485 0.051719 0.427047
-0.328255 0.005554 0.384343
-0.336744 -0.038451 0.355641
-0.329321 -0.089159 0.338432
-0.294814 -0.127057 0.301177
-0.281835 -0.171641 0.276751
-0.219114 -0.196544 0.248152
-0.161683 -0.212329 0.219142
-0.107799 -0.224236 0.191159
-0.071302 -0.224066 0.140499
-0.046021 -0.272137 0.150326
-0.099761 -0.302653 0.145885
-0.116923 -0.283499 0.083094
-0.078171 -0.285302 0.033051
-0.100827 -0.340211 0.020941
-0.172222 -0.329001 0.023305
-0.187210 -0.299795 -0.028980
-0.210482 -0.281254 -0.084102
-0.222825 -0.244665 -0.127073
-0.271624 -0.223437 -0.095348
-0.235845 -0.205423 -0.046250
-0.204884 -0.171266 -0.082375
-0.255754 -0.143081 -0.095739
-0.273244 -0.131191 -0.036402
-0.220487 -0.107019 -0.019316
-0.219237 -0.069767 -0.064611
-0.273715 -0.047994 -0.052850
-0.262418 -0.035560 0.009242
-0.213906 -0.004142 -0.004842
-0.247286 0.030372 -0.040658
-0.283557 0.047144 0.005891
-0.235865 0.066671 0.041275
-0.209825 0.098378 -0.002190
-0.259117 0.127465 -0.013272
-0.265719 0.145853 0.044235
-0.208513 0.169429 0.051308
-0.208657 0.198177 -0.002724
-0.257148 0.229968 0.015616
-0.213762 0.250823 0.063912
-0.151349 0.242794 0.067654
-0.120326 0.192716 0.080195
-0.068677 0.163085 0.104436
-0.045098 0.119233 0.135091
0.011021 0.088835 0.130671
-0.025107 0.034862 0.143418
-0.034211 -0.004363 0.102215
-0.055186 -0.061126 0.128409
-0.083194 -0.097681 0.164348
-0.089673 -0.068883 0.218299
-0.132034 -0.032549 0.181804
-0.175543 -0.077575 0.160586
-0.225593 -0.106424 0.174999
-0.255180 -0.162030 0.168995
-0.309556 -0.195795 0.148743
-0.335657 -0.236466 0.117862
-0.394216 -0.237232 0.142678
-0.405185 -0.182000 0.128635
-0.373179 -0.145003 0.099337
-0.328583 -0.111459 0.137702
-0.296003 -0.056720 0.147283
-0.237567 -0.022343 0.172922
-0.204658 0.021713 0.189411
-0.149155 0.036938 0.235878
-0.110915 0.081232 0.250866
-0.096973 0.133793 0.261928
-0.037409 0.139338 0.284996
-0.019407 0.156281 0.218278
-0.045488 0.198891 0.190439
-0.059984 0.240175 0.138216
-0.068513 0.272698 0.089118
-0.078109 0.313913 0.047196
-0.100274 0.361729 0.030892
-0.165722 0.339429 0.037409
-0.190921 0.325821 0.092511
-0.237854 0.313318 0.138443
-0.193340 0.316992 0.189185
-0.167424 0.351064 0.228517
-0.119588 0.319544 0.250558
-0.082825 0.317469 0.196937
-0.054796 0.364314 0.201933
-0.016680 0.349312 0.250989
0.015532 0.309457 0.223747
0.048420 0.341572 0.185197
0.081246 0.375507 0.222657
0.126683 0.342848 0.242025
0.155408 0.341504 0.182462
0.165066 0.400393 0.182380
0.202465 0.421434 0.227386
0.256471 0.415498 0.193709
0.244436 0.457632 0.152382
0.237957 0.503678 0.193976
0.295531 0.512354 0.228517
0.330962 0.541628 0.171997
0.292210 0.590770 0.151642
0.317163 0.637752 0.183675
0.323847 0.683969 0.147489
0.320136 0.734064 0.132850
0.288949 0.777252 0.103099
0.283824 0.829848 0.090558
0.256369 0.874567 0.067900
0.252104 0.911803 0.013313
0.228197 0.953256 -0.019892
0.185405 0.967902 -0.081388
0.139026 0.992584 -0.129067
0.099208 1.000000 -0.190686
0.076387 0.987889 -0.262113
0.012456 0.990576 -0.306605
-0.055965 0.965044 -0.328255
-0.125083 0.946673 -0.344765
-0.192766 0.936841 -0.354695
-0.247347 0.893227 -0.366435
-0.308715 0.875180 -0.361501
-0.360733 0.834934 -0.350871
-0.430549 0.817328 -0.340098
-0.477277 0.772098 -0.319352
-0.539936 0.746736 -0.304549
-0.571902 0.696931 -0.272228
-0.626729 0.665836 -0.241511
-0.649365 0.616592 -0.196834
-0.672698 0.580717 -0.154233
-0.674462 0.542342 -0.090249
-0.673662 0.524295 -0.023942
-0.676737 0.500804 0.045222
-0.644136 0.478418 0.105834
-0.636386 0.472329 0.174670
-0.588817 0.463994 0.232444
-0.554063 0.467413 0.292295
-0.493270 0.478912 0.331606
-0.448735 0.504291 0.373816
-0.404898 0.536814 0.400113
-0.351609 0.544775 0.438499
-0.309679 0.578744 0.463151
-0.243554 0.591621 0.476844
-0.204864 0.627189 0.505587
-0.140666 0.646972 0.511488
-0.097895 0.682421 0.528080
-0.048461 0.713924 0.537723
0.013748 0.719571 0.572161
0.064167 0.745562 0.598088
0.128589 0.728314 0.635240
0.191331 0.704789 0.654629
0.245420 0.685364 0.671981
0.289647 0.632615 0.664539
0.328768 0.584068 0.658206
0.345560 0.531133 0.622061
0.376357 0.488437 0.593894
0.353126 0.446661 0.554911
0.364260 0.401703 0.522488
0.339430 0.373738 0.471951
0.340722 0.323439 0.457003
0.318864 0.289725 0.415759
0.305414 0.238116 0.408111
0.288519 0.193992 0.384199
0.234943 0.156978 0.374701
0.254298 0.109094 0.342585
0.268261 0.047620 0.353256
0.302564 0.005316 0.360391
0.281056 -0.049321 0.366353
0.291430 -0.099790 0.365469
0.265452 -0.147418 0.349740
0.287391 -0.191509 0.375112
0.264673 -0.239885 0.370979
0.275109 -0.289844 0.381917
0.279805 -0.336911 0.348795
0.305270 -0.385203 0.355559
0.337933 -0.415464 0.305166
0.384743 -0.450590 0.284544
0.451524 -0.457139 0.255862
0.514942 -0.472431 0.243074
0.588879 -0.459588 0.256952
0.657484 -0.453294 0.275867
0.709954 -0.419121 0.316453
0.737183 -0.398607 0.374557
0.764227 -0.379964 0.432372
0.766093 -0.341266 0.491627
0.772326 -0.326076 0.560894
0.751269 -0.279706 0.609417
0.719344 -0.259175 0.664251
0.683504 -0.238082 0.719907
0.664599 -0.194911 0.770650
0.627057 -0.170059 0.821743
0.607968 -0.116188 0.853878
0.570528 -0.073509 0.891689
0.554904 -0.019689 0.922817
0.546990 0.035815 0.943089
0.556339 0.088971 0.971853
0.560050 0.153440 0.963793
0.556380 0.204998 0.985998
0.586029 0.264040 0.987767
0.601673 0.325055 0.994963
0.637678 0.372615 1.000000
0.679669 0.422591 0.973601
0.718135 0.467277 0.967289
0.775730 0.496007 0.933426
0.820756 0.534960 0.910090
0.873984 0.548296 0.862555
0.920548 0.581075 0.827499
0.955732 0.578217 0.761830
0.992004 0.590005 0.709257
1.000000 0.563554 0.640936
0.989748 0.565187 0.573354
0.979660 0.554777 0.512167
0.939063 0.517797 0.471046
0.903940 0.500719 0.419769
0.858360 0.462854 0.414197
0.809069 0.445283 0.380869
0.754426 0.452036 0.349329
0.717376 0.431913 0.308558
0.673908 0.433886 0.268733
0.635033 0.418798 0.226235
0.622546 0.423289 0.166096
0.576987 0.429735 0.125119
0.557754 0.428919 0.068147
0.516603 0.442544 0.026656
0.467045 0.427252 -0.009139
0.505469 0.434328 -0.066441
0.547625 0.394014 -0.073616
0.578196 0.358259 -0.113955
0.603477 0.306446 -0.149627
0.622566 0.260093 -0.179543
0.577335 0.226975 -0.155179
0.529848 0.223113 -0.195785
0.533355 0.172185 -0.215071
0.578545 0.143302 -0.168543
0.622259 0.125288 -0.122735
0.637924 0.170739 -0.089098
0.669910 0.207141 -0.039794
0.672268 0.257100 0.005644
0.658981 0.300782 0.037553
0.603047 0.310358 0.009591
0.568744 0.267714 0.027047
0.583158 0.266064 0.091545
0.556462 0.318115 0.105217
0.493126 0.314288 0.103490
0.434075 0.304252 0.117265
0.378818 0.279094 0.117019
0.316958 0.264618 0.105957
0.252678 0.269534 0.116895
0.195288 0.228897 0.123146
0.157500 0.188107 0.128060
0.152784 0.133351 0.163978
0.097588 0.112462 0.175060
0.101586 0.050307 0.177733
0.127400 0.001590 0.152999
0.157049 -0.034624 0.120082
0.129840 -0.038519 0.057476
0.095886 0.011950 0.046703
0.131686 0.047331 0.014464
0.152292 0.079089 -0.034346
0.195821 0.110217 -0.060416
0.179972 0.152845 -0.024806
0.202875 0.130442 0.029411
0.262623 0.117514 0.014012
0.275950 0.169600 -0.006466
0.242283 0.213060 0.012860
0.190060 0.240021 0.003958
0.146879 0.279638 0.019111
0.098326 0.258511 -0.023901
0.040177 0.229679 -0.007988
-0.017192 0.193669 -0.019707
-0.049650 0.150922 -0.038170
-0.001733 0.120882 -0.059203
0.006448 0.093020 -0.005274
-0.047497 0.064630 -0.014094
-0.030192 0.042806 -0.070368
0.017315 0.016951 -0.045346
-0.015060 -0.009925 -0.002313
-0.048071 -0.035049 -0.047833
0.003332 -0.058217 -0.072382
0.014773 -0.087441 -0.019522
-0.038947 -0.113296 -0.023655
-0.031771 -0.132534 -0.082868
0.021027 -0.158611 -0.069607
-0.007289 -0.189842 -0.027664
-0.052500 -0.208859 -0.066543
-0.011308 -0.229560 -0.111879
0.034293 -0.256419 -0.072033
0.036076 -0.264397 -0.007268
0.067263 -0.218436 0.026924
0.086147 -0.205423 0.098515
0.119875 -0.169293 0.065474
0.154527 -0.150480 0.017343
0.191310 -0.119147 0.060128
0.256389 -0.116579 0.093539
0.280379 -0.068219 0.132110
0.310971 -0.028143 0.165973
0.308900 0.012511 0.108754
0.307854 0.040101 0.053097
0.351137 0.007952 0.019522
0.318823 -0.036223 0.023449
0.268958 -0.017036 -0.007350
0.299201 -0.004992 -0.061300
0.317757 -0.053743 -0.074274
0.259978 -0.073577 -0.080709
0.243308 -0.043554 -0.128347
0.288867 -0.059731 -0.168522
0.267687 -0.110200 -0.173662
0.208288 -0.091047 -0.201830
0.221451 -0.041581 -0.237235
0.284767 -0.020591 -0.240175
0.326287 0.019434 -0.250537
0.298607 0.046922 -0.297250
0.245112 0.055904 -0.265012
0.273797 0.080943 -0.216119
0.299509 0.119216 -0.251031
0.245912 0.138012 -0.276011
0.217883 0.149374 -0.220951
0.260511 0.180758 -0.193976
0.253027 0.220817 -0.234438
0.195985 0.239545 -0.214968
0.223481 0.247047 -0.150409
0.289770 0.251027 -0.142760
0.330798 0.202684 -0.157132
0.384231 0.167898 -0.150964
0.410352 0.117293 -0.172244
0.453615 0.069342 -0.162416
0.488021 0.021458 -0.185402
0.526957 -0.020080 -0.200781
0.464359 -0.042500 -0.231087
0.416442 -0.065651 -0.263634
0.346135 -0.079650 -0.269514
0.287535 -0.095690 -0.288841
0.229017 -0.113109 -0.292891
0.172344 -0.142502 -0.286785
0.118789 -0.169446 -0.286086
0.065581 -0.180367 -0.253025
0.059861 -0.230122 -0.271303
0.114872 -0.250262 -0.253313
0.108475 -0.236109 -0.192968
0.054530 -0.261573 -0.176808
0.066012 -0.310052 -0.195970
0.119527 -0.316057 -0.161491
0.091990 -0.306735 -0.104169
0.048174 -0.347406 -0.111139
0.055391 -0.387686 -0.160175
0.040423 -0.380474 -0.229854
0.069662 -0.403506 -0.277080
0.057236 -0.418492 -0.340077
0.076202 -0.467634 -0.361604
0.033698 -0.467158 -0.421455
0.010631 -0.467158 -0.478859
-0.023323 -0.458670 -0.528615
-0.052705 -0.478963 -0.577158
-0.067386 -0.471648 -0.638859
-0.109090 -0.490904 -0.684626
-0.098264 -0.490257 -0.751509
-0.129307 -0.508441 -0.807206
-0.098859 -0.509819 -0.877481
-0.083030 -0.551171 -0.930959
-0.073844 -0.601997 -0.957728
-0.104210 -0.658079 -0.984025
-0.143188 -0.706422 -1.000000
-0.189486 -0.750819 -0.989124
-0.243493 -0.783665 -0.990049
-0.295306 -0.824302 -0.961614
-0.348903 -0.852998 -0.913667
-0.394687 -0.867644 -0.865639
-0.443281 -0.861146 -0.811689
-0.515229 -0.853713 -0.779882
-0.559497 -0.855210 -0.726877
-0.617892 -0.826820 -0.686291
-0.665870 -0.813110 -0.641593
-0.700440 -0.777746 -0.585834
-0.738761 -0.755769 -0.535050
-0.750038 -0.708072 -0.485644
-0.790656 -0.680941 -0.435333
-0.794798 -0.644828 -0.373652
-0.822868 -0.623532 -0.319373
-0.829409 -0.588661 -0.259419
-0.860000 -0.564132 -0.202940
-0.889034 -0.549946 -0.145783
-0.909578 -0.531915 -0.077337
-0.956286 -0.519906 -0.024970
-0.969142 -0.508492 0.050033
-0.997478 -0.503100 0.113832
-0.998134 -0.486362 0.189555
-1.000000 -0.481412 0.259234
-0.968404 -0.476564 0.331380
-0.939944 -0.462667 0.391087
-0.913966 -0.458006 0.448553
-0.855756 -0.457700 0.498885
-0.806526 -0.458040 0.552752
-0.742432 -0.469250 0.577281
-0.666404 -0.468825 0.590193
-0.607578 -0.472040 0.619121
-0.533375 -0.469964 0.597656
-0.469506 -0.472941 0.583696
-0.426571 -0.454247 0.524708
-0.373733 -0.438036 0.494012
-0.347508 -0.445810 0.436381
-0.311811 -0.441728 0.384631
-0.305209 -0.416042 0.329077
-0.281855 -0.435281 0.275826
-0.277939 -0.426776 0.216736
-0.262377 -0.436335 0.158509
-0.224260 -0.422591 0.110625
-0.229735 -0.424547 0.050239
-0.198692 -0.412572 -0.004020
-0.207878 -0.375065 -0.049889
-0.189117 -0.376460 -0.115374
-0.223460 -0.345059 -0.152670
-0.184749 -0.320649 -0.200411
-0.123771 -0.336112 -0.212706
-0.125596 -0.348121 -0.275991
-0.151390 -0.291035 -0.288409
-0.129000 -0.243543 -0.291329
-0.128651 -0.195081 -0.319702
-0.106343 -0.147537 -0.334567
-0.133162 -0.120882 -0.286949
-0.085614 -0.132092 -0.245541
-0.037409 -0.107444 -0.279116
-0.067365 -0.060905 -0.284688
-0.068657 -0.053063 -0.222061
-0.007412 -0.057962 -0.210321
0.011492 -0.017274 -0.245130
-0.022913 0.020132 -0.213529
0.006900 0.009891 -0.156227
0.068739 0.010453 -0.186554
0.089099 0.058625 -0.194572
0.134843 0.096507 -0.190892
0.085511 0.136226 -0.195066
0.041694 0.169940 -0.169324
0.013276 0.182680 -0.229648
-0.006489 0.126377 -0.244410
-0.040095 0.105318 -0.198437
-0.097014 0.094500 -0.175431
-0.154014 0.097715 -0.142020
-0.212368 0.085059 -0.122385
-0.240848 0.096575 -0.179378
-0.208042 0.061789 -0.215071
-0.219995 0.017852 -0.182873
-0.282429 0.017291 -0.198170
-0.267134 0.013532 -0.265073
-0.243370 -0.034131 -0.280000
-0.246671 -0.084498 -0.298484
-0.247798 -0.105641 -0.240319
-0.316158 -0.090400 -0.237851
-0.355300 -0.118671 -0.269761
-0.406334 -0.131123 -0.231046
-0.412936 -0.090451 -0.179933
-0.428826 -0.054424 -0.133549
-0.428068 -0.004176 -0.109062
