-0.024331 -0.685941 0.377410
0.006400 -0.719388 0.372523
0.035376 -0.733491 0.328555
0.068558 -0.739879 0.288321
0.105791 -0.753969 0.262646
0.125333 -0.767369 0.210349
0.140884 -0.758740 0.153148
0.168911 -0.734117 0.114274
0.184980 -0.717237 0.060462
0.194774 -0.697385 0.008871
0.190063 -0.668722 -0.043770
0.161496 -0.637660 -0.072594
0.132568 -0.606689 -0.088874
0.113170 -0.573060 -0.114618
0.083269 -0.546339 -0.108560
0.051180 -0.524636 -0.143528
0.012553 -0.514599 -0.160238
-0.015822 -0.476889 -0.154370
-0.034102 -0.439753 -0.158775
-0.050447 -0.408705 -0.204257
-0.081105 -0.386963 -0.233891
-0.084639 -0.338747 -0.239466
-0.066924 -0.293112 -0.237763
-0.043572 -0.262846 -0.261355
-0.028573 -0.238015 -0.299369
0.012373 -0.219349 -0.290128
0.049221 -0.210589 -0.315941
0.072921 -0.183112 -0.335886
0.091081 -0.148844 -0.348586
0.118530 -0.128092 -0.373349
0.145848 -0.102427 -0.397062
0.146197 -0.064965 -0.434405
0.167373 -0.031831 -0.465776
0.146329 0.000052 -0.502190
0.159104 0.043823 -0.515096
0.172529 0.079864 -0.534404
0.196745 0.108371 -0.499574
0.217297 0.125968 -0.458755
0.213090 0.097695 -0.406372
0.212165 0.078378 -0.359857
0.183850 0.051539 -0.330345
0.163190 0.034281 -0.282866
0.140139 0.008095 -0.247468
0.118482 -0.000417 -0.198234
0.080553 0.002307 -0.232979
0.051060 0.017988 -0.255763
0.058679 0.063962 -0.262732
0.100659 0.073816 -0.261080
0.132207 0.104930 -0.271440
0.169320 0.120923 -0.284122
0.194799 0.159128 -0.292778
0.218751 0.187700 -0.311691
0.221888 0.225071 -0.333219
0.237992 0.242225 -0.377118
0.235468 0.282737 -0.350616
0.253592 0.273521 -0.294396
0.289575 0.256472 -0.307801
0.325029 0.252496 -0.323255
0.352442 0.228382 -0.342253
0.368643 0.208126 -0.302226
0.340412 0.182095 -0.289457
0.340953 0.162517 -0.341289
0.378702 0.145729 -0.336247
0.377236 0.124065 -0.284880
0.342563 0.097031 -0.296117
0.321796 0.057966 -0.286618
0.299286 0.019409 -0.285947
0.287520 -0.018392 -0.275208
0.262582 -0.047108 -0.263162
0.260358 -0.028468 -0.210298
0.267726 0.013217 -0.203190
0.303708 0.028807 -0.204016
0.335449 0.053117 -0.205703
0.369316 0.059895 -0.240602
0.403280 0.071092 -0.265623
0.427857 0.077466 -0.309712
0.460667 0.092547 -0.270992
0.488285 0.113454 -0.250703
0.493561 0.148505 -0.209902
0.507779 0.182239 -0.182402
0.477312 0.196877 -0.138572
0.461076 0.214656 -0.091541
0.426872 0.237637 -0.071063
0.391274 0.241391 -0.103415
0.354630 0.243998 -0.120658
0.322962 0.236033 -0.152993
0.289659 0.240595 -0.181060
0.251801 0.224836 -0.186894
0.216648 0.217433 -0.220003
0.178694 0.201178 -0.217801
0.144346 0.184220 -0.243183
0.104000 0.174809 -0.242650
0.074495 0.149131 -0.271973
0.036253 0.141388 -0.286033
0.006352 0.134831 -0.321654
-0.019031 0.166415 -0.288270
0.002854 0.208387 -0.287857
0.019920 0.247374 -0.292038
0.047046 0.240700 -0.245369
0.084699 0.240895 -0.227024
0.116043 0.232879 -0.195825
0.151400 0.247061 -0.166192
0.190388 0.237545 -0.143804
0.225181 0.239227 -0.114033
0.264264 0.221408 -0.106685
0.296533 0.200566 -0.080442
0.333189 0.178433 -0.085484
0.361324 0.143760 -0.080958
0.395564 0.117886 -0.085139
0.418086 0.079277 -0.090560
0.439347 0.044292 -0.100163
0.456232 0.008785 -0.111916
0.477036 -0.013243 -0.061306
0.453985 -0.042415 -0.025959
0.460571 -0.080190 -0.002762
0.466580 -0.093603 0.047969
0.456725 -0.092677 0.111073
0.457158 -0.107263 0.160565
0.460799 -0.098934 0.221380
0.460331 -0.113116 0.277360
0.482420 -0.101476 0.321844
0.483754 -0.076853 0.379303
0.490905 -0.051839 0.425852
0.500111 -0.012696 0.463557
0.494366 0.020126 0.499368
0.502743 0.068954 0.503532
0.490460 0.111134 0.532460
0.478779 0.153602 0.526213
0.443217 0.182695 0.536160
0.412173 0.213144 0.555141
0.372765 0.236620 0.544557
0.334427 0.261542 0.549410
0.312854 0.297427 0.538775
0.277532 0.320837 0.513702
0.244903 0.351169 0.505907
0.237031 0.391342 0.471421
0.206516 0.427879 0.471541
0.185665 0.465719 0.444335
0.172457 0.501343 0.413411
0.161292 0.531935 0.378150
0.153864 0.553599 0.321723
0.135008 0.578209 0.273694
0.124227 0.570296 0.213946
0.094963 0.579460 0.173385
0.082379 0.573972 0.119178
0.056708 0.553899 0.073541
0.016976 0.532365 0.063113
-0.021062 0.524297 0.047109
-0.058114 0.517858 0.033497
-0.096152 0.522746 0.004397
-0.131486 0.512018 -0.015995
-0.171483 0.489103 -0.017751
-0.212033 0.488204 -0.002676
-0.249073 0.478480 0.002091
-0.283229 0.471141 0.037885
-0.320065 0.456281 0.046833
-0.351505 0.421726 0.060807
-0.384363 0.410751 0.101677
-0.427388 0.403452 0.094948
-0.462686 0.377369 0.078394
-0.498176 0.356852 0.069617
-0.514641 0.313408 0.052546
-0.534544 0.277497 0.043615
-0.531996 0.227991 0.031776
-0.514197 0.183803 0.048778
-0.517442 0.140058 0.065367
-0.490400 0.101945 0.070443
-0.459982 0.071600 0.098786
-0.436606 0.044748 0.132308
-0.423314 0.008016 0.161184
-0.406417 -0.034516 0.177636
-0.395288 -0.072838 0.203982
-0.379796 -0.111538 0.228040
-0.379532 -0.151894 0.248518
-0.373498 -0.193357 0.243768
-0.376659 -0.219336 0.190577
-0.362634 -0.204202 0.139846
-0.349570 -0.206822 0.086826
-0.327889 -0.186892 0.047694
-0.319092 -0.180297 -0.006582
-0.290728 -0.165880 -0.033858
-0.276847 -0.154709 -0.087549
-0.247559 -0.150590 -0.117509
-0.221539 -0.136487 -0.157433
-0.186854 -0.126580 -0.177257
-0.149177 -0.101658 -0.183108
-0.117413 -0.076970 -0.212225
-0.110226 -0.036823 -0.229451
-0.097919 0.003806 -0.240998
-0.109541 0.049545 -0.261855
-0.142976 0.081663 -0.267120
-0.176879 0.097239 -0.251977
-0.210687 0.074272 -0.241514
-0.244674 0.050796 -0.216562
-0.277737 0.029211 -0.199232
-0.305078 0.002229 -0.176483
-0.320486 -0.037110 -0.153251
-0.355723 -0.052517 -0.123102
-0.378979 -0.086681 -0.096962
-0.417185 -0.099025 -0.068688
-0.440585 -0.133606 -0.040449
-0.478719 -0.134414 -0.005240
-0.508728 -0.164864 0.024307
-0.538305 -0.192914 0.047522
-0.549218 -0.232970 0.082988
-0.564517 -0.257123 0.136352
-0.548605 -0.284340 0.187858
-0.555263 -0.315180 0.237900
-0.550900 -0.353059 0.270614
-0.527116 -0.388709 0.303121
-0.511853 -0.418976 0.347020
-0.489535 -0.463581 0.354265
-0.470883 -0.500574 0.381936
-0.455752 -0.548867 0.374072
-0.436198 -0.590644 0.384793
-0.434623 -0.638612 0.368634
-0.415947 -0.682408 0.344748
-0.404722 -0.721526 0.314823
-0.387139 -0.760174 0.289819
-0.383353 -0.795172 0.241015
-0.389146 -0.829141 0.201814
-0.391117 -0.860137 0.149913
-0.396790 -0.878594 0.090836
-0.416260 -0.893089 0.041344
-0.438758 -0.917308 -0.006014
-0.473803 -0.933093 -0.033996
-0.506409 -0.953974 -0.049294
-0.549278 -0.968534 -0.035372
-0.589696 -0.985597 -0.037317
-0.626039 -0.997237 0.000611
-0.664017 -0.999609 0.020143
-0.693714 -1.000000 0.061426
-0.733939 -0.989703 0.089906
-0.778863 -0.981699 0.087411
-0.808633 -0.966670 0.123136
-0.849819 -0.945150 0.132394
-0.879444 -0.919928 0.151255
-0.901798 -0.882570 0.131758
-0.918252 -0.846659 0.097599
-0.911557 -0.812456 0.063990
-0.896342 -0.785552 0.029848
-0.870190 -0.763876 -0.005102
-0.847728 -0.739761 -0.033686
-0.827718 -0.737897 -0.091145
-0.803585 -0.748208 -0.134270
-0.782661 -0.768646 -0.169892
-0.748866 -0.745210 -0.147744
-0.719012 -0.724654 -0.128798
-0.708112 -0.712949 -0.186619
-0.695625 -0.684298 -0.230500
-0.685361 -0.671446 -0.286893
-0.672886 -0.635157 -0.321586
-0.667454 -0.609896 -0.371422
-0.654534 -0.570635 -0.395307
-0.645653 -0.532795 -0.408558
-0.641026 -0.493352 -0.417971
-0.669725 -0.468456 -0.432048
-0.702595 -0.474986 -0.410330
-0.732485 -0.458445 -0.385412
-0.759634 -0.452189 -0.351632
-0.777481 -0.493848 -0.352682
-0.764742 -0.530749 -0.354729
-0.768023 -0.571052 -0.343802
-0.757315 -0.605907 -0.316337
-0.793237 -0.619750 -0.282402
-0.818139 -0.646172 -0.249206
-0.835650 -0.659584 -0.201470
-0.850144 -0.694257 -0.165211
-0.872077 -0.710954 -0.123102
-0.885694 -0.748729 -0.092677
-0.899215 -0.784262 -0.070581
-0.905031 -0.823822 -0.052598
-0.946254 -0.812990 -0.066279
-0.981492 -0.807529 -0.083126
-1.000000 -0.769663 -0.056539
-0.976660 -0.734169 -0.050413
-0.985157 -0.694035 -0.062837
-0.961553 -0.662726 -0.049965
-0.938599 -0.631182 -0.055369
-0.903517 -0.613572 -0.072457
-0.865239 -0.594411 -0.067742
-0.830770 -0.572916 -0.084744
-0.787865 -0.567494 -0.076518
-0.749298 -0.544527 -0.081009
-0.704843 -0.548880 -0.077602
-0.666625 -0.553508 -0.066485
-0.631147 -0.574116 -0.051548
-0.600704 -0.543836 -0.069703
-0.627962 -0.507299 -0.082489
-0.653272 -0.478049 -0.083866
-0.651902 -0.470541 -0.135371
-0.675206 -0.498814 -0.150807
-0.705864 -0.475951 -0.142547
-0.701261 -0.451354 -0.187772
-0.708713 -0.481308 -0.227747
-0.745092 -0.498006 -0.199835
-0.783130 -0.516867 -0.198510
-0.821084 -0.529211 -0.178031
-0.854987 -0.545087 -0.169049
-0.879096 -0.557887 -0.130192
-0.900849 -0.583462 -0.168016
-0.872690 -0.602153 -0.204429
-0.834063 -0.598790 -0.210091
-0.815303 -0.570492 -0.238279
-0.780318 -0.557236 -0.263610
-0.757315 -0.519291 -0.276516
-0.746991 -0.482416 -0.283572
-0.735646 -0.438228 -0.274486
-0.701646 -0.442582 -0.311329
-0.668259 -0.452905 -0.327368
-0.632697 -0.472901 -0.340842
-0.590873 -0.481751 -0.326421
-0.555047 -0.500026 -0.323840
-0.534027 -0.471141 -0.301692
-0.556837 -0.476746 -0.258757
-0.575478 -0.521351 -0.270579
-0.582737 -0.562358 -0.274641
-0.604935 -0.566699 -0.219384
-0.638886 -0.581989 -0.188305
-0.662671 -0.588728 -0.137402
-0.699831 -0.603496 -0.115495
-0.733146 -0.606064 -0.085931
-0.769537 -0.626567 -0.075589
-0.807996 -0.624417 -0.051101
-0.840661 -0.642001 -0.027869
-0.879805 -0.634141 -0.002917
-0.913192 -0.635183 0.030606
-0.944127 -0.634493 0.067329
-0.937805 -0.657525 0.110505
-0.933262 -0.677807 0.165349
-0.900068 -0.670247 0.139071
-0.878459 -0.668578 0.094862
-0.860407 -0.680375 0.048743
-0.823343 -0.689473 0.016959
-0.795040 -0.682161 -0.027319
-0.759093 -0.686918 -0.060101
-0.732365 -0.668409 -0.102968
-0.707907 -0.659167 -0.151255
-0.683883 -0.633424 -0.186877
-0.662863 -0.626802 -0.235663
-0.642552 -0.598504 -0.268962
-0.625558 -0.589796 -0.319400
-0.603865 -0.569905 -0.356708
-0.593625 -0.558383 -0.411105
-0.577028 -0.543367 -0.453696
-0.567522 -0.505592 -0.487580
-0.551129 -0.474726 -0.516628
-0.539026 -0.436299 -0.485188
-0.500159 -0.436286 -0.496356
-0.463239 -0.422926 -0.511947
-0.428326 -0.412224 -0.511500
-0.392259 -0.399450 -0.484603
-0.359557 -0.382231 -0.476170
-0.332348 -0.362522 -0.451442
-0.332792 -0.335358 -0.503670
-0.330858 -0.308533 -0.547603
-0.288697 -0.312756 -0.541511
-0.251284 -0.322258 -0.560045
-0.208728 -0.323640 -0.550838
-0.169404 -0.330066 -0.576909
-0.131102 -0.347845 -0.586598
-0.101993 -0.356839 -0.629396
-0.076635 -0.366524 -0.666721
-0.055062 -0.381397 -0.705681
-0.048860 -0.421035 -0.717624
-0.074543 -0.450390 -0.710586
-0.093568 -0.484358 -0.718915
-0.121932 -0.509972 -0.727760
-0.140896 -0.509893 -0.674224
-0.145427 -0.481960 -0.636950
-0.162565 -0.463568 -0.594393
-0.181410 -0.428635 -0.576221
-0.222020 -0.442686 -0.555949
-0.259577 -0.441474 -0.529586
-0.298360 -0.442452 -0.530429
-0.335304 -0.434813 -0.498473
-0.371011 -0.452254 -0.477341
-0.411272 -0.454561 -0.454694
-0.445548 -0.475260 -0.428881
-0.481687 -0.491449 -0.406286
-0.491662 -0.526539 -0.427539
-0.482228 -0.563675 -0.440411
-0.463648 -0.589653 -0.473675
-0.486927 -0.577231 -0.517333
-0.477120 -0.534268 -0.513702
-0.437652 -0.534438 -0.502637
-0.416981 -0.542011 -0.552508
-0.388293 -0.523345 -0.577374
-0.373522 -0.498488 -0.624749
-0.346493 -0.480709 -0.662213
-0.336758 -0.444003 -0.701878
-0.334139 -0.418611 -0.746087
-0.342551 -0.381540 -0.777063
-0.301905 -0.359837 -0.779145
-0.261993 -0.363148 -0.788317
-0.234843 -0.391264 -0.798367
-0.233954 -0.428765 -0.824163
-0.195868 -0.426054 -0.830151
-0.186133 -0.421570 -0.774791
-0.219977 -0.445215 -0.750338
-0.240396 -0.472510 -0.709123
-0.270490 -0.498788 -0.682123
-0.292339 -0.521586 -0.647465
-0.326423 -0.534412 -0.632287
-0.313191 -0.549415 -0.578544
-0.288938 -0.513921 -0.560716
-0.273410 -0.479835 -0.584757
-0.242066 -0.479835 -0.615784
-0.210639 -0.462017 -0.640099
-0.183261 -0.462955 -0.689488
-0.163323 -0.468691 -0.733783
-0.154886 -0.468286 -0.794891
-0.120970 -0.441943 -0.789969
-0.099061 -0.410529 -0.784979
-0.083773 -0.372116 -0.770162
-0.082043 -0.326273 -0.784342
-0.076046 -0.284340 -0.780246
-0.072885 -0.274342 -0.832079
-0.110574 -0.285370 -0.836243
-0.126883 -0.288133 -0.775566
-0.139514 -0.273586 -0.724422
-0.181050 -0.288498 -0.734437
-0.217922 -0.309132 -0.716265
-0.257173 -0.326729 -0.722615
-0.290993 -0.346946 -0.698832
-0.325281 -0.370852 -0.695184
-0.350471 -0.394562 -0.656998
-0.373054 -0.429352 -0.637897
-0.405275 -0.448669 -0.607747
-0.429996 -0.486261 -0.600296
-0.453023 -0.517102 -0.579474
-0.480966 -0.540434 -0.602172
-0.519244 -0.534672 -0.593826
-0.561909 -0.545530 -0.578923
-0.587364 -0.516189 -0.567428
-0.567450 -0.497445 -0.609485
-0.534604 -0.487004 -0.631461
-0.501349 -0.468638 -0.628139
-0.471952 -0.441539 -0.608005
-0.445716 -0.404260 -0.607438
-0.407366 -0.384030 -0.609244
-0.374147 -0.353398 -0.607265
-0.332684 -0.342136 -0.617849
-0.295247 -0.327081 -0.619828
-0.256008 -0.323275 -0.640667
-0.215590 -0.314854 -0.633164
-0.177216 -0.312000 -0.656895
-0.138337 -0.303658 -0.648377
-0.100419 -0.300660 -0.661369
-0.062405 -0.306721 -0.650253
-0.024391 -0.302328 -0.658427
0.010558 -0.313186 -0.687096
0.045688 -0.315037 -0.714148
0.046793 -0.315689 -0.774998
0.067369 -0.279087 -0.781864
0.096669 -0.246943 -0.800897
0.116343 -0.216911 -0.822356
0.121186 -0.187518 -0.866754
0.138012 -0.161813 -0.899932
0.143372 -0.135444 -0.942248
0.185617 -0.147423 -0.941198
0.223979 -0.156769 -0.944020
0.238942 -0.114810 -0.957116
0.257161 -0.080046 -0.936844
0.271331 -0.036706 -0.945552
0.299550 -0.003558 -0.925710
0.313635 0.036862 -0.912271
0.341758 0.058591 -0.874429
0.362033 0.081767 -0.842404
0.377296 0.092586 -0.795011
0.352539 0.122853 -0.781434
0.323779 0.107041 -0.756275
0.301869 0.105503 -0.714165
0.285176 0.086068 -0.675067
0.252366 0.072056 -0.698127
0.247799 0.058461 -0.749925
0.230421 0.042428 -0.793101
0.238605 0.017115 -0.838515
0.205976 -0.014078 -0.826830
0.178406 -0.048085 -0.840321
0.159525 -0.084921 -0.829015
0.132159 -0.120558 -0.841440
0.097787 -0.146432 -0.825625
0.069580 -0.182213 -0.821323
0.033838 -0.203420 -0.801086
0.000775 -0.227000 -0.778904
-0.004068 -0.225306 -0.725489
-0.007337 -0.210733 -0.667977
0.014957 -0.189121 -0.634885
0.045399 -0.215152 -0.639273
0.046048 -0.226974 -0.691123
0.052081 -0.183086 -0.701603
0.084879 -0.169830 -0.676805
0.116668 -0.152859 -0.694031
0.158263 -0.156469 -0.693136
0.195015 -0.140241 -0.698746
0.237463 -0.150929 -0.714096
0.274263 -0.164564 -0.714905
0.304898 -0.190190 -0.728397
0.332540 -0.161266 -0.761730
0.355543 -0.124769 -0.764810
0.363728 -0.106859 -0.714320
0.398749 -0.103887 -0.692224
0.382536 -0.068915 -0.658427
0.348212 -0.050927 -0.666308
0.331699 -0.026304 -0.701551
0.294767 -0.047095 -0.694806
0.252354 -0.050705 -0.693515
0.218414 -0.071509 -0.687595
0.181302 -0.070635 -0.676048
0.155619 -0.100068 -0.666067
0.124684 -0.074911 -0.689230
0.141846 -0.056493 -0.738326
0.176495 -0.056610 -0.762607
0.205122 -0.031648 -0.748066
0.240264 -0.011158 -0.753831
0.270946 0.005657 -0.722907
0.298805 0.026604 -0.697765
0.323190 0.024036 -0.647861
0.357670 0.033056 -0.678027
0.381202 0.039156 -0.715800
0.405179 0.043262 -0.758495
0.438421 0.028103 -0.793807
0.463323 0.023397 -0.835193
0.492215 0.007860 -0.807212
0.469477 -0.026122 -0.795854
0.432568 -0.024779 -0.832784
0.413880 -0.027086 -0.881416
0.390745 -0.066164 -0.861419
0.355459 -0.090670 -0.855603
0.333778 -0.129631 -0.841956
0.299959 -0.143434 -0.822717
0.275141 -0.168305 -0.796267
0.233870 -0.180544 -0.786734
0.196469 -0.184064 -0.758271
0.161616 -0.204268 -0.745347
0.133073 -0.211710 -0.699263
0.107738 -0.220118 -0.657807
0.087030 -0.239631 -0.614287
0.089050 -0.281863 -0.611774
0.084038 -0.329597 -0.604478
0.109661 -0.314698 -0.640203
0.128794 -0.291913 -0.677786
0.137519 -0.272765 -0.727571
0.166183 -0.264058 -0.773483
0.190676 -0.234808 -0.804046
0.225878 -0.229216 -0.836897
0.223702 -0.205506 -0.883601
0.244290 -0.170130 -0.867494
0.265454 -0.132342 -0.886716
0.294142 -0.098790 -0.880400
0.313659 -0.065408 -0.902255
0.342335 -0.037266 -0.890003
0.361011 0.000065 -0.902720
0.387283 0.029797 -0.901309
0.402919 0.071561 -0.901739
0.425105 0.102988 -0.902530
0.440705 0.136735 -0.868406
0.459465 0.165033 -0.843419
0.478791 0.154501 -0.789143
0.515783 0.165398 -0.796732
0.552295 0.182109 -0.792103
0.588962 0.184298 -0.791380
0.622938 0.169673 -0.766858
0.656818 0.170625 -0.743403
0.688594 0.155348 -0.719603
0.687476 0.197881 -0.688989
0.684496 0.225175 -0.636314
0.713159 0.246357 -0.659924
0.744912 0.263876 -0.678027
0.787745 0.267968 -0.673622
0.820976 0.299356 -0.676186
0.857379 0.320186 -0.690486
0.879805 0.360398 -0.696819
0.896474 0.395201 -0.713683
0.900308 0.430564 -0.738481
0.927013 0.413945 -0.778112
0.910223 0.397417 -0.824283
0.895789 0.389100 -0.874894
0.873435 0.379767 -0.915919
0.859650 0.339190 -0.912425
0.854326 0.317201 -0.868406
0.840241 0.286269 -0.837981
0.816637 0.273665 -0.793118
0.782469 0.247347 -0.815438
0.750657 0.218762 -0.816436
0.712450 0.207513 -0.831752
0.678258 0.179853 -0.817778
0.643934 0.155009 -0.834677
0.605476 0.133880 -0.830960
0.570947 0.108397 -0.845260
0.535289 0.085365 -0.851404
0.517177 0.089366 -0.899399
0.508656 0.095623 -0.959405
0.523198 0.117847 -1.000000
0.517886 0.156469 -0.974548
0.524604 0.150460 -0.922716
0.563580 0.142861 -0.929015
0.579624 0.180570 -0.953606
0.611172 0.208699 -0.947324
0.626171 0.250776 -0.925194
0.649078 0.287442 -0.910481
0.655400 0.324787 -0.870884
0.653200 0.361128 -0.844245
0.644980 0.386011 -0.792963
0.634728 0.413462 -0.754864
0.631207 0.420996 -0.701534
0.613708 0.457116 -0.707265
0.576992 0.442921 -0.721255
0.560215 0.421792 -0.675549
0.550035 0.453701 -0.634988
0.516192 0.470998 -0.665104
0.478683 0.474165 -0.671402
0.461785 0.485792 -0.729309
0.443024 0.485492 -0.778009
0.449478 0.480161 -0.840838
0.452363 0.475951 -0.894511
0.489799 0.466084 -0.927689
0.523619 0.459905 -0.948391
0.557126 0.436977 -0.925693
0.592544 0.442686 -0.935795
0.626532 0.443807 -0.922338
0.660303 0.451641 -0.926055
0.689760 0.464376 -0.905490
0.715179 0.487995 -0.892463
0.750693 0.497419 -0.902135
0.758877 0.486939 -0.845622
0.761329 0.445267 -0.842541
0.785233 0.411090 -0.837637
0.756570 0.381749 -0.866306
0.745705 0.342462 -0.897420
0.724853 0.310501 -0.931665
0.708460 0.275581 -0.957288
0.675338 0.256446 -0.970246
0.695709 0.215243 -0.974308
0.723375 0.219792 -0.924265
0.732773 0.246331 -0.883412
0.760379 0.274877 -0.886767
0.787132 0.304883 -0.863777
0.805905 0.347493 -0.870849
0.822129 0.383143 -0.881003
0.818283 0.430355 -0.894202
0.839123 0.450038 -0.844985
0.849952 0.464702 -0.796078
0.860648 0.469890 -0.736037
0.850144 0.478636 -0.675721
0.844964 0.480656 -0.620826
0.831840 0.518184 -0.613564
0.801121 0.504197 -0.643989
0.805196 0.456112 -0.643249
0.806337 0.420410 -0.618262
0.769441 0.408131 -0.648084
0.746510 0.385477 -0.681538
0.704542 0.380302 -0.693274
0.682633 0.354506 -0.734403
0.664666 0.332816 -0.774963
0.645965 0.296827 -0.797197
0.622325 0.277093 -0.838205
0.594671 0.248130 -0.855310
0.570827 0.235681 -0.902565
0.545384 0.220783 -0.940475
0.508320 0.210316 -0.969678
0.473046 0.216820 -0.945414
0.432773 0.220222 -0.917898
0.462085 0.239918 -0.894253
0.495388 0.249198 -0.874653
0.527765 0.243437 -0.841991
0.555600 0.256863 -0.795682
0.590333 0.263067 -0.770472
0.620631 0.276180 -0.729842
0.658224 0.289776 -0.714922
0.692668 0.299604 -0.697008
0.728687 0.321606 -0.696991
0.765607 0.326612 -0.672693
0.796699 0.355601 -0.669251
0.830975 0.365768 -0.647310
0.859903 0.392216 -0.631736
0.899155 0.406280 -0.618709
0.926700 0.434722 -0.593000
0.943526 0.480187 -0.586374
0.947516 0.514781 -0.557997
0.934957 0.562762 -0.549944
0.921376 0.582432 -0.495651
0.899539 0.601124 -0.444266
0.884336 0.620845 -0.393690
0.846538 0.633293 -0.362611
0.812755 0.647084 -0.339035
0.774873 0.657981 -0.327832
0.782974 0.698936 -0.295067
0.782817 0.734208 -0.259927
0.746282 0.727482 -0.222120
0.724793 0.727026 -0.164592
0.691599 0.722477 -0.117147
0.670494 0.731197 -0.056608
0.656217 0.720952 0.006754
0.645160 0.733583 0.069772
0.645052 0.740113 0.130777
0.652972 0.741756 0.187359
0.650785 0.697815 0.193863
0.681311 0.677911 0.169255
0.711345 0.648948 0.160754
0.744804 0.625394 0.150584
0.751558 0.601306 0.100644
0.738170 0.607198 0.048881
0.731692 0.612190 -0.006135
0.735453 0.634258 -0.061323
0.762266 0.617678 -0.109455
0.776820 0.606794 -0.168050
0.806385 0.598712 -0.215288
0.819557 0.600211 -0.278375
0.838991 0.580359 -0.329742
0.854254 0.572747 -0.389886
0.861069 0.549258 -0.441409
0.869541 0.521937 -0.490350
0.889888 0.489611 -0.479887
0.899683 0.454809 -0.457929
0.913372 0.464519 -0.403240
0.913865 0.497719 -0.370062
0.925186 0.520308 -0.316440
0.912230 0.547173 -0.271027
0.914742 0.584635 -0.230621
0.910019 0.613220 -0.177756
0.902592 0.657212 -0.148450
0.905176 0.693722 -0.119694
0.905019 0.741378 -0.121174
0.869313 0.759431 -0.086705
0.844435 0.776493 -0.043667
0.846394 0.766782 0.010506
0.832429 0.782255 0.056590
0.840950 0.760304 0.099578
0.835277 0.723272 0.082421
0.805364 0.704085 0.060135
0.831516 0.676569 0.023808
0.843510 0.638338 -0.013724
0.860251 0.601528 -0.035510
0.864073 0.557001 -0.052305
0.884264 0.560338 -0.110109
0.907183 0.550692 -0.161735
0.889696 0.511966 -0.186154
0.846118 0.520087 -0.173660
0.835806 0.561029 -0.158465
0.820807 0.595102 -0.127679
0.809967 0.600433 -0.072629
0.787673 0.623439 -0.029814
0.783635 0.641714 0.028936
0.779861 0.653510 0.085914
0.796711 0.673362 0.136972
0.765643 0.705558 0.157209
0.738194 0.734990 0.165504
0.706441 0.765374 0.172800
0.686287 0.807555 0.163714
0.666733 0.840220 0.149087
0.691635 0.867632 0.172335
0.722510 0.855080 0.135182
0.711946 0.828593 0.083023
0.701249 0.821880 0.023361
0.740910 0.808572 -0.004879
0.765655 0.785474 -0.050361
0.802215 0.770940 -0.084055
0.828655 0.747113 -0.126251
0.860684 0.718358 -0.156177
0.876644 0.688626 -0.204326
0.902147 0.654644 -0.236782
0.920066 0.628731 -0.289147
0.938995 0.587411 -0.317025
0.962984 0.555724 -0.343836
1.000000 0.572213 -0.370664
0.988667 0.610483 -0.405632
0.949908 0.632094 -0.379819
0.916365 0.667092 -0.349756
0.883302 0.687922 -0.298887
0.842789 0.709260 -0.258051
0.811746 0.723846 -0.197013
0.771484 0.738380 -0.148949
0.735742 0.762155 -0.097306
0.697812 0.771279 -0.039967
0.659029 0.797257 0.007030
0.618936 0.807346 0.061977
0.583386 0.834185 0.113241
0.553773 0.852303 0.176706
0.515194 0.879507 0.222309
0.484824 0.899698 0.284346
0.443793 0.920788 0.332771
0.402943 0.950077 0.372884
0.368162 0.971467 0.429759
0.322120 0.985284 0.471713
0.279612 0.999531 0.518435
0.233137 0.995725 0.561680
0.188309 0.999831 0.601724
0.146100 1.000000 0.649513
0.111416 0.989585 0.704821
0.075890 0.980617 0.756378
0.041830 0.946949 0.761231
0.025293 0.904273 0.782260
0.006364 0.862679 0.771487
-0.002662 0.815871 0.783034
0.002290 0.772022 0.773621
0.008924 0.731966 0.794581
0.015161 0.692588 0.809243
0.032467 0.660367 0.828327
0.056252 0.651842 0.786923
0.085144 0.676191 0.805199
0.119215 0.674939 0.823492
0.150788 0.690333 0.834402
0.149345 0.718736 0.791329
0.122617 0.745262 0.771642
0.107221 0.776193 0.745691
0.084735 0.811022 0.753108
0.113230 0.843596 0.730858
0.130585 0.872286 0.691777
0.159597 0.907649 0.689660
0.180977 0.930968 0.644557
0.213835 0.936586 0.601174
0.246045 0.950664 0.560940
0.271595 0.944368 0.508402
0.303179 0.944485 0.461492
0.328214 0.914440 0.444593
0.362093 0.891238 0.434216
0.366780 0.869626 0.486909
0.370806 0.886128 0.536538
0.352298 0.924203 0.540703
0.313503 0.902435 0.561938
0.300740 0.897990 0.625455
0.277160 0.891694 0.680660
0.263315 0.900050 0.743368
0.242655 0.891355 0.804648
0.209689 0.896713 0.853899
0.189114 0.907271 0.908760
0.167998 0.913814 0.960386
0.143528 0.879820 0.982275
0.143012 0.838825 1.000000
0.131823 0.794429 0.996059
0.132279 0.755168 0.982396
0.116668 0.762702 0.932043
0.147422 0.795394 0.911376
0.169764 0.816249 0.863329
0.202346 0.820055 0.822562
0.229111 0.834420 0.783998
0.261608 0.851443 0.756567
0.243785 0.850009 0.697593
0.200687 0.859616 0.703117
0.174848 0.864269 0.742456
0.160811 0.829988 0.769422
0.138433 0.806590 0.799761
0.132856 0.771879 0.841044
0.138276 0.740126 0.873121
0.145031 0.715347 0.927225
0.109312 0.689330 0.921512
0.075096 0.673284 0.919653
0.035905 0.662921 0.903976
-0.004645 0.654670 0.925642
-0.043753 0.647123 0.926795
-0.045688 0.625616 0.970195
-0.032816 0.666141 0.993409
-0.026398 0.707748 0.956015
-0.029246 0.754282 0.929617
-0.000018 0.792591 0.942506
0.028297 0.830001 0.920669
0.068486 0.855575 0.909552
0.101272 0.890808 0.887645
0.143540 0.910060 0.868595
0.175377 0.935921 0.831167
0.215818 0.938502 0.796405
0.254457 0.953635 0.762728
0.288097 0.940601 0.720051
0.327216 0.925559 0.687922
0.362141 0.906554 0.653884
0.391995 0.913801 0.614579
0.412967 0.941252 0.586718
0.374376 0.958954 0.622788
0.340580 0.981960 0.659390
0.298564 0.985962 0.694754
0.252174 0.994317 0.716815
0.211564 0.985714 0.757737
0.165606 0.968273 0.771023
0.125850 0.949608 0.807918
0.086009 0.918768 0.818811
0.049485 0.890899 0.850595
0.019956 0.852838 0.847171
-0.001592 0.810162 0.863777
-0.017781 0.767108 0.849287
-0.035172 0.727144 0.842507
-0.040976 0.683986 0.816969
-0.048932 0.648127 0.797988
-0.036289 0.606220 0.784583
-0.018310 0.568367 0.777510
-0.006015 0.541229 0.823698
-0.027552 0.505501 0.819086
-0.034126 0.467192 0.802531
-0.044786 0.429495 0.800002
-0.057706 0.386454 0.818725
-0.062729 0.345525 0.827966
-0.068138 0.308128 0.852109
-0.033140 0.293321 0.819620
-0.000931 0.280338 0.791724
-0.024968 0.244584 0.765395
-0.038440 0.215960 0.720619
-0.059316 0.178381 0.697748
-0.066503 0.150525 0.647000
-0.087643 0.123765 0.604529
-0.089855 0.104265 0.545986
-0.094686 0.093407 0.494153
-0.096573 0.097070 0.439946
-0.134070 0.091074 0.435386
-0.150751 0.125368 0.447690
-0.169248 0.159650 0.438828
-0.180389 0.196799 0.444679
-0.188333 0.204476 0.498886
-0.169620 0.190399 0.541684
-0.158708 0.189551 0.597422
-0.131102 0.194765 0.641924
-0.133024 0.237584 0.672521
-0.125321 0.272127 0.714940
-0.119780 0.315102 0.736605
-0.108808 0.349110 0.780625
-0.110346 0.394405 0.804648
-0.096116 0.436299 0.830599
-0.095756 0.480474 0.855104
-0.092523 0.526930 0.867064
-0.104325 0.557718 0.834729
-0.129455 0.582979 0.808606
-0.151316 0.570818 0.766961
-0.123494 0.559725 0.733886
-0.099325 0.541646 0.766032
-0.125753 0.508785 0.776667
-0.135212 0.488295 0.722666
-0.137063 0.451915 0.692964
-0.118230 0.418859 0.655484
-0.107858 0.388449 0.614751
-0.072140 0.368440 0.588250
-0.037275 0.367710 0.566791
-0.002494 0.378725 0.555915
-0.002638 0.389804 0.503205
-0.018226 0.352186 0.487976
-0.019728 0.315219 0.512911
-0.041313 0.284353 0.483725
-0.022961 0.264853 0.444145
-0.035508 0.282750 0.399592
-0.072945 0.270693 0.413858
-0.083761 0.241521 0.453352
-0.099830 0.276089 0.487872
-0.122701 0.297440 0.534267
-0.141377 0.329492 0.567737
-0.165702 0.352955 0.598764
-0.164837 0.390652 0.623579
-0.189450 0.374163 0.668494
-0.170846 0.332986 0.680609
-0.144117 0.307216 0.658960
-0.149321 0.281160 0.617006
-0.137195 0.247895 0.582227
-0.132976 0.234339 0.522169
-0.136353 0.228825 0.469924
-0.130657 0.235434 0.411707
-0.117593 0.191415 0.399713
-0.089362 0.163677 0.398061
-0.058571 0.135939 0.408799
-0.017589 0.120793 0.418763
0.011832 0.099820 0.440067
0.037936 0.106611 0.403292
0.035760 0.147201 0.418556
0.016050 0.145233 0.475809
0.015185 0.132772 0.527951
0.020738 0.178133 0.546175
0.009008 0.214591 0.572797
0.017973 0.254139 0.592759
-0.004681 0.285279 0.609709
-0.021074 0.325830 0.623218
-0.040940 0.351756 0.654916
-0.059340 0.391108 0.662660
-0.066491 0.424855 0.693412
-0.083822 0.464454 0.684498
-0.097378 0.503493 0.683723
-0.099169 0.550705 0.677356
-0.069820 0.576657 0.675739
-0.046156 0.616479 0.680626
-0.023009 0.597800 0.640392
-0.025353 0.557379 0.668322
-0.030641 0.519552 0.680849
-0.028862 0.484019 0.707850
-0.014007 0.440288 0.722666
-0.015618 0.398068 0.716867
-0.004405 0.354884 0.715817
-0.006147 0.309302 0.700398
-0.005090 0.268790 0.692018
-0.014043 0.235382 0.652111
-0.022600 0.194492 0.638327
-0.026314 0.166688 0.593447
-0.033357 0.126985 0.574913
-0.034619 0.093681 0.540823
-0.050291 0.056232 0.519863
-0.049089 0.021559 0.488561
-0.053668 0.001290 0.432908
-0.055146 -0.018444 0.386015
-0.038128 0.001551 0.335834
-0.005859 -0.023098 0.323100
0.024319 -0.046365 0.299111
0.056168 -0.061785 0.283451
0.092919 -0.055476 0.257639
0.122593 -0.056362 0.224873
0.148708 -0.042689 0.190697
0.127953 -0.071261 0.148106
0.118122 -0.098556 0.109438
0.160126 -0.110248 0.108388
0.190436 -0.141232 0.118507
0.227969 -0.153641 0.124203
0.253484 -0.190203 0.132429
0.286438 -0.210159 0.149104
0.301437 -0.253239 0.149723
0.319296 -0.286334 0.152442
0.325774 -0.326090 0.158018
0.325281 -0.345994 0.204636
0.305247 -0.342592 0.246969
0.287015 -0.354897 0.288218
0.256512 -0.365312 0.312224
0.246020 -0.327224 0.336815
0.253844 -0.290114 0.317301
0.255371 -0.250554 0.298905
0.250059 -0.225775 0.253629
0.221647 -0.195808 0.283813
0.195568 -0.159076 0.291660
0.162517 -0.141570 0.296082
0.138781 -0.101606 0.292675
0.114853 -0.072226 0.323479
0.087740 -0.039235 0.339190
