0.383480 0.010110 -0.781200
0.371399 -0.032781 -0.767732
0.398562 -0.061852 -0.787458
0.433090 -0.059535 -0.778553
0.462845 -0.077172 -0.765228
0.487533 -0.084356 -0.738468
0.518390 -0.079322 -0.720226
0.543700 -0.084106 -0.696190
0.562899 -0.091441 -0.662286
0.579823 -0.090224 -0.630298
0.604135 -0.113128 -0.602818
0.621165 -0.142183 -0.574197
0.639027 -0.171438 -0.550394
0.655118 -0.194159 -0.522105
0.675713 -0.208278 -0.495722
0.698020 -0.234933 -0.472085
0.709233 -0.262804 -0.441858
0.724268 -0.272139 -0.408009
0.725582 -0.259787 -0.373186
0.707028 -0.263321 -0.336446
0.711484 -0.270306 -0.300481
0.686656 -0.263654 -0.274341
0.688368 -0.298861 -0.249265
0.715237 -0.277574 -0.230103
0.699510 -0.230999 -0.224465
0.671233 -0.247868 -0.207541
0.689388 -0.271072 -0.182652
0.707637 -0.230349 -0.171499
0.678176 -0.201927 -0.163878
0.661123 -0.231032 -0.141161
0.687711 -0.234216 -0.118244
0.691617 -0.180607 -0.113825
0.655306 -0.155936 -0.114356
0.634805 -0.196959 -0.095870
0.641115 -0.247168 -0.086212
0.632576 -0.287292 -0.109538
0.632248 -0.323565 -0.133762
0.639989 -0.337201 -0.166426
0.613717 -0.375357 -0.168187
0.583365 -0.346636 -0.174744
0.595797 -0.339234 -0.210996
0.593287 -0.377941 -0.233448
0.563040 -0.361072 -0.250539
0.578169 -0.316664 -0.260385
0.605613 -0.337384 -0.278085
0.585534 -0.365472 -0.299706
0.567754 -0.325999 -0.314160
0.597321 -0.303195 -0.327075
0.609577 -0.342735 -0.345650
0.580831 -0.348036 -0.365609
0.582344 -0.298961 -0.376918
0.613729 -0.304745 -0.392569
0.606434 -0.342568 -0.414079
0.580444 -0.313313 -0.429840
0.601438 -0.270406 -0.438546
0.627838 -0.298010 -0.457343
0.596535 -0.326082 -0.474743
0.569947 -0.306479 -0.493850
0.545388 -0.299361 -0.517996
0.525767 -0.278007 -0.547603
0.492928 -0.256403 -0.525550
0.471817 -0.244268 -0.497959
0.490266 -0.270456 -0.474444
0.519082 -0.239150 -0.475043
0.502744 -0.200410 -0.459126
0.497678 -0.227298 -0.429874
0.532440 -0.235366 -0.422663
0.542492 -0.185774 -0.420658
0.519340 -0.171038 -0.396523
0.530212 -0.204644 -0.373042
0.564412 -0.188341 -0.370660
0.559615 -0.139249 -0.363250
0.542574 -0.147834 -0.332768
0.568657 -0.176072 -0.317793
0.591469 -0.134132 -0.318668
0.571472 -0.105427 -0.297203
0.570980 -0.139566 -0.271085
0.606997 -0.138016 -0.267175
0.613717 -0.087940 -0.262844
0.593193 -0.080756 -0.234157
0.615101 -0.121163 -0.215427
0.652045 -0.115829 -0.233503
0.685670 -0.097442 -0.243284
0.695135 -0.096492 -0.281430
0.715636 -0.053268 -0.289992
0.745532 -0.026863 -0.287555
0.757166 -0.039899 -0.253861
0.739609 -0.080456 -0.234700
0.738319 -0.127364 -0.219525
0.721231 -0.150601 -0.250029
0.743256 -0.155569 -0.276313
0.750657 -0.177889 -0.313308
0.749214 -0.193125 -0.345307
0.740641 -0.180640 -0.381316
0.736806 -0.201444 -0.417623
0.740242 -0.184841 -0.456678
0.737451 -0.166754 -0.490250
0.742236 -0.137782 -0.519215
0.729968 -0.136082 -0.552964
0.762385 -0.117346 -0.569523
0.789090 -0.152335 -0.552731
0.787050 -0.189341 -0.527411
0.791389 -0.174589 -0.492067
0.794567 -0.169771 -0.458162
0.778124 -0.147267 -0.425609
0.780693 -0.125714 -0.388438
0.760931 -0.116862 -0.353282
0.745825 -0.101626 -0.321659
0.704506 -0.101309 -0.334795
0.668911 -0.101193 -0.341076
0.671456 -0.071221 -0.369065
0.680979 -0.110161 -0.390575
0.649442 -0.134849 -0.389235
0.629187 -0.095725 -0.399281
0.645055 -0.087724 -0.429497
0.638968 -0.135032 -0.443154
0.602822 -0.134315 -0.439909
0.598248 -0.091074 -0.459015
0.611559 -0.112028 -0.486794
0.588138 -0.151802 -0.489021
0.559568 -0.121013 -0.494083
0.572199 -0.100926 -0.523501
0.577207 -0.145250 -0.540370
0.543735 -0.163537 -0.538997
0.528723 -0.123863 -0.554559
0.547113 -0.130348 -0.584165
0.532593 -0.175756 -0.591775
0.497654 -0.164904 -0.592240
0.500258 -0.128014 -0.616419
0.515950 -0.162904 -0.641496
0.490312 -0.202610 -0.645273
0.464968 -0.176539 -0.663892
0.446202 -0.157253 -0.692635
0.416237 -0.127681 -0.694573
0.381005 -0.147701 -0.703346
0.363987 -0.130048 -0.672576
0.355238 -0.105977 -0.644143
0.376149 -0.135982 -0.623231
0.408308 -0.124063 -0.635814
0.405329 -0.074621 -0.626532
0.402819 -0.083340 -0.592495
0.433243 -0.110594 -0.588629
0.455444 -0.074121 -0.599894
0.445499 -0.036365 -0.578971
0.454529 -0.062653 -0.550516
0.489292 -0.073071 -0.556796
0.499789 -0.023963 -0.559532
0.489116 -0.011544 -0.527079
0.511646 -0.045800 -0.511960
0.542140 -0.025946 -0.524642
0.536968 0.019828 -0.511073
0.535806 0.003526 -0.478609
0.569291 -0.015444 -0.475929
0.587493 0.027296 -0.486097
0.573701 0.058619 -0.461507
0.584315 0.033764 -0.434193
0.619230 0.033814 -0.440983
0.624437 0.085657 -0.442058
0.610715 0.094858 -0.407278
0.626654 0.054151 -0.386067
0.662894 0.056068 -0.405240
0.694467 0.083856 -0.406968
0.714205 0.040249 -0.414810
0.736090 0.012844 -0.436785
0.746751 -0.036231 -0.438369
0.739961 -0.028313 -0.478088
0.731540 -0.013527 -0.510719
0.696144 -0.030214 -0.508714
0.691194 0.010827 -0.481888
0.691265 0.059669 -0.493507
0.674775 0.102576 -0.504727
0.678598 0.087140 -0.537955
0.660560 0.042666 -0.538166
0.629844 0.061786 -0.525716
0.625000 0.094258 -0.553418
0.621188 0.055835 -0.574817
0.593979 0.030564 -0.560540
0.569830 0.067920 -0.561814
0.569959 0.076555 -0.595685
0.562043 0.028763 -0.605421
0.530365 0.024596 -0.588740
0.514461 0.065670 -0.603361
0.515950 0.048183 -0.634972
0.495836 0.004843 -0.628736
0.466129 0.029197 -0.618103
0.461273 0.058169 -0.646059
0.457567 0.016211 -0.666816
0.427308 -0.001442 -0.653248
0.409399 0.043666 -0.659561
0.412366 0.040649 -0.693532
0.395079 -0.002826 -0.698217
0.364972 0.016328 -0.684472
0.358592 0.057302 -0.704586
0.354241 0.024179 -0.732797
0.326339 -0.004426 -0.720503
0.304771 0.037648 -0.712650
0.305569 0.083973 -0.726750
0.316347 0.131548 -0.717147
0.328157 0.177556 -0.724213
0.357630 0.201844 -0.734946
0.367623 0.222631 -0.705395
0.375880 0.178023 -0.690076
0.400884 0.162220 -0.711786
0.422804 0.202194 -0.707278
0.428035 0.195176 -0.672653
0.441664 0.148451 -0.675422
0.469460 0.160270 -0.696800
0.486067 0.193542 -0.676497
0.494394 0.157686 -0.652240
0.517194 0.130915 -0.670615
0.540240 0.169288 -0.674702
0.548508 0.178540 -0.641308
0.562711 0.132515 -0.634961
0.587399 0.133548 -0.660713
0.606493 0.173355 -0.648408
0.617717 0.148451 -0.620385
0.633022 0.108611 -0.636168
0.656373 0.136966 -0.654499
0.674177 0.158753 -0.628769
0.685987 0.112528 -0.617516
0.702559 0.098292 -0.647333
0.726473 0.143383 -0.645926
0.750610 0.128948 -0.622522
0.781432 0.104377 -0.613861
0.769375 0.075422 -0.588075
0.745332 0.049700 -0.607392
0.770313 0.031547 -0.629656
0.790111 0.004893 -0.606019
0.763054 -0.026163 -0.593791
0.747983 -0.045166 -0.624051
0.760555 -0.050367 -0.656006
0.729663 -0.072354 -0.669508
0.701550 -0.047767 -0.655895
0.705995 -0.004676 -0.673329
0.699510 -0.021712 -0.704941
0.664630 -0.039899 -0.698616
0.651166 0.002809 -0.685236
0.658132 0.036115 -0.710113
0.637713 0.015744 -0.733894
0.606012 0.018878 -0.717058
0.606235 0.069120 -0.709105
0.608768 0.087074 -0.741138
0.578298 0.066387 -0.751727
0.556085 0.088390 -0.728699
0.559181 0.136482 -0.738645
0.544896 0.128998 -0.770368
0.513992 0.105010 -0.762371
0.499789 0.141916 -0.741149
0.500927 0.178039 -0.766369
0.476813 0.153685 -0.786052
0.449815 0.151001 -0.763124
0.446754 0.202227 -0.760045
0.440749 0.214763 -0.793285
0.411006 0.187558 -0.796486
0.392065 0.214829 -0.771841
0.394434 0.259420 -0.789142
0.377522 0.243401 -0.817530
0.347016 0.234433 -0.799897
0.341961 0.283258 -0.790360
0.339628 0.302545 -0.822182
0.310623 0.272906 -0.829238
0.290017 0.292293 -0.803054
0.295998 0.345435 -0.816024
0.308055 0.362772 -0.846196
0.347450 0.358604 -0.854558
0.369664 0.352170 -0.882459
0.400157 0.369173 -0.866266
0.401236 0.335967 -0.839860
0.402726 0.294093 -0.859853
0.435190 0.303845 -0.873565
0.454881 0.307462 -0.845332
0.447950 0.259120 -0.834111
0.459467 0.232199 -0.861902
0.492728 0.248302 -0.860728
0.500399 0.235266 -0.828330
0.495496 0.183324 -0.836471
0.520243 0.176723 -0.861038
0.549482 0.189792 -0.843238
0.545236 0.152652 -0.819103
0.547089 0.112278 -0.840392
0.580468 0.120296 -0.851789
0.595374 0.113995 -0.820610
0.583576 0.066237 -0.815625
0.601145 0.045433 -0.842219
0.634371 0.058935 -0.831420
0.630289 0.031731 -0.800728
0.622994 -0.017945 -0.814573
0.652702 -0.043966 -0.822205
0.644633 -0.088874 -0.801392
0.610340 -0.104727 -0.792720
0.579787 -0.132315 -0.796076
0.545506 -0.135749 -0.806831
0.530869 -0.104010 -0.783615
0.544356 -0.063286 -0.802223
0.530787 -0.070804 -0.833270
0.494816 -0.070104 -0.824187
0.494558 -0.022246 -0.812059
0.505958 -0.000775 -0.842297
0.480074 -0.017128 -0.863142
0.451773 0.002059 -0.847204
0.464803 0.051501 -0.848411
0.465226 0.055918 -0.882836
0.430404 0.051684 -0.888994
0.421385 0.092658 -0.868957
0.443329 0.130448 -0.881329
0.437512 0.125697 -0.914868
0.401811 0.132532 -0.913240
0.401869 0.179573 -0.897689
0.421983 0.204211 -0.920318
0.402737 0.196909 -0.948673
0.374156 0.220114 -0.935957
0.385954 0.266255 -0.926487
0.397694 0.278990 -0.957157
0.366110 0.275640 -0.973140
0.347568 0.308146 -0.953912
0.370496 0.349219 -0.959815
0.373604 0.350670 -0.994827
0.331570 0.345969 -1.000000
0.314846 0.371973 -0.968377
0.332591 0.404879 -0.944652
0.363014 0.433051 -0.940399
0.386740 0.434251 -0.913949
0.415498 0.435651 -0.893602
0.446261 0.417415 -0.877752
0.468685 0.415981 -0.849552
0.494957 0.408780 -0.825250
0.505594 0.389193 -0.794713
0.507002 0.439018 -0.779639
0.468815 0.445020 -0.780082
0.461179 0.404829 -0.756301
0.457555 0.375257 -0.728766
0.466035 0.336067 -0.707621
0.460605 0.292426 -0.689378
0.452242 0.275957 -0.658232
0.446683 0.238150 -0.636024
0.435612 0.192075 -0.614658
0.434415 0.167388 -0.584753
0.423672 0.112628 -0.576401
0.457485 0.101926 -0.555522
0.479100 0.075772 -0.524963
0.486125 0.054618 -0.496553
0.478033 0.023396 -0.470125
0.481528 0.006126 -0.438912
0.499836 -0.011610 -0.409571
0.498640 -0.047650 -0.381271
0.513675 -0.081573 -0.359008
0.482560 -0.082323 -0.333898
0.452512 -0.107594 -0.344221
0.429783 -0.147234 -0.339337
0.426182 -0.160720 -0.372986
0.466011 -0.176656 -0.373573
0.474174 -0.198743 -0.341341
0.456254 -0.207445 -0.311790
0.475992 -0.216280 -0.284532
0.503988 -0.218880 -0.264196
0.530259 -0.246101 -0.249885
0.534458 -0.206094 -0.222859
0.510426 -0.191492 -0.199654
0.532241 -0.201060 -0.171388
0.559404 -0.162820 -0.176970
0.563473 -0.115195 -0.157908
0.575565 -0.068920 -0.146566
0.574744 -0.026996 -0.127360
0.559673 0.004559 -0.150542
0.526236 -0.019562 -0.147186
0.521697 -0.006126 -0.114091
0.524149 0.044249 -0.118776
0.496611 0.047167 -0.141139
0.471043 0.026380 -0.120482
0.473447 0.065320 -0.097786
0.462950 0.102876 -0.118776
0.430733 0.082489 -0.126119
0.417456 0.079922 -0.094153
0.415803 0.132748 -0.090919
0.392522 0.141300 -0.116660
0.367060 0.111928 -0.102128
0.364245 0.136582 -0.072344
0.354827 0.182040 -0.086644
0.323841 0.165471 -0.100179
0.309157 0.150468 -0.070694
0.310342 0.195976 -0.054224
0.288645 0.221447 -0.075601
0.259207 0.189958 -0.072311
0.253741 0.190258 -0.038650
0.245180 0.238533 -0.034807
0.215695 0.238233 -0.054844
0.198184 0.202744 -0.034918
0.198794 0.226815 -0.004790
0.182199 0.270172 -0.013740
0.151248 0.246268 -0.025813
0.142088 0.222264 0.003063
0.137221 0.261954 0.023354
0.111618 0.283441 0.004070
0.087903 0.242884 0.006751
0.083763 0.241351 0.040910
0.073091 0.289109 0.046060
0.043242 0.284992 0.025459
0.025509 0.247135 0.041619
0.022260 0.270122 0.071491
0.002991 0.312313 0.062553
-0.028336 0.282158 0.052440
-0.039853 0.235750 0.056838
-0.030634 0.194109 0.031119
-0.042339 0.145667 0.027076
-0.056038 0.108394 0.007571
-0.078099 0.088474 0.032337
-0.101051 0.132181 0.035560
-0.115031 0.134165 0.002365
-0.129996 0.078639 0.006773
-0.166377 0.077455 0.027098
-0.197633 0.059469 0.014538
-0.196343 0.008693 0.025481
-0.207004 0.016078 0.057358
-0.241497 0.028913 0.046515
-0.250246 -0.023863 0.035516
-0.246915 -0.050117 0.070694
-0.232584 -0.072071 0.101984
-0.210077 -0.083873 0.127094
-0.196554 -0.118312 0.148726
-0.214862 -0.102160 0.176151
-0.247713 -0.116412 0.162693
-0.241520 -0.165321 0.155737
-0.237908 -0.179690 0.188047
-0.272471 -0.167304 0.197760
-0.289266 -0.197026 0.175508
-0.273761 -0.241184 0.187105
-0.285982 -0.238100 0.219835
-0.322492 -0.238717 0.208571
-0.327383 -0.281258 0.189187
-0.323149 -0.312863 0.218152
-0.354393 -0.279624 0.233049
-0.389836 -0.268805 0.230203
-0.391279 -0.256520 0.266411
-0.379328 -0.213162 0.279038
-0.412624 -0.192809 0.285617
-0.424177 -0.231315 0.306075
-0.397987 -0.230282 0.330298
-0.405423 -0.182724 0.341186
-0.439799 -0.188725 0.348751
-0.434298 -0.228515 0.370538
-0.413082 -0.204361 0.392846
-0.437183 -0.166237 0.399890
-0.463619 -0.198093 0.411210
-0.445241 -0.219113 0.437151
-0.438919 -0.175089 0.452934
-0.473881 -0.162904 0.458207
-0.482361 -0.201694 0.478997
-0.459373 -0.194859 0.504527
-0.471055 -0.148018 0.510885
-0.505548 -0.161403 0.520089
-0.497303 -0.195743 0.544967
-0.481364 -0.158603 0.564184
-0.509019 -0.126264 0.567374
-0.530916 -0.160336 0.582271
-0.510063 -0.173672 0.609032
-0.508210 -0.124480 0.621382
-0.543770 -0.120529 0.626299
-0.549669 -0.158453 0.648064
-0.529309 -0.136799 0.672155
-0.548297 -0.094225 0.676497
-0.581253 -0.112161 0.682489
-0.568481 -0.137282 0.711442
-0.555733 -0.093808 0.728178
-0.589674 -0.070987 0.728544
-0.607279 -0.108111 0.745502
-0.587247 -0.107427 0.774145
-0.593662 -0.056968 0.781366
-0.630735 -0.061652 0.782585
-0.629938 -0.098242 0.807517
-0.612439 -0.069304 0.830346
-0.637080 -0.032681 0.833126
-0.664947 -0.061552 0.842529
-0.648785 -0.078939 0.871161
-0.643847 -0.032297 0.886325
-0.679525 -0.020312 0.886657
-0.691933 -0.063586 0.905143
-0.663680 -0.065586 0.932756
-0.630407 -0.040799 0.938372
-0.596019 -0.046150 0.953635
-0.601356 -0.101509 0.961964
-0.592724 -0.129364 0.931604
-0.563626 -0.160020 0.925712
-0.542750 -0.184207 0.902873
-0.509805 -0.202060 0.896393
-0.476250 -0.195376 0.885383
-0.478443 -0.225498 0.858080
-0.502909 -0.197576 0.838786
-0.475887 -0.157052 0.835407
-0.449756 -0.182974 0.817896
-0.467583 -0.197843 0.789806
-0.475746 -0.149951 0.778852
-0.440725 -0.133915 0.776803
-0.431999 -0.169005 0.752734
-0.456031 -0.153735 0.729496
-0.445205 -0.104727 0.726473
-0.410724 -0.119063 0.716571
-0.420693 -0.144650 0.687950
-0.438321 -0.106177 0.673019
-0.411956 -0.071988 0.670272
-0.391502 -0.103276 0.650645
-0.415416 -0.108911 0.624095
-0.416612 -0.059052 0.616929
-0.381849 -0.050767 0.609475
-0.382612 -0.086907 0.583855
-0.408965 -0.065737 0.564284
-0.394645 -0.019712 0.557394
-0.364691 -0.036831 0.541367
-0.384992 -0.062203 0.516468
-0.405247 -0.026146 0.500584
-0.377275 -0.006426 0.484302
-0.368420 -0.048233 0.465849
-0.399864 -0.050484 0.449024
-0.397835 -0.003376 0.434238
-0.368291 -0.013594 0.415475
-0.381838 -0.052151 0.396678
-0.407159 -0.023162 0.381382
-0.384547 0.009827 0.366030
-0.365137 -0.025913 0.348674
-0.391666 -0.044466 0.330188
-0.401940 -0.000858 0.314005
-0.370473 0.005676 0.296627
-0.368221 -0.045350 0.279979
-0.396779 -0.062019 0.261670
-0.386470 -0.040349 0.231775
-0.354651 -0.065270 0.227965
-0.368186 -0.113462 0.230103
-0.387127 -0.109077 0.201039
-0.359308 -0.100293 0.180271
-0.338912 -0.143100 0.188933
-0.368948 -0.175156 0.178754
-0.371411 -0.162337 0.141914
-0.359085 -0.145984 0.111754
-0.335992 -0.118712 0.092880
-0.359624 -0.082156 0.082889
-0.360856 -0.059719 0.114511
-0.325964 -0.049717 0.116572
-0.325249 -0.021379 0.087463
-0.350629 0.014828 0.097199
-0.329365 0.034248 0.124691
-0.302203 0.059852 0.103900
-0.286522 0.094792 0.082800
-0.280388 0.124713 0.048929
-0.273937 0.156769 0.021792
-0.278840 0.207445 0.006020
-0.266642 0.216380 -0.028339
-0.260872 0.232999 -0.061157
-0.240946 0.241334 -0.089036
-0.215988 0.272989 -0.073319
-0.201550 0.239083 -0.052186
-0.190690 0.207078 -0.077772
-0.167503 0.241117 -0.092104
-0.146463 0.246835 -0.064901
-0.136728 0.198010 -0.062331
-0.121669 0.193842 -0.093456
-0.096137 0.229548 -0.088992
-0.079295 0.207361 -0.062841
-0.070663 0.163520 -0.077362
-0.050021 0.183690 -0.102560
-0.024852 0.203777 -0.079843
-0.016044 0.160103 -0.064181
-0.003894 0.137682 -0.092403
0.023503 0.173605 -0.096590
0.041330 0.159920 -0.068988
0.047124 0.111244 -0.078691
0.064740 0.119429 -0.107079
0.091950 0.145067 -0.091994
0.103279 0.105293 -0.073142
0.108604 0.069804 -0.097698
0.132776 0.097525 -0.114534
0.157816 0.101826 -0.090022
0.163868 0.051551 -0.085868
0.173379 0.042082 -0.118388
0.201304 0.076055 -0.120437
0.220386 0.056485 -0.094840
0.224772 0.009493 -0.107445
0.241321 0.024413 -0.135988
0.269750 0.046833 -0.120958
0.281479 0.006009 -0.103834
0.285689 -0.025696 -0.130694
0.309322 0.003026 -0.148028
0.335065 0.008210 -0.124192
0.340132 -0.045883 -0.118145
0.348740 -0.060319 -0.152304
0.380219 -0.030914 -0.159193
0.413821 -0.043999 -0.179429
0.449170 -0.026646 -0.192422
0.477576 -0.057235 -0.192654
0.477869 -0.063836 -0.226592
0.485950 -0.013627 -0.233016
0.516291 -0.008260 -0.213976
0.536932 -0.036548 -0.232905
0.530787 -0.004743 -0.263376
0.542515 0.046900 -0.250959
0.559369 0.090724 -0.244325
0.562805 0.131598 -0.223701
0.544450 0.164120 -0.245621
0.509019 0.138449 -0.243217
0.491509 0.138483 -0.213455
0.469952 0.178506 -0.220777
0.452864 0.155769 -0.246883
0.440667 0.117446 -0.227766
0.420424 0.145334 -0.207087
0.399407 0.166888 -0.231211
0.387491 0.121230 -0.244159
0.375070 0.101243 -0.213179
0.348693 0.136716 -0.205769
0.322317 0.130965 -0.229771
0.302379 0.095025 -0.212868
0.285208 0.135265 -0.193330
0.262925 0.166337 -0.210864
0.232044 0.140066 -0.206411
0.231739 0.145150 -0.171975
0.233123 0.195876 -0.171432
0.201480 0.203611 -0.187626
0.180029 0.178940 -0.165074
0.189201 0.208011 -0.138536
0.180698 0.254453 -0.151285
0.145091 0.240634 -0.154995
0.137303 0.229565 -0.122198
0.147718 0.275907 -0.109671
0.122244 0.302611 -0.130251
0.090472 0.282408 -0.119230
0.084350 0.300378 -0.088405
0.070933 0.346919 -0.095017
0.040298 0.325232 -0.110336
0.027925 0.297427 -0.084185
0.023175 0.337917 -0.062819
-0.002346 0.360588 -0.080729
-0.026283 0.321898 -0.081781
-0.029250 0.317731 -0.047467
-0.043348 0.363955 -0.042195
-0.073419 0.358571 -0.060825
-0.085558 0.316230 -0.043723
-0.087915 0.337617 -0.012422
-0.113143 0.372073 -0.020153
-0.137889 0.335950 -0.027707
-0.137104 0.308379 0.002154
-0.151611 0.335567 0.027497
-0.185213 0.315930 0.022125
-0.178328 0.265738 0.026112
-0.164571 0.267789 0.057358
-0.197047 0.279224 0.071514
-0.216539 0.238667 0.062752
-0.193282 0.205894 0.079090
-0.197223 0.225214 0.110912
-0.234108 0.219280 0.112540
-0.229429 0.165887 0.109671
-0.207473 0.150535 0.134615
-0.229511 0.164020 0.159780
-0.256157 0.130965 0.150565
-0.237826 0.087424 0.150808
-0.226121 0.090457 0.183483
-0.259136 0.093175 0.197317
-0.272155 0.048634 0.185853
-0.246493 0.018795 0.198591
-0.252193 0.030380 0.231598
-0.286639 0.015761 0.234589
-0.279286 -0.034264 0.226979
-0.254293 -0.046166 0.249974
-0.273773 -0.033598 0.277531
-0.299751 -0.071021 0.271417
-0.276260 -0.109077 0.278462
-0.265000 -0.095825 0.309686
-0.298567 -0.098442 0.323863
-0.305099 -0.149935 0.324251
-0.281690 -0.164537 0.347998
-0.293230 -0.130298 0.372100
-0.327371 -0.150035 0.373285
-0.320522 -0.199143 0.380452
-0.304466 -0.188375 0.410147
-0.330268 -0.160003 0.426374
-0.356188 -0.196559 0.425720
-0.336297 -0.229448 0.445702
-0.330104 -0.199643 0.472584
-0.365805 -0.192492 0.478465
-0.375680 -0.241417 0.483560
-0.353889 -0.252102 0.510054
-0.369124 -0.215463 0.529526
-0.403910 -0.231432 0.529748
-0.397366 -0.278590 0.544014
-0.383667 -0.258704 0.573410
-0.414864 -0.231766 0.580499
-0.438778 -0.269389 0.581441
-0.424927 -0.294693 0.607769
-0.428422 -0.253153 0.630220
-0.464405 -0.244985 0.626410
-0.476332 -0.291276 0.635570
-0.461250 -0.289626 0.667137
-0.481505 -0.246918 0.675577
-0.514930 -0.266722 0.671612
-0.512104 -0.303461 0.694861
-0.504386 -0.270406 0.720082
-0.533989 -0.241534 0.718708
-0.557844 -0.277907 0.724313
-0.544216 -0.293676 0.754208
-0.547300 -0.247902 0.770578
-0.582790 -0.239200 0.766391
-0.594976 -0.282441 0.780835
-0.580092 -0.273656 0.811560
-0.597943 -0.227865 0.816500
-0.631650 -0.245618 0.814196
-0.629468 -0.279157 0.839494
-0.622127 -0.242084 0.863186
-0.652902 -0.216079 0.859764
-0.676288 -0.253619 0.866808
-0.664583 -0.262238 0.898774
-0.672699 -0.212879 0.909275
-0.707989 -0.212712 0.902839
-0.716797 -0.253886 0.922655
-0.705855 -0.227231 0.952649
-0.728983 -0.183357 0.950013
-0.762338 -0.203377 0.947211
-0.763804 -0.219163 0.982012
-0.771099 -0.167988 1.000000
-0.813004 -0.160086 0.992357
-0.851496 -0.149351 0.992856
-0.889004 -0.134182 0.982644
-0.920576 -0.108161 0.966295
-0.954471 -0.091191 0.947897
-0.978760 -0.072504 0.921835
-0.985950 -0.034014 0.891187
-1.000000 0.000575 0.866731
-0.983440 0.017495 0.829781
-0.971489 0.005609 0.789962
-0.961261 0.016945 0.757220
-0.936667 0.022179 0.729629
-0.923379 0.035881 0.698993
-0.903875 0.048567 0.672155
-0.876431 0.096592 0.672609
-0.840707 0.116745 0.664690
-0.826140 0.134482 0.632657
-0.825694 0.190792 0.617649
-0.793477 0.218780 0.614271
-0.762878 0.245201 0.592096
-0.753952 0.292409 0.571339
-0.724092 0.329883 0.562345
-0.684075 0.346536 0.555999
-0.643613 0.353737 0.556264
-0.607021 0.326449 0.540193
-0.571859 0.314913 0.532495
-0.553387 0.275690 0.504439
-0.548227 0.264155 0.465318
-0.537026 0.226381 0.444694
-0.556601 0.183957 0.419063
-0.584854 0.152702 0.401208
-0.616133 0.177506 0.375146
-0.606610 0.192492 0.336069
-0.629762 0.172655 0.303583
-0.653570 0.176106 0.272015
-0.673274 0.146317 0.240371
-0.687101 0.116445 0.208482
-0.690678 0.088640 0.176018
-0.706406 0.042933 0.162483
-0.717173 0.021862 0.132433
-0.735680 -0.026630 0.118820
-0.754457 -0.080172 0.131237
-0.759605 -0.131731 0.147375
-0.765575 -0.182690 0.145237
-0.752803 -0.239617 0.159005
-0.739058 -0.290292 0.169771
-0.731798 -0.346636 0.172484
-0.705538 -0.387393 0.172562
-0.684439 -0.441586 0.178809
-0.694396 -0.491878 0.176472
-0.680358 -0.551055 0.175962
-0.650028 -0.595963 0.177867
-0.650978 -0.648739 0.187016
-0.627979 -0.700698 0.198580
-0.599514 -0.738688 0.210033
-0.586766 -0.778178 0.241157
-0.576386 -0.789596 0.278273
-0.564505 -0.816084 0.310694
-0.540779 -0.814067 0.347168
-0.527128 -0.836088 0.377705
-0.494910 -0.839805 0.407821
-0.474749 -0.862876 0.434371
-0.440514 -0.862793 0.463313
-0.411205 -0.848090 0.486318
-0.398128 -0.854741 0.522969
-0.365054 -0.868627 0.539285
-0.333928 -0.885263 0.565624
-0.306507 -0.858542 0.588895
-0.281514 -0.838722 0.621337
-0.252873 -0.829087 0.648662
-0.221066 -0.800332 0.672354
-0.192895 -0.777094 0.693310
-0.167597 -0.736287 0.715895
-0.137139 -0.701231 0.720303
-0.109167 -0.681111 0.747207
-0.078673 -0.635553 0.754784
-0.050666 -0.610098 0.776238
-0.006873 -0.598480 0.780181
0.034997 -0.577609 0.776194
0.074944 -0.567024 0.768762
0.113260 -0.542470 0.753942
0.140646 -0.510364 0.739941
0.152210 -0.451404 0.735655
0.174212 -0.405529 0.746875
0.168090 -0.349820 0.761950
0.166366 -0.306312 0.787348
0.170611 -0.251869 0.798911
0.188473 -0.206561 0.812413
0.200941 -0.146101 0.809400
0.215624 -0.098392 0.821108
0.233229 -0.044016 0.807329
0.241896 0.005543 0.791080
0.249765 0.056652 0.784268
0.229006 0.104710 0.768341
0.219518 0.156636 0.764431
0.189306 0.197810 0.754673
0.147237 0.212962 0.761075
0.111090 0.240167 0.763069
0.084209 0.276823 0.768684
0.054759 0.316114 0.750630
0.037249 0.361788 0.751106
0.047288 0.415364 0.755736
0.063497 0.470491 0.744959
0.089792 0.512715 0.731435
0.119980 0.557256 0.723604
0.152362 0.588011 0.721378
0.188368 0.616733 0.706823
0.212939 0.652706 0.692723
0.228103 0.692029 0.668057
0.233756 0.744689 0.652262
0.215730 0.778695 0.623818
0.199404 0.824569 0.612731
0.161334 0.852374 0.601699
0.134406 0.895782 0.595873
0.100547 0.918636 0.574607
0.075589 0.946574 0.550106
0.059157 0.950308 0.516733
0.026330 0.963744 0.489497
0.002791 0.963977 0.460389
-0.026283 0.968311 0.440751
-0.046374 0.976129 0.405218
-0.066605 0.989031 0.377583
-0.072457 0.985681 0.336446
-0.089991 1.000000 0.304557
-0.089698 0.987381 0.263564
-0.088326 0.987381 0.228929
-0.067731 0.957926 0.197495
-0.077583 0.950625 0.157077
-0.059568 0.934372 0.126042
-0.028945 0.924070 0.104177
-0.004035 0.906434 0.077805
0.012303 0.910201 0.047733
0.048614 0.924120 0.023864
0.081371 0.936622 0.003550
0.113577 0.959560 -0.008844
0.152784 0.958343 -0.024872
0.194478 0.970511 -0.024152
0.230801 0.982780 -0.025248
0.269352 0.956342 -0.025182
0.306296 0.942490 -0.039160
0.345198 0.952925 -0.044632
0.385192 0.944507 -0.031528
0.423027 0.932071 -0.035837
0.457508 0.942607 -0.019455
0.484659 0.947858 0.013973
0.519750 0.953425 0.022224
0.546890 0.968594 0.052806
0.568118 0.957926 0.082557
0.605801 0.950941 0.095560
0.632049 0.937522 0.126596
0.666753 0.937122 0.150055
0.687899 0.896449 0.174157
0.724772 0.883630 0.181102
0.753870 0.848157 0.201471
0.777902 0.796514 0.211484
0.786569 0.734553 0.215648
0.801405 0.677644 0.214485
0.805029 0.624084 0.223679
0.784469 0.569091 0.226891
0.772026 0.516915 0.211152
0.749214 0.471157 0.217709
0.733803 0.434351 0.188357
0.718275 0.385642 0.175453
0.713326 0.351903 0.142501
0.696343 0.294843 0.143321
0.684322 0.238417 0.146965
0.684556 0.186191 0.151639
0.681143 0.130981 0.166791
0.691218 0.074471 0.156911
0.710112 0.028363 0.176682
0.715097 -0.029897 0.164465
0.750035 -0.057785 0.147297
0.783860 -0.059185 0.119717
0.814646 -0.046917 0.098274
0.851461 -0.022296 0.084240
0.884265 0.002025 0.063450
0.911921 0.035948 0.058876
0.926065 0.095075 0.051576
0.945264 0.149051 0.052906
0.949826 0.213896 0.052163
0.947903 0.271939 0.055597
0.936480 0.331116 0.052175
0.922722 0.392544 0.050048
0.902679 0.446586 0.038662
0.875141 0.494895 0.026998
0.854382 0.541136 0.014759
0.824533 0.572409 -0.009819
0.793676 0.604147 -0.022280
0.773632 0.637003 -0.054744
0.749554 0.662808 -0.080862
0.737064 0.692980 -0.116173
0.751912 0.710116 -0.153190
0.763781 0.740671 -0.185709
0.793547 0.744639 -0.217986
0.822047 0.744372 -0.247758
0.855461 0.751273 -0.270365
0.881943 0.727019 -0.299551
0.908813 0.711016 -0.330110
0.928164 0.689562 -0.361345
0.966997 0.667658 -0.377738
0.982408 0.627568 -0.405894
1.000000 0.602914 -0.439211
0.991415 0.581910 -0.478831
0.984190 0.577459 -0.515892
0.952371 0.584027 -0.544003
0.941628 0.606414 -0.580577
0.910677 0.636836 -0.606694
0.874484 0.654439 -0.623652
0.840402 0.697180 -0.625867
0.815409 0.741588 -0.637497
0.774981 0.772727 -0.630431
0.738553 0.799465 -0.619709
0.700624 0.808583 -0.601965
0.677859 0.840705 -0.571760
0.657440 0.841606 -0.539528
0.639555 0.852674 -0.501271
0.621517 0.853174 -0.463335
0.597052 0.858875 -0.431524
0.568423 0.829954 -0.406060
0.542890 0.822619 -0.372023
0.520360 0.841972 -0.344210
0.485375 0.870361 -0.326499
0.441581 0.879762 -0.319699
0.409282 0.907084 -0.311558
0.368069 0.921336 -0.326333
0.336015 0.929754 -0.350025
0.304982 0.913585 -0.378646
0.273410 0.927504 -0.402106
0.254867 0.900366 -0.436951
0.233932 0.877479 -0.465229
0.213689 0.839589 -0.493662
0.173766 0.831804 -0.510641
0.147272 0.801032 -0.537523
0.118022 0.771977 -0.554603
0.083998 0.756607 -0.576955
0.049083 0.726802 -0.590556
0.007283 0.721451 -0.600248
-0.024242 0.681828 -0.614027
-0.058172 0.644454 -0.602630
-0.097919 0.629702 -0.593381
-0.132354 0.588545 -0.589438
-0.172324 0.576126 -0.581186
-0.205069 0.529901 -0.582094
-0.242588 0.509097 -0.579768
-0.269105 0.461439 -0.595984
-0.303586 0.434001 -0.605476
-0.318974 0.398061 -0.638461
-0.340589 0.374307 -0.665808
-0.339639 0.345419 -0.704852
-0.343826 0.325249 -0.739033
-0.335558 0.294810 -0.775551
-0.325952 0.248669 -0.803508
-0.311339 0.192909 -0.818782
-0.302226 0.142000 -0.836903
-0.301909 0.078455 -0.828728
-0.301534 0.023412 -0.815625
-0.315221 -0.031581 -0.801780
-0.313989 -0.088307 -0.786606
-0.335757 -0.117129 -0.755238
-0.368350 -0.141266 -0.736475
-0.385251 -0.165937 -0.702692
-0.414360 -0.179373 -0.675655
-0.431448 -0.207428 -0.642149
-0.448736 -0.237400 -0.609652
-0.455397 -0.270106 -0.576113
-0.478373 -0.297960 -0.549862
-0.476086 -0.351953 -0.526802
-0.486360 -0.401195 -0.506377
-0.480038 -0.463723 -0.500573
-0.474514 -0.515198 -0.482763
-0.472321 -0.574059 -0.471421
-0.444748 -0.616833 -0.453101
-0.413410 -0.625451 -0.423472
-0.393120 -0.646888 -0.390121
-0.357396 -0.632119 -0.366274
-0.322375 -0.602930 -0.348441
-0.294438 -0.568474 -0.333887
-0.266408 -0.526951 -0.331539
-0.229511 -0.504830 -0.333998
-0.191746 -0.494512 -0.335704
-0.158132 -0.517482 -0.323631
-0.126572 -0.546471 -0.323453
-0.095468 -0.579543 -0.324339
-0.073454 -0.614499 -0.308833
-0.044579 -0.647922 -0.295885
-0.045248 -0.682228 -0.261571
-0.038129 -0.733203 -0.248600
-0.019973 -0.762108 -0.216313
-0.020982 -0.788596 -0.183217
0.001044 -0.836088 -0.167367
0.032698 -0.874761 -0.154198
0.055674 -0.906567 -0.133618
0.100523 -0.910934 -0.136797
0.141455 -0.898982 -0.133186
0.180123 -0.887097 -0.139200
0.216598 -0.879846 -0.152126
0.248780 -0.850874 -0.173825
0.281303 -0.827170 -0.196033
0.314975 -0.816368 -0.217509
0.336003 -0.826736 -0.254615
0.347743 -0.841689 -0.288032
0.355836 -0.866243 -0.318768
0.347638 -0.900299 -0.354068
0.334807 -0.920319 -0.387407
0.336848 -0.937889 -0.424081
0.336062 -0.967544 -0.456235
0.348318 -0.999250 -0.486628
0.348564 -1.000000 -0.529405
0.347415 -0.995249 -0.570486
0.347052 -0.971145 -0.605808
