0.079928 -0.261571 0.154272
0.081086 -0.300300 0.126005
0.045365 -0.329472 0.117973
0.039938 -0.371393 0.107624
0.009682 -0.405780 0.087485
-0.027224 -0.426976 0.079821
-0.065926 -0.453707 0.062997
-0.107347 -0.453388 0.056248
-0.151515 -0.467079 0.046861
-0.189670 -0.470547 0.018440
-0.232094 -0.471268 0.015636
-0.273060 -0.470714 -0.010266
-0.292502 -0.496584 -0.042346
-0.318698 -0.535272 -0.057484
-0.318945 -0.564042 -0.089243
-0.312842 -0.611982 -0.106448
-0.300791 -0.647036 -0.127015
-0.270600 -0.688512 -0.127895
-0.248660 -0.729101 -0.128358
-0.210856 -0.751101 -0.149555
-0.173338 -0.783894 -0.142759
-0.133465 -0.801316 -0.143270
-0.091003 -0.814772 -0.123237
-0.057454 -0.837730 -0.115074
-0.010098 -0.837494 -0.103121
0.022656 -0.854389 -0.079477
0.064872 -0.865043 -0.074819
0.098368 -0.879483 -0.047218
0.145971 -0.879580 -0.036596
0.181888 -0.891579 -0.017609
0.220108 -0.884671 0.010741
0.227656 -0.869995 0.053586
0.255179 -0.848397 0.085536
0.271993 -0.815063 0.109989
0.256077 -0.781383 0.139919
0.234553 -0.753556 0.167912
0.206431 -0.710527 0.172095
0.174535 -0.675903 0.166320
0.146296 -0.643776 0.164324
0.132008 -0.599415 0.155520
0.104836 -0.564375 0.148189
0.073278 -0.539073 0.152632
0.055216 -0.525340 0.181077
0.033522 -0.514728 0.207193
0.031050 -0.499067 0.238513
0.011621 -0.482213 0.265318
0.008979 -0.454650 0.292575
0.008198 -0.488788 0.316968
0.044961 -0.506641 0.307665
0.066173 -0.471005 0.315103
0.054773 -0.466649 0.349298
0.066824 -0.504325 0.361121
0.105630 -0.500510 0.351722
0.112540 -0.465401 0.373038
0.099774 -0.483364 0.405166
0.129197 -0.515339 0.403526
0.162719 -0.489496 0.401126
0.142952 -0.456079 0.425840
0.132567 -0.453943 0.461628
0.148990 -0.410622 0.464373
0.116444 -0.391465 0.442914
0.081958 -0.374777 0.431948
0.051038 -0.370699 0.409539
0.061241 -0.329694 0.400568
0.095896 -0.342068 0.383351
0.078067 -0.366759 0.358816
0.054435 -0.334993 0.345366
0.083520 -0.307860 0.335611
0.102610 -0.333509 0.312691
0.069348 -0.341943 0.291102
0.063141 -0.295390 0.282773
0.102194 -0.284292 0.268729
0.111850 -0.318320 0.243741
0.120569 -0.330929 0.207443
0.131839 -0.376983 0.216865
0.156265 -0.409331 0.215403
0.175472 -0.435965 0.237337
0.210374 -0.416378 0.235246
0.199964 -0.380048 0.255160
0.188967 -0.401466 0.285149
0.226485 -0.417876 0.288939
0.247085 -0.382490 0.291910
0.228320 -0.368480 0.322541
0.235841 -0.404296 0.343167
0.276534 -0.400121 0.339448
0.279618 -0.360642 0.354146
0.261504 -0.371712 0.387284
0.288233 -0.406086 0.394877
0.323721 -0.382185 0.394009
0.318086 -0.358006 0.426209
0.315041 -0.389994 0.455057
0.353847 -0.413396 0.452764
0.380928 -0.376678 0.472179
0.382073 -0.391340 0.513943
0.406395 -0.406224 0.545644
0.412368 -0.397069 0.584425
0.405211 -0.414949 0.626950
0.380719 -0.424521 0.659304
0.355877 -0.454928 0.689305
0.323539 -0.473765 0.709789
0.281401 -0.501370 0.714019
0.252967 -0.544663 0.720162
0.216777 -0.568550 0.715172
0.183085 -0.598208 0.709611
0.142523 -0.621873 0.691361
0.102428 -0.640378 0.685004
0.056530 -0.653861 0.668833
0.016019 -0.663002 0.652567
-0.021459 -0.674973 0.640483
-0.067474 -0.657246 0.636182
-0.112110 -0.664875 0.628934
-0.148496 -0.640253 0.624015
-0.192702 -0.633012 0.606133
-0.237143 -0.636521 0.590746
-0.277432 -0.623315 0.566116
-0.306973 -0.616005 0.538562
-0.333780 -0.638117 0.510058
-0.367745 -0.625979 0.478441
-0.381110 -0.638977 0.435773
-0.402022 -0.656233 0.403158
-0.402894 -0.643887 0.360016
-0.407488 -0.654846 0.320901
-0.398457 -0.644137 0.277485
-0.389490 -0.629780 0.241151
-0.356020 -0.619445 0.208762
-0.338907 -0.604506 0.177548
-0.312555 -0.567801 0.158324
-0.286008 -0.540946 0.131934
-0.284655 -0.493740 0.125400
-0.269299 -0.445842 0.133289
-0.231157 -0.429972 0.144779
-0.221279 -0.418459 0.105034
-0.249844 -0.382129 0.097513
-0.248647 -0.346424 0.118770
-0.212691 -0.330152 0.107743
-0.221917 -0.328571 0.071967
-0.255973 -0.305794 0.075603
-0.239043 -0.272363 0.093830
-0.212782 -0.263610 0.065860
-0.239524 -0.260045 0.038093
-0.263703 -0.231455 0.057115
-0.234189 -0.201506 0.062878
-0.224780 -0.197761 0.028065
-0.263300 -0.189230 0.017882
-0.266475 -0.153580 0.040220
-0.235113 -0.133508 0.024310
-0.249571 -0.136171 -0.009779
-0.284668 -0.116251 -0.000903
-0.267074 -0.080157 0.010979
-0.248972 -0.072181 -0.020947
-0.282260 -0.072736 -0.041740
-0.303511 -0.042482 -0.021435
-0.270886 -0.011451 -0.025023
-0.267568 -0.018137 -0.067132
-0.307558 -0.005986 -0.078146
-0.332140 0.017860 -0.098939
-0.360978 0.035893 -0.120849
-0.367810 0.050805 -0.158169
-0.376685 0.051651 -0.195086
-0.395047 0.100701 -0.194456
-0.392015 0.141262 -0.216021
-0.402465 0.172112 -0.241234
-0.417183 0.194931 -0.274349
-0.442884 0.225435 -0.288630
-0.468508 0.236879 -0.318952
-0.513950 0.246298 -0.332664
-0.556921 0.246478 -0.341195
-0.595089 0.234160 -0.358542
-0.624954 0.232052 -0.381640
-0.655861 0.198774 -0.400568
-0.681133 0.172445 -0.419638
-0.680847 0.153191 -0.454879
-0.680313 0.110467 -0.480259
-0.693496 0.088272 -0.509072
-0.681836 0.058795 -0.544562
-0.675069 0.038001 -0.578936
-0.642887 0.009010 -0.601618
-0.636341 -0.012810 -0.632808
-0.600606 -0.036351 -0.656880
-0.565574 -0.051568 -0.674513
-0.536229 -0.093738 -0.676687
-0.514536 -0.130026 -0.692062
-0.468846 -0.129471 -0.706070
-0.440360 -0.150861 -0.731200
-0.402660 -0.140971 -0.746741
-0.359026 -0.148864 -0.767404
-0.315887 -0.157936 -0.773808
-0.275493 -0.187316 -0.783551
-0.251601 -0.232870 -0.778359
-0.222776 -0.268423 -0.773119
-0.223258 -0.318874 -0.760667
-0.223218 -0.359158 -0.741205
-0.236648 -0.400537 -0.716099
-0.271862 -0.425714 -0.692157
-0.290901 -0.459963 -0.674049
-0.322276 -0.480521 -0.642539
-0.346416 -0.506488 -0.617314
-0.379561 -0.525063 -0.586707
-0.394722 -0.542818 -0.552737
-0.420957 -0.552015 -0.515512
-0.462209 -0.563529 -0.492128
-0.488093 -0.563751 -0.459596
-0.529749 -0.563210 -0.433706
-0.561267 -0.547465 -0.407709
-0.604211 -0.524744 -0.392061
-0.634467 -0.496390 -0.373905
-0.674106 -0.462349 -0.370602
-0.703776 -0.429529 -0.355394
-0.736687 -0.387844 -0.350629
-0.762519 -0.354469 -0.332973
-0.790992 -0.311106 -0.322446
-0.810304 -0.277912 -0.298611
-0.831073 -0.234368 -0.279648
-0.853027 -0.196429 -0.258843
-0.870309 -0.175719 -0.219324
-0.894709 -0.154828 -0.187066
-0.916298 -0.150639 -0.145658
-0.929468 -0.142621 -0.106995
-0.935675 -0.148378 -0.066241
-0.947829 -0.135907 -0.023169
-0.942936 -0.134395 0.016159
-0.943847 -0.123021 0.060252
-0.939982 -0.134479 0.097977
-0.929962 -0.137156 0.142343
-0.926761 -0.115849 0.183739
-0.916376 -0.095555 0.219871
-0.924483 -0.063497 0.254530
-0.932695 -0.014142 0.268325
-0.935102 0.030608 0.279755
-0.944147 0.082654 0.278376
-0.938668 0.125309 0.262811
-0.963901 0.160849 0.245987
-0.964161 0.205252 0.230790
-0.973440 0.240070 0.198531
-0.992400 0.268451 0.173152
-0.985620 0.307888 0.152537
-0.992296 0.340098 0.116726
-0.997046 0.374860 0.092309
-0.983785 0.417613 0.086843
-0.966998 0.456592 0.061642
-0.961090 0.499775 0.052232
-0.933619 0.543678 0.053539
-0.927828 0.588636 0.029989
-0.907071 0.618211 0.006333
-0.908815 0.646634 -0.030548
-0.911561 0.657981 -0.068379
-0.940763 0.665069 -0.104250
-0.964187 0.668412 -0.137044
-0.971449 0.667358 -0.175422
-0.991060 0.654249 -0.214809
-1.000000 0.655525 -0.252177
-0.981950 0.637853 -0.284900
-0.976771 0.633150 -0.324323
-0.944303 0.625479 -0.348288
-0.918979 0.596807 -0.377553
-0.919525 0.553416 -0.401685
-0.905978 0.512356 -0.409634
-0.902634 0.462959 -0.416418
-0.924405 0.418140 -0.413816
-0.943027 0.380492 -0.406402
-0.952840 0.338752 -0.421408
-0.973596 0.291145 -0.423761
-0.987026 0.251583 -0.436261
-0.981898 0.212507 -0.462745
-0.962691 0.180754 -0.485427
-0.958175 0.153136 -0.517852
-0.930404 0.152220 -0.548424
-0.900317 0.171766 -0.570714
-0.868292 0.185956 -0.602307
-0.837580 0.218527 -0.612478
-0.813896 0.258977 -0.619203
-0.795052 0.304379 -0.621686
-0.776586 0.348685 -0.621663
-0.765954 0.395390 -0.614593
-0.737976 0.439405 -0.619049
-0.710322 0.476748 -0.612989
-0.673117 0.505295 -0.628816
-0.641208 0.522704 -0.654848
-0.599943 0.525659 -0.668049
-0.572016 0.515991 -0.704478
-0.545104 0.502285 -0.732495
-0.535448 0.465456 -0.763471
-0.530842 0.429057 -0.793888
-0.517555 0.403866 -0.824507
-0.494782 0.361890 -0.840167
-0.486440 0.335798 -0.872747
-0.452111 0.317640 -0.888858
-0.423052 0.281685 -0.906408
-0.393850 0.269561 -0.927973
-0.345635 0.258893 -0.929090
-0.300986 0.244620 -0.937300
-0.258407 0.246562 -0.939261
-0.210830 0.236921 -0.939795
-0.182448 0.195042 -0.941281
-0.161184 0.156424 -0.947804
-0.141260 0.126891 -0.970058
-0.116431 0.082515 -0.971935
-0.088868 0.043453 -0.975464
-0.053719 0.014808 -0.985920
-0.016995 -0.002892 -0.999905
0.017594 -0.040956 -1.000000
0.051780 -0.068713 -0.998289
0.095466 -0.091033 -0.996162
0.137421 -0.100604 -0.997172
0.174366 -0.134049 -0.997350
0.215228 -0.134784 -0.983722
0.254698 -0.160530 -0.968228
0.293322 -0.174554 -0.966589
0.323929 -0.195070 -0.935708
0.352181 -0.208359 -0.908689
0.359820 -0.236310 -0.872046
0.376946 -0.263263 -0.850053
0.369320 -0.277551 -0.807873
0.366912 -0.311855 -0.782719
0.345674 -0.327378 -0.743819
0.338582 -0.357299 -0.717691
0.322862 -0.372072 -0.677709
0.301702 -0.391298 -0.649038
0.297707 -0.422204 -0.621734
0.287505 -0.430070 -0.579186
0.281414 -0.451030 -0.543588
0.307884 -0.454400 -0.506149
0.319804 -0.445037 -0.470230
0.338608 -0.460199 -0.438459
0.375306 -0.449088 -0.413923
0.415088 -0.450974 -0.398667
0.457694 -0.460157 -0.405808
0.507274 -0.457050 -0.408255
0.543660 -0.426727 -0.419115
0.587957 -0.432109 -0.423559
0.625254 -0.433995 -0.442011
0.661899 -0.404421 -0.449758
0.706770 -0.397804 -0.452610
0.739043 -0.377024 -0.472607
0.781544 -0.353484 -0.467165
0.822823 -0.337338 -0.467236
0.847379 -0.300092 -0.483146
0.886094 -0.268437 -0.476183
0.918484 -0.234424 -0.473391
0.942247 -0.194071 -0.478072
0.969432 -0.152151 -0.463969
0.979790 -0.104932 -0.456424
0.985464 -0.054911 -0.454095
1.000000 -0.010119 -0.454915
0.988913 0.042010 -0.453347
0.987000 0.086400 -0.450507
0.959606 0.130817 -0.454475
0.950068 0.179756 -0.457339
0.911132 0.212992 -0.464278
0.872326 0.233938 -0.476017
0.832505 0.255231 -0.487673
0.805736 0.266426 -0.523080
0.762818 0.286359 -0.536447
0.727005 0.275956 -0.558084
0.679559 0.265593 -0.567530
0.634441 0.271378 -0.570773
0.589857 0.273889 -0.582120
0.549555 0.294280 -0.566448
0.511595 0.313839 -0.550836
0.475548 0.328737 -0.533310
0.464539 0.360156 -0.505246
0.475977 0.400024 -0.481839
0.463406 0.443470 -0.468947
0.466712 0.479175 -0.437758
0.494769 0.505295 -0.416798
0.491320 0.542430 -0.392358
0.519858 0.562502 -0.365386
0.534264 0.573336 -0.329587
0.566876 0.573336 -0.304100
0.587007 0.565609 -0.266221
0.615377 0.551544 -0.239143
0.639829 0.546647 -0.210639
0.637291 0.565859 -0.171881
0.638553 0.577511 -0.134857
0.598121 0.571255 -0.109823
0.557103 0.579980 -0.094317
0.513131 0.577622 -0.103799
0.475652 0.564458 -0.122774
0.430665 0.550351 -0.130449
0.394331 0.554096 -0.151753
0.351543 0.552251 -0.160557
0.313375 0.553805 -0.174352
0.274843 0.572212 -0.173782
0.233460 0.577151 -0.176111
0.196814 0.600705 -0.174744
0.156811 0.611746 -0.176301
0.119151 0.625077 -0.191699
0.119281 0.659104 -0.224362
0.117654 0.660547 -0.263833
0.096885 0.638338 -0.290959
0.086305 0.638297 -0.326390
0.080254 0.618613 -0.358126
0.093839 0.580452 -0.378551
0.091367 0.553680 -0.407436
0.093267 0.511524 -0.417583
0.094087 0.494739 -0.450614
0.097223 0.464430 -0.474591
0.105200 0.446896 -0.506767
0.093007 0.423481 -0.536613
0.092200 0.401466 -0.568254
0.112501 0.396264 -0.604886
0.114062 0.383974 -0.642254
0.145581 0.371559 -0.672778
0.162134 0.356813 -0.707235
0.197556 0.328376 -0.725640
0.219419 0.303283 -0.758766
0.248009 0.261585 -0.768996
0.279592 0.230262 -0.781032
0.298241 0.182419 -0.777087
0.310135 0.139320 -0.785892
0.293569 0.088355 -0.785262
0.279866 0.043966 -0.778584
0.268128 -0.001713 -0.773333
0.246421 -0.045631 -0.757708
0.207746 -0.071349 -0.739066
0.184191 -0.090672 -0.709837
0.144266 -0.103157 -0.685384
0.119320 -0.093446 -0.653636
0.097509 -0.092281 -0.617350
0.102207 -0.090630 -0.572627
0.113360 -0.051332 -0.546796
0.119723 -0.022313 -0.519611
0.135092 0.012921 -0.502121
0.151059 0.033770 -0.474555
0.167925 0.065439 -0.455426
0.189683 0.080879 -0.428252
0.191934 0.096900 -0.395506
0.210934 0.124019 -0.374499
0.235894 0.134673 -0.349120
0.249466 0.146436 -0.317919
0.274296 0.172099 -0.299146
0.306608 0.168894 -0.280052
0.336812 0.181781 -0.259687
0.375358 0.178674 -0.256217
0.408776 0.171571 -0.232477
0.443275 0.193447 -0.232442
0.482679 0.198885 -0.219277
0.516527 0.225324 -0.203783
0.549256 0.198344 -0.189775
0.546978 0.176066 -0.156637
0.519026 0.138668 -0.144505
0.491593 0.119220 -0.119185
0.462417 0.085318 -0.111522
0.431641 0.069490 -0.087580
0.403818 0.038667 -0.078217
0.362631 0.027376 -0.059028
0.341380 -0.015363 -0.046351
0.325308 -0.054800 -0.055036
0.308547 -0.084513 -0.074962
0.284277 -0.060834 -0.101101
0.289144 -0.018470 -0.111106
0.324358 -0.011604 -0.139063
0.363594 -0.009884 -0.143436
0.366340 -0.027251 -0.177822
0.346364 0.007123 -0.192496
0.373575 0.035948 -0.182123
0.405458 0.019996 -0.198650
0.390584 0.023367 -0.232656
0.383231 0.065079 -0.232549
0.422271 0.076565 -0.226905
0.435154 0.056589 -0.259199
0.412446 0.079131 -0.282701
0.431276 0.116695 -0.271141
0.473023 0.093488 -0.266233
0.504477 0.071973 -0.283236
0.529410 0.077383 -0.251619
0.513274 0.047046 -0.226335
0.506429 0.017763 -0.193803
0.497033 -0.019760 -0.174305
0.494118 -0.038778 -0.135000
0.490201 -0.080698 -0.113530
0.483161 -0.117070 -0.095006
0.468404 -0.139667 -0.123629
0.501705 -0.151416 -0.141642
0.510606 -0.186719 -0.121455
0.476732 -0.211106 -0.131934
0.488327 -0.222231 -0.168494
0.492608 -0.262583 -0.182158
0.478528 -0.261890 -0.216651
0.441973 -0.242137 -0.205447
0.436326 -0.248212 -0.165417
0.425837 -0.245799 -0.128869
0.450627 -0.251139 -0.093450
0.446424 -0.247685 -0.054941
0.473127 -0.237947 -0.021542
0.488457 -0.223438 0.010099
0.527666 -0.227003 0.004527
0.527328 -0.193558 -0.022433
0.521433 -0.154093 -0.008222
0.560421 -0.143121 -0.007260
0.566277 -0.148045 -0.042786
0.537856 -0.120441 -0.052767
0.558599 -0.086108 -0.039424
0.594737 -0.091255 -0.055345
0.582570 -0.090575 -0.090325
0.565783 -0.050666 -0.087889
0.599370 -0.030636 -0.077053
0.620153 -0.040332 -0.107684
0.595024 -0.020384 -0.130497
0.599513 0.018123 -0.114932
0.638684 0.021702 -0.119566
0.636380 0.020898 -0.155769
0.613308 0.056631 -0.159049
0.640310 0.082987 -0.142521
0.670683 0.074650 -0.166498
0.647233 0.084513 -0.197830
0.613464 0.109371 -0.198840
0.573942 0.100243 -0.198733
0.530529 0.115114 -0.213609
0.517035 0.090436 -0.184273
0.505479 0.067492 -0.152929
0.480558 0.030497 -0.140477
0.458539 0.009578 -0.112021
0.437028 -0.030511 -0.104416
0.419890 -0.029054 -0.065813
0.401918 -0.016292 -0.034005
0.408282 0.010605 -0.006487
0.394475 0.013365 0.029312
0.434087 0.032564 0.043071
0.470017 0.051901 0.045471
0.494964 0.017804 0.040956
0.490734 0.011479 0.004883
0.510515 0.051998 -0.003125
0.548995 0.056215 0.007212
0.567787 0.046532 -0.024215
0.550830 0.077938 -0.045008
0.562972 0.111105 -0.024381
0.602428 0.104627 -0.026686
0.603274 0.108095 -0.063175
0.588881 0.148101 -0.066027
0.619059 0.167105 -0.048454
0.649420 0.153511 -0.069211
0.629223 0.168145 -0.103228
0.596130 0.194043 -0.107387
0.554539 0.184749 -0.103169
0.513547 0.180255 -0.101090
0.477578 0.169491 -0.085227
0.439189 0.140887 -0.087723
0.399914 0.126724 -0.082946
0.368422 0.089798 -0.092048
0.327312 0.075247 -0.101042
0.290263 0.064885 -0.110856
0.252394 0.071945 -0.124378
0.222334 0.043162 -0.101909
0.192520 0.025226 -0.081639
0.222151 -0.007331 -0.069116
0.252733 0.000881 -0.045697
0.223427 -0.016819 -0.015981
0.208240 -0.060418 -0.026366
0.212665 -0.103503 -0.023680
0.189722 -0.114725 -0.052089
0.213953 -0.092670 -0.078799
0.249349 -0.109274 -0.071171
0.239446 -0.149294 -0.079168
0.227188 -0.142302 -0.114552
0.267100 -0.123298 -0.124425
0.296757 -0.154606 -0.119673
0.329668 -0.179770 -0.130022
0.337775 -0.196540 -0.092986
0.309914 -0.205182 -0.065421
0.298293 -0.183196 -0.036845
0.270145 -0.177079 -0.010979
0.249974 -0.156216 0.013759
0.276703 -0.161431 0.041360
0.305164 -0.137919 0.024001
0.282429 -0.102338 0.020246
0.278668 -0.095569 0.056153
0.317761 -0.090686 0.062949
0.322094 -0.057685 0.038616
0.296666 -0.030941 0.058636
0.317266 -0.028069 0.089885
0.351244 -0.010036 0.069710
0.341120 0.031745 0.057294
0.354758 0.073291 0.056699
0.347054 0.114351 0.056010
0.378455 0.138390 0.044152
0.415335 0.148697 0.019664
0.458318 0.165274 0.021791
0.496994 0.171766 0.029609
0.493376 0.168159 0.065777
0.478190 0.128666 0.068462
0.510593 0.110495 0.053693
0.538598 0.125101 0.078479
0.519871 0.105959 0.108527
0.515030 0.063650 0.104713
0.514523 0.017416 0.113530
0.510970 -0.022077 0.126849
0.502108 -0.050916 0.151266
0.509578 -0.081295 0.175909
0.506858 -0.120704 0.191664
0.481365 -0.149002 0.202916
0.476407 -0.189951 0.217043
0.442962 -0.215697 0.217863
0.405289 -0.217445 0.195704
0.397832 -0.233481 0.161591
0.414593 -0.257423 0.135915
0.396374 -0.296860 0.122655
0.357920 -0.310760 0.104844
0.356840 -0.327475 0.069258
0.364908 -0.359158 0.047658
0.352155 -0.369340 0.013308
0.354159 -0.402423 -0.007450
0.344842 -0.425242 -0.038651
0.344256 -0.470214 -0.032211
0.322120 -0.496071 -0.058185
0.357569 -0.532012 -0.064137
0.376113 -0.571366 -0.050319
0.389217 -0.609860 -0.036774
0.417222 -0.637104 -0.010967
0.438590 -0.667192 0.008602
0.459125 -0.674446 0.048168
0.476836 -0.683199 0.084705
0.505231 -0.682048 0.117795
0.538871 -0.676153 0.146086
0.561462 -0.646023 0.169089
0.580631 -0.630598 0.206540
0.606671 -0.601371 0.228343
0.624798 -0.559589 0.235103
0.631149 -0.521789 0.264796
0.643564 -0.495183 0.289676
0.650955 -0.446729 0.306845
0.648209 -0.402978 0.317527
0.645451 -0.364984 0.342241
0.640232 -0.317432 0.348918
0.651137 -0.279243 0.367893
0.638931 -0.229874 0.379597
0.637682 -0.193294 0.399712
0.665426 -0.148239 0.401008
0.687354 -0.106860 0.395589
0.709724 -0.067229 0.391740
0.743923 -0.040512 0.375082
0.781193 -0.024463 0.355002
0.818854 -0.020579 0.329385
0.849943 -0.029221 0.297934
0.878989 -0.047684 0.268289
0.907527 -0.069393 0.244918
0.917157 -0.102477 0.210770
0.935701 -0.114074 0.169302
0.954635 -0.135256 0.136794
0.963693 -0.139264 0.094056
0.973596 -0.120024 0.060205
0.977227 -0.080601 0.030073
0.985750 -0.046324 0.006689
0.996447 0.004626 -0.000535
0.993337 0.050985 0.005525
0.994586 0.092947 0.032211
0.993962 0.129721 0.061666
0.979491 0.149779 0.100899
0.976589 0.161501 0.138790
0.959528 0.145021 0.177584
0.957511 0.125961 0.212671
0.939462 0.089965 0.239844
0.946853 0.051582 0.264950
0.944979 -0.000340 0.278186
0.936833 -0.046352 0.292741
0.948129 -0.089410 0.303483
0.952931 -0.139029 0.314758
0.966673 -0.188842 0.316148
0.972997 -0.233189 0.335147
0.982497 -0.275609 0.357093
0.974299 -0.311259 0.383423
0.972125 -0.360309 0.400806
0.972386 -0.395945 0.423155
0.968547 -0.414422 0.462056
0.954414 -0.423481 0.501669
0.931680 -0.430846 0.534784
0.909713 -0.421330 0.570690
0.882658 -0.398997 0.598327
0.874473 -0.378828 0.630431
0.856632 -0.332594 0.644321
0.857243 -0.294655 0.664187
0.866860 -0.243052 0.670247
0.870153 -0.195542 0.665482
0.874746 -0.155883 0.645854
0.875774 -0.108428 0.643561
0.869020 -0.061500 0.624788
0.852259 -0.014323 0.638523
0.821378 0.018179 0.648919
0.794792 0.045728 0.679372
0.776599 0.032841 0.719021
0.740734 0.045880 0.747692
0.704154 0.042787 0.769839
0.678752 0.021841 0.804237
0.652595 0.024005 0.830698
0.614023 -0.001436 0.847558
0.583064 -0.011548 0.870335
0.551949 -0.048294 0.884961
0.529892 -0.076703 0.905160
0.490852 -0.087287 0.924420
0.455559 -0.121980 0.937110
0.422883 -0.150611 0.950774
0.383595 -0.168547 0.956311
0.344555 -0.186567 0.960042
0.309979 -0.212465 0.968941
0.271902 -0.199717 0.979837
0.222958 -0.198968 0.981239
0.183580 -0.185790 0.984970
0.149250 -0.155675 0.988201
0.124707 -0.115780 0.995699
0.110301 -0.070225 0.997790
0.105682 -0.025142 0.991516
0.077898 0.009384 1.000000
0.069583 0.056506 0.988011
0.040706 0.091976 0.986015
-0.004516 0.114129 0.983318
-0.044258 0.131621 0.970676
-0.093983 0.128680 0.967658
-0.138358 0.116917 0.969203
-0.177125 0.123548 0.951451
-0.221865 0.116862 0.933237
-0.252824 0.079755 0.919596
-0.288715 0.061153 0.909640
-0.321131 0.034880 0.883357
-0.351127 0.021536 0.857075
-0.366795 0.002434 0.817117
-0.377674 -0.000451 0.777361
-0.383101 0.010244 0.736143
-0.371818 0.026529 0.697314
-0.356319 0.050111 0.667229
-0.327026 0.079436 0.641220
-0.291838 0.103822 0.627948
-0.249623 0.121869 0.621104
-0.203855 0.131094 0.625821
-0.163656 0.120871 0.639295
-0.118318 0.101991 0.635196
-0.082635 0.073513 0.635814
-0.056947 0.033340 0.639022
-0.040133 -0.007151 0.642396
-0.041487 -0.054772 0.650523
-0.055554 -0.094209 0.666564
-0.070025 -0.144633 0.664770
-0.091887 -0.184403 0.666766
-0.127206 -0.211480 0.669594
-0.158711 -0.248850 0.657783
-0.196138 -0.270351 0.651688
-0.229985 -0.296278 0.626487
-0.265811 -0.311231 0.608023
-0.302132 -0.323535 0.587443
-0.342955 -0.335687 0.577689
-0.388202 -0.339640 0.572983
-0.435037 -0.344537 0.572033
-0.479244 -0.333246 0.571855
-0.527276 -0.333509 0.565938
-0.568607 -0.325075 0.550563
-0.607673 -0.341485 0.541758
-0.647637 -0.339737 0.514323
-0.675524 -0.334924 0.483300
-0.697231 -0.357382 0.447192
-0.708448 -0.372045 0.412366
-0.697062 -0.392658 0.371874
-0.705872 -0.429279 0.344070
-0.696723 -0.447687 0.302199
-0.682070 -0.455455 0.265045
-0.684465 -0.492908 0.242327
-0.702007 -0.509471 0.207383
-0.700263 -0.535425 0.168126
-0.702814 -0.538116 0.129237
-0.695266 -0.560241 0.089683
-0.696125 -0.571103 0.052268
-0.678231 -0.568675 0.012749
-0.670553 -0.593672 -0.019617
-0.665075 -0.583851 -0.057983
-0.629509 -0.581978 -0.089410
-0.609976 -0.578122 -0.122774
-0.580475 -0.548755 -0.148082
-0.559484 -0.528211 -0.181695
-0.547902 -0.485972 -0.196167
-0.517711 -0.457841 -0.223103
-0.518102 -0.417835 -0.241888
-0.505856 -0.367828 -0.251524
-0.503436 -0.324271 -0.272269
-0.521082 -0.275859 -0.269275
-0.506103 -0.236768 -0.289783
-0.501770 -0.187871 -0.289783
-0.500468 -0.154149 -0.315317
-0.475795 -0.111022 -0.312002
-0.429650 -0.094958 -0.318739
-0.391716 -0.067978 -0.327626
-0.356658 -0.045326 -0.308580
-0.320910 -0.037419 -0.290567
-0.287921 -0.029179 -0.271271
-0.265655 -0.007456 -0.245654
-0.234787 -0.000368 -0.218813
-0.217519 -0.005029 -0.188349
-0.193262 0.008302 -0.160451
-0.174158 -0.008704 -0.133883
-0.149459 -0.010147 -0.105343
-0.104901 0.001602 -0.097656
-0.087892 -0.004779 -0.062141
-0.051988 -0.022451 -0.054288
-0.038415 -0.041150 -0.019332
-0.012675 -0.067063 0.000083
-0.010242 -0.098329 0.026247
0.008654 -0.134617 0.038877
-0.006533 -0.171932 0.010135
-0.007717 -0.193405 -0.023847
0.017074 -0.217223 -0.055880
0.021420 -0.260988 -0.063852
-0.002121 -0.252832 -0.102206
0.013560 -0.262250 -0.143246
0.003618 -0.306820 -0.161247
-0.027237 -0.319166 -0.187184
-0.047147 -0.304337 -0.226085
-0.049828 -0.330652 -0.264297
-0.052665 -0.359144 -0.298861
-0.059419 -0.344842 -0.341623
-0.069465 -0.370311 -0.377577
-0.057805 -0.361433 -0.417891
-0.064013 -0.398539 -0.445409
-0.050075 -0.387442 -0.486330
-0.028929 -0.423994 -0.511103
-0.005687 -0.448977 -0.533619
0.022930 -0.490841 -0.534831
0.053121 -0.521109 -0.531825
0.075634 -0.555442 -0.503891
0.098850 -0.582699 -0.478631
0.133673 -0.594962 -0.459988
0.145047 -0.618474 -0.429702
0.186300 -0.626770 -0.410121
0.199430 -0.649047 -0.371363
0.212600 -0.687638 -0.350950
0.201031 -0.711525 -0.314224
0.179494 -0.741488 -0.287763
0.185831 -0.756691 -0.246058
0.171334 -0.791135 -0.226477
0.194199 -0.801372 -0.188206
0.193080 -0.839630 -0.164122
0.217493 -0.872256 -0.144529
0.254633 -0.901539 -0.135867
0.294324 -0.922236 -0.134952
0.327573 -0.947274 -0.132635
0.364310 -0.953003 -0.154712
0.397559 -0.978804 -0.168887
0.414086 -0.991844 -0.205019
0.425498 -1.000000 -0.243765
0.420644 -0.995797 -0.283307
0.429637 -0.993675 -0.327139
0.418536 -0.986531 -0.363794
0.419083 -0.962366 -0.403479
0.449456 -0.942558 -0.434704
0.471891 -0.917283 -0.459275
0.504125 -0.877624 -0.462531
0.546419 -0.875877 -0.469518
0.589883 -0.851352 -0.462246
0.624798 -0.823719 -0.461984
0.658503 -0.798986 -0.440799
0.695708 -0.797585 -0.418937
0.726732 -0.776764 -0.399071
0.761413 -0.760978 -0.381403
0.785865 -0.741724 -0.348098
0.824541 -0.720722 -0.327507
0.844633 -0.711400 -0.294405
0.861017 -0.677789 -0.273434
0.879028 -0.647272 -0.241603
0.890323 -0.638366 -0.199268
0.892366 -0.607197 -0.171215
0.886133 -0.581534 -0.132873
0.886666 -0.549033 -0.105688
0.862149 -0.519403 -0.075651
0.842447 -0.485528 -0.056319
0.829147 -0.458437 -0.031201
0.812464 -0.410358 -0.025950
0.809901 -0.365289 -0.029526
0.795755 -0.317598 -0.038616
0.799763 -0.267106 -0.036821
0.805502 -0.228293 -0.058779
0.817956 -0.198968 -0.089636
0.832739 -0.171960 -0.118948
0.856189 -0.165052 -0.152252
0.861134 -0.145437 -0.194171
0.863438 -0.131621 -0.234438
0.855031 -0.126003 -0.274277
0.837086 -0.097233 -0.308556
0.817123 -0.084249 -0.340672
0.793270 -0.070295 -0.372064
0.753904 -0.051790 -0.394271
0.714786 -0.054384 -0.411737
0.665921 -0.047656 -0.411214
0.626815 -0.061001 -0.414945
0.596794 -0.088716 -0.418783
0.564677 -0.114947 -0.419044
0.526977 -0.137350 -0.424022
0.502355 -0.176801 -0.412307
0.456236 -0.189216 -0.404715
0.412212 -0.172126 -0.403313
0.381461 -0.159184 -0.426197
0.355447 -0.139875 -0.450269
0.312777 -0.128486 -0.448796
0.271043 -0.126350 -0.441714
0.247280 -0.113852 -0.405832
0.209502 -0.098565 -0.404418
0.170306 -0.097747 -0.393724
0.135651 -0.122757 -0.370186
0.094191 -0.113810 -0.350831
0.058768 -0.119664 -0.370674
0.023294 -0.134798 -0.389803
0.003826 -0.146727 -0.420327
-0.000468 -0.169560 -0.461260
0.005440 -0.192115 -0.496477
0.003344 -0.217459 -0.535295
0.025675 -0.236005 -0.573031
0.041877 -0.256785 -0.604601
0.075985 -0.274971 -0.634174
0.101752 -0.317085 -0.648658
0.132463 -0.337684 -0.673312
0.168953 -0.373140 -0.682057
0.193795 -0.409456 -0.695840
0.229270 -0.449157 -0.695104
0.261387 -0.483129 -0.690850
0.285071 -0.526963 -0.676925
0.289886 -0.571893 -0.652234
0.303797 -0.602189 -0.624182
0.288754 -0.635731 -0.590972
0.285943 -0.656385 -0.554484
0.274270 -0.670396 -0.511674
0.246864 -0.684670 -0.474270
0.226550 -0.684975 -0.435500
0.193327 -0.698902 -0.400318
0.167899 -0.699041 -0.363331
0.137239 -0.672241 -0.332664
0.120621 -0.647313 -0.298849
0.098772 -0.627671 -0.267267
0.070155 -0.589677 -0.255243
0.025051 -0.574931 -0.257132
-0.011400 -0.538768 -0.259259
-0.034277 -0.491993 -0.254447
-0.079251 -0.470824 -0.264202
-0.101752 -0.432955 -0.273731
-0.129743 -0.399053 -0.296579
-0.154052 -0.364304 -0.313202
-0.164697 -0.331248 -0.347682
-0.175355 -0.324423 -0.387260
-0.189579 -0.319956 -0.427836
-0.224624 -0.333911 -0.457862
-0.260437 -0.343719 -0.482219
-0.301533 -0.358353 -0.497142
-0.343306 -0.369506 -0.492829
-0.384675 -0.381033 -0.498580
-0.415816 -0.405031 -0.479605
-0.460205 -0.405503 -0.460131
-0.483720 -0.401952 -0.428324
-0.511296 -0.380700 -0.397562
-0.545716 -0.382351 -0.379193
-0.568958 -0.360864 -0.343334
-0.589337 -0.342512 -0.310433
-0.609612 -0.338406 -0.274515
-0.615533 -0.325047 -0.234996
-0.642562 -0.323591 -0.208358
-0.650578 -0.300148 -0.169576
-0.669330 -0.263887 -0.142592
-0.692416 -0.219762 -0.137875
-0.719991 -0.191810 -0.135309
-0.728684 -0.149529 -0.111391
-0.758342 -0.116154 -0.109704
-0.775975 -0.089743 -0.082126
-0.791057 -0.042954 -0.067334
-0.804721 -0.013504 -0.043844
-0.789248 0.033271 -0.037130
-0.802366 0.073305 -0.028516
-0.797200 0.124547 -0.033138
-0.794011 0.167077 -0.025831
-0.764627 0.206542 -0.034504
-0.762961 0.234368 -0.063888
-0.765655 0.279202 -0.062522
-0.759031 0.329764 -0.071540
-0.753201 0.373445 -0.064339
-0.740747 0.423411 -0.067678
-0.727018 0.466344 -0.079025
-0.708279 0.506475 -0.069282
-0.672310 0.532415 -0.083469
-0.663552 0.573114 -0.090800
-0.625930 0.606420 -0.088174
-0.602676 0.641113 -0.086142
-0.557181 0.661462 -0.088352
-0.533861 0.698000 -0.091953
-0.488782 0.721652 -0.095351
-0.455299 0.748895 -0.103620
-0.432422 0.789484 -0.101149
-0.398352 0.824371 -0.115062
-0.372482 0.852836 -0.137174
-0.341198 0.880482 -0.164086
-0.338309 0.901373 -0.206504
-0.319869 0.921833 -0.237349
-0.305606 0.927548 -0.278876
-0.299373 0.942585 -0.314283
-0.282716 0.938340 -0.357057
-0.270795 0.937827 -0.394627
-0.239993 0.943750 -0.427361
-0.208331 0.949493 -0.457398
-0.172974 0.943737 -0.481197
-0.133843 0.947648 -0.497713
-0.087411 0.932251 -0.507040
-0.044870 0.928991 -0.504355
0.000482 0.908627 -0.505044
0.041044 0.896046 -0.499614
0.081529 0.891482 -0.478393
0.118448 0.905132 -0.462210
0.138306 0.918129 -0.422442
0.153792 0.934318 -0.388817
0.147767 0.956415 -0.351520
0.128624 0.974865 -0.317455
0.108740 0.993092 -0.287668
0.077950 1.000000 -0.253865
0.058118 0.998696 -0.218790
0.022721 0.982536 -0.194812
0.012727 0.960064 -0.155852
0.002251 0.936634 -0.122001
-0.024309 0.897322 -0.104012
-0.024179 0.853793 -0.092119
-0.015486 0.814952 -0.071171
-0.012571 0.773545 -0.053586
0.002329 0.740309 -0.032057
0.024621 0.700123 -0.030560
0.039613 0.663085 -0.014603
0.071144 0.628711 -0.013854
0.102090 0.603840 -0.005287
0.141742 0.594795 -0.002887
0.177750 0.584170 -0.019082
0.216608 0.583532 -0.026128
0.215241 0.624189 -0.039554
0.211663 0.644262 -0.005786
0.247033 0.631735 0.006107
0.266488 0.649463 -0.022967
0.253553 0.690510 -0.013783
