-0.184062 -0.359090 0.558966
-0.164873 -0.276961 0.494061
-0.190477 -0.184948 0.433521
-0.180005 -0.109603 0.370958
-0.252512 -0.036018 0.327013
-0.331323 -0.035725 0.294390
-0.426308 -0.013193 0.305575
-0.514906 -0.061859 0.294163
-0.603997 -0.060979 0.307735
-0.682589 -0.125099 0.285706
-0.766773 -0.146291 0.276499
-0.838183 -0.212338 0.255061
-0.888129 -0.099384 0.250560
-0.874203 -0.035097 0.191407
-0.928782 -0.094861 0.149690
-1.000000 -0.064120 0.186496
-0.983032 0.072329 0.174720
-0.926863 0.118734 0.125911
-0.838649 0.111027 0.145394
-0.749421 0.138376 0.149054
-0.670472 0.160908 0.159216
-0.605916 0.259999 0.176380
-0.531682 0.202789 0.196363
-0.450650 0.175608 0.221051
-0.390891 0.142061 0.262836
-0.349443 0.141056 0.330605
-0.300429 0.125476 0.385303
-0.273866 0.007204 0.432566
-0.282337 -0.086736 0.489764
-0.284228 -0.217657 0.510247
-0.312929 -0.306990 0.567445
-0.310681 -0.407212 0.615141
-0.365287 -0.453993 0.676454
-0.382393 -0.495205 0.751566
-0.430612 -0.542321 0.811196
-0.430447 -0.570130 0.882989
-0.473951 -0.621770 0.938028
-0.489275 -0.681786 1.000000
-0.580257 -0.718139 0.984791
-0.572226 -0.765925 0.904473
-0.590345 -0.829459 0.848071
-0.535767 -0.759141 0.792918
-0.496402 -0.696360 0.742950
-0.489576 -0.580433 0.703461
-0.480009 -0.516061 0.634987
-0.445140 -0.396658 0.596113
-0.445195 -0.278553 0.558943
-0.401801 -0.157474 0.544120
-0.408764 -0.026930 0.516795
-0.355282 0.084098 0.504655
-0.343439 0.230096 0.493833
-0.347113 0.356996 0.501086
-0.430941 0.352724 0.524319
-0.412656 0.227248 0.563785
-0.374498 0.179629 0.622984
-0.433380 0.087490 0.636033
-0.485163 0.022951 0.587292
-0.524281 -0.091971 0.564922
-0.568059 -0.215396 0.576084
-0.567894 -0.362525 0.566513
-0.583602 -0.489425 0.563672
-0.559945 -0.624660 0.546485
-0.614523 -0.713239 0.563808
-0.663701 -0.729572 0.505200
-0.644896 -0.615571 0.457800
-0.625461 -0.678519 0.394351
-0.634315 -0.705407 0.322444
-0.548514 -0.649328 0.287866
-0.477597 -0.643967 0.236738
-0.420305 -0.572769 0.190475
-0.338779 -0.615613 0.152259
-0.310270 -0.578046 0.089787
-0.255253 -0.479625 0.128548
-0.191902 -0.508481 0.172265
-0.131211 -0.459982 0.128502
-0.166984 -0.334087 0.140278
-0.221727 -0.312770 0.197136
-0.307693 -0.381832 0.191498
-0.396757 -0.391004 0.231100
-0.474719 -0.446203 0.265610
-0.542455 -0.445910 0.319057
-0.619732 -0.497089 0.346042
-0.694952 -0.483813 0.389122
-0.768171 -0.484399 0.426792
-0.741745 -0.383549 0.485377
-0.757864 -0.325585 0.423518
-0.754218 -0.304728 0.352657
-0.660878 -0.301922 0.328673
-0.581601 -0.259287 0.297278
-0.492345 -0.262721 0.297914
-0.424362 -0.199941 0.263200
-0.336093 -0.213637 0.241194
-0.251909 -0.133769 0.227553
-0.169451 -0.141684 0.244990
-0.129840 -0.256355 0.265450
-0.088995 -0.365708 0.273794
-0.089955 -0.493236 0.265450
-0.067613 -0.523391 0.332106
-0.129401 -0.460485 0.365320
-0.192067 -0.519915 0.330810
-0.175674 -0.638606 0.351952
-0.181568 -0.610965 0.419835
-0.260187 -0.560958 0.419949
-0.298181 -0.666373 0.393669
-0.275566 -0.743435 0.445706
-0.314355 -0.676090 0.496175
-0.392015 -0.687942 0.468053
-0.397497 -0.816644 0.473282
-0.391220 -0.819282 0.543120
-0.456846 -0.743226 0.557533
-0.515564 -0.819994 0.528093
-0.496895 -0.927880 0.571219
-0.450870 -0.918290 0.632714
-0.364629 -0.905306 0.637465
-0.287682 -0.866189 0.645604
-0.218054 -0.787704 0.639852
-0.130388 -0.785568 0.637170
-0.132636 -0.639486 0.643467
-0.144533 -0.524228 0.668315
-0.202347 -0.442853 0.698528
-0.229978 -0.323407 0.718352
-0.260900 -0.224944 0.752293
-0.307035 -0.114545 0.758681
-0.268822 -0.003560 0.723512
-0.251223 0.094191 0.684774
-0.207226 0.153998 0.636056
-0.152647 0.240650 0.613708
-0.117998 0.310885 0.564831
-0.058622 0.216610 0.548554
-0.116792 0.142313 0.509929
-0.119286 0.248398 0.461302
-0.043189 0.262135 0.432384
-0.038035 0.221552 0.362887
-0.021258 0.221133 0.299551
0.044504 0.234200 0.264700
0.076194 0.283243 0.201432
0.152757 0.332370 0.244581
0.250812 0.325125 0.252242
0.332474 0.370901 0.286388
0.428282 0.348997 0.284524
0.513288 0.410186 0.305439
0.538426 0.300582 0.360068
0.555422 0.212380 0.408559
0.496978 0.252251 0.457369
0.424088 0.219793 0.415198
0.421127 0.089458 0.410014
0.386258 -0.028940 0.423927
0.402541 -0.141475 0.460460
0.312628 -0.169075 0.484376
0.261668 -0.123424 0.424609
0.211968 -0.095824 0.369298
0.161639 -0.043096 0.321762
0.092860 -0.017046 0.286752
0.039515 -0.053147 0.233896
0.027591 0.076266 0.211230
0.086035 0.107719 0.166013
0.118382 0.194539 0.111225
0.195110 0.242367 0.155283
0.290889 0.227792 0.160148
0.366274 0.268752 0.200273
0.461561 0.237006 0.202364
0.532696 0.322570 0.217823
0.595883 0.293965 0.262245
0.610110 0.161117 0.283751
0.656410 0.066801 0.251560
0.638646 -0.022448 0.202887
0.653367 -0.140972 0.168173
0.554791 -0.162248 0.166445
0.474116 -0.192445 0.173924
0.402048 -0.225405 0.207298
0.333269 -0.300875 0.212299
0.279157 -0.206936 0.231964
0.270165 -0.158772 0.166104
0.232966 -0.269464 0.135845
0.154155 -0.246220 0.169332
0.119341 -0.145202 0.129503
0.052536 -0.132471 0.084194
0.060102 0.006701 0.084308
0.126880 0.050760 0.047593
0.164353 0.165431 0.009696
0.241108 0.191398 0.057209
0.337326 0.185492 0.060256
0.411533 0.218202 0.104246
0.507888 0.201323 0.098380
0.564221 0.296687 0.108019
0.632095 0.272228 0.146257
0.677079 0.140470 0.139642
0.702353 0.000335 0.121955
0.677545 -0.063157 0.064120
0.690785 -0.170918 0.015652
0.596403 -0.224400 0.016834
0.518140 -0.286301 0.002603
0.447498 -0.360095 0.001125
0.374909 -0.406123 -0.024177
0.321071 -0.343092 0.021472
0.306103 -0.242618 -0.019653
0.247248 -0.311555 -0.058596
0.180608 -0.296226 -0.007013
0.152894 -0.173472 -0.027519
0.083403 -0.132052 -0.063779
0.106950 0.004691 -0.043615
0.177620 0.052854 -0.072009
0.213120 0.181849 -0.094470
0.288806 0.196716 -0.044365
0.385436 0.197805 -0.042228
0.459806 0.221008 0.002080
0.557340 0.217532 -0.008627
0.611151 0.306278 0.010264
0.676668 0.254555 0.044410
0.722776 0.124471 0.024973
0.747447 -0.005612 -0.006331
0.730863 -0.037693 -0.073259
0.746433 -0.116514 -0.134936
0.647610 -0.149851 -0.146235
0.572472 -0.212422 -0.173174
0.514988 -0.312058 -0.181563
0.461643 -0.396155 -0.210094
0.401335 -0.392135 -0.161466
0.372031 -0.274574 -0.181972
0.348209 -0.310215 -0.245718
0.287819 -0.403694 -0.215664
0.228526 -0.324706 -0.176039
0.181842 -0.219165 -0.161785
0.227182 -0.129455 -0.196590
0.185817 -0.121204 -0.255789
0.113475 -0.059932 -0.215982
0.159830 0.034552 -0.166286
0.224414 0.111739 -0.190497
0.252621 0.254010 -0.192339
0.332091 0.247100 -0.144143
0.429954 0.256481 -0.143234
0.508135 0.253884 -0.100131
0.603860 0.247854 -0.113521
0.659864 0.328810 -0.086536
0.726833 0.275705 -0.056300
0.771077 0.160699 -0.090605
0.796269 0.048038 -0.138960
0.769295 0.036981 -0.205433
0.780945 -0.018595 -0.274885
0.687331 -0.074214 -0.282546
0.614852 -0.134146 -0.313578
0.561288 -0.210830 -0.346587
0.496101 -0.234954 -0.388053
0.438753 -0.228169 -0.335243
0.423704 -0.103489 -0.333151
0.360271 -0.109310 -0.382461
0.296509 -0.139423 -0.333333
0.274469 -0.014282 -0.315647
0.206075 0.051556 -0.341063
0.204622 0.142815 -0.284569
0.266958 0.229635 -0.293777
0.295303 0.367006 -0.279909
0.373319 0.344683 -0.233714
0.470799 0.357960 -0.234760
0.551611 0.336600 -0.193680
0.650516 0.343678 -0.205070
0.708768 0.409683 -0.170833
0.775271 0.342799 -0.151327
0.814033 0.240147 -0.197636
0.835634 0.144909 -0.254743
0.810332 0.146543 -0.320421
0.815705 0.088035 -0.390736
0.714552 0.070319 -0.398352
0.640127 0.022323 -0.427292
0.585192 -0.041839 -0.465280
0.544347 -0.063827 -0.526275
0.464466 -0.024752 -0.490378
0.441604 0.094945 -0.475783
0.370331 0.093312 -0.516635
0.317014 0.043850 -0.464871
0.297441 0.162667 -0.435862
0.226196 0.234577 -0.447411
0.237106 0.298111 -0.379528
0.299936 0.381874 -0.383120
0.333708 0.512878 -0.354362
0.410463 0.472714 -0.312532
0.507888 0.487917 -0.315578
0.588043 0.454119 -0.275431
0.686454 0.453449 -0.289139
0.750380 0.509570 -0.255561
0.819433 0.439042 -0.246422
0.853260 0.346526 -0.301711
0.874669 0.261004 -0.365479
0.851560 0.288688 -0.432384
0.859017 0.275956 -0.506223
0.761236 0.239854 -0.518977
0.683521 0.201114 -0.553510
0.619814 0.147087 -0.590588
0.553366 0.154207 -0.633191
0.494374 0.165515 -0.579471
0.498321 0.291410 -0.570332
0.437602 0.316623 -0.619346
0.369619 0.279348 -0.573924
0.360518 0.389161 -0.534345
0.315369 0.483729 -0.484308
0.339657 0.602044 -0.444660
0.362135 0.701889 -0.397556
0.448238 0.638439 -0.373117
0.547033 0.649495 -0.374891
0.630039 0.589479 -0.347974
0.725873 0.590945 -0.365956
0.789032 0.636973 -0.328355
0.858359 0.556268 -0.328605
0.888239 0.480881 -0.385894
0.930070 0.411651 -0.442387
0.928508 0.436110 -0.509997
0.951534 0.415211 -0.579903
0.961101 0.408803 -0.647741
0.957839 0.353311 -0.708326
0.983278 0.280144 -0.762751
1.000000 0.247477 -0.829633
0.986486 0.108975 -0.814220
0.957264 -0.014449 -0.804263
0.931688 -0.142103 -0.791645
0.935471 -0.271517 -0.820949
0.878343 -0.393349 -0.819631
0.863074 -0.471039 -0.874419
0.818994 -0.589940 -0.903109
0.825217 -0.696402 -0.960875
0.761537 -0.728944 -0.914089
0.723763 -0.763496 -0.855936
0.693280 -0.837542 -0.806127
0.635001 -0.884910 -0.765024
0.634397 -0.783892 -0.721580
0.608958 -0.694308 -0.766479
0.539358 -0.754701 -0.789599
0.501693 -0.764460 -0.726581
0.501693 -0.639946 -0.708008
0.457257 -0.598107 -0.762092
0.388698 -0.671818 -0.749543
0.369536 -0.625455 -0.687593
0.363122 -0.498974 -0.706939
0.308379 -0.505256 -0.759705
0.248674 -0.577962 -0.719875
0.245001 -0.595050 -0.651174
0.265642 -0.691837 -0.610207
0.278362 -0.745906 -0.549440
0.336998 -0.742597 -0.483967
0.388807 -0.818821 -0.424791
0.411286 -0.911965 -0.378642
0.350868 -0.998409 -0.411810
0.395770 -1.000000 -0.481080
0.485190 -0.947481 -0.462575
0.551200 -0.888763 -0.436681
0.585411 -0.778238 -0.414038
0.628915 -0.747581 -0.471577
0.558821 -0.724714 -0.510088
0.533272 -0.625581 -0.473510
0.600927 -0.551409 -0.486877
0.589879 -0.544289 -0.556351
0.512055 -0.490849 -0.551714
0.531435 -0.387821 -0.511611
0.599748 -0.347824 -0.559898
0.570965 -0.306278 -0.620188
0.569895 -0.220379 -0.679614
0.550761 -0.125728 -0.734220
0.534533 -0.070026 -0.798238
0.492510 -0.003644 -0.847093
0.441988 -0.115551 -0.861734
0.435546 -0.210244 -0.805422
0.502844 -0.289484 -0.788190
0.564440 -0.364535 -0.754089
0.642703 -0.381036 -0.706303
0.717047 -0.450978 -0.681091
0.787771 -0.472672 -0.731128
0.757782 -0.400385 -0.791941
0.799312 -0.259287 -0.802990
0.802766 -0.123382 -0.790145
0.839170 -0.004230 -0.759705
0.818857 0.135277 -0.739949
0.821708 0.281861 -0.733561
0.772667 0.406039 -0.708690
0.710934 0.501612 -0.692299
0.653943 0.591532 -0.648423
0.590318 0.653390 -0.615800
0.537411 0.671860 -0.559852
0.470196 0.714076 -0.597363
0.438534 0.594882 -0.612367
0.419153 0.575030 -0.534004
0.411916 0.718767 -0.504405
0.403062 0.836035 -0.473941
0.474965 0.808058 -0.426678
0.568251 0.834317 -0.418176
0.649886 0.823093 -0.400443
0.729327 0.812246 -0.412424
0.800984 0.738116 -0.418721
0.855371 0.866022 -0.407832
0.896353 0.981070 -0.417675
0.859318 1.000000 -0.486581
0.780562 0.947020 -0.505769
0.750161 0.833019 -0.522523
0.691196 0.746241 -0.563581
0.744185 0.632659 -0.574675
0.752299 0.486368 -0.591452
0.765265 0.358630 -0.604820
0.747667 0.236713 -0.645649
0.720967 0.109562 -0.663495
0.712167 0.018553 -0.726945
0.677545 -0.084600 -0.776846
0.686015 -0.183943 -0.837568
0.675379 -0.281694 -0.888196
0.724832 -0.193073 -0.944439
0.743171 -0.107802 -0.994089
0.666306 -0.055576 -1.000000
0.665620 -0.004733 -0.935413
0.733165 0.071324 -0.944325
0.712167 0.142061 -0.999409
0.639003 0.188592 -0.975448
0.678669 0.250366 -0.919113
0.731329 0.331197 -0.952918
0.666114 0.399422 -0.982813
0.635795 0.438414 -0.915067
0.718719 0.500105 -0.893288
0.709974 0.599824 -0.943416
