1.000000 0.417290 -0.283221
0.952957 0.423599 -0.317000
0.897088 0.397627 -0.338849
0.861343 0.422022 -0.388091
0.827210 0.316241 -0.384818
0.791135 0.318344 -0.333266
0.729662 0.305971 -0.355076
0.673262 0.368641 -0.368370
0.622044 0.413820 -0.380982
0.569434 0.442491 -0.386525
0.517483 0.444980 -0.415905
0.506221 0.549079 -0.403273
0.506185 0.652758 -0.423316
0.521054 0.698148 -0.365719
0.576466 0.640665 -0.359112
0.623289 0.585111 -0.375339
0.657477 0.540597 -0.333447
0.695584 0.485147 -0.301717
0.702799 0.377613 -0.273903
0.723272 0.289147 -0.240044
0.661744 0.251608 -0.239341
0.623875 0.203449 -0.274726
0.565021 0.175269 -0.285491
0.519223 0.108989 -0.302179
0.469250 0.073728 -0.317723
0.428744 -0.006186 -0.324772
0.399409 0.048141 -0.373973
0.442313 0.099034 -0.413194
0.500636 0.111197 -0.406507
0.523709 0.203835 -0.381163
0.555132 0.290338 -0.352063
0.564526 0.343685 -0.287238
0.563446 0.387603 -0.229119
0.536711 0.410736 -0.176825
0.497212 0.480205 -0.208234
0.476721 0.389075 -0.253941
0.457054 0.292547 -0.233317
0.402283 0.313892 -0.230605
0.353189 0.329419 -0.259263
0.351999 0.439687 -0.249403
0.398676 0.474177 -0.285089
0.381298 0.414872 -0.343047
0.336269 0.357319 -0.357245
0.321528 0.255288 -0.366523
0.290618 0.181402 -0.397630
0.303509 0.103871 -0.345055
0.280290 0.110391 -0.290210
0.243025 0.027532 -0.292760
0.285015 -0.054065 -0.284506
0.317610 -0.004995 -0.228155
0.280198 0.042884 -0.186565
0.272068 -0.011759 -0.131579
0.248116 -0.000683 -0.075791
0.234639 -0.023221 -0.014841
0.196843 -0.026971 0.031369
0.166244 -0.016807 0.089989
0.132605 -0.023256 0.139171
0.100010 0.022380 0.185119
0.110027 -0.061496 0.230826
0.173221 -0.086521 0.223336
0.213965 -0.068120 0.180520
0.219605 -0.133173 0.128647
0.228999 -0.170186 0.072738
0.208361 -0.206498 0.013395
0.206091 -0.260651 -0.039261
0.203399 -0.258197 -0.107862
0.197649 -0.279964 -0.168712
0.191349 -0.258758 -0.227774
0.134217 -0.214279 -0.226910
0.114165 -0.177126 -0.170198
0.095743 -0.116139 -0.124169
0.096439 -0.085855 -0.065007
0.044177 -0.114492 -0.048479
0.053132 -0.222201 -0.048740
0.094114 -0.226232 -0.006185
0.064375 -0.176250 0.038177
0.021434 -0.246245 0.039803
0.051557 -0.332223 0.055267
0.070345 -0.290373 0.107240
0.021269 -0.276844 0.135576
0.004111 -0.383747 0.133246
0.058955 -0.443683 0.148730
0.105485 -0.374249 0.177628
0.091715 -0.312350 0.224922
0.104735 -0.280209 0.286234
0.062196 -0.220588 0.306135
0.014402 -0.211861 0.336982
-0.020610 -0.203764 0.287659
-0.012132 -0.307268 0.265910
-0.027221 -0.363278 0.317984
-0.079446 -0.327982 0.326780
-0.100999 -0.376983 0.275911
-0.098014 -0.480871 0.304649
-0.132385 -0.462470 0.360257
-0.187815 -0.467307 0.357968
-0.188273 -0.576348 0.387810
-0.182322 -0.587704 0.451873
-0.236122 -0.609821 0.475490
-0.265769 -0.690366 0.510011
-0.301147 -0.750828 0.542846
-0.322664 -0.800705 0.599076
-0.360166 -0.874100 0.579837
-0.378075 -0.968104 0.561763
-0.373644 -0.962321 0.495210
-0.339730 -0.875992 0.472216
-0.310138 -0.825170 0.417813
-0.307135 -0.716724 0.419199
-0.286498 -0.608244 0.397409
-0.269321 -0.491036 0.403173
-0.250552 -0.387463 0.405362
-0.268461 -0.384623 0.471915
-0.281572 -0.381189 0.532463
-0.321016 -0.434009 0.575018
-0.337588 -0.420865 0.638036
-0.359031 -0.421111 0.694588
-0.366429 -0.380698 0.752144
-0.362767 -0.482133 0.783954
-0.315009 -0.537863 0.749393
-0.280894 -0.514134 0.698644
-0.297503 -0.567691 0.643036
-0.309790 -0.600953 0.581143
-0.350864 -0.583393 0.526137
-0.391827 -0.561697 0.484466
-0.443265 -0.530853 0.472116
-0.467290 -0.619495 0.501637
-0.436380 -0.589983 0.562928
-0.443265 -0.496574 0.595200
-0.480713 -0.540352 0.640024
-0.501680 -0.603232 0.687599
-0.531034 -0.670914 0.643338
-0.484595 -0.712378 0.607089
-0.458391 -0.738911 0.669686
-0.437662 -0.759380 0.725916
-0.424972 -0.690927 0.770941
-0.390619 -0.666392 0.820625
-0.419094 -0.582903 0.845426
-0.441746 -0.542034 0.893001
-0.473388 -0.456932 0.895532
-0.467162 -0.353359 0.892098
-0.459215 -0.250521 0.903424
-0.491462 -0.188973 0.932624
-0.494795 -0.106360 0.962205
-0.527646 -0.056238 1.000000
-0.553411 -0.007869 0.950336
-0.579469 -0.096230 0.926720
-0.610214 -0.119223 0.976022
-0.636602 -0.020312 0.977689
-0.663209 -0.035418 0.922060
-0.691665 -0.125427 0.935516
-0.719573 -0.086276 0.984496
-0.745813 -0.009972 0.949393
-0.771432 -0.076953 0.908786
-0.801701 -0.132472 0.951863
-0.831568 -0.047546 0.972025
-0.856948 -0.026340 0.914449
-0.886888 -0.119889 0.905673
-0.928529 -0.096616 0.954031
-0.950833 0.004259 0.920333
-1.000000 0.036855 0.894969
-0.987878 0.160688 0.897460
-0.984124 0.263420 0.887499
-0.944625 0.361455 0.879004
-0.937703 0.464363 0.872397
-0.889104 0.548974 0.873542
-0.860610 0.642383 0.872216
-0.813183 0.672596 0.909770
-0.747388 0.704351 0.919530
-0.696536 0.733093 0.940637
-0.633580 0.727309 0.956160
-0.576942 0.761834 0.962366
-0.520706 0.737649 0.981685
-0.457805 0.689876 0.975982
-0.400965 0.695203 0.982468
-0.338155 0.668986 0.970881
-0.281352 0.675715 0.965840
-0.225300 0.659172 0.923968
-0.171133 0.683952 0.906697
-0.121160 0.648762 0.859765
-0.090872 0.658366 0.801807
-0.077725 0.718477 0.738146
-0.038464 0.724821 0.686736
-0.034600 0.741435 0.617954
-0.013120 0.734249 0.556502
-0.029253 0.732006 0.493704
-0.062581 0.714130 0.436329
-0.119585 0.659277 0.412612
-0.176242 0.629379 0.404298
-0.229548 0.587003 0.418154
-0.279777 0.536181 0.405402
-0.307044 0.560365 0.469605
-0.368132 0.611714 0.465729
-0.423415 0.558262 0.454303
-0.452623 0.463311 0.474546
-0.507540 0.456547 0.497982
-0.544933 0.373688 0.479165
-0.550115 0.327667 0.421448
-0.554949 0.257566 0.376223
-0.539293 0.228966 0.319610
-0.583058 0.282768 0.292479
-0.567035 0.382626 0.310533
-0.515634 0.378770 0.284105
-0.534092 0.361736 0.225866
-0.566412 0.449256 0.221508
-0.522629 0.517569 0.231308
-0.491041 0.487321 0.183512
-0.530393 0.514344 0.141279
-0.534458 0.617322 0.158992
-0.479834 0.638983 0.148067
-0.480933 0.613291 0.087539
-0.523105 0.690507 0.076956
-0.496260 0.781252 0.104167
-0.449565 0.778378 0.066533
-0.481629 0.838489 0.026348
-0.449308 0.939819 0.025023
-0.413893 1.000000 -0.011427
-0.360404 0.985524 -0.031328
-0.364378 0.980617 -0.093865
-0.374376 0.972661 -0.151140
-0.331014 0.904558 -0.195481
-0.306165 0.800494 -0.180460
-0.337899 0.712168 -0.168169
-0.376903 0.720860 -0.213736
-0.338192 0.717811 -0.260287
-0.317793 0.620231 -0.245908
-0.367052 0.566043 -0.249443
-0.377837 0.593698 -0.308585
-0.331179 0.553601 -0.333608
-0.340664 0.451990 -0.315072
-0.390326 0.436287 -0.343047
-0.369505 0.453532 -0.400341
-0.329384 0.375405 -0.401727
-0.365385 0.293773 -0.393955
-0.399061 0.311684 -0.442394
-0.358005 0.300818 -0.484768
-0.341287 0.200470 -0.470489
-0.391223 0.153643 -0.481374
-0.395398 0.181122 -0.541159
-0.348557 0.130895 -0.559976
-0.362895 0.032264 -0.542464
-0.408510 0.025920 -0.578813
-0.381115 0.036575 -0.632835
-0.349179 -0.051717 -0.626408
-0.392816 -0.119293 -0.623476
-0.414479 -0.098228 -0.679345
-0.367070 -0.122869 -0.712622
-0.361265 -0.225390 -0.692600
-0.413380 -0.255253 -0.715915
-0.405250 -0.227213 -0.778331
-0.352475 -0.281295 -0.790401
-0.371153 -0.380698 -0.804117
-0.373424 -0.458965 -0.845205
-0.395563 -0.541088 -0.875208
-0.366649 -0.638808 -0.884466
-0.395618 -0.728431 -0.914730
-0.380621 -0.817914 -0.946902
-0.401936 -0.894639 -0.982629
-0.365349 -1.000000 -1.000000
