0.548224 0.516773 -0.372757
0.566270 0.415494 -0.454756
0.562460 0.259911 -0.491351
0.666441 0.229843 -0.477548
0.664190 0.230218 -0.370082
0.603263 0.095500 -0.361237
0.670459 -0.013322 -0.400970
0.751580 0.015729 -0.332168
0.698550 -0.011556 -0.239291
0.671637 -0.168263 -0.260941
0.768587 -0.226419 -0.275029
0.803433 -0.185758 -0.175732
0.735578 -0.271949 -0.116453
0.760621 -0.421272 -0.152013
0.870110 -0.413194 -0.124514
0.869105 -0.326200 -0.012269
0.761591 -0.346209 0.048793
0.696264 -0.473490 0.053893
0.739977 -0.554545 0.137461
0.710985 -0.440747 0.213040
0.606346 -0.457118 0.196562
0.599002 -0.615430 0.218854
0.635302 -0.599540 0.321682
0.560555 -0.495158 0.358740
0.481062 -0.600235 0.343831
0.514556 -0.729870 0.404073
0.527026 -0.631427 0.501124
0.430145 -0.579958 0.533367
0.334788 -0.581670 0.578307
0.284806 -0.699374 0.501516
0.318058 -0.678669 0.395049
0.252524 -0.673479 0.306274
0.152387 -0.573913 0.297214
0.089555 -0.536568 0.385419
0.033235 -0.456637 0.473232
-0.060356 -0.573913 0.461141
-0.112554 -0.710930 0.505261
-0.180721 -0.804772 0.555587
-0.236487 -0.859986 0.641616
-0.263227 -1.000000 0.697935
-0.362186 -0.930662 0.743375
-0.450339 -0.891552 0.685273
-0.548744 -0.775667 0.698113
-0.629206 -0.679846 0.671256
-0.672295 -0.656091 0.771944
-0.588196 -0.574608 0.811927
-0.590274 -0.453320 0.737347
-0.688609 -0.401530 0.759710
-0.673958 -0.359157 0.863538
-0.593218 -0.252314 0.844456
-0.642576 -0.154994 0.772444
-0.725533 -0.111337 0.832471
-0.668520 -0.042320 0.911652
-0.612788 0.066396 0.849449
-0.701806 0.148200 0.811677
-0.760551 0.179873 0.911296
-0.701564 0.284950 0.970111
-0.657089 0.422824 1.000000
-0.574029 0.431973 0.914934
-0.532568 0.280242 0.898598
-0.453179 0.154994 0.863609
-0.360039 0.143973 0.812605
-0.322700 0.008667 0.860327
-0.393152 -0.094163 0.813354
-0.372231 -0.058798 0.709812
-0.270397 -0.101600 0.712380
-0.275316 -0.256755 0.744623
-0.333333 -0.309561 0.660484
-0.283352 -0.254882 0.569711
-0.181552 -0.320903 0.594750
-0.223810 -0.492697 0.613546
-0.263574 -0.509283 0.497236
-0.285984 -0.538013 0.392874
-0.359000 -0.540421 0.314691
-0.410852 -0.673800 0.349752
-0.442060 -0.595206 0.442415
-0.494778 -0.472259 0.395192
-0.570565 -0.570542 0.352927
-0.606138 -0.624365 0.451011
-0.633016 -0.477182 0.488105
-0.705963 -0.440586 0.413561
-0.770458 -0.567439 0.434818
-0.785698 -0.536140 0.541427
-0.825427 -0.384945 0.532618
-0.911848 -0.429244 0.476299
-0.951508 -0.536996 0.549988
-0.951230 -0.437697 0.646289
-0.986422 -0.274624 0.596676
-1.000000 -0.214863 0.490245
-0.886112 -0.152373 0.458073
-0.787292 -0.102723 0.433534
-0.686912 -0.056284 0.457289
-0.682202 0.077470 0.391946
-0.759582 0.161254 0.443450
-0.715315 0.156546 0.544816
-0.623145 0.235300 0.515711
-0.663809 0.374779 0.475301
-0.701529 0.420523 0.581446
-0.604614 0.401477 0.645255
-0.528481 0.478733 0.569248
-0.430145 0.582312 0.525770
-0.346357 0.574769 0.454542
-0.277359 0.446044 0.464921
-0.347396 0.341876 0.505689
-0.407596 0.331229 0.418269
-0.334719 0.276711 0.348432
-0.313382 0.135734 0.401220
-0.409778 0.070729 0.408175
-0.428690 0.067894 0.300032
-0.345179 -0.028195 0.275172
-0.372023 -0.164625 0.333666
-0.468558 -0.191162 0.273745
-0.423356 -0.240972 0.178585
-0.368490 -0.305120 0.099690
-0.302437 -0.279332 0.018440
-0.380683 -0.232625 -0.053786
-0.413242 -0.099834 0.002033
-0.322111 -0.018458 0.005279
-0.304099 -0.012038 -0.103435
-0.394087 0.063720 -0.132396
-0.375591 0.200738 -0.071441
-0.282693 0.243433 -0.117844
-0.320656 0.255899 -0.219496
-0.392979 0.370874 -0.194386
-0.327445 0.484297 -0.154082
-0.267418 0.506072 -0.247494
-0.371504 0.552191 -0.308771
-0.417953 0.695308 -0.251204
-0.409813 0.850730 -0.315369
-0.309191 0.931197 -0.313514
-0.236556 0.794179 -0.323929
-0.151002 0.676208 -0.282306
-0.090109 0.538334 -0.244891
-0.000953 0.462255 -0.273531
0.018583 0.386496 -0.178193
-0.067214 0.283826 -0.187395
-0.043903 0.212830 -0.281449
0.051800 0.156706 -0.251525
0.028178 0.064041 -0.165710
-0.039504 -0.038254 -0.218390
0.008573 -0.083516 -0.314121
0.101817 -0.141619 -0.262225
0.058728 -0.253973 -0.177587
-0.007430 -0.370499 -0.226736
-0.057342 -0.505216 -0.274708
-0.137909 -0.586432 -0.316974
-0.196689 -0.585736 -0.227378
-0.207357 -0.424054 -0.217748
-0.249615 -0.396287 -0.317152
-0.336693 -0.489059 -0.300068
-0.372197 -0.406131 -0.212291
-0.380891 -0.262265 -0.262689
-0.449577 -0.306351 -0.339944
-0.525917 -0.345460 -0.270678
-0.538491 -0.200685 -0.220459
-0.556572 -0.106896 -0.307594
-0.647703 -0.197635 -0.335307
-0.704785 -0.231341 -0.238970
-0.688852 -0.074421 -0.182116
-0.677976 0.048151 -0.262154
-0.690307 0.047830 -0.371973
-0.581407 0.025574 -0.432108
-0.471433 0.047937 -0.482826
-0.366551 0.061580 -0.491351
-0.364265 0.103579 -0.598210
-0.421174 0.243165 -0.586118
-0.357614 0.317211 -0.514998
-0.272856 0.317639 -0.578486
-0.314802 0.399497 -0.663908
-0.340573 0.541169 -0.603167
-0.242410 0.572307 -0.541677
-0.165307 0.527794 -0.636980
-0.063508 0.526403 -0.715911
0.009196 0.430314 -0.766380
0.068080 0.336419 -0.696972
0.000537 0.331550 -0.614224
-0.068599 0.238029 -0.664443
-0.006425 0.110588 -0.686486
0.012314 0.072334 -0.579984
-0.087789 0.050024 -0.546706
-0.112554 -0.067840 -0.619075
-0.042552 -0.176395 -0.580982
-0.080619 -0.184206 -0.477262
-0.186990 -0.219196 -0.495060
-0.174694 -0.383179 -0.515212
-0.114355 -0.508748 -0.480579
-0.019137 -0.567011 -0.556586
0.073553 -0.615269 -0.517744
0.143070 -0.711626 -0.473160
0.169221 -0.844738 -0.392160
0.268665 -0.909101 -0.402718
0.368663 -0.975924 -0.374327
0.421105 -0.966508 -0.471662
0.513968 -0.935316 -0.544637
0.567482 -0.864052 -0.636908
0.659618 -0.809588 -0.683668
0.618088 -0.756835 -0.779969
0.550129 -0.652239 -0.735492
0.621205 -0.558076 -0.684381
0.671914 -0.512653 -0.777580
0.585979 -0.450538 -0.831580
0.559550 -0.338666 -0.755288
0.651478 -0.257504 -0.754824
0.644966 -0.216789 -0.860613
0.553350 -0.135252 -0.857652
0.588334 -0.017977 -0.789492
0.667654 0.037291 -0.852909
0.604891 0.072174 -0.941863
0.533295 0.173827 -0.881371
0.626020 0.275855 -0.838642
0.731352 0.289284 -0.865428
0.717081 0.275694 -0.983236
0.642992 0.431866 -0.991404
0.556468 0.537852 -1.000000
0.496268 0.478359 -0.915255
0.408808 0.346049 -0.897849
0.350444 0.201541 -0.880836
0.263019 0.160987 -0.826372
0.254325 0.006581 -0.866533
0.334753 -0.057407 -0.809644
0.298731 -0.019635 -0.711060
0.205556 -0.092718 -0.716517
0.235552 -0.245198 -0.737026
0.298800 -0.268364 -0.650640
0.240886 -0.206891 -0.564718
0.143797 -0.301910 -0.584585
0.186090 -0.476326 -0.608803
0.257304 -0.532021 -0.534187
0.302437 -0.569579 -0.439419
0.370776 -0.555508 -0.356137
0.442684 -0.655289 -0.399294
0.459899 -0.564657 -0.488997
0.490102 -0.421165 -0.442736
0.577562 -0.473704 -0.397546
0.622002 -0.505323 -0.496522
0.620443 -0.355465 -0.535899
0.688332 -0.288588 -0.464707
0.771150 -0.382644 -0.493063
0.772882 -0.337917 -0.600564
0.792210 -0.176556 -0.594500
0.898547 -0.182815 -0.574705
0.927573 -0.200738 -0.682348
0.885731 -0.041303 -0.716268
0.915208 0.056551 -0.624853
1.000000 0.170456 -0.595035
0.962141 0.262533 -0.510326
0.935609 0.325183 -0.418483
0.858402 0.392970 -0.360345
0.896088 0.555294 -0.394835
0.883410 0.507731 -0.519777
0.790998 0.491787 -0.573028
0.706794 0.522390 -0.633877
0.616321 0.576374 -0.675821
0.518713 0.548392 -0.725862
0.433817 0.645177 -0.709277
0.374760 0.622760 -0.618254
0.274311 0.702959 -0.571958
0.207773 0.639613 -0.489246
0.156509 0.487133 -0.488783
0.233508 0.398802 -0.534258
0.301363 0.405115 -0.451582
0.236522 0.338559 -0.377644
0.218302 0.195388 -0.427685
0.318508 0.142207 -0.435104
0.340053 0.152533 -0.328744
0.268076 0.040233 -0.295966
0.310369 -0.083998 -0.349930
0.404998 -0.084640 -0.300710
0.365234 -0.108608 -0.199879
0.309191 -0.247980 -0.220780
0.392044 -0.337328 -0.256340
0.444762 -0.322187 -0.156151
0.363156 -0.240972 -0.070086
0.286954 -0.211011 0.002283
0.347985 -0.154727 0.082926
0.385324 -0.023059 0.028962
0.293154 0.048686 0.006777
0.260906 0.063934 0.113636
0.342062 0.151891 0.148304
0.321695 0.279225 0.080287
0.221454 0.312771 0.111567
0.246324 0.344497 0.215537
0.311200 0.468568 0.195777
0.237007 0.561928 0.141634
0.166970 0.573110 0.229589
0.248679 0.638810 0.308236
0.310265 0.757958 0.254164
0.280546 0.937778 0.278881
0.179508 1.000000 0.265399
0.119274 0.864373 0.298498
0.041409 0.736290 0.257517
-0.008607 0.603285 0.205443
-0.092846 0.512653 0.231373
-0.097660 0.418437 0.142062
-0.003689 0.342892 0.157150
-0.020973 0.282970 0.256126
-0.107497 0.196405 0.232978
-0.073206 0.104061 0.151336
0.005386 0.029426 0.205978
-0.046154 -0.030014 0.292078
-0.116642 -0.118292 0.228733
-0.063577 -0.200364 0.147698
0.016020 -0.268204 0.226879
-0.014184 -0.362902 0.310304
-0.016816 -0.509871 0.234440
0.094300 -0.500294 0.183365
0.180409 -0.369911 0.227770
0.203097 -0.310310 0.326782
0.298696 -0.382698 0.335414
0.340434 -0.305441 0.250134
0.326059 -0.152694 0.283768
0.387610 -0.161950 0.372829
0.478949 -0.199936 0.322003
0.480023 -0.066396 0.259086
0.477113 0.050613 0.334986
0.566790 0.011877 0.385598
0.632358 0.026644 0.296679
0.606103 0.185918 0.264258
0.596474 0.269381 0.378393
0.600284 0.215398 0.487570
0.478914 0.173773 0.500945
0.376145 0.128137 0.505546
0.273376 0.137446 0.493705
0.252109 0.180247 0.597246
0.305623 0.324274 0.591789
0.251139 0.394147 0.511360
0.160908 0.395805 0.571744
0.196204 0.490289 0.654243
0.219619 0.626879 0.591896
0.112589 0.639452 0.533046
0.037356 0.596330 0.628669
-0.067976 0.577283 0.703606
-0.137840 0.467605 0.747441
-0.187925 0.364079 0.675893
-0.111584 0.374833 0.598709
-0.040682 0.292601 0.657560
-0.090490 0.154352 0.680601
-0.101782 0.101332 0.575918
0.003031 0.099888 0.548383
0.035347 0.000107 0.629062
-0.027589 -0.125247 0.597924
0.018618 -0.140923 0.496808
0.116087 -0.175486 0.538824
0.134618 -0.258841 0.638549
0.228590 -0.187416 0.673396
0.327376 -0.251993 0.703000
