0.012733 -0.533550 -0.495689
0.036728 -0.580505 -0.447622
0.034922 -0.609992 -0.387374
0.026422 -0.640076 -0.318965
0.030849 -0.664766 -0.254247
0.042891 -0.691248 -0.193528
0.050771 -0.721332 -0.144436
0.059962 -0.789338 -0.147881
0.083426 -0.838700 -0.140827
0.114133 -0.900697 -0.164061
0.168376 -0.947036 -0.175913
0.221502 -0.984361 -0.182967
0.286387 -0.989176 -0.203474
0.353628 -1.000000 -0.207780
0.409782 -0.984361 -0.232142
0.447414 -0.934999 -0.269155
0.482282 -0.885636 -0.291261
0.500540 -0.841108 -0.325855
0.462360 -0.809214 -0.375194
0.412563 -0.785139 -0.393793
0.350582 -0.771889 -0.389938
0.292461 -0.764069 -0.392829
0.235882 -0.772505 -0.369124
0.192725 -0.793556 -0.324256
0.154120 -0.809214 -0.262101
0.130868 -0.824256 -0.195763
0.128655 -0.812218 -0.115194
0.115373 -0.774296 -0.054024
0.116064 -0.724953 -0.005711
0.088686 -0.749027 0.039915
0.151906 -0.765263 0.056792
0.165454 -0.696660 0.050784
0.130178 -0.685220 0.106376
0.149002 -0.732175 0.158996
0.210009 -0.723142 0.150834
0.205865 -0.656947 0.150916
0.179302 -0.653923 0.213235
0.219412 -0.693656 0.243994
0.265632 -0.658738 0.219797
0.242115 -0.604580 0.243994
0.239902 -0.630446 0.309040
0.296623 -0.652132 0.310004
0.318210 -0.593140 0.289498
0.297172 -0.563037 0.343163
0.317094 -0.606987 0.387374
0.374648 -0.602173 0.362069
0.376313 -0.534147 0.363977
0.364961 -0.544394 0.433842
0.412279 -0.591329 0.442475
0.452124 -0.541986 0.424860
0.469550 -0.532356 0.470363
0.503037 -0.539579 0.502722
0.565018 -0.549805 0.462673
0.575537 -0.476368 0.440875
0.604863 -0.457725 0.484143
0.653562 -0.413775 0.460746
0.655776 -0.354801 0.412371
0.593795 -0.322291 0.402426
0.606528 -0.333731 0.323764
0.575537 -0.366242 0.265628
0.543998 -0.407168 0.225251
0.477855 -0.434845 0.196727
0.476757 -0.483610 0.194328
0.460146 -0.505258 0.142180
0.521862 -0.504661 0.123520
0.540119 -0.560032 0.129610
0.555615 -0.578098 0.063395
0.574421 -0.547398 0.001159
0.621456 -0.527541 -0.030237
0.673485 -0.501059 -0.047667
0.694523 -0.484207 -0.091161
0.682339 -0.449906 -0.144580
0.705024 -0.405955 -0.173514
0.702810 -0.360213 -0.208600
0.662965 -0.319903 -0.237740
0.630310 -0.275952 -0.274754
0.574421 -0.264223 -0.304078
0.514654 -0.257906 -0.315438
0.456268 -0.244367 -0.327783
0.398714 -0.225993 -0.345398
0.348917 -0.217268 -0.366868
0.312950 -0.241959 -0.398919
0.300767 -0.271446 -0.446966
0.344207 -0.314472 -0.486707
0.363863 -0.384288 -0.488306
0.363863 -0.436655 -0.512668
0.383502 -0.477582 -0.543735
0.424180 -0.463137 -0.588603
0.481733 -0.466739 -0.605254
0.527103 -0.484804 -0.624161
0.561706 -0.479392 -0.660375
0.555048 -0.464350 -0.711005
0.535143 -0.428219 -0.761614
0.563902 -0.368052 -0.787247
0.573323 -0.360213 -0.829552
0.532363 -0.339760 -0.862218
0.518532 -0.282886 -0.875691
0.539570 -0.231713 -0.894905
0.547309 -0.209160 -0.928864
0.493067 -0.185682 -0.949370
0.493899 -0.125496 -0.933990
0.519630 -0.082759 -0.947463
0.545096 -0.070721 -0.982057
0.501372 -0.026790 -1.000000
0.518816 0.028735 -0.975659
0.573323 0.055526 -0.955153
0.599320 0.052656 -0.991039
0.581062 0.117811 -0.999364
0.608741 0.164689 -0.961551
0.655776 0.181984 -0.920538
0.699499 0.198991 -0.900032
0.746534 0.226975 -0.849422
0.786378 0.235180 -0.789175
0.819033 0.230654 -0.726384
0.830102 0.214418 -0.653956
0.816820 0.183333 -0.589238
0.802423 0.162128 -0.530918
0.754272 0.160086 -0.477417
0.690095 0.154231 -0.463637
0.628664 0.145796 -0.481908
0.563902 0.172355 -0.482544
0.533479 0.226667 -0.512340
0.529051 0.287412 -0.558151
0.536241 0.355360 -0.559443
0.535143 0.367474 -0.621269
0.474809 0.398887 -0.613600
0.440507 0.432668 -0.608473
0.412279 0.453796 -0.560406
0.433034 0.518797 -0.601419
0.477023 0.568757 -0.605582
0.522960 0.613439 -0.610073
0.569994 0.658430 -0.585711
0.633640 0.673780 -0.575458
0.696719 0.658141 -0.571295
0.751510 0.626536 -0.585383
0.788043 0.570856 -0.607509
0.809630 0.521667 -0.652685
0.794117 0.469454 -0.700752
0.767554 0.437560 -0.751361
0.717757 0.408594 -0.799428
0.662417 0.384442 -0.836585
0.599887 0.394977 -0.865438
0.560042 0.416336 -0.901324
0.500823 0.397982 -0.932719
0.435797 0.393764 -0.936574
0.376313 0.387369 -0.933990
0.319857 0.375255 -0.930156
0.284439 0.321790 -0.910941
0.262038 0.269558 -0.869929
0.255113 0.220735 -0.836585
0.285821 0.173780 -0.803283
0.333688 0.145199 -0.780849
0.387381 0.131813 -0.758415
0.450460 0.124283 -0.778922
0.513007 0.140692 -0.792374
0.573323 0.157544 -0.803283
0.643043 0.171989 -0.815443
0.710567 0.191537 -0.805190
0.774212 0.184026 -0.776994
0.814606 0.135723 -0.738545
0.817369 0.061997 -0.744963
0.833413 0.009630 -0.776994
0.851122 -0.039733 -0.794301
0.881563 -0.091792 -0.763542
0.899272 -0.141135 -0.717403
0.904248 -0.183275 -0.666773
0.900370 -0.210046 -0.604618
0.893747 -0.219387 -0.537009
0.886539 -0.220292 -0.472598
0.882112 -0.202226 -0.406281
0.885991 -0.199530 -0.348617
0.926933 -0.164015 -0.306005
0.956826 -0.121875 -0.266900
0.981176 -0.068622 -0.242866
0.980627 -0.000597 -0.236140
0.975084 0.050248 -0.192728
0.956826 0.088922 -0.144826
0.908127 0.124437 -0.126719
0.846146 0.109530 -0.107586
0.840621 0.071318 -0.049984
0.790806 0.068006 -0.019778
0.751510 0.113902 -0.058351
0.718306 0.077039 -0.102214
0.693956 0.038211 -0.044693
0.681790 0.100054 -0.003660
0.654111 0.129097 -0.065200
0.608174 0.080351 -0.073935
0.597673 0.090270 0.003394
0.599887 0.163784 -0.003537
0.557828 0.165729 -0.059725
0.494466 0.143542 -0.016661
0.520197 0.199896 0.018486
0.535143 0.245484 -0.031795
0.487542 0.229768 -0.075145
0.449627 0.239995 -0.017133
0.479520 0.300797 -0.005444
0.465689 0.316975 -0.073976
0.406471 0.308174 -0.065815
0.405355 0.347791 -0.004112
0.435797 0.396325 -0.045575
0.391808 0.389218 -0.099978
0.339230 0.393475 -0.053593
0.348917 0.425735 -0.021460
0.388213 0.483148 -0.082835
0.325665 0.499249 -0.098441
0.324833 0.553715 -0.046026
0.364678 0.598995 -0.084435
0.369672 0.639787 -0.116158
0.414493 0.633161 -0.171094
0.418920 0.600516 -0.234869
0.389311 0.608779 -0.299423
0.397333 0.657833 -0.324256
0.445483 0.611937 -0.339000
0.452408 0.555814 -0.368160
0.465122 0.553407 -0.407573
0.509961 0.540176 -0.419098
0.520463 0.500154 -0.413971
0.515770 0.432437 -0.388666
0.505800 0.377104 -0.341891
0.472047 0.355553 -0.281808
0.415609 0.357498 -0.243994
0.355824 0.375486 -0.231178
0.298553 0.399946 -0.236140
0.244878 0.426043 -0.267700
0.194372 0.424984 -0.274754
0.162549 0.478622 -0.299423
0.161310 0.460344 -0.373286
0.145124 0.395131 -0.354380
0.092901 0.410019 -0.312075
0.075882 0.454258 -0.365904
0.079619 0.402276 -0.409172
0.052578 0.362736 -0.358214
0.005153 0.408208 -0.346690
-0.006340 0.412272 -0.421025
-0.003258 0.342090 -0.426152
-0.042908 0.335542 -0.368467
-0.085339 0.371615 -0.404682
-0.079070 0.330996 -0.468128
-0.069914 0.263357 -0.440896
-0.128053 0.249027 -0.396992
-0.163736 0.246273 -0.446330
-0.168730 0.173106 -0.448258
-0.183322 0.115250 -0.404353
-0.197294 0.071916 -0.351488
-0.200482 0.044836 -0.282280
-0.183038 0.057779 -0.214199
-0.177159 0.104272 -0.148025
-0.222883 0.120527 -0.118721
-0.167756 0.144139 -0.075371
-0.135720 0.189669 -0.113902
-0.190919 0.229460 -0.116158
-0.194390 0.216979 -0.039444
-0.134764 0.229383 -0.031836
-0.141476 0.287258 -0.067722
-0.194655 0.291264 -0.032943
-0.176947 0.270540 0.025705
-0.131506 0.314626 0.011637
-0.177230 0.362101 -0.003291
-0.214861 0.333423 0.057305
-0.158618 0.321251 0.095242
-0.146647 0.380571 0.066410
-0.214454 0.405127 0.083655
-0.235191 0.355167 0.151142
-0.173086 0.324333 0.160370
-0.156475 0.287412 0.148742
-0.155785 0.225088 0.133055
-0.111229 0.193425 0.093950
-0.042306 0.182890 0.064995
0.008536 0.193945 0.087716
-0.005808 0.262259 0.088515
-0.051745 0.250376 0.144190
-0.013742 0.195370 0.161395
0.034869 0.245599 0.168531
-0.003506 0.287778 0.212271
-0.018169 0.231039 0.252955
0.040040 0.211259 0.258410
0.052365 0.271137 0.280844
0.011511 0.266554 0.329854
0.031752 0.205385 0.351488
0.087429 0.227803 0.359814
0.066815 0.277917 0.398263
0.036728 0.236239 0.441839
0.085906 0.198914 0.452092
0.117463 0.252032 0.469399
0.075404 0.268056 0.517774
0.077122 0.209603 0.548226
0.135720 0.214418 0.553660
0.130461 0.276858 0.576729
0.088190 0.252359 0.621905
0.127273 0.206656 0.644667
0.168641 0.253226 0.649465
0.121607 0.294962 0.678297
0.108608 0.261623 0.739180
0.165188 0.290570 0.763542
0.147886 0.359000 0.758415
0.087783 0.388275 0.751361
0.026244 0.401371 0.727020
0.014079 0.407091 0.657155
-0.009403 0.395420 0.605889
0.040801 0.403991 0.579621
0.020401 0.434999 0.556879
0.019019 0.454624 0.511048
0.077264 0.467201 0.515539
0.091997 0.413100 0.472927
0.045919 0.427391 0.430622
0.068622 0.488406 0.428387
0.123271 0.465005 0.408516
0.098497 0.433342 0.355651
0.065434 0.486749 0.345398
0.115940 0.525731 0.358214
0.146930 0.486306 0.306313
0.097115 0.493529 0.264336
0.096425 0.560340 0.282608
0.162000 0.562286 0.274918
0.151765 0.534764 0.206345
0.109990 0.578233 0.203453
0.151765 0.622029 0.239175
0.207105 0.592080 0.197219
0.176663 0.604715 0.135454
0.178470 0.666866 0.170623
0.247091 0.633161 0.164450
0.286104 0.632564 0.138407
0.290814 0.644890 0.093314
0.344207 0.612553 0.106048
0.356107 0.563653 0.070203
0.362748 0.512634 0.037393
0.377411 0.455529 0.027058
0.378792 0.389738 0.060914
0.363580 0.321155 0.032943
0.408135 0.300277 0.033723
0.415325 0.264512 0.092432
0.419203 0.220966 0.145461
0.409517 0.176938 0.186474
0.402327 0.130754 0.212907
0.400662 0.099900 0.245758
0.377960 0.047552 0.234377
0.379908 0.001502 0.246393
0.344490 -0.004815 0.210179
0.308523 0.042275 0.163015
0.247924 0.050094 0.137300
0.194939 0.049960 0.102603
0.152314 0.064847 0.057756
0.118277 0.106082 0.038767
0.111636 0.160626 0.089315
0.153146 0.215766 0.064728
0.122846 0.221717 -0.002902
0.075457 0.249162 0.029785
0.103349 0.291745 0.080497
0.141529 0.320404 0.028945
0.091307 0.333192 -0.015328
0.057200 0.363256 0.038049
0.101472 0.408131 0.056915
0.109848 0.423327 -0.010817
0.050771 0.434768 -0.021173
0.049319 0.483437 0.033312
0.099116 0.515793 0.006388
0.073120 0.527233 -0.056280
0.021817 0.552213 -0.033292
0.050222 0.599746 -0.000010
0.084453 0.616617 -0.054147
0.036179 0.626247 -0.090279
0.008164 0.667771 -0.049143
0.055535 0.707484 -0.050066
0.060865 0.712299 -0.118721
0.003241 0.731867 -0.124484
0.008996 0.783329 -0.081543
0.060865 0.804399 -0.114948
0.032779 0.800778 -0.175749
-0.014716 0.840491 -0.154833
0.021233 0.891067 -0.132501
0.058581 0.888641 -0.193221
0.007013 0.889546 -0.238396
-0.009864 0.947036 -0.209872
0.041297 0.984939 -0.224452
0.052843 0.942818 -0.291261
0.041084 0.940411 -0.345398
0.046486 0.868784 -0.350217
0.043440 0.810408 -0.380648
0.051320 0.748122 -0.357271
0.097593 0.704172 -0.375850
0.120084 0.654520 -0.331638
0.138625 0.677690 -0.273482
0.078716 0.652421 -0.248485
0.096283 0.579292 -0.236776
0.141529 0.564539 -0.190329
0.162142 0.621432 -0.156289
0.125892 0.568757 -0.129118
0.168641 0.510227 -0.142509
0.231171 0.562132 -0.139310
0.240025 0.548746 -0.064933
0.261471 0.482243 -0.059438
0.306859 0.468549 -0.117122
0.347801 0.471399 -0.080498
0.332306 0.401217 -0.072336
0.376862 0.371865 -0.121449
0.424729 0.399946 -0.162933
0.469001 0.374177 -0.130964
0.487825 0.309021 -0.140663
0.477855 0.247024 -0.171258
0.484213 0.226147 -0.241103
0.491686 0.215766 -0.305185
0.482566 0.240033 -0.371031
0.474544 0.249817 -0.429679
0.433866 0.274373 -0.479653
0.411181 0.326567 -0.517466
0.404257 0.373233 -0.561042
0.388479 0.431917 -0.595001
0.404523 0.498344 -0.614543
0.432751 0.537306 -0.644995
0.433317 0.604272 -0.673191
0.453789 0.650322 -0.704586
0.448529 0.721024 -0.703951
0.471214 0.778206 -0.710348
0.481184 0.843207 -0.691770
0.487258 0.897673 -0.686643
0.442172 0.941008 -0.660375
0.409517 0.984939 -0.644667
0.346420 0.982551 -0.625452
0.300501 0.951851 -0.584747
0.279180 0.951851 -0.518738
0.276134 0.972921 -0.463965
0.263419 0.907900 -0.432550
0.318210 0.884134 -0.410136
0.332041 0.943415 -0.375522
0.282509 0.942818 -0.332274
0.292461 0.881129 -0.304713
0.347536 0.896171 -0.292225
0.332306 0.954855 -0.260174
0.287485 0.926871 -0.217090
0.325116 0.879627 -0.192257
0.364678 0.928065 -0.179112
0.324019 0.968106 -0.143472
0.305194 0.914526 -0.100368
0.363031 0.903394 -0.088105
0.372151 0.968106 -0.066533
0.319025 0.972305 -0.024802
0.337849 0.914237 0.005465
0.391525 0.948230 0.014262
0.361083 1.000000 0.055746
0.327330 0.957860 0.107894
0.378792 0.917838 0.130635
0.412279 0.969300 0.148353
0.386548 0.966893 0.219489
0.431653 0.922056 0.249756
0.483664 0.945225 0.213399
0.483947 0.981934 0.271063
0.503586 0.913620 0.294932
0.560042 0.909422 0.249428
0.583842 0.948846 0.254411
0.589368 0.894977 0.301658
0.606528 0.854339 0.244958
0.639732 0.902199 0.216106
0.668508 0.893167 0.282444
0.664081 0.824544 0.277481
0.685668 0.819441 0.210979
0.724397 0.867879 0.219633
0.738228 0.821848 0.270263
0.734917 0.777898 0.214998
0.767554 0.817322 0.178148
0.814606 0.797774 0.226687
0.803538 0.729748 0.222032
0.806850 0.723142 0.152105
0.853902 0.765571 0.148025
0.881014 0.711702 0.178148
0.863855 0.673491 0.118701
0.889320 0.708698 0.068399
0.939117 0.663861 0.048815
0.975084 0.642483 0.029027
1.000000 0.616463 0.001794
0.968443 0.600516 -0.049266
0.940215 0.590116 -0.101496
0.919744 0.525885 -0.111421
0.885442 0.472459 -0.074489
0.848359 0.434459 -0.042376
0.810728 0.423404 0.015636
0.767554 0.397153 0.052793
0.744320 0.406552 0.120382
0.722184 0.467278 0.153315
0.674583 0.496533 0.114948
0.640281 0.443492 0.109186
0.636402 0.430781 0.179912
0.612602 0.495031 0.193692
0.570561 0.492315 0.142652
0.537906 0.431994 0.157724
0.548974 0.461173 0.237740
0.514105 0.514599 0.214998
0.473711 0.479527 0.175749
0.463192 0.437926 0.233741
0.453505 0.497881 0.278424
0.414776 0.523169 0.226051
0.384051 0.462232 0.219633
0.374099 0.469608 0.301186
0.373267 0.544836 0.312567
0.335352 0.583356 0.263373
0.274753 0.549054 0.256175
0.262038 0.530989 0.329218
0.275585 0.596587 0.354380
0.241548 0.633161 0.304713
0.191061 0.589827 0.312075
0.197011 0.591175 0.384483
0.201013 0.661743 0.380320
0.149002 0.666558 0.333873
0.118702 0.627441 0.384811
0.142361 0.655425 0.442475
0.133773 0.725550 0.421025
0.068958 0.711394 0.409172
0.064814 0.677690 0.476126
0.093591 0.732772 0.510412
0.045866 0.781518 0.487978
-0.005986 0.737587 0.512012
0.011369 0.715612 0.584112
0.002550 0.752032 0.628651
-0.025554 0.694542 0.668044
-0.013618 0.638265 0.702659
0.036728 0.593891 0.725728
0.064124 0.600208 0.794937
0.098992 0.553561 0.832094
0.150242 0.508571 0.848130
0.194372 0.495339 0.888487
0.231596 0.440931 0.916703
0.273938 0.398213 0.934626
0.316545 0.347849 0.933990
0.367724 0.315107 0.907722
0.417804 0.294307 0.894905
0.474260 0.280998 0.860311
0.524624 0.299911 0.825061
0.558926 0.351989 0.794301
0.576635 0.413023 0.776358
0.573323 0.477119 0.757123
0.555615 0.540773 0.748162
0.518249 0.596144 0.746870
0.475925 0.641289 0.755852
0.423064 0.674396 0.766105
0.364678 0.695158 0.787247
0.305194 0.696660 0.811588
0.257327 0.662340 0.850058
0.233668 0.621721 0.901959
0.206414 0.575228 0.944243
0.164905 0.520454 0.960915
0.146240 0.456589 0.980129
0.136411 0.387793 0.976930
0.112610 0.328685 1.000000
0.050842 0.298351 0.984620
0.018842 0.247891 0.953225
0.002692 0.204865 0.905158
0.016806 0.159200 0.849402
0.030495 0.106679 0.828260
0.027838 0.062286 0.772503
0.026014 0.018797 0.735981
0.032088 -0.015658 0.664845
0.064814 -0.058376 0.638905
0.083763 -0.090289 0.590202
0.118012 -0.119179 0.529626
0.149834 -0.143850 0.482544
0.179160 -0.155580 0.416206
0.222742 -0.167328 0.372958
0.243904 -0.158295 0.303257
0.279463 -0.138727 0.249285
0.313499 -0.145044 0.217398
0.314881 -0.168214 0.152187
0.318476 -0.169427 0.089315
0.279463 -0.165826 0.029437
0.257327 -0.143542 -0.018015
0.236714 -0.133007 -0.064769
0.197152 -0.127595 -0.109493
0.154262 -0.119468 -0.144272
0.099541 -0.103232 -0.171094
0.075404 -0.092697 -0.218033
0.030087 -0.115558 -0.241431
-0.018045 -0.105023 -0.275246
-0.078663 -0.079446 -0.290297
-0.138837 -0.052656 -0.304713
-0.186368 -0.014445 -0.310804
-0.215552 0.045588 -0.333873
-0.233261 0.101556 -0.366868
-0.260515 0.149262 -0.383211
-0.303122 0.179808 -0.380648
-0.349200 0.210046 -0.334509
-0.377428 0.266053 -0.328111
-0.415892 0.307346 -0.303586
-0.462094 0.302492 -0.266736
-0.490039 0.257868 -0.221888
-0.501939 0.246158 -0.152208
-0.526005 0.250414 -0.107422
-0.531814 0.197720 -0.071618
-0.485895 0.148511 -0.049102
-0.462927 0.169119 0.023592
-0.503869 0.168522 0.056033
-0.476208 0.100651 0.063313
-0.416990 0.110146 0.098133
-0.415325 0.147760 0.163568
-0.454621 0.128655 0.195128
-0.397067 0.092543 0.222032
-0.356390 0.137514 0.259210
-0.358338 0.195601 0.296060
-0.368291 0.227957 0.335780
-0.330394 0.254208 0.388010
-0.321663 0.279265 0.437041
-0.329278 0.279188 0.505614
-0.338416 0.260564 0.576422
-0.349200 0.248411 0.641140
-0.384618 0.247814 0.692405
-0.443004 0.273275 0.710984
-0.498893 0.281422 0.731490
-0.561990 0.291514 0.711640
-0.618711 0.289685 0.709713
-0.672936 0.277955 0.668700
-0.721635 0.251319 0.644995
-0.754839 0.210508 0.598856
-0.762595 0.143388 0.572259
-0.768121 0.078233 0.567440
-0.750978 0.010824 0.559443
-0.713329 -0.044548 0.573859
-0.679027 -0.089981 0.601727
-0.630328 -0.126998 0.625124
-0.621474 -0.167328 0.687279
-0.612070 -0.219387 0.737909
-0.651915 -0.273256 0.767376
-0.665746 -0.324102 0.803263
-0.723300 -0.352991 0.814172
-0.757602 -0.405358 0.821206
-0.807965 -0.441470 0.787883
-0.842285 -0.483610 0.751361
-0.855567 -0.534147 0.698803
-0.855567 -0.585917 0.659718
-0.843950 -0.628655 0.605889
-0.820149 -0.652132 0.541807
-0.767023 -0.663553 0.500795
-0.734916 -0.636474 0.454984
-0.751527 -0.578098 0.413643
-0.775310 -0.519703 0.411408
-0.788043 -0.464947 0.451456
-0.776426 -0.414988 0.498559
-0.742673 -0.379473 0.549497
-0.700048 -0.384885 0.605254
-0.641945 -0.408363 0.627031
-0.586056 -0.416201 0.650757
-0.540668 -0.433651 0.662917
-0.495847 -0.467952 0.625124
-0.449096 -0.491429 0.622561
-0.450743 -0.541986 0.566804
-0.435248 -0.540773 0.493105
-0.390143 -0.521513 0.443131
-0.337017 -0.491429 0.475818
-0.310046 -0.460133 0.515867
-0.320140 -0.416201 0.559115
-0.283200 -0.437252 0.608781
-0.241283 -0.422807 0.650429
-0.189679 -0.405358 0.665501
-0.136907 -0.401140 0.646266
-0.100958 -0.350584 0.632814
-0.104943 -0.305458 0.590510
-0.160761 -0.287701 0.548226
-0.207813 -0.247371 0.510740
-0.251111 -0.256404 0.460746
-0.316280 -0.230211 0.462345
-0.365528 -0.202535 0.447601
-0.414776 -0.169119 0.459146
-0.452124 -0.117368 0.479017
-0.490322 -0.063807 0.472927
-0.528219 -0.021667 0.474854
-0.552852 0.026020 0.495032
-0.560042 0.087265 0.512012
-0.576369 0.139633 0.502087
-0.562804 0.203343 0.505614
-0.532646 0.262143 0.502394
-0.512724 0.315858 0.493433
-0.471232 0.366088 0.522593
-0.415325 0.405570 0.518102
-0.367193 0.433188 0.498559
-0.311020 0.431224 0.459782
-0.271034 0.409422 0.408209
-0.251802 0.375217 0.350196
-0.245161 0.338488 0.285314
-0.255822 0.310427 0.221888
-0.287910 0.288818 0.162441
-0.317803 0.280189 0.103649
-0.349749 0.290359 0.045247
-0.351131 0.249393 -0.016846
-0.370239 0.208024 -0.065323
-0.366909 0.164824 -0.125529
-0.366909 0.108624 -0.169023
-0.381289 0.036555 -0.188730
-0.448813 0.015042 -0.204274
-0.490588 0.022572 -0.261609
-0.491969 0.016101 -0.340599
-0.471232 -0.016255 -0.406609
-0.452956 -0.054775 -0.455619
-0.405373 -0.094488 -0.479345
-0.350033 -0.124283 -0.471327
-0.296906 -0.149262 -0.441531
-0.263012 -0.188995 -0.374250
-0.255131 -0.246158 -0.406609
-0.233686 -0.278668 -0.340928
-0.236714 -0.329533 -0.310168
-0.210983 -0.366839 -0.263701
-0.173210 -0.346366 -0.196891
-0.194248 -0.302434 -0.113185
-0.241017 -0.347579 -0.127765
-0.202129 -0.404761 -0.104141
-0.141122 -0.393321 -0.067640
-0.167402 -0.356612 -0.005752
-0.207388 -0.397539 0.007946
-0.148595 -0.436058 0.025438
-0.100197 -0.405955 0.065036
-0.133578 -0.392724 0.128236
-0.166640 -0.407766 0.151798
-0.133029 -0.404145 0.211779
-0.122173 -0.371057 0.266572
-0.105704 -0.333134 0.326183
-0.083196 -0.284388 0.369103
-0.138696 -0.247679 0.390266
-0.175636 -0.281673 0.412043
-0.217624 -0.282270 0.439604
-0.262179 -0.309060 0.409808
-0.317519 -0.294615 0.379356
-0.345322 -0.249470 0.328255
-0.324851 -0.224799 0.251684
-0.351963 -0.272351 0.253448
-0.400662 -0.226898 0.292369
-0.398732 -0.168214 0.248321
-0.397616 -0.200416 0.179420
-0.438294 -0.249470 0.195763
-0.474827 -0.197411 0.226215
-0.467637 -0.158295 0.170295
-0.477873 -0.208852 0.127047
-0.527953 -0.223894 0.174949
-0.543714 -0.158295 0.175421
-0.542067 -0.157082 0.102931
-0.576086 -0.217885 0.107648
-0.616498 -0.197411 0.169167
-0.633640 -0.140846 0.130164
-0.649702 -0.196506 0.088105
-0.682906 -0.228111 0.149870
-0.705042 -0.171835 0.194800
-0.748747 -0.155888 0.176057
-0.784731 -0.183872 0.230686
-0.808532 -0.139941 0.277317
-0.848926 -0.102615 0.280680
-0.879367 -0.046339 0.257918
-0.917548 -0.007819 0.233105
-0.938019 0.043334 0.192236
-0.952965 0.073283 0.130410
-0.959606 0.050711 0.060524
-0.995024 0.019106 0.021439
-1.000000 -0.024980 -0.034256
-0.991146 -0.092986 -0.044099
-1.000000 -0.152267 -0.017051
-0.991695 -0.210046 -0.027899
-0.975650 -0.266631 -0.034994
-0.928616 -0.299122 -0.051789
-0.895961 -0.245869 -0.075186
-0.900937 -0.237144 -0.142898
-0.876038 -0.209449 -0.192728
-0.819033 -0.182370 -0.215962
-0.794135 -0.188090 -0.265300
-0.742124 -0.170332 -0.303750
-0.702279 -0.217885 -0.322656
-0.691193 -0.277763 -0.315131
-0.685668 -0.336736 -0.297495
-0.684004 -0.390913 -0.257610
-0.688997 -0.445688 -0.230050
-0.681790 -0.487809 -0.174457
-0.709469 -0.533550 -0.132891
-0.736581 -0.578098 -0.103259
-0.687882 -0.614807 -0.114702
-0.671289 -0.651516 -0.088187
-0.681790 -0.685836 -0.054270
-0.645823 -0.733369 -0.036778
-0.599887 -0.758060 -0.034502
-0.539570 -0.742999 -0.035343
-0.517434 -0.779708 0.004706
-0.498628 -0.801394 0.063990
-0.471232 -0.826066 0.083020
-0.428341 -0.820038 0.030667
-0.386283 -0.823659 0.072418
-0.361933 -0.832672 0.131128
-0.333422 -0.862775 0.143698
-0.279888 -0.856150 0.107340
-0.240185 -0.792362 0.112774
