0.000020 0.729454 -0.336880
0.023312 0.715408 -0.384541
0.055967 0.736110 -0.406713
0.086074 0.728987 -0.440433
0.122352 0.712693 -0.446050
0.152275 0.692725 -0.476841
0.187923 0.668551 -0.477991
0.225449 0.669598 -0.463160
0.265758 0.691190 -0.475896
0.302758 0.713783 -0.469334
0.292687 0.779561 -0.456672
0.278769 0.764113 -0.401559
0.319656 0.731547 -0.384893
0.349304 0.780006 -0.400113
0.388024 0.816201 -0.401726
0.412525 0.872162 -0.422525
0.451495 0.904795 -0.440600
0.486552 0.937606 -0.452112
0.525246 0.951629 -0.444901
0.520887 0.985709 -0.394793
0.504513 0.933755 -0.364817
0.533465 0.886341 -0.372139
0.563008 0.923026 -0.344295
0.543116 0.920599 -0.290146
0.546359 0.853530 -0.273963
0.557375 0.794854 -0.248621
0.557047 0.727006 -0.246193
0.520374 0.723155 -0.219721
0.499288 0.750556 -0.263748
0.508741 0.701852 -0.302455
0.491397 0.651589 -0.273629
0.454672 0.678101 -0.270700
0.448028 0.680839 -0.325961
0.451009 0.615039 -0.336843
0.421899 0.591844 -0.303049
0.391477 0.629975 -0.324552
0.392633 0.608806 -0.379202
0.387420 0.541336 -0.367301
0.352048 0.549083 -0.339754
0.330922 0.578599 -0.381408
0.335031 0.525799 -0.417205
0.318330 0.477384 -0.384634
0.282131 0.509127 -0.383188
0.274476 0.508436 -0.438968
0.275146 0.441145 -0.444400
0.245196 0.428034 -0.405860
0.216100 0.464807 -0.441026
0.227050 0.476137 -0.500607
0.257013 0.501803 -0.531955
0.265088 0.507390 -0.594854
0.302075 0.545855 -0.602176
0.339785 0.563552 -0.603122
0.371599 0.584654 -0.576186
0.394917 0.637232 -0.562653
0.430985 0.666481 -0.557759
0.434347 0.658846 -0.501645
0.437931 0.589841 -0.503684
0.470756 0.585634 -0.535366
0.494942 0.619869 -0.499754
0.490661 0.581115 -0.452705
0.506785 0.524085 -0.476897
0.543050 0.554425 -0.491245
0.554053 0.618355 -0.467739
0.536144 0.681306 -0.484275
0.516987 0.745370 -0.487723
0.478188 0.780630 -0.497789
0.475050 0.836613 -0.532214
0.464651 0.890148 -0.570625
0.463981 0.931195 -0.614708
0.459661 0.996550 -0.632041
0.445639 0.988581 -0.695478
0.428898 1.000000 -0.744751
0.406314 0.966187 -0.785720
0.379253 0.962715 -0.825632
0.346336 0.936003 -0.847414
0.333114 0.898651 -0.890626
0.303336 0.875412 -0.919193
0.281921 0.804180 -0.925162
0.250592 0.755609 -0.932819
0.251275 0.681596 -0.923420
0.226604 0.627616 -0.922270
0.228534 0.560302 -0.912093
0.207460 0.503027 -0.918618
0.200777 0.432197 -0.906235
0.190221 0.396982 -0.957029
0.229663 0.357025 -0.963962
0.227956 0.302956 -0.921937
0.197639 0.259327 -0.939770
0.214249 0.232548 -0.988859
0.247454 0.198624 -0.963425
0.224359 0.150232 -0.933430
0.204322 0.113993 -0.976309
0.237778 0.074838 -1.000000
0.248807 0.029049 -0.950726
0.216336 -0.020479 -0.944757
0.220157 -0.066913 -0.993697
0.254492 -0.111210 -0.972490
0.239681 -0.140459 -0.917914
0.202668 -0.174406 -0.929185
0.220420 -0.236666 -0.957882
0.241126 -0.274330 -0.909071
0.205570 -0.296968 -0.875314
0.200541 -0.372830 -0.894668
0.210966 -0.439231 -0.885176
0.232368 -0.494925 -0.862745
0.227313 -0.560658 -0.844726
0.234390 -0.623653 -0.821999
0.251065 -0.674472 -0.871458
0.293344 -0.699715 -0.888772
0.326943 -0.742076 -0.854236
0.330305 -0.811482 -0.869474
0.366058 -0.825550 -0.903065
0.414599 -0.819785 -0.894649
0.448212 -0.848010 -0.858945
0.467487 -0.903971 -0.857091
0.515122 -0.887566 -0.868084
0.547672 -0.858940 -0.820442
0.548578 -0.900855 -0.762881
0.579512 -0.962960 -0.765236
0.624574 -0.935291 -0.760527
0.626872 -0.934022 -0.695051
0.643823 -0.988826 -0.668153
0.664437 -0.978964 -0.618805
0.680639 -0.996973 -0.570958
0.669820 -0.974846 -0.516958
0.664765 -0.994391 -0.466998
0.653670 -1.000000 -0.416019
0.661719 -0.969704 -0.368636
0.650309 -0.953655 -0.319733
0.652593 -0.911873 -0.280692
0.670266 -0.900543 -0.234940
0.670910 -0.899742 -0.182385
0.676687 -0.862412 -0.138284
0.696513 -0.863993 -0.090511
0.690579 -0.850792 -0.034397
0.709118 -0.836969 0.016508
0.717101 -0.825038 0.070324
0.739685 -0.790157 0.107770
0.740223 -0.844070 0.149314
0.751515 -0.905574 0.109198
0.754403 -0.916704 0.050358
0.716550 -0.943393 0.025406
0.683817 -0.960400 -0.010835
0.645766 -0.954034 -0.038012
0.610788 -0.982994 -0.057792
0.577372 -0.961157 -0.089399
0.537273 -0.969638 -0.104989
0.511052 -0.949871 -0.147775
0.468170 -0.940500 -0.151167
0.435318 -0.920800 -0.179975
0.397491 -0.886564 -0.166461
0.360622 -0.864950 -0.184183
0.326169 -0.830224 -0.148757
0.325604 -0.755721 -0.117614
0.325749 -0.689253 -0.094701
0.351444 -0.707261 -0.048727
0.380277 -0.689275 -0.013282
0.402756 -0.727184 0.020716
0.435633 -0.732415 0.049988
0.470572 -0.759750 0.055938
0.501349 -0.779183 0.084894
0.538468 -0.799973 0.087453
0.566277 -0.845895 0.094126
0.588060 -0.888990 0.125845
0.614950 -0.933732 0.141491
0.618429 -0.997128 0.164329
0.653920 -0.972843 0.196938
0.648353 -0.901767 0.218497
0.617366 -0.856669 0.227840
0.626386 -0.791782 0.196233
0.622263 -0.723600 0.180847
0.635721 -0.661918 0.169279
0.671816 -0.614349 0.182107
0.690867 -0.549261 0.179938
0.736048 -0.535593 0.201387
0.771551 -0.483016 0.198513
0.803680 -0.451986 0.224021
0.838028 -0.407110 0.229824
0.874963 -0.386141 0.250846
0.902917 -0.332829 0.270255
0.938315 -0.308388 0.292908
0.966925 -0.272928 0.322884
0.982944 -0.199403 0.323607
1.000000 -0.144199 0.351599
0.995273 -0.067803 0.343480
0.998254 -0.003317 0.360961
0.975040 0.060346 0.344295
0.975723 0.127727 0.365929
0.955778 0.174406 0.315580
0.909022 0.195731 0.298080
0.874937 0.226160 0.313838
0.877445 0.277825 0.274426
0.868805 0.236021 0.226227
0.829743 0.219437 0.240502
0.813252 0.281987 0.240335
0.822181 0.295165 0.185055
0.797286 0.240384 0.167499
0.761021 0.261864 0.188503
0.756215 0.319718 0.155023
0.745725 0.279672 0.105898
0.706689 0.248909 0.126123
0.675308 0.297413 0.116446
0.660944 0.264602 0.067765
0.642208 0.219170 0.039606
0.640540 0.159736 0.013394
0.638439 0.142908 -0.039365
0.638072 0.086747 -0.069953
0.660498 0.079735 -0.122934
0.656270 0.024530 -0.162457
0.645963 0.076752 -0.213696
0.684565 0.112100 -0.235237
0.702461 0.071187 -0.288218
0.667496 0.075060 -0.337214
0.641761 0.103263 -0.377775
0.593220 0.095317 -0.371769
0.567616 0.146848 -0.351989
0.563415 0.186070 -0.399242
0.545728 0.139435 -0.432962
0.514243 0.125723 -0.396721
0.500679 0.189476 -0.391530
0.495795 0.198602 -0.447570
0.471084 0.144756 -0.456839
0.442868 0.165012 -0.419652
0.437262 0.227696 -0.443603
0.428136 0.203900 -0.497548
0.396966 0.163966 -0.481068
0.376194 0.218992 -0.458545
0.378255 0.262198 -0.509209
0.386212 0.245682 -0.566584
0.421466 0.250824 -0.597078
0.447976 0.244101 -0.640290
0.484451 0.249933 -0.662591
0.516383 0.279361 -0.686617
0.545978 0.284058 -0.726658
0.585473 0.263601 -0.738764
0.618075 0.255387 -0.773374
0.643468 0.200672 -0.800903
0.689659 0.220662 -0.794934
0.712991 0.165390 -0.758785
0.735339 0.117331 -0.732016
0.715709 0.123453 -0.681593
0.682438 0.088127 -0.699426
0.697091 0.025666 -0.701336
0.705284 0.023907 -0.644628
0.668244 0.042049 -0.623272
0.645923 -0.006055 -0.650338
0.666222 -0.059322 -0.627314
0.658528 -0.042961 -0.573146
0.617707 -0.041181 -0.578911
0.614254 -0.106068 -0.598710
0.631467 -0.134160 -0.552180
0.605838 -0.106157 -0.513268
0.572592 -0.133270 -0.538183
0.583451 -0.199070 -0.536441
0.587731 -0.196487 -0.478362
0.547645 -0.176275 -0.467461
0.528896 -0.228697 -0.497697
0.545308 -0.273863 -0.464977
0.538717 -0.335366 -0.428105
0.559778 -0.387187 -0.403116
0.529539 -0.396915 -0.358959
0.503095 -0.453811 -0.345426
0.472555 -0.495593 -0.322884
0.454094 -0.556384 -0.314060
0.418013 -0.529561 -0.289757
0.410516 -0.467790 -0.333006
0.434964 -0.430906 -0.370211
0.461250 -0.381266 -0.353175
0.488666 -0.325461 -0.369488
0.529933 -0.287953 -0.364279
0.565016 -0.247841 -0.359978
0.573840 -0.273907 -0.300045
0.583766 -0.308321 -0.253182
0.561695 -0.271592 -0.216273
0.525548 -0.290869 -0.238592
0.531194 -0.357515 -0.230417
0.534634 -0.357159 -0.174006
0.498946 -0.329623 -0.163680
0.479199 -0.382780 -0.189096
0.491882 -0.433666 -0.156525
0.473737 -0.409915 -0.109160
0.436159 -0.429993 -0.127476
0.446650 -0.499332 -0.123027
0.465215 -0.504207 -0.070398
0.467605 -0.455347 -0.027557
0.498736 -0.414322 -0.015581
0.519587 -0.374900 0.034156
0.553554 -0.341020 0.051841
0.532362 -0.290669 0.087008
0.529973 -0.270746 0.146218
0.520046 -0.248798 0.201795
0.527740 -0.236622 0.257798
0.487287 -0.226293 0.274890
0.464926 -0.283879 0.240557
0.475851 -0.322767 0.193267
0.473159 -0.300552 0.138840
0.476140 -0.314197 0.077553
0.494351 -0.299595 0.017453
0.509595 -0.289044 -0.037623
0.523066 -0.215052 -0.018417
0.537023 -0.154683 0.001529
0.504330 -0.115417 -0.004329
0.482639 -0.149630 0.035528
0.507218 -0.134271 0.078443
0.504120 -0.066713 0.077257
0.464034 -0.066267 0.085228
0.466226 -0.099457 0.135280
0.487195 -0.054581 0.166480
0.456930 -0.008948 0.170169
0.436106 -0.046145 0.211471
0.464703 -0.032855 0.255425
0.469548 0.038777 0.252292
0.445376 0.084009 0.224578
0.454948 0.102685 0.172282
0.439769 0.161606 0.136504
0.450024 0.204946 0.094145
0.408691 0.220105 0.080445
0.383652 0.280362 0.080297
0.353243 0.328466 0.082855
0.337736 0.393465 0.084783
0.297664 0.379196 0.102098
0.305410 0.324793 0.147701
0.339338 0.284636 0.159769
0.348542 0.225002 0.135725
0.373213 0.162007 0.129738
0.403609 0.116397 0.095220
0.428753 0.068026 0.066004
0.412892 0.098722 0.007647
0.400077 0.127816 -0.040811
0.365690 0.094204 -0.048745
0.347242 0.121783 -0.002493
0.348936 0.185536 -0.022051
0.329162 0.178813 -0.070713
0.295760 0.155218 -0.045038
0.290114 0.212737 -0.012596
0.282814 0.259549 -0.051971
0.244540 0.236577 -0.061574
0.228547 0.270501 -0.015507
0.237016 0.335544 -0.041645
0.223243 0.329223 -0.096369
0.201197 0.276222 -0.119838
0.215128 0.225982 -0.152576
0.202156 0.176877 -0.201312
0.215457 0.136097 -0.244988
0.180675 0.089551 -0.240186
0.147929 0.063663 -0.274537
0.111664 0.038042 -0.297450
0.087492 0.021236 -0.342108
0.050820 0.014380 -0.308925
0.054969 0.078778 -0.267511
0.087150 0.119468 -0.250067
0.114027 0.101883 -0.210136
0.148415 0.119513 -0.173876
0.193385 0.107804 -0.154337
0.232762 0.096875 -0.132481
0.230950 0.020457 -0.154949
0.229086 -0.042294 -0.177250
0.210730 -0.073613 -0.133538
0.175436 -0.038376 -0.142047
0.168333 -0.061504 -0.194305
0.167230 -0.128061 -0.184777
0.137176 -0.122162 -0.145198
0.110509 -0.096563 -0.183720
0.108592 -0.147093 -0.222019
0.088870 -0.190922 -0.186871
0.052028 -0.161651 -0.196381
0.051371 -0.180906 -0.254127
0.062663 -0.247729 -0.252403
0.065657 -0.287886 -0.204167
0.100057 -0.307386 -0.179456
0.118334 -0.367576 -0.145606
0.153667 -0.399497 -0.128236
0.133841 -0.427722 -0.075329
0.122575 -0.488737 -0.051452
0.107778 -0.544453 -0.019863
0.105821 -0.611121 -0.005293
0.067219 -0.609385 0.022496
0.043139 -0.563151 -0.021105
0.055599 -0.517096 -0.063279
0.066549 -0.452787 -0.051990
0.080782 -0.385473 -0.072622
0.111506 -0.326218 -0.077906
0.137635 -0.269322 -0.083226
0.160074 -0.295788 -0.028094
0.179428 -0.322233 0.017305
0.155702 -0.294542 0.057866
0.122234 -0.330135 0.042869
0.138777 -0.390237 0.054770
0.147640 -0.380509 0.109531
0.109511 -0.367977 0.125214
0.096079 -0.430594 0.106955
0.116220 -0.472932 0.140082
0.095619 -0.453789 0.187502
0.062387 -0.493500 0.175508
0.083815 -0.555071 0.184628
0.102775 -0.542182 0.235978
0.098074 -0.487824 0.272999
0.125240 -0.435625 0.279061
0.136099 -0.385896 0.323644
0.166429 -0.340686 0.336936
0.140314 -0.293607 0.369804
0.135666 -0.273751 0.427994
0.122286 -0.251180 0.480549
0.126055 -0.238202 0.537535
0.085352 -0.228230 0.552866
0.066037 -0.287597 0.518793
0.080520 -0.327175 0.472874
0.077841 -0.309033 0.418336
0.084813 -0.324415 0.356994
0.104692 -0.310480 0.297376
0.121183 -0.297547 0.243653
0.132593 -0.223444 0.262321
0.143281 -0.161473 0.281267
0.108697 -0.128395 0.271961
0.087689 -0.163387 0.311038
0.109222 -0.143954 0.355307
0.103182 -0.077486 0.351618
0.062702 -0.080313 0.355326
0.064659 -0.110720 0.408418
0.081846 -0.063619 0.440155
0.049047 -0.021993 0.438042
0.028591 -0.056429 0.480790
0.056466 -0.034770 0.522890
0.060234 0.034681 0.510581
0.039922 0.075728 0.471836
0.053078 0.098455 0.421246
0.051699 0.159692 0.379202
0.071224 0.192636 0.334934
0.035156 0.220840 0.307238
0.016957 0.283724 0.288404
-0.007254 0.339596 0.273851
-0.017286 0.403682 0.258669
-0.057713 0.407844 0.273110
-0.055468 0.369402 0.331282
-0.027225 0.325795 0.355826
-0.024849 0.257680 0.347076
-0.009985 0.188340 0.355919
0.014108 0.124210 0.334600
0.034145 0.063329 0.318324
0.027067 0.084431 0.253775
0.019859 0.103976 0.201109
-0.016852 0.078666 0.193731
-0.034315 0.122785 0.231418
-0.024258 0.178101 0.202017
-0.043743 0.162897 0.153707
-0.079994 0.158534 0.177436
-0.079154 0.223934 0.196771
-0.078196 0.257056 0.147794
-0.115249 0.236755 0.131425
-0.134655 0.279294 0.170002
-0.123639 0.339128 0.140341
-0.135810 0.320831 0.084116
-0.158722 0.267118 0.067172
-0.142428 0.208953 0.047096
-0.154704 0.150966 0.006905
-0.140156 0.103018 -0.030634
-0.176933 0.062439 -0.025091
-0.208235 0.038420 -0.063131
-0.244369 0.014580 -0.088231
-0.266979 -0.001358 -0.133482
-0.303152 -0.017051 -0.102709
-0.302784 0.048037 -0.061815
-0.271889 0.091799 -0.043406
-0.245327 0.076596 -0.001919
-0.212437 0.097609 0.037233
-0.168635 0.089062 0.062000
-0.131727 0.079935 0.092662
-0.133263 0.001870 0.081724
-0.131503 -0.062060 0.064762
-0.155059 -0.089395 0.105472
-0.188461 -0.055894 0.086674
-0.188107 -0.081449 0.033600
-0.190405 -0.147427 0.046428
-0.224963 -0.141305 0.075737
-0.245774 -0.116953 0.029392
-0.241375 -0.169175 -0.006998
-0.264602 -0.211045 0.026797
-0.300775 -0.184779 0.005589
-0.294617 -0.204545 -0.054047
-0.287265 -0.267207 -0.045538
-0.298399 -0.332406 -0.055122
-0.284297 -0.366641 -0.013913
-0.296994 -0.413699 0.015285
-0.296390 -0.440477 0.063187
-0.307248 -0.502137 0.063094
-0.336213 -0.545766 0.066746
-0.354004 -0.598989 0.089288
-0.378610 -0.652413 0.081057
-0.395679 -0.648762 0.137060
-0.404581 -0.567737 0.140453
-0.390086 -0.507568 0.117558
-0.352704 -0.480589 0.135911
-0.319801 -0.432397 0.142102
-0.274200 -0.426743 0.140694
-0.235060 -0.391751 0.142788
-0.208511 -0.448446 0.171355
-0.233379 -0.518164 0.172097
-0.245078 -0.579890 0.155172
-0.230346 -0.617309 0.198031
-0.255044 -0.589529 0.238259
-0.288932 -0.612011 0.209877
-0.282485 -0.679770 0.211193
-0.282603 -0.682842 0.268346
-0.322322 -0.666526 0.274445
-0.337789 -0.728386 0.252143
-0.321258 -0.776801 0.286884
-0.305752 -0.768342 0.340347
-0.265876 -0.765916 0.339235
-0.228770 -0.765159 0.372176
-0.188829 -0.777068 0.365299
-0.179205 -0.747462 0.420190
-0.158683 -0.770768 0.470687
-0.143872 -0.777001 0.525448
-0.122956 -0.814131 0.563766
-0.136572 -0.775131 0.612224
-0.182553 -0.768876 0.598358
-0.205058 -0.777580 0.548991
-0.208537 -0.730100 0.507707
-0.227392 -0.703922 0.455745
-0.224424 -0.672358 0.396461
-0.227733 -0.640304 0.343090
-0.186623 -0.603219 0.347521
-0.149216 -0.581694 0.354195
-0.156976 -0.526467 0.386525
-0.169843 -0.567826 0.431387
-0.134300 -0.603174 0.436021
-0.109064 -0.550975 0.443974
-0.129836 -0.531542 0.492691
-0.122523 -0.598500 0.520739
-0.084065 -0.607804 0.523372
-0.047563 -0.597453 0.536867
-0.012270 -0.573079 0.527524
0.025177 -0.582985 0.540149
0.053157 -0.570408 0.576705
0.048312 -0.488403 0.572089
0.008489 -0.461802 0.583805
-0.017627 -0.424873 0.615598
-0.050833 -0.421467 0.649837
-0.087518 -0.396536 0.680128
-0.111415 -0.396536 0.732313
-0.141627 -0.390348 0.772039
-0.155453 -0.388322 0.827115
-0.197350 -0.391617 0.812990
-0.196654 -0.445107 0.761602
-0.166797 -0.468636 0.723748
-0.152420 -0.436426 0.676773
-0.130282 -0.430594 0.624144
-0.095645 -0.396959 0.590182
-0.068374 -0.368489 0.549770
-0.073981 -0.296412 0.575686
-0.075990 -0.238269 0.605161
-0.110600 -0.215364 0.583360
-0.134694 -0.265003 0.605031
-0.124991 -0.253539 0.658198
-0.136506 -0.188207 0.661164
-0.174924 -0.200383 0.646482
-0.181936 -0.244123 0.690065
-0.174412 -0.203967 0.734370
-0.207369 -0.162786 0.721116
-0.234062 -0.210311 0.747124
-0.216940 -0.198357 0.802868
-0.217124 -0.128417 0.796639
-0.227392 -0.059834 0.791337
-0.208393 -0.036039 0.744789
-0.209653 0.029739 0.709715
-0.187844 0.071409 0.675030
-0.221798 0.099257 0.644424
-0.239104 0.165257 0.635063
-0.262304 0.223355 0.626405
-0.269539 0.291804 0.621771
-0.312868 0.290669 0.627870
-0.318015 0.236288 0.675475
-0.291952 0.186426 0.697165
-0.286516 0.123831 0.675253
-0.269355 0.054136 0.676643
-0.240404 -0.003294 0.654342
-0.215837 -0.054470 0.634488
-0.217032 -0.023106 0.574036
-0.217334 0.010173 0.524447
-0.251525 -0.015203 0.503110
-0.274213 0.019856 0.542725
-0.263644 0.082406 0.526319
-0.273833 0.079712 0.471558
-0.312894 0.064620 0.484053
-0.319748 0.123141 0.515141
-0.316242 0.171490 0.475952
-0.353768 0.159647 0.453335
-0.373240 0.200361 0.491023
-0.355212 0.259861 0.468240
-0.360070 0.250646 0.409994
-0.381052 0.200583 0.380333
-0.365322 0.146915 0.351933
-0.369655 0.099924 0.298321
-0.349632 0.055650 0.261320
-0.384978 0.012421 0.247361
-0.408389 -0.012510 0.200108
-0.439389 -0.033189 0.162457
-0.454698 -0.047859 0.109976
-0.496255 -0.052489 0.124566
-0.497633 0.016005 0.161808
-0.469102 0.054715 0.190598
-0.452702 0.037441 0.242430
-0.429607 0.050040 0.294169
-0.393723 0.031052 0.334211
-0.363432 0.016873 0.374438
-0.361895 -0.059834 0.353082
-0.361213 -0.123787 0.332672
-0.390886 -0.150076 0.364224
-0.420061 -0.112323 0.338289
-0.414599 -0.139636 0.287162
-0.421860 -0.204879 0.300175
-0.459228 -0.191679 0.319677
-0.473500 -0.163832 0.270663
-0.473382 -0.217857 0.236683
-0.506089 -0.248063 0.261913
-0.533163 -0.210667 0.231233
-0.521727 -0.240228 0.178770
-0.519455 -0.308922 0.192952
-0.531049 -0.343046 0.241966
-0.506693 -0.370737 0.281600
-0.499288 -0.431662 0.323236
-0.469443 -0.466811 0.352879
-0.495152 -0.487356 0.401633
-0.508019 -0.548526 0.432072
-0.526795 -0.600169 0.464162
-0.529736 -0.664033 0.485554
-0.571017 -0.658935 0.503036
-0.589386 -0.620025 0.448349
-0.573551 -0.577397 0.406249
-0.563323 -0.512043 0.412571
-0.549681 -0.447400 0.387600
-0.516842 -0.389858 0.384912
-0.490149 -0.333808 0.382632
-0.475115 -0.352061 0.445216
-0.462406 -0.371093 0.496529
-0.489716 -0.339395 0.528748
-0.520571 -0.380776 0.511730
-0.503936 -0.437984 0.531714
-0.501349 -0.420243 0.586438
-0.540910 -0.409202 0.592592
-0.550797 -0.473533 0.577706
-0.534358 -0.507524 0.620510
-0.560907 -0.482726 0.659607
-0.591788 -0.523707 0.641755
-0.569875 -0.583051 0.660886
-0.556390 -0.563975 0.715350
-0.563349 -0.505765 0.747495
-0.539019 -0.451607 0.753279
-0.525548 -0.394266 0.795063
-0.494876 -0.347387 0.806334
-0.521175 -0.294965 0.832362
-0.524812 -0.255187 0.884472
-0.536419 -0.218079 0.933523
-0.529723 -0.188741 0.984780
-0.570886 -0.177656 1.000000
-0.588165 -0.250957 0.980387
-0.575980 -0.300663 0.941049
-0.580549 -0.297302 0.884898
-0.577621 -0.329868 0.828413
-0.558635 -0.330358 0.767053
-0.544494 -0.331916 0.710049
-0.535802 -0.252560 0.713756
-0.526939 -0.185981 0.720133
-0.563336 -0.159269 0.708714
-0.580589 -0.182286 0.757302
-0.556324 -0.147872 0.791875
-0.564964 -0.084476 0.773504
-0.604590 -0.089752 0.785331
-0.599325 -0.103241 0.841427
-0.585539 -0.043340 0.858407
-0.622473 -0.011775 0.851104
-0.638334 -0.035861 0.901193
-0.610315 0.002805 0.933264
-0.612153 0.066601 0.907051
-0.638584 0.088728 0.864469
-0.629892 0.094671 0.808652
-0.641105 0.133381 0.753576
-0.627397 0.151567 0.700020
-0.668166 0.155396 0.675308
-0.693021 0.208574 0.647020
-0.723942 0.246995 0.623606
-0.738792 0.301776 0.597041
-0.780309 0.285816 0.605717
-0.777525 0.262287 0.670896
-0.745961 0.236800 0.704932
-0.733632 0.172402 0.705692
-0.707884 0.119246 0.732016
-0.675059 0.062083 0.726399
-0.647775 0.007702 0.723340
-0.655955 -0.004407 0.658643
-0.660471 -0.005075 0.601954
-0.695292 -0.040869 0.600082
-0.717876 0.007056 0.625645
-0.709985 0.055761 0.587383
-0.723495 0.023039 0.540983
-0.760995 0.014781 0.560911
-0.768045 0.082539 0.565063
-0.762675 0.099568 0.510099
-0.796131 0.065132 0.491839
-0.823493 0.109830 0.509839
-0.811532 0.161495 0.474561
-0.818071 0.130376 0.426215
-0.858235 0.121539 0.436818
-0.867676 0.188919 0.440804
-0.856069 0.209287 0.386692
-0.883025 0.175296 0.355122
-0.917320 0.212514 0.369970
-0.906134 0.274196 0.337900
-0.899792 0.254563 0.279320
-0.939943 0.229788 0.263544
-0.962396 0.296056 0.259355
-0.944119 0.332740 0.210452
-0.954058 0.276333 0.163773
-1.000000 0.279138 0.167481
