1.000000 -0.805720 -1.000000
0.946361 -0.713711 -0.956472
0.922456 -0.631373 -0.886394
0.895212 -0.589444 -0.810403
0.851079 -0.515945 -0.754845
0.852239 -0.431594 -0.686289
0.803918 -0.409255 -0.619665
0.788670 -0.317295 -0.560886
0.739840 -0.308015 -0.489286
0.686173 -0.211391 -0.457028
0.637938 -0.174666 -0.392044
0.576406 -0.092427 -0.358703
0.559658 0.038861 -0.306803
0.471335 0.075782 -0.359083
0.381427 0.136615 -0.374451
0.299187 0.183749 -0.416076
0.217880 0.251307 -0.407148
0.141863 0.307672 -0.439201
0.060330 0.303007 -0.396230
-0.017413 0.356377 -0.436567
0.018120 0.474457 -0.505357
0.043044 0.559249 -0.580587
0.009265 0.698932 -0.565014
0.023014 0.839499 -0.533166
-0.060358 0.879318 -0.509133
-0.061461 0.777685 -0.432235
-0.008473 0.815048 -0.364352
-0.065167 0.894882 -0.315028
-0.123361 0.784902 -0.302295
-0.069185 0.691911 -0.261138
-0.046976 0.777489 -0.193168
-0.126105 0.795802 -0.157983
-0.148370 0.651945 -0.145688
-0.078464 0.610458 -0.092852
-0.090063 0.714054 -0.030150
-0.168824 0.667902 -0.006352
-0.148879 0.526451 0.014548
-0.093147 0.563324 0.079474
-0.145088 0.642813 0.134126
-0.204272 0.534454 0.146625
-0.153179 0.425752 0.179468
-0.118240 0.499448 0.247819
-0.191541 0.542997 0.287776
-0.230780 0.409942 0.298958
-0.165288 0.341205 0.346672
-0.159262 0.444114 0.412095
-0.241417 0.428108 0.442246
-0.229960 0.283908 0.467742
-0.165146 0.301092 0.522627
-0.205517 0.398895 0.576752
-0.270755 0.309439 0.600755
-0.223283 0.197398 0.637141
-0.181639 0.290487 0.701276
-0.256723 0.368896 0.739623
-0.324167 0.254449 0.749868
-0.365471 0.142997 0.793425
-0.419421 0.101657 0.726070
-0.346573 0.035080 0.679234
-0.328835 -0.101166 0.723084
-0.332541 -0.214386 0.648206
-0.311776 -0.293335 0.574996
-0.331636 -0.189935 0.513817
-0.273640 -0.083491 0.544318
-0.203253 -0.166663 0.530472
-0.214796 -0.174076 0.441104
-0.219662 -0.025015 0.424712
-0.138015 0.005916 0.449183
-0.104237 -0.081576 0.384082
-0.140731 -0.014901 0.314033
-0.101917 0.119480 0.325391
-0.022675 0.066307 0.305017
-0.042195 0.018780 0.221269
-0.068590 0.149577 0.186172
0.009180 0.213551 0.197529
0.055718 0.114963 0.149406
0.017498 0.117761 0.068351
0.029776 0.266429 0.053510
0.119259 0.271388 0.067268
0.141665 0.190180 -0.007494
0.091987 0.277034 -0.077015
0.084009 0.433460 -0.067531
0.164212 0.488744 -0.062877
0.192390 0.430760 -0.140624
0.132810 0.504947 -0.191236
0.153094 0.646938 -0.167906
0.234543 0.643157 -0.197500
0.213381 0.618952 -0.285112
0.170946 0.749896 -0.296587
0.241870 0.841561 -0.277794
0.310277 0.781367 -0.327996
0.312144 0.668491 -0.391107
0.338539 0.536860 -0.348926
0.341085 0.373266 -0.359727
0.402334 0.322646 -0.300861
0.433425 0.182816 -0.247819
0.473428 0.075782 -0.204672
0.472579 -0.057322 -0.167028
0.458547 -0.006800 -0.082431
0.378259 0.049515 -0.099760
0.342103 -0.081232 -0.126632
0.357409 -0.157776 -0.048270
0.314322 -0.062232 0.005152
0.237768 -0.078434 -0.033868
0.230582 -0.225973 -0.021076
0.230525 -0.227593 0.067941
0.161921 -0.137793 0.084948
0.103444 -0.214926 0.039225
0.111196 -0.347146 0.084158
0.092326 -0.291666 0.163866
0.011755 -0.237609 0.151718
-0.022788 -0.362023 0.116445
-0.006662 -0.453590 0.186435
-0.055152 -0.379403 0.246092
-0.131537 -0.386228 0.205521
-0.146587 -0.532098 0.212107
-0.145173 -0.532883 0.305076
-0.208431 -0.432135 0.320239
-0.270585 -0.511084 0.280107
-0.261532 -0.626611 0.339207
-0.279185 -0.550264 0.414788
-0.359530 -0.509611 0.386072
-0.389632 -0.650473 0.380159
-0.374864 -0.686609 0.467039
-0.428361 -0.583700 0.500820
-0.500785 -0.637413 0.462444
-0.496400 -0.773610 0.498419
-0.500389 -0.734921 0.584773
-0.573888 -0.652977 0.586090
-0.627244 -0.772972 0.547685
-0.593691 -0.916976 0.576752
-0.550463 -0.861888 0.669252
-0.568088 -0.787112 0.746356
-0.523757 -0.874899 0.807418
-0.439762 -0.841954 0.755430
-0.410255 -0.702713 0.743341
-0.352486 -0.688327 0.811369
-0.300431 -0.806555 0.780516
-0.291746 -0.768553 0.687138
-0.279751 -0.602062 0.712429
-0.207893 -0.546287 0.751683
-0.129274 -0.486780 0.748375
-0.090261 -0.610752 0.719337
-0.130716 -0.618804 0.640536
-0.106783 -0.486486 0.608073
-0.020497 -0.513981 0.610064
-0.022816 -0.634123 0.556408
-0.054841 -0.566515 0.483754
0.010453 -0.470185 0.475001
0.077700 -0.565582 0.471577
0.048419 -0.642126 0.400094
0.047571 -0.528072 0.342691
0.133489 -0.502639 0.347726
0.163505 -0.638296 0.324278
0.124266 -0.652142 0.244453
0.153292 -0.521640 0.208155
0.238136 -0.551933 0.215795
0.240484 -0.671388 0.165066
0.207865 -0.607856 0.090861
0.265238 -0.498466 0.079474
0.335144 -0.587529 0.076284
0.315142 -0.668835 0.005152
0.310871 -0.552130 -0.052193
0.390509 -0.493065 -0.039547
0.435094 -0.616153 -0.061413
0.401712 -0.635743 -0.143786
0.434133 -0.498466 -0.171623
0.521409 -0.520167 -0.159593
0.528029 -0.632994 -0.229290
0.520786 -0.546532 -0.306452
0.527067 -0.484571 -0.392190
0.526105 -0.349307 -0.443241
0.499342 -0.320339 -0.547655
0.421317 -0.236136 -0.558779
0.396025 -0.098564 -0.549500
0.379532 0.011857 -0.486330
0.281222 -0.009795 -0.486213
0.195332 0.024672 -0.446988
0.104463 0.028256 -0.440987
0.109272 0.124095 -0.348955
0.119542 0.177120 -0.256425
0.160252 0.016030 -0.230549
0.185770 -0.126942 -0.200515
0.172926 -0.298834 -0.231544
0.176604 -0.434246 -0.273023
0.156093 -0.409893 -0.359376
0.222802 -0.310667 -0.374480
0.290105 -0.407684 -0.356771
0.280543 -0.509807 -0.420614
0.300431 -0.418731 -0.492858
0.391668 -0.402823 -0.463761
0.425900 -0.546336 -0.479568
0.489921 -0.671388 -0.496224
0.454134 -0.771155 -0.434489
0.394611 -0.844900 -0.388941
0.307928 -0.859335 -0.351004
0.285070 -0.988266 -0.310755
0.294066 -0.936762 -0.226128
0.236438 -0.818878 -0.233505
0.167126 -0.903866 -0.255664
0.170012 -0.991555 -0.183127
0.163533 -0.881969 -0.123588
0.087545 -0.828305 -0.150928
0.041714 -0.956499 -0.139365
0.062989 -1.000000 -0.054271
0.053002 -0.866012 -0.012499
-0.026975 -0.838812 -0.041684
-0.063781 -0.956107 -0.000234
-0.041290 -0.915061 0.083426
-0.061207 -0.758341 0.086207
-0.148455 -0.784952 0.044670
-0.183959 -0.921198 0.066829
-0.187467 -0.908089 0.156753
-0.236042 -0.784853 0.160237
-0.302751 -0.834246 0.111381
-0.325440 -0.949036 0.163837
-0.340943 -0.866405 0.238130
-0.404993 -0.787897 0.202125
-0.458406 -0.898564 0.179088
-0.467317 -0.959838 0.259674
-0.498974 -0.840088 0.300509
-0.570550 -0.821480 0.243516
-0.610269 -0.947760 0.264095
-0.620963 -0.912557 0.351414
-0.661843 -0.783282 0.340729
-0.730052 -0.835866 0.297260
-0.756645 -0.931459 0.360752
-0.767282 -0.822511 0.424770
-0.824401 -0.730257 0.383730
-0.889695 -0.832380 0.379193
-0.897871 -0.831349 0.476670
-0.932216 -0.695004 0.495521
-1.000000 -0.605204 0.530414
-0.964948 -0.463901 0.518529
-0.949841 -0.331140 0.479363
-0.875946 -0.301583 0.524003
-0.831077 -0.419222 0.494790
-0.835858 -0.378863 0.408114
-0.800297 -0.241930 0.409988
-0.722922 -0.288916 0.442568
-0.702864 -0.380091 0.375271
-0.706033 -0.280422 0.307564
-0.645802 -0.183307 0.335812
-0.576632 -0.284792 0.344418
-0.583507 -0.363103 0.266114
-0.583365 -0.246201 0.207775
-0.503982 -0.198822 0.225660
-0.461688 -0.327163 0.206253
-0.490855 -0.345133 0.122270
-0.454671 -0.219786 0.090803
-0.372487 -0.262011 0.104883
-0.374326 -0.389174 0.059042
-0.396082 -0.329618 -0.021193
-0.326063 -0.244777 -0.027692
-0.260457 -0.346164 -0.015690
-0.286201 -0.457518 -0.073825
-0.303939 -0.383724 -0.149347
-0.217625 -0.332613 -0.157661
-0.171681 -0.462919 -0.149874
-0.201839 -0.539659 -0.219718
-0.176406 -0.442249 -0.283853
-0.088875 -0.460268 -0.272906
-0.076597 -0.623321 -0.272613
-0.119287 -0.674187 -0.346994
-0.063979 -0.601768 -0.412095
0.012717 -0.672567 -0.436743
-0.015404 -0.665055 -0.537732
-0.003749 -0.525617 -0.576137
0.048023 -0.440383 -0.633774
0.004343 -0.306444 -0.585797
-0.002560 -0.179575 -0.548504
-0.072862 -0.080790 -0.519847
-0.128821 0.002185 -0.474270
-0.146899 -0.109807 -0.416106
-0.079822 -0.084326 -0.359376
-0.107886 0.050448 -0.332123
-0.182630 0.009059 -0.294216
-0.144409 -0.082362 -0.233037
-0.097673 0.022364 -0.193753
-0.164128 0.103670 -0.163574
-0.201556 -0.000859 -0.113518
-0.131084 -0.026636 -0.058632
-0.099144 0.124831 -0.037381
-0.186534 0.208739 -0.034454
-0.261362 0.136271 -0.015573
-0.243171 0.064932 0.060799
-0.222038 0.184780 0.111469
-0.299215 0.260685 0.096686
-0.357324 0.152130 0.132340
-0.343461 0.133472 0.219279
-0.389037 0.253566 0.247731
-0.466865 0.216350 0.211463
-0.478011 0.074211 0.249546
-0.455266 0.105388 0.342047
-0.465478 0.272321 0.364469
-0.530405 0.355198 0.325479
-0.591881 0.256708 0.371758
-0.570832 0.288229 0.463205
-0.578782 0.357702 0.543264
-0.497984 0.332515 0.574557
-0.457897 0.416129 0.509426
-0.498409 0.543587 0.522862
-0.474701 0.555321 0.609888
-0.388415 0.559200 0.595281
-0.386520 0.677427 0.540806
-0.424684 0.773217 0.597213
-0.365641 0.768356 0.662227
-0.300545 0.820646 0.610327
-0.337690 0.954634 0.585826
-0.362982 1.000000 0.676746
-0.345866 0.937204 0.759792
-0.404512 0.832134 0.797055
-0.427484 0.759322 0.869768
-0.479511 0.689604 0.924507
-0.526133 0.649736 0.992770
-0.524521 0.485798 1.000000
