-0.392592 0.585146 1.000000
-0.410328 0.578836 0.940238
-0.347312 0.598050 0.915739
-0.296165 0.565618 0.936752
-0.314933 0.524552 0.906794
-0.298365 0.540517 0.850901
-0.229047 0.549904 0.858984
-0.210371 0.504835 0.874959
-0.231499 0.483156 0.824353
-0.189519 0.509058 0.787040
-0.128290 0.496013 0.812994
-0.135416 0.447867 0.804835
-0.136379 0.450896 0.744230
-0.072469 0.472936 0.738579
-0.036103 0.436172 0.765702
-0.055053 0.402217 0.724654
-0.026982 0.425544 0.675810
0.044696 0.423299 0.697129
0.052120 0.369957 0.697569
0.041465 0.365106 0.628805
0.103679 0.355625 0.596012
0.114518 0.305155 0.572337
0.076502 0.270541 0.524355
0.098638 0.281969 0.461892
0.131544 0.247276 0.435497
0.140412 0.225754 0.388492
0.171141 0.190418 0.362653
0.216077 0.176447 0.324152
0.234982 0.138300 0.294022
0.284983 0.111676 0.272626
0.308883 0.079103 0.235601
0.354690 0.043154 0.230276
0.385992 0.014379 0.191947
0.412688 -0.014003 0.233972
0.353132 -0.034238 0.253893
0.336335 -0.054096 0.201142
0.397587 -0.079338 0.192694
0.387504 -0.103215 0.250235
0.340506 -0.138834 0.245618
0.346441 -0.186666 0.265309
0.270959 -0.185347 0.294865
0.201618 -0.207733 0.312544
0.133606 -0.222882 0.332293
0.085439 -0.264419 0.349053
0.018389 -0.283147 0.362423
-0.020131 -0.325563 0.373360
-0.071415 -0.359047 0.390618
-0.029343 -0.393347 0.422223
-0.007115 -0.419155 0.470971
0.036400 -0.436234 0.525332
0.078427 -0.446768 0.571494
0.121301 -0.432749 0.615358
0.189977 -0.457427 0.619744
0.229712 -0.479122 0.575344
0.280239 -0.438683 0.573716
0.356042 -0.425889 0.580324
0.380126 -0.395655 0.537093
0.404003 -0.353678 0.511617
0.339933 -0.348294 0.478442
0.293805 -0.333585 0.528071
0.233722 -0.299849 0.544869
0.186196 -0.273115 0.580784
0.116695 -0.245424 0.576953
0.059086 -0.206226 0.582661
-0.001180 -0.176729 0.581359
-0.059957 -0.156479 0.601299
-0.088074 -0.203369 0.615511
-0.043917 -0.241562 0.628153
-0.008696 -0.265204 0.586109
0.040181 -0.298860 0.564292
0.109866 -0.310367 0.531653
0.156613 -0.330555 0.487674
0.224349 -0.320508 0.457716
0.276160 -0.323396 0.410137
0.342018 -0.316631 0.384086
0.397450 -0.317023 0.348976
0.466630 -0.315579 0.342923
0.473573 -0.266836 0.343038
0.459045 -0.260055 0.401938
0.514224 -0.285611 0.422108
0.563904 -0.258705 0.395273
0.555174 -0.215645 0.420672
0.579670 -0.228376 0.473519
0.646078 -0.242112 0.451051
0.663287 -0.200119 0.419235
0.668191 -0.169037 0.463961
0.728022 -0.193887 0.484629
0.755726 -0.192050 0.422664
0.801556 -0.167687 0.391212
0.825731 -0.179994 0.337828
0.852450 -0.156808 0.290957
0.855223 -0.146118 0.237363
0.881002 -0.171376 0.195146
0.936159 -0.202144 0.172123
0.936502 -0.195928 0.111364
0.938198 -0.170340 0.062789
0.920027 -0.135333 0.025878
0.899128 -0.120797 -0.027161
0.959486 -0.131550 -0.055797
0.957103 -0.179900 -0.042523
0.897295 -0.191093 -0.070182
0.925297 -0.173040 -0.125022
0.980591 -0.197969 -0.145325
0.947433 -0.227669 -0.183175
0.935746 -0.192835 -0.225621
1.000000 -0.194421 -0.252169
0.988565 -0.243823 -0.271803
0.926832 -0.237952 -0.304442
0.878917 -0.220794 -0.340970
0.825754 -0.193495 -0.360162
0.758201 -0.175128 -0.369797
0.686500 -0.176933 -0.399391
0.628479 -0.146463 -0.433160
0.562827 -0.137625 -0.459057
0.522772 -0.093357 -0.484629
0.511795 -0.092258 -0.542169
0.576576 -0.074833 -0.562109
0.621123 -0.089526 -0.511292
0.688264 -0.099573 -0.481142
0.728090 -0.111001 -0.427682
0.796217 -0.107501 -0.393836
0.836318 -0.123622 -0.340912
0.901511 -0.114094 -0.306377
0.938381 -0.108348 -0.257322
0.983616 -0.070218 -0.268221
0.962740 -0.048758 -0.329017
0.887625 -0.050909 -0.362135
0.833477 -0.037817 -0.407359
0.785699 -0.052667 -0.456682
0.751784 -0.045446 -0.517593
0.710492 -0.077093 -0.565307
0.693214 -0.110860 -0.611029
0.660995 -0.159571 -0.629896
0.666839 -0.195991 -0.682437
0.698484 -0.239553 -0.680005
0.756665 -0.223525 -0.647499
0.765534 -0.170654 -0.660927
0.779214 -0.122932 -0.667995
0.745872 -0.075586 -0.681135
0.790877 -0.034253 -0.671385
0.808247 -0.016624 -0.614688
0.837693 -0.009089 -0.558795
0.824654 0.006829 -0.500297
0.834668 0.030187 -0.446205
0.818857 0.041961 -0.387649
0.892712 0.024458 -0.358075
0.941750 0.022291 -0.307468
0.968904 0.024144 -0.254870
0.971746 0.049794 -0.195778
0.920783 0.027268 -0.146379
0.892574 0.017974 -0.084912
0.870897 0.014254 -0.029460
0.878871 0.020517 0.031662
0.871309 0.003987 0.090984
0.917116 0.037895 0.118796
0.878871 0.080107 0.116862
0.839641 0.115946 0.140269
0.808087 0.128128 0.088666
0.774883 0.083671 0.082230
0.730038 0.086779 0.128584
0.687920 0.120624 0.100676
0.659666 0.088004 0.063497
0.599927 0.064190 0.056831
0.612392 0.038994 0.006991
0.649354 0.000235 0.029517
0.599720 -0.012778 0.072040
0.541562 -0.017299 0.038558
0.575545 -0.043609 -0.008849
0.634460 -0.070626 -0.011627
0.698232 -0.049355 -0.046718
0.751326 -0.040062 -0.088724
0.798050 -0.006373 -0.123681
0.821996 0.015478 -0.183213
0.861250 0.042448 -0.227594
0.859623 0.061301 -0.289808
0.907102 0.091567 -0.333978
0.919820 0.097862 -0.390944
0.881850 0.093655 -0.441052
0.850136 0.113670 -0.485605
0.809805 0.146259 -0.511445
0.752334 0.171282 -0.525102
0.702701 0.193856 -0.559887
0.672384 0.224985 -0.518379
0.736477 0.241107 -0.481813
0.805176 0.223572 -0.474783
0.815145 0.186807 -0.433869
0.820048 0.145427 -0.406727
0.801716 0.106873 -0.377267
0.763471 0.080751 -0.324918
0.758980 0.045995 -0.269064
0.726097 0.010800 -0.229663
0.731138 -0.030109 -0.189208
0.690991 -0.068726 -0.157546
0.687210 -0.103811 -0.110809
0.651348 -0.149650 -0.090907
0.620642 -0.188770 -0.070776
0.612186 -0.244200 -0.082537
0.591471 -0.291027 -0.077039
0.579486 -0.299410 -0.135250
0.649561 -0.297573 -0.149769
0.670551 -0.342862 -0.141016
0.649698 -0.353097 -0.201199
0.674263 -0.312486 -0.236769
0.709621 -0.270290 -0.217538
0.714341 -0.227779 -0.247745
0.666174 -0.182412 -0.267953
0.612324 -0.153355 -0.290593
0.550384 -0.128128 -0.281591
0.571787 -0.075288 -0.301147
0.557786 -0.029073 -0.336736
0.561819 0.025682 -0.332369
0.543029 0.077250 -0.347655
0.532877 0.121817 -0.324592
0.584757 0.137751 -0.373935
0.631618 0.143057 -0.414446
0.688310 0.116417 -0.390024
0.655816 0.087784 -0.339054
0.661110 0.042667 -0.301377
0.634368 -0.005212 -0.275270
0.651279 -0.050768 -0.246097
0.635147 -0.100264 -0.226157
0.661774 -0.140859 -0.188557
0.670436 -0.190779 -0.170475
0.703503 -0.218470 -0.115425
0.737875 -0.244702 -0.072634
0.787761 -0.214828 -0.048844
0.739204 -0.193181 -0.007413
0.717504 -0.226508 0.034670
0.763677 -0.214876 0.076982
0.735973 -0.168566 0.090160
0.690235 -0.139352 0.119639
0.678823 -0.105209 0.075680
0.653662 -0.142319 0.031394
0.597269 -0.164092 0.053364
0.532052 -0.173809 0.065930
0.480791 -0.192773 0.094298
0.430058 -0.218926 0.108338
0.367591 -0.199115 0.106078
0.315826 -0.171769 0.130979
0.291582 -0.204279 0.167851
0.281500 -0.221218 0.220660
0.274625 -0.252551 0.263988
0.235738 -0.277118 0.304768
0.197768 -0.282315 0.355699
0.157506 -0.314386 0.388262
0.088578 -0.316850 0.421859
0.048064 -0.340727 0.470052
0.015090 -0.357508 0.515755
0.015204 -0.372233 0.576647
-0.010002 -0.411761 0.614515
-0.029091 -0.449499 0.646886
-0.056130 -0.493438 0.648764
-0.124898 -0.479436 0.649875
-0.125930 -0.454915 0.598291
-0.103954 -0.491680 0.564867
-0.157369 -0.521114 0.575536
-0.206292 -0.491162 0.553566
-0.179803 -0.491397 0.498401
-0.183217 -0.538021 0.486333
-0.252650 -0.540564 0.492961
-0.270317 -0.508917 0.450763
-0.240000 -0.533814 0.407321
-0.279506 -0.573310 0.412742
-0.341949 -0.551411 0.405329
-0.326917 -0.532605 0.351466
-0.316032 -0.574974 0.325320
-0.378751 -0.594236 0.337579
-0.413925 -0.558993 0.308120
-0.384686 -0.566764 0.255368
-0.405814 -0.612493 0.249219
-0.475246 -0.601708 0.251575
-0.475384 -0.574283 0.203957
-0.453362 -0.607469 0.166395
-0.508175 -0.636903 0.175609
-0.558909 -0.604800 0.160208
-0.533152 -0.596590 0.104737
-0.539775 -0.642696 0.086214
-0.611728 -0.645364 0.093646
-0.622773 -0.608788 0.049783
-0.602654 -0.626197 -0.004808
-0.669015 -0.645882 -0.022736
-0.720001 -0.607705 -0.022794
-0.704694 -0.578695 -0.070316
-0.711752 -0.616715 -0.118222
-0.787486 -0.639619 -0.105580
-0.835424 -0.600028 -0.131113
-0.866291 -0.618269 -0.193633
-0.891727 -0.669524 -0.216599
-0.936594 -0.709161 -0.214454
-0.991269 -0.745471 -0.220583
-1.000000 -0.798986 -0.205432
-0.998533 -0.849534 -0.197521
-0.971356 -0.896204 -0.155592
-0.950389 -0.934602 -0.114084
-0.908294 -0.970707 -0.086195
-0.841543 -0.985150 -0.044036
-0.779512 -1.000000 -0.019404
-0.697293 -0.992904 -0.019442
-0.631022 -0.964789 -0.019940
-0.569748 -0.942215 -0.026529
-0.514087 -0.905215 -0.038290
-0.457418 -0.876770 -0.036087
-0.411978 -0.839047 -0.027583
-0.364750 -0.812518 -0.056046
-0.320432 -0.769269 -0.026874
-0.245133 -0.761640 -0.014385
-0.207026 -0.713620 -0.035972
-0.193323 -0.682271 0.015937
-0.139587 -0.708549 0.047829
-0.076868 -0.704295 0.013255
-0.053037 -0.658504 0.023407
-0.037225 -0.664124 0.084835
0.013119 -0.701862 0.084606
0.074119 -0.679414 0.063593
0.089999 -0.648959 0.115617
0.086401 -0.689256 0.164671
0.161746 -0.714389 0.169671
0.214015 -0.733917 0.206658
0.269882 -0.770290 0.208171
0.324236 -0.795956 0.236175
0.381890 -0.829943 0.230065
0.422152 -0.870428 0.227192
0.470732 -0.907067 0.194495
0.518258 -0.936109 0.164863
0.542089 -0.957380 0.101212
0.591517 -0.954319 0.051238
0.632603 -0.959263 0.002643
0.640280 -0.943675 -0.066600
0.655450 -0.924555 -0.127895
0.626577 -0.913441 -0.186718
0.607764 -0.873803 -0.237056
0.596971 -0.850491 -0.288486
0.534527 -0.820335 -0.320129
0.532717 -0.801513 -0.373992
0.470136 -0.779049 -0.414044
0.449742 -0.755377 -0.462907
0.375337 -0.745644 -0.500354
0.308768 -0.742049 -0.532649
0.227993 -0.721422 -0.537667
0.160256 -0.706336 -0.552397
0.084293 -0.697011 -0.520831
0.031955 -0.651518 -0.507442
-0.025447 -0.623152 -0.504837
-0.048820 -0.580076 -0.462697
-0.083674 -0.534159 -0.478288
-0.125746 -0.502025 -0.448369
-0.152603 -0.456092 -0.435823
-0.145316 -0.433142 -0.373417
-0.124165 -0.378104 -0.379528
-0.153405 -0.338043 -0.358400
-0.112685 -0.303507 -0.339456
-0.108606 -0.257088 -0.345413
-0.087707 -0.217419 -0.375582
-0.060988 -0.177137 -0.348191
-0.035255 -0.132822 -0.361446
-0.000218 -0.093702 -0.336449
-0.001638 -0.039669 -0.349244
0.013325 0.008493 -0.341602
-0.009063 0.055728 -0.357347
0.014975 0.106229 -0.359779
-0.004847 0.114863 -0.427356
-0.012958 0.115255 -0.486065
0.042129 0.084754 -0.496523
0.011881 0.045886 -0.472216
-0.041763 0.044928 -0.511675
-0.004320 0.036796 -0.559274
0.027051 -0.003689 -0.540483
-0.033674 -0.028445 -0.533070
-0.054847 -0.025258 -0.589059
0.002578 -0.047518 -0.612044
-0.006130 -0.089762 -0.583504
-0.070292 -0.097611 -0.607217
-0.047698 -0.094314 -0.665045
0.002257 -0.131048 -0.663742
-0.038692 -0.172789 -0.664394
-0.056268 -0.170874 -0.732814
0.015571 -0.171046 -0.767483
0.035140 -0.200229 -0.813492
0.065411 -0.167813 -0.868619
0.117359 -0.137500 -0.899420
0.151273 -0.099212 -0.935660
0.168826 -0.047236 -0.959392
0.204734 -0.008587 -0.991706
0.209271 0.049936 -0.991246
0.221325 0.100170 -0.996131
0.252856 0.154375 -0.984198
0.267773 0.200841 -1.000000
0.266169 0.260997 -0.987205
0.282324 0.315202 -0.981037
0.281225 0.373128 -0.967342
0.278337 0.425136 -0.958205
0.276115 0.481084 -0.930967
0.282966 0.531694 -0.902082
0.283631 0.580437 -0.877392
0.279346 0.630074 -0.865152
0.250404 0.678911 -0.825885
0.233607 0.722458 -0.788860
0.203061 0.763963 -0.749957
0.180444 0.809017 -0.726818
0.139999 0.845154 -0.681211
0.112593 0.880553 -0.641983
0.065869 0.913927 -0.597889
0.022376 0.942514 -0.551037
-0.030878 0.954821 -0.504588
-0.064769 0.984192 -0.450112
-0.124440 0.998242 -0.411995
-0.186081 1.000000 -0.362480
-0.244492 0.991727 -0.309441
-0.289474 0.978996 -0.254161
-0.332302 0.965919 -0.203344
-0.351024 0.928935 -0.149424
-0.386221 0.917899 -0.096443
-0.389521 0.867885 -0.058594
-0.403751 0.833176 -0.017565
-0.374168 0.782676 0.009232
-0.362023 0.744498 0.044209
-0.341858 0.702898 0.073324
-0.296096 0.659979 0.061888
-0.267773 0.627516 0.101098
-0.259180 0.572164 0.094700
-0.207874 0.543044 0.050453
-0.129390 0.531726 0.076101
-0.115916 0.493438 0.120444
-0.106566 0.446972 0.092440
-0.038898 0.450865 0.067941
0.001982 0.457631 0.119965
0.007780 0.411321 0.145153
0.046071 0.385686 0.106001
0.101823 0.415984 0.107782
0.113464 0.412326 0.166242
0.125357 0.363756 0.166740
0.178978 0.361150 0.129063
0.219194 0.392939 0.160266
0.221623 0.367932 0.211466
0.256912 0.329597 0.189898
0.314795 0.354039 0.171682
0.332852 0.373097 0.223974
0.339933 0.329676 0.253529
0.392179 0.311560 0.219741
0.438330 0.348388 0.234547
0.441469 0.342297 0.294003
0.473757 0.296600 0.294290
0.544999 0.310053 0.269236
0.574514 0.358529 0.298312
0.619473 0.395184 0.316356
0.638768 0.442702 0.308867
0.700776 0.438495 0.273910
0.666266 0.419532 0.221024
0.620940 0.449421 0.194763
0.664249 0.471869 0.155305
0.687233 0.431180 0.128546
0.626348 0.409893 0.115061
0.599881 0.447678 0.085314
0.650340 0.447286 0.043940
0.638584 0.400945 0.026606
0.569381 0.405278 0.014021
0.575637 0.441321 -0.023790
0.621879 0.419265 -0.059839
0.578203 0.382233 -0.071255
0.521191 0.406439 -0.092535
0.555953 0.429296 -0.135652
0.578020 0.388041 -0.164058
0.514293 0.369612 -0.173904
0.488995 0.407585 -0.203421
0.537575 0.406424 -0.246231
0.521053 0.362312 -0.264773
0.454485 0.372045 -0.278832
0.468738 0.406549 -0.317026
0.510008 0.380176 -0.353727
0.461085 0.347163 -0.365258
0.411771 0.378293 -0.385408
0.453958 0.396471 -0.429521
0.462253 0.353286 -0.458617
0.388261 0.344071 -0.465033
0.375864 0.391416 -0.494800
0.361610 0.420662 -0.539257
0.342522 0.468824 -0.555596
0.265688 0.462733 -0.564350
0.234638 0.475856 -0.507384
0.197126 0.516718 -0.491677
0.160714 0.490864 -0.444538
0.217337 0.478462 -0.404160
0.241490 0.520298 -0.383933
0.185119 0.533578 -0.349876
0.198226 0.494663 -0.311548
0.265803 0.504144 -0.297527
0.253933 0.548146 -0.274982
0.209065 0.531883 -0.233091
0.253979 0.502418 -0.206696
0.302811 0.536561 -0.196008
0.260418 0.565540 -0.163599
0.245110 0.532903 -0.122953
0.312458 0.520596 -0.106806
0.332142 0.565806 -0.092746
0.281820 0.570767 -0.050645
0.301298 0.533280 -0.016339
0.368485 0.547236 -0.008677
0.352719 0.590233 0.016032
0.317064 0.571159 0.061467
0.372243 0.545462 0.082824
0.415461 0.581457 0.092133
0.372037 0.607391 0.127569
0.363994 0.573498 0.169939
0.436084 0.571458 0.180800
0.439613 0.619714 0.197292
0.391331 0.621582 0.241270
0.430470 0.591127 0.278507
0.490874 0.628363 0.287797
0.443623 0.670324 0.313751
0.418233 0.700057 0.354684
0.388788 0.747606 0.333404
0.316812 0.771357 0.307239
0.257485 0.796066 0.299979
0.223525 0.815202 0.240964
0.174807 0.832125 0.205451
0.147836 0.826991 0.139349
0.108537 0.837650 0.093053
0.098821 0.820163 0.024230
0.070865 0.801749 -0.028483
0.039586 0.783147 -0.078380
0.031634 0.758642 -0.139138
-0.014792 0.736947 -0.183290
-0.041808 0.715409 -0.235083
-0.086791 0.701140 -0.280058
-0.129527 0.659116 -0.307258
-0.190733 0.634627 -0.331795
-0.243094 0.599589 -0.330837
-0.276504 0.554849 -0.332982
-0.304438 0.509121 -0.342655
-0.337618 0.470001 -0.317007
-0.350680 0.429720 -0.284732
-0.377445 0.386864 -0.265826
-0.417409 0.359502 -0.230774
-0.428545 0.322941 -0.195414
-0.423619 0.272896 -0.180876
-0.441057 0.232348 -0.151302
-0.422427 0.188597 -0.129485
-0.439934 0.160780 -0.176183
-0.373045 0.168079 -0.208746
-0.318439 0.137641 -0.188902
-0.354667 0.094911 -0.217346
-0.354324 0.062949 -0.273201
-0.388123 0.027126 -0.310686
-0.380424 -0.008336 -0.362902
-0.407601 -0.039198 -0.411113
-0.381959 -0.066120 -0.465589
-0.388123 -0.086340 -0.522995
-0.358127 -0.113497 -0.574003
-0.355950 -0.119054 -0.641198
-0.343072 -0.146008 -0.692436
-0.404278 -0.137390 -0.741778
-0.382303 -0.127390 -0.810217
-0.348664 -0.113576 -0.860229
-0.307714 -0.077721 -0.824257
-0.300634 -0.075916 -0.764687
-0.344126 -0.060139 -0.722355
-0.365208 -0.045776 -0.667784
-0.408563 -0.053468 -0.617446
-0.442203 -0.028194 -0.566782
-0.468463 -0.034614 -0.504971
-0.503684 -0.015965 -0.452736
-0.535261 -0.006044 -0.401574
-0.573002 0.018053 -0.362193
-0.582190 0.040485 -0.309460
-0.633933 0.008744 -0.289118
-0.600706 -0.028115 -0.264141
-0.579464 -0.052416 -0.216714
-0.511933 -0.058240 -0.233474
-0.492180 -0.012150 -0.226885
-0.508817 -0.008116 -0.169460
-0.464820 -0.042479 -0.151282
-0.405470 -0.021192 -0.169747
-0.413765 0.020156 -0.140824
-0.415873 0.000031 -0.086789
-0.352147 -0.021852 -0.088436
-0.313351 0.017456 -0.097554
-0.334433 0.040062 -0.048614
-0.313626 0.007928 -0.008945
-0.245340 0.008917 -0.023618
-0.234065 0.055587 -0.012163
-0.255399 0.054158 0.044553
-0.211540 0.019419 0.065489
-0.152098 0.048994 0.048078
-0.157002 0.097721 0.033214
-0.180788 0.109745 -0.023273
-0.193368 0.145302 -0.062156
-0.207851 0.166761 -0.112265
-0.181086 0.201830 -0.147451
-0.213740 0.171408 -0.200011
-0.233080 0.140153 -0.244814
-0.253635 0.093482 -0.254219
-0.251779 0.057267 -0.302124
-0.283631 0.013249 -0.324286
-0.275381 -0.027032 -0.368514
-0.307669 -0.067345 -0.396250
-0.293095 -0.105711 -0.438753
-0.328498 -0.140969 -0.481660
-0.353407 -0.176415 -0.516348
-0.403155 -0.196807 -0.564101
-0.453798 -0.235895 -0.582087
-0.506044 -0.264230 -0.608405
-0.534734 -0.304559 -0.563162
-0.544770 -0.289865 -0.501235
-0.565027 -0.274889 -0.448541
-0.507900 -0.244890 -0.443370
-0.535100 -0.205692 -0.472638
-0.577951 -0.188644 -0.425805
-0.527676 -0.176729 -0.382650
-0.480814 -0.145317 -0.353267
-0.478065 -0.179398 -0.296263
-0.464430 -0.204342 -0.243262
-0.437665 -0.213949 -0.190549
-0.372747 -0.220935 -0.214052
-0.363856 -0.176808 -0.232612
-0.368187 -0.155835 -0.179056
-0.310900 -0.178707 -0.157412
-0.263924 -0.165850 -0.198230
-0.272929 -0.118489 -0.191449
-0.249716 -0.115648 -0.136744
-0.183905 -0.131142 -0.147528
-0.168047 -0.098129 -0.187829
-0.176801 -0.059245 -0.153658
-0.130558 -0.070453 -0.112399
-0.071575 -0.074126 -0.146685
-0.076983 -0.027205 -0.169747
-0.088234 0.002245 -0.121382
-0.039013 -0.030486 -0.084931
0.024095 -0.044096 -0.069991
0.009269 -0.075508 -0.020323
-0.052029 -0.097469 -0.003869
-0.024416 -0.139619 0.010765
0.013050 -0.121880 0.055452
-0.042588 -0.102587 0.084395
-0.078770 -0.144203 0.092037
-0.028197 -0.167671 0.120367
-0.024737 -0.135836 0.165361
-0.091419 -0.139776 0.182887
-0.087616 -0.187074 0.195108
-0.036446 -0.184311 0.234068
-0.071117 -0.155662 0.272109
-0.124830 -0.185332 0.283832
-0.085049 -0.221029 0.305993
-0.057230 -0.195127 0.349762
-0.118757 -0.183087 0.375620
-0.141580 -0.227669 0.384661
-0.085874 -0.241138 0.417818
-0.089884 -0.207152 0.460149
-0.159065 -0.218957 0.477675
-0.149188 -0.263697 0.501274
-0.174899 -0.296867 0.549256
-0.167864 -0.334087 0.593484
-0.223043 -0.335217 0.641715
-0.291216 -0.328122 0.639512
-0.356271 -0.349471 0.640834
-0.351986 -0.353395 0.574482
-0.288282 -0.363536 0.541671
-0.290505 -0.307384 0.522746
-0.263557 -0.255016 0.515410
-0.259776 -0.207435 0.518704
-0.250656 -0.168001 0.545980
-0.281568 -0.127469 0.559274
-0.291857 -0.078051 0.554619
-0.305629 -0.064425 0.619610
-0.231797 -0.066529 0.642079
-0.194125 -0.013783 0.648974
-0.155994 0.020345 0.672994
-0.101800 0.056890 0.679066
