0.407056 0.020256 -1.000000
0.387900 0.087619 -0.963512
0.355224 0.153508 -0.938355
0.292734 0.212619 -0.905650
0.251196 0.270204 -0.871074
0.172732 0.308206 -0.854088
0.100653 0.305981 -0.825791
0.033915 0.274265 -0.796226
-0.027507 0.238876 -0.769801
-0.073317 0.164916 -0.777348
-0.096927 0.085938 -0.772317
-0.151781 0.031457 -0.777972
-0.215520 -0.021368 -0.756599
-0.300460 -0.014538 -0.751567
-0.366949 -0.014927 -0.767909
-0.454525 0.004863 -0.763522
-0.525740 0.053006 -0.749675
-0.584594 0.104900 -0.746536
-0.637153 0.186025 -0.742752
-0.657558 0.276283 -0.742752
-0.668397 0.364989 -0.749052
-0.651173 0.458764 -0.741504
-0.637312 0.540434 -0.754707
-0.608203 0.626112 -0.729550
-0.572164 0.700900 -0.718863
-0.541192 0.788209 -0.694329
-0.539419 0.856116 -0.637736
-0.519877 0.918357 -0.601248
-0.513583 0.971699 -0.532075
-0.524672 1.000000 -0.465721
-0.533829 0.984634 -0.390873
-0.525399 0.984634 -0.326410
-0.531512 0.926428 -0.269494
-0.537897 0.842353 -0.240875
-0.517310 0.748991 -0.248101
-0.471522 0.679067 -0.264765
-0.430165 0.622465 -0.296221
-0.413759 0.563871 -0.336473
-0.395376 0.502846 -0.374833
-0.324479 0.479796 -0.413514
-0.249332 0.435327 -0.426093
-0.184639 0.386227 -0.438370
-0.107948 0.347630 -0.423275
-0.046163 0.315889 -0.382078
-0.022189 0.273851 -0.316025
0.012259 0.231219 -0.273258
-0.026461 0.207756 -0.211009
-0.085383 0.179972 -0.184262
-0.106152 0.192907 -0.125152
-0.172391 0.200072 -0.105650
-0.230245 0.255458 -0.101263
-0.290439 0.276490 -0.086631
-0.338067 0.330039 -0.100458
-0.357223 0.405215 -0.081600
-0.432824 0.409872 -0.048896
-0.455047 0.349027 0.006128
-0.450571 0.321140 0.063849
-0.483679 0.263142 0.096070
-0.491837 0.233418 0.153449
-0.477066 0.151464 0.120141
-0.402056 0.131157 0.115532
-0.348270 0.065320 0.111527
-0.285554 0.023722 0.117927
-0.247378 -0.045685 0.092065
-0.184094 -0.096647 0.107120
-0.175936 -0.177644 0.074053
-0.189434 -0.210886 0.015185
-0.176118 -0.265366 -0.026878
-0.180367 -0.265961 -0.093233
-0.260876 -0.294469 -0.099834
-0.317275 -0.238876 -0.096070
-0.380765 -0.205945 -0.116498
-0.436960 -0.166132 -0.102189
-0.469250 -0.232228 -0.082707
-0.431120 -0.242731 -0.029233
-0.445822 -0.172806 -0.002989
-0.515174 -0.184215 -0.003130
-0.515105 -0.246973 0.030501
-0.481497 -0.210498 0.080111
-0.534716 -0.153404 0.087698
-0.600568 -0.185120 0.096352
-0.591706 -0.185120 0.163492
-0.581753 -0.097863 0.168564
-0.621701 -0.070623 0.107120
-0.615656 -0.017462 0.058335
-0.575277 0.001888 0.010234
-0.557439 0.057999 -0.032392
-0.475498 0.036217 -0.034908
-0.410214 0.006700 -0.069182
-0.333477 0.015884 -0.070128
-0.267352 -0.005433 -0.096855
-0.194751 -0.011227 -0.100458
-0.138647 -0.014021 -0.144956
-0.076703 -0.011952 -0.172629
-0.040482 -0.010451 -0.226727
-0.068182 -0.092120 -0.235844
-0.132080 -0.113488 -0.211955
-0.125513 -0.132994 -0.148116
-0.157825 -0.139357 -0.092126
-0.146100 -0.119749 -0.031608
-0.203795 -0.106969 0.002365
-0.240198 -0.027189 -0.008322
-0.312095 0.004967 0.017459
-0.374970 0.040330 0.020679
-0.437596 0.052954 0.059361
-0.508516 0.076599 0.061716
-0.565779 0.102157 0.100317
-0.597387 0.125000 0.127970
-0.588138 0.126811 0.197182
-0.557712 0.145928 0.252528
-0.572868 0.068916 0.277283
-0.528240 0.023670 0.234315
-0.462024 0.058206 0.249228
-0.455616 0.036864 0.310229
-0.460319 -0.043279 0.295678
-0.391899 -0.033397 0.252609
-0.353428 -0.013607 0.298113
-0.367290 -0.076392 0.342309
-0.353474 -0.140573 0.292780
-0.319684 -0.195830 0.265328
-0.328387 -0.248396 0.211049
-0.332727 -0.321347 0.177540
-0.309118 -0.338524 0.116860
-0.282259 -0.424824 0.115613
-0.232563 -0.408035 0.160131
-0.229540 -0.313871 0.163955
-0.224837 -0.240713 0.187462
-0.249787 -0.163209 0.184926
-0.233812 -0.081747 0.185932
-0.260603 -0.005251 0.206682
-0.261490 0.079030 0.205977
-0.294348 0.147429 0.209862
-0.345771 0.199581 0.191125
-0.351224 0.270023 0.157333
-0.385423 0.340749 0.171683
-0.400125 0.411890 0.148720
-0.363040 0.476976 0.187200
-0.292643 0.504450 0.149223
-0.260422 0.531121 0.093635
-0.256445 0.618429 0.119336
-0.204340 0.623293 0.181766
-0.119127 0.589326 0.185731
-0.073681 0.609142 0.205897
-0.016145 0.562655 0.210385
0.038868 0.580039 0.217067
0.094268 0.580841 0.202516
0.120195 0.554972 0.135135
0.118764 0.534768 0.064473
0.108834 0.508899 0.001741
0.075453 0.455945 -0.050465
0.061251 0.497180 -0.089771
0.133670 0.453513 -0.141353
0.169892 0.436957 -0.178304
0.215702 0.465232 -0.207225
0.236289 0.504863 -0.251884
0.276760 0.503234 -0.297791
0.332500 0.534354 -0.320111
0.365881 0.606710 -0.324840
0.417008 0.639849 -0.350299
0.494404 0.662898 -0.329248
0.560439 0.649550 -0.354405
0.593115 0.718284 -0.376402
0.659149 0.745757 -0.370123
0.727319 0.753441 -0.328926
0.792649 0.732823 -0.312584
0.869340 0.701288 -0.293706
0.916923 0.667348 -0.243713
0.954553 0.606322 -0.206923
0.978004 0.522636 -0.187723
1.000000 0.439363 -0.181444
0.983685 0.344785 -0.169811
0.928285 0.278094 -0.192755
0.896336 0.220095 -0.225459
0.825325 0.161579 -0.216986
0.737272 0.156121 -0.210365
0.708868 0.112971 -0.145600
0.683304 0.141582 -0.079406
0.674056 0.184732 -0.024684
0.709572 0.256260 0.016131
0.712413 0.305386 0.082164
0.729455 0.344785 0.136221
0.715253 0.398153 0.198873
0.716685 0.415511 0.268790
0.711004 0.407026 0.343094
0.713117 0.348018 0.402526
0.752179 0.314078 0.452196
0.751474 0.236470 0.494984
0.781287 0.171590 0.519195
0.795489 0.077970 0.533645
0.799761 -0.011693 0.519195
0.790536 -0.085136 0.476267
0.796921 -0.144505 0.420136
0.768517 -0.151568 0.354727
0.777038 -0.181990 0.305359
0.766381 -0.197563 0.226184
0.761404 -0.234841 0.174823
0.720934 -0.303161 0.135799
0.702460 -0.357124 0.089670
0.663421 -0.423608 0.051975
0.640698 -0.496378 0.033741
0.611566 -0.569924 0.087074
0.598091 -0.607124 0.132659
0.566119 -0.593388 0.204911
0.539147 -0.583661 0.259592
0.518559 -0.554170 0.323592
0.512879 -0.577608 0.379723
0.474521 -0.546901 0.428629
0.464591 -0.559008 0.488684
0.399262 -0.546073 0.518873
0.365176 -0.595406 0.558179
0.312981 -0.625310 0.577681
0.269306 -0.634598 0.617308
0.257240 -0.703720 0.645283
0.230608 -0.775274 0.651260
0.166347 -0.808413 0.655990
0.142192 -0.886822 0.649067
0.112015 -0.952297 0.630833
0.025734 -0.951495 0.616986
-0.033188 -0.929688 0.567618
-0.064796 -0.898153 0.505972
-0.093564 -0.848018 0.459281
-0.117878 -0.753855 0.439940
-0.133511 -0.681084 0.419512
-0.142192 -0.586921 0.445595
-0.173436 -0.509701 0.446380
-0.200432 -0.437759 0.472966
-0.271079 -0.398334 0.500639
-0.345475 -0.370654 0.499069
-0.403102 -0.335084 0.524226
-0.475953 -0.358521 0.547794
-0.562756 -0.365998 0.531452
-0.612112 -0.434525 0.505047
-0.672124 -0.489083 0.513520
-0.706391 -0.552954 0.478782
-0.766381 -0.604279 0.475160
-0.789809 -0.676247 0.445595
-0.823894 -0.740506 0.438370
-0.828870 -0.814880 0.423598
-0.846617 -0.869852 0.381756
-0.874317 -0.937759 0.370445
-0.872908 -1.000000 0.330355
-0.957757 -0.990299 0.332086
-0.982617 -0.907026 0.303225
-1.000000 -0.856116 0.256775
-0.973027 -0.782543 0.240654
-0.948532 -0.712619 0.274526
-0.913378 -0.649162 0.288916
-0.878589 -0.612790 0.341826
-0.886383 -0.563069 0.395281
-0.854797 -0.497180 0.431286
-0.850185 -0.465232 0.496554
-0.835619 -0.405629 0.545922
-0.808987 -0.394298 0.611633
-0.786627 -0.352882 0.664463
-0.736568 -0.346803 0.716367
-0.715958 -0.325590 0.775155
-0.666784 -0.317907 0.822028
-0.633767 -0.341758 0.880513
-0.641766 -0.356297 0.945922
-0.607862 -0.416727 0.983658
-0.568619 -0.494749 1.000000
-0.513674 -0.561853 0.982390
-0.457933 -0.628544 0.973595
-0.429961 -0.694433 0.924528
-0.404715 -0.722320 0.856604
-0.369380 -0.725554 0.793711
-0.344180 -0.684318 0.730516
-0.316435 -0.654801 0.676740
-0.328683 -0.610358 0.610707
-0.351565 -0.558620 0.551577
-0.416372 -0.516970 0.514465
-0.424257 -0.440992 0.480030
-0.490950 -0.423608 0.442455
-0.537102 -0.346208 0.440564
-0.585480 -0.272429 0.435069
-0.641766 -0.205039 0.455356
-0.676192 -0.133589 0.497801
-0.672306 -0.043279 0.518249
-0.660762 0.037303 0.524528
-0.650287 0.108030 0.543708
-0.636607 0.153689 0.602838
-0.639107 0.236057 0.617610
-0.636426 0.229796 0.694028
-0.563552 0.228166 0.726430
-0.535875 0.275455 0.765736
-0.485497 0.271032 0.815104
-0.440323 0.225942 0.861011
-0.373289 0.172599 0.870450
-0.296643 0.155629 0.872342
-0.226086 0.138142 0.877998
-0.152485 0.102364 0.852840
-0.079180 0.115816 0.810697
-0.013668 0.129036 0.784594
0.015441 0.083971 0.723593
0.018645 0.138038 0.660377
0.047049 0.215646 0.652830
0.115923 0.205945 0.617308
0.170255 0.145514 0.585852
0.193683 0.206152 0.532076
0.223496 0.286579 0.520443
0.237357 0.366204 0.498747
0.224223 0.443424 0.458818
0.220656 0.521032 0.440564
0.212498 0.581643 0.384916
0.196160 0.642695 0.330355
0.201136 0.710989 0.276176
0.209294 0.746973 0.216624
0.206113 0.755872 0.142279
0.203977 0.795478 0.087940
0.192615 0.772429 0.017922
0.183389 0.770825 -0.043240
0.169528 0.721104 -0.100619
0.151077 0.689983 -0.156448
0.105266 0.620447 -0.187099
0.031415 0.666132 -0.198430
