-0.326030 1.000000 0.941032
-0.342803 0.944328 0.976936
-0.360567 0.864064 0.983158
-0.392608 0.795523 1.000000
-0.469574 0.727695 0.993426
-0.495816 0.656105 0.990502
-0.519306 0.593857 0.941120
-0.529105 0.515951 0.931204
-0.500037 0.461014 0.884747
-0.450745 0.392365 0.854406
-0.417419 0.330983 0.827934
-0.356676 0.294236 0.765228
-0.302650 0.255196 0.718397
-0.263635 0.234930 0.652548
-0.215665 0.182459 0.621173
-0.179109 0.156051 0.562557
-0.183990 0.106910 0.517331
-0.131836 0.071504 0.470368
-0.152940 0.029220 0.419051
-0.110695 -0.013626 0.376332
-0.120054 -0.043603 0.317848
-0.119834 -0.100032 0.287000
-0.109007 -0.125360 0.227417
-0.111392 -0.168422 0.181817
-0.083131 -0.189013 0.124410
-0.118293 -0.207786 0.065992
-0.113264 -0.251671 0.021953
-0.139433 -0.273775 -0.033958
-0.175732 -0.316860 -0.071995
-0.171658 -0.347832 -0.124894
-0.219408 -0.374565 -0.172011
-0.172209 -0.429069 -0.191095
-0.105850 -0.453185 -0.234409
-0.092564 -0.482967 -0.291925
-0.076085 -0.545517 -0.326114
-0.051200 -0.606013 -0.353795
-0.098143 -0.665059 -0.392426
-0.133377 -0.713248 -0.431254
-0.151252 -0.681670 -0.496136
-0.093812 -0.629696 -0.518166
-0.053256 -0.573332 -0.561524
0.066395 -0.539613 -0.576343
0.171475 -0.505331 -0.563305
0.292080 -0.489651 -0.557500
0.373706 -0.444923 -0.530809
0.469904 -0.412869 -0.521025
0.522315 -0.361869 -0.486330
0.611576 -0.352136 -0.533337
0.557256 -0.356829 -0.599450
0.448213 -0.361674 -0.620799
0.406628 -0.430864 -0.633002
0.352088 -0.491662 -0.654285
0.322066 -0.551314 -0.671236
0.336893 -0.594874 -0.737394
0.290465 -0.630778 -0.803661
0.297255 -0.673883 -0.872193
0.337481 -0.699946 -0.933623
0.456507 -0.712469 -0.906535
0.572451 -0.739029 -0.899522
0.677200 -0.759468 -0.899896
0.790465 -0.775192 -0.920211
0.809917 -0.799200 -0.845787
0.788630 -0.848686 -0.803925
0.680357 -0.872499 -0.822591
0.593078 -0.841916 -0.857747
0.510974 -0.801860 -0.827384
0.465279 -0.744912 -0.807442
0.471739 -0.680502 -0.783213
0.506056 -0.625479 -0.735789
0.482897 -0.549778 -0.718859
0.470271 -0.475700 -0.727346
0.393893 -0.413129 -0.729171
0.332049 -0.354277 -0.731061
0.223519 -0.369525 -0.738009
0.109264 -0.370758 -0.713054
0.054503 -0.408284 -0.770285
0.081884 -0.473364 -0.773539
0.058614 -0.540932 -0.774375
0.167511 -0.560160 -0.754037
0.139066 -0.546642 -0.682449
0.080305 -0.604845 -0.659495
0.057330 -0.643863 -0.594064
0.032152 -0.698432 -0.549101
0.009873 -0.735698 -0.491431
0.046392 -0.805234 -0.461089
0.083609 -0.870207 -0.451415
0.102364 -0.936953 -0.458737
0.067092 -1.000000 -0.450800
0.027857 -0.987196 -0.384840
0.004074 -0.918136 -0.370637
-0.013360 -0.858938 -0.330798
-0.103355 -0.821023 -0.377497
-0.208067 -0.797123 -0.381718
-0.275527 -0.747161 -0.391216
-0.246128 -0.702498 -0.335459
-0.146737 -0.703060 -0.303205
-0.047089 -0.683335 -0.281460
0.066652 -0.678707 -0.275238
0.167254 -0.689737 -0.241467
0.269397 -0.697415 -0.218073
0.299971 -0.759749 -0.252152
0.255230 -0.778999 -0.313340
0.227777 -0.809214 -0.374331
0.217206 -0.794398 -0.452251
0.177934 -0.767406 -0.515968
0.184578 -0.738315 -0.584873
0.116457 -0.723694 -0.643731
0.086141 -0.702952 -0.704568
-0.004111 -0.690689 -0.744143
0.037583 -0.708792 -0.808454
0.090142 -0.773591 -0.788512
0.102804 -0.806294 -0.727851
0.205498 -0.794679 -0.691376
0.295787 -0.789986 -0.645358
0.385268 -0.781010 -0.607695
0.510680 -0.803482 -0.615215
0.619651 -0.844685 -0.591205
0.746238 -0.867092 -0.609388
0.849299 -0.879550 -0.643577
0.864751 -0.814686 -0.682076
0.881194 -0.754688 -0.712989
0.867834 -0.693457 -0.740428
0.897746 -0.651844 -0.793151
0.959333 -0.601081 -0.751157
1.000000 -0.632940 -0.686605
0.993797 -0.692852 -0.656769
0.899104 -0.714935 -0.620821
0.789217 -0.738034 -0.625021
0.689679 -0.751552 -0.653911
0.576672 -0.732151 -0.680844
0.460178 -0.761696 -0.703227
0.375762 -0.806943 -0.734711
0.306283 -0.870899 -0.714681
0.210600 -0.903169 -0.741087
0.076195 -0.904747 -0.732425
0.006166 -0.875873 -0.687022
0.081773 -0.890689 -0.632804
0.158665 -0.943030 -0.650327
0.264149 -0.974521 -0.609696
0.344858 -0.968660 -0.550377
0.424172 -0.940348 -0.506162
0.446084 -0.883681 -0.548859
0.350584 -0.846610 -0.520783
0.389709 -0.822861 -0.455549
0.370073 -0.766692 -0.404672
0.382625 -0.722851 -0.352630
0.351905 -0.671612 -0.310922
0.395801 -0.607916 -0.285593
0.344564 -0.570931 -0.223657
0.279784 -0.542360 -0.171330
0.212435 -0.588450 -0.133271
0.126661 -0.629545 -0.163107
0.112530 -0.589402 -0.230253
0.090656 -0.552547 -0.285703
0.082691 -0.488591 -0.307954
0.079865 -0.434952 -0.345243
0.183990 -0.404282 -0.348804
0.270829 -0.445009 -0.329742
0.358511 -0.486450 -0.328137
0.414923 -0.545561 -0.368153
0.448139 -0.617476 -0.385016
0.502459 -0.677517 -0.416149
0.534794 -0.746880 -0.405903
0.558761 -0.809106 -0.419711
0.568744 -0.873754 -0.402320
0.664685 -0.893976 -0.438048
0.737062 -0.830215 -0.429957
0.721097 -0.766887 -0.402693
0.686046 -0.715302 -0.443126
0.646847 -0.654742 -0.474127
0.602180 -0.607938 -0.511680
0.661528 -0.561544 -0.565943
0.730749 -0.499189 -0.585973
0.824121 -0.457164 -0.620118
0.811936 -0.436379 -0.695245
0.796998 -0.474121 -0.749332
0.770792 -0.481129 -0.825229
0.736879 -0.491468 -0.890771
0.710123 -0.502801 -0.959963
0.666557 -0.548697 -1.000000
0.548301 -0.529772 -0.983730
0.571607 -0.493695 -0.917375
0.599574 -0.432075 -0.903655
0.599721 -0.424678 -0.831584
0.607465 -0.477733 -0.791172
0.641452 -0.516167 -0.735635
0.673677 -0.561068 -0.689551
0.658115 -0.623662 -0.652460
0.709205 -0.656472 -0.584675
0.788079 -0.677798 -0.530831
0.830801 -0.669320 -0.459111
0.864787 -0.676198 -0.391942
0.822653 -0.606597 -0.369824
0.784592 -0.548632 -0.345133
0.741980 -0.480545 -0.380707
0.700323 -0.445593 -0.436816
0.678412 -0.497415 -0.482724
0.587132 -0.523737 -0.435057
0.495119 -0.477431 -0.438905
0.365411 -0.475138 -0.435255
0.238530 -0.467460 -0.459484
0.127138 -0.456927 -0.471445
0.056632 -0.437136 -0.537229
-0.037877 -0.445117 -0.574672
-0.132276 -0.488029 -0.544968
-0.194634 -0.541776 -0.514429
-0.247486 -0.558603 -0.449942
-0.295860 -0.593749 -0.399044
-0.344087 -0.607894 -0.341153
-0.365632 -0.644425 -0.289881
-0.413052 -0.686731 -0.250129
-0.466747 -0.711171 -0.200044
-0.481759 -0.750990 -0.151916
-0.532665 -0.778177 -0.104139
-0.559495 -0.782308 -0.043324
-0.566175 -0.808543 0.014676
-0.700947 -0.797102 0.025801
-0.768553 -0.855802 0.050404
-0.831902 -0.853769 0.106601
-0.929531 -0.888288 0.123509
-1.000000 -0.921077 0.168120
