0.201583 0.623481 -0.750159
0.144056 0.569175 -0.726639
0.130475 0.507292 -0.672904
0.083110 0.461026 -0.638895
0.060946 0.412452 -0.577305
0.012576 0.375924 -0.532854
-0.019630 0.336604 -0.484363
-0.019056 0.266731 -0.435849
-0.055997 0.241764 -0.379124
-0.076750 0.185297 -0.335409
-0.143195 0.177986 -0.295464
-0.156417 0.099880 -0.267414
-0.190680 0.062891 -0.217540
-0.216239 -0.007128 -0.204418
-0.250478 -0.059272 -0.166126
-0.253132 -0.131623 -0.137049
-0.339112 -0.136067 -0.152112
-0.357211 -0.192996 -0.208435
-0.398384 -0.256822 -0.229054
-0.386644 -0.246233 -0.311464
-0.339231 -0.292280 -0.369596
-0.325220 -0.342749 -0.425450
-0.256719 -0.335657 -0.481953
-0.179849 -0.365141 -0.495074
-0.117851 -0.401790 -0.516363
-0.035865 -0.433339 -0.496703
-0.005188 -0.503115 -0.457071
0.036582 -0.565362 -0.434421
0.061831 -0.633924 -0.401707
0.117277 -0.683105 -0.378098
0.123733 -0.739135 -0.324162
0.118473 -0.807308 -0.287431
0.147045 -0.854716 -0.222784
0.117062 -0.896441 -0.154365
0.090833 -0.944577 -0.101211
0.131599 -0.976417 -0.033417
0.139561 -1.000000 0.036854
0.187476 -0.990722 0.101188
0.235845 -0.964784 0.156575
0.302219 -0.953418 0.201495
0.392669 -0.949969 0.206940
0.469874 -0.929689 0.200201
0.541053 -0.907127 0.162756
0.606183 -0.893963 0.121830
0.641569 -0.883860 0.053992
0.691086 -0.877351 -0.003180
0.694099 -0.851826 -0.083225
0.736515 -0.835238 -0.144480
0.723125 -0.812967 -0.216045
0.736491 -0.756888 -0.281852
0.743449 -0.699571 -0.332351
0.767645 -0.614519 -0.350806
0.804801 -0.554287 -0.383944
0.793946 -0.463357 -0.385082
0.790360 -0.386295 -0.361897
0.771399 -0.320890 -0.331280
0.714351 -0.285674 -0.276296
0.670715 -0.253591 -0.224212
0.619118 -0.296045 -0.186990
0.603051 -0.262189 -0.117233
0.520515 -0.240379 -0.125579
0.481422 -0.310763 -0.110962
0.451152 -0.303404 -0.049350
0.397523 -0.317684 -0.008156
0.366966 -0.285844 0.046717
0.317808 -0.280088 0.094918
0.287036 -0.230640 0.133768
0.277090 -0.192364 0.194243
0.198666 -0.220828 0.189958
0.185683 -0.288856 0.216335
0.134133 -0.291309 0.268798
0.084114 -0.241788 0.301132
0.037108 -0.311346 0.313741
-0.002511 -0.356738 0.346120
-0.051310 -0.408493 0.341724
-0.108694 -0.431711 0.372563
-0.160267 -0.478391 0.387381
-0.226138 -0.491700 0.411548
-0.202061 -0.497456 0.477400
-0.181499 -0.425567 0.484363
-0.246700 -0.396617 0.473718
-0.280891 -0.430788 0.526226
-0.238045 -0.404340 0.575810
-0.250048 -0.331844 0.564519
-0.322255 -0.332257 0.573980
-0.321538 -0.356592 0.638962
-0.281083 -0.299882 0.663442
-0.326631 -0.244702 0.644206
-0.385209 -0.265832 0.679554
-0.353433 -0.260416 0.741300
-0.334880 -0.187725 0.736100
-0.404242 -0.161593 0.726036
-0.436424 -0.185952 0.784681
-0.395778 -0.144786 0.826589
-0.420213 -0.077876 0.800212
-0.495170 -0.083486 0.810722
-0.494477 -0.079503 0.879185
-0.474919 -0.005380 0.881863
-0.538590 0.021627 0.850310
-0.591933 -0.006667 0.895052
-0.574885 0.031779 0.955102
-0.596332 0.106947 0.930934
-0.678127 0.098471 0.922232
-0.705026 0.093978 0.994153
-0.746390 0.172012 1.000000
-0.822207 0.202443 0.984201
-0.895108 0.236129 0.976792
-0.915407 0.321935 0.954544
-0.942449 0.388894 0.925222
-0.955767 0.450145 0.862739
-0.979629 0.505665 0.815542
-1.000000 0.559120 0.758349
-0.975469 0.606261 0.698923
-0.970209 0.636644 0.619972
-0.964398 0.672953 0.552201
-0.928606 0.748024 0.523280
-0.887385 0.791133 0.474722
-0.857426 0.847746 0.444128
-0.790336 0.908123 0.440402
-0.733215 0.956454 0.442923
-0.646399 0.969326 0.462895
-0.572925 0.991742 0.484541
-0.506169 1.000000 0.533322
-0.464661 0.977122 0.604418
-0.415790 0.979915 0.658399
-0.390063 0.934935 0.728781
-0.343057 0.883083 0.780731
-0.290264 0.869847 0.831944
-0.305853 0.810101 0.893378
-0.304060 0.748339 0.938410
-0.281991 0.661538 0.948653
-0.262553 0.601549 0.983978
-0.259038 0.514117 0.965969
-0.216096 0.445045 0.960257
-0.185731 0.373836 0.951353
-0.230537 0.315499 0.910003
-0.178534 0.279700 0.852452
-0.167296 0.204532 0.825741
-0.231327 0.219274 0.771738
-0.220161 0.254757 0.710170
-0.209114 0.263622 0.646572
-0.160841 0.293082 0.602477
-0.232713 0.294928 0.556887
-0.284454 0.308917 0.507570
-0.309081 0.310350 0.444084
-0.270132 0.371310 0.428151
-0.204093 0.337138 0.433372
-0.214231 0.285359 0.385841
-0.223245 0.331504 0.333378
-0.156083 0.362980 0.336413
-0.117851 0.299979 0.327018
-0.145156 0.280356 0.266209
-0.127200 0.342093 0.232602
-0.054466 0.335973 0.242064
-0.044281 0.268188 0.214683
-0.068740 0.286597 0.152424
-0.021423 0.342360 0.139749
0.040694 0.303040 0.146064
0.024747 0.254879 0.094516
0.018291 0.305007 0.043905
0.084497 0.334540 0.049640
0.122752 0.272851 0.036764
0.096834 0.261655 -0.026611
0.120457 0.327642 -0.051671
0.191995 0.317612 -0.039420
0.201129 0.256093 -0.076775
0.180973 0.288419 -0.136134
0.231685 0.343404 -0.137517
0.290097 0.300198 -0.136692
0.276946 0.261922 -0.193506
0.271471 0.318705 -0.236240
0.339446 0.345469 -0.226042
0.376052 0.285674 -0.244831
0.348341 0.281788 -0.309702
0.373207 0.349087 -0.329875
0.444601 0.334127 -0.319386
0.451463 0.277004 -0.361986
0.433746 0.317029 -0.418220
0.488165 0.365894 -0.415007
0.544353 0.318097 -0.416725
0.526540 0.288176 -0.477356
0.532278 0.352075 -0.514310
0.601855 0.366817 -0.499470
0.629758 0.302432 -0.521584
0.607450 0.307630 -0.585584
0.642717 0.370946 -0.600312
0.709903 0.346319 -0.586656
0.708851 0.288225 -0.631420
0.700005 0.331747 -0.687810
0.762768 0.369148 -0.680647
0.809009 0.310544 -0.676965
0.790097 0.280938 -0.739336
0.805901 0.345857 -0.778745
0.872729 0.379567 -0.737908
0.930399 0.336847 -0.713026
0.966144 0.339203 -0.782070
0.969898 0.416994 -0.793027
0.990723 0.483248 -0.798538
0.981422 0.552514 -0.810031
0.975158 0.598878 -0.862449
1.000000 0.671520 -0.879186
0.954882 0.666735 -0.948921
0.923441 0.716912 -1.000000
