0.807549 0.867715 0.907856
0.809615 0.781250 0.912066
0.799058 0.696715 0.919067
0.804643 0.610199 0.945508
0.800216 0.526668 0.981619
0.804257 0.446715 0.999591
0.795993 0.352142 1.000000
0.799081 0.260554 0.980777
0.829684 0.180009 0.975100
0.829343 0.095269 0.966487
0.838470 0.013437 0.918658
0.863693 -0.063736 0.883220
0.874953 -0.148244 0.859258
0.855293 -0.243745 0.852474
0.835927 -0.328485 0.826515
0.799943 -0.400510 0.792159
0.780010 -0.478763 0.771132
0.750951 -0.553053 0.726191
0.731494 -0.624949 0.687890
0.679414 -0.682892 0.659285
0.642204 -0.730359 0.591151
0.614371 -0.785729 0.541663
0.564788 -0.810878 0.475695
0.534934 -0.849696 0.412710
0.496248 -0.877420 0.352636
0.451478 -0.896031 0.284936
0.426732 -0.941747 0.227797
0.394358 -0.944785 0.147081
0.361825 -1.000000 0.098579
0.316715 -0.975958 0.028160
0.274488 -0.984478 -0.035931
0.226562 -0.946329 -0.088932
0.197639 -0.886120 -0.147081
0.167376 -0.847508 -0.200082
0.153459 -0.765033 -0.214372
0.130257 -0.710281 -0.257317
0.129122 -0.634782 -0.272738
0.087190 -0.571690 -0.270405
0.105352 -0.502497 -0.298625
0.083058 -0.434540 -0.313036
0.091231 -0.372838 -0.350134
0.078858 -0.298265 -0.349460
0.051955 -0.299166 -0.420433
-0.015404 -0.328820 -0.391924
-0.045644 -0.265702 -0.360840
-0.082377 -0.196999 -0.364906
-0.014904 -0.160446 -0.332211
0.037471 -0.149943 -0.378186
0.073977 -0.119800 -0.430874
0.052477 -0.172776 -0.481084
-0.016789 -0.160266 -0.479328
-0.012748 -0.082604 -0.497949
0.024939 -0.096273 -0.563340
-0.018514 -0.149223 -0.605707
-0.078449 -0.140625 -0.638859
-0.131687 -0.203074 -0.635972
-0.191872 -0.226189 -0.657865
-0.242023 -0.277440 -0.667224
-0.292650 -0.314379 -0.701579
-0.359510 -0.321870 -0.729559
-0.412748 -0.359607 -0.756673
-0.463806 -0.389235 -0.801686
-0.529712 -0.412943 -0.819514
-0.588808 -0.454824 -0.848408
-0.646654 -0.487902 -0.887383
-0.715058 -0.526205 -0.904368
-0.763437 -0.602965 -0.908458
-0.827731 -0.643328 -0.879924
-0.888575 -0.677101 -0.835031
-0.925626 -0.691155 -0.765551
-0.981384 -0.691593 -0.698692
-0.997548 -0.679469 -0.620142
-1.000000 -0.655143 -0.534831
-0.996799 -0.613391 -0.463545
-0.996095 -0.585307 -0.394642
-0.955616 -0.552821 -0.319412
-0.956365 -0.517813 -0.241294
-0.929712 -0.493565 -0.163080
-0.924559 -0.470732 -0.086646
-0.881174 -0.460667 -0.013340
-0.864169 -0.423986 0.068771
-0.828594 -0.397575 0.134715
-0.789772 -0.344316 0.196906
-0.775629 -0.304623 0.264246
-0.754197 -0.222843 0.307190
-0.750973 -0.173703 0.368274
-0.737942 -0.082166 0.395580
-0.726795 -0.008006 0.429407
-0.705182 0.086053 0.427602
-0.692332 0.167370 0.400440
-0.696328 0.247941 0.387377
-0.663250 0.331806 0.367192
-0.613145 0.405709 0.348306
-0.575413 0.485070 0.331729
-0.507691 0.543966 0.336926
-0.445576 0.586002 0.309115
-0.408230 0.641500 0.245913
-0.363278 0.687474 0.200852
-0.314604 0.739472 0.176192
-0.255713 0.796231 0.173906
-0.212260 0.852451 0.146456
-0.140723 0.878501 0.123600
-0.094886 0.925324 0.087296
-0.042011 0.937886 0.027222
0.002668 0.983062 -0.015891
0.047460 1.000000 -0.071971
0.103195 0.972894 -0.130649
0.142426 0.964606 -0.197339
0.157591 0.900098 -0.259867
0.172144 0.875180 -0.333967
0.172030 0.780606 -0.348787
0.108508 0.728197 -0.384465
0.092956 0.729407 -0.472303
0.122720 0.671103 -0.529057
0.073636 0.608011 -0.548712
0.019558 0.669352 -0.582971
0.034020 0.712572 -0.661763
0.013542 0.703460 -0.742262
-0.017583 0.731466 -0.806835
0.002736 0.670511 -0.871287
-0.014745 0.615321 -0.924264
-0.058448 0.540028 -0.903213
-0.095295 0.474593 -0.903309
-0.119269 0.408309 -0.873501
-0.145604 0.338164 -0.864527
-0.184698 0.283387 -0.830773
-0.187059 0.262382 -0.757227
-0.215960 0.201349 -0.729800
-0.198116 0.215970 -0.644104
-0.208741 0.221504 -0.577197
-0.211692 0.198260 -0.513250
-0.250355 0.174089 -0.465374
-0.257574 0.190924 -0.400440
-0.248334 0.163046 -0.339597
-0.273057 0.121525 -0.285321
-0.277757 0.141758 -0.221157
-0.309745 0.126956 -0.166208
-0.328430 0.156301 -0.107240
-0.314558 0.152955 -0.040743
-0.339418 0.162119 0.020943
-0.333243 0.205364 0.084241
-0.341711 0.146777 0.139334
-0.285885 0.172647 0.180234
-0.249992 0.212572 0.225103
-0.197276 0.257208 0.237974
-0.133504 0.283129 0.259434
-0.081991 0.310415 0.306925
-0.022646 0.345809 0.329011
0.031704 0.380586 0.364521
0.077905 0.432789 0.392573
0.140496 0.456677 0.412734
0.142426 0.416752 0.476754
0.140110 0.345269 0.446873
0.197707 0.350366 0.405228
0.243181 0.362541 0.460683
0.229604 0.294764 0.496987
0.244566 0.245418 0.442350
0.311675 0.269898 0.434218
0.332471 0.253398 0.502664
0.317737 0.175479 0.499898
0.357421 0.156404 0.441027
0.419309 0.173033 0.473000
0.409910 0.114189 0.526121
0.353017 0.059952 0.485270
0.319099 0.005406 0.437827
0.290289 -0.035034 0.509617
0.234917 -0.056502 0.559899
0.191668 -0.081600 0.613069
0.137340 -0.071638 0.656975
0.163812 -0.014724 0.700232
0.177842 0.038277 0.647472
0.111346 0.044584 0.622572
0.082105 0.073028 0.682886
0.120586 0.137974 0.691451
0.111981 0.169970 0.623943
0.042761 0.178388 0.623438
0.040309 0.230694 0.678965
0.078109 0.291160 0.649228
0.029411 0.296643 0.584824
-0.029865 0.260194 0.568897
-0.026120 0.172519 0.548063
-0.015767 0.094651 0.529682
0.016130 0.030195 0.508655
0.000715 0.041341 0.435975
0.040422 0.104793 0.425172
0.099472 0.068935 0.442735
0.097542 0.011841 0.392621
0.095658 0.059282 0.333053
0.153845 0.098975 0.344529
0.197707 0.037042 0.343374
0.182246 0.014055 0.274831
0.198865 0.081291 0.240524
0.265497 0.086568 0.264294
0.286157 0.019152 0.230973
0.268880 0.039848 0.162671
0.312674 0.102348 0.161083
0.372246 0.064276 0.173160
0.369022 0.017684 0.113856
0.365844 0.073517 0.061794
0.427073 0.106698 0.078226
0.466984 0.043142 0.065162
0.447869 0.033387 -0.005690
0.466984 0.105102 -0.030783
0.535252 0.096710 -0.014784
0.545650 0.033129 -0.057873
0.526284 0.068601 -0.121435
0.574369 0.124459 -0.121315
0.628174 0.074187 -0.122277
0.609354 0.036244 -0.185815
0.611783 0.104072 -0.227412
0.679414 0.125129 -0.210860
0.710494 0.052100 -0.233740
0.701322 0.063144 -0.308224
0.716329 0.082784 -0.373976
0.706158 0.124022 -0.434290
0.687519 0.108809 -0.499994
0.650582 0.124665 -0.557470
0.590033 0.120444 -0.594904
0.617640 0.136326 -0.675693
0.606243 0.048909 -0.705549
0.543470 0.029860 -0.745125
0.520745 -0.008392 -0.805175
0.471003 -0.039796 -0.855866
0.496816 -0.125386 -0.881729
0.479970 -0.192442 -0.923831
0.531460 -0.232084 -0.973752
0.564402 -0.294867 -1.000000
0.608105 -0.373481 -0.983087
0.643953 -0.444888 -0.998003
0.712787 -0.476498 -0.979815
0.751927 -0.541778 -0.932372
0.789114 -0.612438 -0.930351
0.833680 -0.656379 -0.865754
0.851592 -0.698028 -0.799569
0.844055 -0.776900 -0.750394
0.842806 -0.845320 -0.712334
0.862467 -0.861666 -0.630511
0.832794 -0.854175 -0.546162
0.825075 -0.890162 -0.475623
0.821148 -0.865913 -0.398179
0.818741 -0.817417 -0.323718
0.843669 -0.747966 -0.282289
0.828185 -0.659957 -0.270453
0.829139 -0.594548 -0.230828
0.832885 -0.518354 -0.216177
0.871071 -0.457501 -0.197147
0.875861 -0.382980 -0.174580
0.904489 -0.314250 -0.152109
0.934321 -0.261532 -0.105508
0.950667 -0.190151 -0.076806
0.984517 -0.137974 -0.033213
1.000000 -0.084303 0.017310
0.980589 0.002291 0.025514
0.995709 0.072771 0.048634
0.952551 0.156121 0.058715
0.912072 0.221376 0.084409
0.879653 0.287454 0.103367
0.817561 0.343364 0.114145
0.776537 0.399840 0.138180
0.704024 0.432558 0.114843
0.650604 0.485919 0.118476
0.588535 0.516655 0.088355
0.511164 0.513308 0.056621
0.452773 0.567082 0.062780
0.387820 0.580931 0.015818
0.326886 0.629428 0.022362
0.269312 0.649789 -0.029869
