-0.862853 0.464215 0.543767
-0.776752 0.378660 0.510790
-0.773883 0.290749 0.435902
-0.739909 0.307424 0.348797
-0.652246 0.281544 0.305453
-0.568474 0.236588 0.265574
-0.494787 0.210174 0.230565
-0.410959 0.240412 0.196572
-0.371843 0.228406 0.116214
-0.288953 0.224048 0.070317
-0.265006 0.234853 -0.016371
-0.189217 0.228761 -0.076751
-0.170440 0.235520 -0.163257
-0.099423 0.206528 -0.220484
-0.085021 0.227383 -0.306261
-0.033293 0.199591 -0.377685
-0.030196 0.270961 -0.449942
0.026390 0.324633 -0.499798
-0.008891 0.482447 -0.481278
-0.038633 0.513485 -0.392350
-0.074141 0.516508 -0.308397
-0.152487 0.465327 -0.260781
-0.205948 0.479245 -0.186205
-0.268386 0.432866 -0.121580
-0.328438 0.476221 -0.058152
-0.379257 0.425751 0.013428
-0.453910 0.464482 0.069509
-0.504105 0.447273 0.143278
-0.585888 0.518954 0.180917
-0.661137 0.450653 0.195374
-0.662245 0.381951 0.118428
-0.603443 0.454832 0.060028
-0.550834 0.470263 -0.010823
-0.458967 0.523934 -0.031479
-0.405363 0.563243 -0.103971
-0.317331 0.611713 -0.126294
-0.258671 0.661783 -0.184355
-0.163026 0.681348 -0.201573
-0.097435 0.739244 -0.247757
-0.008891 0.721013 -0.269950
0.018180 0.845566 -0.337597
-0.051729 0.900438 -0.386437
-0.143255 0.886742 -0.346349
-0.229583 0.903417 -0.337805
-0.296083 0.914000 -0.277582
-0.382439 0.865531 -0.246246
-0.457007 0.873002 -0.196286
-0.527853 0.785268 -0.153436
-0.607874 0.751429 -0.115015
-0.652927 0.646219 -0.069692
-0.720620 0.559775 -0.029916
-0.727040 0.465682 0.042133
-0.788285 0.494986 0.098501
-0.772093 0.634169 0.105612
-0.682669 0.656046 0.069301
-0.614095 0.722080 0.037236
-0.540522 0.694422 -0.018716
-0.452461 0.716166 -0.050624
-0.396955 0.692954 -0.123663
-0.313894 0.668542 -0.165705
-0.275261 0.659515 -0.245412
-0.199074 0.619628 -0.295373
-0.135841 0.641061 -0.361821
-0.055478 0.574583 -0.397038
0.011959 0.632168 -0.449734
0.109167 0.638082 -0.412094
0.179303 0.589879 -0.345541
0.247223 0.547324 -0.298733
0.239213 0.572937 -0.204465
0.225464 0.509038 -0.121085
0.292503 0.506859 -0.071411
0.241883 0.621851 -0.020044
0.167770 0.580408 0.026973
0.217027 0.528781 0.095453
0.210380 0.659204 0.150389
0.132261 0.764280 0.162397
0.039258 0.751784 0.206366
-0.005568 0.797630 0.277582
-0.094339 0.817774 0.320717
-0.198534 0.788603 0.319102
-0.262648 0.658670 0.312174
-0.288385 0.518065 0.291622
-0.242678 0.421393 0.223844
-0.210948 0.320453 0.170133
-0.151379 0.266781 0.100533
-0.150697 0.208084 0.018325
-0.093657 0.159259 -0.046587
-0.093657 0.107144 -0.134864
-0.065477 0.044267 -0.205637
-0.088572 0.018565 -0.287037
-0.052609 -0.072771 -0.348198
-0.146919 -0.144363 -0.370157
-0.225719 -0.214176 -0.387453
-0.219612 -0.281588 -0.314310
-0.226259 -0.160682 -0.265860
-0.306423 -0.126620 -0.294565
-0.352896 -0.244770 -0.276149
-0.334233 -0.241257 -0.195452
-0.367582 -0.111012 -0.182688
-0.447803 -0.139827 -0.213686
-0.462944 -0.244770 -0.162788
-0.452575 -0.165529 -0.094255
-0.513877 -0.070369 -0.116214
-0.580576 -0.164862 -0.131634
-0.576797 -0.213509 -0.052552
-0.597875 -0.086689 -0.022987
-0.679772 -0.078018 -0.069640
-0.711729 -0.202392 -0.034397
-0.716388 -0.138804 0.045597
-0.796069 -0.107188 0.076829
-0.782519 -0.115192 0.166460
-0.758998 -0.180159 0.224860
-0.761441 -0.328813 0.192118
-0.693322 -0.403873 0.134916
-0.632957 -0.490718 0.133093
-0.618072 -0.618561 0.122101
-0.632048 -0.677613 0.212253
-0.718604 -0.682460 0.248668
-0.789847 -0.756809 0.238926
-0.864642 -0.794339 0.267006
-0.872170 -0.747115 0.360206
-0.919666 -0.646353 0.417590
-0.980485 -0.596327 0.462758
-1.000000 -0.507393 0.533583
-0.944096 -0.472664 0.609278
-0.923217 -0.402495 0.674008
-0.857967 -0.313560 0.714304
-0.861091 -0.248905 0.793256
-0.845553 -0.166952 0.850223
-0.805159 -0.137070 0.915344
-0.805613 -0.096071 1.000000
-0.726614 0.011984 0.988617
-0.671562 0.111324 0.968273
-0.595006 0.126265 0.913729
-0.523762 0.127643 0.840455
-0.435645 0.155791 0.813600
-0.362015 0.163083 0.776976
-0.310655 0.056807 0.723239
-0.263870 -0.001934 0.655696
-0.232253 -0.042577 0.565335
-0.197739 -0.063744 0.492479
-0.202852 -0.140538 0.414751
-0.164901 -0.177357 0.350438
-0.144931 -0.267670 0.294878
-0.111638 -0.389288 0.277790
-0.096327 -0.492807 0.224053
-0.110076 -0.619939 0.215926
-0.092322 -0.723459 0.273518
-0.127716 -0.843653 0.298134
-0.086129 -0.938858 0.356950
-0.094339 -0.997199 0.439158
-0.085021 -1.000000 0.531551
-0.082578 -0.965271 0.623943
-0.062807 -0.906886 0.705735
-0.025765 -0.788781 0.763952
-0.016220 -0.675523 0.819304
0.018635 -0.534473 0.846160
0.062125 -0.392756 0.853479
0.113627 -0.258643 0.843711
0.181093 -0.166952 0.798127
0.243218 -0.108567 0.735455
0.306707 -0.081486 0.677264
0.358634 -0.147120 0.611310
0.383036 -0.239211 0.547831
0.399909 -0.299642 0.461950
0.458484 -0.367721 0.428166
0.460699 -0.494186 0.365077
0.506860 -0.591480 0.300582
0.548163 -0.681793 0.241349
0.577451 -0.737377 0.156302
0.637815 -0.823510 0.114781
0.626282 -0.874914 0.033693
0.589864 -0.852013 -0.054167
0.616510 -0.886031 -0.126607
0.593415 -0.826978 -0.206548
0.629804 -0.821420 -0.279822
0.641366 -0.740134 -0.356950
0.641366 -0.612291 -0.409229
0.678635 -0.454566 -0.392949
0.751442 -0.378171 -0.387270
0.803823 -0.266292 -0.398054
0.849956 -0.144007 -0.436110
0.867738 -0.005758 -0.467238
0.857058 0.141917 -0.500007
0.851746 0.216399 -0.555150
0.810925 0.178380 -0.637358
0.755873 0.114125 -0.703286
0.676874 0.050181 -0.750094
0.608499 0.002601 -0.805863
0.512655 -0.055428 -0.826624
0.420333 -0.067924 -0.861606
0.315570 -0.042577 -0.870176
0.238786 0.068591 -0.867311
0.222367 0.223203 -0.895000
0.193961 0.325700 -0.944231
0.198847 0.483025 -0.969081
0.221913 0.642795 -0.961735
0.274295 0.789092 -0.978015
0.339090 0.896125 -1.000000
0.429651 0.977766 -0.991039
0.534841 0.989906 -0.987783
0.620941 1.000000 -1.000000
0.710593 0.989194 -0.948711
0.799364 0.956200 -0.932848
0.874840 0.903417 -0.871791
0.943187 0.826089 -0.838840
1.000000 0.770861 -0.776950
0.986677 0.735242 -0.682135
