-1.000000 0.709998 0.773887
-0.940898 0.756132 0.772058
-0.923162 0.746632 0.840767
-0.917046 0.623608 0.839354
-0.872786 0.621584 0.787643
-0.830054 0.688546 0.821430
-0.822980 0.616406 0.878676
-0.804856 0.519388 0.841786
-0.754969 0.568130 0.810268
-0.724307 0.598497 0.869668
-0.720373 0.487230 0.896207
-0.687652 0.439461 0.842087
-0.638866 0.512847 0.847251
-0.623045 0.485284 0.914316
-0.613341 0.368489 0.903131
-0.568755 0.381959 0.853434
-0.527492 0.440941 0.894887
-0.518358 0.359573 0.944861
-0.496463 0.275130 0.900537
-0.446311 0.336097 0.876314
-0.418524 0.347466 0.940948
-0.412469 0.229775 0.954402
-0.376955 0.204547 0.897643
-0.329555 0.278245 0.912649
-0.317037 0.231994 0.978787
-0.304887 0.120182 0.955282
-0.258792 0.146850 0.911144
-0.220668 0.194931 0.960076
-0.212799 0.090828 1.000000
-0.193411 0.011057 0.949447
-0.146419 0.088570 0.917906
-0.097225 0.127774 0.956000
-0.060712 0.014950 0.932958
-0.061487 0.004828 0.856260
-0.029316 -0.033559 0.792275
-0.025524 -0.013938 0.717058
-0.005851 0.000273 0.649623
-0.019184 0.040100 0.585892
-0.085788 0.040995 0.579941
-0.110049 0.045278 0.658121
-0.159895 0.028965 0.718725
-0.205419 0.019661 0.771062
-0.255815 -0.065250 0.800334
-0.310412 -0.134587 0.823769
-0.351369 -0.225376 0.837710
-0.393285 -0.283734 0.877426
-0.347169 -0.292650 0.933861
-0.296650 -0.210659 0.940276
-0.244032 -0.213540 0.889097
-0.196245 -0.197267 0.841207
-0.179364 -0.159815 0.762285
-0.159263 -0.148914 0.688504
-0.173473 -0.075995 0.624010
-0.181179 0.009266 0.577555
-0.200546 0.113875 0.557756
-0.243074 0.186444 0.528160
-0.202340 0.305731 0.533370
-0.165134 0.403060 0.515701
-0.140364 0.507319 0.497221
-0.124075 0.595616 0.446181
-0.062608 0.601183 0.426868
-0.011743 0.633030 0.384257
0.033251 0.524371 0.374508
0.058735 0.448377 0.329813
0.074270 0.317800 0.305058
0.100650 0.203808 0.290515
0.103036 0.080316 0.280672
0.115635 -0.031184 0.256287
0.068684 -0.008020 0.200987
0.056268 0.108658 0.175281
0.020652 0.186872 0.221296
-0.011947 0.280814 0.253671
-0.025810 0.353305 0.318304
-0.034882 0.439539 0.366403
-0.004750 0.348789 0.425664
-0.002059 0.266371 0.477514
-0.061956 0.234408 0.477375
-0.064586 0.186678 0.412255
-0.022466 0.101261 0.422699
-0.051130 0.046368 0.479482
-0.105869 0.027875 0.446969
-0.082404 -0.044849 0.397226
-0.059204 -0.124659 0.442152
-0.116430 -0.152963 0.469293
-0.150456 -0.182551 0.410310
-0.103239 -0.264074 0.382057
-0.047828 -0.304135 0.409384
0.008032 -0.230826 0.395628
0.065442 -0.171066 0.384697
0.077083 -0.043604 0.398963
0.121567 0.058203 0.386689
0.164482 0.139843 0.369390
0.203992 0.202679 0.322982
0.174227 0.336214 0.325830
0.156042 0.451608 0.311889
0.102546 0.455501 0.258186
0.098469 0.401931 0.195359
0.111170 0.345636 0.139618
0.131965 0.319980 0.080242
0.130660 0.271782 0.021421
0.127418 0.187534 -0.017507
0.124401 0.147123 -0.074800
0.101955 0.070661 -0.113357
0.111720 -0.027953 -0.137835
0.092129 -0.098536 -0.178801
0.103749 -0.190999 -0.218864
0.105543 -0.102235 -0.278357
0.164747 -0.068053 -0.291209
0.215042 -0.064821 -0.331643
0.274001 -0.044071 -0.348131
0.327516 -0.009772 -0.376175
0.354305 -0.012575 -0.453569
0.381134 -0.044382 -0.520333
0.375711 -0.050339 -0.590037
0.394875 -0.031029 -0.654671
0.376058 0.083937 -0.655505
0.418340 0.120610 -0.604905
0.470408 0.087908 -0.637627
0.461051 0.146889 -0.699805
0.456464 0.255392 -0.668843
0.512956 0.259869 -0.640545
0.544841 0.244686 -0.699852
0.523333 0.339523 -0.735121
0.545575 0.422409 -0.688458
0.605003 0.395118 -0.694387
0.610752 0.415518 -0.763188
0.593688 0.530289 -0.763119
0.640191 0.565483 -0.720740
0.688569 0.528342 -0.761011
0.673238 0.591879 -0.819253
0.680516 0.701160 -0.786439
0.747467 0.681967 -0.778357
0.770953 0.701160 -0.842203
0.818475 0.748267 -0.885577
0.847485 0.777700 -0.945903
0.889401 0.827844 -0.986059
0.933763 0.928950 -0.993307
0.984506 1.000000 -1.000000
1.000000 0.977459 -0.919642
0.969725 0.848283 -0.908365
0.945587 0.748774 -0.887384
0.900573 0.673947 -0.866866
0.861369 0.575099 -0.849335
0.835008 0.460562 -0.828818
0.810299 0.374173 -0.788778
0.863856 0.347232 -0.752513
0.870278 0.455579 -0.719953
0.815845 0.448571 -0.684730
0.828342 0.347699 -0.649576
0.880512 0.382348 -0.615442
0.852990 0.467375 -0.578158
0.812073 0.395157 -0.543560
0.849769 0.319552 -0.513756
0.882775 0.402515 -0.475129
0.832827 0.449700 -0.436779
0.813154 0.330258 -0.406327
0.865405 0.285992 -0.375481
0.906322 0.253523 -0.319508
0.950501 0.159620 -0.350401
0.929747 0.056178 -0.389723
0.902183 0.058398 -0.455560
0.831278 0.076540 -0.435529
0.762146 0.058359 -0.422236
0.706571 0.066106 -0.382104
0.654604 0.120299 -0.360521
0.683187 0.225454 -0.340188
0.709833 0.255003 -0.403687
0.657764 0.249436 -0.442939
0.626735 0.332010 -0.405840
0.664798 0.423188 -0.419642
0.653891 0.421124 -0.488884
0.591629 0.440668 -0.484994
0.598296 0.548003 -0.444190
0.623249 0.636962 -0.483211
0.560478 0.637585 -0.523551
0.500377 0.655532 -0.515354
0.487880 0.694853 -0.582465
0.501886 0.583781 -0.614631
0.478400 0.498637 -0.556204
0.412448 0.485206 -0.552615
0.364519 0.409912 -0.520031
0.295060 0.396325 -0.516512
0.255265 0.310208 -0.479737
0.240974 0.379234 -0.414501
0.227844 0.461730 -0.362466
0.288190 0.442031 -0.327567
0.350187 0.444172 -0.310708
0.356955 0.329440 -0.288685
0.345457 0.278323 -0.352577
0.392795 0.335124 -0.385415
0.437850 0.285876 -0.345746
0.423315 0.173363 -0.361308
0.431612 0.181500 -0.430758
0.492406 0.202017 -0.428581
0.508124 0.099159 -0.397712
0.484047 0.024293 -0.446343
0.520051 0.068987 -0.500857
0.574361 0.036206 -0.472072
0.563658 -0.080044 -0.470891
0.552955 -0.089504 -0.541869
0.614238 -0.054349 -0.558659
0.642862 -0.143853 -0.527442
0.614931 -0.236627 -0.560257
0.636236 -0.206533 -0.627460
0.706917 -0.192634 -0.608911
0.725694 -0.291326 -0.572252
0.766998 -0.388110 -0.580566
0.775662 -0.414623 -0.504539
0.742126 -0.379000 -0.445927
0.753135 -0.270303 -0.402459
0.723084 -0.160905 -0.412278
0.765428 -0.102897 -0.470103
0.806365 -0.030990 -0.515261
0.843958 -0.002453 -0.568177
0.851522 0.041891 -0.632602
0.820575 -0.047458 -0.666782
0.764714 -0.030717 -0.633806
0.758884 0.084482 -0.654138
0.760188 0.063186 -0.723890
0.710037 -0.008448 -0.723426
0.667530 0.063614 -0.696587
0.682127 0.159231 -0.749363
0.667876 0.130421 -0.817702
0.631221 0.142490 -0.875550
0.635420 0.016507 -0.891622
0.599274 -0.029705 -0.837015
0.552914 -0.118275 -0.813533
0.520336 -0.183135 -0.769302
0.485107 -0.274819 -0.747279
0.445699 -0.355447 -0.716109
0.411551 -0.401853 -0.650780
0.385293 -0.493187 -0.603770
0.357138 -0.572257 -0.556366
0.346191 -0.668496 -0.507295
0.298689 -0.769602 -0.488537
0.316813 -0.876898 -0.506947
0.300259 -0.878844 -0.583113
0.296895 -0.744608 -0.595804
0.289413 -0.621428 -0.631050
0.290677 -0.484894 -0.625747
0.287823 -0.362026 -0.629406
0.277711 -0.251810 -0.610856
0.223788 -0.264074 -0.563476
0.211617 -0.354901 -0.520564
0.174247 -0.421397 -0.462230
0.170027 -0.463287 -0.381687
0.168865 -0.538192 -0.313001
0.189904 -0.554193 -0.236812
0.139222 -0.534182 -0.195799
0.149355 -0.398388 -0.199365
0.188151 -0.376548 -0.261567
0.211596 -0.320642 -0.321917
0.237691 -0.337421 -0.395697
0.285560 -0.306159 -0.454495
0.318526 -0.286732 -0.514659
0.387658 -0.237328 -0.525613
0.434242 -0.288562 -0.562989
0.422846 -0.403683 -0.527535
0.387026 -0.379078 -0.458594
0.358647 -0.374212 -0.392941
0.317853 -0.297088 -0.347182
0.292226 -0.275364 -0.273331
0.273369 -0.267656 -0.207193
0.273593 -0.261271 -0.125677
0.227641 -0.322432 -0.084410
0.188967 -0.378222 -0.039114
0.148682 -0.471424 -0.027558
0.098285 -0.514833 0.006299
0.078449 -0.619170 0.031286
0.044179 -0.716850 0.038650
0.107990 -0.766449 0.075633
0.128091 -0.810325 0.136052
0.178284 -0.900413 0.122250
0.239832 -0.849334 0.130865
0.288394 -0.823795 0.164745
0.345192 -0.854162 0.156454
0.400869 -0.859690 0.174957
0.456464 -0.871292 0.155574
0.514383 -0.896247 0.170905
0.574626 -0.898505 0.158307
0.567776 -1.000000 0.116576
0.536931 -0.949817 0.061391
0.580722 -0.867827 0.048492
0.627367 -0.944600 0.035617
0.600334 -0.999338 -0.020078
0.594116 -0.902515 -0.061345
0.654992 -0.877638 -0.065537
0.672300 -0.982403 -0.096082
0.638764 -0.966480 -0.155852
0.665960 -0.865141 -0.177366
0.723696 -0.910223 -0.182831
0.710465 -0.988671 -0.234148
0.692952 -0.906136 -0.282432
0.748303 -0.849568 -0.285350
0.784612 -0.941369 -0.304664
0.752768 -0.965234 -0.365106
0.761982 -0.858405 -0.396346
0.825529 -0.863817 -0.394794
0.831278 -0.964183 -0.433746
0.802573 -0.924044 -0.492242
0.842756 -0.833800 -0.503659
0.897719 -0.900023 -0.508916
0.879391 -0.961535 -0.567783
0.868830 -0.866737 -0.612570
0.933457 -0.827455 -0.609745
0.959573 -0.939734 -0.643463
0.923345 -0.937943 -0.714047
0.958268 -0.824223 -0.740447
