0.216136 -1.000000 -0.565528
0.228502 -0.977791 -0.516176
0.231770 -0.942148 -0.464566
0.256265 -0.883214 -0.424025
0.254018 -0.836151 -0.370361
0.254521 -0.828968 -0.322269
0.271616 -0.791432 -0.273960
0.269416 -0.812890 -0.222257
0.288962 -0.780523 -0.171861
0.287957 -0.778719 -0.121388
0.306890 -0.753024 -0.076971
0.320858 -0.682880 -0.033815
0.329798 -0.625118 0.005667
0.347396 -0.527025 0.018916
0.329751 -0.427189 0.033286
0.332202 -0.354401 0.063411
0.321062 -0.267938 0.081673
0.339838 -0.170536 0.082358
0.331636 -0.080707 0.097350
0.334936 0.005034 0.113510
0.354560 0.063337 0.152245
0.365857 0.156561 0.163501
0.369031 0.246360 0.177497
0.395145 0.305053 0.212324
0.408705 0.385505 0.238199
0.437913 0.455349 0.260882
0.451316 0.484350 0.316742
0.485003 0.501059 0.361767
0.504769 0.501600 0.409235
0.527771 0.458985 0.456782
0.553382 0.439992 0.498599
0.576070 0.357887 0.530374
0.604384 0.323897 0.569669
0.615539 0.229410 0.592290
0.634928 0.133030 0.602970
0.670375 0.042931 0.605508
0.701076 -0.035688 0.584755
0.738016 -0.104419 0.576893
0.772881 -0.144720 0.534375
0.807982 -0.171648 0.497151
0.832493 -0.191122 0.453450
0.851159 -0.209875 0.406620
0.869479 -0.177568 0.362748
0.866164 -0.153766 0.315497
0.852761 -0.154638 0.271438
0.858543 -0.126388 0.226569
0.832571 -0.073946 0.197238
0.823128 -0.041158 0.156573
0.798020 0.013629 0.128659
0.774342 0.042600 0.092135
0.760877 0.105802 0.063551
0.730835 0.165217 0.045460
0.687140 0.173091 0.027946
0.674146 0.244587 0.001666
0.631707 0.268449 -0.010836
0.617818 0.348781 -0.027883
0.586739 0.418624 -0.021998
0.590541 0.485282 -0.053836
0.579040 0.559543 -0.077469
0.572425 0.580399 -0.127553
0.549313 0.657756 -0.136770
0.589866 0.704428 -0.151638
0.598507 0.651445 -0.190154
0.555880 0.667944 -0.210580
0.559133 0.760327 -0.213850
0.600126 0.760537 -0.240659
0.582104 0.711761 -0.277043
0.545856 0.769012 -0.288205
0.573007 0.841620 -0.297749
0.599356 0.803333 -0.333027
0.560704 0.784039 -0.361985
0.543531 0.869450 -0.367325
0.583188 0.901095 -0.389759
0.578883 0.836962 -0.427840
0.525886 0.851538 -0.439703
0.509702 0.928834 -0.465827
0.480713 0.859472 -0.501931
0.438228 0.811898 -0.480586
0.391955 0.795429 -0.485428
0.355487 0.750199 -0.464971
0.308917 0.729793 -0.470373
0.259580 0.708546 -0.453808
0.251457 0.622173 -0.433880
0.252227 0.630528 -0.385447
0.206536 0.659379 -0.375794
0.182905 0.577094 -0.381539
0.204792 0.529880 -0.346541
0.192898 0.590227 -0.311761
0.144379 0.587071 -0.316291
0.140247 0.494868 -0.308164
0.160515 0.499316 -0.265242
0.125053 0.549295 -0.246575
0.087894 0.489789 -0.247743
0.106371 0.423492 -0.221276
0.118658 0.475815 -0.183367
0.073454 0.505267 -0.173294
0.054490 0.422170 -0.166054
0.085364 0.392267 -0.132815
0.076502 0.461570 -0.101632
0.029916 0.443508 -0.095046
0.034630 0.358758 -0.079306
0.063603 0.380006 -0.041833
0.028800 0.432238 -0.020037
-0.007463 0.373094 -0.017110
0.017142 0.311154 0.008173
0.025014 0.364468 0.046270
-0.021620 0.380787 0.056202
-0.035007 0.291169 0.062290
-0.006112 0.274580 0.099187
-0.027418 0.334055 0.129344
-0.070108 0.289125 0.128269
-0.054066 0.206119 0.142873
-0.040852 0.235992 0.185826
-0.084547 0.263190 0.199464
-0.105224 0.180814 0.194031
-0.078168 0.134562 0.225044
-0.093299 0.181325 0.262875
-0.141127 0.164105 0.258236
-0.140278 0.070129 0.255885
-0.116914 0.059520 0.301143
-0.150035 0.089182 0.331953
-0.178867 0.059791 0.371061
-0.215602 0.121099 0.379748
-0.262534 0.140032 0.393978
-0.253468 0.244737 0.396298
-0.222531 0.253182 0.350682
-0.244890 0.257810 0.307152
-0.238369 0.291740 0.261645
-0.267845 0.283115 0.224794
-0.252903 0.358217 0.201333
-0.206521 0.332883 0.194514
-0.217786 0.255526 0.170133
-0.242831 0.295436 0.134108
-0.207840 0.351906 0.119208
-0.174468 0.287412 0.110786
-0.200409 0.238877 0.079945
-0.205421 0.307247 0.047640
-0.159054 0.325069 0.039653
-0.145243 0.240680 0.026326
-0.174829 0.234128 -0.010244
-0.155943 0.306376 -0.034298
-0.109624 0.280440 -0.035963
-0.114872 0.202422 -0.060437
-0.135109 0.242092 -0.098751
-0.097494 0.297931 -0.108061
-0.063226 0.233707 -0.112421
-0.082897 0.188448 -0.148882
-0.082112 0.260064 -0.179490
-0.034363 0.278006 -0.177840
-0.020536 0.193677 -0.193299
-0.042250 0.197464 -0.235584
-0.018273 0.272145 -0.250810
0.025312 0.234399 -0.247587
0.016435 0.166749 -0.279409
0.006803 0.222317 -0.316400
0.050483 0.261086 -0.317754
0.073926 0.180724 -0.327407
0.049855 0.157763 -0.367543
0.057522 0.232806 -0.394398
0.110142 0.222828 -0.388638
0.130254 0.145141 -0.406775
0.144253 0.185653 -0.451068
0.176086 0.263971 -0.430377
0.206850 0.223940 -0.393371
0.239862 0.180544 -0.369053
0.246964 0.118905 -0.335145
0.250295 0.180273 -0.298590
0.204714 0.211528 -0.299399
0.184633 0.129243 -0.291630
0.204635 0.111121 -0.250125
0.188483 0.183489 -0.226476
0.141394 0.169544 -0.233186
0.140357 0.087139 -0.211966
0.155283 0.111211 -0.168763
0.118218 0.166990 -0.159920
0.083007 0.106373 -0.164466
0.098562 0.049903 -0.129095
0.097400 0.109378 -0.093785
0.049430 0.123894 -0.097086
0.034991 0.036049 -0.091170
0.054081 0.021924 -0.048278
0.028628 0.089874 -0.027074
-0.015272 0.056545 -0.037567
-0.009097 -0.023727 -0.014775
-0.002483 0.012156 0.028117
-0.043633 0.058468 0.031448
-0.073172 -0.014801 0.026062
-0.056815 -0.059370 0.065902
-0.067201 0.006777 0.097039
-0.114573 0.009933 0.087293
-0.124299 -0.075598 0.099701
-0.109467 -0.070730 0.145224
-0.141252 -0.004433 0.158379
-0.181570 -0.053359 0.147123
-0.173305 -0.121610 0.178400
-0.173729 -0.069287 0.217228
-0.218572 -0.038423 0.210720
-0.241056 -0.119356 0.211141
-0.226946 -0.141264 0.255387
-0.246697 -0.070429 0.278304
-0.292356 -0.091406 0.265615
-0.293047 -0.175976 0.285699
-0.283432 -0.146704 0.330458
-0.322382 -0.092338 0.334491
-0.355048 -0.159116 0.328139
-0.341991 -0.217930 0.362701
-0.348134 -0.156621 0.397855
-0.393527 -0.138830 0.390242
-0.409946 -0.225022 0.396936
-0.394768 -0.229320 0.443626
-0.418839 -0.143308 0.459382
-0.466007 -0.150611 0.438053
-0.478954 -0.235240 0.460612
-0.502208 -0.220214 0.498786
-0.544772 -0.236322 0.519912
-0.591641 -0.221115 0.520068
-0.595114 -0.320170 0.534951
-0.577123 -0.306857 0.587651
-0.614644 -0.304482 0.614600
-0.641920 -0.326241 0.648664
-0.680352 -0.346286 0.666148
-0.702538 -0.371621 0.702485
-0.731542 -0.425446 0.726958
-0.765386 -0.416160 0.756430
-0.801508 -0.477558 0.769865
-0.826192 -0.578446 0.768309
-0.814110 -0.655562 0.809052
-0.822013 -0.653308 0.863417
-0.834300 -0.618146 0.912909
-0.851347 -0.562398 0.952002
-0.866871 -0.469654 0.973160
-0.895593 -0.398729 0.998801
-0.912201 -0.297751 1.000000
-0.941064 -0.209365 0.979341
-0.965700 -0.133390 0.980384
-0.983612 -0.046687 0.946942
-1.000000 0.036289 0.923854
-0.989457 0.122541 0.886349
-0.975065 0.192655 0.853982
-0.953633 0.226224 0.802918
-0.937183 0.278456 0.766970
-0.900715 0.262288 0.725044
-0.873722 0.267307 0.683834
-0.859109 0.243625 0.639308
-0.818823 0.239357 0.613635
-0.791060 0.231003 0.573686
-0.752345 0.160769 0.571600
-0.755158 0.128702 0.522325
-0.736884 0.202272 0.495065
-0.691083 0.210476 0.514525
-0.674303 0.124585 0.497089
-0.682002 0.132669 0.449449
-0.653406 0.208162 0.442287
-0.611784 0.166990 0.455505
-0.613088 0.098709 0.422437
-0.611391 0.152684 0.383189
-0.567963 0.192084 0.391254
-0.542572 0.110851 0.390475
-0.554278 0.091106 0.344548
-0.536114 0.165427 0.321864
-0.490266 0.151993 0.336063
-0.486354 0.067033 0.316384
-0.496630 0.088191 0.270644
-0.461057 0.149078 0.264214
-0.425501 0.088191 0.271796
-0.436656 0.024719 0.238868
-0.434237 0.082871 0.201286
-0.389504 0.110941 0.205380
-0.370791 0.023517 0.200928
-0.387823 0.005996 0.157414
-0.365496 0.076320 0.135696
-0.320936 0.049332 0.146049
-0.322602 -0.031961 0.123926
-0.332485 0.000346 0.080287
-0.291885 0.050955 0.076551
-0.262377 -0.022134 0.079586
-0.278702 -0.071121 0.042673
-0.269636 -0.006957 0.010197
-0.221573 -0.003201 0.018449
-0.212161 -0.091286 0.006679
-0.228031 -0.084134 -0.038548
-0.197235 -0.017927 -0.052186
-0.157829 -0.068326 -0.044666
-0.165826 -0.126538 -0.080318
-0.152942 -0.065230 -0.114974
-0.107220 -0.054171 -0.099561
-0.093833 -0.142106 -0.104932
-0.099458 -0.144660 -0.152229
-0.067939 -0.078093 -0.162038
-0.029680 -0.115509 -0.139043
-0.027496 -0.195660 -0.163159
-0.017566 -0.157794 -0.204758
0.021070 -0.101234 -0.191384
0.050106 -0.175435 -0.175987
0.051646 -0.232415 -0.214114
0.076550 -0.172459 -0.243570
0.120371 -0.157553 -0.209491
0.150192 -0.226916 -0.195853
0.185561 -0.210867 -0.230648
0.204619 -0.120167 -0.213071
0.223615 -0.132128 -0.164638
0.266400 -0.186614 -0.167004
0.299552 -0.112443 -0.190715
0.341519 -0.077522 -0.182868
0.362338 -0.125096 -0.221774
0.339885 -0.086868 -0.262081
0.359698 -0.002660 -0.259497
0.404384 -0.036409 -0.267826
0.395789 -0.078213 -0.309628
0.378207 -0.003621 -0.332622
0.418352 0.047078 -0.326971
0.447624 -0.010954 -0.349872
0.424715 -0.009572 -0.392359
0.428109 0.082060 -0.399225
0.477367 0.082541 -0.397014
0.485223 0.023306 -0.433460
0.462644 0.075268 -0.466247
0.490078 0.149950 -0.460580
0.532155 0.106673 -0.470809
0.521486 0.082240 -0.515226
0.513552 0.169123 -0.531713
0.557734 0.199808 -0.521251
0.581805 0.139251 -0.548605
0.562087 0.166088 -0.589301
0.577547 0.253182 -0.586359
0.624668 0.233347 -0.584459
0.625941 0.189860 -0.627351
0.611281 0.262588 -0.653553
0.647168 0.320591 -0.638389
0.685223 0.265864 -0.652525
0.677775 0.261987 -0.699433
0.686998 0.354431 -0.706719
0.735062 0.356805 -0.705054
0.743122 0.328194 -0.750031
0.721581 0.402606 -0.769383
0.751607 0.465116 -0.749891
0.793008 0.433139 -0.767997
0.781161 0.446393 -0.813971
0.773462 0.536702 -0.811465
0.818116 0.558040 -0.795102
0.842658 0.526995 -0.833261
0.821651 0.583104 -0.864694
0.837536 0.661062 -0.843692
0.884704 0.644683 -0.848845
0.885506 0.638883 -0.895909
0.866950 0.722881 -0.903568
0.901830 0.770154 -0.880901
0.938173 0.743197 -0.908753
0.920072 0.774242 -0.949153
0.914919 0.862087 -0.935998
0.961898 0.877474 -0.926470
0.981570 0.850095 -0.970093
0.949737 0.907196 -1.000000
0.948181 0.995943 -0.969968
1.000000 1.000000 -0.969112
