0.904629 0.050131 -0.689899
0.944465 0.086774 -0.711401
0.921524 0.158218 -0.712351
0.914713 0.165710 -0.659329
0.964367 0.170824 -0.644511
0.967706 0.249530 -0.661609
0.947987 0.290520 -0.622110
0.956609 0.326370 -0.575634
0.927222 0.272211 -0.545185
0.960147 0.205702 -0.552456
1.000000 0.211200 -0.520073
0.990863 0.140267 -0.488536
0.957821 0.080944 -0.510281
0.933900 0.007761 -0.520989
0.920361 -0.057316 -0.555323
0.882186 -0.123621 -0.561247
0.860939 -0.196395 -0.576221
0.818079 -0.251218 -0.582456
0.782230 -0.307089 -0.598086
0.739237 -0.265230 -0.562111
0.705448 -0.242907 -0.522543
0.721296 -0.288653 -0.480367
0.765601 -0.250425 -0.472371
0.743922 -0.179518 -0.463770
0.712924 -0.201969 -0.419556
0.749155 -0.247510 -0.385618
0.801068 -0.217899 -0.386327
0.800902 -0.135204 -0.384928
0.778525 -0.116461 -0.337242
0.818544 -0.147299 -0.307225
0.860723 -0.096797 -0.330109
0.831984 -0.016736 -0.339971
0.812082 0.060283 -0.340196
0.823561 0.069334 -0.400800
0.789772 0.053506 -0.452164
0.780984 0.029521 -0.510747
0.751913 0.002161 -0.554788
0.749786 -0.035223 -0.610228
0.715781 -0.056728 -0.655253
0.702425 -0.090175 -0.704925
0.670662 -0.106821 -0.748465
0.704119 -0.050949 -0.785943
0.720931 0.021211 -0.805079
0.675745 0.065064 -0.780019
0.669981 0.019216 -0.728828
0.670529 0.039059 -0.666929
0.683071 0.032820 -0.607689
0.683802 0.059464 -0.551714
0.704484 0.052893 -0.497103
0.694816 0.076008 -0.437725
0.680015 0.103394 -0.391404
0.646956 0.140190 -0.362234
0.662289 0.218360 -0.352786
0.702408 0.245209 -0.385739
0.678088 0.261037 -0.440091
0.623915 0.262648 -0.424513
0.576122 0.273439 -0.406827
0.529308 0.256946 -0.379228
0.490934 0.294458 -0.412337
0.452327 0.322253 -0.445169
0.427674 0.372780 -0.479331
0.379349 0.372448 -0.450143
0.388386 0.426606 -0.410005
0.372173 0.499636 -0.396845
0.396094 0.496490 -0.343892
0.449569 0.502653 -0.350161
0.498675 0.522163 -0.354876
0.535455 0.540369 -0.390765
0.551668 0.608336 -0.351025
0.591039 0.648942 -0.312959
0.621124 0.683232 -0.271129
0.676892 0.690878 -0.253772
0.705282 0.756543 -0.252528
0.690514 0.777562 -0.306914
0.670080 0.706322 -0.333909
0.646690 0.653724 -0.370005
0.622005 0.578802 -0.374289
0.608864 0.510426 -0.409435
0.599146 0.444275 -0.435463
0.622918 0.466624 -0.479124
0.670612 0.466880 -0.458088
0.681128 0.389427 -0.457690
0.698421 0.385847 -0.507137
0.738656 0.436937 -0.493994
0.760883 0.415023 -0.446637
0.766033 0.334143 -0.463994
0.766166 0.313354 -0.519072
0.731945 0.297015 -0.555876
0.750816 0.342607 -0.594408
0.796184 0.305453 -0.597067
0.775884 0.237870 -0.614753
0.754055 0.267532 -0.658207
0.794606 0.297807 -0.682196
0.821900 0.229687 -0.687326
0.786582 0.191562 -0.716548
0.780918 0.242600 -0.755823
0.829542 0.243649 -0.770037
0.831984 0.166221 -0.781764
0.796533 0.167577 -0.820036
0.818561 0.220712 -0.850260
0.864162 0.184300 -0.856530
0.842815 0.119453 -0.880796
0.814159 0.158499 -0.921797
0.849244 0.222783 -0.937997
0.893632 0.251908 -0.918084
0.880375 0.309698 -0.874906
0.883997 0.361299 -0.833058
0.852666 0.381449 -0.784423
0.875541 0.399680 -0.738396
0.867368 0.478054 -0.741695
0.816949 0.479102 -0.746790
0.806035 0.436937 -0.700745
0.836020 0.483117 -0.665806
0.810670 0.556581 -0.676739
0.766880 0.559394 -0.651851
0.726562 0.599514 -0.621799
0.692490 0.615777 -0.577983
0.640079 0.650118 -0.564063
0.598133 0.688679 -0.542888
0.554509 0.728211 -0.536878
0.517032 0.766387 -0.512681
0.481448 0.776232 -0.470454
0.443788 0.790756 -0.438260
0.420996 0.784440 -0.393149
0.417591 0.722534 -0.348659
0.402490 0.660628 -0.313512
0.411710 0.601381 -0.281267
0.394948 0.520015 -0.263184
0.391692 0.448213 -0.250058
0.363518 0.385463 -0.257744
0.352986 0.377920 -0.206553
0.329911 0.447165 -0.199282
0.293098 0.434431 -0.236328
0.273496 0.370274 -0.214255
0.263612 0.404539 -0.168004
0.231600 0.457751 -0.188349
0.197412 0.408707 -0.209022
0.188508 0.370632 -0.163617
0.172277 0.433459 -0.136553
0.133671 0.450387 -0.168867
0.108802 0.381270 -0.162736
0.106991 0.376667 -0.107089
0.079465 0.433945 -0.085224
0.033964 0.385463 -0.091787
0.033781 0.311999 -0.072357
0.016936 0.333069 -0.023204
-0.027867 0.361478 -0.039749
-0.044845 0.295608 -0.063911
-0.046057 0.251908 -0.021615
-0.079863 0.299878 0.004620
-0.118437 0.304200 -0.029888
-0.127009 0.226875 -0.034758
-0.135049 0.212223 0.016865
-0.174670 0.262546 0.024136
-0.205801 0.241015 -0.014240
-0.208907 0.165787 0.000630
-0.226516 0.180055 0.050941
-0.268230 0.224062 0.038886
-0.290042 0.173228 0.006710
-0.293381 0.111347 0.042374
-0.322718 0.158090 0.082478
-0.354364 0.225647 0.059093
-0.381293 0.226619 0.015311
-0.423123 0.190718 0.032046
-0.434568 0.239072 0.072512
-0.439170 0.302691 0.041684
-0.477162 0.273669 0.011857
-0.510021 0.269117 0.053324
-0.505719 0.352298 0.062271
-0.489489 0.394413 0.011891
-0.449636 0.387100 -0.022478
-0.422159 0.396126 -0.067504
-0.381908 0.379889 -0.098592
-0.363335 0.454887 -0.101027
-0.349630 0.465882 -0.050509
-0.309395 0.418654 -0.052081
-0.281088 0.454810 -0.089213
-0.280623 0.526433 -0.067020
-0.256335 0.511398 -0.021356
-0.214423 0.480790 -0.044913
-0.203027 0.539986 -0.076623
-0.195252 0.596983 -0.041304
-0.158522 0.562156 -0.014102
-0.125514 0.552592 -0.056485
-0.120763 0.626210 -0.070768
-0.094814 0.648252 -0.028005
-0.055011 0.599719 -0.035794
-0.041007 0.625366 -0.083445
-0.028764 0.697986 -0.069559
0.007949 0.679550 -0.035604
0.036024 0.636566 -0.069766
0.042868 0.694202 -0.106450
0.069265 0.740536 -0.074671
0.106559 0.690213 -0.062789
0.121976 0.675356 -0.112391
0.132823 0.749434 -0.125120
0.168872 0.758742 -0.087642
0.199837 0.700722 -0.100578
0.209223 0.721204 -0.150698
0.226533 0.794950 -0.138660
0.267017 0.768382 -0.104446
0.294162 0.725986 -0.141665
0.326223 0.708521 -0.184273
0.287467 0.683437 -0.222045
0.261884 0.765774 -0.229851
0.263545 0.843508 -0.254635
0.219390 0.853890 -0.292977
0.173773 0.837013 -0.271440
0.130365 0.851282 -0.244273
0.093701 0.836016 -0.210076
0.056473 0.818730 -0.246034
0.075362 0.749000 -0.261906
0.074381 0.714096 -0.214912
0.025558 0.725679 -0.203841
0.006520 0.686352 -0.245913
0.026953 0.616953 -0.235672
0.007484 0.607799 -0.186328
-0.042253 0.615905 -0.198245
-0.045941 0.557399 -0.234186
-0.028997 0.502193 -0.202304
-0.064696 0.509148 -0.164377
-0.104466 0.493038 -0.196639
-0.090379 0.422029 -0.211630
-0.088535 0.392495 -0.160854
-0.137957 0.397686 -0.151527
-0.152991 0.352810 -0.191665
-0.126261 0.291057 -0.173859
-0.149868 0.282363 -0.127417
-0.194937 0.266381 -0.150335
-0.181231 0.203759 -0.177624
-0.164486 0.161516 -0.135500
-0.211217 0.161644 -0.109921
-0.233676 0.117791 -0.151234
-0.202263 0.055168 -0.158487
-0.193525 0.043892 -0.099472
-0.205950 0.014077 -0.050285
-0.156479 0.033075 -0.028419
-0.122773 0.085239 -0.008091
-0.080262 0.046832 -0.024188
-0.091658 0.048341 -0.077469
-0.094399 0.125462 -0.082979
-0.046190 0.138733 -0.068557
-0.021820 0.092655 -0.103272
-0.041240 0.123109 -0.147883
-0.022667 0.194809 -0.140163
0.026405 0.173969 -0.138919
0.029578 0.137199 -0.185482
0.016421 0.198645 -0.214670
0.056125 0.244774 -0.202166
0.094067 0.195065 -0.215931
0.082588 0.172307 -0.266017
0.073551 0.246129 -0.287744
0.118105 0.275331 -0.271561
0.148688 0.224036 -0.296932
0.134551 0.245388 -0.344617
0.158905 0.316678 -0.341836
0.205469 0.293972 -0.356085
0.199156 0.295353 -0.408209
0.208309 0.374238 -0.412026
0.260605 0.369839 -0.403718
0.271137 0.313738 -0.447777
0.223161 0.326088 -0.484944
0.189355 0.329924 -0.524408
0.139967 0.319824 -0.537776
0.095928 0.328569 -0.561057
0.051257 0.363293 -0.556826
0.023000 0.300032 -0.543614
0.046157 0.286786 -0.496567
0.033897 0.354139 -0.474858
-0.017202 0.346161 -0.473476
-0.018946 0.279601 -0.444875
0.007750 0.308087 -0.402924
-0.024611 0.368842 -0.390074
-0.058151 0.324503 -0.361145
-0.019229 0.330844 -0.321180
0.000590 0.379249 -0.284877
0.049014 0.352656 -0.286483
0.057869 0.376462 -0.336552
0.048599 0.452662 -0.330766
0.085528 0.464681 -0.294980
0.125630 0.440363 -0.324445
0.117607 0.492016 -0.363460
0.123587 0.556044 -0.331975
0.171430 0.538605 -0.315878
0.192478 0.536713 -0.363667
0.181796 0.612913 -0.374513
0.208143 0.643981 -0.335377
0.253478 0.613041 -0.346776
0.257864 0.642473 -0.395308
0.254043 0.720616 -0.382182
0.293082 0.722150 -0.345273
0.334280 0.707601 -0.375739
0.324429 0.781781 -0.403287
0.294278 0.839877 -0.384012
0.241169 0.835991 -0.393736
0.198242 0.809346 -0.371491
0.148422 0.845528 -0.353598
0.117607 0.913955 -0.375429
0.074149 0.962667 -0.379487
0.092489 0.964662 -0.433027
0.121510 0.935306 -0.479935
0.153722 0.928505 -0.524788
0.162858 0.847855 -0.536895
0.125697 0.786179 -0.537966
0.122723 0.737723 -0.489884
0.076607 0.749946 -0.463355
0.048367 0.688346 -0.479383
0.064015 0.637103 -0.442026
0.037868 0.676149 -0.403097
-0.008730 0.670293 -0.423580
-0.009893 0.592636 -0.423787
-0.005590 0.583430 -0.371370
-0.049845 0.619408 -0.359677
-0.081309 0.572895 -0.386413
-0.070660 0.506335 -0.361094
-0.084149 0.528223 -0.311699
-0.132873 0.543438 -0.325792
-0.143787 0.471150 -0.343633
-0.135249 0.431439 -0.299263
-0.172610 0.464297 -0.271820
-0.210386 0.437883 -0.303184
-0.199754 0.361862 -0.304047
-0.204655 0.347695 -0.251958
-0.253960 0.373087 -0.247951
-0.274808 0.321588 -0.280628
-0.257615 0.257457 -0.255291
-0.282749 0.270191 -0.210611
-0.330559 0.268350 -0.231509
-0.326722 0.196778 -0.254981
-0.312136 0.150214 -0.214359
-0.352770 0.160314 -0.182909
-0.385845 0.120731 -0.217243
-0.358418 0.052662 -0.231026
-0.347720 0.018935 -0.183979
-0.358667 -0.024919 -0.142097
-0.363036 -0.054069 -0.089922
-0.378784 -0.108662 -0.055846
-0.425731 -0.117509 -0.086571
-0.423339 -0.107256 -0.144895
-0.429535 -0.024203 -0.162702
-0.433921 0.022361 -0.216276
-0.438339 0.048034 -0.265050
-0.427541 0.053020 -0.314376
-0.399965 0.088410 -0.351422
-0.449054 0.126203 -0.368192
-0.472743 0.184402 -0.342786
-0.468723 0.238893 -0.383114
-0.510553 0.200358 -0.410817
-0.552582 0.216493 -0.380472
-0.593631 0.255130 -0.363581
-0.582800 0.253059 -0.310818
-0.548994 0.317343 -0.314686
-0.582517 0.375158 -0.341232
-0.631789 0.358128 -0.315533
-0.677639 0.369661 -0.293098
-0.711462 0.319235 -0.274324
-0.758541 0.307882 -0.259523
-0.780519 0.244390 -0.240335
-0.826751 0.213859 -0.232563
-0.834642 0.156837 -0.196345
-0.885940 0.137761 -0.183824
-0.886522 0.055910 -0.183703
-0.897386 0.000447 -0.145966
-0.901473 -0.037371 -0.093341
-0.945196 -0.083015 -0.088523
-0.923318 -0.163025 -0.108022
-0.892901 -0.185629 -0.058195
-0.916806 -0.243240 -0.032737
-0.908882 -0.307243 -0.008610
-0.928285 -0.357949 0.028385
-0.889063 -0.401803 0.051217
-0.889595 -0.344704 0.098954
-0.936076 -0.345829 0.125914
-0.925444 -0.426044 0.149748
-0.890309 -0.413616 0.190560
-0.879279 -0.404922 0.241699
-0.836984 -0.354497 0.237865
-0.872916 -0.284945 0.239143
-0.898931 -0.219638 0.248003
-0.931956 -0.163562 0.237226
-0.948851 -0.089740 0.231457
-0.975231 -0.024484 0.240076
-1.000000 0.039059 0.220732
-0.960081 0.092067 0.223962
-0.934083 0.057981 0.176087
-0.958586 0.076443 0.132270
-0.920244 0.128377 0.108557
-0.868348 0.115515 0.130819
-0.831668 0.097053 0.093756
-0.779123 0.111168 0.086588
-0.769970 0.023538 0.073618
-0.758823 -0.038982 0.032185
-0.749620 -0.124132 0.020734
-0.737626 -0.178086 -0.026692
-0.698504 -0.228997 -0.029490
-0.650428 -0.229329 -0.010181
-0.597435 -0.244160 -0.030475
-0.541302 -0.271777 -0.019369
-0.488841 -0.279652 -0.041874
-0.435216 -0.310516 -0.042979
-0.385197 -0.321179 -0.059317
-0.343550 -0.369047 -0.042996
-0.309711 -0.431311 -0.037919
-0.349979 -0.488052 -0.019041
-0.400962 -0.448060 -0.041269
-0.448971 -0.431695 -0.023549
-0.484289 -0.379377 0.006468
-0.527531 -0.365032 0.034084
-0.553413 -0.304226 0.062927
-0.604146 -0.318929 0.030768
-0.658053 -0.353219 0.022375
-0.698703 -0.300774 0.024879
-0.722808 -0.235339 0.047331
-0.768242 -0.207032 0.081683
-0.780502 -0.117740 0.099990
-0.795619 -0.048827 0.135154
-0.796583 0.035965 0.154878
-0.811584 0.103957 0.189074
-0.823594 0.169827 0.216363
-0.811451 0.158192 0.270594
-0.769189 0.096976 0.274013
-0.737925 0.032129 0.289229
-0.700863 -0.026555 0.268383
-0.674765 -0.103548 0.270058
-0.632886 -0.158422 0.262252
-0.621124 -0.243956 0.269920
-0.569942 -0.296785 0.273081
-0.523045 -0.318468 0.259056
-0.484139 -0.324017 0.227451
-0.509789 -0.324503 0.175793
-0.557466 -0.299981 0.160128
-0.557001 -0.213246 0.142529
-0.554725 -0.140958 0.164619
-0.521550 -0.109199 0.129921
-0.549359 -0.122521 0.086467
-0.588033 -0.075241 0.099611
-0.559858 -0.008886 0.104809
-0.542963 -0.009448 0.054084
-0.589694 0.002289 0.033532
-0.603615 0.069002 0.059611
-0.559559 0.110529 0.041459
-0.526800 0.085316 0.000544
-0.489289 0.027757 0.004534
-0.527215 -0.027245 -0.026261
-0.553147 -0.082989 -0.058160
-0.578480 -0.143157 -0.079542
-0.593764 -0.205268 -0.110163
-0.650129 -0.196880 -0.087832
-0.682889 -0.131624 -0.079265
-0.705465 -0.066241 -0.042616
-0.708737 0.016122 -0.021787
-0.736629 0.081404 0.008281
-0.747809 0.165812 0.022046
-0.791682 0.194835 0.005017
-0.785752 0.165735 -0.046882
-0.731845 0.148603 -0.057797
-0.687773 0.113188 -0.078920
-0.637089 0.094112 -0.083583
-0.628483 0.105670 -0.137590
-0.622868 0.191127 -0.137676
-0.592534 0.258224 -0.140128
-0.627404 0.316704 -0.126191
-0.642720 0.289701 -0.075777
-0.598747 0.291670 -0.049507
-0.599711 0.368101 -0.033376
-0.642620 0.361043 -0.001442
-0.627686 0.300773 0.027867
-0.584893 0.333095 0.050008
-0.611256 0.381218 0.083117
-0.639879 0.318008 0.108954
-0.595591 0.275714 0.129351
-0.571420 0.223678 0.167779
-0.521467 0.179032 0.181579
-0.497595 0.108969 0.208919
-0.461447 0.051231 0.212148
-0.425016 0.010215 0.237209
-0.391227 0.075702 0.231112
-0.366957 0.144589 0.234722
-0.367555 0.226926 0.215827
-0.315741 0.276660 0.215361
-0.274244 0.318903 0.229316
-0.231035 0.316525 0.258158
-0.223393 0.401956 0.253426
-0.268462 0.426223 0.282614
-0.310957 0.442230 0.311923
-0.360146 0.453046 0.318486
-0.362504 0.521908 0.292044
-0.344812 0.494956 0.245101
-0.381525 0.444787 0.236051
-0.420564 0.493933 0.235689
-0.403570 0.540395 0.196121
-0.402756 0.485904 0.158038
-0.452211 0.461919 0.161873
-0.474089 0.530883 0.152581
-0.454703 0.534463 0.102218
-0.475584 0.468107 0.083238
-0.525537 0.489075 0.090975
-0.537016 0.573816 0.095362
-0.532066 0.630122 0.131251
-0.519308 0.701592 0.145068
-0.486548 0.746954 0.172408
-0.522248 0.761913 0.212874
-0.528544 0.680854 0.229506
-0.486399 0.647459 0.245896
-0.489057 0.672467 0.297277
-0.533877 0.638586 0.308935
-0.520587 0.564738 0.297225
-0.481864 0.558729 0.330230
-0.509540 0.572307 0.373874
-0.541784 0.511526 0.368641
-0.507264 0.452790 0.369539
-0.487395 0.470869 0.416223
-0.533810 0.459797 0.442475
-0.546834 0.385233 0.429055
-0.494788 0.354344 0.444288
-0.456331 0.386128 0.471801
-0.414451 0.435223 0.449176
-0.388636 0.485112 0.480281
-0.345842 0.439647 0.487189
-0.338018 0.433919 0.426447
-0.332187 0.493780 0.391905
-0.275440 0.486671 0.396706
-0.265356 0.412031 0.375083
-0.250837 0.354037 0.343408
-0.263379 0.282005 0.326690
-0.224340 0.240580 0.347104
-0.243029 0.248047 0.400990
-0.284643 0.201611 0.402941
-0.317535 0.141060 0.404098
-0.358451 0.104443 0.386931
-0.391493 0.158473 0.407881
-0.374681 0.222221 0.381301
-0.385263 0.191332 0.333702
-0.435250 0.184837 0.343408
-0.444536 0.261165 0.348987
-0.429801 0.280496 0.300023
-0.462112 0.235466 0.272908
-0.503559 0.270114 0.293823
-0.493824 0.342990 0.278417
-0.497778 0.325065 0.226397
-0.547266 0.303024 0.226224
-0.566653 0.376104 0.247139
-0.561004 0.435786 0.215603
-0.610426 0.460180 0.200922
-0.647355 0.404922 0.201181
-0.667223 0.338746 0.181009
-0.700215 0.279166 0.167866
-0.655379 0.222886 0.169299
-0.630344 0.157399 0.200318
-0.583464 0.107793 0.201009
-0.559692 0.045426 0.237951
-0.516567 -0.000780 0.255153
-0.512613 0.010420 0.309591
-0.512978 0.071176 0.344168
-0.489007 0.024688 0.388140
-0.440433 0.005280 0.383218
-0.418621 0.036067 0.430592
-0.449735 0.054836 0.473787
-0.475302 0.068542 0.519227
-0.518394 0.087183 0.543078
-0.516666 0.164303 0.533562
-0.514972 0.160596 0.480505
-0.559210 0.120220 0.475842
-0.590126 0.173892 0.495842
-0.580108 0.228000 0.459297
-0.598100 0.185143 0.419124
-0.645494 0.177523 0.437380
-0.657073 0.252420 0.438140
-0.649415 0.265461 0.386586
-0.682673 0.212657 0.367121
-0.722775 0.246717 0.391922
-0.719386 0.319082 0.370334
-0.720482 0.288832 0.316776
-0.768591 0.261574 0.303374
-0.793310 0.318698 0.277675
-0.785951 0.304839 0.225102
-0.753092 0.228281 0.222736
-0.712857 0.169545 0.214912
-0.689716 0.096593 0.239039
-0.644996 0.044505 0.230663
-0.616855 -0.026069 0.256328
-0.578929 -0.072531 0.282027
-0.565922 -0.145126 0.319142
-0.553761 -0.189439 0.366828
-0.590192 -0.161210 0.402423
-0.634198 -0.172844 0.429090
-0.634597 -0.105236 0.456188
-0.642836 -0.061433 0.412596
-0.687191 -0.093499 0.399746
-0.712325 -0.078080 0.444323
-0.705681 0.004999 0.444029
-0.710980 0.027373 0.387035
-0.749387 -0.016352 0.361145
-0.790519 -0.047676 0.334652
-0.757029 -0.098715 0.298434
-0.736762 -0.176935 0.279730
-0.698404 -0.224139 0.247347
-0.677606 -0.296043 0.225482
-0.628500 -0.331202 0.206829
-0.607768 -0.402212 0.172287
-0.587501 -0.402493 0.123980
-0.624712 -0.350022 0.102633
-0.671991 -0.355648 0.136968
-0.718721 -0.356389 0.163427
-0.748158 -0.377587 0.210732
-0.765352 -0.296324 0.237865
-0.803626 -0.233907 0.263184
-0.808278 -0.182331 0.317830
-0.808195 -0.182996 0.373252
-0.802613 -0.216263 0.420627
-0.847732 -0.253494 0.421749
-0.841087 -0.298626 0.379781
-0.797098 -0.333811 0.396603
-0.814009 -0.361862 0.443528
-0.851254 -0.406942 0.421490
-0.826734 -0.449748 0.383149
-0.773558 -0.456933 0.411214
-0.777346 -0.472173 0.465842
-0.785419 -0.499278 0.520021
-0.792679 -0.428908 0.561368
-0.771631 -0.440900 0.613527
-0.742028 -0.434329 0.662801
-0.724436 -0.469232 0.711609
-0.694733 -0.452663 0.759328
-0.667572 -0.491479 0.804648
-0.643816 -0.496644 0.855891
-0.611589 -0.543515 0.894336
-0.594196 -0.599642 0.932263
-0.586321 -0.669935 0.955648
-0.641723 -0.687323 0.955026
-0.657355 -0.710797 0.903144
-0.690945 -0.750508 0.865977
-0.699983 -0.768689 0.814181
-0.743341 -0.811417 0.820243
-0.773309 -0.754139 0.839086
-0.768591 -0.705069 0.798223
-0.785154 -0.753321 0.761453
-0.832050 -0.763933 0.783542
-0.848264 -0.688653 0.781660
-0.844210 -0.681544 0.728724
-0.873049 -0.745164 0.714994
-0.917337 -0.720540 0.735287
-0.919929 -0.658147 0.700158
-0.880226 -0.689829 0.659502
-0.862700 -0.744116 0.624649
-0.829458 -0.689702 0.598535
-0.786250 -0.684818 0.627274
-0.730283 -0.668452 0.627879
-0.679782 -0.669859 0.635444
-0.633932 -0.623448 0.625426
-0.610326 -0.622451 0.683526
-0.568065 -0.643828 0.722835
-0.545821 -0.618053 0.777670
-0.539824 -0.593377 0.827480
-0.578065 -0.526076 0.816357
-0.612070 -0.557195 0.767429
-0.660246 -0.555533 0.733267
-0.688188 -0.564713 0.680348
-0.736363 -0.553436 0.649485
-0.776216 -0.562897 0.611178
-0.825688 -0.526152 0.590729
-0.866969 -0.502883 0.561558
-0.906473 -0.456063 0.544874
-0.947057 -0.504469 0.557258
-0.937588 -0.491428 0.616428
-0.951841 -0.426606 0.642110
-0.987790 -0.463325 0.672663
-0.946924 -0.495493 0.707049
-0.923700 -0.438906 0.736116
-0.950296 -0.440414 0.780503
-0.936740 -0.513495 0.794959
-0.886505 -0.504136 0.796271
-0.885691 -0.446014 0.832333
-0.909663 -0.484498 0.871763
-0.870607 -0.541316 0.874612
-0.831950 -0.490891 0.883991
-0.850257 -0.461996 0.929724
-0.846619 -0.535971 0.954491
-0.791267 -0.546506 0.946926
-0.758175 -0.520041 0.982366
-0.743872 -0.595602 1.000000
-0.713904 -0.619843 0.953852
-0.680712 -0.559778 0.933541
-0.694966 -0.484344 0.918239
-0.685032 -0.405638 0.909794
-0.704850 -0.398300 0.849172
-0.730865 -0.362629 0.798983
-0.738074 -0.351199 0.737481
-0.751514 -0.313994 0.684165
-0.748673 -0.326625 0.623233
-0.742028 -0.330026 0.566463
-0.723572 -0.332609 0.518933
-0.692009 -0.310899 0.478122
-0.669183 -0.310925 0.431404
-0.638916 -0.372422 0.441179
-0.677373 -0.426708 0.437967
-0.691527 -0.412619 0.389263
-0.646807 -0.434022 0.367380
-0.644647 -0.508074 0.385532
-0.688387 -0.529093 0.361335
-0.673619 -0.513393 0.311163
-0.633517 -0.564150 0.312234
-0.656442 -0.631068 0.329557
-0.688371 -0.634111 0.286241
-0.654232 -0.636234 0.245654
-0.637354 -0.710209 0.256328
-0.686660 -0.740817 0.236863
-0.695049 -0.699342 0.184342
-0.659997 -0.736291 0.150698
-0.641541 -0.779889 0.110319
-0.601887 -0.816046 0.090198
-0.557815 -0.813923 0.060993
-0.514988 -0.857240 0.061545
-0.489671 -0.912958 0.106813
-0.487811 -0.975555 0.141942
-0.497828 -1.000000 0.190352
-0.526135 -0.973279 0.236725
-0.558380 -0.973995 0.276017
-0.594976 -0.953257 0.308901
-0.602851 -0.895058 0.342683
-0.625626 -0.868133 0.382389
-0.639082 -0.803925 0.411041
-0.631424 -0.816838 0.460488
-0.613516 -0.793850 0.506619
-0.577168 -0.827245 0.535963
-0.543827 -0.836732 0.576929
-0.500237 -0.855552 0.543303
-0.474405 -0.787969 0.531265
-0.453457 -0.781014 0.578846
-0.425997 -0.850668 0.577137
-0.396626 -0.832283 0.534218
-0.377040 -0.764086 0.552076
-0.357654 -0.797686 0.595150
-0.325227 -0.847497 0.570971
-0.298298 -0.793774 0.543355
-0.284161 -0.749332 0.590297
-0.266037 -0.802621 0.625461
-0.223742 -0.821185 0.589624
-0.184271 -0.777408 0.592698
-0.138073 -0.769430 0.609537
-0.099483 -0.759356 0.637931
-0.051141 -0.760302 0.648449
-0.020558 -0.819549 0.665737
0.023299 -0.755367 0.658794
0.062570 -0.709314 0.662196
0.099200 -0.671572 0.637602
0.138089 -0.624855 0.634632
0.156745 -0.558831 0.615858
0.178607 -0.595602 0.572888
0.134966 -0.622758 0.549693
0.113487 -0.552081 0.544684
0.149402 -0.519657 0.514115
0.144319 -0.570287 0.473614
0.094881 -0.555737 0.464184
0.100047 -0.478591 0.453822
0.129451 -0.486748 0.412285
0.097722 -0.529604 0.383080
0.059912 -0.476008 0.381992
0.087455 -0.417759 0.359021
0.101243 -0.459464 0.316552
0.054031 -0.472582 0.299419
0.042004 -0.397967 0.293529
0.079232 -0.378917 0.259281
0.065843 -0.431107 0.222148
0.017734 -0.405894 0.214635
0.030758 -0.336368 0.198228
0.059381 -0.355495 0.157123
0.023681 -0.401573 0.133462
-0.010823 -0.336291 0.128056
0.027319 -0.290673 0.102149
0.038565 -0.297040 0.051753
0.035343 -0.220456 0.041131
0.076408 -0.200358 0.070215
0.109716 -0.249428 0.046036
0.100795 -0.221709 -0.003100
0.114616 -0.148527 0.008558
0.162177 -0.166196 0.023376
0.174553 -0.201841 -0.022806
0.162975 -0.135818 -0.052478
0.198159 -0.089765 -0.030803
0.235271 -0.139602 -0.044810
0.224506 -0.138528 -0.097503
0.232779 -0.060947 -0.102996
0.282350 -0.062431 -0.089110
0.294261 -0.096184 -0.139040
0.288231 -0.043866 -0.177486
0.332636 -0.007710 -0.172252
0.362770 -0.071713 -0.180387
0.343965 -0.090251 -0.227744
0.351524 -0.019523 -0.249557
0.401660 -0.019114 -0.242338
0.409484 -0.086160 -0.271008
0.386925 -0.059234 -0.315723
0.413521 0.005843 -0.321267
0.457377 -0.033485 -0.323754
0.445765 -0.079282 -0.366534
0.431495 -0.021364 -0.399763
0.474820 0.017043 -0.396499
0.503293 -0.042895 -0.415359
0.480535 -0.052535 -0.464771
0.486415 0.029086 -0.487828
0.537714 0.038241 -0.511023
0.527331 0.063146 -0.566930
0.544957 0.123467 -0.604805
0.538445 0.167295 -0.650400
0.553197 0.231094 -0.680797
0.516716 0.280266 -0.711056
0.484322 0.335498 -0.727913
0.441213 0.311641 -0.701851
0.447293 0.355392 -0.657257
0.447011 0.436195 -0.688086
0.429718 0.427885 -0.744804
0.409700 0.422924 -0.793819
0.390280 0.399322 -0.842903
0.363119 0.410113 -0.888032
0.316555 0.373650 -0.863179
0.301305 0.422694 -0.818983
0.279543 0.464681 -0.780606
0.279775 0.500710 -0.735322
0.299411 0.477108 -0.679761
0.308747 0.461075 -0.631299
0.366857 0.473554 -0.638190
0.379250 0.503676 -0.691160
0.415647 0.544486 -0.732092
0.457061 0.575682 -0.752731
0.505220 0.606367 -0.767187
0.544924 0.661241 -0.765218
0.578663 0.714658 -0.795425
0.625344 0.762296 -0.797221
0.657605 0.815227 -0.822195
0.715532 0.832053 -0.821677
0.734918 0.844199 -0.873024
0.713688 0.873988 -0.918930
0.696029 0.797660 -0.947047
0.680347 0.725142 -0.963023
0.650611 0.649786 -0.949465
0.635311 0.593428 -0.983903
0.659415 0.533389 -0.959586
0.631989 0.539653 -0.914612
0.585142 0.534616 -0.935216
0.591720 0.462814 -0.954387
0.603150 0.426325 -0.908792
0.557350 0.444940 -0.885131
0.525471 0.408144 -0.919137
0.540787 0.333734 -0.908723
0.513659 0.332302 -0.859103
0.469570 0.371962 -0.849898
0.467660 0.462124 -0.844578
0.458291 0.538324 -0.831383
0.476132 0.618539 -0.843507
0.500270 0.695608 -0.828758
0.524972 0.769047 -0.845425
0.564842 0.831234 -0.824527
0.595076 0.892527 -0.800399
0.617370 0.938656 -0.764199
0.582667 1.000000 -0.770986
0.537897 0.961951 -0.750762
0.563280 0.895800 -0.714389
0.571287 0.844250 -0.676065
0.570855 0.769072 -0.659485
0.562350 0.794183 -0.604684
0.511417 0.831183 -0.601817
0.476581 0.764291 -0.613492
0.439336 0.710414 -0.596187
0.420681 0.677402 -0.642628
0.463059 0.621121 -0.642024
0.499772 0.562360 -0.637015
0.537930 0.601125 -0.680849
0.591405 0.625008 -0.706047
0.628932 0.657048 -0.745581
0.677373 0.691696 -0.756116
0.711229 0.722023 -0.797411
0.769887 0.727878 -0.809674
0.800836 0.746417 -0.858533
0.811733 0.713635 -0.910553
0.802779 0.653979 -0.947531
0.834858 0.598287 -0.908395
0.821867 0.626056 -0.851107
0.788144 0.607467 -0.812281
0.760219 0.634239 -0.764769
0.729370 0.616646 -0.718206
0.681975 0.628844 -0.685460
0.645212 0.605958 -0.644217
0.592734 0.613961 -0.624269
0.556287 0.596497 -0.578328
0.523012 0.573739 -0.542646
0.513759 0.546379 -0.492630
0.479721 0.490328 -0.510073
0.517198 0.444889 -0.537552
0.551037 0.388174 -0.524788
0.563330 0.379965 -0.583199
0.585541 0.434993 -0.610763
0.632504 0.403414 -0.614546
0.620742 0.340127 -0.642922
0.596671 0.376232 -0.683405
0.635062 0.423896 -0.698465
0.668087 0.365799 -0.708327
0.639414 0.337467 -0.748068
0.638102 0.401189 -0.779017
0.688985 0.406815 -0.785701
0.697242 0.335728 -0.806513
0.665097 0.346391 -0.848084
0.687822 0.409857 -0.868792
0.732310 0.373496 -0.879777
0.712575 0.318877 -0.911607
0.690896 0.370632 -0.947928
0.734187 0.397481 -0.968981
0.740782 0.319312 -0.990881
0.698571 0.270268 -1.000000
0.668635 0.233088 -0.959102
0.627171 0.182714 -0.934595
0.642006 0.166477 -0.883732
0.636208 0.164303 -0.825718
0.639265 0.167934 -0.773059
0.629663 0.124797 -0.722196
0.615426 0.129016 -0.663112
0.619396 0.096337 -0.608604
0.606073 0.079154 -0.550436
0.626689 0.042946 -0.496464
0.640760 -0.006738 -0.447760
0.651774 -0.051179 -0.403995
0.652289 -0.100710 -0.361698
0.645993 -0.087029 -0.303840
0.635610 -0.110963 -0.252286
0.662838 -0.051052 -0.216587
0.651741 0.038420 -0.223513
0.597801 0.047548 -0.207123
0.594279 0.077798 -0.155724
0.563480 0.146558 -0.157848
0.517796 0.152132 -0.126277
0.478292 0.105670 -0.145241
0.481930 0.043355 -0.111182
0.470999 0.082017 -0.066796
0.419916 0.093652 -0.074170
0.401809 0.019293 -0.073117
0.419966 -0.001010 -0.023808
0.396344 0.054427 0.003221
0.348318 0.036246 -0.010717
0.347603 -0.034661 0.012996
0.359232 -0.008247 0.061942
0.318798 0.038215 0.067124
0.282516 -0.015662 0.062944
0.297002 -0.066394 0.101269
0.291271 -0.018551 0.143634
0.238594 -0.007658 0.134912
0.218443 -0.077977 0.155085
0.210735 -0.075420 0.207364
0.160782 -0.050182 0.207572
0.139551 -0.115106 0.186967
0.153921 -0.157042 0.231164
0.149037 -0.116845 0.280593
0.097373 -0.086927 0.282355
0.062637 -0.134539 0.306966
0.053384 -0.094649 0.352734
0.016255 -0.049773 0.334444
-0.018830 -0.109455 0.329367
-0.018780 -0.126664 0.383477
-0.032867 -0.054913 0.400592
-0.077239 -0.040849 0.374479
-0.098951 -0.112319 0.396672
-0.082555 -0.153053 0.439608
-0.048782 -0.213987 0.437552
-0.021089 -0.194860 0.479296
-0.059181 -0.208055 0.513717
-0.067853 -0.284127 0.501421
-0.020823 -0.309314 0.514564
-0.022684 -0.287579 0.565807
-0.063550 -0.331381 0.578138
-0.038549 -0.400320 0.563009
0.018830 -0.391038 0.567897
0.055659 -0.346775 0.545064
0.102822 -0.311002 0.535997
0.139335 -0.267813 0.514115
0.168058 -0.327137 0.497863
0.133671 -0.358461 0.464461
0.132242 -0.295506 0.432026
0.181863 -0.288423 0.417673
0.189056 -0.363984 0.404064
0.152160 -0.368382 0.366758
0.174670 -0.314121 0.335222
0.221749 -0.343221 0.330092
0.210619 -0.410267 0.303443
0.196349 -0.360634 0.257468
0.228360 -0.298702 0.250162
0.273795 -0.334399 0.243029
0.263545 -0.376974 0.199679
0.246534 -0.318673 0.168971
0.289344 -0.273413 0.169938
0.319828 -0.327776 0.151717
0.297085 -0.337288 0.104446
0.305392 -0.263773 0.088402
0.356009 -0.260883 0.092426
0.365711 -0.324989 0.063290
0.345045 -0.302410 0.017245
0.374881 -0.237665 0.010855
0.419634 -0.276737 0.011338
0.408886 -0.324426 -0.030129
0.401261 -0.266995 -0.065138
0.446463 -0.235006 -0.060025
0.472810 -0.296554 -0.076260
0.449868 -0.299930 -0.125396
0.462743 -0.228000 -0.143444
0.516633 -0.238637 -0.123427
0.555074 -0.287860 -0.142667
0.597668 -0.240248 -0.120232
0.607635 -0.266560 -0.069438
0.642620 -0.290545 -0.031736
0.630743 -0.329617 0.014395
0.633434 -0.376283 0.057970
0.616938 -0.416250 0.100405
0.620576 -0.354037 0.133997
0.584195 -0.308700 0.111631
0.546469 -0.360992 0.118833
0.546818 -0.360813 0.171682
0.538611 -0.283897 0.178625
0.493326 -0.282593 0.155154
0.468956 -0.329464 0.189282
0.476913 -0.285201 0.232338
0.452443 -0.221633 0.212684
0.406328 -0.252829 0.205741
0.398370 -0.267788 0.256328
0.402274 -0.195295 0.274514
0.365860 -0.162744 0.244186
0.326805 -0.204500 0.261837
