0.325281 -0.028585 -0.359223
0.335367 0.020750 -0.362036
0.349153 0.063374 -0.371038
0.316270 0.103532 -0.367854
0.315448 0.146868 -0.378064
0.282392 0.182685 -0.388945
0.282471 0.220638 -0.417611
0.262410 0.255852 -0.428095
0.264829 0.292750 -0.454867
0.262584 0.330594 -0.471183
0.264117 0.360727 -0.500480
0.278566 0.395612 -0.520446
0.270109 0.432592 -0.538285
0.275057 0.459862 -0.571974
0.295434 0.499829 -0.576722
0.306279 0.526386 -0.610231
0.315685 0.536947 -0.660016
0.318199 0.541617 -0.703776
0.293680 0.535399 -0.750803
0.252008 0.539357 -0.787908
0.218493 0.516676 -0.813857
0.166024 0.498500 -0.829761
0.106172 0.503280 -0.829830
0.052786 0.500349 -0.817617
0.010054 0.497473 -0.788649
-0.035427 0.497158 -0.757870
-0.059188 0.478120 -0.714205
-0.062065 0.477243 -0.669731
-0.051410 0.472093 -0.625463
-0.080293 0.439961 -0.607391
-0.049513 0.403775 -0.622952
-0.012868 0.399378 -0.592090
-0.018670 0.362918 -0.572756
0.008711 0.327143 -0.560598
0.063298 0.334224 -0.565716
0.096307 0.314720 -0.539356
0.137631 0.290285 -0.539424
0.156791 0.249866 -0.535362
0.209688 0.243703 -0.521818
0.236831 0.203312 -0.508769
0.279215 0.180548 -0.494292
0.304683 0.142006 -0.482381
0.335905 0.115188 -0.454854
0.365467 0.072537 -0.455718
0.398081 0.041268 -0.437783
0.383537 0.000192 -0.446744
0.372218 -0.011354 -0.491945
0.344173 0.029913 -0.508494
0.327858 0.061676 -0.533235
0.279325 0.087220 -0.541194
0.247297 0.112079 -0.564934
0.206637 0.133788 -0.576790
0.183445 0.152717 -0.609929
0.150642 0.178905 -0.627837
0.105539 0.180261 -0.652167
0.106709 0.208092 -0.695872
0.102093 0.179179 -0.737547
0.089968 0.161428 -0.779716
0.133695 0.131460 -0.796100
0.148223 0.087453 -0.803826
0.162293 0.048568 -0.813802
0.208028 0.021942 -0.792656
0.234413 -0.003876 -0.765376
0.231061 -0.021312 -0.718789
0.237638 -0.060689 -0.697190
0.245099 -0.058539 -0.645992
0.239930 -0.072099 -0.605772
0.256719 -0.081248 -0.566677
0.249368 -0.111312 -0.534045
0.274535 -0.082070 -0.499369
0.234017 -0.056909 -0.487472
0.199428 -0.052389 -0.456912
0.169850 -0.022120 -0.437577
0.195776 0.013642 -0.430016
0.177106 0.040049 -0.459108
0.131023 0.037570 -0.445152
0.140303 0.051170 -0.406085
0.159716 0.088535 -0.415539
0.120668 0.105477 -0.433433
0.093114 0.102450 -0.397577
0.120700 0.125187 -0.371175
0.117918 0.162236 -0.392911
0.068136 0.166687 -0.389192
0.072673 0.171974 -0.342948
0.095074 0.213009 -0.342399
0.113412 0.250949 -0.346626
0.147686 0.277451 -0.361954
0.177311 0.272178 -0.325850
0.186733 0.226801 -0.325946
0.222192 0.188068 -0.319085
0.253668 0.154415 -0.321239
0.288305 0.128186 -0.300779
0.253715 0.086932 -0.300491
0.240942 0.040076 -0.309713
0.219157 -0.001233 -0.292560
0.205356 -0.041295 -0.287071
0.177327 -0.074674 -0.266419
0.145820 -0.098355 -0.245767
0.098678 -0.124858 -0.240058
0.058951 -0.149758 -0.238466
0.053386 -0.145252 -0.285877
0.063377 -0.152771 -0.327703
0.041340 -0.113216 -0.340876
0.067598 -0.082508 -0.319977
0.094884 -0.040966 -0.313363
0.133300 -0.017970 -0.287386
0.155464 0.023421 -0.269698
0.192013 0.052417 -0.260642
0.198764 0.099670 -0.257335
0.223378 0.137746 -0.260998
0.215442 0.183370 -0.253739
0.223568 0.230308 -0.265005
0.231441 0.277328 -0.251461
0.225085 0.315500 -0.234899
0.215758 0.343496 -0.202898
0.216707 0.380792 -0.180421
0.272385 0.375231 -0.181286
0.296573 0.348139 -0.207783
0.290059 0.304160 -0.198699
0.280732 0.262125 -0.198342
0.238554 0.234376 -0.200648
0.218430 0.190506 -0.187570
0.191808 0.148539 -0.200510
0.155116 0.115298 -0.204915
0.130881 0.083042 -0.231688
0.092545 0.056676 -0.247880
0.080751 0.030434 -0.286453
0.044154 0.009122 -0.315147
0.026164 -0.028571 -0.341109
-0.000743 -0.061306 -0.359237
0.044470 -0.066990 -0.390647
0.075313 -0.063538 -0.425982
0.036755 -0.036104 -0.447238
0.028234 0.002493 -0.430510
0.016236 0.046555 -0.433708
0.013042 0.045199 -0.384280
0.015050 0.065524 -0.339216
0.020219 0.071688 -0.290817
0.018560 0.076893 -0.247208
0.033878 0.058813 -0.204476
0.074270 0.093342 -0.192126
0.099500 0.122543 -0.159385
0.149693 0.140568 -0.144482
0.181785 0.163496 -0.120688
0.227378 0.180986 -0.106046
0.250711 0.189013 -0.067034
0.280938 0.184287 -0.033455
0.264876 0.141801 -0.026004
0.282139 0.112572 -0.052227
0.286882 0.066278 -0.060502
0.313283 0.025722 -0.071301
0.312334 -0.021175 -0.079974
0.318389 -0.063552 -0.085408
0.304477 -0.102135 -0.097401
0.320080 -0.142937 -0.104660
0.295861 -0.144554 -0.146198
0.291893 -0.101492 -0.170294
0.277808 -0.065346 -0.144880
0.253462 -0.026133 -0.121333
0.243297 0.009204 -0.091761
0.215679 0.047431 -0.078848
0.214067 0.083111 -0.046066
0.175224 0.120215 -0.036927
0.143006 0.124954 -0.006381
0.134991 0.080604 -0.003238
0.143433 0.060785 -0.043390
0.146958 0.021942 -0.071589
0.171889 -0.000027 -0.110026
0.181848 -0.030626 -0.143782
0.216881 -0.047828 -0.176757
0.225765 -0.072359 -0.217471
0.254885 -0.080002 -0.250926
0.274725 -0.104395 -0.283105
0.325787 -0.089918 -0.261053
0.368345 -0.072427 -0.251173
0.361389 -0.038967 -0.276464
0.321946 -0.023175 -0.255427
0.345438 -0.019476 -0.218926
0.379332 0.007821 -0.230823
0.347888 0.037775 -0.243942
0.326435 0.043939 -0.206946
0.365120 0.054896 -0.184195
0.378399 0.088822 -0.206054
0.336237 0.110709 -0.202116
0.331542 0.108641 -0.159302
0.371901 0.128200 -0.149271
0.358069 0.164468 -0.169059
0.317472 0.172043 -0.147090
0.340142 0.170276 -0.108214
0.366574 0.205147 -0.117655
0.331368 0.233061 -0.124489
0.309536 0.228185 -0.086258
0.350955 0.242183 -0.064824
0.359349 0.280013 -0.081744
0.307781 0.292189 -0.073730
0.271816 0.274452 -0.051692
0.231725 0.251469 -0.054834
0.177343 0.253647 -0.037119
0.131893 0.260550 -0.024659
0.125522 0.304666 -0.036844
0.149014 0.321130 -0.072385
0.162135 0.326458 -0.115144
0.169312 0.284354 -0.125298
0.132399 0.264330 -0.146897
0.094663 0.281040 -0.167344
0.093588 0.256208 -0.201938
0.072025 0.222487 -0.183920
0.025673 0.233773 -0.191728
0.025262 0.215228 -0.229382
0.030195 0.175385 -0.216099
-0.009106 0.175686 -0.190576
-0.041387 0.182000 -0.224099
-0.023587 0.143814 -0.246851
-0.043854 0.109121 -0.232758
-0.055742 0.069483 -0.263386
-0.056754 0.029639 -0.249691
-0.070460 -0.001520 -0.226295
-0.069401 -0.022914 -0.190356
-0.032313 -0.047705 -0.203886
0.000727 -0.015751 -0.204284
-0.004727 -0.003575 -0.164723
0.009185 -0.040939 -0.149216
0.054224 -0.039912 -0.169182
0.067424 -0.005684 -0.141175
0.050398 -0.025311 -0.100379
0.079550 -0.060128 -0.091075
0.104702 -0.087521 -0.058238
0.146152 -0.112805 -0.051102
0.146974 -0.109915 -0.006148
0.109492 -0.146992 -0.004364
0.119783 -0.164331 -0.048124
0.140319 -0.186547 -0.077366
0.142010 -0.199573 -0.118575
0.173391 -0.229376 -0.102410
0.199017 -0.258728 -0.088331
0.238412 -0.274287 -0.074910
0.274883 -0.297284 -0.081332
0.273381 -0.337374 -0.075459
0.278440 -0.359151 -0.036927
0.324776 -0.362356 -0.016755
0.308208 -0.331320 0.020570
0.269350 -0.344962 0.043417
0.244846 -0.360206 0.074251
0.209419 -0.384065 0.086355
0.172521 -0.384846 0.111535
0.148650 -0.405514 0.140709
0.109254 -0.425484 0.153772
0.090869 -0.389654 0.168606
0.086110 -0.367698 0.132187
0.056090 -0.395283 0.114362
0.021737 -0.393009 0.144125
0.013959 -0.351221 0.140297
0.000996 -0.349756 0.100008
-0.035981 -0.378422 0.104701
-0.060674 -0.355248 0.132365
-0.068752 -0.321965 0.108640
-0.092560 -0.342866 0.077668
-0.127735 -0.361726 0.102272
-0.146200 -0.327718 0.121127
-0.160633 -0.310981 0.085325
-0.189263 -0.341784 0.071054
-0.220106 -0.340113 0.104441
-0.233322 -0.299037 0.105305
-0.251581 -0.301051 0.064467
-0.287072 -0.335758 0.072934
-0.312872 -0.317007 0.111096
-0.337976 -0.302516 0.145004
-0.332000 -0.277575 0.180037
-0.378130 -0.286272 0.196462
-0.369119 -0.334895 0.198095
-0.318025 -0.340401 0.218253
-0.275025 -0.354988 0.239290
-0.230603 -0.369109 0.250089
-0.244024 -0.409568 0.241183
-0.249889 -0.405076 0.198699
-0.205261 -0.392461 0.191303
-0.183935 -0.427593 0.207454
-0.205878 -0.455657 0.182040
-0.189848 -0.438824 0.145470
-0.142469 -0.443755 0.155556
-0.142722 -0.485310 0.159055
-0.161993 -0.491707 0.119261
-0.124431 -0.470546 0.097181
-0.086158 -0.494816 0.118163
-0.083059 -0.529619 0.142575
-0.076688 -0.509594 0.188009
-0.064120 -0.489447 0.226651
-0.068357 -0.448727 0.252765
-0.055315 -0.444097 0.293328
-0.016473 -0.418622 0.285685
-0.048154 -0.388065 0.264539
-0.077921 -0.364548 0.287332
-0.053876 -0.327581 0.284148
-0.056516 -0.326033 0.242007
-0.105476 -0.327321 0.239221
-0.115578 -0.293052 0.263043
-0.088087 -0.266124 0.239029
-0.109349 -0.274041 0.201526
-0.153883 -0.263248 0.213698
-0.142168 -0.222912 0.221313
-0.126976 -0.214927 0.181862
-0.168095 -0.224802 0.161210
-0.196392 -0.197518 0.180366
-0.168269 -0.162838 0.169608
-0.179208 -0.169974 0.127384
-0.231188 -0.173166 0.127480
-0.249810 -0.134980 0.128907
-0.272069 -0.101053 0.113264
-0.278171 -0.059703 0.105854
-0.287688 -0.018778 0.119508
-0.313646 0.017600 0.122074
-0.306706 0.060703 0.126492
-0.329803 0.071592 0.082910
-0.344948 0.067730 0.042663
-0.291213 0.067784 0.031671
-0.271105 0.037186 0.068474
-0.235298 0.004479 0.080317
-0.211458 -0.030776 0.106183
-0.169233 -0.066127 0.099747
-0.141141 -0.100588 0.079246
-0.133837 -0.131405 0.051637
-0.180694 -0.142157 0.047479
-0.197878 -0.108340 0.026758
-0.165297 -0.113764 -0.006614
-0.185200 -0.155305 -0.016933
-0.235393 -0.143869 -0.028488
-0.266267 -0.138596 -0.060666
-0.308745 -0.138746 -0.038697
-0.297252 -0.103779 -0.014450
-0.290550 -0.076536 -0.046272
-0.334972 -0.081796 -0.064001
-0.364361 -0.078084 -0.029132
-0.346702 -0.035995 -0.021475
-0.319069 -0.009026 -0.047589
-0.268623 -0.010382 -0.061874
-0.227852 0.013217 -0.081332
-0.194780 0.016395 -0.042031
-0.142975 0.011409 -0.023067
-0.110867 0.009683 0.013983
-0.063093 -0.001493 0.025770
-0.036265 -0.010067 0.064495
0.009580 -0.032146 0.043033
0.041356 -0.063401 0.031753
0.018765 -0.105272 0.033565
-0.017326 -0.093383 -0.000823
-0.044170 -0.095109 -0.039314
-0.081004 -0.098547 -0.069174
-0.117285 -0.123707 -0.084969
-0.131308 -0.091123 -0.120015
-0.110282 -0.073030 -0.154856
-0.159922 -0.053512 -0.170321
-0.197768 -0.044007 -0.140242
-0.169929 -0.008930 -0.117587
-0.147575 0.020545 -0.093202
-0.100338 0.031297 -0.073579
-0.066697 0.035721 -0.033922
-0.017975 0.037583 -0.010237
0.007557 0.027914 0.029723
0.053260 0.009204 0.041400
0.047237 -0.010409 0.087356
0.047916 -0.021011 0.131405
0.043316 -0.022942 0.176977
0.074507 0.010314 0.194665
0.095991 0.045993 0.212106
0.118534 0.056594 0.172352
0.079819 0.072441 0.148448
0.052817 0.097615 0.119947
0.006308 0.120817 0.116969
0.011778 0.162003 0.110204
0.016757 0.159195 0.068145
-0.030321 0.138883 0.059582
-0.069432 0.163674 0.067486
-0.070033 0.178740 0.027266
-0.079249 0.142910 0.006957
-0.119277 0.132268 0.028433
-0.146342 0.165646 0.018168
-0.145646 0.159373 -0.024151
-0.167178 0.120352 -0.021805
-0.208455 0.130158 -0.002662
-0.217624 0.162195 -0.032110
-0.227678 0.132446 -0.063082
-0.265809 0.113517 -0.046505
-0.294660 0.146827 -0.039575
-0.297442 0.158305 -0.082032
-0.315796 0.117475 -0.094190
-0.339873 0.091288 -0.067377
-0.301884 0.066332 -0.042608
-0.267089 0.040035 -0.019348
-0.230634 0.024585 0.013119
-0.188014 0.004082 0.029393
-0.157835 -0.005794 0.064920
-0.110424 -0.031475 0.072920
-0.084450 -0.069592 0.093737
-0.085352 -0.104217 0.116585
-0.123150 -0.089014 0.147954
-0.139939 -0.051184 0.162102
-0.108037 -0.027640 0.194473
-0.073084 0.002712 0.172215
-0.074364 0.019011 0.133518
-0.123214 0.024174 0.130389
-0.128873 0.047171 0.165368
-0.102536 0.080002 0.153553
-0.130059 0.089343 0.119247
-0.171699 0.095657 0.142698
-0.153977 0.126967 0.166507
-0.142643 0.152867 0.134904
-0.187777 0.155662 0.121045
-0.208866 0.172111 0.155954
-0.182006 0.207407 0.157752
-0.193974 0.222117 0.116845
-0.244056 0.218597 0.114828
-0.255059 0.232239 0.159645
-0.224311 0.242224 0.192593
-0.206510 0.214475 0.222699
-0.181848 0.191163 0.250913
-0.165613 0.154538 0.265239
-0.204234 0.142321 0.286714
-0.234444 0.140527 0.253300
-0.208423 0.113599 0.229341
-0.206067 0.082371 0.257348
-0.253889 0.076961 0.264923
-0.266188 0.067538 0.224771
-0.237495 0.034365 0.218871
-0.254158 0.013149 0.253877
-0.299766 0.008437 0.239015
-0.284163 -0.013436 0.202212
-0.238207 -0.032064 0.226116
-0.215900 -0.050636 0.259571
-0.168695 -0.049445 0.242405
-0.147670 -0.011642 0.248086
-0.089620 -0.003999 0.244216
-0.048138 0.016751 0.244724
-0.003984 0.032721 0.256319
0.027491 0.064908 0.267475
0.027650 0.082179 0.228394
-0.020488 0.091411 0.224634
-0.023982 0.116120 0.258240
0.006877 0.145649 0.243777
-0.016979 0.154223 0.207811
-0.057512 0.168071 0.226981
-0.034811 0.201120 0.245780
-0.020773 0.218488 0.209279
-0.066397 0.222925 0.193100
-0.081241 0.250524 0.221300
-0.047837 0.279917 0.210802
-0.061496 0.283026 0.169855
-0.107721 0.294846 0.177690
-0.097841 0.329361 0.202047
-0.072404 0.348030 0.172092
-0.109634 0.349043 0.143728
-0.136714 0.374724 0.167042
-0.106520 0.408185 0.172709
-0.106567 0.425813 0.133587
-0.150183 0.449083 0.143453
-0.133821 0.481051 0.169484
-0.114456 0.519703 0.174987
-0.068926 0.508677 0.185114
-0.059552 0.496720 0.140722
-0.065717 0.539261 0.121539
-0.024377 0.564340 0.120386
-0.006118 0.583104 0.082910
-0.027460 0.602156 0.040357
-0.059852 0.640123 0.048700
-0.021990 0.675624 0.066663
0.008315 0.700059 0.032110
-0.029610 0.732712 0.012762
-0.022433 0.772295 0.041236
-0.015066 0.814918 0.052570
-0.020046 0.853926 0.073703
-0.032787 0.895413 0.079631
-0.065448 0.938407 0.074402
-0.111041 0.965088 0.081716
-0.160870 0.993248 0.084845
-0.220738 1.000000 0.081209
-0.274567 0.995508 0.087960
-0.325945 0.990522 0.097717
-0.381118 0.972867 0.084543
-0.425272 0.948487 0.097470
-0.464035 0.914876 0.096468
-0.495257 0.878361 0.098156
-0.539617 0.848694 0.092694
-0.577352 0.816987 0.071274
-0.606188 0.780307 0.056467
-0.639528 0.748504 0.035925
-0.669565 0.727301 -0.003485
-0.683856 0.687814 -0.032934
-0.705941 0.652504 -0.059994
-0.718825 0.620687 -0.095590
-0.721845 0.596527 -0.141902
-0.707427 0.569407 -0.177773
-0.690654 0.523770 -0.199385
-0.678497 0.485708 -0.221451
-0.642690 0.442755 -0.229629
-0.609824 0.408363 -0.242418
-0.558398 0.379710 -0.242624
-0.511398 0.359425 -0.247262
-0.459640 0.356166 -0.221780
-0.415249 0.338113 -0.193540
-0.359586 0.353399 -0.196325
-0.331700 0.374300 -0.165395
-0.281807 0.370615 -0.144002
-0.224769 0.383107 -0.142218
-0.181785 0.392489 -0.123775
-0.139133 0.383326 -0.095905
-0.092323 0.378080 -0.079439
-0.052564 0.366054 -0.057373
-0.027428 0.360959 -0.020721
0.012663 0.362082 0.005489
0.035222 0.333429 0.032522
0.069511 0.337059 0.062574
0.106109 0.310515 0.081318
0.134833 0.307584 0.114197
0.163194 0.288135 0.142753
0.166324 0.280971 0.186102
0.220991 0.264220 0.194528
0.250490 0.284875 0.232936
0.275958 0.296298 0.268216
0.308081 0.318801 0.291242
0.352393 0.338278 0.302056
0.389339 0.358727 0.321034
0.432101 0.379573 0.331435
0.477283 0.393886 0.347504
0.494878 0.407391 0.393995
0.541545 0.398378 0.422524
0.571171 0.429470 0.454071
0.571155 0.448987 0.495101
0.555505 0.459534 0.545050
0.538162 0.446385 0.586382
0.525816 0.447179 0.630129
0.499083 0.422210 0.669018
0.482547 0.394105 0.701965
0.459166 0.370752 0.736065
0.432655 0.328334 0.755441
0.432117 0.287422 0.779002
0.401148 0.250127 0.803085
0.377577 0.222597 0.835099
0.352046 0.177329 0.852252
0.323116 0.141540 0.869583
0.282171 0.119571 0.892554
0.244736 0.081330 0.907045
0.199459 0.059881 0.920561
0.149346 0.051239 0.940706
0.099153 0.056498 0.960905
0.045751 0.067332 0.971581
-0.005802 0.076673 0.977111
-0.054509 0.098944 0.987869
-0.098805 0.125693 0.983355
-0.140018 0.147964 1.000000
-0.195523 0.166797 0.999643
-0.250095 0.174371 0.982929
-0.301031 0.169892 0.975574
-0.353943 0.159387 0.975410
-0.401796 0.134103 0.956761
-0.450424 0.113545 0.952054
-0.503968 0.102806 0.932953
-0.553797 0.091041 0.937069
-0.604006 0.076495 0.915100
-0.656602 0.072112 0.902475
-0.694954 0.088398 0.872712
-0.742048 0.078070 0.840958
-0.761098 0.070154 0.799778
-0.781728 0.043870 0.758391
-0.802880 -0.001342 0.741074
-0.813377 -0.028188 0.707687
-0.825187 -0.066004 0.683083
-0.817867 -0.101765 0.645209
-0.828870 -0.133898 0.618657
-0.819527 -0.158223 0.575898
-0.809172 -0.197313 0.553394
-0.804809 -0.212804 0.504624
-0.800620 -0.247593 0.468507
-0.793095 -0.247360 0.417995
-0.783625 -0.272808 0.378969
-0.791166 -0.275904 0.333178
-0.789048 -0.262960 0.282858
-0.799497 -0.273794 0.237012
-0.807386 -0.245182 0.194267
-0.831700 -0.221775 0.161073
-0.859855 -0.181370 0.137484
-0.869483 -0.153949 0.105250
-0.891489 -0.116366 0.090622
-0.912783 -0.068935 0.091404
-0.940085 -0.024955 0.079191
-0.964762 0.016285 0.090485
-0.978421 0.055499 0.113923
-1.000000 0.100040 0.125244
-0.996965 0.138431 0.149463
-0.989598 0.176015 0.173889
-0.975149 0.225404 0.185485
-0.941966 0.260029 0.196188
-0.906807 0.302393 0.189437
-0.869388 0.335648 0.184771
-0.830498 0.363959 0.156338
-0.797822 0.397091 0.143028
-0.745447 0.412965 0.121017
-0.713403 0.444495 0.106636
-0.659858 0.467176 0.111755
-0.623720 0.501815 0.110039
-0.576546 0.520785 0.135014
-0.539253 0.553465 0.138746
-0.513121 0.561628 0.182191
-0.474864 0.591993 0.205039
-0.445539 0.607511 0.246082
-0.424813 0.634165 0.276450
-0.389402 0.645314 0.319099
-0.363302 0.652436 0.359593
-0.317756 0.664612 0.393021
-0.276748 0.659681 0.422112
-0.219141 0.658326 0.428987
-0.173991 0.684144 0.437810
-0.113776 0.681075 0.445070
-0.063441 0.668064 0.442311
-0.005849 0.668283 0.435340
0.044391 0.648341 0.436342
0.083296 0.619030 0.447540
0.125348 0.584802 0.434174
0.163115 0.558875 0.441543
0.182085 0.512183 0.455101
0.216138 0.476134 0.464500
0.216533 0.426223 0.480240
0.227599 0.391297 0.503883
0.225575 0.341318 0.520707
0.220438 0.298708 0.536666
0.198716 0.250209 0.537160
0.216596 0.201326 0.530120
0.247992 0.160866 0.529873
0.267073 0.116818 0.527582
0.293269 0.074948 0.518498
0.293063 0.035077 0.488528
0.331431 0.008108 0.460960
0.358037 -0.021832 0.436795
0.371380 -0.044843 0.391402
0.389022 -0.061361 0.350276
0.393212 -0.074249 0.306296
0.398065 -0.074331 0.254261
0.421114 -0.038542 0.223221
0.461553 -0.012820 0.196558
0.484049 0.020134 0.169759
0.492839 0.058306 0.146692
0.492538 0.109805 0.148475
0.506086 0.153689 0.148338
0.489867 0.196518 0.127686
0.489250 0.244456 0.130568
0.478468 0.284560 0.120619
0.468635 0.327567 0.120262
0.436069 0.363781 0.128468
0.417652 0.404597 0.126314
0.390255 0.439208 0.121429
0.354907 0.460629 0.095109
0.343351 0.499555 0.106101
0.344031 0.519264 0.058512
0.301363 0.533933 0.028035
0.276669 0.567873 0.009057
0.257557 0.600293 -0.011444
0.249273 0.631987 -0.042402
0.229543 0.670296 -0.048412
0.220864 0.699429 -0.085257
0.219616 0.747723 -0.086368
0.240230 0.770336 -0.128990
0.239788 0.811261 -0.158671
0.266410 0.821301 -0.202747
0.287736 0.814576 -0.251187
0.277902 0.826602 -0.301850
0.250379 0.796524 -0.336828
0.231614 0.786416 -0.376376
0.181074 0.765515 -0.390002
0.138248 0.756037 -0.408541
0.087106 0.733273 -0.420616
0.039475 0.707606 -0.403038
0.010987 0.673981 -0.381796
-0.017342 0.643889 -0.352293
-0.054034 0.604224 -0.363683
-0.043379 0.555998 -0.346735
-0.040708 0.510731 -0.343607
-0.025863 0.467108 -0.335140
-0.041846 0.427127 -0.341398
-0.061812 0.386312 -0.338626
-0.067440 0.346345 -0.355559
-0.105366 0.319335 -0.360334
-0.138437 0.289847 -0.370132
-0.186148 0.281067 -0.376417
-0.226287 0.258399 -0.366358
-0.271864 0.245963 -0.374921
-0.317915 0.229007 -0.369460
-0.345975 0.188711 -0.375415
-0.390872 0.172330 -0.364067
-0.422901 0.144102 -0.383786
-0.446076 0.104409 -0.408500
-0.484444 0.075180 -0.419477
-0.520393 0.051335 -0.441817
-0.575866 0.051705 -0.430922
-0.619546 0.069031 -0.451697
-0.659605 0.098985 -0.466627
-0.688425 0.132460 -0.488391
-0.703617 0.174974 -0.500974
-0.715742 0.211804 -0.536419
-0.706747 0.249551 -0.560515
-0.699301 0.278574 -0.603988
-0.675952 0.303352 -0.637209
-0.649314 0.307529 -0.683454
-0.627498 0.305899 -0.729300
-0.584134 0.309748 -0.763468
-0.567804 0.280643 -0.803593
-0.550509 0.251127 -0.839600
-0.521374 0.215187 -0.863202
-0.510655 0.176412 -0.884650
-0.524124 0.125009 -0.886228
-0.536724 0.075934 -0.892746
-0.537815 0.027407 -0.881494
-0.572831 -0.008040 -0.857439
-0.602725 -0.045075 -0.841123
-0.633363 -0.070551 -0.802701
-0.670893 -0.099012 -0.771908
-0.699507 -0.124214 -0.739948
-0.737559 -0.135336 -0.699715
-0.782250 -0.132953 -0.665793
-0.819638 -0.147553 -0.628866
-0.866400 -0.149977 -0.596180
-0.898792 -0.181507 -0.567541
-0.941302 -0.188177 -0.530573
-0.962201 -0.208475 -0.490930
-0.978516 -0.235225 -0.455005
-0.987890 -0.271959 -0.421522
-0.989345 -0.308981 -0.390414
-0.973030 -0.349495 -0.367635
-0.939437 -0.384024 -0.353583
-0.914996 -0.423032 -0.328005
-0.870906 -0.453302 -0.334042
-0.823400 -0.476641 -0.354585
-0.781254 -0.494295 -0.370256
-0.725575 -0.482215 -0.381988
-0.673865 -0.478846 -0.397247
-0.639844 -0.451370 -0.416870
-0.604401 -0.410952 -0.423814
-0.554572 -0.400775 -0.433282
-0.517073 -0.386695 -0.464775
-0.489076 -0.361220 -0.496556
-0.432449 -0.351331 -0.507067
-0.386208 -0.369533 -0.520391
-0.329139 -0.361357 -0.529146
-0.289395 -0.395803 -0.516631
-0.262378 -0.432291 -0.524426
-0.252988 -0.477503 -0.503499
-0.265493 -0.523976 -0.490051
-0.263279 -0.570613 -0.477893
-0.279215 -0.612798 -0.451464
-0.323258 -0.638465 -0.437824
-0.336537 -0.671474 -0.400966
-0.374399 -0.702100 -0.371559
-0.396848 -0.721973 -0.332492
-0.434757 -0.742025 -0.301424
-0.466944 -0.741792 -0.256539
-0.490815 -0.720754 -0.212778
-0.543490 -0.708592 -0.188860
-0.577953 -0.683322 -0.164242
-0.630944 -0.667064 -0.146280
-0.656127 -0.633179 -0.113744
-0.704581 -0.609867 -0.099885
-0.738064 -0.591815 -0.068721
-0.779468 -0.561422 -0.044433
-0.810959 -0.543302 -0.010484
-0.839636 -0.541480 0.031781
-0.862290 -0.542891 0.077778
-0.876692 -0.552643 0.123089
-0.880059 -0.564792 0.168647
-0.900673 -0.580091 0.211804
-0.902982 -0.597006 0.260299
-0.891710 -0.607525 0.304018
-0.892785 -0.604293 0.356396
-0.894745 -0.603471 0.401625
-0.890003 -0.587350 0.451107
-0.883695 -0.554821 0.491547
-0.885734 -0.535399 0.535966
-0.854702 -0.502554 0.566306
-0.828380 -0.480421 0.601312
-0.789064 -0.461917 0.632887
-0.742696 -0.443618 0.648777
-0.699238 -0.437249 0.678212
-0.640145 -0.432401 0.679227
-0.591723 -0.430305 0.687378
-0.532155 -0.426360 0.678472
-0.489060 -0.419033 0.653374
-0.444290 -0.392338 0.630568
-0.425983 -0.361233 0.599844
-0.402729 -0.328403 0.573373
-0.386446 -0.297928 0.541016
-0.361800 -0.260180 0.524796
-0.346291 -0.223624 0.504762
-0.329992 -0.185643 0.474696
-0.336458 -0.143828 0.491602
-0.298359 -0.116558 0.506093
-0.254110 -0.096698 0.497846
-0.240673 -0.048390 0.499780
-0.245321 -0.008958 0.530642
-0.215679 0.001890 0.564577
-0.164965 0.020244 0.581277
-0.118281 0.041870 0.591459
-0.069163 0.050458 0.596674
-0.014750 0.039186 0.578752
0.031475 0.027133 0.562889
0.059884 -0.004725 0.533784
0.105713 -0.014395 0.518964
0.101635 -0.062114 0.498779
0.091738 -0.079467 0.459066
0.132430 -0.085973 0.435340
0.155258 -0.116654 0.458174
0.119910 -0.145006 0.453920
0.118503 -0.147252 0.411615
0.166182 -0.159633 0.408692
0.162783 -0.194313 0.433543
0.127703 -0.213639 0.410215
0.154989 -0.216145 0.375525
0.189484 -0.240019 0.393638
0.159052 -0.271699 0.404849
0.145757 -0.280177 0.364657
0.190875 -0.289203 0.350413
0.196835 -0.321239 0.379161
0.156823 -0.344208 0.366015
0.166925 -0.348564 0.322666
0.215363 -0.356179 0.308889
0.241874 -0.325376 0.287579
0.286502 -0.328142 0.315105
0.320728 -0.363877 0.293795
0.355128 -0.354180 0.259256
0.395362 -0.330854 0.283558
0.410870 -0.348550 0.320265
0.428165 -0.388243 0.306872
0.470216 -0.368082 0.290447
0.486910 -0.344811 0.324039
0.496301 -0.381710 0.346392
0.525262 -0.402611 0.317946
0.560959 -0.367356 0.322845
0.574222 -0.369342 0.370791
0.605018 -0.407911 0.376499
0.652997 -0.419005 0.396520
0.693468 -0.448604 0.398043
0.740910 -0.470340 0.397426
0.780005 -0.497172 0.399223
0.808271 -0.536494 0.376101
0.834593 -0.565285 0.348780
0.862448 -0.602498 0.330406
0.865009 -0.642342 0.297445
0.867254 -0.677131 0.269781
0.849848 -0.707784 0.229465
0.833012 -0.737012 0.197231
0.796225 -0.761817 0.167055
0.763975 -0.790579 0.136153
0.725322 -0.822178 0.120839
0.684694 -0.851968 0.124036
0.640477 -0.886182 0.115761
0.586885 -0.896673 0.122993
0.545893 -0.929230 0.121401
0.498799 -0.941242 0.141504
0.440685 -0.955979 0.139268
0.397765 -0.981044 0.144016
0.335810 -0.986714 0.146966
0.282819 -0.982386 0.151618
0.225797 -0.974744 0.137703
0.175952 -0.984359 0.108736
0.137362 -0.984085 0.073497
0.101666 -0.992029 0.040234
0.085557 -0.988755 -0.011197
0.081162 -0.979222 -0.056934
0.065464 -0.984276 -0.100365
0.055837 -0.993138 -0.145457
0.017832 -1.000000 -0.179639
-0.028693 -0.997891 -0.206342
-0.074191 -0.983455 -0.227434
-0.123372 -0.985550 -0.241554
-0.169201 -0.955349 -0.246892
-0.204186 -0.926532 -0.277602
-0.235045 -0.909781 -0.311263
-0.272211 -0.894345 -0.338255
-0.299592 -0.863610 -0.371985
-0.314026 -0.832368 -0.404246
-0.309188 -0.807933 -0.450737
-0.314911 -0.785347 -0.489297
-0.294407 -0.753599 -0.527170
-0.291862 -0.739779 -0.570149
-0.263216 -0.714180 -0.608983
-0.244973 -0.682158 -0.638966
-0.211158 -0.656874 -0.676016
-0.188235 -0.622920 -0.699536
-0.148365 -0.592979 -0.724346
-0.114108 -0.565435 -0.749705
-0.101066 -0.527030 -0.777836
-0.068515 -0.486255 -0.791750
-0.047363 -0.444796 -0.803455
-0.004711 -0.407117 -0.805884
0.020551 -0.366602 -0.805596
0.050351 -0.334046 -0.776120
0.098773 -0.319349 -0.753575
0.131229 -0.311830 -0.711008
0.163194 -0.319541 -0.668853
0.158926 -0.327348 -0.618465
0.149772 -0.355330 -0.581758
0.138580 -0.381764 -0.545860
0.131434 -0.399899 -0.498408
0.105397 -0.425580 -0.464596
0.093161 -0.462971 -0.432912
0.104401 -0.505116 -0.404616
0.115214 -0.540110 -0.375278
0.148381 -0.572311 -0.346900
0.184330 -0.597567 -0.325466
0.229022 -0.620715 -0.311593
0.274583 -0.640725 -0.321733
0.333707 -0.644917 -0.321898
0.387758 -0.657298 -0.319387
0.442630 -0.637835 -0.328018
0.490293 -0.623673 -0.328183
0.528835 -0.586788 -0.316313
0.575187 -0.590747 -0.287236
0.619846 -0.586062 -0.269589
0.651432 -0.546342 -0.251022
0.652855 -0.518785 -0.206342
0.660190 -0.541507 -0.162335
0.711332 -0.532071 -0.136715
0.710304 -0.501609 -0.098924
0.693167 -0.503157 -0.057579
0.677643 -0.508704 -0.017414
0.675857 -0.482283 0.026498
0.665281 -0.480161 0.068927
0.662404 -0.451398 0.109902
0.664727 -0.437482 0.152180
0.694891 -0.398310 0.173258
0.726587 -0.368492 0.199536
0.773223 -0.344688 0.204229
0.820112 -0.334347 0.188380
0.864060 -0.308515 0.165669
0.892263 -0.266658 0.148105
0.916798 -0.238800 0.119027
0.911961 -0.193026 0.100639
0.909779 -0.150484 0.111110
0.899409 -0.109121 0.124914
0.862764 -0.069962 0.117710
0.848125 -0.037542 0.150712
0.799323 -0.009779 0.141573
0.767564 0.010026 0.164215
0.758774 0.059580 0.150493
0.721987 0.075756 0.112921
0.669723 0.090192 0.123295
0.680773 0.133500 0.145498
0.699870 0.159182 0.105387
0.682338 0.186958 0.074238
0.665502 0.221432 0.057277
0.689642 0.223514 0.016316
0.705767 0.207120 -0.030560
0.714462 0.199340 -0.071452
0.746838 0.157935 -0.078945
0.749968 0.119968 -0.059280
0.729338 0.098163 -0.091020
0.762963 0.106491 -0.120537
0.799529 0.089398 -0.097881
0.781317 0.050088 -0.094986
0.778725 0.042870 -0.135947
0.827495 0.048527 -0.142904
0.842292 0.017395 -0.116722
0.817804 -0.014039 -0.135947
0.837407 -0.008286 -0.174177
0.883300 -0.014751 -0.160757
0.875870 -0.054293 -0.147035
0.863159 -0.070702 -0.183934
0.904879 -0.062032 -0.204078
0.935121 -0.082097 -0.176387
0.909748 -0.121050 -0.184195
0.880644 -0.127268 -0.219694
0.831700 -0.111408 -0.219873
0.789095 -0.096985 -0.234377
0.752719 -0.068770 -0.237698
0.707016 -0.053019 -0.239990
0.670324 -0.030023 -0.254055
0.628810 -0.011204 -0.244998
0.602330 -0.048185 -0.245204
0.625142 -0.063881 -0.210514
0.615246 -0.033694 -0.181711
0.567251 -0.038994 -0.180833
0.567172 -0.080741 -0.171337
0.590426 -0.074838 -0.133024
0.559662 -0.046103 -0.114293
0.518433 -0.069264 -0.116050
0.538431 -0.099437 -0.086574
0.535680 -0.065497 -0.053119
0.499083 -0.048815 -0.026635
0.527650 -0.006081 -0.012034
0.515856 0.034940 -0.038532
0.519935 0.077194 -0.049455
0.524630 0.108901 -0.077010
0.535744 0.147444 -0.095302
0.536186 0.177672 -0.124489
0.580467 0.166400 -0.143631
0.568816 0.129967 -0.165752
0.536866 0.156908 -0.196353
0.574507 0.191273 -0.210226
0.592070 0.201134 -0.255455
0.603389 0.237129 -0.271949
0.631513 0.267357 -0.297774
0.657993 0.301968 -0.304965
0.674355 0.333662 -0.333960
0.723093 0.349810 -0.309768
0.773998 0.333470 -0.331572
0.791261 0.359973 -0.371106
0.835383 0.393461 -0.363120
0.889339 0.375396 -0.376184
0.920134 0.370657 -0.419793
0.958929 0.372286 -0.446675
0.983021 0.343907 -0.484645
0.990151 0.328183 -0.527651
1.000000 0.310624 -0.568310
0.987147 0.281903 -0.611247
0.966343 0.260961 -0.649066
0.952305 0.235786 -0.683632
0.916166 0.218063 -0.722164
0.874431 0.217625 -0.761136
0.842355 0.213530 -0.796896
0.809504 0.227432 -0.838941
0.772923 0.259125 -0.867470
0.753193 0.275246 -0.911258
0.723963 0.314514 -0.937591
0.700914 0.354632 -0.956020
0.684235 0.404364 -0.966325
0.690211 0.444399 -0.997297
0.687698 0.496884 -1.000000
0.695934 0.546644 -0.983451
0.715569 0.594089 -0.993166
