0.404500 0.729977 -0.705853
0.358556 0.691292 -0.739852
0.315348 0.620627 -0.737366
0.274569 0.566175 -0.773376
0.221593 0.540737 -0.761699
0.232993 0.428380 -0.724934
0.259472 0.473160 -0.654728
0.218294 0.545451 -0.626121
0.182083 0.451583 -0.615226
0.211353 0.382096 -0.561726
0.217805 0.466699 -0.500293
0.164231 0.487870 -0.484453
0.150837 0.369783 -0.462160
0.187121 0.356902 -0.398184
0.167185 0.450079 -0.348848
0.117489 0.396603 -0.338315
0.135522 0.292088 -0.302193
0.160388 0.343492 -0.235200
0.116311 0.398878 -0.200279
0.083923 0.295258 -0.194077
0.117434 0.225934 -0.145802
0.119736 0.302369 -0.079285
0.066307 0.322402 -0.061824
0.048382 0.202934 -0.055008
0.087711 0.159373 0.004861
0.074843 0.239709 0.065233
0.022320 0.196554 0.073223
0.036819 0.084197 0.101076
0.064440 0.121947 0.170527
0.022809 0.188346 0.206230
-0.013765 0.096103 0.217461
0.019039 0.026738 0.269507
0.031110 0.118778 0.328845
-0.027485 0.153927 0.350245
-0.055233 0.030152 0.354379
-0.073792 -0.074444 0.390390
-0.098422 -0.117315 0.317139
-0.042963 -0.136657 0.280067
-0.018441 -0.234630 0.327336
-0.005066 -0.338982 0.268725
0.020399 -0.410175 0.211342
0.005682 -0.344061 0.143596
0.032813 -0.238165 0.166895
0.083742 -0.286887 0.155804
0.077417 -0.296071 0.070233
0.068119 -0.172620 0.058695
0.119084 -0.140355 0.087275
0.147031 -0.197976 0.025646
0.123977 -0.132675 -0.037771
0.138132 -0.019139 -0.009443
0.193374 -0.037344 -0.013521
0.193519 -0.052786 -0.098449
0.168272 0.058800 -0.120380
0.208671 0.127555 -0.086995
0.249015 0.079727 -0.136974
0.227266 0.121297 -0.209079
0.229912 0.245276 -0.188853
0.286314 0.252712 -0.163570
0.311379 0.154740 -0.227155
0.289485 0.117477 -0.300964
0.284157 0.230810 -0.338120
0.336698 0.265716 -0.335857
0.355384 0.164005 -0.377874
0.326422 0.179975 -0.450007
0.350454 0.288065 -0.469088
0.404011 0.256410 -0.471490
0.396435 0.165468 -0.528063
0.374704 0.233045 -0.593742
0.422606 0.307895 -0.599022
0.476851 0.278963 -0.575527
0.519823 0.282945 -0.517558
0.569483 0.269414 -0.468725
0.594929 0.151692 -0.418047
0.599351 0.034540 -0.389328
0.579270 -0.079686 -0.380053
0.559062 -0.068552 -0.297416
0.523212 0.021699 -0.315742
0.493380 -0.044130 -0.371923
0.482016 -0.140355 -0.321497
0.452438 -0.076273 -0.264562
0.411859 -0.036897 -0.314653
0.395746 -0.151896 -0.339237
0.387427 -0.202446 -0.260120
0.347464 -0.127514 -0.230032
0.308932 -0.178309 -0.280123
0.312775 -0.293429 -0.243917
0.296681 -0.263400 -0.165610
0.245517 -0.221261 -0.185640
0.227936 -0.325735 -0.221092
0.234171 -0.398147 -0.151055
0.199228 -0.334959 -0.100573
0.153954 -0.358487 -0.148680
0.154516 -0.482547 -0.145272
0.152305 -0.491649 -0.059003
0.104657 -0.430899 -0.048862
0.073864 -0.511480 -0.096941
0.083978 -0.612703 -0.050230
0.062899 -0.569588 0.022964
0.011790 -0.555691 -0.009052
0.002420 -0.675078 -0.029026
0.010177 -0.720265 0.050594
-0.029678 -0.655817 0.088839
-0.071526 -0.701735 0.040900
-0.063588 -0.818765 0.064674
-0.072867 -0.804949 0.148848
-0.124793 -0.756715 0.145216
-0.149586 -0.855012 0.093533
-0.123705 -0.968589 0.121581
-0.115586 -0.925596 0.218382
-0.143189 -0.876752 0.285738
-0.118268 -0.941566 0.351641
-0.062229 -0.888740 0.327923
-0.051934 -0.768987 0.322084
-0.034263 -0.748303 0.403660
0.010938 -0.833801 0.393547
0.035949 -0.783128 0.318508
0.024694 -0.648787 0.330465
0.062047 -0.540656 0.359631
0.099256 -0.449023 0.368990
0.144149 -0.525458 0.373460
0.138277 -0.577512 0.295460
0.139709 -0.474989 0.248303
0.192196 -0.444309 0.270317
0.215648 -0.548946 0.239950
0.199880 -0.532813 0.159268
0.225490 -0.427201 0.145356
0.277270 -0.465683 0.156754
0.276182 -0.549961 0.093421
0.263242 -0.473851 0.027518
0.310328 -0.407046 0.033161
0.345815 -0.498517 0.018885
0.323939 -0.528181 -0.057662
0.332639 -0.418018 -0.096075
0.388044 -0.424438 -0.088839
0.397849 -0.532407 -0.127671
0.372493 -0.500589 -0.203548
0.394695 -0.387297 -0.224082
0.451768 -0.437279 -0.219751
0.469185 -0.514690 -0.282386
0.508151 -0.442724 -0.319598
0.548695 -0.469950 -0.260707
0.561490 -0.586899 -0.297416
0.558300 -0.564143 -0.395027
0.510816 -0.511764 -0.434223
0.542496 -0.417693 -0.495404
0.575808 -0.328335 -0.547171
0.629727 -0.304604 -0.542282
0.647072 -0.333699 -0.619863
0.612781 -0.249624 -0.659282
0.630814 -0.142306 -0.616231
0.691385 -0.157625 -0.630647
0.705395 -0.154131 -0.714541
0.709309 -0.020521 -0.712446
0.760419 -0.015360 -0.669228
0.807994 0.043764 -0.671574
0.852471 0.091267 -0.638748
0.896113 0.158316 -0.617768
0.950558 0.157341 -0.643218
0.976330 0.260271 -0.579047
1.000000 0.299118 -0.498505
0.948419 0.366004 -0.457047
0.906498 0.333049 -0.396536
0.859394 0.270551 -0.363431
0.817491 0.203584 -0.407291
0.778652 0.140030 -0.444811
0.726998 0.177374 -0.468808
0.683374 0.109350 -0.497192
0.633624 0.142671 -0.530074
0.577476 0.117193 -0.553178
0.524934 0.105856 -0.576421
0.473480 0.086147 -0.540746
0.442144 -0.034418 -0.559128
0.421392 -0.147670 -0.555273
0.453888 -0.196595 -0.620115
0.504690 -0.183632 -0.575052
0.488342 -0.261327 -0.497276
0.445696 -0.347434 -0.535829
0.424872 -0.444309 -0.581450
0.384963 -0.519403 -0.613438
0.395148 -0.614978 -0.560805
0.373544 -0.556910 -0.491996
0.322127 -0.528790 -0.519905
0.308751 -0.653420 -0.538064
0.327818 -0.733228 -0.475877
0.322707 -0.660206 -0.402319
0.278847 -0.584014 -0.410784
0.240098 -0.657199 -0.450147
0.249377 -0.779268 -0.423802
0.264366 -0.751270 -0.334935
0.230836 -0.636718 -0.307082
0.178258 -0.632005 -0.354072
0.154063 -0.744524 -0.366168
0.147285 -0.791255 -0.286884
0.113791 -0.702345 -0.254393
0.073810 -0.713032 -0.313116
0.060978 -0.832216 -0.293924
0.048527 -0.812670 -0.212516
0.007349 -0.731805 -0.226261
-0.024712 -0.807753 -0.271183
-0.031780 -0.893047 -0.210448
-0.054037 -0.817140 -0.153429
-0.099039 -0.780771 -0.198603
-0.120262 -0.891056 -0.209135
-0.126551 -0.915031 -0.125297
-0.159264 -0.821894 -0.105490
-0.201729 -0.849283 -0.159184
-0.212259 -0.964688 -0.130493
-0.222952 -0.932220 -0.048163
-0.262227 -0.846357 -0.061126
-0.299327 -0.921899 -0.096550
-0.304111 -0.998497 -0.027406
-0.320550 -0.911658 0.029892
-0.367944 -0.876224 -0.010113
-0.393046 -0.992076 -0.001760
-0.391451 -1.000000 0.090711
-0.418166 -0.888252 0.119905
-0.473607 -0.888943 0.148624
-0.465306 -0.854362 0.242408
-0.422787 -0.747816 0.240341
-0.412475 -0.624568 0.237128
-0.359571 -0.632655 0.267384
-0.339453 -0.700841 0.201565
-0.353354 -0.621480 0.137729
-0.324483 -0.520297 0.164185
-0.274316 -0.574627 0.164716
-0.273192 -0.607867 0.082218
-0.277850 -0.493884 0.048163
-0.228770 -0.452924 0.078475
-0.196582 -0.536714 0.037491
-0.213310 -0.506075 -0.041486
-0.196890 -0.387297 -0.039251
-0.143370 -0.415864 -0.027797
-0.135323 -0.487708 -0.097081
-0.147303 -0.398675 -0.155385
-0.103950 -0.322402 -0.134963
-0.062827 -0.411150 -0.150636
-0.075441 -0.434638 -0.232546
-0.062863 -0.320493 -0.259673
-0.008944 -0.326181 -0.243079
0.002166 -0.422122 -0.294901
-0.015614 -0.366573 -0.366951
0.019583 -0.269901 -0.364073
0.065509 -0.333658 -0.367202
0.057299 -0.385794 -0.442995
0.049977 -0.279532 -0.489454
0.100180 -0.223170 -0.472021
0.134852 -0.325938 -0.499790
0.127801 -0.359056 -0.581087
0.162871 -0.280020 -0.621875
0.210465 -0.322443 -0.589719
0.204593 -0.439351 -0.617461
0.200859 -0.411963 -0.701131
0.250483 -0.357186 -0.709205
0.279934 -0.456987 -0.683531
0.262879 -0.532163 -0.746724
0.281366 -0.463570 -0.811286
0.335212 -0.459100 -0.788434
0.341864 -0.588890 -0.792764
0.311941 -0.631232 -0.866713
0.326766 -0.507213 -0.914206
0.366766 -0.430777 -0.943540
0.334415 -0.368605 -1.000000
0.301773 -0.318867 -0.936108
0.341392 -0.268276 -0.885626
0.355747 -0.178918 -0.945858
0.298584 -0.133732 -0.957620
0.277197 -0.072697 -0.892248
0.255249 0.025560 -0.852214
0.250392 0.100126 -0.784495
0.196111 0.081393 -0.769521
0.198793 -0.034703 -0.736332
0.228136 -0.001747 -0.667048
0.195114 0.086919 -0.636234
0.150329 0.011134 -0.624920
0.174199 -0.067780 -0.570527
0.186831 0.016376 -0.510993
0.137353 0.064610 -0.496438
0.114245 -0.044862 -0.470820
0.148300 -0.063595 -0.403157
0.132441 0.046650 -0.362760
0.077688 0.033321 -0.354714
0.076746 -0.040067 -0.287107
0.082256 0.051363 -0.226121
0.026651 0.093259 -0.239363
-0.009905 -0.002276 -0.221372
-0.013348 -0.010850 -0.135997
-0.044920 0.088748 -0.120296
-0.086714 0.053964 -0.170080
-0.101413 -0.046812 -0.127839
-0.112106 0.011175 -0.053667
-0.151852 0.091186 -0.080151
-0.187592 -0.001544 -0.113005
-0.181648 -0.108172 -0.048806
-0.177660 -0.039457 0.035731
-0.196147 0.018611 0.106942
-0.145472 0.032834 0.145858
-0.125046 0.104149 0.083280
-0.162672 0.193750 0.079872
-0.157053 0.232476 0.160078
-0.102065 0.256166 0.157424
-0.103678 0.340404 0.094650
-0.135123 0.421716 0.134376
-0.102754 0.439798 0.202514
-0.058405 0.482588 0.159994
-0.081929 0.575927 0.117251
-0.102845 0.638791 0.183853
-0.053855 0.653094 0.229501
-0.011826 0.683368 0.162984
-0.044123 0.753586 0.099316
-0.086098 0.816327 0.152731
-0.094616 0.829453 0.237100
-0.131807 0.758300 0.283699
-0.160026 0.719452 0.349770
-0.195041 0.664269 0.394608
-0.245118 0.653988 0.424808
-0.264655 0.637287 0.498729
-0.307555 0.624284 0.548484
-0.328416 0.737819 0.596480
-0.382896 0.724938 0.626009
-0.378220 0.778252 0.715100
-0.429185 0.873745 0.725548
-0.476634 0.919217 0.754239
-0.535156 0.943557 0.734544
-0.584852 0.969645 0.769828
-0.638300 0.941729 0.826372
-0.689192 1.000000 0.849253
-0.742386 0.940144 0.879452
-0.790378 0.959730 0.920492
-0.834256 0.980576 0.971169
-0.896023 0.949856 0.941780
-0.954201 0.919135 0.987149
-1.000000 0.838189 1.000000
