0.0000,0.0000,0.0000,1.0000,0.0000,0.0000,0.0000
0.9744,0.9967,0.0010,0.0028,0.0077,0.0796,0.0003
0.0003,1.0000,0.0000,0.0000,0.0000,0.0011,0.0000
1.0000,1.0000,0.0000,1.0000,0.0000,1.0000,0.0000
1.0000,1.0000,0.0000,0.0001,0.0000,1.0000,0.0000
0.0000,0.0000,0.0045,0.9939,0.0000,0.0000,0.0690
1.0000,0.9997,0.0000,1.0000,0.0000,0.9993,0.0000
0.9996,0.9999,0.0000,1.0000,0.0000,0.9997,0.0000
1.0000,1.0000,0.0000,0.9942,0.0000,1.0000,0.0000
0.0000,0.0000,0.0004,0.0247,0.0000,0.0001,0.9561
0.0000,0.0000,0.0040,1.0000,0.0000,0.0000,0.0000
1.0000,0.9999,0.0003,1.0000,0.0000,0.9999,0.0000
0.0000,0.0000,1.0000,0.9969,0.0683,0.0026,0.0000
0.0006,0.3046,0.0000,1.0000,1.0000,0.0001,0.0000
0.9977,1.0000,0.0000,0.0000,0.0000,0.9999,0.0000
1.0000,1.0000,0.0000,0.0000,0.0000,1.0000,0.0000
0.9996,1.0000,0.0000,0.0022,0.0000,0.9999,0.0000
0.9997,0.0003,0.0000,0.0000,0.0000,1.0000,0.0001
0.9993,0.9999,0.0006,0.9998,0.0003,0.9961,0.0001
0.9995,0.9988,0.0000,0.9945,0.0009,0.9685,0.0000
0.0001,0.0016,0.0846,0.0651,0.0001,0.0001,0.2603
0.3831,0.9379,0.0002,0.0001,0.0001,0.7360,0.0000
0.0452,0.9953,0.0002,0.0000,0.0000,0.0001,0.0000
0.0346,0.0320,0.9127,0.9726,0.0002,0.0225,0.0451
0.0002,0.0001,0.0001,0.9649,0.0028,0.0000,0.0039
0.0000,0.0000,0.0005,0.0021,0.0000,0.9921,0.0000
0.9999,1.0000,0.0000,0.9999,0.0000,0.9999,0.0000
1.0000,0.9997,0.0000,0.1872,0.0000,1.0000,0.0000
0.9975,0.9992,0.0006,0.0000,0.0012,1.0000,0.0000
1.0000,1.0000,0.0000,1.0000,0.0000,1.0000,0.0000
1.0000,1.0000,0.0000,0.0000,1.0000,1.0000,0.0000
0.9995,0.9879,0.0000,0.0000,0.0000,0.0218,0.0000
0.9999,0.9998,0.0000,1.0000,0.0000,0.9998,0.0000
0.0000,0.0000,1.0000,0.0000,1.0000,0.0001,0.0000
0.9979,0.9996,0.0001,0.9975,0.0001,0.9992,0.0000
1.0000,1.0000,0.0000,0.0000,0.0000,1.0000,0.0000
1.0000,1.0000,1.0000,1.0000,1.0000,1.0000,0.0000
0.0040,0.9521,0.5332,0.1154,0.0589,0.0805,0.0000
0.0003,0.0890,0.0000,0.0000,0.0000,0.0001,0.9985
1.0000,1.0000,0.0000,0.0000,0.0000,1.0000,0.0000
0.0018,0.8463,0.0006,0.0087,0.0003,0.0013,0.0030
1.0000,1.0000,0.0000,0.9997,0.0000,0.9811,0.0000
0.0000,0.0000,0.0000,0.0001,0.0000,1.0000,0.0000
0.0000,0.0007,0.0000,0.5976,0.0000,0.0000,0.9690
1.0000,1.0000,0.0000,0.0000,0.0000,1.0000,0.0000
0.0000,0.0000,0.0000,1.0000,0.0000,0.0000,0.0000
0.9973,0.9996,0.0001,0.9974,0.0001,0.9991,0.0000
0.0008,0.9993,0.0007,0.0008,0.0043,0.0003,0.0029
0.9672,0.9999,0.0098,0.0001,0.9972,0.2238,0.0000
1.0000,1.0000,1.0000,1.0000,0.0000,1.0000,0.0000
0.0000,0.0000,0.0000,0.0000,0.0000,1.0000,0.0000
0.0000,0.0000,0.0000,1.0000,0.0004,0.0000,0.0000
0.0000,0.1253,1.0000,0.0007,0.0145,0.8644,0.0000
0.0000,0.0038,0.9990,0.0000,0.9951,0.9985,0.0000
0.0000,0.0000,0.0000,1.0000,0.0000,0.9998,0.0000
0.8654,1.0000,0.0000,0.0005,0.0000,0.9908,0.0000
0.9996,0.0232,0.0000,0.9999,0.0000,0.0385,0.0000
0.9995,0.0001,0.0000,1.0000,0.0000,0.0002,0.0000
0.9999,1.0000,0.0000,0.0000,0.0000,0.9987,0.0000
0.0000,0.0000,0.0000,0.0000,0.0000,1.0000,0.0000
0.0000,0.0018,0.0000,0.0203,0.0000,0.0000,0.9998
0.9969,0.9999,0.9766,0.9953,0.9946,0.9996,0.0000
0.9996,1.0000,0.0001,0.0013,0.0000,0.9963,0.0000
0.0000,0.0000,0.0000,0.2800,0.0000,0.0000,0.8777
1.0000,0.9987,0.0002,0.0002,0.9985,0.9888,0.0006
0.0010,1.0000,0.0000,0.0000,0.0000,0.0017,0.0000
0.9748,1.0000,0.0001,0.0000,0.0000,0.9537,0.0000
0.0000,0.0000,0.9996,0.9993,0.9999,0.9999,0.0000
0.0199,0.6479,0.1988,0.0265,0.8353,0.0036,0.0046
0.0000,0.0000,0.9996,1.0000,0.0011,0.9999,0.0000
0.9517,0.8966,0.0000,1.0000,0.0000,0.9524,0.0000
1.0000,1.0000,0.0000,0.2612,0.0000,0.0118,0.0000
1.0000,1.0000,0.0000,0.0000,0.0000,0.9985,0.0000
0.0041,1.0000,0.0000,0.0000,0.0013,0.9996,0.0000
1.0000,1.0000,0.0000,0.0011,0.0000,0.9993,0.0000
0.0002,0.9998,0.9999,1.0000,0.0000,0.0001,0.0000
1.0000,1.0000,0.0001,0.0001,0.0000,1.0000,0.0000
0.0000,0.0000,0.0000,0.0000,0.0000,1.0000,0.0000
0.0000,0.0000,0.0000,0.9998,0.0000,0.0000,0.0000
1.0000,1.0000,1.0000,0.9985,0.9997,0.0033,0.0000
0.9996,0.9999,0.0044,1.0000,1.0000,0.9338,0.0000
0.0001,0.9999,0.0000,0.0000,0.0000,0.0002,0.0000
0.0001,0.9245,0.0111,0.0114,0.0034,0.0000,0.0115
0.9997,0.9995,0.0000,0.0001,0.0003,1.0000,0.0000
0.0000,0.0000,0.0000,0.9994,0.0000,0.0000,0.0019
0.0001,0.9998,0.0001,0.0001,0.0002,0.0000,0.0002
0.0000,0.0000,1.0000,0.0000,0.0000,1.0000,0.0000
0.0001,0.9997,0.0000,0.0000,0.0002,0.0000,0.0000
0.0018,0.9651,0.0000,0.9991,0.0000,0.0001,0.0005
0.0000,0.9992,0.0000,1.0000,0.0000,0.0000,0.0763
0.0003,0.0011,0.0004,0.0434,0.0000,0.0986,0.0001
0.0007,0.3848,0.9561,0.0435,0.0103,0.0982,0.0004
0.0000,0.0000,1.0000,0.0000,0.0007,1.0000,0.0000
1.0000,0.9988,0.0000,0.0000,0.0000,1.0000,0.0000
0.0008,0.0001,0.0000,0.0000,1.0000,0.0000,0.0000
0.0002,0.0000,0.0000,0.0000,0.0020,0.0000,0.9999
1.0000,1.0000,0.0000,0.0006,0.0000,1.0000,0.0000
0.0000,0.0000,1.0000,0.0003,1.0000,0.0000,0.0000
1.0000,0.0004,0.0000,0.0000,0.0000,0.9999,0.0001
0.0000,0.9630,0.0000,0.8602,0.0000,0.0000,0.0001
0.0042,0.9979,0.0000,0.0000,0.0005,0.0042,0.0008
1.0000,1.0000,0.0000,1.0000,1.0000,0.9998,0.0000
0.9994,1.0000,0.0000,0.0000,0.0013,0.9985,0.0000
0.0000,0.0780,0.0000,0.9950,0.0010,0.0000,0.0004
0.9861,1.0000,0.9933,0.0292,1.0000,1.0000,0.0000
1.0000,1.0000,0.0000,0.9987,0.0000,1.0000,0.0000
0.0001,1.0000,0.0000,0.0000,0.0000,0.0000,0.0000
1.0000,0.9986,0.9983,0.9950,0.9982,1.0000,0.0000
1.0000,0.9976,0.0000,0.0000,0.0000,1.0000,0.0000
0.9996,0.8251,0.0000,0.0053,0.9228,0.3424,0.0042
0.0000,1.0000,0.0000,0.0000,0.0000,0.0000,0.0003
0.0012,0.0421,0.0000,0.9878,0.0070,0.0000,0.0000
0.0000,0.0015,0.8399,1.0000,0.9996,0.0000,0.0000
0.0000,0.0000,0.0000,0.5227,0.0000,0.0150,0.0002
0.0003,0.9999,0.0000,0.0000,0.0016,0.9999,0.0000
0.0008,0.9996,0.0000,0.0000,0.0000,1.0000,0.0000
0.9510,0.9966,0.0005,0.0892,0.0001,0.9694,0.0000
0.9999,0.9999,0.0000,0.0003,0.0000,0.9996,0.0000
0.0002,0.2049,0.0001,0.0043,0.0866,0.0002,0.2405
0.0018,0.3289,0.4908,0.2226,0.0142,0.0009,0.0041
0.0007,0.0002,0.0001,0.0000,0.0000,1.0000,0.0000
0.9816,0.9982,0.0151,0.0068,0.0004,0.9901,0.0007
0.0019,0.0336,0.0001,0.0000,0.0000,0.9982,0.0000
0.0000,0.0033,0.9939,0.0000,0.0813,0.0192,0.0000
1.0000,1.0000,1.0000,1.0000,1.0000,1.0000,0.0000
0.0000,1.0000,0.0000,0.9999,0.0000,0.0000,0.0000
0.9998,1.0000,0.0000,0.0000,0.0000,0.9930,0.0000
0.3737,0.7132,0.2329,0.8479,0.0182,0.9299,0.0049
1.0000,1.0000,0.0000,0.9984,0.0000,0.9996,0.0000
0.0000,0.0011,0.0000,0.0172,0.0000,0.0000,0.9366
0.0019,0.0078,0.0000,0.0020,0.9912,0.9992,0.0000
0.9999,0.9987,0.0000,0.9997,0.0000,0.0001,0.0006
0.9807,0.7780,0.0000,0.0000,0.0001,0.1394,0.0005
0.9999,1.0000,0.9998,1.0000,0.9998,0.0116,0.0000
0.9998,0.9939,0.0000,0.9987,0.0000,0.9884,0.0000
1.0000,1.0000,0.0000,0.0001,0.0000,1.0000,0.0000
0.9991,0.9974,0.0002,0.9996,0.0000,0.0006,0.0000
0.0000,0.0001,0.0000,0.9994,0.0000,0.0000,0.1949
0.9563,1.0000,0.0001,0.0001,0.0000,0.9927,0.0000
0.0000,0.0000,0.0000,0.7642,0.0002,0.0000,0.3706
0.0000,0.0000,1.0000,0.0004,1.0000,0.0000,0.0000
0.0007,0.9957,0.9985,0.0015,0.9997,0.9982,0.0196
1.0000,1.0000,0.0000,0.0003,0.0000,1.0000,0.0000
1.0000,0.9998,0.9999,1.0000,1.0000,0.0136,0.0000
1.0000,1.0000,0.0000,0.0000,0.0000,0.0001,0.0000
0.0024,0.0140,0.7565,0.0014,0.5237,0.0438,0.0003
1.0000,0.0000,0.0000,0.0000,0.0000,0.9998,0.0000
1.0000,1.0000,1.0000,1.0000,0.0000,1.0000,0.0000
0.0031,0.0121,0.0000,0.0012,0.9945,0.9995,0.0000
0.9983,1.0000,0.0000,0.0000,0.0000,0.0222,0.0000
1.0000,1.0000,0.0000,0.9991,0.0000,1.0000,0.0000
0.0000,0.0000,0.9978,0.0000,0.9998,0.0000,0.0000
0.0000,0.0000,0.0258,0.9997,0.0001,0.0015,0.0000
0.0041,0.8910,0.0000,0.0014,0.0286,0.0003,0.0037
1.0000,1.0000,0.0000,0.0084,0.0001,1.0000,0.0000
1.0000,1.0000,1.0000,0.0001,0.9997,1.0000,0.0000
0.0001,1.0000,0.0000,0.0000,0.0000,0.0000,0.0000
1.0000,1.0000,0.0000,1.0000,0.0000,0.0001,0.0000
0.0000,0.0003,0.0000,1.0000,0.0006,0.0000,0.0001
0.0000,0.0001,0.0002,0.6806,0.0047,0.0000,0.9460
0.0000,0.0040,0.0002,0.9951,0.0784,0.9007,0.0006
0.9980,1.0000,0.0000,0.0000,0.0000,1.0000,0.0000
0.0000,0.0000,0.0000,1.0000,0.0000,0.0000,0.0002
0.9998,0.9996,0.0000,0.0001,0.0000,0.0112,0.0000
0.9994,1.0000,0.0000,0.0000,0.0000,0.0000,0.0000
0.0000,1.0000,0.0000,0.0001,0.0011,0.0066,0.0000
0.9999,1.0000,0.0000,0.0062,0.0000,1.0000,0.0000
0.0000,1.0000,0.0000,0.0000,0.0000,0.0000,0.0000
0.0002,0.0007,0.0000,0.9999,0.0018,0.0052,0.0000
1.0000,1.0000,0.0000,0.9965,0.0000,1.0000,0.0000
0.9989,0.9988,0.0000,0.0005,0.0000,0.3638,0.0000
0.0000,0.0000,0.0000,1.0000,0.0000,0.9892,0.0000
0.9994,1.0000,0.0001,1.0000,0.0000,0.9997,0.0000
0.0011,1.0000,0.0001,0.0000,0.0000,0.0000,0.0000
1.0000,1.0000,0.0000,0.0000,0.0000,1.0000,0.0000
0.0000,0.0000,0.0001,0.9492,0.0000,0.0000,0.7556
0.0000,0.0000,0.0000,1.0000,0.0000,0.9981,0.0000
1.0000,1.0000,0.0000,0.0000,0.0000,1.0000,0.0000
1.0000,0.0000,0.0000,0.0000,1.0000,1.0000,0.0000
0.9994,0.0007,0.0001,0.0001,0.0000,0.9998,0.0001
0.0006,0.9982,0.0000,0.0000,0.0000,0.9988,0.0000
1.0000,1.0000,0.0000,0.9907,0.0000,1.0000,0.0000
0.9999,1.0000,0.0129,0.4878,0.9786,1.0000,0.0000
0.0759,0.0732,0.4839,0.9510,0.0112,0.7904,0.0020
0.0002,1.0000,0.0000,0.0000,0.0001,0.0000,0.0002
0.5886,1.0000,0.0000,0.0000,0.0000,0.1195,0.0000
1.0000,1.0000,0.0001,0.0000,1.0000,1.0000,0.0000
0.8313,0.9991,0.0000,0.0000,0.9989,0.9820,0.0000
0.0005,0.0000,0.0000,0.0000,0.0000,1.0000,0.0000
0.9866,0.9886,0.0003,0.9906,0.0410,0.8050,0.0000
0.0034,0.0013,0.9996,0.0001,0.0005,1.0000,0.0000
0.9948,0.9992,0.0005,0.0300,0.0025,0.9823,0.0001
0.0000,0.0000,0.0000,0.9924,0.0001,0.0000,0.0362
1.0000,1.0000,0.0002,0.1997,0.0181,0.9999,0.0000
0.0000,0.0001,0.0001,0.8182,0.0089,0.0000,0.4085
1.0000,1.0000,0.0000,0.9939,0.0000,1.0000,0.0000
0.0000,1.0000,0.0000,0.9994,0.0000,0.0000,0.0000
0.9576,0.9438,0.0007,0.0102,0.0005,0.9813,0.0003
0.0011,0.9993,0.0000,0.0000,0.0001,0.0002,0.0000
1.0000,1.0000,1.0000,0.9999,1.0000,1.0000,0.0000
1.0000,1.0000,1.0000,1.0000,0.0000,1.0000,0.0000
0.6535,0.9794,0.0000,0.9998,0.0006,0.7135,0.0000
1.0000,1.0000,0.0000,0.0000,0.0000,1.0000,0.0000
0.0011,0.9979,0.0000,0.0000,0.0000,0.0379,0.0000
0.9995,1.0000,0.0005,0.0002,0.0002,0.0006,0.0000
0.9996,0.9972,0.9997,1.0000,0.9998,0.0014,0.0000
0.0000,0.0001,0.0003,0.0269,0.0000,0.9992,0.0000
0.0000,0.0000,0.0023,0.0089,0.0164,0.0000,0.6028
0.0000,0.0000,0.9998,0.0000,1.0000,0.0000,0.0000
0.9991,1.0000,0.0000,0.0025,0.0000,0.0000,0.0000
0.0003,0.0000,0.0000,0.0004,0.0003,0.0000,0.9982
1.0000,0.9948,0.0003,0.0000,0.0009,1.0000,0.0000
1.0000,1.0000,0.0000,0.0010,0.0000,1.0000,0.0000
0.0000,0.0000,0.0000,0.0062,0.5249,0.0000,0.5161
0.0000,0.0005,0.0000,0.0000,0.0000,1.0000,0.0000
0.0001,0.0260,0.0553,0.0001,0.0009,0.7834,0.0000
0.9999,1.0000,0.0000,0.0001,0.9958,0.9994,0.0000
0.0000,0.0000,1.0000,0.0000,1.0000,1.0000,0.0000
1.0000,0.9488,0.0000,0.0000,0.0000,0.8916,0.0000
1.0000,0.9998,0.0000,0.0000,0.0000,0.9999,0.0001
0.0008,0.9996,0.0013,0.0004,0.0014,0.0006,0.0005
1.0000,1.0000,0.0000,0.0000,0.0000,1.0000,0.0000
1.0000,1.0000,0.0000,0.0000,0.0000,1.0000,0.0000
0.0000,0.0000,0.0000,0.9998,0.0000,0.0000,0.0391
0.0000,0.0952,0.0000,0.9964,0.0009,0.0000,0.0004
0.0000,0.0065,1.0000,0.0061,0.9587,0.0022,0.0000
0.0027,1.0000,0.0009,0.8840,0.0000,0.0149,0.0000
0.0007,0.0011,0.0000,1.0000,0.9989,0.9993,0.0000
0.0006,0.0012,0.0000,1.0000,0.9991,0.9976,0.0000
0.9998,0.9998,0.9999,0.9999,1.0000,0.9999,0.0000
0.0004,0.9232,0.0006,0.9881,0.0037,0.0000,0.0000
0.2350,0.0001,0.0275,0.9888,0.0000,0.0000,0.0001
0.0000,0.0022,0.0000,0.8655,0.0001,0.0000,0.9850
1.0000,1.0000,0.0000,0.9935,0.0000,1.0000,0.0000
0.0010,0.0000,0.0000,0.0000,0.0000,1.0000,0.0000
0.0000,0.9748,0.0000,0.0132,0.0000,0.0000,0.0004
1.0000,1.0000,0.0000,0.0000,0.0000,0.9990,0.0000
0.0152,0.0674,0.0003,0.0005,0.1327,0.9733,0.0000
0.0004,0.9984,0.0031,0.0000,1.0000,0.0000,0.0000
0.6331,0.0108,0.0000,0.0011,0.0000,0.3932,0.0193
1.0000,1.0000,0.0000,0.0010,0.0000,1.0000,0.0000
0.9820,1.0000,0.0000,0.0000,0.0021,0.9796,0.0000
0.0021,0.0019,0.0000,0.9999,0.0000,0.0000,0.0011
0.0227,0.0000,0.0000,0.0005,0.1945,0.0008,0.9980
0.0000,0.0003,0.0007,0.9995,0.0001,0.0000,0.0000
1.0000,1.0000,0.9973,1.0000,1.0000,1.0000,0.0000
0.0001,1.0000,0.0000,0.0000,0.0000,0.0000,0.0000
0.0000,0.0001,0.9044,0.1178,0.9655,0.1835,0.0000
0.0006,0.0308,0.9989,0.0015,0.9757,0.9791,0.0000
0.0000,0.0119,1.0000,0.0074,0.9522,0.0035,0.0000
1.0000,1.0000,1.0000,1.0000,1.0000,1.0000,0.0000
0.0395,0.8454,0.0013,0.0474,0.0120,0.0088,0.1280
1.0000,1.0000,0.0000,0.0000,0.0000,1.0000,0.0000
0.3755,1.0000,0.0000,0.0000,0.0001,0.9513,0.0000
0.0093,0.0102,0.1005,0.0002,0.9925,0.0011,0.0001
0.0004,0.0007,0.0000,1.0000,0.9992,0.9992,0.0000
0.0657,0.0039,0.0055,0.0002,0.9983,0.1518,0.0001
0.9997,1.0000,0.9999,0.9999,0.0004,0.3298,0.0005
1.0000,1.0000,0.0000,0.0000,0.0000,1.0000,0.0000
0.0022,0.9996,0.9982,0.0007,1.0000,0.9995,0.0090
0.0000,0.0006,0.0000,0.0000,0.0000,0.9985,0.0000
0.0003,1.0000,0.0000,0.0000,0.9998,0.0000,0.0000
0.0000,0.0009,0.0000,0.9995,0.0006,0.0000,0.0219
0.0000,0.0000,1.0000,0.0000,0.0001,1.0000,0.0000
0.0000,0.0000,0.0000,0.9415,0.0000,0.0000,1.0000
0.9992,0.9993,0.9999,1.0000,0.9998,0.9999,0.0002
1.0000,1.0000,0.0000,0.0000,0.0000,1.0000,0.0000
0.7119,0.9979,0.0002,0.0000,0.0001,0.9971,0.0000
0.9993,0.0050,0.0003,0.0000,0.0000,0.9994,0.0003
1.0000,1.0000,0.0000,0.0000,0.0000,1.0000,0.0000
1.0000,1.0000,0.0000,0.0001,0.0000,0.9993,0.0000
0.0000,0.9997,0.0000,0.0000,0.0000,0.0542,0.0000
0.9920,0.9759,0.0018,0.8800,0.0394,0.7894,0.0000
1.0000,1.0000,1.0000,1.0000,1.0000,0.0031,0.0000
1.0000,1.0000,1.0000,0.0000,1.0000,1.0000,0.0000
0.0018,0.0016,0.0001,0.9993,0.0010,0.0032,0.0001
0.0000,0.0000,0.0001,0.0004,0.0000,0.9942,0.0000
0.0000,0.0000,0.0000,0.9996,0.0000,0.0000,0.0000
1.0000,1.0000,0.0000,0.9995,0.0000,0.0003,0.0000
0.0000,0.0003,0.0000,0.9938,0.0000,0.0000,0.1458
0.9986,0.0043,0.0005,0.0000,0.0000,0.9994,0.0011
0.0001,0.0002,0.0000,0.0000,0.0000,0.9993,0.0000
0.0002,0.0015,0.0058,0.7313,0.9081,0.0152,0.0073
0.0003,0.0000,0.0000,0.0000,0.0000,1.0000,0.0000
1.0000,1.0000,1.0000,0.0000,0.9999,1.0000,0.0000
0.0015,0.9998,0.0001,0.0000,0.0000,0.0000,0.0000
1.0000,1.0000,0.0000,0.0000,0.0000,1.0000,0.0000
1.0000,1.0000,0.9998,1.0000,1.0000,0.0000,0.0000
0.0000,0.0000,0.0000,1.0000,0.0000,0.0000,0.0000
0.3034,1.0000,0.0436,0.1663,0.0000,0.0295,0.0000
0.0000,0.0000,0.0000,0.3257,0.0000,0.0000,0.8677
0.0000,0.0001,0.0000,0.9999,0.0000,0.0000,0.0114
1.0000,1.0000,1.0000,1.0000,1.0000,1.0000,0.0000
1.0000,0.9998,0.0000,0.0000,0.0000,0.0239,0.0000
1.0000,1.0000,0.0000,0.0005,0.0000,1.0000,0.0000
0.0000,0.0000,0.0000,1.0000,0.9970,0.0000,0.0000
0.0000,0.0000,0.0001,0.0004,0.0003,0.0000,0.9998
0.9999,1.0000,0.0000,0.4500,0.0191,0.9998,0.0000
1.0000,1.0000,0.0000,0.0000,0.0000,1.0000,0.0000
1.0000,1.0000,0.0000,0.0010,0.0000,0.9991,0.0000
1.0000,1.0000,0.0000,0.9944,0.0000,0.9998,0.0000
0.0000,0.0003,0.0000,0.6932,0.0000,0.0000,0.2058
0.0039,0.0000,0.0015,0.1731,1.0000,0.0076,0.0000
0.0000,0.0000,0.0002,0.0000,0.0000,1.0000,0.0000
0.0010,0.0050,0.0000,0.9996,0.0006,0.0000,0.0003
0.9972,0.9999,0.0000,0.0000,0.0000,0.5077,0.0000
0.0000,0.0007,0.0000,0.0001,0.0001,0.0000,1.0000
1.0000,1.0000,1.0000,1.0000,1.0000,1.0000,0.0000
0.0000,0.0000,0.0002,0.8483,0.0000,0.0000,0.0008
0.4011,1.0000,0.0002,0.0000,0.1764,0.0001,0.0000
0.0001,0.0001,0.0067,0.0127,0.0003,0.0000,0.9833
0.2140,1.0000,0.0004,1.0000,0.0268,0.8767,0.9948
0.9968,1.0000,1.0000,1.0000,0.9994,1.0000,0.0000
1.0000,1.0000,0.0000,1.0000,0.0000,1.0000,0.0000
0.8994,1.0000,0.0000,0.0000,0.0000,0.8687,0.0000
0.0044,0.9977,0.0155,0.0006,0.0201,0.0074,0.0012
0.9998,1.0000,0.0009,0.9999,0.0000,0.9952,0.0000
0.0000,0.0000,0.0000,1.0000,0.0000,0.9991,0.0000
0.0001,0.0000,0.0001,0.0000,0.0001,1.0000,0.0000
1.0000,1.0000,1.0000,1.0000,1.0000,0.0000,0.0000
1.0000,0.9947,0.0000,0.0000,0.0000,0.0000,0.0000
0.0065,0.6664,0.0244,0.0144,0.9964,0.0132,0.0012
0.0000,0.0000,0.0000,1.0000,0.0000,0.9991,0.0000
1.0000,0.9999,0.0000,1.0000,0.0000,0.9999,0.0000
0.0000,0.0000,1.0000,1.0000,0.0000,0.0000,0.0000
0.0000,0.0000,1.0000,0.9998,1.0000,0.0000,0.0000
1.0000,1.0000,0.0000,0.9993,0.0000,1.0000,0.0000
0.0001,0.0109,0.0000,0.5293,0.8152,0.0000,0.0006
0.0017,0.0108,0.0000,0.0000,0.0000,0.9993,0.0000
0.5421,0.8120,0.0032,0.9846,0.9378,0.0093,0.0000
1.0000,1.0000,0.0000,1.0000,1.0000,1.0000,0.0000
0.1463,0.9997,0.0000,0.0000,0.0000,0.0406,0.0000
0.0000,0.0000,0.0000,1.0000,0.0000,0.0000,0.0000
0.0049,0.0018,0.0001,0.9996,0.0022,0.0008,0.0001
1.0000,0.9988,1.0000,0.9991,1.0000,1.0000,0.0000
1.0000,0.9996,0.0000,1.0000,1.0000,1.0000,0.0000
0.9998,1.0000,0.0000,1.0000,0.0004,0.9999,0.0000
1.0000,1.0000,0.9996,0.0001,0.0000,1.0000,0.0000
0.0000,0.0062,0.0956,0.9729,0.0056,0.0058,0.0011
0.0012,0.9995,0.0000,0.0000,0.0001,0.0002,0.0000
1.0000,1.0000,0.0000,0.9992,0.0000,0.9999,0.0000
1.0000,1.0000,0.0000,0.0000,0.0000,0.9998,0.0000
0.6872,0.8964,0.0000,0.8877,0.0011,0.3260,0.0000
1.0000,1.0000,1.0000,1.0000,1.0000,1.0000,0.0000
0.0001,0.0953,0.0068,0.3108,0.0003,0.0000,0.1689
0.0000,0.0000,0.0000,0.9999,0.0000,0.0000,0.9998
1.0000,1.0000,0.0000,0.0033,0.0023,1.0000,0.0000
0.9997,0.0000,0.0001,0.0000,0.0000,1.0000,0.0001
0.0057,0.0610,0.0000,0.0106,0.0000,0.9743,0.0000
0.0000,0.0005,0.0000,0.9997,0.0000,0.0000,0.0028
0.0201,1.0000,0.0000,0.0000,0.0000,0.0000,0.0000
1.0000,1.0000,0.0000,1.0000,1.0000,1.0000,0.0000
0.0202,0.9858,0.0000,0.0000,0.0010,0.6194,0.0000
0.0001,0.0197,0.0026,0.9986,0.0001,0.0001,0.0029
0.9912,0.0016,0.0004,0.0019,0.0077,0.0002,0.0000
1.0000,1.0000,0.0000,0.0000,0.0000,1.0000,0.0000
0.9989,0.9998,1.0000,0.0003,1.0000,1.0000,0.0000
1.0000,1.0000,0.9996,1.0000,1.0000,1.0000,0.0000
0.0000,0.0000,0.0000,0.0000,0.0000,0.0000,0.9999
0.0049,0.0033,0.0000,0.9947,0.0007,0.0013,0.0001
0.0000,0.0000,0.0001,0.5335,0.0000,0.0000,0.4474
0.9852,1.0000,0.0000,0.0000,0.0000,0.4505,0.0000
0.9996,1.0000,0.0000,0.9997,0.0000,0.9859,0.0000
0.9873,1.0000,0.0004,0.9999,0.0000,0.9553,0.0002
0.0000,0.0000,0.0000,1.0000,0.0000,0.9981,0.0000
1.0000,1.0000,0.0000,0.0001,0.0000,1.0000,0.0000
1.0000,1.0000,0.0000,0.0000,0.0000,1.0000,0.0000
0.0000,0.3113,0.0000,0.6012,0.0000,0.0000,0.3640
0.0014,0.0228,0.7015,0.0681,0.0010,0.0070,0.0002
0.0001,0.9999,0.0000,0.0000,0.0006,0.0002,0.0000
0.0002,0.9986,0.9992,0.0001,0.0034,0.9905,0.0000
0.0002,0.9859,0.0004,0.0061,0.0001,0.0000,0.0000
0.0000,0.0002,0.0000,1.0000,0.0002,0.0000,0.0000
0.0000,0.0000,0.6408,0.9792,0.0000,0.0002,0.0000
0.9999,0.9966,0.0001,0.0000,0.0002,0.9990,0.0000
0.0000,0.0005,0.0000,0.9998,0.0007,0.0000,0.0002
0.0138,0.8649,0.0821,0.0461,0.8495,0.6516,0.0053
0.0000,0.0000,0.0000,1.0000,0.0000,0.0000,0.0000
1.0000,1.0000,1.0000,1.0000,0.0000,1.0000,0.0000
0.0000,0.0899,0.0000,0.8275,0.0000,0.0000,0.0000
1.0000,1.0000,0.0000,1.0000,0.0000,0.9998,0.0000
0.0000,0.0000,0.0000,0.9983,0.0000,0.0000,0.9982
1.0000,1.0000,0.0000,0.0000,0.0000,0.0000,0.0000
0.0000,0.0000,0.0015,0.0003,0.0000,0.0000,0.9995
0.9467,0.0013,0.0000,0.0000,0.0000,0.9990,0.0000
1.0000,0.9997,0.0000,0.9997,0.0000,1.0000,0.0000
1.0000,1.0000,0.0000,1.0000,0.0000,1.0000,0.0000
0.0004,0.0003,1.0000,1.0000,0.0000,1.0000,0.0000
0.0000,1.0000,0.0000,0.0409,0.0000,0.0000,0.0000
1.0000,1.0000,0.0000,1.0000,0.0000,1.0000,0.0000
0.0000,0.0000,0.0000,0.0110,0.0000,0.0000,0.9962
0.0000,0.0000,0.0000,0.9988,0.0000,0.0001,0.0000
0.9778,0.2062,0.0122,0.0011,0.0001,0.0050,0.0003
0.0050,1.0000,0.0000,0.0008,0.0014,0.0002,0.0000
0.0000,0.0000,0.0000,0.0000,0.0000,1.0000,0.0000
0.0002,0.0001,0.0000,0.0000,0.0000,0.9998,0.0000
0.0000,0.0002,0.0000,0.9999,0.0000,0.0000,0.0002
0.9869,0.9845,0.0001,1.0000,0.0058,0.0194,0.0001
0.0000,0.0000,1.0000,1.0000,1.0000,1.0000,0.0000
0.0000,0.0000,0.0000,1.0000,0.0000,0.1216,0.0000
1.0000,1.0000,0.0000,0.0119,0.0001,1.0000,0.0000
0.8595,1.0000,0.0000,0.0000,0.0000,0.7604,0.0000
0.0007,0.0012,0.0000,1.0000,0.9988,0.9993,0.0000
0.0000,0.0015,0.0000,0.9986,0.0026,0.0000,0.0689
0.0000,0.0000,0.9991,0.0000,1.0000,0.0000,0.0000
0.9999,0.9667,0.0000,0.0001,0.0000,0.6916,0.0000
0.9999,0.9999,0.9938,0.0001,1.0000,1.0000,0.0000
0.0000,1.0000,0.0000,0.0000,0.0000,0.0000,0.0000
1.0000,1.0000,0.0000,0.0000,0.0000,1.0000,0.0000
0.0000,0.0001,0.9999,0.1176,0.9980,0.0000,0.0000
0.0458,1.0000,0.0000,0.0000,0.0000,0.0000,0.0000
0.0000,0.0000,0.0000,0.0376,0.0123,0.8646,0.0000
0.9951,0.0027,0.0005,0.0000,0.0000,0.9983,0.0011
0.8095,0.9560,0.0096,0.0064,0.0004,0.7320,0.0000
0.9999,1.0000,0.0101,0.9530,0.0000,1.0000,0.0000
0.0006,0.8131,0.0000,0.0010,0.0001,0.0011,0.0118
0.0000,0.0000,0.0000,0.9999,0.0000,0.0000,0.0035
0.1447,0.8493,0.7254,0.9979,0.0000,0.7979,0.0000
0.0043,0.9986,0.0001,0.0000,0.0133,0.0053,0.0002
0.0004,0.0007,0.0000,1.0000,0.9991,0.9991,0.0000
0.0026,0.0142,0.0280,0.1208,0.0011,0.0043,0.7440
0.0000,0.0000,0.0000,0.0000,1.0000,1.0000,0.0000
0.0004,0.9900,0.0000,0.0022,0.0281,0.0000,0.0024
0.0000,0.0000,0.0001,0.6465,0.0000,0.0000,0.9902
0.0060,1.0000,0.0000,0.0000,0.0000,0.0007,0.0000
0.0000,0.4027,0.0000,0.9856,0.0000,0.0000,0.7280
1.0000,1.0000,1.0000,1.0000,1.0000,1.0000,0.0000
0.2648,0.9977,0.0001,0.0129,0.0000,0.2783,0.0000
0.0000,0.0002,0.0015,0.8946,0.0009,0.0000,0.7893
0.0016,0.0001,0.0000,1.0000,0.0000,0.0001,0.0000
0.0002,0.9479,0.0000,0.7818,0.0000,0.0000,0.0022
0.9564,0.5754,0.0009,0.0220,0.0068,0.9417,0.0036
0.0000,0.0017,0.0000,0.0000,0.0000,1.0000,0.0000
0.0000,0.0001,1.0000,0.0000,0.9999,0.0000,0.0000
0.0843,0.0000,0.0000,0.5731,0.9967,0.0705,0.0001
1.0000,1.0000,0.0001,0.9992,0.0000,1.0000,0.0000
0.9837,0.9884,0.0002,1.0000,0.0058,0.0234,0.0002
0.0043,0.7445,0.0065,0.0001,0.1464,0.0487,0.0003
1.0000,1.0000,0.0003,0.9889,0.0000,0.9991,0.0000
0.0000,1.0000,0.0000,0.0000,0.0000,0.0001,0.0000
0.0000,0.0000,1.0000,0.0004,1.0000,0.0000,0.0000
0.0000,0.9983,0.0000,0.0003,0.0000,0.0001,0.0000
1.0000,1.0000,0.0000,0.0000,0.0000,0.9854,0.0000
0.0186,0.1459,0.9800,0.9997,0.0008,0.0882,0.0009
0.0022,0.0000,0.0000,0.9999,0.0009,0.0000,0.0003
0.0000,0.0257,0.0000,0.0007,0.0000,0.0000,0.9974
0.9999,0.0001,0.0000,0.0008,0.0004,0.0026,0.0001
0.0006,0.0000,0.0015,0.9909,0.0000,0.0000,0.0000
0.0857,0.9996,0.9991,0.0365,0.5517,0.0384,0.0000
0.0353,0.8932,0.0095,0.0143,0.1007,0.0550,0.0015
0.3874,0.9983,0.0000,0.4798,0.0000,1.0000,0.0000
1.0000,0.9994,0.0000,0.9765,0.0000,1.0000,0.0000
0.9996,0.9908,0.0000,0.0434,0.0001,0.9206,0.0000
1.0000,1.0000,1.0000,1.0000,0.0000,1.0000,0.0000
0.0000,0.0000,0.0000,1.0000,0.0000,0.0000,0.0000
0.9972,0.0278,0.0000,0.0000,0.0001,0.0004,0.0000
1.0000,1.0000,0.0000,0.0000,0.0000,1.0000,0.0000
0.0000,0.0000,0.0000,1.0000,0.0000,0.0001,0.0000
0.0006,0.0000,0.0000,0.9674,0.0000,0.0000,0.0018
0.0000,0.0000,0.0000,1.0000,0.0000,0.0001,0.0000
1.0000,0.9999,0.0000,0.0000,0.0001,0.9999,0.0000
1.0000,1.0000,0.0000,0.0013,0.0000,1.0000,0.0000
0.0017,0.0708,0.0000,0.0001,0.0000,0.9677,0.0000
0.0004,0.0010,0.0005,0.7367,0.0005,0.0014,0.4138
0.0000,0.0609,0.0000,0.9863,0.0001,0.9993,0.0000
0.0000,0.9775,0.0049,0.9808,0.0008,0.0109,0.0000
0.0000,1.0000,0.0000,0.9997,0.0000,0.0000,0.0000
0.0243,0.7747,0.0000,0.0001,0.0000,0.0000,0.0000
0.9408,1.0000,0.0000,0.9896,0.0000,0.9508,0.0000
0.0002,0.9621,0.0000,0.9519,0.0005,0.0000,0.0011
0.0732,0.0000,0.0000,0.0001,0.1001,0.0000,0.6834
0.0000,0.0007,0.0000,0.9996,0.0001,0.0000,0.9983
1.0000,1.0000,0.0000,0.0000,0.0000,1.0000,0.0000
0.9998,1.0000,0.9995,0.0001,1.0000,0.9999,0.0000
0.9997,0.0002,0.0000,0.0000,0.0000,1.0000,0.0000
1.0000,1.0000,1.0000,0.0000,1.0000,1.0000,0.0000
0.0000,0.0000,0.0000,0.0000,0.0000,1.0000,0.0000
1.0000,1.0000,0.0000,0.0000,0.0000,1.0000,0.0000
0.0000,0.0000,0.9998,1.0000,0.0000,0.0000,0.0000
1.0000,1.0000,0.0000,0.0001,0.0000,0.9993,0.0000
1.0000,1.0000,0.0000,0.0000,0.0000,1.0000,0.0000
0.0000,0.0000,0.0055,0.0074,0.0000,0.9999,0.0000
0.9969,0.9863,0.0000,0.0000,0.0000,0.9975,0.0000
0.0000,0.0036,0.0011,1.0000,0.9997,0.0010,0.0001
1.0000,1.0000,0.0000,1.0000,0.0000,0.0000,0.0000
0.0000,0.0000,0.0000,0.1363,0.0004,0.0000,0.9673
1.0000,1.0000,0.0000,0.0000,0.0009,1.0000,0.0000
0.0000,0.9986,0.0000,0.0000,0.0000,1.0000,0.0000
0.0017,0.0033,0.0008,0.9971,0.0013,0.0002,0.0084
0.0000,0.0000,0.0005,0.9999,0.0013,0.0001,0.0000
1.0000,1.0000,0.0000,0.0000,0.0000,1.0000,0.0000
0.0007,0.0214,0.0001,0.0011,0.0000,0.0000,0.9637
0.0000,0.0000,0.0000,1.0000,0.0054,0.0000,0.6486
0.3066,0.9402,0.0080,0.0000,0.0251,0.9687,0.0000
1.0000,1.0000,0.0000,0.0000,0.0000,1.0000,0.0000
0.0001,0.0002,0.9999,1.0000,0.0001,0.0005,0.0000
1.0000,0.0000,0.0000,0.0000,0.0000,1.0000,0.0000
0.0000,0.0001,0.9999,0.0000,1.0000,0.0003,0.0000
0.0027,0.1815,0.0004,0.0000,0.0000,0.2024,0.0000
0.0000,0.0003,0.0001,0.6760,0.0065,0.0000,0.1591
0.0000,0.0000,0.0000,0.5915,0.0000,0.0000,0.9995
0.0000,0.9999,0.0000,0.0000,0.0000,0.0000,0.0000
1.0000,1.0000,0.0000,1.0000,1.0000,1.0000,0.0000
0.0015,0.0029,0.0004,0.4240,0.0988,0.0012,0.1545
0.9844,1.0000,0.0000,0.0000,0.0000,0.0001,0.0000
0.8562,0.9910,0.0000,0.9976,0.0000,0.4030,0.0000
1.0000,1.0000,0.0000,0.0000,0.0000,1.0000,0.0000
0.0003,0.0000,0.0000,0.0000,0.0000,1.0000,0.0000
0.9983,0.9997,0.0003,0.9990,0.0004,0.0011,0.0000
1.0000,1.0000,0.0000,0.0000,0.0000,0.9999,0.0000
1.0000,1.0000,0.0000,0.0000,0.0000,1.0000,0.0000
0.9950,0.0032,0.0005,0.0000,0.0000,0.9983,0.0010
1.0000,1.0000,0.0000,0.0000,0.0000,1.0000,0.0000
1.0000,1.0000,1.0000,1.0000,1.0000,0.0000,0.0000
0.0000,0.0001,0.0000,0.0000,0.0000,0.9999,0.0001
1.0000,1.0000,0.0000,0.0000,0.0002,1.0000,0.0000
0.0000,0.0000,0.9995,1.0000,0.9973,1.0000,0.0000
1.0000,0.9999,0.0000,1.0000,0.0001,0.0000,0.0000
0.0001,0.9656,0.0003,0.0000,0.0010,0.3721,0.0000
1.0000,1.0000,1.0000,1.0000,1.0000,1.0000,0.0000
0.0000,0.0000,0.0000,0.0190,0.0002,0.0000,0.9947
1.0000,1.0000,0.0000,0.0002,0.0000,0.9999,0.0000
1.0000,1.0000,0.0000,0.0000,0.0000,1.0000,0.0000
1.0000,1.0000,0.0000,0.0001,0.0000,1.0000,0.0000
0.0000,0.0000,0.9986,0.0056,0.0003,0.0013,0.0000
0.0000,1.0000,0.0000,0.0000,0.0011,0.0001,0.0000
1.0000,1.0000,0.0000,0.0000,0.0000,1.0000,0.0000
1.0000,0.0001,0.0006,0.0000,0.0000,1.0000,0.0000
0.0000,0.0000,0.0002,0.0187,0.0007,0.0000,0.8094
0.0000,0.0000,0.0224,0.9997,0.0001,0.0019,0.0000
0.0019,0.0001,0.0004,0.7858,0.0000,0.8395,0.8069
0.0000,0.9999,1.0000,1.0000,0.0000,0.0000,0.0000
0.0011,0.9944,0.0001,0.0001,0.0001,0.0134,0.0000
0.0091,0.9569,0.0000,0.0000,0.0000,0.6832,0.0178
0.0001,0.0020,0.0106,0.8326,0.0006,0.0000,0.9919
0.0003,0.0149,0.0000,0.4558,0.0000,0.2041,0.0000
0.0003,0.9998,0.0004,0.0000,0.0000,0.0003,0.0000
0.0000,0.0000,0.9990,0.0000,1.0000,0.0000,0.0000
0.0000,1.0000,0.0000,0.0000,0.0000,0.0000,0.0000
0.0209,0.0452,0.3327,0.9952,0.0017,0.3504,0.0007
1.0000,0.9956,0.0000,0.0001,0.0021,1.0000,0.0000
0.0000,0.0036,0.0000,1.0000,1.0000,0.9984,0.0000
1.0000,1.0000,0.0000,0.9951,0.0000,1.0000,0.0000
1.0000,0.9995,0.0001,0.0000,0.0001,0.9993,0.0000
0.9951,0.0433,0.0001,0.9989,0.0001,0.0540,0.0000
0.9786,1.0000,0.0000,0.0000,0.0000,1.0000,0.0000
1.0000,1.0000,0.0000,0.0000,0.0000,1.0000,0.0000
1.0000,1.0000,0.0000,0.0000,0.0000,1.0000,0.0000
0.0001,0.0001,0.0001,0.7502,0.0001,0.0000,0.9827
1.0000,0.0002,0.0000,0.0000,0.0000,0.9999,0.0000
0.0000,1.0000,0.0000,0.0000,0.0000,1.0000,0.0000
0.0156,0.0009,0.0001,0.9950,0.0000,0.0001,0.0001
0.0000,0.0004,0.0000,0.9999,0.0000,0.0000,0.0006
0.0000,0.2597,0.0000,1.0000,0.0058,0.0000,0.0001
1.0000,1.0000,0.0000,0.0000,0.0000,1.0000,0.0000
0.7988,0.5378,0.0000,0.0000,0.0020,0.8667,0.0004
0.0000,0.0706,0.7058,0.0000,0.0000,0.0000,0.0000
1.0000,1.0000,1.0000,1.0000,1.0000,1.0000,0.0000
0.0002,1.0000,0.0000,1.0000,0.9999,0.0001,0.0000
0.9987,0.0000,0.0000,0.0000,0.0002,1.0000,0.0000
0.0000,0.0000,0.0000,0.0000,0.0000,1.0000,0.0000
0.9991,0.0007,0.0000,0.0000,0.0000,0.9998,0.0000
0.0582,0.3278,0.0000,0.0000,0.0000,0.5417,0.1428
0.1114,0.5130,0.0002,0.0098,0.6634,0.0002,0.0000
1.0000,1.0000,0.0000,0.0002,0.0000,1.0000,0.0000
0.0000,0.1984,0.0870,0.0036,0.7020,0.0000,0.0000
0.0000,0.0000,0.0006,0.5177,0.0000,0.0000,0.2314
0.0007,1.0000,0.0000,0.0000,0.0000,0.0004,0.0000
0.9902,0.9928,0.0000,0.9554,0.0017,0.9095,0.0000
1.0000,1.0000,1.0000,1.0000,1.0000,1.0000,0.0001
0.0001,0.9770,0.0000,0.0000,0.0000,0.0004,0.3385
1.0000,1.0000,0.0000,0.0000,0.0000,1.0000,0.0000
0.8811,0.0062,0.0000,0.0108,0.0000,0.0009,0.0491
1.0000,1.0000,0.0000,0.0007,0.0000,1.0000,0.0000
0.0008,0.0024,0.0000,0.9992,0.0126,0.0003,0.0000
1.0000,1.0000,0.0000,0.0000,0.0000,1.0000,0.0000
0.0000,0.0000,0.0000,0.9342,0.0000,0.0000,0.2351
1.0000,1.0000,0.0002,1.0000,0.0000,1.0000,0.0001
0.0009,0.4331,0.0000,0.9999,0.0000,0.9777,0.0001
0.0000,0.0000,0.0003,0.9999,0.0000,0.0000,0.0001
1.0000,0.9999,0.0000,0.0000,0.0000,0.5574,0.0000
0.0822,0.2954,0.0107,0.1191,0.1772,0.0168,0.3075
0.0037,0.0037,1.0000,0.0000,0.0007,0.9996,0.0000
1.0000,1.0000,0.0000,0.0000,0.0000,1.0000,0.0000
0.0000,0.0011,0.0000,0.5881,0.0001,0.0000,0.8392
1.0000,1.0000,0.0000,0.0000,0.0000,0.9984,0.0000
0.0000,0.0001,1.0000,1.0000,0.0000,0.0006,0.0000
0.0000,0.0000,0.0000,1.0000,0.0000,0.0000,0.0000
0.0000,0.0000,0.9999,0.9996,0.0001,0.9997,0.0000
1.0000,1.0000,0.0000,0.0014,0.0020,1.0000,0.0000
0.0000,0.0007,0.9997,0.9811,0.0181,0.0010,0.0000
0.9999,1.0000,0.0000,0.0000,1.0000,1.0000,0.0000
1.0000,1.0000,0.0000,0.0000,1.0000,1.0000,0.0000
0.9742,0.9893,0.0013,0.9998,0.0111,0.0358,0.0004
0.0000,1.0000,0.0001,0.0000,0.0000,0.0008,0.0000
1.0000,1.0000,0.0000,0.0000,0.0000,1.0000,0.0000
0.0012,0.9996,0.0001,0.0000,0.0000,0.6886,0.0000
1.0000,1.0000,0.9994,1.0000,1.0000,0.0001,0.0000
0.0000,0.0000,0.0000,1.0000,0.0000,0.9996,0.0000
0.0312,0.4661,0.0180,0.0000,0.0000,0.9998,0.0000
0.0034,0.9649,0.0000,0.3689,0.0000,0.0166,0.0000
0.0000,0.0000,0.0000,1.0000,0.0000,1.0000,0.0000
0.0006,0.3038,0.0000,1.0000,1.0000,0.0001,0.0000
0.0000,0.0000,0.0000,0.8798,0.0000,0.0000,0.1100
0.0002,0.0000,0.0000,0.0161,0.0000,0.0001,0.9994
0.9762,0.9968,0.0000,1.0000,0.0000,0.9774,0.0000
0.9995,1.0000,0.0000,0.0004,0.0000,0.0002,0.0000
0.9984,1.0000,0.0000,0.0000,0.0000,0.9953,0.0000
0.0000,0.0500,0.0000,0.0000,0.0000,0.9999,0.0000
0.0000,0.0001,0.0000,0.1450,0.0000,0.0000,0.9996
0.0000,0.0161,0.0001,0.9392,0.0000,0.0000,0.1610
0.0005,1.0000,0.0000,0.0000,0.0009,0.6810,0.0000
1.0000,1.0000,0.0000,0.0000,0.0000,1.0000,0.0000
1.0000,1.0000,0.0000,0.0000,0.0000,0.9999,0.0000
0.9991,0.9746,0.0000,0.0000,0.0000,0.0000,0.0000
0.4905,0.8727,0.0003,0.0013,0.0002,0.9141,0.0019
0.0026,0.0007,0.9994,0.0637,0.0000,0.0003,0.0062
0.0000,0.0000,0.0000,1.0000,0.0000,0.0000,0.0000
0.0000,0.0000,0.0097,0.0014,0.0000,0.0000,1.0000
0.0000,0.0004,1.0000,0.9998,0.0052,0.0001,0.0000
0.2489,0.3602,0.0000,0.1449,0.0469,0.0000,0.4619
0.5370,0.9994,0.0000,0.0002,0.0000,0.0000,0.0000
1.0000,1.0000,0.0000,1.0000,0.0000,1.0000,0.0000
0.0001,0.0099,0.0000,0.9997,0.0008,0.0000,0.0000
0.4066,1.0000,0.0000,0.0009,0.0002,0.0001,0.0002
0.9997,0.9998,0.0015,0.0003,0.0004,0.9989,0.0000
1.0000,0.9998,0.0000,0.0000,0.0000,0.9994,0.0000
1.0000,0.0001,0.0000,0.0000,0.0000,1.0000,0.0000
0.0020,0.4794,0.1670,0.0054,0.0004,0.0074,0.4670
0.2255,0.2351,0.0001,0.0002,0.1629,1.0000,0.0000
0.0007,0.0982,0.0610,0.0365,0.0025,0.1362,0.0001
1.0000,1.0000,0.0000,0.0001,0.0000,1.0000,0.0000
0.0000,0.0003,0.0000,0.0004,0.0193,0.0000,0.9997
1.0000,1.0000,0.0001,0.0000,0.0000,1.0000,0.0000
0.0013,0.2829,0.0000,0.2968,0.0008,0.0016,0.9712
0.0000,0.0000,0.0000,0.0000,0.0000,1.0000,0.0000
0.0000,0.9999,0.0000,0.0000,0.0000,0.0000,0.0001
1.0000,1.0000,0.0000,1.0000,0.0000,1.0000,0.0000
0.0000,0.8916,0.0000,0.0001,0.0000,0.0000,0.9939
0.0000,0.0000,0.0000,1.0000,0.0000,0.0000,0.0000
1.0000,1.0000,0.0000,0.0000,0.0000,1.0000,0.0000
0.0176,0.7515,0.0184,0.6116,0.0039,0.0019,0.1074
0.0000,0.0000,0.0000,0.0000,0.0000,1.0000,0.0000
0.1592,0.3974,0.0608,0.4940,0.2011,0.0138,0.9261
0.0006,0.4948,0.0005,0.9977,0.0001,0.0000,0.0135
0.0000,0.0002,1.0000,0.0000,1.0000,1.0000,0.0000
0.0003,0.0172,0.0519,0.3363,0.0005,0.0011,0.0001
0.0000,0.0004,0.0000,1.0000,0.0000,0.0000,0.0000
0.9917,0.7147,0.0000,0.0004,0.0000,0.4827,0.0000
0.0018,1.0000,0.0000,0.0000,0.0000,0.0000,0.0000
0.0000,0.0000,0.0006,0.0000,0.0000,1.0000,0.0000
1.0000,1.0000,0.0000,0.0000,0.0000,0.9999,0.0000
0.0006,0.9265,0.0394,0.0575,0.0002,0.0290,0.0002
0.5233,0.0000,0.0001,0.0716,0.0010,0.0081,0.5270
0.0024,0.0009,0.0000,1.0000,0.0000,0.0000,0.0000
0.9921,0.0431,0.0026,0.9990,0.0000,0.0000,0.0001
0.0000,0.0000,0.9995,0.9965,0.0010,0.0000,0.0000
1.0000,1.0000,0.0000,0.0010,0.0000,1.0000,0.0000
0.0000,0.0000,0.0000,1.0000,0.0000,0.0000,0.0002
0.0000,0.9078,0.0003,0.0003,0.0000,0.0001,0.0571
0.0111,0.6410,0.0101,0.0003,0.0008,0.4618,0.0009
1.0000,0.9983,0.0000,0.0000,0.0000,0.9975,0.0000
1.0000,1.0000,0.0000,0.0000,0.0000,1.0000,0.0000
0.0000,0.0036,0.0000,0.0000,0.0000,1.0000,0.0000
1.0000,0.0002,0.0000,0.0000,0.0000,1.0000,0.0000
0.0000,0.0002,0.0000,0.1574,0.0000,0.0000,0.9978
0.3492,0.9759,0.0017,0.0011,0.0007,0.8902,0.0001
0.1247,0.0720,0.0014,0.9884,0.0418,0.0315,0.0001
0.0000,0.0000,1.0000,1.0000,0.0000,0.9999,0.0000
0.0000,0.4190,0.9822,0.9990,0.0000,0.9724,0.0000
0.0001,0.0038,0.0003,0.0176,0.3928,0.0000,0.5229
0.0075,0.0167,1.0000,1.0000,0.0000,0.0026,0.0000
0.9990,1.0000,0.0000,0.0006,0.0000,0.0000,0.0000
1.0000,1.0000,0.0000,0.0002,0.0000,1.0000,0.0000
1.0000,0.0000,0.0000,0.0000,0.0000,1.0000,0.0000
1.0000,1.0000,0.9996,1.0000,1.0000,0.0000,0.0000
1.0000,1.0000,0.0000,0.8492,0.0003,1.0000,0.0000
1.0000,1.0000,0.0000,0.9939,0.0000,0.9965,0.0000
0.0031,0.0492,0.0022,0.9971,0.0000,0.0667,0.0000
0.0018,0.0001,0.0000,1.0000,0.0000,0.0001,0.0000
0.0000,0.0000,0.0000,0.0000,0.0000,1.0000,0.0000
0.4164,0.9957,0.0004,0.0080,0.0094,0.0092,0.0065
1.0000,1.0000,0.0000,1.0000,0.0000,1.0000,0.0000
1.0000,1.0000,0.0001,0.0191,0.0066,0.9985,0.0000
0.0005,0.9996,0.0028,0.0001,0.0001,0.0006,0.0000
0.9982,0.9999,0.0013,0.0014,0.9986,0.9990,0.0000
0.0000,0.0000,0.0000,1.0000,0.0000,0.0000,0.0000
1.0000,1.0000,0.0000,0.0009,0.0001,0.9999,0.0000
0.0002,0.0002,0.0001,0.8267,0.9834,0.0000,0.0000
0.0000,0.0000,1.0000,0.0000,1.0000,0.0000,0.0000
1.0000,1.0000,0.0000,0.0003,0.0000,1.0000,0.0000
0.0000,0.0000,0.9995,0.0000,0.0000,0.0006,0.0000
1.0000,1.0000,0.0000,0.0001,0.0000,0.9992,0.0000
0.9996,0.9995,0.0001,0.9992,0.0001,0.0004,0.0010
0.0000,0.4332,0.0018,0.1154,0.0593,0.0001,0.6209
0.9903,0.9898,0.0000,0.0001,0.0000,0.0003,0.0002
0.0000,0.0002,0.0000,0.0009,0.0001,0.9999,0.0000
0.0000,0.0000,0.0000,0.6485,0.0000,0.0000,1.0000
0.0000,0.0070,0.1976,0.9336,0.0001,0.0243,0.0001
0.0020,0.9947,0.0018,0.0004,0.0090,0.0006,0.0338
0.0002,0.2883,0.0001,0.9993,0.0000,0.0000,0.0520
1.0000,1.0000,1.0000,1.0000,1.0000,1.0000,0.0000
1.0000,1.0000,0.0000,0.0000,0.0000,1.0000,0.0000
1.0000,1.0000,0.0000,0.0000,0.0000,0.9997,0.0000
0.9975,0.0000,0.0000,0.0005,0.0014,0.0023,0.0000
0.0000,0.0000,1.0000,0.0000,0.0005,1.0000,0.0000
0.0000,0.0000,1.0000,0.0000,1.0000,0.0000,0.0000
0.9999,1.0000,0.0000,0.0000,0.0000,1.0000,0.0000
0.0000,0.0000,1.0000,0.0000,0.0000,0.9999,0.0000
0.0000,0.9997,0.0000,0.0000,0.0000,0.9310,0.0000
1.0000,1.0000,0.0000,0.0001,0.0000,0.9882,0.0000
0.0313,0.1014,0.0003,1.0000,0.9985,0.0030,0.0000
0.9480,0.9999,0.0000,0.0000,0.0000,0.0000,0.0000
0.0000,0.0000,1.0000,0.0000,0.0000,0.9999,0.0000
0.0004,0.1247,0.0012,0.0254,0.0165,0.0014,0.1022
0.0000,0.0010,0.0005,0.0000,0.0000,0.9996,0.0000
0.0000,0.0000,1.0000,1.0000,0.0000,0.0000,0.0000
0.0565,0.5401,0.0005,0.9554,0.0842,0.0427,0.0004
1.0000,1.0000,0.0000,0.0002,0.0000,0.9999,0.0000
0.0002,0.9998,0.0010,0.0001,0.0010,0.0001,0.0001
0.0000,0.1029,0.0000,0.0000,0.0000,0.1188,0.0000
1.0000,1.0000,0.0000,0.9873,0.0000,1.0000,0.0000
0.0000,0.6988,0.0001,0.0890,0.0000,0.0000,0.9305
1.0000,1.0000,0.0000,1.0000,0.0000,0.0001,0.0000
0.0000,0.0002,0.9991,0.9998,0.9998,1.0000,0.0000
0.9932,0.9968,0.0001,0.9935,0.0000,0.9962,0.0001
1.0000,1.0000,0.0000,0.0018,0.0000,1.0000,0.0000
0.9975,0.2186,0.0000,0.0000,0.0000,0.0009,0.0000
0.0000,0.0000,0.0000,1.0000,0.0000,0.0000,0.0000
0.0000,0.0000,0.0000,0.9993,0.0001,0.0000,0.0000
0.8616,0.9857,0.0003,0.9934,0.0089,0.9646,0.0001
1.0000,0.9996,0.0000,0.0001,0.0000,1.0000,0.0000
0.0000,0.0001,0.0135,1.0000,0.0000,0.0000,0.0004
0.0045,0.9981,0.0000,1.0000,0.4824,0.0309,0.0001
0.9993,1.0000,0.0000,0.9995,0.0000,0.0000,0.0000
1.0000,1.0000,1.0000,0.0022,0.9993,1.0000,0.0000
0.0000,0.0001,0.0014,0.9974,0.0013,0.0000,0.0000
0.3829,0.9993,0.0000,0.9581,0.0000,0.0001,0.0030
1.0000,0.0000,0.0000,0.0000,0.0000,1.0000,0.0000
1.0000,1.0000,0.0000,0.0000,0.0000,1.0000,0.0000
0.9999,1.0000,0.0000,0.0000,0.0000,0.9999,0.0000
0.9981,0.0088,0.0000,0.0018,0.0000,0.9949,0.0000
1.0000,0.9998,0.0000,0.0000,0.9983,1.0000,0.0001
0.0001,0.9786,0.0001,0.0000,0.0000,0.0000,0.0000
0.1845,0.9812,0.0001,0.0687,0.0005,0.0001,0.0000
0.0000,0.0000,0.0000,1.0000,0.0000,0.0000,0.0000
0.9999,1.0000,0.0000,0.0000,0.9998,1.0000,0.0000
0.0000,0.0000,0.9998,0.9998,1.0000,0.9997,0.0000
1.0000,1.0000,1.0000,1.0000,1.0000,0.0030,0.0000
0.0000,0.2773,0.0000,0.9997,0.0118,0.0000,0.0003
0.0000,0.0000,0.0000,0.0000,0.0000,1.0000,0.0000
0.0003,0.0006,0.9931,0.9781,0.0232,0.0002,0.0000
1.0000,1.0000,0.0000,0.0000,0.0000,1.0000,0.0000
0.0107,0.0011,0.0000,1.0000,0.0015,0.0018,0.0000
0.0000,0.0000,1.0000,0.2033,0.0000,0.0001,0.0000
0.0001,0.0000,1.0000,0.0000,0.0040,1.0000,0.0000
0.0110,0.0103,0.9635,0.9999,0.0000,0.0198,0.0000
0.0000,1.0000,0.0000,0.0000,0.0000,0.0000,0.0000
0.0000,1.0000,0.0000,0.0000,0.0000,0.0000,0.0000
0.0001,1.0000,0.0000,0.0001,0.0000,0.0000,0.0004
0.0000,0.9844,0.0000,0.0000,0.6343,0.0001,0.0000
0.9958,0.9994,0.0000,0.0002,0.0000,0.0041,0.0000
0.0001,0.9597,0.0001,0.0096,0.0017,0.0001,0.7143
1.0000,1.0000,0.0000,1.0000,1.0000,1.0000,0.0000
1.0000,1.0000,1.0000,1.0000,1.0000,1.0000,0.0000
1.0000,1.0000,0.0001,0.0000,0.0000,1.0000,0.0000
1.0000,1.0000,0.0000,0.2606,0.0000,1.0000,0.0000
0.0001,0.0033,0.0002,0.9996,0.0002,0.0007,0.0000
1.0000,0.0003,0.0000,0.0000,0.0000,1.0000,0.0000
1.0000,1.0000,0.0000,0.0000,0.0000,0.9999,0.0000
0.0000,0.0000,0.0000,1.0000,0.0000,0.0010,0.0000
0.0000,0.0000,0.0000,1.0000,0.0000,0.0000,0.0000
1.0000,1.0000,0.0000,0.0000,0.0000,1.0000,0.0000
0.0003,0.3308,0.8434,0.8095,0.0004,0.0155,0.0049
1.0000,1.0000,0.0000,0.9998,0.0000,1.0000,0.0000
0.0006,0.9990,0.0000,0.0000,0.0000,1.0000,0.0000
0.9916,0.0009,0.0010,0.0001,0.0000,0.9974,0.0036
0.0000,0.0000,0.9997,0.0002,0.9999,0.0000,0.0000
1.0000,1.0000,0.0000,0.0000,0.0000,1.0000,0.0000
0.9998,0.0184,0.9981,0.9984,0.0008,1.0000,0.0002
0.0000,0.0181,0.0000,0.0009,0.0000,0.0000,0.9976
0.0111,0.0005,0.0000,1.0000,0.0000,0.0005,0.0000
0.0003,0.0002,0.0000,1.0000,0.0000,0.0003,0.0000
0.0000,0.0003,0.0000,0.0002,0.0000,0.0000,0.9999
0.0062,0.0027,0.0000,0.0000,0.0000,0.0024,0.1565
0.0000,0.0038,0.9996,1.0000,1.0000,0.9999,0.0000
0.0000,0.0002,0.0000,0.9998,0.0000,0.0000,0.0023
0.6758,0.9329,0.0022,0.0011,0.0037,0.9907,0.0000
0.0020,0.0088,0.5622,0.6347,0.0033,0.0473,0.0019
0.0000,0.0534,0.0003,1.0000,0.0000,0.0000,0.1071
0.0002,1.0000,0.0001,0.0005,0.9959,0.0000,0.0002
0.0020,0.9926,0.0029,0.0000,0.0001,0.0007,0.2588
1.0000,1.0000,0.0000,0.0000,0.0000,0.9996,0.0000
0.0000,0.0000,0.9995,1.0000,0.0000,0.9994,0.0000
0.0000,0.0000,1.0000,0.0000,1.0000,0.0000,0.0000
0.0000,0.0000,1.0000,0.0068,1.0000,0.0002,0.0000
0.9993,0.9880,0.0000,0.9960,0.0025,0.9754,0.0000
1.0000,0.9987,0.0001,0.0000,0.0000,0.9984,0.0000
0.0387,0.9999,0.0001,0.9513,0.0000,0.0087,0.0000
0.0719,0.9118,0.0056,0.9263,0.0000,0.1262,0.0000
0.0000,0.0000,0.0000,0.5927,0.0025,0.0000,0.6730
0.0034,0.0643,0.0590,0.0000,0.6806,0.9998,0.0000
0.0139,0.9999,1.0000,1.0000,0.0000,0.0045,0.0000
0.0051,0.9316,0.0002,0.0403,0.0006,0.4408,0.0000
1.0000,1.0000,1.0000,0.0002,1.0000,1.0000,0.0000
0.9984,0.9995,0.0000,0.0000,0.0000,0.0004,0.0001
0.0018,0.9905,0.0006,0.0027,0.9980,0.2201,0.0000
0.0344,0.9392,0.0015,0.2600,0.0357,0.3682,0.0000
1.0000,1.0000,1.0000,1.0000,0.0000,1.0000,0.0000
1.0000,1.0000,0.0000,0.0001,0.0001,0.9993,0.0000
1.0000,1.0000,0.0000,0.0000,0.0000,1.0000,0.0000
1.0000,0.0000,0.0000,0.0000,0.0000,1.0000,0.0000
0.0000,0.0000,0.0008,0.0000,0.9999,0.0000,0.0000
0.0162,0.0034,0.0000,0.0919,0.9998,0.0000,0.0139
0.0000,0.0000,1.0000,0.0000,1.0000,0.0000,0.0000
0.0000,0.0000,0.0000,0.9633,0.0000,0.0000,0.0104
0.0000,0.0002,0.0000,1.0000,0.0000,0.0000,0.0000
0.0000,0.0000,0.0000,1.0000,0.0008,0.0000,0.0001
1.0000,1.0000,1.0000,1.0000,1.0000,1.0000,0.0000
0.0002,0.0002,1.0000,0.9996,0.0005,0.9998,0.0000
1.0000,1.0000,0.0000,0.0000,0.0000,0.9999,0.0000
0.0000,0.0001,0.0000,0.0071,0.0000,0.0000,0.9998
0.9991,0.9826,0.0000,0.0341,0.0003,0.9690,0.0000
0.0000,0.0000,0.0000,0.0000,0.0000,1.0000,0.0000
1.0000,0.9959,0.0000,0.0000,0.0000,0.9999,0.0000
0.0000,0.0019,0.0000,0.0000,0.0000,1.0000,0.0000
0.0070,0.2478,0.0000,0.9995,0.0000,0.0000,0.0000
0.8713,0.9786,0.0001,0.0013,0.0001,0.9864,0.0003
0.1303,0.9923,0.0507,0.0001,0.9927,0.3956,0.0000
1.0000,0.0000,0.0000,0.0000,0.0000,1.0000,0.0000
1.0000,0.0000,0.0000,0.0000,0.0000,1.0000,0.0001
0.0002,0.9600,0.0000,0.9571,0.0004,0.0000,0.0012
0.0000,0.0000,0.0000,1.0000,0.0000,0.0000,0.0000
0.0000,0.0000,0.0000,0.0000,0.0000,1.0000,0.0000
1.0000,1.0000,0.0000,0.0001,0.0000,0.9997,0.0000
0.0000,0.0000,0.9998,0.9996,0.0000,0.0000,0.0000
0.9999,0.9999,0.0001,0.0010,0.0001,1.0000,0.0000
0.0010,0.7314,0.0000,0.2181,0.0001,0.0000,0.0001
0.0002,0.9998,1.0000,1.0000,0.0002,0.0000,0.0000
0.0000,0.1211,0.0210,0.9105,0.0024,0.0000,0.0131
0.0000,0.0008,0.0001,0.8983,0.0006,0.0002,0.2032
0.0025,0.9947,0.0006,0.0007,0.0060,0.0142,0.0001
0.0000,0.0000,0.9999,1.0000,0.9987,1.0000,0.0000
0.0001,0.0000,0.0000,0.9997,0.0000,0.0000,0.0014
0.0006,0.0105,0.0012,0.2699,0.0006,0.0003,0.8056
0.0000,0.0001,0.0000,1.0000,0.0000,0.0000,0.0000
0.0000,0.0000,0.0000,0.9708,0.0000,0.0000,0.0000
0.0000,0.0002,0.0000,0.0003,0.0002,0.0000,1.0000
0.0000,0.0000,0.0000,1.0000,0.0000,1.0000,0.0000
1.0000,1.0000,1.0000,0.9999,1.0000,1.0000,0.0000
1.0000,1.0000,1.0000,1.0000,1.0000,1.0000,0.0000
1.0000,1.0000,0.0000,1.0000,0.0000,1.0000,0.0000
0.0000,0.5485,0.0000,0.0006,0.0000,0.0000,0.0000
0.0000,0.0009,0.0382,0.1803,0.0000,0.0001,0.0254
1.0000,1.0000,0.0000,1.0000,0.0000,1.0000,0.0000
0.9928,0.0169,0.0557,0.9983,0.0000,0.0001,0.0003
0.0016,0.0004,0.0000,1.0000,0.0001,0.0000,0.0000
0.5009,1.0000,0.0007,0.0006,0.9995,0.4005,0.0000
0.0000,0.0000,0.0000,0.0001,0.0000,0.0001,0.9999
1.0000,1.0000,0.0000,0.0000,0.0000,1.0000,0.0000
1.0000,1.0000,0.0000,0.0000,0.0000,1.0000,0.0000
0.0000,0.0002,0.9985,1.0000,0.0000,0.9995,0.0000
0.3427,0.8877,0.0001,0.8653,0.0016,0.3456,0.0017
0.0000,1.0000,0.0000,0.0000,0.0000,0.0000,0.0000
0.0000,0.8988,0.0000,0.0000,0.0000,0.9629,0.0000
1.0000,1.0000,0.0000,1.0000,0.0000,0.0000,0.0000
0.0000,0.0000,0.0012,0.0000,0.9999,0.0000,0.0009
1.0000,0.1653,0.0000,0.0000,0.0000,0.0000,0.0000
0.0001,0.0000,0.0002,0.0001,0.0000,0.0000,0.9939
0.0008,0.0346,0.0187,0.0095,0.0105,0.0008,0.9679
0.0001,0.0000,0.0000,0.0193,0.0002,0.0000,0.9962
0.0002,0.9779,0.0017,0.1350,0.0002,0.0105,0.0047
0.0002,1.0000,0.0000,0.0002,0.0000,0.0000,0.0011
0.9995,0.9992,1.0000,1.0000,0.9998,1.0000,0.0001
0.0000,0.0000,0.0000,0.0000,0.0000,0.0008,0.4075
0.9991,0.9999,0.0003,0.0006,0.0001,0.0005,0.0000
0.0000,0.0001,0.0000,0.0001,0.0001,0.0000,1.0000
1.0000,1.0000,1.0000,1.0000,1.0000,0.0001,0.0000
0.9963,1.0000,0.0000,0.0000,0.0000,0.9912,0.0000
0.0072,0.2530,0.0000,0.0000,0.0000,0.9990,0.0000
1.0000,0.9998,0.0000,0.0002,0.0000,1.0000,0.0000
1.0000,1.0000,0.0000,0.0001,0.0014,0.9999,0.0000
1.0000,1.0000,1.0000,1.0000,1.0000,1.0000,0.0000
0.9999,1.0000,1.0000,0.9999,1.0000,0.0002,0.0000
0.9977,0.0001,0.0002,0.0000,0.0000,0.9952,0.0007
0.9997,1.0000,0.0000,0.9996,0.0000,0.9533,0.0000
0.0001,1.0000,0.0001,0.0000,0.0003,0.0001,0.0001
1.0000,1.0000,0.0000,0.0000,0.0000,1.0000,0.0000
0.0000,0.0000,0.0000,1.0000,0.0000,0.0000,0.0000
0.5603,0.9992,0.0000,0.9995,0.0009,0.1884,0.0000
0.9998,0.9996,0.0000,0.8987,0.0000,0.9996,0.0000
0.0000,0.1703,0.0000,0.9541,0.0010,0.0000,0.9534
0.0000,0.0000,0.0000,1.0000,0.0000,0.9994,0.0000
0.0081,0.9998,0.0000,0.0000,0.0000,0.0079,0.0000
0.9980,1.0000,0.0016,0.0001,0.9999,0.9993,0.0000
0.0018,1.0000,0.0000,0.0008,1.0000,0.0008,0.0007
0.0002,0.0001,0.0000,0.0000,0.0000,1.0000,0.0000
0.0000,0.0000,0.0000,1.0000,0.0000,1.0000,0.0000
0.0000,0.0000,0.0000,0.9990,0.0000,0.0000,0.0001
1.0000,1.0000,1.0000,0.0000,1.0000,1.0000,0.0000
0.0000,0.0004,0.0000,1.0000,0.0000,0.0000,0.0001
0.9978,1.0000,0.0001,0.0001,0.0000,0.0001,0.0000
1.0000,1.0000,0.0000,0.0000,0.0001,1.0000,0.0000
1.0000,0.0000,0.0000,0.0000,0.9999,1.0000,0.0000
0.9734,0.9990,0.0000,0.0000,0.0000,0.0191,0.0000
0.0072,0.1486,0.0012,0.0022,0.0001,0.9888,0.0004
0.0013,0.9998,0.0002,0.0003,0.0030,0.0010,0.0001
0.9194,0.9999,0.0000,0.0000,0.0000,0.9910,0.0000
0.9869,0.9916,0.0002,1.0000,0.0049,0.0210,0.0002
0.0081,0.0049,0.0000,0.9978,0.0062,0.0095,0.0000
0.0000,0.0000,0.0000,0.9811,0.0000,0.0000,0.9614
0.0002,0.0002,0.9999,1.0000,0.0000,1.0000,0.0000
0.0000,0.0001,0.0472,0.0000,0.0000,0.0000,0.9883
0.9749,0.9264,0.9991,0.9925,1.0000,0.9996,0.0000
0.0000,0.0027,0.9867,0.9999,0.0000,0.0000,0.0000
0.9982,1.0000,0.0001,0.0002,0.0000,0.0001,0.0000
0.0000,0.0002,0.0000,0.0000,0.0000,0.9999,0.0000
0.0001,0.9999,0.0003,0.0000,0.0000,0.0004,0.0000
1.0000,1.0000,1.0000,1.0000,1.0000,1.0000,0.0000
0.0011,0.8650,0.0012,0.0077,0.0062,0.0523,0.0000
1.0000,1.0000,0.0000,0.0000,0.0000,1.0000,0.0000
0.9997,0.9999,0.0008,0.0003,0.0004,0.0020,0.0000
1.0000,1.0000,0.2081,0.2734,0.0010,0.9999,0.0000
0.0000,0.0002,0.0000,1.0000,0.0000,0.0008,0.0000
0.9956,0.0500,0.0000,0.0011,0.0000,0.9978,0.0004
0.0421,0.0148,0.0101,0.0012,1.0000,0.0114,0.0010
0.0000,0.0000,0.9961,1.0000,0.0000,0.0000,0.0000
0.0000,0.0000,0.0000,0.0000,0.0000,1.0000,0.0000
1.0000,0.9723,0.0000,0.0000,0.0000,1.0000,0.0000
0.9995,0.9999,0.0000,1.0000,0.0001,0.0001,0.0004
0.0127,0.0064,0.0008,0.2147,0.0000,0.0171,0.0014
0.0280,0.0000,0.0002,0.9993,0.0036,0.0000,0.0000
0.9963,0.9992,0.0000,0.0291,0.0000,0.9480,0.0000
1.0000,1.0000,0.0000,1.0000,0.0000,0.0000,0.0000
0.0000,0.0001,0.9997,0.0001,0.0008,1.0000,0.0000
0.0001,0.0008,0.9097,0.1216,0.0009,0.0168,0.0015
0.5097,0.5626,0.0007,0.0001,0.1136,0.9956,0.0015
1.0000,1.0000,0.0000,0.0011,0.0002,1.0000,0.0000
0.9883,0.9896,0.0001,1.0000,0.0108,0.0337,0.0003
0.0000,0.0128,0.0194,0.0554,0.0016,0.0004,0.8911
1.0000,1.0000,0.0000,0.0000,0.0000,0.9999,0.0000
1.0000,1.0000,0.0000,0.0000,0.0000,1.0000,0.0000
1.0000,1.0000,0.0000,1.0000,0.0000,1.0000,0.0000
0.0006,0.2359,0.0020,0.0002,0.9450,0.0001,0.0099
0.0003,0.0006,0.0001,1.0000,0.0000,0.0000,0.0000
0.0006,0.9999,0.0002,0.0021,0.0004,0.0000,0.0002
0.0000,0.0006,0.9998,0.0005,1.0000,0.0096,0.0000
1.0000,0.9994,0.0000,0.0000,0.0002,0.9998,0.0000
0.0002,0.0004,0.9603,0.8517,0.0000,1.0000,0.0000
0.0000,0.0002,0.0000,1.0000,0.9983,0.0000,0.0000
0.0003,0.3817,0.0007,0.0107,0.0000,0.0111,0.0000
0.0001,0.0000,0.0000,0.0000,0.0000,1.0000,0.0000
0.0007,0.0001,0.0000,1.0000,0.0000,0.0000,0.0000
0.0000,0.0009,0.0000,0.0280,0.0000,0.0000,0.9998
0.0062,0.0011,0.0000,0.0012,0.0001,0.0000,0.0010
0.0014,0.9865,0.0024,0.0002,0.0000,0.0345,0.0004
1.0000,1.0000,0.0000,1.0000,0.0000,0.9998,0.0000
0.0011,0.8911,0.0097,0.0007,0.0005,0.0039,0.0003
0.0000,0.0026,0.5465,0.0889,0.0007,0.0000,0.1192
0.9972,0.0013,0.0000,0.0000,0.0000,0.9990,0.0018
1.0000,1.0000,1.0000,1.0000,1.0000,1.0000,0.0000
1.0000,0.9997,0.0000,0.0002,0.0000,0.6877,0.0001
0.0000,0.2550,0.0000,0.0000,0.0001,0.0000,0.4951
0.0000,0.0000,0.0000,0.0000,0.0000,1.0000,0.0007
0.0000,0.0001,0.0000,0.0018,0.0000,0.0000,1.0000
0.0000,0.0000,0.0000,1.0000,0.0000,0.0156,0.0000
0.0000,0.0000,0.0011,0.0000,0.0000,1.0000,0.0000
0.9033,0.0146,0.0000,0.0000,0.0025,0.0001,0.0000
1.0000,1.0000,0.0000,1.0000,0.0000,0.9999,0.0000
0.0000,0.2439,0.0087,0.8221,0.0000,0.0041,0.0000
0.0000,0.0000,0.0000,1.0000,0.0000,0.0000,0.0000
0.0000,0.0001,0.0000,0.0000,0.0000,1.0000,0.0000
0.9999,1.0000,0.0000,0.0002,0.0000,0.9959,0.0000
1.0000,1.0000,0.0000,1.0000,0.0000,1.0000,0.0000
0.0001,1.0000,0.0000,1.0000,1.0000,0.0000,0.0000
0.0000,0.0003,1.0000,0.0000,0.0001,0.9999,0.0000
0.0110,0.5756,0.0001,0.0596,0.9729,0.0439,0.0000
1.0000,1.0000,1.0000,1.0000,1.0000,1.0000,0.0000
0.0062,0.9979,0.0262,0.0021,0.1133,0.0362,0.0000
0.0106,0.7228,0.0001,0.0000,0.0000,0.9858,0.0000
0.0000,0.0000,0.0000,1.0000,0.0000,0.0000,0.0000
0.0000,0.0040,0.0000,0.8166,0.0112,0.0000,0.1022
0.0001,0.9695,0.0001,0.0000,0.0011,0.0000,0.0019
0.0015,0.9990,0.9990,0.9981,1.0000,1.0000,0.0000
0.9962,0.9982,0.0000,0.0005,0.0000,0.0028,0.0000
0.0001,0.9985,0.0000,0.8172,0.0000,0.0000,0.9685
0.0372,0.0306,0.0012,0.3223,0.0000,0.0339,0.0001
0.0000,0.0000,0.8257,0.6672,0.0000,0.0000,0.0022
0.0000,0.0000,1.0000,0.0000,0.0000,1.0000,0.0000
0.0006,0.9775,0.0022,0.0000,0.0001,0.2591,0.0001
1.0000,1.0000,1.0000,1.0000,1.0000,1.0000,0.0001
1.0000,1.0000,0.0000,0.0000,0.0000,1.0000,0.0000
0.0000,0.9115,0.0000,0.4834,0.0000,0.0000,0.0000
1.0000,0.9548,0.0000,0.0003,0.9971,0.9970,0.0008
0.0000,0.0003,0.0000,0.0601,0.0175,0.0000,0.4103
1.0000,1.0000,1.0000,1.0000,1.0000,1.0000,0.0000
0.0261,1.0000,0.0000,0.0000,0.0000,0.0001,0.0000
0.0001,0.0032,0.0000,0.9995,0.0001,0.0000,0.0000
0.9993,1.0000,0.0000,0.0000,0.0000,0.9998,0.0000
0.9995,1.0000,0.0005,0.0002,0.0002,0.0006,0.0000
0.9998,1.0000,0.0000,0.0000,0.0000,1.0000,0.0000
0.0000,0.0000,1.0000,0.0002,1.0000,0.0000,0.0000
0.0001,0.9998,1.0000,0.9995,0.0001,1.0000,0.0000
0.9998,0.0012,0.0000,0.0001,0.0000,1.0000,0.0000
0.0006,0.0002,0.0000,1.0000,0.0000,0.0025,0.0000
0.0000,0.0000,0.0000,0.9821,0.0000,0.0000,0.7840
0.0001,0.0064,0.9997,0.0063,0.9597,0.9371,0.0000
0.9802,1.0000,0.0011,0.0000,0.0016,1.0000,0.0000
1.0000,1.0000,1.0000,0.9999,0.9912,0.0026,0.0000
0.9999,1.0000,0.0001,1.0000,0.0000,0.9999,0.0000
0.0059,0.9999,0.0001,0.0000,0.0001,0.0023,0.0001
0.0022,0.9797,0.0060,0.0000,0.0002,0.1038,0.0006
0.0013,0.9999,1.0000,1.0000,0.0005,0.0002,0.0000
1.0000,1.0000,0.0000,0.0000,0.0000,1.0000,0.0000
0.0000,0.0005,0.0002,0.9998,0.0011,0.0000,0.0000
0.0073,0.0319,0.0004,0.6726,0.2088,0.0044,0.0188
0.0001,0.0000,0.0000,0.0248,0.0000,0.0000,0.9944
1.0000,1.0000,0.0000,1.0000,0.0000,0.0000,0.0000
1.0000,0.9993,0.0000,0.0000,0.0000,1.0000,0.0000
1.0000,1.0000,0.0000,0.0001,0.0000,0.9950,0.0000
0.0018,0.9605,0.0000,0.0000,0.0826,0.0013,0.0002
0.9761,0.9991,0.0000,0.9589,0.0000,0.9988,0.0000
0.0006,0.0000,0.0000,1.0000,0.0000,0.0000,0.0014
0.0153,0.9917,0.0024,0.0012,0.0202,0.0005,0.0209
0.9869,1.0000,0.0000,0.0000,0.0000,0.0011,0.0000
0.0000,0.0000,0.0000,1.0000,0.0000,0.0000,0.0000
0.0005,0.9997,1.0000,1.0000,0.0001,0.0002,0.0000
1.0000,1.0000,0.0000,1.0000,0.0000,1.0000,0.0000
1.0000,1.0000,0.0000,1.0000,0.0000,0.9992,0.0000
0.9999,1.0000,0.0000,0.0011,0.0000,1.0000,0.0000
1.0000,0.9997,0.0000,0.0000,0.0000,1.0000,0.0000
0.0000,1.0000,0.0000,0.0000,0.0000,0.0000,0.0000
1.0000,1.0000,0.0000,0.0000,0.9999,1.0000,0.0000
0.9667,0.0134,0.0000,0.0000,0.0000,0.9997,0.0000
1.0000,1.0000,0.0000,0.0001,0.0000,0.9951,0.0000
1.0000,1.0000,0.0000,0.7757,0.8461,1.0000,0.0000
1.0000,1.0000,0.0000,0.0002,0.0001,1.0000,0.0000
0.9968,0.9998,0.0000,0.9998,0.0000,0.0004,0.0004
0.0000,0.0000,0.0000,1.0000,0.0000,0.0000,0.0017
0.0000,0.0019,0.0001,0.0017,0.0009,0.9997,0.0008
0.0000,0.0007,0.6035,0.0001,0.9998,0.0000,0.0000
0.0000,0.9914,0.0000,0.9999,0.9977,0.0000,0.0000
0.9729,0.9305,0.0000,0.0021,0.0000,0.1512,0.0000
0.0000,0.0000,1.0000,1.0000,1.0000,1.0000,0.0000
0.2992,1.0000,0.0000,0.0010,0.0000,0.7912,0.0000
0.0000,0.0000,0.9997,0.9998,0.0000,0.0000,0.0000
0.0000,0.0001,0.9999,0.0000,1.0000,0.0000,0.0000
0.9994,0.9996,0.0000,0.0000,0.0000,0.9989,0.0000
0.0002,0.9997,0.0000,0.0000,0.0000,0.0000,0.0000
0.0000,0.0000,0.0000,0.9981,0.0000,0.0000,1.0000
0.0006,0.0010,0.0000,1.0000,0.9990,0.9994,0.0000
0.0001,0.0000,0.0000,1.0000,0.0000,0.0065,0.0000
0.0000,0.0000,0.9999,1.0000,0.0000,0.0000,0.0000
1.0000,1.0000,0.0000,0.9964,0.0000,1.0000,0.0000
0.0004,0.9995,0.0023,0.0000,0.0002,0.0001,0.0002
1.0000,1.0000,0.9995,0.0678,1.0000,1.0000,0.0000
0.9998,0.0364,0.0000,0.0000,0.0000,0.0000,0.0000
0.4629,0.4563,0.0001,0.1432,0.6514,0.0037,0.1679
0.0345,0.6882,0.0000,0.8883,0.4048,0.0000,0.0001
1.0000,1.0000,1.0000,1.0000,0.0000,1.0000,0.0000
0.0000,0.0002,0.6565,0.0001,0.0000,0.0000,0.9819
0.9616,0.9999,0.0002,0.0270,0.0000,0.9712,0.0000
0.0000,0.0002,0.0003,0.4621,0.0001,0.0000,0.5868
0.0058,0.9977,0.0000,0.0001,0.0000,0.8711,0.0000
0.0001,0.0131,0.0000,0.0000,0.0000,1.0000,0.0000
0.0000,0.0012,0.0012,0.0022,0.0028,0.0000,0.9593
0.9999,0.9900,0.0005,0.0000,0.0000,0.9988,0.0000
1.0000,1.0000,0.0001,0.0016,0.9995,1.0000,0.0000
0.0000,0.9940,0.0000,0.0000,0.0003,0.0034,0.0000
0.0001,0.0075,0.0009,0.9919,0.0030,0.0001,0.0001
0.0002,1.0000,0.0000,1.0000,0.9999,0.0000,0.0000
1.0000,1.0000,0.0000,0.9992,0.0000,0.9996,0.0000
0.0000,0.0105,0.0000,0.3208,0.0000,0.0000,0.5556
1.0000,1.0000,0.0000,0.0000,0.0000,0.9999,0.0000
0.6254,0.0006,0.0000,0.0097,0.0000,0.0176,0.2576
0.0000,0.0000,0.0740,0.0000,0.0001,0.0000,0.5139
1.0000,1.0000,0.0000,0.0000,0.0000,1.0000,0.0000
1.0000,1.0000,0.0000,0.9999,0.0000,1.0000,0.0000
0.0000,0.0000,0.0348,0.0166,0.0000,0.0007,0.4180
0.0000,0.0000,0.0000,1.0000,0.0000,0.0000,0.0000
0.0000,0.0000,0.0001,1.0000,0.0000,0.0000,0.0000
0.0001,0.9926,0.0001,0.0000,0.0000,0.0000,0.0000
1.0000,1.0000,0.0000,0.0000,0.0000,1.0000,0.0000
0.0000,0.0022,0.0000,0.7674,0.0003,0.0000,0.0000
0.0166,0.0742,0.0040,0.3938,0.0130,0.0528,0.3831
1.0000,0.0023,0.0000,0.0000,0.0000,1.0000,0.0000
0.0385,0.9976,0.9958,0.0000,0.9684,0.1034,0.0000
0.0000,0.0000,0.0001,0.9999,0.0001,0.0000,0.0002
0.0000,0.0000,1.0000,0.0003,1.0000,0.0000,0.0000
0.0000,1.0000,0.0000,0.0000,0.0007,0.0000,0.0000
1.0000,0.0004,0.0000,0.0000,0.0000,1.0000,0.0000
0.0000,0.0000,0.0000,1.0000,0.0000,0.9998,0.0000
0.0002,0.0053,0.0000,1.0000,0.0000,0.0003,0.0000
0.9832,0.0028,0.0000,0.9992,0.0000,0.0039,0.0000
0.0001,0.0009,0.0000,1.0000,0.9998,0.9999,0.0000
0.9992,0.9967,0.0000,0.0000,0.0000,1.0000,0.0000
0.0083,0.1636,0.0003,0.0511,0.9999,0.8489,0.0001
0.9972,0.2470,0.0000,0.0000,0.0002,0.0041,0.0000
0.0000,0.0000,0.0000,1.0000,0.0000,0.9580,0.0000
0.0050,0.3841,0.0000,0.9998,0.0000,0.0000,0.0000
1.0000,1.0000,0.0001,0.0000,0.0000,1.0000,0.0000
0.9599,0.9996,0.0000,0.0000,0.0004,0.9996,0.0000
0.0000,0.0000,1.0000,0.0000,0.0000,1.0000,0.0000
1.0000,1.0000,0.0002,0.0000,1.0000,0.9956,0.0000
0.0000,0.0009,0.0002,0.9998,0.6684,0.0000,0.0157
0.0000,0.0007,0.9912,1.0000,0.9997,0.0000,0.0001
0.0000,0.0000,0.0000,1.0000,0.0000,0.0000,0.0000
0.0000,0.0000,0.0001,0.0000,0.0000,1.0000,0.0000
0.9985,0.9997,0.0000,0.9999,0.0000,0.0018,0.0002
1.0000,1.0000,1.0000,1.0000,0.0000,1.0000,0.0000
0.0004,0.9992,0.0001,0.0000,0.0003,0.0000,0.0001
0.0954,0.3114,0.5612,0.0720,0.0016,0.9944,0.0000
1.0000,1.0000,0.9989,0.9992,0.9981,0.0000,0.0000
0.9926,0.0282,0.0136,0.9942,0.0001,0.0064,0.0026
0.0007,0.0150,0.0010,0.9157,0.0005,0.0012,0.0890
0.0000,0.1144,0.0002,0.2406,0.0076,0.0000,0.9526
0.0024,1.0000,0.0000,0.0000,0.0024,0.0014,0.0000
0.0000,0.0000,0.0005,0.0002,0.0000,0.9978,0.0000
1.0000,1.0000,0.0000,0.9999,0.0000,1.0000,0.0000
1.0000,1.0000,0.0000,0.0000,0.0000,1.0000,0.0000
0.0000,0.0001,0.0000,1.0000,0.0000,0.0000,0.0000
1.0000,1.0000,0.0000,0.0000,0.0000,1.0000,0.0000
0.9864,0.9908,0.0000,0.0000,0.0000,0.9891,0.0000
0.4336,0.8900,0.0000,0.0006,0.0003,0.9988,0.0000
1.0000,1.0000,0.0000,0.0001,0.0002,1.0000,0.0000
0.0052,0.9856,0.0000,0.0001,0.0000,0.0061,0.0005
0.9981,0.3837,0.0000,0.0000,0.0000,0.0003,0.0000
0.9999,0.0000,0.0000,0.0001,0.9999,0.9999,0.0003
0.0000,0.0000,0.9999,0.9880,0.0000,0.0000,0.0032
0.0000,0.1807,0.0000,0.7071,0.0000,0.0000,0.0000
1.0000,1.0000,0.0000,0.0000,0.0000,1.0000,0.0000
0.9997,0.9996,0.0000,1.0000,0.9999,0.9999,0.0000
0.0000,0.0000,0.9997,0.9998,0.0000,0.0000,0.0000
0.9998,0.9999,0.0015,0.0000,1.0000,0.0001,0.0000
0.9999,0.0000,0.0000,0.0000,0.0000,1.0000,0.0003
0.0007,0.9737,0.0004,0.1842,0.0000,0.0024,0.0105
0.0000,0.6997,0.0000,0.0000,0.0000,0.3414,0.0000
1.0000,0.9999,0.0000,0.0006,0.0000,0.9997,0.0000
0.0000,0.0001,0.0002,0.9746,0.0112,0.0000,0.0007
0.0000,0.9900,0.0016,0.9878,0.9997,0.0000,0.0000
0.0000,0.7772,0.0000,0.0000,0.0000,1.0000,0.0000
0.1307,0.6320,0.0002,0.4363,0.0000,0.0133,0.0028
0.0000,0.0000,0.0000,0.0000,0.0000,0.9999,0.0000
0.0000,0.0000,0.0027,0.0381,0.0001,0.0000,0.6867
0.0001,0.0001,0.0243,1.0000,0.0000,0.0000,0.0000
0.0000,0.9625,0.0000,0.9999,0.9889,0.0000,0.0000
0.9999,1.0000,0.9999,1.0000,0.0004,1.0000,0.0000
0.0000,0.0000,0.1584,0.9971,0.0000,0.0000,0.3362
0.0001,0.0149,0.0001,0.9989,0.0004,0.0000,0.0001
1.0000,1.0000,1.0000,0.0000,1.0000,1.0000,0.0000
0.0000,0.0000,0.0010,0.0000,0.0004,0.9997,0.0000
0.9999,0.0156,0.9991,0.9917,0.0066,1.0000,0.0000
0.0000,0.0000,0.0000,0.0000,0.0000,1.0000,0.0000
0.0000,0.0000,0.0001,0.4021,0.0000,0.0000,0.9599
0.9932,1.0000,0.0000,0.0001,0.0000,0.3465,0.0000
0.0000,0.0000,1.0000,0.0000,0.0000,1.0000,0.0000
0.0000,0.0000,0.0000,0.1228,0.0015,0.0000,0.9626
0.0018,0.0000,0.0001,0.9209,0.0000,0.0000,0.1792
1.0000,0.9993,0.0000,0.0000,0.0000,1.0000,0.0000
0.0000,0.0000,0.0000,0.9994,0.0000,0.0000,0.4666
1.0000,1.0000,0.0000,1.0000,0.0000,0.0000,0.0000
1.0000,1.0000,0.0000,0.0000,0.0000,1.0000,0.0000
0.0000,0.0000,0.0000,1.0000,0.0000,0.0000,0.0000
0.0000,0.0000,1.0000,0.0001,0.9995,0.0000,0.0000
0.9989,0.0031,0.0000,0.0000,0.0000,0.0002,0.0000
0.0000,0.0000,0.0000,0.0000,0.0000,0.0000,1.0000
0.0000,0.0000,0.0000,0.9764,0.0000,0.0000,0.0109
0.9997,1.0000,0.0000,0.0000,0.0000,0.9995,0.0000
0.9992,0.9989,0.0000,0.8035,0.0000,0.9309,0.0000
0.9999,0.9964,0.0000,0.0000,0.0002,0.9996,0.0000
0.0005,0.0059,0.0005,0.7757,0.0043,0.0008,0.0823
0.0006,0.0004,0.0000,1.0000,0.0000,0.0004,0.0000
0.0000,0.0000,0.0002,0.0000,0.0000,1.0000,0.0000
0.0000,0.0648,0.0021,0.0121,0.0828,0.0000,0.0421
0.0000,0.0000,0.9927,0.4860,0.0000,0.0000,0.0000
0.0000,0.0000,0.0000,0.0314,0.8462,0.0012,0.6884
0.0018,1.0000,0.0000,0.0000,0.0000,0.0234,0.0000
0.0051,1.0000,0.0000,0.0000,0.0000,0.0005,0.0000
0.4461,0.9998,0.8769,0.9951,0.9916,0.8963,0.0000
0.9995,0.9988,0.0000,0.9999,0.0000,0.9998,0.0000
0.0002,0.9808,0.0003,0.0091,0.0002,0.1168,0.0000
0.0001,0.9941,0.5886,0.1920,0.0000,0.0041,0.0005
0.0003,0.7952,0.0000,0.0000,0.0000,0.0166,0.0369
0.0000,0.0000,0.0000,1.0000,0.0000,0.0000,0.0000
0.9998,0.9984,0.0003,0.9914,0.0006,0.9996,0.0000
1.0000,0.9202,0.0000,0.0000,0.0000,0.0000,0.0000
1.0000,1.0000,0.0000,0.0000,0.0000,1.0000,0.0000
0.0002,0.1512,0.6592,0.4499,0.6326,0.3350,0.0000
0.0000,0.6413,0.9999,1.0000,0.0000,0.0000,0.0000
0.0000,0.0250,0.0000,0.9999,0.0001,0.0000,0.0008
1.0000,1.0000,0.9999,0.0001,0.9999,1.0000,0.0000
1.0000,1.0000,0.0000,0.0000,0.0000,1.0000,0.0000
0.9916,0.0011,0.0010,0.0001,0.0000,0.9974,0.0034
0.0000,0.0001,0.0000,0.0795,0.0000,0.0000,0.7650
0.0000,0.0000,0.9999,0.9999,0.0000,0.0000,0.0000
0.0469,0.9902,0.0030,0.9917,0.0005,0.0030,0.0089
0.9954,0.9997,0.0000,0.0386,0.0026,0.8078,0.0000
0.0000,0.0000,0.0000,0.7235,0.0065,0.0000,0.9791
0.0000,0.9925,0.9999,1.0000,0.0007,0.0000,0.0000
0.0000,0.0000,0.0896,0.9999,0.0005,0.0009,0.0001
1.0000,1.0000,0.0000,0.0000,0.0000,1.0000,0.0000
0.9744,0.9999,0.0000,0.9905,0.0000,0.9955,0.0355
1.0000,1.0000,0.0000,0.0000,0.0000,1.0000,0.0000
0.0138,0.0232,0.0007,0.9677,0.0000,0.0803,0.0064
0.7327,0.9655,0.0000,0.0237,0.0015,0.0076,0.0000
0.0000,1.0000,0.0000,0.0000,0.0000,0.0000,0.0000
1.0000,0.0002,0.0000,0.0000,0.0000,0.9999,0.0000
0.9990,0.9999,0.0000,0.0001,0.0002,0.0144,0.0000
0.0000,0.9161,0.0004,0.0266,0.0000,0.0000,0.3318
1.0000,1.0000,0.0000,1.0000,0.0000,1.0000,0.0000
1.0000,0.9907,0.0000,0.0002,0.0001,0.9994,0.0000
0.0000,0.0000,0.0000,1.0000,0.0000,0.0000,0.5758
0.9993,0.0044,0.0003,0.0000,0.0000,0.9996,0.0003
0.0000,0.0354,0.0000,0.0079,0.0000,0.9980,0.0000
0.4483,0.4534,0.0019,0.8838,0.0900,0.6934,0.0000
0.9999,1.0000,0.0000,0.0000,0.0000,0.9958,0.0000
0.0003,0.3602,0.0000,0.8113,0.2765,0.0000,0.1126
0.9972,0.9996,0.0000,0.9842,0.0000,0.9997,0.0006
0.3651,0.9740,0.0000,0.0001,0.0186,0.0000,0.0231
0.0000,0.0000,0.0000,0.0000,0.0000,1.0000,0.0000
0.0000,0.0516,0.0019,0.8008,0.0730,0.0036,0.0000
0.0001,1.0000,1.0000,1.0000,0.0000,0.0000,0.0000
0.0001,0.9843,0.0000,0.9507,0.0000,0.0000,0.1739
0.0000,0.0000,0.0000,0.9760,0.9654,0.0000,0.7542
1.0000,1.0000,0.0000,0.0000,0.0000,1.0000,0.0000
0.0000,0.0008,0.0000,0.0005,0.0004,0.0000,1.0000
0.9957,1.0000,0.0000,0.0000,0.0000,0.0037,0.0000
0.0000,0.0000,0.9999,1.0000,0.0000,0.9999,0.0000
0.9350,0.0024,0.0000,0.0001,0.0000,0.9979,0.0000
0.9904,0.9999,0.0000,0.9998,0.0000,0.0007,0.0008
0.0246,0.0022,0.0003,0.9998,0.0001,0.0009,0.0001
0.3761,0.0836,0.0001,0.0000,0.0000,0.9450,0.0002
1.0000,1.0000,0.0000,1.0000,1.0000,1.0000,0.0000
0.9621,0.9679,0.0020,0.0044,0.0100,0.9203,0.0084
0.0000,0.0000,1.0000,0.0002,1.0000,0.0000,0.0000
1.0000,1.0000,0.0000,1.0000,0.0000,0.9993,0.0000
0.0004,0.0005,0.0000,1.0000,0.9992,0.9997,0.0000
0.5343,0.9992,0.0000,0.9999,0.0000,0.0003,0.0000
0.0000,0.0000,0.0002,0.0000,0.0000,0.0000,1.0000
0.0009,0.0118,0.0008,0.1986,0.9743,0.0001,0.9521
0.0000,0.0000,0.0000,1.0000,0.0000,0.0000,0.0000
0.0000,0.0000,0.0003,0.9454,0.0000,0.0000,0.2313
0.0000,0.7081,0.0542,0.9455,0.0000,0.0002,0.0000
1.0000,1.0000,0.0001,0.0000,0.0000,0.9999,0.0000
0.0000,0.9854,0.0000,0.9961,0.0001,0.0000,0.0004
0.0000,0.0000,0.0000,0.9999,0.0000,0.0000,0.1838
1.0000,1.0000,0.0000,1.0000,1.0000,1.0000,0.0000
0.0000,0.0001,1.0000,0.0001,1.0000,1.0000,0.0000
1.0000,1.0000,0.0000,0.0000,0.0000,1.0000,0.0000
1.0000,1.0000,0.0000,0.0001,0.0000,0.9999,0.0000
0.0000,0.0000,0.8194,1.0000,0.0000,0.0000,0.0005
0.0011,0.9827,0.0001,0.5434,0.9942,0.0000,0.0000
0.0001,0.0002,0.0038,0.0048,0.9966,0.0440,0.0003
1.0000,1.0000,0.0000,0.0000,0.0000,1.0000,0.0000
0.0000,0.0000,0.0000,0.0000,0.0000,1.0000,0.0000
0.0000,0.0112,0.0000,0.9997,0.0000,0.0000,0.0000
0.0001,1.0000,0.0000,0.0000,0.0000,0.0000,0.0000
0.0000,0.0324,0.0229,0.5841,0.0136,0.0000,0.0002
0.0016,1.0000,0.0004,0.0001,0.0008,0.0979,0.0000
0.9998,1.0000,0.0000,0.0000,0.0000,1.0000,0.0000
1.0000,1.0000,0.0000,0.0000,0.0000,1.0000,0.0000
1.0000,1.0000,0.0001,0.9973,0.0000,0.9999,0.0000
1.0000,1.0000,1.0000,1.0000,1.0000,1.0000,0.0000
0.0005,0.9999,0.0002,0.0000,0.0000,0.2321,0.0000
0.0000,0.0002,0.0002,0.9944,0.0010,0.0138,0.0027
1.0000,1.0000,0.0000,0.0000,0.0000,1.0000,0.0000
0.0000,0.0000,0.0000,1.0000,0.0000,0.0000,0.0000
0.9909,0.9950,0.0000,0.0000,0.0000,0.9899,0.0000
1.0000,0.9999,0.0000,1.0000,0.0000,0.9999,0.0000
0.0003,0.0047,0.0000,1.0000,0.0000,0.0000,0.0000
1.0000,1.0000,0.0000,0.0002,0.0000,0.9682,0.0000
0.0000,0.0000,0.0000,1.0000,0.0000,0.0000,0.0000
1.0000,1.0000,0.0000,0.0000,0.0000,0.9988,0.0000
0.9998,0.9999,0.9988,0.0000,1.0000,1.0000,0.0000
1.0000,1.0000,1.0000,1.0000,1.0000,1.0000,0.0000
0.0000,0.0003,0.0000,0.9998,0.0000,0.0000,0.0002
0.0013,0.0014,0.0011,0.8510,0.0003,0.0002,0.0024
0.9997,1.0000,0.0000,0.0000,0.0000,0.0056,0.0000
0.9936,1.0000,0.0000,0.0000,0.0000,0.9489,0.0000
0.0108,0.9963,0.0000,0.0121,0.0001,0.3673,0.0000
0.4888,0.9497,0.0008,0.0000,0.0001,0.9879,0.0000
0.0000,0.0078,0.6689,0.9991,0.0000,0.0000,0.0000
0.8604,0.9923,0.0000,0.9977,0.0000,0.3778,0.0000
1.0000,1.0000,1.0000,1.0000,1.0000,1.0000,0.0000
0.9661,0.0302,0.0000,0.0000,0.0000,0.9989,0.0000
0.0020,0.8409,0.1489,0.1554,0.0005,0.0843,0.0001
1.0000,1.0000,1.0000,1.0000,1.0000,1.0000,0.0000
0.0101,1.0000,0.1803,0.0000,0.9983,0.0150,0.0012
0.9996,0.0003,0.0000,0.0000,0.0000,1.0000,0.0000
0.9999,0.9874,0.0001,0.9999,0.0000,0.0009,0.0000
1.0000,1.0000,0.0000,0.0000,0.0000,1.0000,0.0000
0.0000,0.0102,0.0000,0.9955,0.0000,0.0002,0.0000
0.0000,0.9792,0.0001,0.1636,0.0000,0.0000,0.0219
0.9201,0.9999,0.2877,0.0011,0.6426,0.9910,0.0000
0.9977,0.9974,0.0002,0.9996,0.0001,0.0002,0.0014
0.0002,0.0000,0.0000,0.0002,0.0003,0.0000,0.9588
0.0000,0.0000,0.0000,1.0000,0.0000,1.0000,0.0000
0.0001,0.0002,0.0102,0.0058,0.9960,0.0670,0.0002
0.9970,0.9985,0.0002,0.9994,0.0001,0.0006,0.0015
0.9924,0.0931,0.1320,0.9899,0.0000,0.0001,0.0000
1.0000,1.0000,0.0000,0.0000,0.0000,1.0000,0.0000
0.0002,0.9944,0.0000,1.0000,0.0000,0.0000,0.7233
0.6226,0.6580,0.0000,0.0000,0.0001,0.9991,0.0000
0.0003,0.0007,0.0000,0.0000,0.0000,1.0000,0.0000
0.0061,0.6764,0.0000,0.2891,0.0000,0.0000,0.8045
0.9980,0.9996,0.0000,0.0009,0.0000,0.9938,0.0000
0.9999,1.0000,0.9999,1.0000,0.9994,0.0017,0.0000
0.0000,0.2622,0.0000,0.9998,0.0000,0.0000,0.5734
0.0000,0.0056,0.0004,0.0021,0.0000,0.0037,0.0000
0.0000,0.0001,0.0060,0.9852,0.0000,0.0000,0.4062
0.0171,0.9527,0.0000,0.0000,0.0002,0.0093,0.0001
0.9999,1.0000,0.0000,0.0063,0.0000,0.9999,0.0009
0.0000,1.0000,0.0000,0.0000,0.0000,1.0000,0.0000
0.0000,1.0000,0.0000,0.0000,0.0000,0.0000,0.0000
0.0006,0.0398,0.0000,0.7841,0.0000,0.0012,0.0006
0.9996,1.0000,0.0002,0.0001,0.0001,0.0035,0.0000
0.0000,0.0000,0.5785,0.0733,0.0000,0.0008,0.0000
1.0000,1.0000,1.0000,1.0000,0.0000,1.0000,0.0000
0.0001,0.0016,0.0001,0.0000,0.0000,1.0000,0.0000
1.0000,1.0000,0.0000,1.0000,0.0000,1.0000,0.0000
0.0000,0.9911,0.0000,0.0001,0.0000,0.2635,0.2811
0.0064,0.0002,0.0000,0.1326,0.7158,0.0014,0.0000
0.0000,0.0000,1.0000,0.0000,0.0000,1.0000,0.0000
0.0009,1.0000,0.0000,0.0001,0.0000,0.9988,0.0000
0.0000,0.0004,0.0000,0.0035,0.0001,0.0000,0.9886
0.0000,0.0101,0.0655,0.0000,0.0001,0.0000,0.6818
0.0000,0.0004,0.0000,0.9988,0.0000,0.0017,0.0002
1.0000,1.0000,0.0000,0.0000,0.0000,1.0000,0.0000
0.0000,0.0000,0.0000,0.7457,0.0000,0.0000,0.9974
0.0000,0.0018,0.0000,0.1413,0.0001,0.0000,0.9756
0.0005,0.0678,0.0001,0.1183,0.0000,0.0540,0.6541
0.0000,0.0000,0.0000,1.0000,0.0000,0.9981,0.0000
0.2106,0.9002,0.0000,0.1276,0.0019,0.0003,0.0002
0.0000,0.7374,0.5830,0.9019,0.0000,0.0000,0.7439
0.0000,0.8513,0.0000,0.0000,0.0000,0.9999,0.0000
0.0000,0.9582,0.0000,0.0622,0.9925,0.0002,0.0000
0.0001,0.9685,0.2404,0.0000,0.0000,0.0004,0.0000
0.0000,0.0000,1.0000,1.0000,0.0001,0.9999,0.0000
0.9984,0.9921,0.0000,0.9992,0.0000,0.9999,0.0000
0.0002,0.0095,0.0000,0.9998,0.0000,0.0000,0.0020
0.9934,1.0000,0.9974,0.2449,0.8352,0.7930,0.0000
1.0000,1.0000,0.0000,0.0000,0.0000,1.0000,0.0000
0.0000,0.0000,1.0000,0.0000,0.9998,0.0000,0.0000
0.0000,0.0000,0.0000,1.0000,0.0000,0.0000,0.0000
0.9883,0.9864,0.0000,1.0000,0.0000,0.9985,0.0000
0.9279,1.0000,0.0000,0.0000,0.0000,0.0029,0.0000
0.0004,0.0005,0.0000,1.0000,0.9992,0.9997,0.0000
1.0000,1.0000,1.0000,0.0002,1.0000,1.0000,0.0000
0.9995,1.0000,0.0000,0.9626,0.0001,0.9903,0.0000
0.0000,0.5071,0.9999,1.0000,0.0000,0.0000,0.0000
0.9806,0.9999,0.0000,0.0000,0.9995,0.9920,0.0000
0.0000,0.0000,0.0003,0.9999,0.0031,0.0000,0.0000
0.0000,0.0081,0.0002,0.0000,0.0000,0.0022,0.6874
1.0000,1.0000,0.0000,1.0000,0.0000,0.0000,0.0000
0.0000,0.0117,0.9428,0.0000,0.0016,0.0000,0.0276
0.0000,0.5531,0.0000,1.0000,0.0000,0.0000,0.9583
0.0008,0.0525,0.8380,0.0006,0.2439,0.0002,0.0044
0.9996,1.0000,0.0000,0.0001,0.0000,0.9976,0.0000
0.9997,1.0000,0.0009,0.9999,0.0005,0.9955,0.0001
1.0000,1.0000,0.0000,1.0000,0.9999,1.0000,0.0000
0.0000,0.0000,0.0000,0.0000,0.0036,0.0000,1.0000
0.0002,0.9986,0.9992,0.0001,0.0034,0.9905,0.0000
0.0000,0.0236,0.0015,0.0402,0.0027,0.0000,0.9847
1.0000,1.0000,0.0000,0.0000,0.0000,1.0000,0.0000
0.8939,0.9989,0.0000,0.0008,0.0013,0.1068,0.0000
0.9944,0.9962,0.7840,0.0027,1.0000,1.0000,0.0000
1.0000,1.0000,0.0000,1.0000,0.0000,1.0000,0.0000
0.0000,0.0000,0.0003,1.0000,0.0000,0.0000,0.0609
0.0000,0.0001,0.0000,0.0000,0.0000,0.0000,1.0000
0.9999,0.0003,0.0001,0.0001,0.0000,0.9997,0.0001
0.9992,1.0000,0.0000,0.0000,0.0008,0.9955,0.0000
0.9997,1.0000,0.0000,0.0000,0.9987,0.9995,0.0000
0.9998,1.0000,0.0000,0.0004,0.0000,0.0285,0.0000
0.0000,0.0000,0.0000,0.9696,0.6039,0.0000,0.0041
0.0000,1.0000,0.0000,0.0000,0.0000,0.0000,0.0000
1.0000,1.0000,0.0000,1.0000,0.0000,1.0000,0.0000
1.0000,1.0000,0.0000,0.0010,0.0000,1.0000,0.0000
1.0000,1.0000,0.0000,0.0000,0.0000,1.0000,0.0000
0.0006,0.2255,0.0018,0.1479,0.0003,0.0167,0.0029
1.0000,1.0000,1.0000,1.0000,1.0000,1.0000,0.0000
1.0000,1.0000,0.0000,0.0000,1.0000,1.0000,0.0000
1.0000,1.0000,0.0000,1.0000,0.0000,1.0000,0.0000
1.0000,1.0000,0.0000,0.0000,1.0000,1.0000,0.0000
0.0000,0.0000,1.0000,0.0000,0.9998,0.0000,0.0000
1.0000,1.0000,0.0000,0.0158,0.0000,1.0000,0.0000
0.9998,0.9954,0.0002,0.0000,0.0001,0.9966,0.0000
0.0000,0.0021,0.0066,1.0000,0.9974,0.0001,0.0000
0.0000,0.0000,0.0359,0.9776,0.0000,0.0000,0.9488
1.0000,1.0000,1.0000,1.0000,1.0000,1.0000,0.0000
0.0000,0.0000,1.0000,1.0000,0.0000,0.0000,0.0000
0.0000,0.0000,0.0000,0.0000,0.0000,1.0000,0.0000
0.0000,0.0000,1.0000,0.0000,1.0000,0.0000,0.0000
1.0000,1.0000,0.0000,1.0000,0.0000,0.6822,0.0000
0.0000,0.0095,0.0109,0.2273,0.0109,0.0000,0.0000
0.0004,0.1607,0.0000,0.9771,0.0000,0.0000,0.0002
1.0000,1.0000,0.0000,0.0000,0.0000,0.9972,0.0000
0.0046,0.0126,0.0003,0.4439,0.0007,0.0208,0.6617
0.0000,0.8227,0.0000,0.0000,0.0000,0.0373,0.0000
0.0041,0.0009,0.0000,0.0000,0.0000,1.0000,0.0000
0.0000,0.0000,0.0000,1.0000,0.0000,0.0184,0.0000
1.0000,0.9999,1.0000,0.9982,1.0000,1.0000,0.0000
0.0024,1.0000,0.0000,0.0000,0.0000,0.0000,0.0000
0.0000,0.0000,0.0000,0.0379,0.0000,0.8095,0.0002
1.0000,1.0000,1.0000,1.0000,1.0000,1.0000,0.0000
0.0000,0.0000,0.0000,0.0001,0.0001,0.0000,1.0000
0.0007,0.1213,0.0000,1.0000,0.0000,0.0000,0.0003
0.0108,0.9809,0.0259,0.0000,0.9950,0.0001,0.0000
0.0098,0.9909,0.0000,0.9789,0.0000,0.0006,0.0001
0.0000,0.0000,0.9996,0.9997,0.0000,0.0000,0.0000
1.0000,1.0000,1.0000,1.0000,0.0000,1.0000,0.0000
0.0000,0.0000,0.0000,1.0000,0.0000,0.0000,0.0058
0.0004,0.9985,0.0027,0.0017,0.0017,0.0003,0.0251
0.9993,1.0000,0.0000,0.0000,0.0000,0.9972,0.0000
0.0243,0.7342,0.0000,0.9998,0.1079,0.0000,0.0000
0.0774,0.2281,0.0002,0.0001,0.0001,0.9534,0.0226
1.0000,0.0000,0.0000,0.0000,0.0000,1.0000,0.0000
0.9997,0.9999,0.9956,0.0001,1.0000,1.0000,0.0000
0.0000,0.0000,1.0000,1.0000,0.9996,0.9996,0.0000
0.0320,0.9650,0.0001,0.0000,0.0000,0.6498,0.0000
1.0000,1.0000,1.0000,1.0000,1.0000,1.0000,0.0000
1.0000,1.0000,0.9999,1.0000,0.0001,1.0000,0.0000
1.0000,1.0000,0.0000,0.0000,0.0000,1.0000,0.0000
0.0002,0.9995,0.0004,0.0000,0.0002,0.0017,0.0000
0.8058,0.9149,0.0015,0.9688,0.0000,0.9597,0.0000
1.0000,0.9999,0.0000,1.0000,0.0000,0.9996,0.0000
0.0000,0.0000,0.0002,0.0000,0.0000,1.0000,0.0000
0.0001,0.0004,0.0010,0.9995,0.0010,0.0021,0.0000
1.0000,1.0000,1.0000,0.0000,0.0000,1.0000,0.0000
0.0000,0.0265,0.0002,0.4579,0.0735,0.0001,0.9285
0.0003,1.0000,0.0000,1.0000,0.9998,0.0001,0.0000
0.0000,0.0000,0.0000,0.0000,0.0000,1.0000,0.0000
0.0008,0.0003,0.0000,1.0000,0.0011,0.0006,0.0000
0.0012,0.0016,0.0001,0.9849,0.0000,0.0019,0.0002
1.0000,0.9997,0.0000,0.9560,0.0000,1.0000,0.0000
0.0001,0.0001,0.0000,0.9983,0.0000,0.0048,0.0000
0.3685,0.9977,0.0011,0.0000,0.8732,0.1108,0.0000
0.0003,0.0016,0.0000,0.0002,0.0000,0.9992,0.0000
1.0000,0.9918,0.0000,0.0000,0.0000,0.9622,0.0000
0.9999,1.0000,0.0000,0.0008,0.0001,0.9998,0.0000
1.0000,1.0000,0.0000,0.0000,0.0000,1.0000,0.0000
0.0000,0.0000,0.0000,0.0000,0.0000,1.0000,0.0000
0.0000,0.9998,0.0000,0.9910,0.0000,0.0000,0.0000
1.0000,1.0000,0.0000,1.0000,0.0000,1.0000,0.0000
1.0000,1.0000,0.0000,1.0000,0.0000,1.0000,0.0000
1.0000,1.0000,0.0000,0.0000,0.0000,1.0000,0.0000
0.9999,1.0000,0.9977,0.2606,1.0000,1.0000,0.0000
0.0006,0.0009,0.0000,1.0000,0.9991,0.9994,0.0000
0.0000,0.0005,0.0000,1.0000,1.0000,0.0000,0.0000
0.0000,0.0000,0.0007,1.0000,0.0000,0.0000,0.0057
1.0000,1.0000,0.0000,0.0000,0.0000,1.0000,0.0000
0.0001,0.0355,0.0080,0.0007,0.6908,0.0007,0.0061
0.0000,0.0000,0.0000,1.0000,0.0000,0.0000,0.0000
1.0000,1.0000,0.0000,1.0000,0.0000,1.0000,0.0000
0.0000,0.0000,1.0000,0.0006,1.0000,0.0000,0.0000
0.9885,0.9942,0.0001,1.0000,0.0025,0.0150,0.0001
0.0000,0.0000,0.5030,0.0453,0.0000,0.9931,0.0000
0.8609,0.0009,0.0032,0.1619,0.0000,0.0000,0.9987
0.9998,1.0000,0.0000,0.5482,0.0000,0.9991,0.0000
1.0000,1.0000,0.0000,1.0000,0.0000,1.0000,0.0000
0.9974,1.0000,0.0062,0.9999,0.9215,0.6257,0.0000
0.7794,0.9856,0.0041,0.1687,0.0023,0.0045,0.0293
0.0000,0.0000,0.0001,0.9997,0.0000,0.0000,0.0039
0.0005,1.0000,0.0001,0.0000,0.0000,0.0000,0.0000
0.9877,0.9495,0.0206,0.0000,0.0010,0.9934,0.0000
0.0024,0.0018,0.0000,0.9941,0.0008,0.0168,0.0000
0.6360,1.0000,0.0020,0.5086,0.0048,0.6524,0.0000
0.9983,0.9993,0.0002,0.9959,0.0001,0.0018,0.0018
0.0000,0.0002,0.0001,0.2829,0.0001,0.0001,0.9993
0.9311,0.9997,0.0000,0.0000,0.0000,0.9998,0.0000
0.0001,0.0016,0.0001,0.9993,0.0000,0.0000,0.0714
0.0002,0.6621,0.8032,0.0020,0.3430,0.0063,0.0372
0.9950,0.0248,0.0001,0.9895,0.0000,0.0707,0.0000
0.9997,1.0000,0.0000,0.0000,0.0000,1.0000,0.0000
0.0000,0.4334,0.0000,0.1486,0.0000,0.0000,0.0000
1.0000,1.0000,0.0000,0.0000,0.0000,1.0000,0.0000
0.0000,0.0000,0.0000,1.0000,0.0000,0.0000,0.0000
0.0001,0.0061,0.9997,0.0059,0.9606,0.9412,0.0000
0.0048,0.9439,0.0000,0.0005,0.5594,0.0003,0.0003
0.0000,0.0000,1.0000,0.0000,0.0000,1.0000,0.0000
1.0000,1.0000,1.0000,1.0000,1.0000,1.0000,0.0000
0.0000,0.0000,0.9768,0.0981,0.0000,0.0000,1.0000
0.0000,0.0000,0.0003,0.9999,0.0002,0.0000,0.0000
0.9760,0.9785,0.0000,0.0004,0.0000,0.0413,0.0000
0.0000,0.0000,1.0000,0.9997,1.0000,0.0000,0.0000
0.9983,1.0000,0.0000,0.0003,0.0000,0.0000,0.0002
0.0013,1.0000,0.0001,0.0000,0.9999,0.0002,0.0000
0.9989,0.9896,0.0001,0.0018,0.0000,0.0091,0.0016
0.0005,1.0000,0.0000,0.0003,1.0000,0.0005,0.0000
1.0000,1.0000,1.0000,1.0000,0.0001,1.0000,0.0000
0.0000,0.0000,0.0003,0.9996,0.0001,0.0001,0.0000
0.0000,0.0000,1.0000,0.0010,1.0000,0.0001,0.0000
0.0015,0.0184,0.9956,0.0082,0.0170,0.9911,0.0000
0.9797,0.0142,0.0002,0.0609,0.0000,0.8407,0.0000
0.9943,1.0000,0.0015,0.0000,0.0000,0.0015,0.0000
1.0000,1.0000,0.0000,0.0000,0.0000,1.0000,0.0000
1.0000,1.0000,0.0000,1.0000,0.0000,0.0000,0.0000
0.0000,0.0002,0.0000,0.9998,0.0001,0.0000,0.0175
0.0007,0.0002,0.0007,0.8812,0.0001,0.0006,0.2022
1.0000,1.0000,0.0000,0.0000,0.0003,1.0000,0.0000
0.0001,0.9995,0.0007,0.0000,0.0001,0.0009,0.0000
0.0000,0.0005,0.0000,0.9999,0.0000,0.0000,0.0001
0.0001,0.0002,0.9999,1.0000,0.0000,0.0003,0.0000
0.0000,0.0027,0.0000,0.7460,0.0007,0.0000,0.9256
0.0002,0.0001,0.9999,0.9983,0.0009,0.0009,0.9995
1.0000,0.9982,0.0000,0.0000,0.0000,1.0000,0.0000
1.0000,1.0000,0.0000,0.0000,0.0000,1.0000,0.0000
0.0265,0.0453,0.0000,1.0000,0.0643,0.0375,0.0000
0.0001,0.9998,0.0000,0.0000,0.0000,0.9757,0.0000
0.0000,0.0000,0.9993,0.9973,0.0036,0.0042,0.0000
0.9998,1.0000,0.0000,0.0322,0.0000,0.9996,0.0003
0.0000,0.0000,0.0001,0.0000,0.0000,1.0000,0.0000
1.0000,1.0000,0.0000,0.0000,0.0000,1.0000,0.0000
0.8502,0.9958,0.0097,0.0000,0.0000,0.9999,0.0000
0.0000,0.0000,1.0000,0.0000,1.0000,0.0000,0.0000
0.0000,0.0000,0.0000,1.0000,0.0000,1.0000,0.0000
0.0000,0.0002,0.0001,0.9983,0.0010,0.0000,0.0193
0.0003,1.0000,0.0000,0.0004,0.0004,0.0001,0.0004
0.0000,0.0000,0.0000,0.9996,0.0000,0.0000,0.0000
0.9997,1.0000,0.0000,0.0000,0.0000,0.9999,0.0000
1.0000,1.0000,0.0003,0.0000,1.0000,1.0000,0.0000
1.0000,1.0000,1.0000,1.0000,0.9998,0.0010,0.0000
0.0282,0.9832,0.0671,0.0128,0.0077,0.0928,0.0003
0.0067,0.9993,0.0000,0.8847,0.0000,0.0001,0.0133
0.9995,0.9999,0.9997,0.9998,0.9998,1.0000,0.0000
0.0000,1.0000,0.0000,0.0000,0.0000,0.0000,0.0000
